/*--------------------------------*- C++ -*----------------------------------*\
| =========                 |                                                 |
| \\      /  F ield         | OpenFOAM: The Open Source CFD Toolbox           |
|  \\    /   O peration     | Version:  4.1                                   |
|   \\  /    A nd           | Web:      www.OpenFOAM.org                      |
|    \\/     M anipulation  |                                                 |
\*---------------------------------------------------------------------------*/
FoamFile
{
    version     2.0;
    format      ascii;
    class       volVectorField;
    location    "47";
    object      U;
}
// * * * * * * * * * * * * * * * * * * * * * * * * * * * * * * * * * * * * * //

dimensions      [0 1 -1 0 0 0 0];

internalField   nonuniform List<vector> 
3264
(
(0.000133095 -0.000273834 0)
(-0.000447889 -9.68185e-05 0)
(-0.00181898 0.000147921 0)
(-0.00378149 0.000462299 0)
(-0.00629263 0.000774192 0)
(-0.00905241 0.0010093 0)
(-0.0117899 0.001123 0)
(-0.0142568 0.00111974 0)
(-0.016304 0.00102949 0)
(-0.0178501 0.00088398 0)
(-0.0188684 0.000708186 0)
(-0.0193635 0.000519146 0)
(-0.019359 0.000327978 0)
(-0.0188874 0.000141545 0)
(-0.0179859 -3.60905e-05 0)
(-0.0166927 -0.000202602 0)
(-0.0150459 -0.000356499 0)
(-0.0130842 -0.000496418 0)
(-0.0108472 -0.000620548 0)
(-0.00837841 -0.000726303 0)
(-0.00572698 -0.000810219 0)
(-0.00295075 -0.000868218 0)
(-0.000117737 -0.000896235 0)
(0.00269365 -0.000891237 0)
(0.00539751 -0.000852439 0)
(0.00790683 -0.000782356 0)
(0.0101431 -0.000687164 0)
(0.0120474 -0.000576001 0)
(0.0135886 -0.000459322 0)
(0.0147673 -0.000346891 0)
(0.015612 -0.000246203 0)
(0.0161716 -0.000161762 0)
(0.0165043 -9.51955e-05 0)
(0.0166687 -4.58752e-05 0)
(0.016717 -1.17147e-05 0)
(0.0166918 1.00925e-05 0)
(0.0166248 2.24948e-05 0)
(0.0165384 2.81989e-05 0)
(0.0164474 2.94631e-05 0)
(0.0163603 2.80323e-05 0)
(0.0162819 2.5164e-05 0)
(0.0162139 2.17051e-05 0)
(0.0161567 1.81847e-05 0)
(0.0161096 1.49025e-05 0)
(0.0160714 1.20039e-05 0)
(0.0160407 9.53648e-06 0)
(0.0160164 7.49076e-06 0)
(0.0159973 5.82784e-06 0)
(0.0159823 4.49641e-06 0)
(0.0159707 3.44307e-06 0)
(0.0159617 2.61778e-06 0)
(0.0159548 1.97635e-06 0)
(0.0159496 1.48131e-06 0)
(0.0159455 1.10163e-06 0)
(0.0159425 8.1217e-07 0)
(0.0159402 5.92776e-07 0)
(0.0159385 4.27494e-07 0)
(0.0159372 3.03787e-07 0)
(0.0159363 2.11865e-07 0)
(0.0159356 1.44126e-07 0)
(0.0159351 9.46903e-08 0)
(0.0159347 5.90347e-08 0)
(0.0159345 3.36895e-08 0)
(0.0159343 1.60057e-08 0)
(0.0159342 3.96886e-09 0)
(0.0159341 -3.94528e-09 0)
(0.0159341 -8.88445e-09 0)
(0.0159341 -1.17077e-08 0)
(0.0159341 -1.30536e-08 0)
(0.0159341 -1.33931e-08 0)
(0.0159341 -1.30703e-08 0)
(0.0159341 -1.23336e-08 0)
(0.0159341 -1.13599e-08 0)
(0.0159341 -1.02726e-08 0)
(0.0159341 -9.15596e-09 0)
(0.0159341 -8.06557e-09 0)
(0.0159342 -7.0361e-09 0)
(0.0159342 -6.08752e-09 0)
(0.0159342 -5.22943e-09 0)
(0.0159342 -4.46436e-09 0)
(0.0159342 -3.7902e-09 0)
(0.0159342 -3.20193e-09 0)
(0.0159342 -2.69283e-09 0)
(0.0159342 -2.25538e-09 0)
(0.0159342 -1.88183e-09 0)
(0.0159342 -1.56462e-09 0)
(0.0159342 -1.29658e-09 0)
(0.0159342 -1.0711e-09 0)
(0.0159342 -8.82211e-10 0)
(0.0159342 -7.24561e-10 0)
(0.0159342 -5.93444e-10 0)
(0.0159342 -4.84754e-10 0)
(0.0159342 -3.94938e-10 0)
(0.0159342 -3.20942e-10 0)
(0.0159342 -2.60156e-10 0)
(0.0159342 -2.10356e-10 0)
(0.0159342 -1.69663e-10 0)
(0.0159342 -1.36494e-10 0)
(0.0159342 -1.09524e-10 0)
(0.0159342 -8.76506e-11 0)
(0.0159342 -6.99582e-11 0)
(0.0159342 -5.5683e-11 0)
(0.0159342 -4.41969e-11 0)
(0.0159342 -3.49795e-11 0)
(0.0159342 -2.76002e-11 0)
(0.0159342 -2.17061e-11 0)
(0.0159342 -1.70062e-11 0)
(0.0159342 -1.32683e-11 0)
(0.0159342 -1.03071e-11 0)
(0.0159342 -7.97193e-12 0)
(0.0159342 -6.14066e-12 0)
(0.0159342 -4.70799e-12 0)
(0.0159342 -3.58683e-12 0)
(0.0159342 -2.71282e-12 0)
(0.0159342 -2.02888e-12 0)
(0.0159342 -1.49865e-12 0)
(0.0159342 -1.08874e-12 0)
(0.0159342 -7.75434e-13 0)
(0.0159342 -5.41713e-13 0)
(0.0159342 -3.69884e-13 0)
(0.0159342 -2.47453e-13 0)
(0.0159342 -1.59677e-13 0)
(0.0159342 -9.72552e-14 0)
(0.0159342 -5.21507e-14 0)
(0.0159342 -1.75912e-14 0)
(0.0159342 7.39753e-15 0)
(0.0159342 2.49217e-14 0)
(0.0159342 3.50082e-14 0)
(0.0159342 3.84017e-14 0)
(0.0159342 3.78437e-14 0)
(0.0159342 3.55393e-14 0)
(0.0159342 3.41769e-14 0)
(0.0159342 3.34155e-14 0)
(0.0159342 3.20611e-14 0)
(0.0159342 3.06405e-14 0)
(0.0159342 2.83817e-14 0)
(0.0159342 2.80705e-14 0)
(0.0159342 2.69328e-14 0)
(0.0159342 2.35774e-14 0)
(0.0159342 1.87932e-14 0)
(0.0159342 1.16102e-14 0)
(0.0159342 5.25065e-15 0)
(0.0159342 -1.10672e-16 0)
(0.0159342 -3.62196e-15 0)
(0.0159342 -3.49396e-15 0)
(0.0159342 -1.74564e-15 0)
(0.0159342 2.7275e-15 0)
(0.0159342 6.90512e-15 0)
(0.0159342 1.02692e-14 0)
(0.0159342 1.26713e-14 0)
(0.0159342 1.30156e-14 0)
(0.0159342 1.26228e-14 0)
(0.0159342 1.01044e-14 0)
(0.0159342 5.88496e-15 0)
(0.0159342 5.44915e-17 0)
(0.0159342 -6.97139e-15 0)
(0.0159342 -1.21029e-14 0)
(0.0159342 -1.39649e-14 0)
(0.0159342 -1.36666e-14 0)
(0.0159342 -1.13448e-14 0)
(0.0159342 -8.56842e-15 0)
(0.0159342 -4.75117e-15 0)
(0.0159342 -9.71341e-16 0)
(0.0159342 1.83841e-15 0)
(0.0159342 2.27336e-15 0)
(0.0159342 1.63688e-15 0)
(0.0159342 4.4579e-16 0)
(0.0159342 3.2732e-16 0)
(0.0159342 3.60197e-16 0)
(0.0159342 1.52581e-15 0)
(0.0159342 2.7224e-15 0)
(0.0159342 4.76455e-15 0)
(0.0159342 8.44518e-15 0)
(0.0159342 1.16209e-14 0)
(0.0159342 1.36471e-14 0)
(0.0159342 1.39077e-14 0)
(0.0159342 1.28601e-14 0)
(0.0159342 1.12617e-14 0)
(0.0159342 9.43345e-15 0)
(0.0159342 9.19004e-15 0)
(0.0159342 9.54312e-15 0)
(0.0159342 1.25915e-14 0)
(0.0159342 2.02949e-14 0)
(0.0159342 3.02203e-14 0)
(0.0159342 4.19015e-14 0)
(0.0159342 5.61078e-14 0)
(0.0159342 7.4238e-14 0)
(0.0159342 9.71846e-14 0)
(0.0159342 1.2598e-13 0)
(0.0159342 1.64369e-13 0)
(0.0159342 2.15287e-13 0)
(0.0159342 2.77118e-13 0)
(0.0159342 3.58557e-13 0)
(0.0159342 3.90781e-13 0)
(0.0159342 4.99965e-13 0)
(0.0159342 1.92106e-13 0)
(0.0159342 -1.24014e-13 0)
(0.0159342 -7.89191e-13 0)
(0.0159342 -8.89302e-12 0)
(0.0159342 -5.64019e-12 0)
(-0.000480427 0.000667322 0)
(-0.00345284 0.00219595 0)
(-0.00746473 0.00328739 0)
(-0.0116378 0.00410057 0)
(-0.0156482 0.00449603 0)
(-0.0191173 0.00442399 0)
(-0.0218876 0.00397813 0)
(-0.0238967 0.00329021 0)
(-0.0251557 0.00247155 0)
(-0.0257006 0.00159868 0)
(-0.0255785 0.000720848 0)
(-0.0248388 -0.000132179 0)
(-0.0235298 -0.000943077 0)
(-0.0216971 -0.00170244 0)
(-0.0193837 -0.00240555 0)
(-0.0166297 -0.00305008 0)
(-0.0134737 -0.00363403 0)
(-0.00995366 -0.00415408 0)
(-0.00610933 -0.00460402 0)
(-0.0019848 -0.00497374 0)
(0.00236793 -0.0052486 0)
(0.00688479 -0.00541002 0)
(0.0114857 -0.00543748 0)
(0.0160715 -0.00531261 0)
(0.020525 -0.00502528 0)
(0.0247168 -0.0045804 0)
(0.0285182 -0.00400281 0)
(0.0318194 -0.00333697 0)
(0.0345476 -0.00264001 0)
(0.0366789 -0.00197001 0)
(0.0382404 -0.00137417 0)
(0.0393007 -0.000881391 0)
(0.0399533 -0.000501123 0)
(0.040299 -0.000227152 0)
(0.0404311 -4.36861e-05 0)
(0.040427 6.88534e-05 0)
(0.0403451 0.000129652 0)
(0.0402258 0.000155178 0)
(0.0400953 0.000158341 0)
(0.0399688 0.000148556 0)
(0.0398541 0.000132279 0)
(0.0397544 0.000113663 0)
(0.0396704 9.51929e-05 0)
(0.0396008 7.82111e-05 0)
(0.0395442 6.33228e-05 0)
(0.0394985 5.06835e-05 0)
(0.039462 4.01973e-05 0)
(0.039433 3.16432e-05 0)
(0.0394101 2.4754e-05 0)
(0.039392 1.92601e-05 0)
(0.0393779 1.49127e-05 0)
(0.0393669 1.14942e-05 0)
(0.0393583 8.82006e-06 0)
(0.0393516 6.73764e-06 0)
(0.0393464 5.12261e-06 0)
(0.0393424 3.87487e-06 0)
(0.0393393 2.91452e-06 0)
(0.039337 2.17824e-06 0)
(0.0393352 1.61603e-06 0)
(0.0393338 1.18863e-06 0)
(0.0393328 8.65313e-07 0)
(0.039332 6.22062e-07 0)
(0.0393315 4.40197e-07 0)
(0.039331 3.05212e-07 0)
(0.0393307 2.05876e-07 0)
(0.0393305 1.33518e-07 0)
(0.0393303 8.14668e-08 0)
(0.0393302 4.46055e-08 0)
(0.0393301 1.90246e-08 0)
(0.0393301 1.74944e-09 0)
(0.0393301 -9.47195e-09 0)
(0.03933 -1.63356e-08 0)
(0.03933 -2.0111e-08 0)
(0.03933 -2.17411e-08 0)
(0.03933 -2.19208e-08 0)
(0.03933 -2.11569e-08 0)
(0.03933 -1.98143e-08 0)
(0.03933 -1.81519e-08 0)
(0.03933 -1.63497e-08 0)
(0.03933 -1.45295e-08 0)
(0.0393301 -1.27707e-08 0)
(0.0393301 -1.11221e-08 0)
(0.0393301 -9.61076e-09 0)
(0.0393301 -8.24876e-09 0)
(0.0393301 -7.03784e-09 0)
(0.0393301 -5.97307e-09 0)
(0.0393301 -5.04543e-09 0)
(0.0393301 -4.24356e-09 0)
(0.0393301 -3.55512e-09 0)
(0.0393301 -2.96757e-09 0)
(0.0393301 -2.46877e-09 0)
(0.0393301 -2.04731e-09 0)
(0.0393301 -1.69274e-09 0)
(0.0393301 -1.39561e-09 0)
(0.0393301 -1.14754e-09 0)
(0.0393301 -9.41108e-10 0)
(0.0393301 -7.69867e-10 0)
(0.0393301 -6.28236e-10 0)
(0.0393301 -5.11425e-10 0)
(0.0393301 -4.15345e-10 0)
(0.0393301 -3.36525e-10 0)
(0.0393301 -2.72032e-10 0)
(0.0393301 -2.19396e-10 0)
(0.0393301 -1.7654e-10 0)
(0.0393301 -1.41727e-10 0)
(0.0393301 -1.13506e-10 0)
(0.0393301 -9.06735e-11 0)
(0.0393301 -7.22406e-11 0)
(0.0393301 -5.73935e-11 0)
(0.0393301 -4.54688e-11 0)
(0.0393301 -3.59181e-11 0)
(0.0393301 -2.82897e-11 0)
(0.0393301 -2.2207e-11 0)
(0.0393301 -1.73655e-11 0)
(0.0393301 -1.35229e-11 0)
(0.0393301 -1.04826e-11 0)
(0.0393301 -8.08765e-12 0)
(0.0393301 -6.20797e-12 0)
(0.0393301 -4.73904e-12 0)
(0.0393301 -3.60087e-12 0)
(0.0393301 -2.72232e-12 0)
(0.0393301 -2.04643e-12 0)
(0.0393301 -1.52588e-12 0)
(0.0393301 -1.12384e-12 0)
(0.0393301 -8.14473e-13 0)
(0.0393301 -5.81187e-13 0)
(0.0393301 -4.08416e-13 0)
(0.0393301 -2.84787e-13 0)
(0.0393301 -1.97687e-13 0)
(0.0393301 -1.37196e-13 0)
(0.0393301 -9.27072e-14 0)
(0.0393301 -5.75848e-14 0)
(0.0393301 -2.79255e-14 0)
(0.0393301 -1.94e-15 0)
(0.0393301 1.85294e-14 0)
(0.0393301 3.43634e-14 0)
(0.0393301 4.63165e-14 0)
(0.0393301 5.52478e-14 0)
(0.0393301 6.02181e-14 0)
(0.0393301 6.10191e-14 0)
(0.0393301 5.57066e-14 0)
(0.0393301 4.73474e-14 0)
(0.0393301 3.83432e-14 0)
(0.0393301 2.82442e-14 0)
(0.0393301 1.77641e-14 0)
(0.0393301 7.27827e-15 0)
(0.0393301 -3.04212e-15 0)
(0.0393301 -1.27474e-14 0)
(0.0393301 -2.17379e-14 0)
(0.0393301 -2.91371e-14 0)
(0.0393301 -3.20514e-14 0)
(0.0393301 -3.20211e-14 0)
(0.0393301 -2.94511e-14 0)
(0.0393301 -2.68419e-14 0)
(0.0393301 -2.36732e-14 0)
(0.0393301 -2.23589e-14 0)
(0.0393301 -2.15586e-14 0)
(0.0393301 -2.05182e-14 0)
(0.0393301 -1.90265e-14 0)
(0.0393301 -1.56469e-14 0)
(0.0393301 -1.28703e-14 0)
(0.0393301 -9.19463e-15 0)
(0.0393301 -5.17887e-15 0)
(0.0393301 -1.13024e-15 0)
(0.0393301 2.19573e-15 0)
(0.0393301 2.71289e-15 0)
(0.0393301 1.85735e-15 0)
(0.0393301 1.67099e-16 0)
(0.0393301 -9.5007e-16 0)
(0.0393301 1.00374e-15 0)
(0.0393301 6.45328e-15 0)
(0.0393301 1.62301e-14 0)
(0.0393301 3.06517e-14 0)
(0.0393301 4.63621e-14 0)
(0.0393301 6.01253e-14 0)
(0.0393301 6.97148e-14 0)
(0.0393301 7.34082e-14 0)
(0.0393301 7.28965e-14 0)
(0.0393301 7.00767e-14 0)
(0.0393301 6.92341e-14 0)
(0.0393301 7.66362e-14 0)
(0.0393301 9.43596e-14 0)
(0.0393301 1.22579e-13 0)
(0.0393301 1.62951e-13 0)
(0.0393301 2.12736e-13 0)
(0.0393301 2.74131e-13 0)
(0.0393301 3.48613e-13 0)
(0.0393301 4.4028e-13 0)
(0.0393301 5.61225e-13 0)
(0.0393301 7.21627e-13 0)
(0.0393301 9.37472e-13 0)
(0.0393301 1.22359e-12 0)
(0.0393301 1.59838e-12 0)
(0.0393301 2.00788e-12 0)
(0.0393301 2.66602e-12 0)
(0.0393301 2.806e-12 0)
(0.0393301 3.54046e-12 0)
(0.0393301 3.50837e-12 0)
(0.0393301 -4.94913e-12 0)
(0.0393301 -2.49064e-12 0)
(-0.00069258 0.00322881 0)
(-0.00450945 0.00642613 0)
(-0.00898611 0.00771088 0)
(-0.0128847 0.00806488 0)
(-0.0160319 0.00775226 0)
(-0.0183264 0.00688834 0)
(-0.0198592 0.00568662 0)
(-0.0207148 0.00430138 0)
(-0.0209776 0.00284024 0)
(-0.020709 0.00136788 0)
(-0.0199567 -7.60079e-05 0)
(-0.0187561 -0.00146811 0)
(-0.0171352 -0.00279509 0)
(-0.0151168 -0.00404977 0)
(-0.0127204 -0.00522849 0)
(-0.00996365 -0.00632898 0)
(-0.00686337 -0.00734831 0)
(-0.00343667 -0.00828068 0)
(0.000298145 -0.00911518 0)
(0.00431962 -0.00983354 0)
(0.00860061 -0.0104083 0)
(0.0131042 -0.0108024 0)
(0.0177781 -0.0109706 0)
(0.0225487 -0.0108661 0)
(0.027316 -0.0104516 0)
(0.0319545 -0.0097141 0)
(0.0363213 -0.00867915 0)
(0.0402746 -0.00741625 0)
(0.0436967 -0.00603042 0)
(0.0465145 -0.00464137 0)
(0.0487104 -0.00335806 0)
(0.0503207 -0.00225873 0)
(0.0514223 -0.00138219 0)
(0.0521146 -0.000730677 0)
(0.0525009 -0.0002801 0)
(0.0526749 7.41006e-06 0)
(0.0527127 0.000172867 0)
(0.0526711 0.000253435 0)
(0.0525893 0.000279123 0)
(0.0524921 0.000272162 0)
(0.0523943 0.000247884 0)
(0.0523036 0.00021619 0)
(0.0522237 0.000183043 0)
(0.0521553 0.000151731 0)
(0.0520981 0.000123829 0)
(0.0520509 9.98763e-05 0)
(0.0520124 7.98304e-05 0)
(0.0519812 6.33541e-05 0)
(0.0519562 4.9989e-05 0)
(0.0519361 3.92538e-05 0)
(0.0519201 3.06956e-05 0)
(0.0519074 2.39129e-05 0)
(0.0518974 1.85628e-05 0)
(0.0518894 1.43595e-05 0)
(0.0518832 1.10687e-05 0)
(0.0518783 8.50041e-06 0)
(0.0518744 6.50216e-06 0)
(0.0518714 4.9521e-06 0)
(0.0518691 3.75345e-06 0)
(0.0518672 2.82958e-06 0)
(0.0518658 2.12001e-06 0)
(0.0518647 1.57713e-06 0)
(0.0518639 1.16355e-06 0)
(0.0518633 8.49963e-07 0)
(0.0518628 6.13473e-07 0)
(0.0518624 4.36214e-07 0)
(0.0518621 3.0429e-07 0)
(0.0518619 2.06916e-07 0)
(0.0518618 1.35749e-07 0)
(0.0518617 8.43536e-08 0)
(0.0518616 4.77839e-08 0)
(0.0518615 2.2253e-08 0)
(0.0518615 4.87346e-09 0)
(0.0518615 -6.54559e-09 0)
(0.0518614 -1.36577e-08 0)
(0.0518614 -1.77033e-08 0)
(0.0518614 -1.96063e-08 0)
(0.0518614 -2.00492e-08 0)
(0.0518614 -1.95313e-08 0)
(0.0518614 -1.84136e-08 0)
(0.0518614 -1.69533e-08 0)
(0.0518614 -1.53303e-08 0)
(0.0518614 -1.36671e-08 0)
(0.0518614 -1.20448e-08 0)
(0.0518614 -1.05137e-08 0)
(0.0518614 -9.10307e-09 0)
(0.0518614 -7.82668e-09 0)
(0.0518614 -6.68818e-09 0)
(0.0518614 -5.6844e-09 0)
(0.0518614 -4.80786e-09 0)
(0.0518614 -4.04867e-09 0)
(0.0518614 -3.39572e-09 0)
(0.0518614 -2.83759e-09 0)
(0.0518614 -2.36311e-09 0)
(0.0518614 -1.9617e-09 0)
(0.0518614 -1.62358e-09 0)
(0.0518614 -1.3399e-09 0)
(0.0518614 -1.10277e-09 0)
(0.0518614 -9.05233e-10 0)
(0.0518614 -7.412e-10 0)
(0.0518614 -6.05405e-10 0)
(0.0518614 -4.93318e-10 0)
(0.0518614 -4.01054e-10 0)
(0.0518614 -3.25305e-10 0)
(0.0518614 -2.63271e-10 0)
(0.0518614 -2.12582e-10 0)
(0.0518614 -1.71258e-10 0)
(0.0518614 -1.37641e-10 0)
(0.0518614 -1.10353e-10 0)
(0.0518614 -8.82511e-11 0)
(0.0518614 -7.03869e-11 0)
(0.0518614 -5.59831e-11 0)
(0.0518614 -4.4399e-11 0)
(0.0518614 -3.51063e-11 0)
(0.0518614 -2.76734e-11 0)
(0.0518614 -2.17445e-11 0)
(0.0518614 -1.70299e-11 0)
(0.0518614 -1.3294e-11 0)
(0.0518614 -1.03415e-11 0)
(0.0518614 -8.01526e-12 0)
(0.0518614 -6.18765e-12 0)
(0.0518614 -4.75465e-12 0)
(0.0518614 -3.63074e-12 0)
(0.0518614 -2.75249e-12 0)
(0.0518614 -2.07075e-12 0)
(0.0518614 -1.54764e-12 0)
(0.0518614 -1.15582e-12 0)
(0.0518614 -8.68537e-13 0)
(0.0518614 -6.60598e-13 0)
(0.0518614 -5.08093e-13 0)
(0.0518614 -3.90414e-13 0)
(0.0518614 -2.96709e-13 0)
(0.0518614 -2.18693e-13 0)
(0.0518614 -1.54526e-13 0)
(0.0518614 -1.01109e-13 0)
(0.0518614 -5.47922e-14 0)
(0.0518614 -1.71586e-14 0)
(0.0518614 1.38452e-14 0)
(0.0518614 3.76869e-14 0)
(0.0518614 5.58487e-14 0)
(0.0518614 7.12046e-14 0)
(0.0518614 8.15062e-14 0)
(0.0518614 8.55877e-14 0)
(0.0518614 8.22929e-14 0)
(0.0518614 7.12281e-14 0)
(0.0518614 5.21627e-14 0)
(0.0518614 2.47163e-14 0)
(0.0518614 -7.68889e-15 0)
(0.0518614 -4.15829e-14 0)
(0.0518614 -7.32308e-14 0)
(0.0518614 -9.94737e-14 0)
(0.0518614 -1.18721e-13 0)
(0.0518614 -1.29076e-13 0)
(0.0518614 -1.30109e-13 0)
(0.0518614 -1.21146e-13 0)
(0.0518614 -1.02659e-13 0)
(0.0518614 -7.85829e-14 0)
(0.0518614 -5.17434e-14 0)
(0.0518614 -2.65113e-14 0)
(0.0518614 -5.08517e-15 0)
(0.0518614 1.16618e-14 0)
(0.0518614 1.95176e-14 0)
(0.0518614 2.12063e-14 0)
(0.0518614 1.71819e-14 0)
(0.0518614 1.0046e-14 0)
(0.0518614 1.01654e-15 0)
(0.0518614 -9.53138e-15 0)
(0.0518614 -1.90383e-14 0)
(0.0518614 -2.30707e-14 0)
(0.0518614 -1.86495e-14 0)
(0.0518614 -3.21582e-15 0)
(0.0518614 2.07145e-14 0)
(0.0518614 5.0157e-14 0)
(0.0518614 8.07263e-14 0)
(0.0518614 1.07132e-13 0)
(0.0518614 1.261e-13 0)
(0.0518614 1.343e-13 0)
(0.0518614 1.33996e-13 0)
(0.0518614 1.31008e-13 0)
(0.0518614 1.31331e-13 0)
(0.0518614 1.43585e-13 0)
(0.0518614 1.70786e-13 0)
(0.0518614 2.17265e-13 0)
(0.0518614 2.81091e-13 0)
(0.0518614 3.61845e-13 0)
(0.0518614 4.61455e-13 0)
(0.0518614 5.79975e-13 0)
(0.0518614 7.26108e-13 0)
(0.0518614 9.12729e-13 0)
(0.0518614 1.15971e-12 0)
(0.0518614 1.49143e-12 0)
(0.0518614 1.94144e-12 0)
(0.0518614 2.53159e-12 0)
(0.0518614 3.32734e-12 0)
(0.0518614 4.37888e-12 0)
(0.0518614 5.49038e-12 0)
(0.0518614 7.8381e-12 0)
(0.0518614 8.23119e-12 0)
(0.0518614 1.2568e-11 0)
(0.0518614 1.5749e-11 0)
(-0.000484811 0.00534444 0)
(-0.00355911 0.00995539 0)
(-0.00690351 0.0110821 0)
(-0.00939742 0.0107664 0)
(-0.0110483 0.00976249 0)
(-0.0119579 0.00828524 0)
(-0.0122908 0.00656425 0)
(-0.0121523 0.00472433 0)
(-0.0116188 0.00284978 0)
(-0.0107352 0.000987771 0)
(-0.00953093 -0.000832193 0)
(-0.00802494 -0.00259287 0)
(-0.00623084 -0.00428395 0)
(-0.00416018 -0.00589949 0)
(-0.00182362 -0.00743609 0)
(0.000767484 -0.00889119 0)
(0.00360116 -0.0102615 0)
(0.00666432 -0.0115406 0)
(0.00994312 -0.012717 0)
(0.0134229 -0.0137702 0)
(0.0170878 -0.0146677 0)
(0.0209188 -0.0153613 0)
(0.0248902 -0.0157861 0)
(0.0289629 -0.0158644 0)
(0.0330767 -0.0155188 0)
(0.0371453 -0.0146966 0)
(0.0410566 -0.0133977 0)
(0.0446853 -0.0116951 0)
(0.0479133 -0.00973073 0)
(0.0506531 -0.00768579 0)
(0.0528638 -0.005737 0)
(0.0545543 -0.00402031 0)
(0.0557748 -0.00261304 0)
(0.0566016 -0.00153521 0)
(0.0571205 -0.000763237 0)
(0.0574143 -0.00024797 0)
(0.0575535 6.88849e-05 0)
(0.0575938 0.000243111 0)
(0.0575755 0.000321618 0)
(0.0575262 0.000340346 0)
(0.0574635 0.000324851 0)
(0.0573982 0.000292152 0)
(0.057336 0.000252888 0)
(0.0572798 0.000213246 0)
(0.0572309 0.000176498 0)
(0.0571891 0.0001441 0)
(0.057154 0.000116448 0)
(0.0571249 9.33622e-05 0)
(0.057101 7.43892e-05 0)
(0.0570814 5.89732e-05 0)
(0.0570656 4.65537e-05 0)
(0.0570528 3.66135e-05 0)
(0.0570424 2.86986e-05 0)
(0.0570341 2.24229e-05 0)
(0.0570275 1.74646e-05 0)
(0.0570222 1.35595e-05 0)
(0.057018 1.0493e-05 0)
(0.0570147 8.09179e-06 0)
(0.0570121 6.21672e-06 0)
(0.05701 4.7567e-06 0)
(0.0570084 3.62325e-06 0)
(0.0570071 2.7461e-06 0)
(0.0570061 2.0696e-06 0)
(0.0570053 1.54977e-06 0)
(0.0570047 1.15193e-06 0)
(0.0570042 8.48822e-07 0)
(0.0570039 6.19029e-07 0)
(0.0570036 4.45796e-07 0)
(0.0570034 3.16035e-07 0)
(0.0570032 2.19552e-07 0)
(0.0570031 1.4843e-07 0)
(0.057003 9.654e-08 0)
(0.0570029 5.91517e-08 0)
(0.0570029 3.26293e-08 0)
(0.0570028 1.41889e-08 0)
(0.0570028 1.70812e-09 0)
(0.0570028 -6.42263e-09 0)
(0.0570028 -1.14175e-08 0)
(0.0570028 -1.41865e-08 0)
(0.0570028 -1.54066e-08 0)
(0.0570028 -1.55772e-08 0)
(0.0570028 -1.50631e-08 0)
(0.0570028 -1.41271e-08 0)
(0.0570028 -1.29562e-08 0)
(0.0570028 -1.16803e-08 0)
(0.0570028 -1.03878e-08 0)
(0.0570028 -9.13632e-09 0)
(0.0570028 -7.96148e-09 0)
(0.0570028 -6.88324e-09 0)
(0.0570028 -5.91059e-09 0)
(0.0570028 -5.04516e-09 0)
(0.0570028 -4.28367e-09 0)
(0.0570028 -3.61986e-09 0)
(0.0570028 -3.04576e-09 0)
(0.0570028 -2.55264e-09 0)
(0.0570028 -2.13159e-09 0)
(0.0570028 -1.77397e-09 0)
(0.0570028 -1.47168e-09 0)
(0.0570028 -1.21726e-09 0)
(0.0570028 -1.00397e-09 0)
(0.0570028 -8.25819e-10 0)
(0.0570028 -6.77528e-10 0)
(0.0570028 -5.54484e-10 0)
(0.0570028 -4.52695e-10 0)
(0.0570028 -3.68724e-10 0)
(0.0570028 -2.99636e-10 0)
(0.0570028 -2.42934e-10 0)
(0.0570028 -1.96506e-10 0)
(0.0570028 -1.58576e-10 0)
(0.0570028 -1.27659e-10 0)
(0.0570028 -1.02512e-10 0)
(0.0570028 -8.21062e-11 0)
(0.0570028 -6.55897e-11 0)
(0.0570028 -5.22564e-11 0)
(0.0570028 -4.15234e-11 0)
(0.0570028 -3.29034e-11 0)
(0.0570028 -2.59986e-11 0)
(0.0570028 -2.04803e-11 0)
(0.0570028 -1.60809e-11 0)
(0.0570028 -1.25828e-11 0)
(0.0570028 -9.81135e-12 0)
(0.0570028 -7.61862e-12 0)
(0.0570028 -5.88828e-12 0)
(0.0570028 -4.52654e-12 0)
(0.0570028 -3.46264e-12 0)
(0.0570028 -2.64167e-12 0)
(0.0570028 -2.01674e-12 0)
(0.0570028 -1.54759e-12 0)
(0.0570028 -1.1958e-12 0)
(0.0570028 -9.31069e-13 0)
(0.0570028 -7.29236e-13 0)
(0.0570028 -5.703e-13 0)
(0.0570028 -4.42773e-13 0)
(0.0570028 -3.38342e-13 0)
(0.0570028 -2.52524e-13 0)
(0.0570028 -1.83e-13 0)
(0.0570028 -1.2491e-13 0)
(0.0570028 -7.53193e-14 0)
(0.0570028 -2.93208e-14 0)
(0.0570028 1.21685e-14 0)
(0.0570028 4.83777e-14 0)
(0.0570028 7.76705e-14 0)
(0.0570028 9.70345e-14 0)
(0.0570028 1.05579e-13 0)
(0.0570028 9.9664e-14 0)
(0.0570028 7.99986e-14 0)
(0.0570028 4.99778e-14 0)
(0.0570028 1.20792e-14 0)
(0.0570028 -2.93701e-14 0)
(0.0570028 -7.29707e-14 0)
(0.0570028 -1.15986e-13 0)
(0.0570028 -1.54124e-13 0)
(0.0570028 -1.83049e-13 0)
(0.0570028 -1.99329e-13 0)
(0.0570028 -1.98954e-13 0)
(0.0570028 -1.80684e-13 0)
(0.0570028 -1.47446e-13 0)
(0.0570028 -1.05825e-13 0)
(0.0570028 -6.02354e-14 0)
(0.0570028 -1.89675e-14 0)
(0.0570028 1.37695e-14 0)
(0.0570028 3.30096e-14 0)
(0.0570028 3.79676e-14 0)
(0.0570028 3.15906e-14 0)
(0.0570028 1.62477e-14 0)
(0.0570028 -2.7728e-15 0)
(0.0570028 -2.28944e-14 0)
(0.0570028 -3.71459e-14 0)
(0.0570028 -4.15254e-14 0)
(0.0570028 -3.21298e-14 0)
(0.0570028 -7.26908e-15 0)
(0.0570028 2.83456e-14 0)
(0.0570028 6.89966e-14 0)
(0.0570028 1.09884e-13 0)
(0.0570028 1.42433e-13 0)
(0.0570028 1.63073e-13 0)
(0.0570028 1.70302e-13 0)
(0.0570028 1.68268e-13 0)
(0.0570028 1.64309e-13 0)
(0.0570028 1.66675e-13 0)
(0.0570028 1.82821e-13 0)
(0.0570028 2.17758e-13 0)
(0.0570028 2.7396e-13 0)
(0.0570028 3.53167e-13 0)
(0.0570028 4.5407e-13 0)
(0.0570028 5.75938e-13 0)
(0.0570028 7.2097e-13 0)
(0.0570028 8.97983e-13 0)
(0.0570028 1.12277e-12 0)
(0.0570028 1.4171e-12 0)
(0.0570028 1.81038e-12 0)
(0.0570028 2.33931e-12 0)
(0.0570028 3.06007e-12 0)
(0.0570028 4.04017e-12 0)
(0.0570028 5.35504e-12 0)
(0.0570028 7.22796e-12 0)
(0.0570028 9.95625e-12 0)
(0.0570028 1.23022e-11 0)
(0.0570028 2.40623e-11 0)
(0.0570028 2.64944e-11 0)
(-1.53666e-05 0.00689986 0)
(-0.00128365 0.0123227 0)
(-0.00279764 0.0132059 0)
(-0.00355967 0.0121562 0)
(-0.00365618 0.0105487 0)
(-0.00322682 0.00859503 0)
(-0.00241852 0.00650952 0)
(-0.00130964 0.00436476 0)
(5.21028e-05 0.00221828 0)
(0.00164504 9.89571e-05 0)
(0.00345726 -0.00197262 0)
(0.00548143 -0.00398261 0)
(0.00770989 -0.00592071 0)
(0.0101324 -0.0077791 0)
(0.0127356 -0.00955169 0)
(0.0155021 -0.0112331 0)
(0.0184113 -0.0128177 0)
(0.0214386 -0.0142979 0)
(0.0245567 -0.0156623 0)
(0.0277359 -0.0168926 0)
(0.0309451 -0.0179596 0)
(0.0341524 -0.0188184 0)
(0.0373244 -0.019403 0)
(0.0404254 -0.0196255 0)
(0.0434149 -0.0193838 0)
(0.0462467 -0.0185853 0)
(0.0488702 -0.0171842 0)
(0.0512338 -0.0152232 0)
(0.0532925 -0.0128497 0)
(0.0550147 -0.0102905 0)
(0.0563896 -0.00779083 0)
(0.0574298 -0.00555134 0)
(0.0581704 -0.00369276 0)
(0.058662 -0.00225376 0)
(0.058961 -0.00121039 0)
(0.0591209 -0.000502146 0)
(0.0591871 -5.50553e-05 0)
(0.0591942 0.000202397 0)
(0.0591672 0.000330752 0)
(0.0591226 0.000376733 0)
(0.0590712 0.000373889 0)
(0.0590192 0.00034487 0)
(0.0589701 0.000304112 0)
(0.0589256 0.000260264 0)
(0.0588865 0.000218125 0)
(0.0588527 0.000180062 0)
(0.058824 0.000146976 0)
(0.0587999 0.000118943 0)
(0.0587798 9.56128e-05 0)
(0.0587631 7.64442e-05 0)
(0.0587494 6.08448e-05 0)
(0.0587382 4.82421e-05 0)
(0.0587291 3.81184e-05 0)
(0.0587217 3.00235e-05 0)
(0.0587157 2.35759e-05 0)
(0.0587109 1.84576e-05 0)
(0.058707 1.4407e-05 0)
(0.0587039 1.12104e-05 0)
(0.0587015 8.69471e-06 0)
(0.0586995 6.72032e-06 0)
(0.0586979 5.17506e-06 0)
(0.0586967 3.96912e-06 0)
(0.0586957 3.03081e-06 0)
(0.0586949 2.30306e-06 0)
(0.0586943 1.74053e-06 0)
(0.0586939 1.3073e-06 0)
(0.0586935 9.74993e-07 0)
(0.0586932 7.21204e-07 0)
(0.058693 5.28323e-07 0)
(0.0586928 3.82527e-07 0)
(0.0586927 2.72997e-07 0)
(0.0586926 1.91288e-07 0)
(0.0586925 1.30831e-07 0)
(0.0586925 8.65265e-08 0)
(0.0586924 5.44347e-08 0)
(0.0586924 3.15195e-08 0)
(0.0586924 1.54515e-08 0)
(0.0586923 4.45132e-09 0)
(0.0586923 -2.83379e-09 0)
(0.0586923 -7.42678e-09 0)
(0.0586923 -1.00964e-08 0)
(0.0586923 -1.14164e-08 0)
(0.0586923 -1.18116e-08 0)
(0.0586923 -1.15934e-08 0)
(0.0586923 -1.09877e-08 0)
(0.0586923 -1.01559e-08 0)
(0.0586923 -9.21141e-09 0)
(0.0586923 -8.2319e-09 0)
(0.0586923 -7.26902e-09 0)
(0.0586923 -6.35548e-09 0)
(0.0586923 -5.51042e-09 0)
(0.0586923 -4.74347e-09 0)
(0.0586923 -4.05772e-09 0)
(0.0586923 -3.4519e-09 0)
(0.0586923 -2.92201e-09 0)
(0.0586923 -2.46241e-09 0)
(0.0586923 -2.06663e-09 0)
(0.0586923 -1.72797e-09 0)
(0.0586923 -1.43979e-09 0)
(0.0586923 -1.19579e-09 0)
(0.0586923 -9.90112e-10 0)
(0.0586923 -8.17456e-10 0)
(0.0586923 -6.73063e-10 0)
(0.0586923 -5.52727e-10 0)
(0.0586923 -4.52761e-10 0)
(0.0586923 -3.69968e-10 0)
(0.0586923 -3.01592e-10 0)
(0.0586923 -2.45271e-10 0)
(0.0586923 -1.98997e-10 0)
(0.0586923 -1.61067e-10 0)
(0.0586923 -1.3005e-10 0)
(0.0586923 -1.04748e-10 0)
(0.0586923 -8.41604e-11 0)
(0.0586923 -6.74519e-11 0)
(0.0586923 -5.39252e-11 0)
(0.0586923 -4.29979e-11 0)
(0.0586923 -3.41894e-11 0)
(0.0586923 -2.71044e-11 0)
(0.0586923 -2.14214e-11 0)
(0.0586923 -1.68779e-11 0)
(0.0586923 -1.32534e-11 0)
(0.0586923 -1.03699e-11 0)
(0.0586923 -8.08222e-12 0)
(0.0586923 -6.27461e-12 0)
(0.0586923 -4.85461e-12 0)
(0.0586923 -3.74851e-12 0)
(0.0586923 -2.89523e-12 0)
(0.0586923 -2.24287e-12 0)
(0.0586923 -1.74655e-12 0)
(0.0586923 -1.36712e-12 0)
(0.0586923 -1.07438e-12 0)
(0.0586923 -8.46939e-13 0)
(0.0586923 -6.69235e-13 0)
(0.0586923 -5.3071e-13 0)
(0.0586923 -4.20397e-13 0)
(0.0586923 -3.3059e-13 0)
(0.0586923 -2.54655e-13 0)
(0.0586923 -1.87979e-13 0)
(0.0586923 -1.26088e-13 0)
(0.0586923 -6.67656e-14 0)
(0.0586923 -1.1359e-14 0)
(0.0586923 3.66926e-14 0)
(0.0586923 7.21322e-14 0)
(0.0586923 9.28255e-14 0)
(0.0586923 9.7385e-14 0)
(0.0586923 8.78835e-14 0)
(0.0586923 6.57494e-14 0)
(0.0586923 3.27094e-14 0)
(0.0586923 -8.82995e-15 0)
(0.0586923 -5.67507e-14 0)
(0.0586923 -1.09178e-13 0)
(0.0586923 -1.60717e-13 0)
(0.0586923 -2.05534e-13 0)
(0.0586923 -2.3638e-13 0)
(0.0586923 -2.47094e-13 0)
(0.0586923 -2.35332e-13 0)
(0.0586923 -2.03737e-13 0)
(0.0586923 -1.5694e-13 0)
(0.0586923 -1.04953e-13 0)
(0.0586923 -5.63323e-14 0)
(0.0586923 -1.78578e-14 0)
(0.0586923 7.1411e-15 0)
(0.0586923 1.90682e-14 0)
(0.0586923 1.66753e-14 0)
(0.0586923 3.92058e-15 0)
(0.0586923 -1.47712e-14 0)
(0.0586923 -3.2111e-14 0)
(0.0586923 -4.15797e-14 0)
(0.0586923 -3.94772e-14 0)
(0.0586923 -2.29497e-14 0)
(0.0586923 6.86948e-15 0)
(0.0586923 4.58961e-14 0)
(0.0586923 8.99858e-14 0)
(0.0586923 1.28808e-13 0)
(0.0586923 1.58334e-13 0)
(0.0586923 1.74116e-13 0)
(0.0586923 1.76796e-13 0)
(0.0586923 1.73975e-13 0)
(0.0586923 1.70692e-13 0)
(0.0586923 1.76496e-13 0)
(0.0586923 1.97755e-13 0)
(0.0586923 2.38925e-13 0)
(0.0586923 3.03839e-13 0)
(0.0586923 3.91117e-13 0)
(0.0586923 5.00112e-13 0)
(0.0586923 6.28789e-13 0)
(0.0586923 7.81686e-13 0)
(0.0586923 9.69066e-13 0)
(0.0586923 1.2017e-12 0)
(0.0586923 1.50425e-12 0)
(0.0586923 1.90491e-12 0)
(0.0586923 2.44796e-12 0)
(0.0586923 3.19626e-12 0)
(0.0586923 4.21552e-12 0)
(0.0586923 5.66538e-12 0)
(0.0586923 7.65732e-12 0)
(0.0586923 1.05817e-11 0)
(0.0586923 1.41934e-11 0)
(0.0586923 2.502e-11 0)
(0.0586923 2.72004e-11 0)
(5.64796e-05 0.00630049 0)
(0.000571928 0.012324 0)
(0.00159159 0.0132499 0)
(0.00283269 0.0118603 0)
(0.00454855 0.0099375 0)
(0.00644845 0.00775527 0)
(0.00852079 0.00549007 0)
(0.0107172 0.00318838 0)
(0.0130397 0.000885223 0)
(0.0154917 -0.00139808 0)
(0.0180788 -0.00364293 0)
(0.0208022 -0.00583255 0)
(0.0236577 -0.00795147 0)
(0.0266355 -0.00998571 0)
(0.02972 -0.0119228 0)
(0.0328906 -0.0137514 0)
(0.0361208 -0.0154598 0)
(0.0393782 -0.0170351 0)
(0.0426237 -0.0184614 0)
(0.0458115 -0.0197172 0)
(0.0488881 -0.020772 0)
(0.0517921 -0.0215814 0)
(0.0544528 -0.0220823 0)
(0.056792 -0.0221913 0)
(0.0587289 -0.0218119 0)
(0.0601957 -0.020855 0)
(0.061161 -0.0192725 0)
(0.0616523 -0.0170958 0)
(0.0617609 -0.0144605 0)
(0.0616168 -0.0115968 0)
(0.0613464 -0.00877511 0)
(0.061039 -0.00623302 0)
(0.060742 -0.00412139 0)
(0.0604737 -0.00249215 0)
(0.0602395 -0.00131882 0)
(0.0600403 -0.000529355 0)
(0.0598746 -3.59636e-05 0)
(0.0597395 0.000245011 0)
(0.0596306 0.000383098 0)
(0.0595433 0.000430981 0)
(0.0594731 0.000425873 0)
(0.0594163 0.000392563 0)
(0.05937 0.00034669 0)
(0.059332 0.000297569 0)
(0.0593005 0.000250358 0)
(0.0592743 0.000207604 0)
(0.0592526 0.000170295 0)
(0.0592345 0.000138533 0)
(0.0592195 0.000111956 0)
(0.059207 8.99968e-05 0)
(0.0591968 7.20223e-05 0)
(0.0591884 5.74157e-05 0)
(0.0591815 4.5614e-05 0)
(0.0591758 3.61232e-05 0)
(0.0591712 2.8521e-05 0)
(0.0591675 2.24527e-05 0)
(0.0591645 1.7624e-05 0)
(0.0591621 1.37927e-05 0)
(0.0591601 1.07615e-05 0)
(0.0591586 8.36966e-06 0)
(0.0591573 6.48757e-06 0)
(0.0591564 5.01068e-06 0)
(0.0591556 3.85507e-06 0)
(0.059155 2.95353e-06 0)
(0.0591545 2.2524e-06 0)
(0.0591541 1.70894e-06 0)
(0.0591538 1.2892e-06 0)
(0.0591535 9.66248e-07 0)
(0.0591534 7.18805e-07 0)
(0.0591532 5.30085e-07 0)
(0.0591531 3.86883e-07 0)
(0.059153 2.78838e-07 0)
(0.0591529 1.97844e-07 0)
(0.0591529 1.37579e-07 0)
(0.0591529 9.31234e-08 0)
(0.0591528 6.06667e-08 0)
(0.0591528 3.7264e-08 0)
(0.0591528 2.06496e-08 0)
(0.0591528 9.08725e-09 0)
(0.0591528 1.25267e-09 0)
(0.0591528 -3.85933e-09 0)
(0.0591528 -7.00738e-09 0)
(0.0591528 -8.76034e-09 0)
(0.0591528 -9.54168e-09 0)
(0.0591528 -9.66397e-09 0)
(0.0591528 -9.35556e-09 0)
(0.0591528 -8.78125e-09 0)
(0.0591528 -8.05815e-09 0)
(0.0591528 -7.26791e-09 0)
(0.0591528 -6.46594e-09 0)
(0.0591528 -5.68855e-09 0)
(0.0591528 -4.95817e-09 0)
(0.0591528 -4.28744e-09 0)
(0.0591528 -3.68212e-09 0)
(0.0591528 -3.14331e-09 0)
(0.0591528 -2.66908e-09 0)
(0.0591528 -2.25559e-09 0)
(0.0591528 -1.89792e-09 0)
(0.0591528 -1.59065e-09 0)
(0.0591528 -1.32828e-09 0)
(0.0591528 -1.10544e-09 0)
(0.0591528 -9.17067e-10 0)
(0.0591528 -7.5853e-10 0)
(0.0591528 -6.25627e-10 0)
(0.0591528 -5.14618e-10 0)
(0.0591528 -4.22209e-10 0)
(0.0591528 -3.45524e-10 0)
(0.0591528 -2.82074e-10 0)
(0.0591528 -2.29718e-10 0)
(0.0591528 -1.86632e-10 0)
(0.0591528 -1.51264e-10 0)
(0.0591528 -1.22306e-10 0)
(0.0591528 -9.86545e-11 0)
(0.0591528 -7.93839e-11 0)
(0.0591528 -6.37165e-11 0)
(0.0591528 -5.10054e-11 0)
(0.0591528 -4.07152e-11 0)
(0.0591528 -3.24067e-11 0)
(0.0591528 -2.57176e-11 0)
(0.0591528 -2.03482e-11 0)
(0.0591528 -1.60499e-11 0)
(0.0591528 -1.2619e-11 0)
(0.0591528 -9.88718e-12 0)
(0.0591528 -7.72044e-12 0)
(0.0591528 -6.01067e-12 0)
(0.0591528 -4.66998e-12 0)
(0.0591528 -3.62654e-12 0)
(0.0591528 -2.8196e-12 0)
(0.0591528 -2.19758e-12 0)
(0.0591528 -1.7185e-12 0)
(0.0591528 -1.35037e-12 0)
(0.0591528 -1.068e-12 0)
(0.0591528 -8.51491e-13 0)
(0.0591528 -6.86577e-13 0)
(0.0591528 -5.58227e-13 0)
(0.0591528 -4.5689e-13 0)
(0.0591528 -3.71312e-13 0)
(0.0591528 -2.94085e-13 0)
(0.0591528 -2.21651e-13 0)
(0.0591528 -1.49487e-13 0)
(0.0591528 -8.31156e-14 0)
(0.0591528 -2.46615e-14 0)
(0.0591528 2.16761e-14 0)
(0.0591528 5.36066e-14 0)
(0.0591528 7.33742e-14 0)
(0.0591528 7.83749e-14 0)
(0.0591528 7.06836e-14 0)
(0.0591528 5.08637e-14 0)
(0.0591528 1.77487e-14 0)
(0.0591528 -2.69973e-14 0)
(0.0591528 -8.14428e-14 0)
(0.0591528 -1.38855e-13 0)
(0.0591528 -1.92053e-13 0)
(0.0591528 -2.31917e-13 0)
(0.0591528 -2.51373e-13 0)
(0.0591528 -2.48859e-13 0)
(0.0591528 -2.26651e-13 0)
(0.0591528 -1.90327e-13 0)
(0.0591528 -1.47995e-13 0)
(0.0591528 -1.0581e-13 0)
(0.0591528 -7.01679e-14 0)
(0.0591528 -4.44117e-14 0)
(0.0591528 -2.94841e-14 0)
(0.0591528 -2.49312e-14 0)
(0.0591528 -2.6714e-14 0)
(0.0591528 -3.12603e-14 0)
(0.0591528 -3.42629e-14 0)
(0.0591528 -3.11177e-14 0)
(0.0591528 -1.83437e-14 0)
(0.0591528 6.82598e-15 0)
(0.0591528 4.04444e-14 0)
(0.0591528 7.90997e-14 0)
(0.0591528 1.16387e-13 0)
(0.0591528 1.45434e-13 0)
(0.0591528 1.64072e-13 0)
(0.0591528 1.70085e-13 0)
(0.0591528 1.68054e-13 0)
(0.0591528 1.61651e-13 0)
(0.0591528 1.59018e-13 0)
(0.0591528 1.6873e-13 0)
(0.0591528 1.95087e-13 0)
(0.0591528 2.43753e-13 0)
(0.0591528 3.13855e-13 0)
(0.0591528 4.0297e-13 0)
(0.0591528 5.11734e-13 0)
(0.0591528 6.38696e-13 0)
(0.0591528 7.85884e-13 0)
(0.0591528 9.60269e-13 0)
(0.0591528 1.17468e-12 0)
(0.0591528 1.44968e-12 0)
(0.0591528 1.8125e-12 0)
(0.0591528 2.30387e-12 0)
(0.0591528 2.9773e-12 0)
(0.0591528 3.91334e-12 0)
(0.0591528 5.22339e-12 0)
(0.0591528 7.02183e-12 0)
(0.0591528 9.69855e-12 0)
(0.0591528 1.30377e-11 0)
(0.0591528 2.04156e-11 0)
(0.0591528 2.26698e-11 0)
(0.000385331 0.00685756 0)
(0.00291151 0.0105131 0)
(0.00672185 0.0111902 0)
(0.0102694 0.00957397 0)
(0.013926 0.00755875 0)
(0.0174669 0.00538234 0)
(0.020969 0.0031314 0)
(0.0244316 0.00083464 0)
(0.0278806 -0.0014892 0)
(0.0313343 -0.00381832 0)
(0.0348056 -0.00612908 0)
(0.0383014 -0.00839758 0)
(0.0418221 -0.0106011 0)
(0.0453627 -0.012719 0)
(0.0489123 -0.0147322 0)
(0.0524539 -0.0166226 0)
(0.0559634 -0.0183715 0)
(0.0594082 -0.0199582 0)
(0.0627458 -0.0213583 0)
(0.0659227 -0.0225413 0)
(0.0688718 -0.0234674 0)
(0.0715106 -0.0240822 0)
(0.0737384 -0.0243123 0)
(0.075436 -0.0240661 0)
(0.0764729 -0.0232461 0)
(0.0767275 -0.0217802 0)
(0.0761266 -0.0196666 0)
(0.0746978 -0.0170084 0)
(0.0726116 -0.0140114 0)
(0.0701696 -0.0109373 0)
(0.0677204 -0.00804148 0)
(0.0655434 -0.00552054 0)
(0.0637797 -0.00348405 0)
(0.0624422 -0.00195371 0)
(0.0614716 -0.000883746 0)
(0.0607874 -0.000190512 0)
(0.0603145 0.000220194 0)
(0.0599921 0.000434489 0)
(0.0597744 0.000521503 0)
(0.0596279 0.00053181 0)
(0.0595289 0.000499831 0)
(0.0594613 0.000447612 0)
(0.0594141 0.000388476 0)
(0.0593803 0.000329965 0)
(0.0593554 0.000275971 0)
(0.0593365 0.000228183 0)
(0.0593218 0.000187024 0)
(0.0593101 0.000152235 0)
(0.0593007 0.000123225 0)
(0.059293 9.92768e-05 0)
(0.0592867 7.96606e-05 0)
(0.0592816 6.36917e-05 0)
(0.0592774 5.07575e-05 0)
(0.0592739 4.03261e-05 0)
(0.0592711 3.19444e-05 0)
(0.0592688 2.52321e-05 0)
(0.059267 1.98732e-05 0)
(0.0592655 1.56071e-05 0)
(0.0592642 1.22204e-05 0)
(0.0592633 9.53927e-06 0)
(0.0592625 7.42243e-06 0)
(0.0592619 5.75573e-06 0)
(0.0592614 4.44713e-06 0)
(0.059261 3.42267e-06 0)
(0.0592607 2.62308e-06 0)
(0.0592604 2.00099e-06 0)
(0.0592602 1.51861e-06 0)
(0.0592601 1.14592e-06 0)
(0.05926 8.5908e-07 0)
(0.0592599 6.39247e-07 0)
(0.0592598 4.71541e-07 0)
(0.0592597 3.44255e-07 0)
(0.0592597 2.48196e-07 0)
(0.0592597 1.76172e-07 0)
(0.0592596 1.22567e-07 0)
(0.0592596 8.30163e-08 0)
(0.0592596 5.41322e-08 0)
(0.0592596 3.3299e-08 0)
(0.0592596 1.85033e-08 0)
(0.0592596 8.20191e-09 0)
(0.0592596 1.21738e-09 0)
(0.0592596 -3.34404e-09 0)
(0.0592596 -6.15703e-09 0)
(0.0592596 -7.72759e-09 0)
(0.0592596 -8.43248e-09 0)
(0.0592596 -8.54982e-09 0)
(0.0592596 -8.28284e-09 0)
(0.0592596 -7.77828e-09 0)
(0.0592596 -7.14042e-09 0)
(0.0592596 -6.44201e-09 0)
(0.0592596 -5.73247e-09 0)
(0.0592596 -5.04416e-09 0)
(0.0592596 -4.39715e-09 0)
(0.0592596 -3.80275e-09 0)
(0.0592596 -3.26618e-09 0)
(0.0592596 -2.78847e-09 0)
(0.0592596 -2.36795e-09 0)
(0.0592596 -2.00124e-09 0)
(0.0592596 -1.684e-09 0)
(0.0592596 -1.41145e-09 0)
(0.0592596 -1.1787e-09 0)
(0.0592596 -9.80997e-10 0)
(0.0592596 -8.13868e-10 0)
(0.0592596 -6.73192e-10 0)
(0.0592596 -5.55253e-10 0)
(0.0592596 -4.56733e-10 0)
(0.0592596 -3.74715e-10 0)
(0.0592596 -3.06648e-10 0)
(0.0592596 -2.50327e-10 0)
(0.0592596 -2.03857e-10 0)
(0.0592596 -1.6562e-10 0)
(0.0592596 -1.34238e-10 0)
(0.0592596 -1.08542e-10 0)
(0.0592596 -8.75482e-11 0)
(0.0592596 -7.04328e-11 0)
(0.0592596 -5.65121e-11 0)
(0.0592596 -4.52157e-11 0)
(0.0592596 -3.6075e-11 0)
(0.0592596 -2.86997e-11 0)
(0.0592596 -2.2767e-11 0)
(0.0592596 -1.80077e-11 0)
(0.0592596 -1.42001e-11 0)
(0.0592596 -1.11597e-11 0)
(0.0592596 -8.74209e-12 0)
(0.0592596 -6.82836e-12 0)
(0.0592596 -5.32104e-12 0)
(0.0592596 -4.14076e-12 0)
(0.0592596 -3.2208e-12 0)
(0.0592596 -2.50674e-12 0)
(0.0592596 -1.95645e-12 0)
(0.0592596 -1.5348e-12 0)
(0.0592596 -1.2156e-12 0)
(0.0592596 -9.76417e-13 0)
(0.0592596 -7.95133e-13 0)
(0.0592596 -6.58941e-13 0)
(0.0592596 -5.51829e-13 0)
(0.0592596 -4.62376e-13 0)
(0.0592596 -3.81044e-13 0)
(0.0592596 -3.02741e-13 0)
(0.0592596 -2.28092e-13 0)
(0.0592596 -1.57343e-13 0)
(0.0592596 -9.48865e-14 0)
(0.0592596 -4.06435e-14 0)
(0.0592596 4.79747e-15 0)
(0.0592596 3.89759e-14 0)
(0.0592596 6.22974e-14 0)
(0.0592596 7.13959e-14 0)
(0.0592596 6.68397e-14 0)
(0.0592596 4.60156e-14 0)
(0.0592596 7.80571e-15 0)
(0.0592596 -4.33248e-14 0)
(0.0592596 -1.02204e-13 0)
(0.0592596 -1.57651e-13 0)
(0.0592596 -2.01603e-13 0)
(0.0592596 -2.28993e-13 0)
(0.0592596 -2.37735e-13 0)
(0.0592596 -2.31381e-13 0)
(0.0592596 -2.1415e-13 0)
(0.0592596 -1.91836e-13 0)
(0.0592596 -1.66911e-13 0)
(0.0592596 -1.42148e-13 0)
(0.0592596 -1.19677e-13 0)
(0.0592596 -1.0074e-13 0)
(0.0592596 -8.37965e-14 0)
(0.0592596 -6.704e-14 0)
(0.0592596 -4.92594e-14 0)
(0.0592596 -2.98891e-14 0)
(0.0592596 -7.67491e-15 0)
(0.0592596 1.96329e-14 0)
(0.0592596 5.10246e-14 0)
(0.0592596 8.5023e-14 0)
(0.0592596 1.16608e-13 0)
(0.0592596 1.40629e-13 0)
(0.0592596 1.54576e-13 0)
(0.0592596 1.57802e-13 0)
(0.0592596 1.52498e-13 0)
(0.0592596 1.42608e-13 0)
(0.0592596 1.3383e-13 0)
(0.0592596 1.32972e-13 0)
(0.0592596 1.47211e-13 0)
(0.0592596 1.80899e-13 0)
(0.0592596 2.34344e-13 0)
(0.0592596 3.05715e-13 0)
(0.0592596 3.92228e-13 0)
(0.0592596 4.93428e-13 0)
(0.0592596 6.08437e-13 0)
(0.0592596 7.36696e-13 0)
(0.0592596 8.82794e-13 0)
(0.0592596 1.05622e-12 0)
(0.0592596 1.27304e-12 0)
(0.0592596 1.55676e-12 0)
(0.0592596 1.93849e-12 0)
(0.0592596 2.46252e-12 0)
(0.0592596 3.18891e-12 0)
(0.0592596 4.20167e-12 0)
(0.0592596 5.5946e-12 0)
(0.0592596 7.60745e-12 0)
(0.0592596 1.00685e-11 0)
(0.0592596 1.43958e-11 0)
(0.0592596 1.64112e-11 0)
(0.00559894 0.00134644 0)
(0.00891122 0.0046791 0)
(0.0164683 0.00538767 0)
(0.0223972 0.00466967 0)
(0.0281284 0.00318135 0)
(0.0333394 0.00137598 0)
(0.0382039 -0.000610679 0)
(0.0427892 -0.00270962 0)
(0.0471571 -0.00488226 0)
(0.0513525 -0.00709679 0)
(0.0554094 -0.00932294 0)
(0.059353 -0.0115312 0)
(0.0632 -0.0136933 0)
(0.0669588 -0.015782 0)
(0.0706288 -0.0177708 0)
(0.0741998 -0.0196327 0)
(0.0776502 -0.0213389 0)
(0.0809459 -0.0228571 0)
(0.0840377 -0.0241498 0)
(0.0868601 -0.0251718 0)
(0.0893283 -0.0258667 0)
(0.0913355 -0.0261622 0)
(0.0927521 -0.0259676 0)
(0.0934312 -0.0251787 0)
(0.0932272 -0.0236975 0)
(0.0920263 -0.0214714 0)
(0.0897842 -0.0185478 0)
(0.0865629 -0.0151221 0)
(0.0825613 -0.0115328 0)
(0.0781277 -0.00816591 0)
(0.073716 -0.00531711 0)
(0.0697641 -0.00311187 0)
(0.0665512 -0.00152757 0)
(0.0641428 -0.000464744 0)
(0.0624455 0.00019529 0)
(0.0613006 0.000563137 0)
(0.060552 0.000731914 0)
(0.0600735 0.000774477 0)
(0.0597729 0.000743812 0)
(0.0595868 0.000675716 0)
(0.0594727 0.000592676 0)
(0.0594032 0.000507785 0)
(0.0593609 0.000427999 0)
(0.059335 0.00035651 0)
(0.0593189 0.000294342 0)
(0.0593086 0.000241345 0)
(0.0593018 0.000196789 0)
(0.0592971 0.000159712 0)
(0.0592937 0.000129097 0)
(0.0592912 0.000103974 0)
(0.0592891 8.3464e-05 0)
(0.0592875 6.67928e-05 0)
(0.0592862 5.32939e-05 0)
(0.0592852 4.24017e-05 0)
(0.0592843 3.36409e-05 0)
(0.0592836 2.66155e-05 0)
(0.059283 2.0998e-05 0)
(0.0592825 1.65188e-05 0)
(0.0592821 1.29569e-05 0)
(0.0592818 1.01322e-05 0)
(0.0592815 7.89822e-06 0)
(0.0592813 6.13625e-06 0)
(0.0592811 4.75048e-06 0)
(0.059281 3.66374e-06 0)
(0.0592809 2.81406e-06 0)
(0.0592808 2.15181e-06 0)
(0.0592807 1.63736e-06 0)
(0.0592807 1.23911e-06 0)
(0.0592807 9.31988e-07 0)
(0.0592806 6.96096e-07 0)
(0.0592806 5.15716e-07 0)
(0.0592806 3.78458e-07 0)
(0.0592806 2.74576e-07 0)
(0.0592806 1.96435e-07 0)
(0.0592805 1.38062e-07 0)
(0.0592805 9.48071e-08 0)
(0.0592805 6.30559e-08 0)
(0.0592805 4.00117e-08 0)
(0.0592805 2.35179e-08 0)
(0.0592805 1.19181e-08 0)
(0.0592805 3.94557e-09 0)
(0.0592805 -1.36363e-09 0)
(0.0592805 -4.73918e-09 0)
(0.0592805 -6.73005e-09 0)
(0.0592805 -7.74648e-09 0)
(0.0592805 -8.09258e-09 0)
(0.0592805 -7.99172e-09 0)
(0.0592805 -7.60612e-09 0)
(0.0592805 -7.05202e-09 0)
(0.0592805 -6.41126e-09 0)
(0.0592805 -5.74018e-09 0)
(0.0592805 -5.07641e-09 0)
(0.0592805 -4.44396e-09 0)
(0.0592805 -3.85709e-09 0)
(0.0592805 -3.32321e-09 0)
(0.0592805 -2.84495e-09 0)
(0.0592805 -2.42182e-09 0)
(0.0592805 -2.05127e-09 0)
(0.0592805 -1.72955e-09 0)
(0.0592805 -1.45227e-09 0)
(0.0592805 -1.21484e-09 0)
(0.0592805 -1.01266e-09 0)
(0.0592805 -8.41373e-10 0)
(0.0592805 -6.96906e-10 0)
(0.0592805 -5.75563e-10 0)
(0.0592805 -4.74026e-10 0)
(0.0592805 -3.89363e-10 0)
(0.0592805 -3.19003e-10 0)
(0.0592805 -2.60709e-10 0)
(0.0592805 -2.12553e-10 0)
(0.0592805 -1.7288e-10 0)
(0.0592805 -1.40279e-10 0)
(0.0592805 -1.13551e-10 0)
(0.0592805 -9.16853e-11 0)
(0.0592805 -7.38387e-11 0)
(0.0592805 -5.93055e-11 0)
(0.0592805 -4.75023e-11 0)
(0.0592805 -3.79427e-11 0)
(0.0592805 -3.02232e-11 0)
(0.0592805 -2.40057e-11 0)
(0.0592805 -1.90106e-11 0)
(0.0592805 -1.5007e-11 0)
(0.0592805 -1.18093e-11 0)
(0.0592805 -9.26207e-12 0)
(0.0592805 -7.24109e-12 0)
(0.0592805 -5.64439e-12 0)
(0.0592805 -4.3887e-12 0)
(0.0592805 -3.40737e-12 0)
(0.0592805 -2.6451e-12 0)
(0.0592805 -2.05773e-12 0)
(0.0592805 -1.61107e-12 0)
(0.0592805 -1.276e-12 0)
(0.0592805 -1.02949e-12 0)
(0.0592805 -8.47369e-13 0)
(0.0592805 -7.11687e-13 0)
(0.0592805 -6.05073e-13 0)
(0.0592805 -5.15387e-13 0)
(0.0592805 -4.36799e-13 0)
(0.0592805 -3.61684e-13 0)
(0.0592805 -2.91409e-13 0)
(0.0592805 -2.23812e-13 0)
(0.0592805 -1.59206e-13 0)
(0.0592805 -9.97065e-14 0)
(0.0592805 -4.378e-14 0)
(0.0592805 5.63711e-15 0)
(0.0592805 4.72608e-14 0)
(0.0592805 7.64772e-14 0)
(0.0592805 8.66137e-14 0)
(0.0592805 7.69962e-14 0)
(0.0592805 4.75198e-14 0)
(0.0592805 3.63926e-15 0)
(0.0592805 -4.81683e-14 0)
(0.0592805 -1.0105e-13 0)
(0.0592805 -1.46362e-13 0)
(0.0592805 -1.8147e-13 0)
(0.0592805 -2.05035e-13 0)
(0.0592805 -2.19291e-13 0)
(0.0592805 -2.27865e-13 0)
(0.0592805 -2.30763e-13 0)
(0.0592805 -2.27901e-13 0)
(0.0592805 -2.17824e-13 0)
(0.0592805 -1.99416e-13 0)
(0.0592805 -1.72764e-13 0)
(0.0592805 -1.38606e-13 0)
(0.0592805 -9.9144e-14 0)
(0.0592805 -5.56671e-14 0)
(0.0592805 -1.07917e-14 0)
(0.0592805 3.23374e-14 0)
(0.0592805 7.21774e-14 0)
(0.0592805 1.06481e-13 0)
(0.0592805 1.34807e-13 0)
(0.0592805 1.54231e-13 0)
(0.0592805 1.6178e-13 0)
(0.0592805 1.5804e-13 0)
(0.0592805 1.45078e-13 0)
(0.0592805 1.28366e-13 0)
(0.0592805 1.10974e-13 0)
(0.0592805 1.00821e-13 0)
(0.0592805 1.03569e-13 0)
(0.0592805 1.23681e-13 0)
(0.0592805 1.62542e-13 0)
(0.0592805 2.17469e-13 0)
(0.0592805 2.8655e-13 0)
(0.0592805 3.67427e-13 0)
(0.0592805 4.56323e-13 0)
(0.0592805 5.50653e-13 0)
(0.0592805 6.50462e-13 0)
(0.0592805 7.55566e-13 0)
(0.0592805 8.72536e-13 0)
(0.0592805 1.01056e-12 0)
(0.0592805 1.18414e-12 0)
(0.0592805 1.41339e-12 0)
(0.0592805 1.72572e-12 0)
(0.0592805 2.1579e-12 0)
(0.0592805 2.764e-12 0)
(0.0592805 3.59755e-12 0)
(0.0592805 4.78382e-12 0)
(0.0592805 6.22219e-12 0)
(0.0592805 8.43347e-12 0)
(0.0592805 9.84861e-12 0)
(0.0344466 -1.53026e-05 0)
(0.0346691 -0.000196037 0)
(0.035094 -0.00033983 0)
(0.0356709 -0.000424717 0)
(0.0363477 -0.000478636 0)
(0.0372108 -0.00058835 0)
(0.0382019 -0.000500722 0)
(0.0391062 -0.000855862 0)
(0.0908584 -1.82636e-05 0)
(0.0906506 -0.000191877 0)
(0.0906262 -0.000411774 0)
(0.0907323 -0.000639067 0)
(0.0909844 -0.000886498 0)
(0.0913754 -0.00115473 0)
(0.0919034 -0.00142297 0)
(0.0931008 -0.00225273 0)
(0.128433 -1.91658e-05 0)
(0.12826 -0.00015057 0)
(0.128188 -0.000335016 0)
(0.128176 -0.000565258 0)
(0.128209 -0.000838232 0)
(0.128288 -0.00115475 0)
(0.128476 -0.00162086 0)
(0.1286 -0.00221091 0)
(0.14721 -2.20454e-05 0)
(0.147033 -0.000159486 0)
(0.146938 -0.000335425 0)
(0.146882 -0.000553574 0)
(0.146842 -0.000819359 0)
(0.14682 -0.00115869 0)
(0.146788 -0.00157283 0)
(0.14676 -0.00211401 0)
(0.147218 -2.73663e-05 0)
(0.147039 -0.000167378 0)
(0.146927 -0.000328684 0)
(0.146835 -0.000524452 0)
(0.146736 -0.000769652 0)
(0.146609 -0.00107442 0)
(0.146443 -0.00146147 0)
(0.146208 -0.00193905 0)
(0.128454 -3.62254e-05 0)
(0.128254 -0.00018565 0)
(0.128098 -0.000333829 0)
(0.127935 -0.000503315 0)
(0.127733 -0.000712178 0)
(0.127472 -0.000976627 0)
(0.12713 -0.00130632 0)
(0.126682 -0.00170854 0)
(0.0908921 -5.31611e-05 0)
(0.0905982 -0.000170072 0)
(0.0903387 -0.000260842 0)
(0.090049 -0.000369278 0)
(0.0896948 -0.000517673 0)
(0.0892433 -0.000715157 0)
(0.0886603 -0.000965105 0)
(0.087908 -0.00126588 0)
(0.0344574 -6.00125e-05 0)
(0.0343044 -7.77891e-05 0)
(0.034138 -7.51698e-05 0)
(0.0339293 -0.000101251 0)
(0.0336133 -0.000159864 0)
(0.03315 -0.000243565 0)
(0.0325066 -0.00034312 0)
(0.0316559 -0.000449925 0)
(0.0423455 -0.00411625 0)
(0.0454927 -0.00373559 0)
(0.049254 -0.00326615 0)
(0.0534934 -0.00309386 0)
(0.0577554 -0.00349888 0)
(0.0619441 -0.00438569 0)
(0.0660117 -0.00564212 0)
(0.0699489 -0.00717086 0)
(0.0737587 -0.00889716 0)
(0.0774489 -0.0107623 0)
(0.0810275 -0.0127166 0)
(0.0845002 -0.0147153 0)
(0.0878678 -0.0167156 0)
(0.0911244 -0.0186765 0)
(0.0942563 -0.020557 0)
(0.0972393 -0.0223157 0)
(0.100036 -0.0239075 0)
(0.102593 -0.0252822 0)
(0.10484 -0.0263826 0)
(0.106686 -0.0271417 0)
(0.108017 -0.027479 0)
(0.108692 -0.0272975 0)
(0.108553 -0.0264868 0)
(0.107448 -0.0249386 0)
(0.105267 -0.0225794 0)
(0.101989 -0.0194174 0)
(0.0977158 -0.0155907 0)
(0.0926656 -0.011398 0)
(0.0871455 -0.00728059 0)
(0.081509 -0.00371912 0)
(0.0761339 -0.00106021 0)
(0.0713855 0.000615358 0)
(0.0675275 0.00147179 0)
(0.0646387 0.00177754 0)
(0.0626224 0.00177363 0)
(0.0612907 0.00162264 0)
(0.0604475 0.00141718 0)
(0.0599314 0.0012047 0)
(0.0596247 0.00100726 0)
(0.0594478 0.000833483 0)
(0.0593492 0.000685158 0)
(0.0592967 0.000560812 0)
(0.0592707 0.000457663 0)
(0.0592594 0.000372623 0)
(0.0592561 0.000302765 0)
(0.0592567 0.000245514 0)
(0.0592591 0.00019868 0)
(0.0592621 0.000160432 0)
(0.0592651 0.000129254 0)
(0.0592678 0.000103887 0)
(0.0592702 8.32946e-05 0)
(0.0592722 6.6616e-05 0)
(0.0592739 5.31402e-05 0)
(0.0592752 4.22797e-05 0)
(0.0592763 3.35492e-05 0)
(0.0592772 2.65492e-05 0)
(0.0592779 2.09515e-05 0)
(0.0592784 1.64869e-05 0)
(0.0592789 1.29354e-05 0)
(0.0592792 1.0118e-05 0)
(0.0592795 7.889e-06 0)
(0.0592797 6.13035e-06 0)
(0.0592799 4.74677e-06 0)
(0.05928 3.66145e-06 0)
(0.0592801 2.81267e-06 0)
(0.0592802 2.15099e-06 0)
(0.0592803 1.63688e-06 0)
(0.0592803 1.23885e-06 0)
(0.0592804 9.31848e-07 0)
(0.0592804 6.96027e-07 0)
(0.0592804 5.15687e-07 0)
(0.0592805 3.78449e-07 0)
(0.0592805 2.74578e-07 0)
(0.0592805 1.96441e-07 0)
(0.0592805 1.38069e-07 0)
(0.0592805 9.48139e-08 0)
(0.0592805 6.30617e-08 0)
(0.0592805 4.00164e-08 0)
(0.0592805 2.35216e-08 0)
(0.0592805 1.19209e-08 0)
(0.0592805 3.9476e-09 0)
(0.0592805 -1.36219e-09 0)
(0.0592805 -4.73818e-09 0)
(0.0592805 -6.72938e-09 0)
(0.0592805 -7.74604e-09 0)
(0.0592805 -8.0923e-09 0)
(0.0592805 -7.99153e-09 0)
(0.0592805 -7.606e-09 0)
(0.0592805 -7.05194e-09 0)
(0.0592805 -6.4112e-09 0)
(0.0592805 -5.74014e-09 0)
(0.0592805 -5.07638e-09 0)
(0.0592805 -4.44394e-09 0)
(0.0592805 -3.85709e-09 0)
(0.0592805 -3.32322e-09 0)
(0.0592805 -2.84497e-09 0)
(0.0592805 -2.42184e-09 0)
(0.0592805 -2.05129e-09 0)
(0.0592805 -1.72957e-09 0)
(0.0592805 -1.45229e-09 0)
(0.0592805 -1.21486e-09 0)
(0.0592805 -1.01268e-09 0)
(0.0592805 -8.41386e-10 0)
(0.0592805 -6.96916e-10 0)
(0.0592805 -5.75568e-10 0)
(0.0592805 -4.74028e-10 0)
(0.0592805 -3.89362e-10 0)
(0.0592805 -3.19001e-10 0)
(0.0592805 -2.6071e-10 0)
(0.0592805 -2.12557e-10 0)
(0.0592805 -1.72886e-10 0)
(0.0592805 -1.4028e-10 0)
(0.0592805 -1.13548e-10 0)
(0.0592805 -9.16792e-11 0)
(0.0592805 -7.38319e-11 0)
(0.0592805 -5.93015e-11 0)
(0.0592805 -4.75032e-11 0)
(0.0592805 -3.79486e-11 0)
(0.0592805 -3.0232e-11 0)
(0.0592805 -2.40137e-11 0)
(0.0592805 -1.90158e-11 0)
(0.0592805 -1.50083e-11 0)
(0.0592805 -1.18052e-11 0)
(0.0592805 -9.25357e-12 0)
(0.0592805 -7.22788e-12 0)
(0.0592805 -5.62595e-12 0)
(0.0592805 -4.36452e-12 0)
(0.0592805 -3.37638e-12 0)
(0.0592805 -2.61052e-12 0)
(0.0592805 -2.0241e-12 0)
(0.0592805 -1.58212e-12 0)
(0.0592805 -1.25478e-12 0)
(0.0592805 -1.01503e-12 0)
(0.0592805 -8.42019e-13 0)
(0.0592805 -7.13785e-13 0)
(0.0592805 -6.14349e-13 0)
(0.0592805 -5.32944e-13 0)
(0.0592805 -4.61245e-13 0)
(0.0592805 -3.97128e-13 0)
(0.0592805 -3.35729e-13 0)
(0.0592805 -2.7455e-13 0)
(0.0592805 -2.12308e-13 0)
(0.0592805 -1.47351e-13 0)
(0.0592805 -8.273e-14 0)
(0.0592805 -1.91585e-14 0)
(0.0592805 3.80401e-14 0)
(0.0592805 8.21633e-14 0)
(0.0592805 1.05989e-13 0)
(0.0592805 1.06521e-13 0)
(0.0592805 8.67571e-14 0)
(0.0592805 5.18523e-14 0)
(0.0592805 8.86387e-15 0)
(0.0592805 -3.70474e-14 0)
(0.0592805 -8.29595e-14 0)
(0.0592805 -1.25606e-13 0)
(0.0592805 -1.66776e-13 0)
(0.0592805 -2.05378e-13 0)
(0.0592805 -2.39689e-13 0)
(0.0592805 -2.68687e-13 0)
(0.0592805 -2.85792e-13 0)
(0.0592805 -2.88122e-13 0)
(0.0592805 -2.70038e-13 0)
(0.0592805 -2.31764e-13 0)
(0.0592805 -1.78375e-13 0)
(0.0592805 -1.14187e-13 0)
(0.0592805 -4.69775e-14 0)
(0.0592805 1.94786e-14 0)
(0.0592805 7.93784e-14 0)
(0.0592805 1.26959e-13 0)
(0.0592805 1.60733e-13 0)
(0.0592805 1.78283e-13 0)
(0.0592805 1.81086e-13 0)
(0.0592805 1.70975e-13 0)
(0.0592805 1.49952e-13 0)
(0.0592805 1.22756e-13 0)
(0.0592805 9.43219e-14 0)
(0.0592805 7.36791e-14 0)
(0.0592805 6.57836e-14 0)
(0.0592805 7.36519e-14 0)
(0.0592805 9.84543e-14 0)
(0.0592805 1.38947e-13 0)
(0.0592805 1.93778e-13 0)
(0.0592805 2.59636e-13 0)
(0.0592805 3.31137e-13 0)
(0.0592805 4.03701e-13 0)
(0.0592805 4.72808e-13 0)
(0.0592805 5.36779e-13 0)
(0.0592805 5.95025e-13 0)
(0.0592805 6.45133e-13 0)
(0.0592805 6.90262e-13 0)
(0.0592805 7.33524e-13 0)
(0.0592805 7.82976e-13 0)
(0.0592805 8.46724e-13 0)
(0.0592805 9.36031e-13 0)
(0.0592805 1.06946e-12 0)
(0.0592805 1.26843e-12 0)
(0.0592805 1.57614e-12 0)
(0.0592805 1.98539e-12 0)
(0.0592805 2.6603e-12 0)
(0.0592805 3.21022e-12 0)
(0.094149 -0.00300089 0)
(0.0946656 -0.00357714 0)
(0.095544 -0.00395877 0)
(0.0967819 -0.00444869 0)
(0.0983582 -0.0051712 0)
(0.100153 -0.00616894 0)
(0.102082 -0.0074321 0)
(0.104083 -0.00892743 0)
(0.106117 -0.0106127 0)
(0.108159 -0.012443 0)
(0.110186 -0.0143719 0)
(0.112182 -0.0163521 0)
(0.114125 -0.0183356 0)
(0.115985 -0.0202735 0)
(0.117721 -0.0221149 0)
(0.119278 -0.0238043 0)
(0.120587 -0.0252793 0)
(0.121561 -0.0264702 0)
(0.122092 -0.0272977 0)
(0.122048 -0.0276691 0)
(0.121265 -0.0274745 0)
(0.119571 -0.0265932 0)
(0.116815 -0.0249135 0)
(0.112929 -0.0223674 0)
(0.107971 -0.0189718 0)
(0.10215 -0.0148637 0)
(0.0958106 -0.0103176 0)
(0.0893613 -0.00573461 0)
(0.0831866 -0.00159412 0)
(0.0775718 0.00164756 0)
(0.072691 0.00370677 0)
(0.0686443 0.00459086 0)
(0.0654752 0.0045767 0)
(0.0631496 0.00405079 0)
(0.0615504 0.00334166 0)
(0.0605142 0.00264871 0)
(0.0598778 0.00205819 0)
(0.0595069 0.00158845 0)
(0.0593031 0.00122729 0)
(0.0591998 0.000953389 0)
(0.0591545 0.000745952 0)
(0.0591411 0.000587917 0)
(0.0591441 0.000466346 0)
(0.0591548 0.000371797 0)
(0.0591683 0.000297493 0)
(0.0591821 0.000238573 0)
(0.0591948 0.000191524 0)
(0.0592061 0.000153766 0)
(0.0592158 0.000123369 0)
(0.059224 9.88563e-05 0)
(0.0592308 7.90809e-05 0)
(0.0592364 6.31347e-05 0)
(0.0592409 5.02914e-05 0)
(0.0592446 3.99641e-05 0)
(0.0592476 3.16764e-05 0)
(0.05925 2.50405e-05 0)
(0.059252 1.97397e-05 0)
(0.0592535 1.55162e-05 0)
(0.0592548 1.21597e-05 0)
(0.0592558 9.49937e-06 0)
(0.0592566 7.39664e-06 0)
(0.0592572 5.73933e-06 0)
(0.0592577 4.43687e-06 0)
(0.0592581 3.41637e-06 0)
(0.0592584 2.61929e-06 0)
(0.0592587 1.99876e-06 0)
(0.0592589 1.51734e-06 0)
(0.059259 1.14522e-06 0)
(0.0592592 8.58717e-07 0)
(0.0592593 6.39076e-07 0)
(0.0592593 4.71475e-07 0)
(0.0592594 3.44242e-07 0)
(0.0592594 2.48209e-07 0)
(0.0592595 1.76193e-07 0)
(0.0592595 1.22591e-07 0)
(0.0592595 8.30374e-08 0)
(0.0592595 5.41498e-08 0)
(0.0592595 3.3313e-08 0)
(0.0592595 1.85141e-08 0)
(0.0592595 8.20994e-09 0)
(0.0592595 1.22323e-09 0)
(0.0592596 -3.33989e-09 0)
(0.0592596 -6.15415e-09 0)
(0.0592596 -7.72565e-09 0)
(0.0592596 -8.4312e-09 0)
(0.0592596 -8.54899e-09 0)
(0.0592596 -8.28231e-09 0)
(0.0592596 -7.77793e-09 0)
(0.0592596 -7.1402e-09 0)
(0.0592596 -6.44186e-09 0)
(0.0592596 -5.73237e-09 0)
(0.0592596 -5.04409e-09 0)
(0.0592596 -4.39712e-09 0)
(0.0592596 -3.80275e-09 0)
(0.0592596 -3.2662e-09 0)
(0.0592596 -2.7885e-09 0)
(0.0592596 -2.36799e-09 0)
(0.0592596 -2.00128e-09 0)
(0.0592596 -1.68405e-09 0)
(0.0592596 -1.4115e-09 0)
(0.0592596 -1.17875e-09 0)
(0.0592596 -9.81045e-10 0)
(0.0592596 -8.13908e-10 0)
(0.0592596 -6.73224e-10 0)
(0.0592596 -5.55271e-10 0)
(0.0592596 -4.5674e-10 0)
(0.0592596 -3.74713e-10 0)
(0.0592596 -3.06643e-10 0)
(0.0592596 -2.50327e-10 0)
(0.0592596 -2.03863e-10 0)
(0.0592596 -1.65628e-10 0)
(0.0592596 -1.34239e-10 0)
(0.0592596 -1.08535e-10 0)
(0.0592596 -8.75357e-11 0)
(0.0592596 -7.04206e-11 0)
(0.0592596 -5.65056e-11 0)
(0.0592596 -4.52208e-11 0)
(0.0592596 -3.60915e-11 0)
(0.0592596 -2.87223e-11 0)
(0.0592596 -2.27873e-11 0)
(0.0592596 -1.80188e-11 0)
(0.0592596 -1.41981e-11 0)
(0.0592596 -1.11461e-11 0)
(0.0592596 -8.71758e-12 0)
(0.0592596 -6.79126e-12 0)
(0.0592596 -5.2684e-12 0)
(0.0592596 -4.07066e-12 0)
(0.0592596 -3.13406e-12 0)
(0.0592596 -2.41139e-12 0)
(0.0592596 -1.86214e-12 0)
(0.0592596 -1.45236e-12 0)
(0.0592596 -1.1524e-12 0)
(0.0592596 -9.35198e-13 0)
(0.0592596 -7.79715e-13 0)
(0.0592596 -6.6577e-13 0)
(0.0592596 -5.79799e-13 0)
(0.0592596 -5.11937e-13 0)
(0.0592596 -4.53717e-13 0)
(0.0592596 -4.02695e-13 0)
(0.0592596 -3.53245e-13 0)
(0.0592596 -3.00862e-13 0)
(0.0592596 -2.41741e-13 0)
(0.0592596 -1.74442e-13 0)
(0.0592596 -1.01818e-13 0)
(0.0592596 -2.90391e-14 0)
(0.0592596 3.7165e-14 0)
(0.0592596 8.86987e-14 0)
(0.0592596 1.20715e-13 0)
(0.0592596 1.29825e-13 0)
(0.0592596 1.19965e-13 0)
(0.0592596 9.47131e-14 0)
(0.0592596 5.93697e-14 0)
(0.0592596 1.8916e-14 0)
(0.0592596 -2.6508e-14 0)
(0.0592596 -7.77762e-14 0)
(0.0592596 -1.35268e-13 0)
(0.0592596 -1.95636e-13 0)
(0.0592596 -2.53282e-13 0)
(0.0592596 -3.01208e-13 0)
(0.0592596 -3.32325e-13 0)
(0.0592596 -3.38379e-13 0)
(0.0592596 -3.16085e-13 0)
(0.0592596 -2.66249e-13 0)
(0.0592596 -1.94091e-13 0)
(0.0592596 -1.10224e-13 0)
(0.0592596 -2.40844e-14 0)
(0.0592596 5.57563e-14 0)
(0.0592596 1.235e-13 0)
(0.0592596 1.72281e-13 0)
(0.0592596 1.99135e-13 0)
(0.0592596 2.04242e-13 0)
(0.0592596 1.91861e-13 0)
(0.0592596 1.65174e-13 0)
(0.0592596 1.30797e-13 0)
(0.0592596 9.4172e-14 0)
(0.0592596 6.18448e-14 0)
(0.0592596 4.11278e-14 0)
(0.0592596 3.61598e-14 0)
(0.0592596 4.8744e-14 0)
(0.0592596 7.73435e-14 0)
(0.0592596 1.19613e-13 0)
(0.0592596 1.7247e-13 0)
(0.0592596 2.30136e-13 0)
(0.0592596 2.88833e-13 0)
(0.0592596 3.41485e-13 0)
(0.0592596 3.83326e-13 0)
(0.0592596 4.10738e-13 0)
(0.0592596 4.17597e-13 0)
(0.0592596 4.00331e-13 0)
(0.0592596 3.50858e-13 0)
(0.0592596 2.6351e-13 0)
(0.0592596 1.28727e-13 0)
(0.0592596 -6.42601e-14 0)
(0.0592596 -3.32918e-13 0)
(0.0592596 -6.96386e-13 0)
(0.0592596 -1.16379e-12 0)
(0.0592596 -1.77369e-12 0)
(0.0592596 -2.41493e-12 0)
(0.0592596 -3.162e-12 0)
(0.0592596 -3.59033e-12 0)
(0.128665 -0.00306085 0)
(0.12877 -0.00382595 0)
(0.128961 -0.00450013 0)
(0.129319 -0.00518535 0)
(0.129815 -0.00599217 0)
(0.130405 -0.00698574 0)
(0.131041 -0.00818981 0)
(0.131683 -0.00960043 0)
(0.132304 -0.0111967 0)
(0.132883 -0.0129469 0)
(0.133404 -0.0148109 0)
(0.133845 -0.0167395 0)
(0.134172 -0.0186743 0)
(0.134332 -0.0205484 0)
(0.134262 -0.0222893 0)
(0.133883 -0.0238209 0)
(0.1331 -0.0250603 0)
(0.131788 -0.025912 0)
(0.129777 -0.0262624 0)
(0.126873 -0.0259798 0)
(0.122888 -0.0249293 0)
(0.117719 -0.0230068 0)
(0.111408 -0.020181 0)
(0.104193 -0.0165249 0)
(0.0964972 -0.0122306 0)
(0.0888599 -0.00760382 0)
(0.0818167 -0.00303219 0)
(0.0757665 0.00107033 0)
(0.0708889 0.00433132 0)
(0.0671506 0.00648733 0)
(0.0643857 0.00745335 0)
(0.0623919 0.00737018 0)
(0.0609922 0.00656529 0)
(0.060047 0.00542185 0)
(0.0594431 0.00424671 0)
(0.0590854 0.00321566 0)
(0.0588959 0.00239134 0)
(0.0588142 0.00176832 0)
(0.0587967 0.00131213 0)
(0.0588143 0.000982716 0)
(0.0588484 0.000745066 0)
(0.0588883 0.000572164 0)
(0.058928 0.000444566 0)
(0.0589645 0.0003488 0)
(0.0589967 0.000275702 0)
(0.0590243 0.000219056 0)
(0.0590477 0.000174616 0)
(0.0590672 0.000139424 0)
(0.0590833 0.000111373 0)
(0.0590966 8.89222e-05 0)
(0.0591074 7.09131e-05 0)
(0.0591163 5.6456e-05 0)
(0.0591235 4.48541e-05 0)
(0.0591293 3.55534e-05 0)
(0.0591341 2.81097e-05 0)
(0.0591379 2.21642e-05 0)
(0.0591409 1.74263e-05 0)
(0.0591434 1.36599e-05 0)
(0.0591453 1.06738e-05 0)
(0.0591469 8.31277e-06 0)
(0.0591482 6.45124e-06 0)
(0.0591491 4.98786e-06 0)
(0.0591499 3.84098e-06 0)
(0.0591506 2.945e-06 0)
(0.059151 2.24736e-06 0)
(0.0591514 1.70605e-06 0)
(0.0591517 1.28759e-06 0)
(0.059152 9.65404e-07 0)
(0.0591522 7.18398e-07 0)
(0.0591523 5.29918e-07 0)
(0.0591524 3.86841e-07 0)
(0.0591525 2.78856e-07 0)
(0.0591526 1.97886e-07 0)
(0.0591526 1.37626e-07 0)
(0.0591526 9.31675e-08 0)
(0.0591527 6.0704e-08 0)
(0.0591527 3.72938e-08 0)
(0.0591527 2.06725e-08 0)
(0.0591527 9.10441e-09 0)
(0.0591527 1.26525e-09 0)
(0.0591527 -3.85029e-09 0)
(0.0591527 -7.001e-09 0)
(0.0591527 -8.75591e-09 0)
(0.0591528 -9.53868e-09 0)
(0.0591528 -9.66198e-09 0)
(0.0591528 -9.35427e-09 0)
(0.0591528 -8.78042e-09 0)
(0.0591528 -8.05764e-09 0)
(0.0591528 -7.2676e-09 0)
(0.0591528 -6.46576e-09 0)
(0.0591528 -5.68844e-09 0)
(0.0591528 -4.95812e-09 0)
(0.0591528 -4.28742e-09 0)
(0.0591528 -3.68212e-09 0)
(0.0591528 -3.14333e-09 0)
(0.0591528 -2.66912e-09 0)
(0.0591528 -2.25563e-09 0)
(0.0591528 -1.89797e-09 0)
(0.0591528 -1.59071e-09 0)
(0.0591528 -1.32835e-09 0)
(0.0591528 -1.10551e-09 0)
(0.0591528 -9.17138e-10 0)
(0.0591528 -7.58594e-10 0)
(0.0591528 -6.25678e-10 0)
(0.0591528 -5.14652e-10 0)
(0.0591528 -4.22224e-10 0)
(0.0591528 -3.45524e-10 0)
(0.0591528 -2.82064e-10 0)
(0.0591528 -2.29706e-10 0)
(0.0591528 -1.86622e-10 0)
(0.0591528 -1.51257e-10 0)
(0.0591528 -1.22302e-10 0)
(0.0591528 -9.86516e-11 0)
(0.0591528 -7.93807e-11 0)
(0.0591528 -6.37167e-11 0)
(0.0591528 -5.10146e-11 0)
(0.0591528 -4.07362e-11 0)
(0.0591528 -3.24374e-11 0)
(0.0591528 -2.57494e-11 0)
(0.0591528 -2.03711e-11 0)
(0.0591528 -1.60578e-11 0)
(0.0591528 -1.26097e-11 0)
(0.0591528 -9.86232e-12 0)
(0.0591528 -7.68106e-12 0)
(0.0591528 -5.95355e-12 0)
(0.0591528 -4.59219e-12 0)
(0.0591528 -3.52525e-12 0)
(0.0591528 -2.69626e-12 0)
(0.0591528 -2.06126e-12 0)
(0.0591528 -1.58233e-12 0)
(0.0591528 -1.22973e-12 0)
(0.0591528 -9.74758e-13 0)
(0.0591528 -7.9283e-13 0)
(0.0591528 -6.63381e-13 0)
(0.0591528 -5.69571e-13 0)
(0.0591528 -5.01861e-13 0)
(0.0591528 -4.50765e-13 0)
(0.0591528 -4.1017e-13 0)
(0.0591528 -3.74457e-13 0)
(0.0591528 -3.35995e-13 0)
(0.0591528 -2.91447e-13 0)
(0.0591528 -2.36309e-13 0)
(0.0591528 -1.696e-13 0)
(0.0591528 -9.57597e-14 0)
(0.0591528 -2.0265e-14 0)
(0.0591528 4.7091e-14 0)
(0.0591528 9.94343e-14 0)
(0.0591528 1.33263e-13 0)
(0.0591528 1.47301e-13 0)
(0.0591528 1.43913e-13 0)
(0.0591528 1.26473e-13 0)
(0.0591528 9.81845e-14 0)
(0.0591528 6.01983e-14 0)
(0.0591528 1.17972e-14 0)
(0.0591528 -4.72261e-14 0)
(0.0591528 -1.16939e-13 0)
(0.0591528 -1.91191e-13 0)
(0.0591528 -2.62208e-13 0)
(0.0591528 -3.19482e-13 0)
(0.0591528 -3.5223e-13 0)
(0.0591528 -3.54044e-13 0)
(0.0591528 -3.21935e-13 0)
(0.0591528 -2.60395e-13 0)
(0.0591528 -1.77646e-13 0)
(0.0591528 -8.30449e-14 0)
(0.0591528 1.09551e-14 0)
(0.0591528 9.44202e-14 0)
(0.0591528 1.5849e-13 0)
(0.0591528 1.9924e-13 0)
(0.0591528 2.15937e-13 0)
(0.0591528 2.09333e-13 0)
(0.0591528 1.83661e-13 0)
(0.0591528 1.45886e-13 0)
(0.0591528 1.03314e-13 0)
(0.0591528 6.25839e-14 0)
(0.0591528 3.23096e-14 0)
(0.0591528 1.4593e-14 0)
(0.0591528 1.33689e-14 0)
(0.0591528 2.99049e-14 0)
(0.0591528 6.00176e-14 0)
(0.0591528 1.01877e-13 0)
(0.0591528 1.4861e-13 0)
(0.0591528 1.96688e-13 0)
(0.0591528 2.40718e-13 0)
(0.0591528 2.7304e-13 0)
(0.0591528 2.904e-13 0)
(0.0591528 2.8252e-13 0)
(0.0591528 2.43384e-13 0)
(0.0591528 1.63808e-13 0)
(0.0591528 2.84125e-14 0)
(0.0591528 -1.78496e-13 0)
(0.0591528 -4.81467e-13 0)
(0.0591528 -9.19696e-13 0)
(0.0591528 -1.52753e-12 0)
(0.0591528 -2.37966e-12 0)
(0.0591528 -3.51645e-12 0)
(0.0591528 -5.09128e-12 0)
(0.0591528 -6.88827e-12 0)
(0.0591528 -9.40343e-12 0)
(0.0591528 -1.09138e-11 0)
(0.146682 -0.00274228 0)
(0.146502 -0.00341856 0)
(0.14629 -0.00411744 0)
(0.146091 -0.00487219 0)
(0.145914 -0.00573274 0)
(0.145736 -0.00674042 0)
(0.145519 -0.00791907 0)
(0.14522 -0.00927509 0)
(0.144796 -0.0107996 0)
(0.144207 -0.0124689 0)
(0.143414 -0.0142412 0)
(0.142372 -0.0160553 0)
(0.141034 -0.0178346 0)
(0.13934 -0.0194975 0)
(0.137206 -0.0209627 0)
(0.134498 -0.0221374 0)
(0.131024 -0.0228993 0)
(0.126549 -0.0230925 0)
(0.120859 -0.0225472 0)
(0.113861 -0.0211172 0)
(0.105682 -0.0187329 0)
(0.0967032 -0.0154557 0)
(0.0875285 -0.0115072 0)
(0.0788643 -0.00724118 0)
(0.0713339 -0.00306107 0)
(0.0653206 0.000695385 0)
(0.0609221 0.00383231 0)
(0.0580126 0.00625997 0)
(0.0563377 0.00790751 0)
(0.0555941 0.00870739 0)
(0.0554795 0.00866618 0)
(0.0557272 0.00792879 0)
(0.0561327 0.0067566 0)
(0.0565654 0.00543446 0)
(0.0569593 0.0041825 0)
(0.0572918 0.00312188 0)
(0.0575626 0.00228865 0)
(0.0577803 0.00166645 0)
(0.0579549 0.00121637 0)
(0.0580951 0.000896032 0)
(0.0582081 0.000668805 0)
(0.0582995 0.000506503 0)
(0.0583736 0.000388923 0)
(0.0584338 0.000302181 0)
(0.0584828 0.000236957 0)
(0.0585226 0.000187042 0)
(0.0585551 0.000148275 0)
(0.0585815 0.000117823 0)
(0.058603 9.37084e-05 0)
(0.0586204 7.45125e-05 0)
(0.0586346 5.91864e-05 0)
(0.0586461 4.69349e-05 0)
(0.0586554 3.71413e-05 0)
(0.0586628 2.93198e-05 0)
(0.0586689 2.30833e-05 0)
(0.0586737 1.81207e-05 0)
(0.0586776 1.4181e-05 0)
(0.0586807 1.10614e-05 0)
(0.0586831 8.59819e-06 0)
(0.0586851 6.6588e-06 0)
(0.0586867 5.1365e-06 0)
(0.0586879 3.94538e-06 0)
(0.0586889 3.01649e-06 0)
(0.0586897 2.29462e-06 0)
(0.0586903 1.7357e-06 0)
(0.0586907 1.30465e-06 0)
(0.0586911 9.73612e-07 0)
(0.0586914 7.20551e-07 0)
(0.0586916 5.28067e-07 0)
(0.0586918 3.82476e-07 0)
(0.0586919 2.73042e-07 0)
(0.058692 1.9137e-07 0)
(0.0586921 1.30918e-07 0)
(0.0586921 8.66059e-08 0)
(0.0586922 5.4501e-08 0)
(0.0586922 3.1572e-08 0)
(0.0586922 1.54916e-08 0)
(0.0586923 4.48121e-09 0)
(0.0586923 -2.81202e-09 0)
(0.0586923 -7.41117e-09 0)
(0.0586923 -1.00854e-08 0)
(0.0586923 -1.14087e-08 0)
(0.0586923 -1.18063e-08 0)
(0.0586923 -1.15898e-08 0)
(0.0586923 -1.09853e-08 0)
(0.0586923 -1.01544e-08 0)
(0.0586923 -9.21043e-09 0)
(0.0586923 -8.2313e-09 0)
(0.0586923 -7.26869e-09 0)
(0.0586923 -6.35531e-09 0)
(0.0586923 -5.51036e-09 0)
(0.0586923 -4.74347e-09 0)
(0.0586923 -4.05775e-09 0)
(0.0586923 -3.45193e-09 0)
(0.0586923 -2.92203e-09 0)
(0.0586923 -2.46242e-09 0)
(0.0586923 -2.06665e-09 0)
(0.0586923 -1.728e-09 0)
(0.0586923 -1.43983e-09 0)
(0.0586923 -1.19585e-09 0)
(0.0586923 -9.90187e-10 0)
(0.0586923 -8.17538e-10 0)
(0.0586923 -6.73143e-10 0)
(0.0586923 -5.52793e-10 0)
(0.0586923 -4.52807e-10 0)
(0.0586923 -3.69991e-10 0)
(0.0586923 -3.01592e-10 0)
(0.0586923 -2.45252e-10 0)
(0.0586923 -1.98965e-10 0)
(0.0586923 -1.61031e-10 0)
(0.0586923 -1.30021e-10 0)
(0.0586923 -1.04734e-10 0)
(0.0586923 -8.41643e-11 0)
(0.0586923 -6.74727e-11 0)
(0.0586923 -5.39597e-11 0)
(0.0586923 -4.30427e-11 0)
(0.0586923 -3.42397e-11 0)
(0.0586923 -2.71541e-11 0)
(0.0586923 -2.14615e-11 0)
(0.0586923 -1.6898e-11 0)
(0.0586923 -1.32511e-11 0)
(0.0586923 -1.03469e-11 0)
(0.0586923 -8.04156e-12 0)
(0.0586923 -6.21844e-12 0)
(0.0586923 -4.78271e-12 0)
(0.0586923 -3.65639e-12 0)
(0.0586923 -2.77972e-12 0)
(0.0586923 -2.10516e-12 0)
(0.0586923 -1.59403e-12 0)
(0.0586923 -1.21527e-12 0)
(0.0586923 -9.39128e-13 0)
(0.0586923 -7.42326e-13 0)
(0.0586923 -6.03772e-13 0)
(0.0586923 -5.06355e-13 0)
(0.0586923 -4.3947e-13 0)
(0.0586923 -3.92187e-13 0)
(0.0586923 -3.59984e-13 0)
(0.0586923 -3.35816e-13 0)
(0.0586923 -3.12879e-13 0)
(0.0586923 -2.85791e-13 0)
(0.0586923 -2.47862e-13 0)
(0.0586923 -1.97978e-13 0)
(0.0586923 -1.36149e-13 0)
(0.0586923 -6.72076e-14 0)
(0.0586923 6.22627e-16 0)
(0.0586923 6.11798e-14 0)
(0.0586923 1.07901e-13 0)
(0.0586923 1.3824e-13 0)
(0.0586923 1.51709e-13 0)
(0.0586923 1.51558e-13 0)
(0.0586923 1.39101e-13 0)
(0.0586923 1.14294e-13 0)
(0.0586923 7.62731e-14 0)
(0.0586923 2.47629e-14 0)
(0.0586923 -4.10411e-14 0)
(0.0586923 -1.15181e-13 0)
(0.0586923 -1.91973e-13 0)
(0.0586923 -2.60968e-13 0)
(0.0586923 -3.11513e-13 0)
(0.0586923 -3.35021e-13 0)
(0.0586923 -3.25627e-13 0)
(0.0586923 -2.84987e-13 0)
(0.0586923 -2.17226e-13 0)
(0.0586923 -1.32422e-13 0)
(0.0586923 -4.14475e-14 0)
(0.0586923 4.58096e-14 0)
(0.0586923 1.18941e-13 0)
(0.0586923 1.71882e-13 0)
(0.0586923 2.00131e-13 0)
(0.0586923 2.0403e-13 0)
(0.0586923 1.87709e-13 0)
(0.0586923 1.55702e-13 0)
(0.0586923 1.14909e-13 0)
(0.0586923 7.30086e-14 0)
(0.0586923 3.72822e-14 0)
(0.0586923 1.20749e-14 0)
(0.0586923 1.15945e-15 0)
(0.0586923 4.7682e-15 0)
(0.0586923 2.26881e-14 0)
(0.0586923 5.22406e-14 0)
(0.0586923 8.87762e-14 0)
(0.0586923 1.28878e-13 0)
(0.0586923 1.6587e-13 0)
(0.0586923 1.95132e-13 0)
(0.0586923 2.10643e-13 0)
(0.0586923 2.04814e-13 0)
(0.0586923 1.70648e-13 0)
(0.0586923 9.64384e-14 0)
(0.0586923 -3.13494e-14 0)
(0.0586923 -2.30215e-13 0)
(0.0586923 -5.27306e-13 0)
(0.0586923 -9.64734e-13 0)
(0.0586923 -1.58379e-12 0)
(0.0586923 -2.48838e-12 0)
(0.0586923 -3.74628e-12 0)
(0.0586923 -5.47629e-12 0)
(0.0586923 -8.03275e-12 0)
(0.0586923 -1.09977e-11 0)
(0.0586923 -1.62252e-11 0)
(0.0586923 -1.86571e-11 0)
(0.145877 -0.00251024 0)
(0.145448 -0.00314439 0)
(0.144929 -0.00382708 0)
(0.144329 -0.00457042 0)
(0.143641 -0.00540156 0)
(0.142834 -0.00634664 0)
(0.14186 -0.00742165 0)
(0.140664 -0.0086302 0)
(0.139189 -0.00996411 0)
(0.137382 -0.0114029 0)
(0.135195 -0.0129103 0)
(0.132569 -0.0144289 0)
(0.12939 -0.0158763 0)
(0.125461 -0.0171386 0)
(0.12052 -0.0180601 0)
(0.114315 -0.0184387 0)
(0.106708 -0.0180468 0)
(0.0977785 -0.0167058 0)
(0.0879169 -0.0143977 0)
(0.0778123 -0.0113233 0)
(0.0683025 -0.00786527 0)
(0.0601289 -0.00448043 0)
(0.0537206 -0.00152238 0)
(0.0491505 0.000910576 0)
(0.0462424 0.00292671 0)
(0.0447027 0.00465217 0)
(0.0442348 0.00610785 0)
(0.0445985 0.00721328 0)
(0.0455953 0.00785194 0)
(0.0470239 0.00794332 0)
(0.048667 0.00749871 0)
(0.0503166 0.00663615 0)
(0.0518126 0.00554244 0)
(0.0530661 0.00440724 0)
(0.0540548 0.00337102 0)
(0.0548018 0.00250737 0)
(0.0553514 0.00183344 0)
(0.0557512 0.00133148 0)
(0.0560422 0.00096882 0)
(0.0562564 0.000711035 0)
(0.0564165 0.000528531 0)
(0.0565384 0.00039853 0)
(0.0566327 0.000304665 0)
(0.0567068 0.000235673 0)
(0.0567655 0.000183993 0)
(0.0568124 0.000144593 0)
(0.0568501 0.000114107 0)
(0.0568804 9.02495e-05 0)
(0.0569049 7.14302e-05 0)
(0.0569246 5.65094e-05 0)
(0.0569404 4.46467e-05 0)
(0.0569532 3.52059e-05 0)
(0.0569634 2.76946e-05 0)
(0.0569716 2.17255e-05 0)
(0.0569782 1.69907e-05 0)
(0.0569834 1.32437e-05 0)
(0.0569876 1.02862e-05 0)
(0.0569909 7.95859e-06 0)
(0.0569935 6.13236e-06 0)
(0.0569956 4.70421e-06 0)
(0.0569972 3.59121e-06 0)
(0.0569985 2.72697e-06 0)
(0.0569994 2.05847e-06 0)
(0.0570002 1.54351e-06 0)
(0.0570008 1.14857e-06 0)
(0.0570013 8.47143e-07 0)
(0.0570017 6.18291e-07 0)
(0.0570019 4.4556e-07 0)
(0.0570022 3.16048e-07 0)
(0.0570023 2.19672e-07 0)
(0.0570024 1.48583e-07 0)
(0.0570025 9.66881e-08 0)
(0.0570026 5.92799e-08 0)
(0.0570027 3.27333e-08 0)
(0.0570027 1.42697e-08 0)
(0.0570027 1.76898e-09 0)
(0.0570027 -6.37787e-09 0)
(0.0570027 -1.13852e-08 0)
(0.0570028 -1.41636e-08 0)
(0.0570028 -1.53905e-08 0)
(0.0570028 -1.55661e-08 0)
(0.0570028 -1.50554e-08 0)
(0.0570028 -1.41219e-08 0)
(0.0570028 -1.29526e-08 0)
(0.0570028 -1.1678e-08 0)
(0.0570028 -1.03863e-08 0)
(0.0570028 -9.13537e-09 0)
(0.0570028 -7.96092e-09 0)
(0.0570028 -6.88293e-09 0)
(0.0570028 -5.91046e-09 0)
(0.0570028 -5.04514e-09 0)
(0.0570028 -4.28371e-09 0)
(0.0570028 -3.61992e-09 0)
(0.0570028 -3.04582e-09 0)
(0.0570028 -2.55266e-09 0)
(0.0570028 -2.13158e-09 0)
(0.0570028 -1.77396e-09 0)
(0.0570028 -1.47167e-09 0)
(0.0570028 -1.21727e-09 0)
(0.0570028 -1.00401e-09 0)
(0.0570028 -8.25887e-10 0)
(0.0570028 -6.77611e-10 0)
(0.0570028 -5.54568e-10 0)
(0.0570028 -4.52766e-10 0)
(0.0570028 -3.68773e-10 0)
(0.0570028 -2.99655e-10 0)
(0.0570028 -2.42923e-10 0)
(0.0570028 -1.9647e-10 0)
(0.0570028 -1.58524e-10 0)
(0.0570028 -1.27603e-10 0)
(0.0570028 -1.02468e-10 0)
(0.0570028 -8.20862e-11 0)
(0.0570028 -6.56016e-11 0)
(0.0570028 -5.22989e-11 0)
(0.0570028 -4.15879e-11 0)
(0.0570028 -3.29813e-11 0)
(0.0570028 -2.60757e-11 0)
(0.0570028 -2.05452e-11 0)
(0.0570028 -1.61233e-11 0)
(0.0570028 -1.25992e-11 0)
(0.0570028 -9.79921e-12 0)
(0.0570028 -7.58212e-12 0)
(0.0570028 -5.83367e-12 0)
(0.0570028 -4.4588e-12 0)
(0.0570028 -3.38336e-12 0)
(0.0570028 -2.54811e-12 0)
(0.0570028 -1.90556e-12 0)
(0.0570028 -1.41961e-12 0)
(0.0570028 -1.057e-12 0)
(0.0570028 -7.93681e-13 0)
(0.0570028 -6.06616e-13 0)
(0.0570028 -4.75073e-13 0)
(0.0570028 -3.84302e-13 0)
(0.0570028 -3.21783e-13 0)
(0.0570028 -2.80584e-13 0)
(0.0570028 -2.55349e-13 0)
(0.0570028 -2.40046e-13 0)
(0.0570028 -2.29845e-13 0)
(0.0570028 -2.17149e-13 0)
(0.0570028 -1.97736e-13 0)
(0.0570028 -1.67863e-13 0)
(0.0570028 -1.26548e-13 0)
(0.0570028 -7.66888e-14 0)
(0.0570028 -2.18067e-14 0)
(0.0570028 3.05447e-14 0)
(0.0570028 7.4678e-14 0)
(0.0570028 1.08085e-13 0)
(0.0570028 1.29116e-13 0)
(0.0570028 1.40252e-13 0)
(0.0570028 1.38768e-13 0)
(0.0570028 1.2596e-13 0)
(0.0570028 1.0038e-13 0)
(0.0570028 6.19902e-14 0)
(0.0570028 1.05418e-14 0)
(0.0570028 -5.0923e-14 0)
(0.0570028 -1.16953e-13 0)
(0.0570028 -1.79288e-13 0)
(0.0570028 -2.30245e-13 0)
(0.0570028 -2.60536e-13 0)
(0.0570028 -2.66572e-13 0)
(0.0570028 -2.46151e-13 0)
(0.0570028 -2.02013e-13 0)
(0.0570028 -1.40251e-13 0)
(0.0570028 -6.77981e-14 0)
(0.0570028 5.68875e-15 0)
(0.0570028 7.16253e-14 0)
(0.0570028 1.24064e-13 0)
(0.0570028 1.57166e-13 0)
(0.0570028 1.71211e-13 0)
(0.0570028 1.65805e-13 0)
(0.0570028 1.45221e-13 0)
(0.0570028 1.13711e-13 0)
(0.0570028 7.85666e-14 0)
(0.0570028 4.45392e-14 0)
(0.0570028 1.73277e-14 0)
(0.0570028 -1.43052e-16 0)
(0.0570028 -5.00892e-15 0)
(0.0570028 2.3219e-15 0)
(0.0570028 1.8977e-14 0)
(0.0570028 4.40165e-14 0)
(0.0570028 7.28136e-14 0)
(0.0570028 1.02319e-13 0)
(0.0570028 1.28057e-13 0)
(0.0570028 1.43649e-13 0)
(0.0570028 1.44437e-13 0)
(0.0570028 1.21831e-13 0)
(0.0570028 6.87832e-14 0)
(0.0570028 -2.71188e-14 0)
(0.0570028 -1.8284e-13 0)
(0.0570028 -4.1845e-13 0)
(0.0570028 -7.68299e-13 0)
(0.0570028 -1.27505e-12 0)
(0.0570028 -2.0267e-12 0)
(0.0570028 -3.07157e-12 0)
(0.0570028 -4.68293e-12 0)
(0.0570028 -6.83454e-12 0)
(0.0570028 -1.01995e-11 0)
(0.0570028 -1.42203e-11 0)
(0.0570028 -2.37005e-11 0)
(0.0570028 -2.71578e-11 0)
(0.126099 -0.00217878 0)
(0.125357 -0.00270634 0)
(0.124444 -0.00328453 0)
(0.12335 -0.0039196 0)
(0.122047 -0.00462595 0)
(0.120495 -0.00541714 0)
(0.11863 -0.00630089 0)
(0.116373 -0.00727997 0)
(0.113625 -0.00835297 0)
(0.110263 -0.00950248 0)
(0.106129 -0.0106609 0)
(0.101012 -0.0116666 0)
(0.0946836 -0.0122653 0)
(0.0870235 -0.0122027 0)
(0.0781769 -0.0113467 0)
(0.0686085 -0.009734 0)
(0.0590598 -0.00756957 0)
(0.0503759 -0.00523594 0)
(0.0431859 -0.00318327 0)
(0.0377243 -0.00166218 0)
(0.0339386 -0.000591486 0)
(0.031612 0.000291556 0)
(0.0304387 0.00120239 0)
(0.0301383 0.00220845 0)
(0.0305347 0.00325765 0)
(0.0315373 0.00424402 0)
(0.0330772 0.00505509 0)
(0.0350591 0.00559489 0)
(0.0373459 0.00579805 0)
(0.0397644 0.00564612 0)
(0.04213 0.00517993 0)
(0.0442815 0.0044937 0)
(0.0461125 0.00370718 0)
(0.0475825 0.00293037 0)
(0.0487078 0.00223924 0)
(0.0495392 0.00167004 0)
(0.0501399 0.0012273 0)
(0.0505702 0.000896642 0)
(0.0508794 0.000656161 0)
(0.0511044 0.00048372 0)
(0.0512711 0.000360494 0)
(0.0513971 0.000271968 0)
(0.051494 0.000207627 0)
(0.0515697 0.000160139 0)
(0.0516294 0.00012451 0)
(0.0516768 9.73624e-05 0)
(0.0517147 7.64061e-05 0)
(0.051745 6.00655e-05 0)
(0.0517692 4.72336e-05 0)
(0.0517886 3.71119e-05 0)
(0.051804 2.91098e-05 0)
(0.0518163 2.27793e-05 0)
(0.0518261 1.77744e-05 0)
(0.0518338 1.38235e-05 0)
(0.0518399 1.07113e-05 0)
(0.0518448 8.26648e-06 0)
(0.0518486 6.35165e-06 0)
(0.0518515 4.85694e-06 0)
(0.0518538 3.69437e-06 0)
(0.0518556 2.79364e-06 0)
(0.051857 2.09864e-06 0)
(0.0518581 1.56478e-06 0)
(0.051859 1.15667e-06 0)
(0.0518596 8.46325e-07 0)
(0.0518601 6.11701e-07 0)
(0.0518604 4.35477e-07 0)
(0.0518607 3.04097e-07 0)
(0.0518609 2.06985e-07 0)
(0.0518611 1.35924e-07 0)
(0.0518612 8.45546e-08 0)
(0.0518613 4.79719e-08 0)
(0.0518613 2.24125e-08 0)
(0.0518614 5.00117e-09 0)
(0.0518614 -6.44723e-09 0)
(0.0518614 -1.35841e-08 0)
(0.0518614 -1.76495e-08 0)
(0.0518615 -1.95676e-08 0)
(0.0518615 -2.00218e-08 0)
(0.0518615 -1.95122e-08 0)
(0.0518615 -1.84004e-08 0)
(0.0518615 -1.69443e-08 0)
(0.0518615 -1.53242e-08 0)
(0.0518615 -1.3663e-08 0)
(0.0518615 -1.20421e-08 0)
(0.0518615 -1.0512e-08 0)
(0.0518614 -9.10192e-09 0)
(0.0518614 -7.82596e-09 0)
(0.0518614 -6.68775e-09 0)
(0.0518614 -5.68416e-09 0)
(0.0518614 -4.80776e-09 0)
(0.0518614 -4.04866e-09 0)
(0.0518614 -3.39576e-09 0)
(0.0518614 -2.83765e-09 0)
(0.0518614 -2.36316e-09 0)
(0.0518614 -1.96171e-09 0)
(0.0518614 -1.62356e-09 0)
(0.0518614 -1.33987e-09 0)
(0.0518614 -1.10275e-09 0)
(0.0518614 -9.05233e-10 0)
(0.0518614 -7.4123e-10 0)
(0.0518614 -6.05463e-10 0)
(0.0518614 -4.93389e-10 0)
(0.0518614 -4.01124e-10 0)
(0.0518614 -3.25359e-10 0)
(0.0518614 -2.63296e-10 0)
(0.0518614 -2.1258e-10 0)
(0.0518614 -1.71231e-10 0)
(0.0518614 -1.37596e-10 0)
(0.0518614 -1.10299e-10 0)
(0.0518614 -8.82006e-11 0)
(0.0518614 -7.03524e-11 0)
(0.0518614 -5.59743e-11 0)
(0.0518614 -4.44194e-11 0)
(0.0518614 -3.51567e-11 0)
(0.0518614 -2.77474e-11 0)
(0.0518614 -2.1831e-11 0)
(0.0518614 -1.71159e-11 0)
(0.0518614 -1.3364e-11 0)
(0.0518614 -1.03872e-11 0)
(0.0518614 -8.03102e-12 0)
(0.0518614 -6.17283e-12 0)
(0.0518614 -4.71226e-12 0)
(0.0518614 -3.57001e-12 0)
(0.0518614 -2.68032e-12 0)
(0.0518614 -1.99212e-12 0)
(0.0518614 -1.46625e-12 0)
(0.0518614 -1.06983e-12 0)
(0.0518614 -7.75415e-13 0)
(0.0518614 -5.62201e-13 0)
(0.0518614 -4.09637e-13 0)
(0.0518614 -3.0292e-13 0)
(0.0518614 -2.30508e-13 0)
(0.0518614 -1.82131e-13 0)
(0.0518614 -1.51663e-13 0)
(0.0518614 -1.33449e-13 0)
(0.0518614 -1.25103e-13 0)
(0.0518614 -1.21556e-13 0)
(0.0518614 -1.18125e-13 0)
(0.0518614 -1.115e-13 0)
(0.0518614 -9.72811e-14 0)
(0.0518614 -7.66329e-14 0)
(0.0518614 -4.94765e-14 0)
(0.0518614 -1.90728e-14 0)
(0.0518614 1.14882e-14 0)
(0.0518614 4.08048e-14 0)
(0.0518614 6.5917e-14 0)
(0.0518614 8.51127e-14 0)
(0.0518614 9.80964e-14 0)
(0.0518614 1.03242e-13 0)
(0.0518614 9.89646e-14 0)
(0.0518614 8.39206e-14 0)
(0.0518614 5.82806e-14 0)
(0.0518614 2.28901e-14 0)
(0.0518614 -1.91065e-14 0)
(0.0518614 -6.36699e-14 0)
(0.0518614 -1.05138e-13 0)
(0.0518614 -1.37949e-13 0)
(0.0518614 -1.58874e-13 0)
(0.0518614 -1.65176e-13 0)
(0.0518614 -1.56285e-13 0)
(0.0518614 -1.33746e-13 0)
(0.0518614 -1.00058e-13 0)
(0.0518614 -5.90798e-14 0)
(0.0518614 -1.46266e-14 0)
(0.0518614 2.74009e-14 0)
(0.0518614 6.34633e-14 0)
(0.0518614 9.03991e-14 0)
(0.0518614 1.05289e-13 0)
(0.0518614 1.08537e-13 0)
(0.0518614 1.02021e-13 0)
(0.0518614 8.69468e-14 0)
(0.0518614 6.72208e-14 0)
(0.0518614 4.63283e-14 0)
(0.0518614 2.75338e-14 0)
(0.0518614 1.2923e-14 0)
(0.0518614 4.68009e-15 0)
(0.0518614 3.29255e-15 0)
(0.0518614 8.4428e-15 0)
(0.0518614 1.95768e-14 0)
(0.0518614 3.52079e-14 0)
(0.0518614 5.38228e-14 0)
(0.0518614 7.15647e-14 0)
(0.0518614 8.55928e-14 0)
(0.0518614 9.13866e-14 0)
(0.0518614 8.18806e-14 0)
(0.0518614 5.20445e-14 0)
(0.0518614 -7.73703e-15 0)
(0.0518614 -1.07651e-13 0)
(0.0518614 -2.61937e-13 0)
(0.0518614 -4.94667e-13 0)
(0.0518614 -8.35568e-13 0)
(0.0518614 -1.33994e-12 0)
(0.0518614 -2.05858e-12 0)
(0.0518614 -3.18243e-12 0)
(0.0518614 -4.65959e-12 0)
(0.0518614 -7.17967e-12 0)
(0.0518614 -1.09045e-11 0)
(0.0518614 -1.41746e-11 0)
(0.0518614 -2.98068e-11 0)
(0.0518614 -3.35003e-11 0)
(0.086947 -0.00161137 0)
(0.0857425 -0.00199109 0)
(0.0842636 -0.00239843 0)
(0.0824766 -0.00283396 0)
(0.0803343 -0.0032991 0)
(0.0777665 -0.00378515 0)
(0.0746733 -0.00426652 0)
(0.0709247 -0.00470383 0)
(0.0663761 -0.00505102 0)
(0.0609067 -0.00524664 0)
(0.0545141 -0.00517906 0)
(0.0474602 -0.00469482 0)
(0.040322 -0.00375157 0)
(0.0337422 -0.00258159 0)
(0.0280798 -0.00158646 0)
(0.0234203 -0.00104696 0)
(0.0197953 -0.000947422 0)
(0.017196 -0.00103219 0)
(0.0154871 -0.00102055 0)
(0.0144608 -0.000776142 0)
(0.0139615 -0.000316028 0)
(0.0139345 0.000268214 0)
(0.0143874 0.000883765 0)
(0.0153331 0.00147099 0)
(0.0167577 0.00199872 0)
(0.0186124 0.00244321 0)
(0.020814 0.00277614 0)
(0.0232483 0.00296755 0)
(0.0257768 0.00299692 0)
(0.028251 0.00286441 0)
(0.0305345 0.00259609 0)
(0.0325259 0.00223883 0)
(0.034174 0.00184684 0)
(0.0354771 0.00146721 0)
(0.0364701 0.0011312 0)
(0.0372071 0.000853152 0)
(0.0377456 0.000634314 0)
(0.038137 0.000468223 0)
(0.0384224 0.000345244 0)
(0.0386327 0.000255513 0)
(0.0387897 0.000190437 0)
(0.0389086 0.000143187 0)
(0.0389999 0.000108645 0)
(0.0390709 8.31278e-05 0)
(0.0391264 6.40435e-05 0)
(0.0391701 4.95935e-05 0)
(0.0392046 3.85306e-05 0)
(0.0392318 2.99843e-05 0)
(0.0392534 2.33381e-05 0)
(0.0392704 1.81468e-05 0)
(0.0392838 1.40822e-05 0)
(0.0392943 1.08975e-05 0)
(0.0393026 8.40367e-06 0)
(0.039309 6.45401e-06 0)
(0.0393141 4.93343e-06 0)
(0.039318 3.7511e-06 0)
(0.039321 2.83504e-06 0)
(0.0393233 2.12814e-06 0)
(0.039325 1.58507e-06 0)
(0.0393264 1.16992e-06 0)
(0.0393274 8.54294e-07 0)
(0.0393282 6.15779e-07 0)
(0.0393288 4.36766e-07 0)
(0.0393292 3.03455e-07 0)
(0.0393295 2.05069e-07 0)
(0.0393297 1.33228e-07 0)
(0.0393299 8.14396e-08 0)
(0.03933 4.46972e-08 0)
(0.0393301 1.91575e-08 0)
(0.0393301 1.88445e-09 0)
(0.0393302 -9.35228e-09 0)
(0.0393302 -1.62371e-08 0)
(0.0393302 -2.00336e-08 0)
(0.0393302 -2.16824e-08 0)
(0.0393302 -2.18774e-08 0)
(0.0393302 -2.11254e-08 0)
(0.0393302 -1.97918e-08 0)
(0.0393302 -1.81361e-08 0)
(0.0393302 -1.63387e-08 0)
(0.0393302 -1.45219e-08 0)
(0.0393301 -1.27655e-08 0)
(0.0393301 -1.11186e-08 0)
(0.0393301 -9.60847e-09 0)
(0.0393301 -8.24726e-09 0)
(0.0393301 -7.03687e-09 0)
(0.0393301 -5.97246e-09 0)
(0.0393301 -5.04504e-09 0)
(0.0393301 -4.24333e-09 0)
(0.0393301 -3.55498e-09 0)
(0.0393301 -2.96749e-09 0)
(0.0393301 -2.46873e-09 0)
(0.0393301 -2.04729e-09 0)
(0.0393301 -1.69274e-09 0)
(0.0393301 -1.39562e-09 0)
(0.0393301 -1.14754e-09 0)
(0.0393301 -9.41102e-10 0)
(0.0393301 -7.69859e-10 0)
(0.0393301 -6.28234e-10 0)
(0.0393301 -5.11434e-10 0)
(0.0393301 -4.15368e-10 0)
(0.0393301 -3.3656e-10 0)
(0.0393301 -2.72071e-10 0)
(0.0393301 -2.19426e-10 0)
(0.0393301 -1.76555e-10 0)
(0.0393301 -1.4172e-10 0)
(0.0393301 -1.13483e-10 0)
(0.0393301 -9.06439e-11 0)
(0.0393301 -7.22149e-11 0)
(0.0393301 -5.73773e-11 0)
(0.0393301 -4.54606e-11 0)
(0.0393301 -3.59141e-11 0)
(0.0393301 -2.82871e-11 0)
(0.0393301 -2.22104e-11 0)
(0.0393301 -1.7382e-11 0)
(0.0393301 -1.35539e-11 0)
(0.0393301 -1.0526e-11 0)
(0.0393301 -8.13757e-12 0)
(0.0393301 -6.2569e-12 0)
(0.0393301 -4.78133e-12 0)
(0.0393301 -3.6256e-12 0)
(0.0393301 -2.72668e-12 0)
(0.0393301 -2.02928e-12 0)
(0.0393301 -1.49181e-12 0)
(0.0393301 -1.07836e-12 0)
(0.0393301 -7.66476e-13 0)
(0.0393301 -5.3427e-13 0)
(0.0393301 -3.62833e-13 0)
(0.0393301 -2.40911e-13 0)
(0.0393301 -1.53623e-13 0)
(0.0393301 -9.5038e-14 0)
(0.0393301 -5.71309e-14 0)
(0.0393301 -3.32294e-14 0)
(0.0393301 -1.95303e-14 0)
(0.0393301 -1.08454e-14 0)
(0.0393301 -8.50071e-15 0)
(0.0393301 -8.59447e-15 0)
(0.0393301 -9.37791e-15 0)
(0.0393301 -9.37807e-15 0)
(0.0393301 -6.11475e-15 0)
(0.0393301 -2.27571e-15 0)
(0.0393301 2.17997e-15 0)
(0.0393301 8.44715e-15 0)
(0.0393301 1.48528e-14 0)
(0.0393301 2.13809e-14 0)
(0.0393301 2.78829e-14 0)
(0.0393301 3.45342e-14 0)
(0.0393301 4.07503e-14 0)
(0.0393301 4.36902e-14 0)
(0.0393301 4.21753e-14 0)
(0.0393301 3.67615e-14 0)
(0.0393301 2.6096e-14 0)
(0.0393301 1.20868e-14 0)
(0.0393301 -5.00965e-15 0)
(0.0393301 -1.97614e-14 0)
(0.0393301 -3.23779e-14 0)
(0.0393301 -4.1211e-14 0)
(0.0393301 -4.62071e-14 0)
(0.0393301 -4.83405e-14 0)
(0.0393301 -4.65019e-14 0)
(0.0393301 -4.24244e-14 0)
(0.0393301 -3.58262e-14 0)
(0.0393301 -2.6313e-14 0)
(0.0393301 -1.42481e-14 0)
(0.0393301 -1.43862e-15 0)
(0.0393301 1.14858e-14 0)
(0.0393301 2.34384e-14 0)
(0.0393301 3.29988e-14 0)
(0.0393301 3.98752e-14 0)
(0.0393301 4.21589e-14 0)
(0.0393301 4.06987e-14 0)
(0.0393301 3.54642e-14 0)
(0.0393301 3.00955e-14 0)
(0.0393301 2.23739e-14 0)
(0.0393301 1.46176e-14 0)
(0.0393301 8.96607e-15 0)
(0.0393301 3.54325e-15 0)
(0.0393301 2.08833e-15 0)
(0.0393301 3.29073e-15 0)
(0.0393301 7.41107e-15 0)
(0.0393301 1.44047e-14 0)
(0.0393301 2.18916e-14 0)
(0.0393301 2.96934e-14 0)
(0.0393301 3.37735e-14 0)
(0.0393301 2.72056e-14 0)
(0.0393301 1.07397e-14 0)
(0.0393301 -2.46404e-14 0)
(0.0393301 -8.08892e-14 0)
(0.0393301 -1.66765e-13 0)
(0.0393301 -2.96013e-13 0)
(0.0393301 -4.82952e-13 0)
(0.0393301 -7.56051e-13 0)
(0.0393301 -1.1572e-12 0)
(0.0393301 -1.73505e-12 0)
(0.0393301 -2.60556e-12 0)
(0.0393301 -4.03033e-12 0)
(0.0393301 -5.49431e-12 0)
(0.0393301 -1.06193e-11 0)
(0.0393301 -1.03165e-11 0)
(0.0393301 -2.88958e-11 0)
(0.0393301 -3.54729e-11 0)
(0.0305771 -0.000555009 0)
(0.0292587 -0.000650486 0)
(0.0276957 -0.000732729 0)
(0.0258818 -0.00079981 0)
(0.0238129 -0.000838492 0)
(0.0215119 -0.000812027 0)
(0.0190552 -0.000670504 0)
(0.0165647 -0.000388796 0)
(0.0141559 -5.32279e-06 0)
(0.0118825 0.000365026 0)
(0.00972987 0.000557384 0)
(0.00768755 0.000447254 0)
(0.0058233 7.41575e-05 0)
(0.00423699 -0.000355649 0)
(0.00295475 -0.000635172 0)
(0.00190744 -0.000691869 0)
(0.00100112 -0.00057439 0)
(0.000195192 -0.000382307 0)
(-0.000481572 -0.000208428 0)
(-0.000968906 -9.70189e-05 0)
(-0.0012111 -3.64991e-05 0)
(-0.00116954 1.09035e-05 0)
(-0.000823498 7.49354e-05 0)
(-0.000168087 0.000163997 0)
(0.000786315 0.000269851 0)
(0.00201118 0.000377031 0)
(0.00345622 0.000469639 0)
(0.00504929 0.000534868 0)
(0.00670185 0.000564878 0)
(0.00832018 0.000557996 0)
(0.00982005 0.000518901 0)
(0.0111401 0.000457088 0)
(0.0122487 0.000383938 0)
(0.0131429 0.000309711 0)
(0.0138406 0.000241705 0)
(0.0143713 0.000183837 0)
(0.0147681 0.000137243 0)
(0.0150617 0.000101243 0)
(0.0152781 7.42493e-05 0)
(0.0154379 5.44146e-05 0)
(0.0155566 4.00109e-05 0)
(0.0156454 2.9597e-05 0)
(0.0157125 2.20546e-05 0)
(0.0157635 1.6557e-05 0)
(0.0158027 1.25121e-05 0)
(0.0158329 9.50442e-06 0)
(0.0158563 7.24463e-06 0)
(0.0158744 5.53129e-06 0)
(0.0158885 4.22297e-06 0)
(0.0158994 3.21896e-06 0)
(0.0159079 2.44629e-06 0)
(0.0159144 1.85109e-06 0)
(0.0159194 1.39294e-06 0)
(0.0159233 1.04101e-06 0)
(0.0159262 7.71566e-07 0)
(0.0159284 5.66163e-07 0)
(0.0159301 4.1041e-07 0)
(0.0159313 2.93047e-07 0)
(0.0159323 2.05262e-07 0)
(0.0159329 1.40166e-07 0)
(0.0159334 9.23855e-08 0)
(0.0159338 5.77437e-08 0)
(0.015934 3.30042e-08 0)
(0.0159342 1.56713e-08 0)
(0.0159343 3.8302e-09 0)
(0.0159344 -3.9807e-09 0)
(0.0159344 -8.86999e-09 0)
(0.0159344 -1.16729e-08 0)
(0.0159344 -1.30141e-08 0)
(0.0159344 -1.33563e-08 0)
(0.0159344 -1.30391e-08 0)
(0.0159344 -1.23086e-08 0)
(0.0159344 -1.13406e-08 0)
(0.0159344 -1.02582e-08 0)
(0.0159344 -9.14544e-09 0)
(0.0159343 -8.05802e-09 0)
(0.0159343 -7.03078e-09 0)
(0.0159343 -6.08382e-09 0)
(0.0159343 -5.22688e-09 0)
(0.0159343 -4.46262e-09 0)
(0.0159343 -3.78903e-09 0)
(0.0159343 -3.20114e-09 0)
(0.0159343 -2.69231e-09 0)
(0.0159343 -2.25505e-09 0)
(0.0159343 -1.88162e-09 0)
(0.0159343 -1.56449e-09 0)
(0.0159343 -1.2965e-09 0)
(0.0159343 -1.07105e-09 0)
(0.0159342 -8.82167e-10 0)
(0.0159342 -7.24523e-10 0)
(0.0159342 -5.93416e-10 0)
(0.0159342 -4.84738e-10 0)
(0.0159342 -3.94934e-10 0)
(0.0159342 -3.20948e-10 0)
(0.0159342 -2.60164e-10 0)
(0.0159342 -2.10364e-10 0)
(0.0159342 -1.69668e-10 0)
(0.0159342 -1.36497e-10 0)
(0.0159342 -1.0953e-10 0)
(0.0159342 -8.76595e-11 0)
(0.0159342 -6.99672e-11 0)
(0.0159342 -5.56931e-11 0)
(0.0159342 -4.42054e-11 0)
(0.0159342 -3.49825e-11 0)
(0.0159342 -2.75985e-11 0)
(0.0159342 -2.16998e-11 0)
(0.0159342 -1.70012e-11 0)
(0.0159342 -1.32681e-11 0)
(0.0159342 -1.03103e-11 0)
(0.0159342 -7.97553e-12 0)
(0.0159342 -6.13938e-12 0)
(0.0159342 -4.69806e-12 0)
(0.0159342 -3.5736e-12 0)
(0.0159342 -2.6993e-12 0)
(0.0159342 -2.02174e-12 0)
(0.0159342 -1.5008e-12 0)
(0.0159342 -1.09905e-12 0)
(0.0159342 -7.9345e-13 0)
(0.0159342 -5.63629e-13 0)
(0.0159342 -3.91936e-13 0)
(0.0159342 -2.61394e-13 0)
(0.0159342 -1.64065e-13 0)
(0.0159342 -9.24604e-14 0)
(0.0159342 -4.21391e-14 0)
(0.0159342 -5.78122e-15 0)
(0.0159342 1.86288e-14 0)
(0.0159342 3.37713e-14 0)
(0.0159342 4.13382e-14 0)
(0.0159342 4.33607e-14 0)
(0.0159342 4.37678e-14 0)
(0.0159342 4.28386e-14 0)
(0.0159342 4.06966e-14 0)
(0.0159342 3.74395e-14 0)
(0.0159342 3.17403e-14 0)
(0.0159342 2.79137e-14 0)
(0.0159342 2.46201e-14 0)
(0.0159342 2.24862e-14 0)
(0.0159342 2.03983e-14 0)
(0.0159342 1.72126e-14 0)
(0.0159342 1.50437e-14 0)
(0.0159342 1.21819e-14 0)
(0.0159342 8.66102e-15 0)
(0.0159342 4.84337e-15 0)
(0.0159342 1.52097e-15 0)
(0.0159342 -1.72884e-16 0)
(0.0159342 -9.18618e-16 0)
(0.0159342 -1.26552e-16 0)
(0.0159342 2.2577e-15 0)
(0.0159342 4.05981e-15 0)
(0.0159342 5.55691e-15 0)
(0.0159342 6.19237e-15 0)
(0.0159342 6.94821e-15 0)
(0.0159342 6.83132e-15 0)
(0.0159342 6.35858e-15 0)
(0.0159342 5.84669e-15 0)
(0.0159342 3.99651e-15 0)
(0.0159342 2.64851e-15 0)
(0.0159342 6.8857e-16 0)
(0.0159342 -2.17476e-15 0)
(0.0159342 -4.89801e-15 0)
(0.0159342 -7.61969e-15 0)
(0.0159342 -8.58562e-15 0)
(0.0159342 -9.62458e-15 0)
(0.0159342 -7.56539e-15 0)
(0.0159342 -4.56206e-15 0)
(0.0159342 -1.53817e-15 0)
(0.0159342 1.68488e-15 0)
(0.0159342 3.51032e-15 0)
(0.0159342 6.36625e-15 0)
(0.0159342 7.04476e-15 0)
(0.0159342 6.26855e-15 0)
(0.0159342 5.14091e-15 0)
(0.0159342 2.90688e-15 0)
(0.0159342 1.70891e-15 0)
(0.0159342 -1.45219e-15 0)
(0.0159342 -2.21506e-15 0)
(0.0159342 -2.98438e-15 0)
(0.0159342 -3.07903e-15 0)
(0.0159342 -1.33855e-15 0)
(0.0159342 -6.03629e-16 0)
(0.0159342 7.83901e-16 0)
(0.0159342 -6.95449e-16 0)
(0.0159342 -5.56279e-15 0)
(0.0159342 -1.12556e-14 0)
(0.0159342 -2.34355e-14 0)
(0.0159342 -3.99895e-14 0)
(0.0159342 -6.50313e-14 0)
(0.0159342 -1.00734e-13 0)
(0.0159342 -1.47225e-13 0)
(0.0159342 -2.16256e-13 0)
(0.0159342 -3.1314e-13 0)
(0.0159342 -4.58307e-13 0)
(0.0159342 -6.7669e-13 0)
(0.0159342 -9.74592e-13 0)
(0.0159342 -1.61431e-12 0)
(0.0159342 -1.94924e-12 0)
(0.0159342 -4.61336e-12 0)
(0.0159342 -3.72623e-12 0)
(0.0159342 -1.2486e-11 0)
(0.0159342 -1.48679e-11 0)
)
;

boundaryField
{
    inlet
    {
        type            fixedProfile;
        profile         table
        
21
(
(0 (0 0 0))
(0.05 (0.0285 0 0))
(0.1 (0.054 0 0))
(0.15 (0.0765 0 0))
(0.2 (0.096 0 0))
(0.25 (0.1125 0 0))
(0.3 (0.126 0 0))
(0.35 (0.1365 0 0))
(0.4 (0.144 0 0))
(0.45 (0.1485 0 0))
(0.5 (0.15 0 0))
(0.55 (0.1485 0 0))
(0.6 (0.144 0 0))
(0.65 (0.1365 0 0))
(0.7 (0.126 0 0))
(0.75 (0.1125 0 0))
(0.8 (0.096 0 0))
(0.85 (0.0765 0 0))
(0.9 (0.054 0 0))
(0.95 (0.0285 0 0))
(1 (0 0 0))
)
;
        direction       (0 1 0);
        origin          1;
        value           nonuniform List<vector> 8((0.034875 0 0) (0.091125 0 0) (0.128625 0 0) (0.147375 0 0) (0.147375 0 0) (0.128625 0 0) (0.091125 0 0) (0.034875 0 0));
    }
    outlet
    {
        type            zeroGradient;
    }
    walls
    {
        type            noSlip;
    }
    symwall
    {
        type            empty;
    }
}


// ************************************************************************* //
