/*--------------------------------*- C++ -*----------------------------------*\
| =========                 |                                                 |
| \\      /  F ield         | OpenFOAM: The Open Source CFD Toolbox           |
|  \\    /   O peration     | Version:  4.1                                   |
|   \\  /    A nd           | Web:      www.OpenFOAM.org                      |
|    \\/     M anipulation  |                                                 |
\*---------------------------------------------------------------------------*/
FoamFile
{
    version     2.0;
    format      ascii;
    class       volVectorField;
    location    "898";
    object      U;
}
// * * * * * * * * * * * * * * * * * * * * * * * * * * * * * * * * * * * * * //

dimensions      [0 1 -1 0 0 0 0];

internalField   nonuniform List<vector> 
3264
(
(-2.6665e-06 -4.75753e-07 0)
(-0.0001332 3.0569e-05 0)
(-0.000389823 4.86696e-05 0)
(-0.000677069 5.10074e-05 0)
(-0.000978964 5.27301e-05 0)
(-0.00128487 5.21308e-05 0)
(-0.00158943 5.34228e-05 0)
(-0.001894 5.4054e-05 0)
(-0.00219396 5.51408e-05 0)
(-0.00249 5.57438e-05 0)
(-0.00277951 5.62719e-05 0)
(-0.00306265 5.64797e-05 0)
(-0.00333832 5.65281e-05 0)
(-0.00360655 5.63776e-05 0)
(-0.00386696 5.60994e-05 0)
(-0.00411959 5.5704e-05 0)
(-0.00436439 5.52275e-05 0)
(-0.00460141 5.4686e-05 0)
(-0.0048307 5.40992e-05 0)
(-0.00505234 5.34789e-05 0)
(-0.0052664 5.28355e-05 0)
(-0.00547293 5.21756e-05 0)
(-0.00567197 5.15036e-05 0)
(-0.00586355 5.08214e-05 0)
(-0.00604766 5.01289e-05 0)
(-0.00622426 4.9424e-05 0)
(-0.00639327 4.87025e-05 0)
(-0.00655459 4.79582e-05 0)
(-0.00670804 4.71831e-05 0)
(-0.00685343 4.6367e-05 0)
(-0.00699049 4.54979e-05 0)
(-0.00711891 4.45618e-05 0)
(-0.00723832 4.35427e-05 0)
(-0.00734831 4.24231e-05 0)
(-0.00744838 4.11837e-05 0)
(-0.00753801 3.98043e-05 0)
(-0.00761659 3.82636e-05 0)
(-0.0076835 3.65399e-05 0)
(-0.00773805 3.46116e-05 0)
(-0.00777952 3.24577e-05 0)
(-0.00780715 3.00588e-05 0)
(-0.00782018 2.73973e-05 0)
(-0.00781782 2.44584e-05 0)
(-0.0077993 2.1231e-05 0)
(-0.00776386 1.77079e-05 0)
(-0.00771078 1.38867e-05 0)
(-0.00763937 9.77041e-06 0)
(-0.00754903 5.36771e-06 0)
(-0.00743922 6.93284e-07 0)
(-0.00730948 -4.23206e-06 0)
(-0.00715949 -9.38138e-06 0)
(-0.00698903 -1.47218e-05 0)
(-0.006798 -2.0215e-05 0)
(-0.00658647 -2.58175e-05 0)
(-0.00635464 -3.14815e-05 0)
(-0.00610286 -3.71556e-05 0)
(-0.00583165 -4.27858e-05 0)
(-0.00554168 -4.83164e-05 0)
(-0.00523378 -5.36911e-05 0)
(-0.00490894 -5.88541e-05 0)
(-0.00456827 -6.37513e-05 0)
(-0.00421305 -6.8331e-05 0)
(-0.00384464 -7.25455e-05 0)
(-0.00346456 -7.63515e-05 0)
(-0.00307439 -7.97113e-05 0)
(-0.00267579 -8.25935e-05 0)
(-0.00227051 -8.49735e-05 0)
(-0.00186031 -8.68337e-05 0)
(-0.00144698 -8.81645e-05 0)
(-0.00103232 -8.89636e-05 0)
(-0.000618091 -8.92365e-05 0)
(-0.000206033 -8.89958e-05 0)
(0.000202177 -8.82613e-05 0)
(0.000604936 -8.70591e-05 0)
(0.00100073 -8.54209e-05 0)
(0.00138816 -8.33836e-05 0)
(0.00176594 -8.09878e-05 0)
(0.0021329 -7.82774e-05 0)
(0.00248802 -7.52986e-05 0)
(0.00283042 -7.20983e-05 0)
(0.00315935 -6.8724e-05 0)
(0.00347424 -6.52222e-05 0)
(0.00377463 -6.1638e-05 0)
(0.00406022 -5.80143e-05 0)
(0.00433084 -5.43909e-05 0)
(0.00458644 -5.08043e-05 0)
(0.00482711 -4.72871e-05 0)
(0.00505303 -4.38678e-05 0)
(0.0052645 -4.0571e-05 0)
(0.00546188 -3.74167e-05 0)
(0.00564564 -3.44209e-05 0)
(0.00581629 -3.15957e-05 0)
(0.0059744 -2.89493e-05 0)
(0.00612058 -2.64866e-05 0)
(0.00625548 -2.42092e-05 0)
(0.00637976 -2.21164e-05 0)
(0.0064941 -2.02046e-05 0)
(0.00659918 -1.84687e-05 0)
(0.00669566 -1.69018e-05 0)
(0.00678422 -1.54956e-05 0)
(0.0068655 -1.42411e-05 0)
(0.00694012 -1.31286e-05 0)
(0.00700868 -1.2148e-05 0)
(0.00707176 -1.1289e-05 0)
(0.00712989 -1.05412e-05 0)
(0.00718358 -9.89474e-06 0)
(0.00723331 -9.33967e-06 0)
(0.00727952 -8.86664e-06 0)
(0.00732262 -8.46672e-06 0)
(0.00736297 -8.13149e-06 0)
(0.00740092 -7.85309e-06 0)
(0.00743679 -7.62421e-06 0)
(0.00747085 -7.43814e-06 0)
(0.00750335 -7.28871e-06 0)
(0.00753453 -7.17032e-06 0)
(0.00756457 -7.07788e-06 0)
(0.00759366 -7.00682e-06 0)
(0.00762195 -6.95306e-06 0)
(0.00764958 -6.91294e-06 0)
(0.00767665 -6.88327e-06 0)
(0.00770326 -6.86121e-06 0)
(0.00772951 -6.8443e-06 0)
(0.00775545 -6.83042e-06 0)
(0.00778114 -6.81772e-06 0)
(0.00780663 -6.80467e-06 0)
(0.00783194 -6.78997e-06 0)
(0.00785711 -6.77255e-06 0)
(0.00788216 -6.75154e-06 0)
(0.00790708 -6.72625e-06 0)
(0.00793189 -6.69617e-06 0)
(0.00795659 -6.66092e-06 0)
(0.00798117 -6.62023e-06 0)
(0.00800562 -6.57399e-06 0)
(0.00802994 -6.52213e-06 0)
(0.00805411 -6.4647e-06 0)
(0.00807811 -6.4018e-06 0)
(0.00810193 -6.33361e-06 0)
(0.00812556 -6.26034e-06 0)
(0.00814897 -6.18225e-06 0)
(0.00817214 -6.09962e-06 0)
(0.00819507 -6.01277e-06 0)
(0.00821772 -5.92204e-06 0)
(0.00824009 -5.82775e-06 0)
(0.00826216 -5.73028e-06 0)
(0.00828392 -5.62995e-06 0)
(0.00830534 -5.52714e-06 0)
(0.00832641 -5.42217e-06 0)
(0.00834713 -5.3154e-06 0)
(0.00836748 -5.20715e-06 0)
(0.00838745 -5.09773e-06 0)
(0.00840703 -4.98746e-06 0)
(0.00842621 -4.8766e-06 0)
(0.00844499 -4.76545e-06 0)
(0.00846336 -4.65425e-06 0)
(0.00848132 -4.54323e-06 0)
(0.00849885 -4.43263e-06 0)
(0.00851597 -4.32265e-06 0)
(0.00853266 -4.21347e-06 0)
(0.00854893 -4.10526e-06 0)
(0.00856477 -3.99817e-06 0)
(0.00858019 -3.89235e-06 0)
(0.00859519 -3.78791e-06 0)
(0.00860977 -3.68497e-06 0)
(0.00862393 -3.58362e-06 0)
(0.00863768 -3.48393e-06 0)
(0.00865102 -3.38597e-06 0)
(0.00866396 -3.2898e-06 0)
(0.00867649 -3.19546e-06 0)
(0.00868863 -3.10299e-06 0)
(0.00870038 -3.01239e-06 0)
(0.00871175 -2.92369e-06 0)
(0.00872274 -2.83689e-06 0)
(0.00873337 -2.75197e-06 0)
(0.00874362 -2.66891e-06 0)
(0.00875352 -2.58769e-06 0)
(0.00876308 -2.50826e-06 0)
(0.00877228 -2.43056e-06 0)
(0.00878115 -2.35452e-06 0)
(0.00878969 -2.28003e-06 0)
(0.00879791 -2.20699e-06 0)
(0.00880581 -2.13521e-06 0)
(0.0088134 -2.0645e-06 0)
(0.00882068 -1.99456e-06 0)
(0.00882766 -1.92502e-06 0)
(0.00883434 -1.85534e-06 0)
(0.00884073 -1.7848e-06 0)
(0.00884681 -1.71237e-06 0)
(0.00885259 -1.63666e-06 0)
(0.00885807 -1.55549e-06 0)
(0.00886321 -1.46656e-06 0)
(0.008868 -1.36378e-06 0)
(0.0088724 -1.2474e-06 0)
(0.00887638 -1.09218e-06 0)
(0.00887976 -9.2942e-07 0)
(0.00888268 -6.44405e-07 0)
(0.00888427 -4.08106e-07 0)
(0.00888609 1.21381e-07 0)
(0.0088835 7.14798e-07 0)
(0.00888509 1.03417e-06 0)
(0.00887357 4.34993e-06 0)
(-8.33556e-05 0.000136425 0)
(-0.000582892 0.000379261 0)
(-0.0013113 0.000518318 0)
(-0.00208586 0.00056239 0)
(-0.00286548 0.000583328 0)
(-0.00363325 0.000585002 0)
(-0.00437585 0.000584892 0)
(-0.00509614 0.000578133 0)
(-0.0057869 0.000569118 0)
(-0.00645031 0.000556833 0)
(-0.00708363 0.000543064 0)
(-0.00768827 0.000527991 0)
(-0.00826384 0.000512332 0)
(-0.00881143 0.000496313 0)
(-0.00933151 0.000480211 0)
(-0.00982499 0.000464145 0)
(-0.0102925 0.000448211 0)
(-0.0107348 0.00043245 0)
(-0.0111526 0.000416877 0)
(-0.0115463 0.000401485 0)
(-0.0119163 0.000386251 0)
(-0.0122632 0.000371138 0)
(-0.0125871 0.000356101 0)
(-0.0128882 0.000341083 0)
(-0.0131666 0.000326021 0)
(-0.0134223 0.000310844 0)
(-0.0136551 0.000295473 0)
(-0.0138649 0.000279826 0)
(-0.0140513 0.000263813 0)
(-0.0142139 0.000247338 0)
(-0.0143523 0.000230304 0)
(-0.0144658 0.00021261 0)
(-0.0145538 0.000194154 0)
(-0.0146155 0.000174834 0)
(-0.0146501 0.000154553 0)
(-0.0146568 0.000133215 0)
(-0.0146346 0.000110736 0)
(-0.0145827 8.70378e-05 0)
(-0.0144999 6.20578e-05 0)
(-0.0143855 3.5747e-05 0)
(-0.0142383 8.07477e-06 0)
(-0.0140576 -2.09696e-05 0)
(-0.0138424 -5.13744e-05 0)
(-0.0135921 -8.3104e-05 0)
(-0.0133059 -0.000116098 0)
(-0.0129832 -0.000150268 0)
(-0.0126237 -0.000185502 0)
(-0.0122271 -0.00022166 0)
(-0.0117932 -0.000258576 0)
(-0.0113222 -0.000296063 0)
(-0.0108143 -0.000333907 0)
(-0.01027 -0.00037188 0)
(-0.00969 -0.000409733 0)
(-0.00907524 -0.000447206 0)
(-0.00842682 -0.000484029 0)
(-0.00774611 -0.000519925 0)
(-0.00703466 -0.000554617 0)
(-0.00629426 -0.000587829 0)
(-0.00552687 -0.000619294 0)
(-0.00473465 -0.000648753 0)
(-0.00391995 -0.000675965 0)
(-0.00308525 -0.000700705 0)
(-0.00223317 -0.000722773 0)
(-0.00136646 -0.000741993 0)
(-0.00048796 -0.000758218 0)
(0.000399428 -0.000771332 0)
(0.00129275 -0.000781252 0)
(0.00218903 -0.000787926 0)
(0.00308531 -0.000791341 0)
(0.00397864 -0.000791516 0)
(0.00486615 -0.000788505 0)
(0.00574505 -0.000782395 0)
(0.00661262 -0.000773305 0)
(0.00746632 -0.000761383 0)
(0.00830373 -0.000746804 0)
(0.00912258 -0.000729766 0)
(0.00992081 -0.000710489 0)
(0.0106965 -0.000689208 0)
(0.0114481 -0.000666169 0)
(0.012174 -0.000641629 0)
(0.0128731 -0.000615849 0)
(0.0135443 -0.000589089 0)
(0.0141869 -0.000561606 0)
(0.0148002 -0.00053365 0)
(0.0153839 -0.000505462 0)
(0.0159379 -0.000477268 0)
(0.0164622 -0.00044928 0)
(0.0169569 -0.000421691 0)
(0.0174226 -0.000394677 0)
(0.0178597 -0.000368391 0)
(0.018269 -0.000342969 0)
(0.0186512 -0.000318523 0)
(0.0190073 -0.000295147 0)
(0.0193383 -0.000272914 0)
(0.0196453 -0.000251877 0)
(0.0199293 -0.000232073 0)
(0.0201917 -0.000213521 0)
(0.0204336 -0.000196226 0)
(0.0206562 -0.000180179 0)
(0.0208608 -0.00016536 0)
(0.0210487 -0.000151738 0)
(0.0212209 -0.000139273 0)
(0.0213788 -0.00012792 0)
(0.0215234 -0.000117626 0)
(0.0216559 -0.000108336 0)
(0.0217773 -9.99902e-05 0)
(0.0218887 -9.25288e-05 0)
(0.0219909 -8.58897e-05 0)
(0.022085 -8.00114e-05 0)
(0.0221717 -7.48329e-05 0)
(0.0222519 -7.02948e-05 0)
(0.0223262 -6.63392e-05 0)
(0.0223954 -6.29107e-05 0)
(0.0224601 -5.99565e-05 0)
(0.0225208 -5.74262e-05 0)
(0.022578 -5.52728e-05 0)
(0.0226323 -5.34521e-05 0)
(0.0226841 -5.1923e-05 0)
(0.0227336 -5.06473e-05 0)
(0.0227813 -4.95902e-05 0)
(0.0228274 -4.87196e-05 0)
(0.0228723 -4.80062e-05 0)
(0.022916 -4.74237e-05 0)
(0.0229589 -4.69481e-05 0)
(0.023001 -4.65582e-05 0)
(0.0230426 -4.62349e-05 0)
(0.0230836 -4.59615e-05 0)
(0.0231243 -4.5723e-05 0)
(0.0231647 -4.55066e-05 0)
(0.0232048 -4.53012e-05 0)
(0.0232446 -4.50973e-05 0)
(0.0232843 -4.48866e-05 0)
(0.0233238 -4.46626e-05 0)
(0.0233632 -4.44197e-05 0)
(0.0234023 -4.41534e-05 0)
(0.0234413 -4.38602e-05 0)
(0.0234801 -4.35377e-05 0)
(0.0235187 -4.31839e-05 0)
(0.023557 -4.27977e-05 0)
(0.0235951 -4.23787e-05 0)
(0.0236328 -4.19268e-05 0)
(0.0236703 -4.14423e-05 0)
(0.0237073 -4.09262e-05 0)
(0.023744 -4.03796e-05 0)
(0.0237803 -3.98038e-05 0)
(0.0238161 -3.92004e-05 0)
(0.0238514 -3.85712e-05 0)
(0.0238862 -3.79181e-05 0)
(0.0239204 -3.72431e-05 0)
(0.0239541 -3.65482e-05 0)
(0.0239871 -3.58355e-05 0)
(0.0240196 -3.51071e-05 0)
(0.0240514 -3.4365e-05 0)
(0.0240825 -3.36114e-05 0)
(0.024113 -3.28481e-05 0)
(0.0241427 -3.20771e-05 0)
(0.0241718 -3.13004e-05 0)
(0.0242001 -3.05196e-05 0)
(0.0242277 -2.97365e-05 0)
(0.0242545 -2.89527e-05 0)
(0.0242806 -2.81697e-05 0)
(0.024306 -2.7389e-05 0)
(0.0243306 -2.66118e-05 0)
(0.0243544 -2.58395e-05 0)
(0.0243775 -2.50731e-05 0)
(0.0243999 -2.43137e-05 0)
(0.0244214 -2.35622e-05 0)
(0.0244423 -2.28196e-05 0)
(0.0244624 -2.20865e-05 0)
(0.0244818 -2.13637e-05 0)
(0.0245004 -2.06518e-05 0)
(0.0245183 -1.99512e-05 0)
(0.0245355 -1.92625e-05 0)
(0.0245521 -1.85858e-05 0)
(0.0245679 -1.79216e-05 0)
(0.024583 -1.72698e-05 0)
(0.0245975 -1.66307e-05 0)
(0.0246113 -1.6004e-05 0)
(0.0246245 -1.53897e-05 0)
(0.0246371 -1.47874e-05 0)
(0.024649 -1.41964e-05 0)
(0.0246603 -1.36161e-05 0)
(0.024671 -1.30452e-05 0)
(0.0246811 -1.2482e-05 0)
(0.0246907 -1.19243e-05 0)
(0.0246997 -1.13689e-05 0)
(0.0247081 -1.08113e-05 0)
(0.0247159 -1.02451e-05 0)
(0.0247232 -9.66151e-06 0)
(0.0247298 -9.04791e-06 0)
(0.0247359 -8.38464e-06 0)
(0.0247413 -7.65452e-06 0)
(0.0247459 -6.78939e-06 0)
(0.0247498 -5.83677e-06 0)
(0.0247527 -4.45689e-06 0)
(0.0247544 -3.16846e-06 0)
(0.024755 -6.53095e-07 0)
(0.0247523 1.67892e-06 0)
(0.0247511 4.40328e-06 0)
(0.0247378 1.38382e-05 0)
(-0.000178821 0.000644952 0)
(-0.00104289 0.00125395 0)
(-0.00216749 0.0015328 0)
(-0.0033045 0.00157417 0)
(-0.00439251 0.00156924 0)
(-0.00542086 0.00152586 0)
(-0.00637388 0.00148212 0)
(-0.00726264 0.00142961 0)
(-0.00808372 0.00137618 0)
(-0.00884527 0.00132016 0)
(-0.00954865 0.00126407 0)
(-0.010199 0.00120808 0)
(-0.0107987 0.001153 0)
(-0.0113511 0.00109902 0)
(-0.0118586 0.00104633 0)
(-0.0123235 0.000994955 0)
(-0.0127475 0.000944843 0)
(-0.0131323 0.000895901 0)
(-0.0134792 0.000848003 0)
(-0.0137894 0.000800997 0)
(-0.0140637 0.000754721 0)
(-0.0143029 0.000709001 0)
(-0.0145076 0.000663657 0)
(-0.0146781 0.000618504 0)
(-0.0148147 0.000573351 0)
(-0.0149176 0.000528007 0)
(-0.0149866 0.000482275 0)
(-0.0150218 0.000435961 0)
(-0.0150228 0.000388867 0)
(-0.0149894 0.0003408 0)
(-0.0149211 0.000291571 0)
(-0.0148175 0.000240996 0)
(-0.0146781 0.000188902 0)
(-0.0145023 0.00013513 0)
(-0.0142896 7.95346e-05 0)
(-0.0140392 2.19925e-05 0)
(-0.0137506 -3.75964e-05 0)
(-0.0134232 -9.93045e-05 0)
(-0.0130565 -0.000163173 0)
(-0.0126499 -0.000229209 0)
(-0.012203 -0.000297382 0)
(-0.0117154 -0.000367622 0)
(-0.0111869 -0.000439816 0)
(-0.0106174 -0.000513809 0)
(-0.0100069 -0.000589404 0)
(-0.0093556 -0.000666359 0)
(-0.00866373 -0.00074439 0)
(-0.00793183 -0.000823175 0)
(-0.00716059 -0.000902353 0)
(-0.00635087 -0.000981528 0)
(-0.00550374 -0.00106028 0)
(-0.00462046 -0.00113815 0)
(-0.0037025 -0.00121469 0)
(-0.00275152 -0.0012894 0)
(-0.00176938 -0.00136179 0)
(-0.000758132 -0.00143138 0)
(0.000280005 -0.00149768 0)
(0.00134263 -0.00156021 0)
(0.00242718 -0.00161853 0)
(0.00353096 -0.00167219 0)
(0.00465114 -0.00172082 0)
(0.00578479 -0.00176404 0)
(0.00692887 -0.00180153 0)
(0.0080803 -0.00183303 0)
(0.00923592 -0.00185832 0)
(0.0103926 -0.00187723 0)
(0.0115471 -0.00188966 0)
(0.0126964 -0.00189556 0)
(0.0138373 -0.00189494 0)
(0.0149668 -0.00188789 0)
(0.016082 -0.00187452 0)
(0.01718 -0.00185504 0)
(0.0182583 -0.0018297 0)
(0.0193143 -0.00179878 0)
(0.0203457 -0.00176263 0)
(0.0213502 -0.00172163 0)
(0.022326 -0.00167622 0)
(0.0232714 -0.00162683 0)
(0.0241847 -0.00157394 0)
(0.0250648 -0.00151803 0)
(0.0259105 -0.00145961 0)
(0.0267211 -0.00139917 0)
(0.0274958 -0.0013372 0)
(0.0282344 -0.00127419 0)
(0.0289367 -0.00121061 0)
(0.0296026 -0.00114689 0)
(0.0302324 -0.00108347 0)
(0.0308266 -0.00102073 0)
(0.0313855 -0.000959023 0)
(0.0319101 -0.000898682 0)
(0.032401 -0.000839988 0)
(0.0328594 -0.000783193 0)
(0.0332862 -0.000728509 0)
(0.0336827 -0.000676109 0)
(0.0340501 -0.000626136 0)
(0.0343897 -0.000578693 0)
(0.0347028 -0.000533854 0)
(0.0349908 -0.000491662 0)
(0.0352551 -0.000452131 0)
(0.0354972 -0.000415251 0)
(0.0357183 -0.000380989 0)
(0.03592 -0.000349292 0)
(0.0361035 -0.000320091 0)
(0.0362702 -0.000293301 0)
(0.0364214 -0.000268825 0)
(0.0365583 -0.000246559 0)
(0.0366822 -0.000226388 0)
(0.0367941 -0.000208195 0)
(0.0368952 -0.000191859 0)
(0.0369864 -0.000177256 0)
(0.0370688 -0.000164262 0)
(0.0371433 -0.000152756 0)
(0.0372108 -0.000142618 0)
(0.0372719 -0.000133732 0)
(0.0373275 -0.000125984 0)
(0.0373782 -0.000119267 0)
(0.0374247 -0.000113477 0)
(0.0374675 -0.000108518 0)
(0.037507 -0.000104298 0)
(0.0375439 -0.000100731 0)
(0.0375784 -9.77361e-05 0)
(0.037611 -9.52399e-05 0)
(0.037642 -9.31739e-05 0)
(0.0376717 -9.14753e-05 0)
(0.0377003 -9.00871e-05 0)
(0.037728 -8.89571e-05 0)
(0.0377551 -8.80386e-05 0)
(0.0377816 -8.72893e-05 0)
(0.0378078 -8.66717e-05 0)
(0.0378337 -8.61526e-05 0)
(0.0378595 -8.57024e-05 0)
(0.0378851 -8.52957e-05 0)
(0.0379107 -8.491e-05 0)
(0.0379363 -8.45264e-05 0)
(0.0379618 -8.41287e-05 0)
(0.0379874 -8.37032e-05 0)
(0.038013 -8.32389e-05 0)
(0.0380387 -8.27268e-05 0)
(0.0380643 -8.21597e-05 0)
(0.0380899 -8.15324e-05 0)
(0.0381155 -8.08412e-05 0)
(0.038141 -8.00835e-05 0)
(0.0381664 -7.92584e-05 0)
(0.0381917 -7.83655e-05 0)
(0.0382168 -7.74056e-05 0)
(0.0382417 -7.63802e-05 0)
(0.0382664 -7.52916e-05 0)
(0.0382908 -7.41423e-05 0)
(0.0383149 -7.29355e-05 0)
(0.0383386 -7.16747e-05 0)
(0.038362 -7.03636e-05 0)
(0.0383849 -6.90062e-05 0)
(0.0384074 -6.76066e-05 0)
(0.0384294 -6.61688e-05 0)
(0.0384509 -6.46972e-05 0)
(0.0384719 -6.31957e-05 0)
(0.0384923 -6.16687e-05 0)
(0.0385122 -6.01201e-05 0)
(0.0385315 -5.85538e-05 0)
(0.0385501 -5.69737e-05 0)
(0.0385682 -5.53835e-05 0)
(0.0385855 -5.37867e-05 0)
(0.0386023 -5.21865e-05 0)
(0.0386184 -5.05863e-05 0)
(0.0386338 -4.89889e-05 0)
(0.0386485 -4.73972e-05 0)
(0.0386625 -4.58138e-05 0)
(0.0386759 -4.42411e-05 0)
(0.0386886 -4.26815e-05 0)
(0.0387006 -4.11368e-05 0)
(0.0387119 -3.96091e-05 0)
(0.0387225 -3.81e-05 0)
(0.0387325 -3.6611e-05 0)
(0.0387418 -3.51434e-05 0)
(0.0387504 -3.36983e-05 0)
(0.0387583 -3.22767e-05 0)
(0.0387657 -3.08792e-05 0)
(0.0387723 -2.95064e-05 0)
(0.0387784 -2.81584e-05 0)
(0.0387838 -2.68352e-05 0)
(0.0387886 -2.55362e-05 0)
(0.0387928 -2.42606e-05 0)
(0.0387964 -2.30069e-05 0)
(0.0387994 -2.17727e-05 0)
(0.0388019 -2.05547e-05 0)
(0.0388037 -1.93482e-05 0)
(0.0388051 -1.81461e-05 0)
(0.0388058 -1.69389e-05 0)
(0.0388061 -1.57131e-05 0)
(0.0388057 -1.44482e-05 0)
(0.0388048 -1.31183e-05 0)
(0.0388033 -1.16808e-05 0)
(0.0388012 -1.00782e-05 0)
(0.0387983 -8.25385e-06 0)
(0.0387947 -5.97954e-06 0)
(0.0387903 -3.4524e-06 0)
(0.0387846 4.20752e-07 0)
(0.0387774 4.49236e-06 0)
(0.0387697 9.69263e-06 0)
(0.0387535 2.32117e-05 0)
(-0.000305505 0.0012614 0)
(-0.00151606 0.0023147 0)
(-0.00286962 0.00272265 0)
(-0.00413636 0.00273243 0)
(-0.00523494 0.00266007 0)
(-0.00621451 0.00253044 0)
(-0.00706123 0.00240107 0)
(-0.00780873 0.00226554 0)
(-0.00845854 0.00213481 0)
(-0.00902741 0.00200738 0)
(-0.00952062 0.00188556 0)
(-0.00994717 0.00176892 0)
(-0.0103119 0.00165756 0)
(-0.0106203 0.00155103 0)
(-0.0108759 0.00144892 0)
(-0.0110821 0.00135075 0)
(-0.0112415 0.00125603 0)
(-0.0113564 0.00116429 0)
(-0.0114286 0.0010751 0)
(-0.0114594 0.000988009 0)
(-0.0114501 0.000902624 0)
(-0.0114015 0.000818559 0)
(-0.0113145 0.000735443 0)
(-0.0111895 0.000652927 0)
(-0.0110269 0.000570673 0)
(-0.0108269 0.000488357 0)
(-0.0105897 0.000405668 0)
(-0.0103153 0.00032231 0)
(-0.0100037 0.000237999 0)
(-0.00965459 0.000152468 0)
(-0.00926793 6.5468e-05 0)
(-0.00884346 -2.32303e-05 0)
(-0.00838093 -0.000113832 0)
(-0.00788011 -0.000206514 0)
(-0.00734074 -0.000301425 0)
(-0.00676261 -0.000398675 0)
(-0.00614552 -0.00049834 0)
(-0.00548937 -0.000600449 0)
(-0.00479407 -0.000704989 0)
(-0.00405966 -0.000811894 0)
(-0.00328626 -0.000921051 0)
(-0.00247408 -0.00103229 0)
(-0.00162348 -0.00114538 0)
(-0.00073493 -0.00126006 0)
(0.000190938 -0.00137598 0)
(0.00115335 -0.00149275 0)
(0.00215138 -0.00160994 0)
(0.00318393 -0.00172706 0)
(0.00424973 -0.00184359 0)
(0.00534733 -0.00195894 0)
(0.00647514 -0.00207252 0)
(0.00763135 -0.00218369 0)
(0.00881401 -0.00229181 0)
(0.010021 -0.00239622 0)
(0.01125 -0.00249625 0)
(0.0124987 -0.00259124 0)
(0.0137643 -0.00268054 0)
(0.0150443 -0.00276352 0)
(0.0163358 -0.00283959 0)
(0.0176359 -0.00290819 0)
(0.0189415 -0.00296882 0)
(0.0202495 -0.00302101 0)
(0.021557 -0.00306437 0)
(0.0228606 -0.00309857 0)
(0.0241573 -0.00312337 0)
(0.025444 -0.00313858 0)
(0.0267174 -0.00314413 0)
(0.0279747 -0.00313998 0)
(0.0292129 -0.00312623 0)
(0.0304292 -0.00310303 0)
(0.0316209 -0.00307063 0)
(0.0327855 -0.00302935 0)
(0.0339206 -0.00297958 0)
(0.0350241 -0.0029218 0)
(0.036094 -0.00285654 0)
(0.0371286 -0.00278439 0)
(0.0381264 -0.00270599 0)
(0.0390862 -0.00262201 0)
(0.0400067 -0.00253315 0)
(0.0408874 -0.00244014 0)
(0.0417275 -0.00234371 0)
(0.0425268 -0.00224459 0)
(0.0432851 -0.00214352 0)
(0.0440025 -0.00204119 0)
(0.0446794 -0.00193828 0)
(0.0453162 -0.00183545 0)
(0.0459135 -0.0017333 0)
(0.0464722 -0.0016324 0)
(0.0469933 -0.00153327 0)
(0.0474777 -0.00143637 0)
(0.0479268 -0.00134211 0)
(0.0483418 -0.00125087 0)
(0.048724 -0.00116294 0)
(0.0490749 -0.00107858 0)
(0.0493959 -0.000998003 0)
(0.0496885 -0.000921355 0)
(0.0499542 -0.000848746 0)
(0.0501946 -0.000780243 0)
(0.0504111 -0.00071587 0)
(0.0506053 -0.000655618 0)
(0.0507787 -0.000599442 0)
(0.0509326 -0.000547271 0)
(0.0510686 -0.000499007 0)
(0.0511878 -0.000454531 0)
(0.0512918 -0.000413706 0)
(0.0513817 -0.000376381 0)
(0.0514588 -0.000342391 0)
(0.0515242 -0.000311567 0)
(0.051579 -0.000283728 0)
(0.0516242 -0.000258695 0)
(0.0516608 -0.000236284 0)
(0.0516898 -0.000216312 0)
(0.0517119 -0.0001986 0)
(0.051728 -0.00018297 0)
(0.0517388 -0.000169251 0)
(0.051745 -0.000157276 0)
(0.0517472 -0.000146886 0)
(0.051746 -0.000137928 0)
(0.0517419 -0.000130258 0)
(0.0517353 -0.00012374 0)
(0.0517268 -0.000118245 0)
(0.0517166 -0.000113653 0)
(0.0517051 -0.000109852 0)
(0.0516927 -0.00010674 0)
(0.0516795 -0.000104221 0)
(0.0516659 -0.000102208 0)
(0.051652 -0.000100621 0)
(0.051638 -9.93875e-05 0)
(0.051624 -9.84432e-05 0)
(0.0516103 -9.7729e-05 0)
(0.0515968 -9.71925e-05 0)
(0.0515836 -9.67872e-05 0)
(0.0515709 -9.64721e-05 0)
(0.0515586 -9.62116e-05 0)
(0.0515469 -9.59745e-05 0)
(0.0515356 -9.57341e-05 0)
(0.051525 -9.54678e-05 0)
(0.0515148 -9.51565e-05 0)
(0.0515052 -9.47847e-05 0)
(0.0514961 -9.43397e-05 0)
(0.0514875 -9.38115e-05 0)
(0.0514794 -9.31928e-05 0)
(0.0514717 -9.24781e-05 0)
(0.0514644 -9.16641e-05 0)
(0.0514575 -9.07491e-05 0)
(0.051451 -8.97327e-05 0)
(0.0514447 -8.86161e-05 0)
(0.0514387 -8.74013e-05 0)
(0.0514329 -8.60913e-05 0)
(0.0514273 -8.46899e-05 0)
(0.0514219 -8.32014e-05 0)
(0.0514165 -8.16308e-05 0)
(0.0514113 -7.99833e-05 0)
(0.051406 -7.82645e-05 0)
(0.0514008 -7.64802e-05 0)
(0.0513955 -7.46362e-05 0)
(0.0513901 -7.27386e-05 0)
(0.0513847 -7.07931e-05 0)
(0.0513791 -6.88058e-05 0)
(0.0513734 -6.67823e-05 0)
(0.0513675 -6.47285e-05 0)
(0.0513614 -6.26497e-05 0)
(0.0513551 -6.05512e-05 0)
(0.0513485 -5.84382e-05 0)
(0.0513417 -5.63155e-05 0)
(0.0513347 -5.41877e-05 0)
(0.0513273 -5.20593e-05 0)
(0.0513197 -4.99343e-05 0)
(0.0513117 -4.78166e-05 0)
(0.0513035 -4.57099e-05 0)
(0.0512949 -4.36175e-05 0)
(0.051286 -4.15424e-05 0)
(0.0512767 -3.94876e-05 0)
(0.0512672 -3.74555e-05 0)
(0.0512572 -3.54484e-05 0)
(0.051247 -3.34684e-05 0)
(0.0512364 -3.1517e-05 0)
(0.0512255 -2.95956e-05 0)
(0.0512142 -2.77053e-05 0)
(0.0512026 -2.58467e-05 0)
(0.0511907 -2.40198e-05 0)
(0.0511784 -2.22242e-05 0)
(0.0511658 -2.04586e-05 0)
(0.0511529 -1.87211e-05 0)
(0.0511397 -1.7008e-05 0)
(0.0511262 -1.53145e-05 0)
(0.0511124 -1.3633e-05 0)
(0.0510982 -1.1953e-05 0)
(0.0510838 -1.02592e-05 0)
(0.0510691 -8.53014e-06 0)
(0.051054 -6.73403e-06 0)
(0.0510387 -4.82799e-06 0)
(0.0510231 -2.74493e-06 0)
(0.0510071 -4.00392e-07 0)
(0.0509908 2.36761e-06 0)
(0.0509742 5.64078e-06 0)
(0.050957 1.00519e-05 0)
(0.0509393 1.51907e-05 0)
(0.0509212 2.20936e-05 0)
(0.0508977 3.75599e-05 0)
(-0.000404947 0.00246844 0)
(-0.00171873 0.00379476 0)
(-0.00298668 0.0041394 0)
(-0.00404956 0.00388792 0)
(-0.00482661 0.00361453 0)
(-0.00542872 0.00331169 0)
(-0.00585287 0.00304738 0)
(-0.00615863 0.00280048 0)
(-0.0063553 0.00257608 0)
(-0.00646907 0.00236791 0)
(-0.00650849 0.0021748 0)
(-0.00648557 0.00199427 0)
(-0.00640623 0.00182469 0)
(-0.0062766 0.00166449 0)
(-0.00610053 0.00151232 0)
(-0.00588146 0.00136702 0)
(-0.00562186 0.00122753 0)
(-0.00532379 0.00109295 0)
(-0.0049888 0.000962445 0)
(-0.00461815 0.000835292 0)
(-0.00421279 0.000710829 0)
(-0.00377346 0.000588455 0)
(-0.0033007 0.000467622 0)
(-0.0027949 0.000347823 0)
(-0.00225631 0.00022859 0)
(-0.00168511 0.000109489 0)
(-0.00108134 -9.88099e-06 0)
(-0.000445026 -0.000129893 0)
(0.000223888 -0.000250888 0)
(0.00092548 -0.000373178 0)
(0.00165984 -0.00049704 0)
(0.00242708 -0.00062272 0)
(0.00322729 -0.000750423 0)
(0.00406052 -0.000880316 0)
(0.00492681 -0.00101252 0)
(0.00582612 -0.00114711 0)
(0.00675838 -0.00128412 0)
(0.00772342 -0.0014235 0)
(0.00872098 -0.00156518 0)
(0.00975072 -0.001709 0)
(0.0108122 -0.00185475 0)
(0.0119048 -0.00200216 0)
(0.0130278 -0.0021509 0)
(0.0141804 -0.00230055 0)
(0.0153616 -0.00245065 0)
(0.0165703 -0.00260068 0)
(0.0178052 -0.00275006 0)
(0.0190648 -0.00289815 0)
(0.0203476 -0.00304425 0)
(0.0216519 -0.00318766 0)
(0.0229756 -0.0033276 0)
(0.0243169 -0.0034633 0)
(0.0256733 -0.00359393 0)
(0.0270427 -0.00371869 0)
(0.0284225 -0.00383676 0)
(0.0298101 -0.00394734 0)
(0.0312028 -0.00404964 0)
(0.0325978 -0.00414291 0)
(0.0339921 -0.00422644 0)
(0.0353828 -0.00429957 0)
(0.0367669 -0.00436171 0)
(0.0381412 -0.00441233 0)
(0.0395028 -0.00445099 0)
(0.0408486 -0.00447735 0)
(0.0421755 -0.00449114 0)
(0.0434807 -0.0044922 0)
(0.0447612 -0.00448049 0)
(0.0460143 -0.00445607 0)
(0.0472373 -0.0044191 0)
(0.0484278 -0.00436987 0)
(0.0495835 -0.00430875 0)
(0.0507023 -0.00423623 0)
(0.0517823 -0.00415289 0)
(0.0528218 -0.0040594 0)
(0.0538193 -0.00395652 0)
(0.0547738 -0.00384505 0)
(0.0556843 -0.00372589 0)
(0.05655 -0.00359994 0)
(0.0573706 -0.00346817 0)
(0.0581458 -0.00333154 0)
(0.0588757 -0.00319105 0)
(0.0595606 -0.00304766 0)
(0.060201 -0.00290234 0)
(0.0607974 -0.00275602 0)
(0.0613509 -0.00260958 0)
(0.0618624 -0.00246387 0)
(0.0623331 -0.00231968 0)
(0.0627643 -0.00217774 0)
(0.0631574 -0.0020387 0)
(0.063514 -0.00190316 0)
(0.0638356 -0.00177163 0)
(0.0641239 -0.00164458 0)
(0.0643805 -0.00152238 0)
(0.0646071 -0.00140533 0)
(0.0648055 -0.00129368 0)
(0.0649773 -0.0011876 0)
(0.0651242 -0.00108723 0)
(0.0652479 -0.000992603 0)
(0.0653501 -0.000903748 0)
(0.0654322 -0.000820627 0)
(0.0654959 -0.000743162 0)
(0.0655426 -0.000671241 0)
(0.0655738 -0.00060472 0)
(0.0655908 -0.000543427 0)
(0.065595 -0.00048717 0)
(0.0655875 -0.000435737 0)
(0.0655695 -0.000388902 0)
(0.0655421 -0.00034643 0)
(0.0655064 -0.000308078 0)
(0.0654634 -0.000273599 0)
(0.0654139 -0.000242744 0)
(0.0653587 -0.000215267 0)
(0.0652987 -0.000190924 0)
(0.0652345 -0.000169475 0)
(0.0651669 -0.000150688 0)
(0.0650964 -0.000134338 0)
(0.0650236 -0.000120209 0)
(0.0649489 -0.000108094 0)
(0.0648729 -9.77967e-05 0)
(0.0647959 -8.91308e-05 0)
(0.0647183 -8.19215e-05 0)
(0.0646405 -7.60046e-05 0)
(0.0645626 -7.1227e-05 0)
(0.064485 -6.74464e-05 0)
(0.0644079 -6.45313e-05 0)
(0.0643315 -6.23607e-05 0)
(0.0642559 -6.08236e-05 0)
(0.0641813 -5.98188e-05 0)
(0.0641078 -5.92545e-05 0)
(0.0640354 -5.90477e-05 0)
(0.0639644 -5.9124e-05 0)
(0.0638946 -5.94167e-05 0)
(0.0638262 -5.98668e-05 0)
(0.0637592 -6.04221e-05 0)
(0.0636936 -6.10371e-05 0)
(0.0636294 -6.16721e-05 0)
(0.0635666 -6.22929e-05 0)
(0.0635052 -6.28707e-05 0)
(0.0634452 -6.33811e-05 0)
(0.0633866 -6.38039e-05 0)
(0.0633292 -6.41228e-05 0)
(0.0632731 -6.4325e-05 0)
(0.0632183 -6.44008e-05 0)
(0.0631647 -6.43431e-05 0)
(0.0631123 -6.41474e-05 0)
(0.063061 -6.38112e-05 0)
(0.0630107 -6.3334e-05 0)
(0.0629615 -6.27168e-05 0)
(0.0629132 -6.19621e-05 0)
(0.0628659 -6.10735e-05 0)
(0.0628195 -6.00556e-05 0)
(0.0627739 -5.89139e-05 0)
(0.0627291 -5.76544e-05 0)
(0.0626851 -5.62837e-05 0)
(0.0626418 -5.48089e-05 0)
(0.0625991 -5.32371e-05 0)
(0.0625571 -5.15759e-05 0)
(0.0625157 -4.98327e-05 0)
(0.0624748 -4.80151e-05 0)
(0.0624345 -4.61307e-05 0)
(0.0623946 -4.41868e-05 0)
(0.0623552 -4.21908e-05 0)
(0.0623163 -4.01495e-05 0)
(0.0622777 -3.807e-05 0)
(0.0622396 -3.59589e-05 0)
(0.0622017 -3.38224e-05 0)
(0.0621642 -3.16666e-05 0)
(0.0621271 -2.94973e-05 0)
(0.0620902 -2.732e-05 0)
(0.0620535 -2.51397e-05 0)
(0.0620172 -2.29614e-05 0)
(0.061981 -2.07894e-05 0)
(0.0619451 -1.86281e-05 0)
(0.0619094 -1.64811e-05 0)
(0.0618739 -1.43521e-05 0)
(0.0618386 -1.22442e-05 0)
(0.0618034 -1.01601e-05 0)
(0.0617684 -8.10225e-06 0)
(0.0617336 -6.07266e-06 0)
(0.0616989 -4.07282e-06 0)
(0.0616644 -2.10371e-06 0)
(0.06163 -1.6569e-07 0)
(0.0615958 1.74167e-06 0)
(0.0615616 3.61976e-06 0)
(0.0615276 5.47122e-06 0)
(0.0614937 7.30033e-06 0)
(0.06146 9.1136e-06 0)
(0.0614263 1.09207e-05 0)
(0.0613928 1.27352e-05 0)
(0.0613594 1.45774e-05 0)
(0.0613262 1.64755e-05 0)
(0.0612931 1.847e-05 0)
(0.0612601 2.06225e-05 0)
(0.0612273 2.3012e-05 0)
(0.0611948 2.57801e-05 0)
(0.0611625 2.90737e-05 0)
(0.0611305 3.33003e-05 0)
(0.061099 3.84526e-05 0)
(0.0610678 4.59081e-05 0)
(0.0610352 6.02959e-05 0)
(-0.000693428 0.00309341 0)
(-0.00209159 0.0047213 0)
(-0.00255532 0.00495019 0)
(-0.00279461 0.00450312 0)
(-0.0026315 0.00403068 0)
(-0.00238509 0.00356398 0)
(-0.00199359 0.00316001 0)
(-0.00154147 0.00280206 0)
(-0.00102 0.0024857 0)
(-0.000454747 0.00220231 0)
(0.000152316 0.00194538 0)
(0.00079185 0.00171009 0)
(0.00146122 0.0014922 0)
(0.0021565 0.00128869 0)
(0.00287593 0.00109694 0)
(0.0036177 0.00091493 0)
(0.00438084 0.000740932 0)
(0.00516454 0.000573544 0)
(0.00596836 0.000411549 0)
(0.00679199 0.000253914 0)
(0.00763532 9.97328e-05 0)
(0.00849833 -5.17889e-05 0)
(0.00938111 -0.000201359 0)
(0.0102838 -0.000349609 0)
(0.0112067 -0.000497109 0)
(0.0121499 -0.000644371 0)
(0.0131137 -0.000791859 0)
(0.0140985 -0.000939988 0)
(0.0151045 -0.00108913 0)
(0.0161318 -0.00123961 0)
(0.0171809 -0.0013917 0)
(0.0182518 -0.00154565 0)
(0.0193448 -0.00170163 0)
(0.0204598 -0.00185978 0)
(0.0215969 -0.00202017 0)
(0.0227561 -0.00218284 0)
(0.0239371 -0.00234774 0)
(0.0251398 -0.00251476 0)
(0.0263638 -0.00268375 0)
(0.0276085 -0.00285446 0)
(0.0288735 -0.00302659 0)
(0.030158 -0.00319975 0)
(0.0314612 -0.00337351 0)
(0.032782 -0.00354734 0)
(0.0341194 -0.00372065 0)
(0.035472 -0.0038928 0)
(0.0368384 -0.00406306 0)
(0.038217 -0.00423066 0)
(0.0396062 -0.00439478 0)
(0.041004 -0.00455456 0)
(0.0424084 -0.00470909 0)
(0.0438172 -0.00485745 0)
(0.0452283 -0.00499867 0)
(0.046639 -0.00513182 0)
(0.048047 -0.00525595 0)
(0.0494497 -0.00537013 0)
(0.0508442 -0.00547345 0)
(0.0522278 -0.00556506 0)
(0.0535977 -0.00564416 0)
(0.054951 -0.00571002 0)
(0.0562848 -0.00576197 0)
(0.0575962 -0.00579946 0)
(0.0588825 -0.00582202 0)
(0.0601408 -0.00582931 0)
(0.0613685 -0.00582109 0)
(0.0625629 -0.00579726 0)
(0.0637217 -0.00575785 0)
(0.0648426 -0.00570302 0)
(0.0659234 -0.00563307 0)
(0.0669624 -0.00554842 0)
(0.0679577 -0.00544964 0)
(0.068908 -0.00533741 0)
(0.0698121 -0.00521252 0)
(0.0706691 -0.00507587 0)
(0.0714783 -0.00492847 0)
(0.0722393 -0.00477137 0)
(0.072952 -0.00460572 0)
(0.0736166 -0.00443271 0)
(0.0742333 -0.00425353 0)
(0.0748027 -0.00406943 0)
(0.0753258 -0.00388163 0)
(0.0758034 -0.00369135 0)
(0.0762369 -0.00349975 0)
(0.0766274 -0.00330797 0)
(0.0769766 -0.0031171 0)
(0.0772859 -0.00292814 0)
(0.0775572 -0.00274203 0)
(0.077792 -0.00255962 0)
(0.0779924 -0.00238168 0)
(0.07816 -0.00220889 0)
(0.0782968 -0.00204184 0)
(0.0784047 -0.00188102 0)
(0.0784854 -0.00172686 0)
(0.0785408 -0.00157967 0)
(0.0785728 -0.0014397 0)
(0.078583 -0.00130711 0)
(0.0785731 -0.001182 0)
(0.0785449 -0.00106439 0)
(0.0784998 -0.000954268 0)
(0.0784394 -0.000851533 0)
(0.0783651 -0.000756056 0)
(0.0782783 -0.000667664 0)
(0.0781803 -0.000586146 0)
(0.0780724 -0.000511263 0)
(0.0779556 -0.000442751 0)
(0.077831 -0.000380327 0)
(0.0776997 -0.000323694 0)
(0.0775626 -0.000272542 0)
(0.0774206 -0.000226558 0)
(0.0772745 -0.000185425 0)
(0.077125 -0.000148824 0)
(0.0769729 -0.000116443 0)
(0.0768187 -8.79711e-05 0)
(0.076663 -6.31081e-05 0)
(0.0765064 -4.15611e-05 0)
(0.0763493 -2.30479e-05 0)
(0.0761922 -7.29784e-06 0)
(0.0760354 5.94731e-06 0)
(0.0758793 1.69328e-05 0)
(0.0757241 2.58904e-05 0)
(0.0755703 3.30382e-05 0)
(0.0754179 3.85805e-05 0)
(0.0752672 4.27079e-05 0)
(0.0751184 4.55974e-05 0)
(0.0749716 4.74125e-05 0)
(0.0748269 4.8304e-05 0)
(0.0746844 4.84099e-05 0)
(0.0745443 4.78565e-05 0)
(0.0744066 4.67582e-05 0)
(0.0742713 4.52185e-05 0)
(0.0741384 4.33306e-05 0)
(0.0740081 4.11778e-05 0)
(0.0738802 3.88343e-05 0)
(0.0737548 3.63655e-05 0)
(0.0736318 3.38289e-05 0)
(0.0735113 3.12746e-05 0)
(0.0733932 2.87458e-05 0)
(0.0732775 2.62794e-05 0)
(0.0731642 2.39067e-05 0)
(0.0730531 2.16534e-05 0)
(0.0729443 1.95409e-05 0)
(0.0728377 1.75859e-05 0)
(0.0727332 1.58015e-05 0)
(0.0726309 1.41972e-05 0)
(0.0725306 1.27797e-05 0)
(0.0724322 1.15527e-05 0)
(0.0723358 1.05177e-05 0)
(0.0722413 9.67426e-06 0)
(0.0721485 9.01994e-06 0)
(0.0720576 8.55094e-06 0)
(0.0719683 8.26215e-06 0)
(0.0718807 8.14741e-06 0)
(0.0717947 8.19971e-06 0)
(0.0717102 8.41135e-06 0)
(0.0716273 8.77408e-06 0)
(0.0715458 9.27927e-06 0)
(0.0714656 9.91804e-06 0)
(0.0713869 1.06813e-05 0)
(0.0713094 1.156e-05 0)
(0.0712333 1.2545e-05 0)
(0.0711583 1.36272e-05 0)
(0.0710845 1.47977e-05 0)
(0.0710119 1.6048e-05 0)
(0.0709404 1.73694e-05 0)
(0.07087 1.87539e-05 0)
(0.0708007 2.01935e-05 0)
(0.0707323 2.16806e-05 0)
(0.0706649 2.3208e-05 0)
(0.0705985 2.47689e-05 0)
(0.070533 2.63566e-05 0)
(0.0704684 2.79649e-05 0)
(0.0704047 2.95882e-05 0)
(0.0703418 3.12208e-05 0)
(0.0702797 3.28579e-05 0)
(0.0702185 3.44947e-05 0)
(0.070158 3.61269e-05 0)
(0.0700983 3.77507e-05 0)
(0.0700393 3.93626e-05 0)
(0.069981 4.09597e-05 0)
(0.0699235 4.25393e-05 0)
(0.0698666 4.40996e-05 0)
(0.0698105 4.56393e-05 0)
(0.0697549 4.71575e-05 0)
(0.0697001 4.86548e-05 0)
(0.0696458 5.01323e-05 0)
(0.0695922 5.15929e-05 0)
(0.0695392 5.30412e-05 0)
(0.0694868 5.44842e-05 0)
(0.069435 5.59324e-05 0)
(0.0693838 5.74008e-05 0)
(0.0693332 5.89111e-05 0)
(0.0692833 6.04942e-05 0)
(0.069234 6.21947e-05 0)
(0.0691854 6.4076e-05 0)
(0.0691376 6.62382e-05 0)
(0.0690907 6.88147e-05 0)
(0.0690448 7.20528e-05 0)
(0.0690004 7.61284e-05 0)
(0.0689576 8.24583e-05 0)
(0.0689174 9.25019e-05 0)
(-0.000179854 0.00559659 0)
(-0.000141528 0.00561469 0)
(0.000993948 0.00502254 0)
(0.00217643 0.00400055 0)
(0.00361798 0.00328975 0)
(0.0050218 0.00272391 0)
(0.00646275 0.00226374 0)
(0.00787093 0.00188033 0)
(0.00926431 0.00154624 0)
(0.0106303 0.00125151 0)
(0.0119749 0.00098526 0)
(0.013298 0.000742108 0)
(0.0146029 0.000516902 0)
(0.0158919 0.000306312 0)
(0.0171674 0.000107422 0)
(0.0184315 -8.19407e-05 0)
(0.0196863 -0.000263622 0)
(0.0209336 -0.000439106 0)
(0.022175 -0.000609661 0)
(0.023412 -0.000776352 0)
(0.0246462 -0.000940105 0)
(0.0258786 -0.00110172 0)
(0.0271106 -0.00126191 0)
(0.0283433 -0.0014213 0)
(0.0295776 -0.00158044 0)
(0.0308146 -0.00173983 0)
(0.0320551 -0.0018999 0)
(0.0332999 -0.00206105 0)
(0.0345498 -0.00222359 0)
(0.0358053 -0.00238783 0)
(0.037067 -0.00255399 0)
(0.0383353 -0.00272225 0)
(0.0396107 -0.00289273 0)
(0.0408934 -0.00306551 0)
(0.0421835 -0.00324059 0)
(0.0434812 -0.00341791 0)
(0.0447862 -0.00359736 0)
(0.0460985 -0.00377873 0)
(0.0474178 -0.00396177 0)
(0.0487435 -0.00414615 0)
(0.050075 -0.00433143 0)
(0.0514118 -0.00451715 0)
(0.0527528 -0.00470273 0)
(0.0540971 -0.00488753 0)
(0.0554434 -0.00507084 0)
(0.0567906 -0.00525188 0)
(0.0581371 -0.00542981 0)
(0.0594813 -0.00560371 0)
(0.0608214 -0.00577262 0)
(0.0621556 -0.00593555 0)
(0.0634819 -0.00609145 0)
(0.0647982 -0.00623927 0)
(0.066102 -0.00637793 0)
(0.0673912 -0.00650635 0)
(0.0686633 -0.00662347 0)
(0.0699158 -0.00672826 0)
(0.0711461 -0.00681971 0)
(0.0723516 -0.0068969 0)
(0.0735298 -0.00695896 0)
(0.0746781 -0.00700511 0)
(0.075794 -0.00703467 0)
(0.076875 -0.00704707 0)
(0.0779188 -0.00704189 0)
(0.0789231 -0.00701881 0)
(0.079886 -0.00697769 0)
(0.0808054 -0.00691853 0)
(0.0816798 -0.00684149 0)
(0.0825078 -0.0067469 0)
(0.083288 -0.00663522 0)
(0.0840197 -0.0065071 0)
(0.0847021 -0.00636333 0)
(0.0853348 -0.00620483 0)
(0.0859179 -0.00603266 0)
(0.0864516 -0.00584798 0)
(0.0869362 -0.00565207 0)
(0.0873726 -0.00544626 0)
(0.0877617 -0.00523195 0)
(0.0881048 -0.0050106 0)
(0.0884033 -0.00478366 0)
(0.0886588 -0.00455259 0)
(0.0888731 -0.00431883 0)
(0.089048 -0.00408379 0)
(0.0891856 -0.00384881 0)
(0.0892878 -0.00361518 0)
(0.0893568 -0.00338409 0)
(0.0893946 -0.00315666 0)
(0.0894034 -0.0029339 0)
(0.0893853 -0.00271671 0)
(0.0893422 -0.00250591 0)
(0.0892763 -0.00230218 0)
(0.0891893 -0.00210611 0)
(0.0890832 -0.00191819 0)
(0.0889597 -0.0017388 0)
(0.0888204 -0.00156822 0)
(0.0886671 -0.00140664 0)
(0.0885011 -0.00125418 0)
(0.0883238 -0.00111087 0)
(0.0881367 -0.000976665 0)
(0.0879408 -0.000851467 0)
(0.0877374 -0.000735118 0)
(0.0875274 -0.000627409 0)
(0.087312 -0.000528092 0)
(0.0870919 -0.000436883 0)
(0.086868 -0.000353468 0)
(0.0866412 -0.000277512 0)
(0.086412 -0.000208659 0)
(0.0861811 -0.000146544 0)
(0.0859492 -9.07913e-05 0)
(0.0857167 -4.10221e-05 0)
(0.0854842 3.1431e-06 0)
(0.0852521 4.2081e-05 0)
(0.0850208 7.61626e-05 0)
(0.0847906 0.000105751 0)
(0.084562 0.0001312 0)
(0.0843352 0.00015285 0)
(0.0841104 0.000171031 0)
(0.0838879 0.000186056 0)
(0.0836679 0.000198225 0)
(0.0834505 0.000207822 0)
(0.083236 0.000215115 0)
(0.0830244 0.000220355 0)
(0.0828158 0.000223778 0)
(0.0826104 0.000225604 0)
(0.0824083 0.000226036 0)
(0.0822094 0.000225264 0)
(0.0820138 0.00022346 0)
(0.0818216 0.000220783 0)
(0.0816328 0.000217378 0)
(0.0814473 0.000213378 0)
(0.0812653 0.0002089 0)
(0.0810866 0.000204053 0)
(0.0809112 0.000198932 0)
(0.0807391 0.000193622 0)
(0.0805704 0.000188199 0)
(0.0804049 0.000182729 0)
(0.0802426 0.000177269 0)
(0.0800834 0.000171869 0)
(0.0799274 0.000166572 0)
(0.0797744 0.000161414 0)
(0.0796244 0.000156424 0)
(0.0794773 0.000151627 0)
(0.0793332 0.000147042 0)
(0.0791918 0.000142685 0)
(0.0790533 0.000138567 0)
(0.0789174 0.000134694 0)
(0.0787842 0.000131072 0)
(0.0786535 0.000127703 0)
(0.0785254 0.000124585 0)
(0.0783998 0.000121716 0)
(0.0782765 0.000119092 0)
(0.0781557 0.000116706 0)
(0.0780371 0.000114553 0)
(0.0779207 0.000112623 0)
(0.0778065 0.000110908 0)
(0.0776945 0.000109398 0)
(0.0775845 0.000108083 0)
(0.0774766 0.000106953 0)
(0.0773706 0.000105997 0)
(0.0772666 0.000105206 0)
(0.0771644 0.000104567 0)
(0.0770641 0.000104071 0)
(0.0769656 0.000103708 0)
(0.0768688 0.000103466 0)
(0.0767737 0.000103337 0)
(0.0766803 0.00010331 0)
(0.0765885 0.000103377 0)
(0.0764983 0.000103528 0)
(0.0764096 0.000103754 0)
(0.0763225 0.000104048 0)
(0.0762368 0.000104402 0)
(0.0761526 0.000104808 0)
(0.0760698 0.000105259 0)
(0.0759883 0.000105749 0)
(0.0759082 0.000106272 0)
(0.0758295 0.000106822 0)
(0.075752 0.000107393 0)
(0.0756758 0.00010798 0)
(0.0756008 0.00010858 0)
(0.075527 0.000109187 0)
(0.0754544 0.0001098 0)
(0.0753829 0.000110414 0)
(0.0753126 0.000111027 0)
(0.0752434 0.000111638 0)
(0.0751752 0.000112244 0)
(0.0751082 0.000112847 0)
(0.0750422 0.000113447 0)
(0.0749772 0.000114046 0)
(0.0749132 0.000114647 0)
(0.0748503 0.000115257 0)
(0.0747883 0.000115884 0)
(0.0747274 0.00011654 0)
(0.0746675 0.000117241 0)
(0.0746086 0.000118013 0)
(0.0745509 0.000118886 0)
(0.0744944 0.000119913 0)
(0.0744393 0.000121157 0)
(0.0743859 0.000122736 0)
(0.0743345 0.000124776 0)
(0.0742858 0.000128332 0)
(0.0742432 0.000131344 0)
(0.00500138 0.00204448 0)
(0.00750131 0.00308266 0)
(0.0124131 0.0026308 0)
(0.0156544 0.00201747 0)
(0.0187321 0.00139733 0)
(0.0213727 0.000899597 0)
(0.0237885 0.000486574 0)
(0.0260113 0.000148469 0)
(0.0280926 -0.000139554 0)
(0.0300588 -0.000390217 0)
(0.0319318 -0.000614751 0)
(0.0337267 -0.000819855 0)
(0.0354556 -0.00101058 0)
(0.0371275 -0.00119032 0)
(0.0387499 -0.00136162 0)
(0.0403289 -0.00152638 0)
(0.0418694 -0.0016861 0)
(0.0433758 -0.00184201 0)
(0.0448515 -0.00199511 0)
(0.0462999 -0.00214625 0)
(0.0477235 -0.0022962 0)
(0.0491249 -0.00244558 0)
(0.0505062 -0.00259497 0)
(0.0518694 -0.00274488 0)
(0.0532161 -0.00289574 0)
(0.0545479 -0.00304795 0)
(0.0558662 -0.00320184 0)
(0.0571722 -0.00335771 0)
(0.058467 -0.0035158 0)
(0.0597516 -0.0036763 0)
(0.0610267 -0.00383935 0)
(0.062293 -0.00400504 0)
(0.0635511 -0.0041734 0)
(0.0648014 -0.00434439 0)
(0.0660441 -0.00451794 0)
(0.0672793 -0.00469388 0)
(0.0685071 -0.00487199 0)
(0.0697272 -0.00505197 0)
(0.0709395 -0.00523344 0)
(0.0721434 -0.00541595 0)
(0.0733384 -0.00559897 0)
(0.0745237 -0.0057819 0)
(0.0756984 -0.00596404 0)
(0.0768616 -0.00614462 0)
(0.078012 -0.00632281 0)
(0.0791483 -0.0064977 0)
(0.080269 -0.00666829 0)
(0.0813726 -0.00683356 0)
(0.0824573 -0.0069924 0)
(0.0835212 -0.0071437 0)
(0.0845625 -0.00728628 0)
(0.085579 -0.00741896 0)
(0.0865687 -0.00754056 0)
(0.0875294 -0.00764989 0)
(0.0884589 -0.00774581 0)
(0.0893549 -0.00782719 0)
(0.0902153 -0.00789299 0)
(0.0910379 -0.00794224 0)
(0.0918206 -0.00797405 0)
(0.0925613 -0.00798765 0)
(0.0932583 -0.0079824 0)
(0.0939099 -0.00795781 0)
(0.0945145 -0.00791353 0)
(0.0950708 -0.0078494 0)
(0.0955779 -0.00776542 0)
(0.0960351 -0.00766178 0)
(0.0964418 -0.00753886 0)
(0.096798 -0.00739723 0)
(0.0971039 -0.00723762 0)
(0.09736 -0.00706096 0)
(0.0975671 -0.00686833 0)
(0.0977264 -0.00666096 0)
(0.0978394 -0.0064402 0)
(0.0979078 -0.00620751 0)
(0.0979336 -0.00596445 0)
(0.097919 -0.00571263 0)
(0.0978664 -0.00545371 0)
(0.0977783 -0.00518934 0)
(0.0976574 -0.00492118 0)
(0.0975063 -0.00465087 0)
(0.0973278 -0.00437995 0)
(0.0971245 -0.00410995 0)
(0.0968991 -0.00384227 0)
(0.0966542 -0.00357822 0)
(0.0963923 -0.00331902 0)
(0.0961157 -0.00306575 0)
(0.0958267 -0.00281938 0)
(0.0955274 -0.00258075 0)
(0.0952196 -0.00235059 0)
(0.0949051 -0.00212949 0)
(0.0945856 -0.00191794 0)
(0.0942624 -0.00171632 0)
(0.0939368 -0.00152488 0)
(0.09361 -0.0013438 0)
(0.0932829 -0.00117316 0)
(0.0929564 -0.00101295 0)
(0.0926313 -0.000863095 0)
(0.0923082 -0.00072345 0)
(0.0919875 -0.000593815 0)
(0.0916699 -0.000473938 0)
(0.0913555 -0.000363528 0)
(0.0910448 -0.000262254 0)
(0.0907379 -0.000169759 0)
(0.0904351 -8.5662e-05 0)
(0.0901364 -9.5662e-06 0)
(0.0898421 5.89387e-05 0)
(0.0895522 0.00012027 0)
(0.0892667 0.000174849 0)
(0.0889856 0.000223096 0)
(0.0887091 0.000265428 0)
(0.088437 0.000302256 0)
(0.0881694 0.000333983 0)
(0.0879062 0.000360999 0)
(0.0876475 0.000383683 0)
(0.0873932 0.000402401 0)
(0.0871432 0.000417503 0)
(0.0868976 0.000429323 0)
(0.0866562 0.000438177 0)
(0.0864191 0.000444367 0)
(0.0861861 0.000448176 0)
(0.0859573 0.000449869 0)
(0.0857326 0.000449696 0)
(0.0855119 0.000447887 0)
(0.0852952 0.000444657 0)
(0.0850825 0.000440206 0)
(0.0848736 0.000434715 0)
(0.0846686 0.000428352 0)
(0.0844674 0.000421269 0)
(0.0842699 0.000413606 0)
(0.0840761 0.000405487 0)
(0.0838859 0.000397026 0)
(0.0836993 0.000388323 0)
(0.0835162 0.000379468 0)
(0.0833366 0.000370541 0)
(0.0831603 0.000361611 0)
(0.0829875 0.000352738 0)
(0.0828179 0.000343975 0)
(0.0826516 0.000335367 0)
(0.0824885 0.000326952 0)
(0.0823286 0.00031876 0)
(0.0821717 0.000310818 0)
(0.0820178 0.000303145 0)
(0.081867 0.000295757 0)
(0.081719 0.000288667 0)
(0.081574 0.000281881 0)
(0.0814317 0.000275404 0)
(0.0812922 0.000269237 0)
(0.0811555 0.00026338 0)
(0.0810214 0.00025783 0)
(0.0808899 0.000252581 0)
(0.0807609 0.000247626 0)
(0.0806345 0.000242959 0)
(0.0805106 0.00023857 0)
(0.0803891 0.00023445 0)
(0.0802699 0.000230587 0)
(0.0801531 0.000226971 0)
(0.0800385 0.000223591 0)
(0.0799262 0.000220434 0)
(0.0798161 0.00021749 0)
(0.0797081 0.000214747 0)
(0.0796022 0.000212193 0)
(0.0794983 0.000209817 0)
(0.0793965 0.000207607 0)
(0.0792967 0.000205552 0)
(0.0791988 0.000203643 0)
(0.0791028 0.000201868 0)
(0.0790087 0.000200217 0)
(0.0789163 0.000198682 0)
(0.0788258 0.000197252 0)
(0.078737 0.00019592 0)
(0.0786499 0.000194676 0)
(0.0785645 0.000193513 0)
(0.0784807 0.000192424 0)
(0.0783986 0.000191401 0)
(0.078318 0.000190438 0)
(0.078239 0.000189528 0)
(0.0781614 0.000188667 0)
(0.0780854 0.000187847 0)
(0.0780108 0.000187066 0)
(0.0779376 0.000186317 0)
(0.0778658 0.000185598 0)
(0.0777954 0.000184905 0)
(0.0777263 0.000184235 0)
(0.0776585 0.000183585 0)
(0.077592 0.000182953 0)
(0.0775268 0.000182339 0)
(0.0774628 0.000181741 0)
(0.0774 0.00018116 0)
(0.0773385 0.000180595 0)
(0.0772781 0.000180049 0)
(0.077219 0.000179523 0)
(0.0771611 0.000179017 0)
(0.0771045 0.000178533 0)
(0.0770491 0.000178069 0)
(0.0769952 0.000177618 0)
(0.0769429 0.000177161 0)
(0.0768924 0.000176681 0)
(0.0768443 0.0001761 0)
(0.0767993 0.000175926 0)
(0.0767619 0.00017055 0)
(0.0344491 -1.68739e-06 0)
(0.034603 -0.000145497 0)
(0.0349197 -0.000262794 0)
(0.0353515 -0.000324978 0)
(0.0358455 -0.000363004 0)
(0.036483 -0.000437339 0)
(0.0371403 -0.000316196 0)
(0.0378166 -0.000769285 0)
(0.0908647 -5.36072e-06 0)
(0.0906414 -0.000125837 0)
(0.0905741 -0.000288094 0)
(0.0906078 -0.000452995 0)
(0.0907513 -0.000630452 0)
(0.0909794 -0.000806659 0)
(0.0913221 -0.00100059 0)
(0.0921926 -0.00166312 0)
(0.128437 -9.13623e-06 0)
(0.128259 -8.9182e-05 0)
(0.128172 -0.000212047 0)
(0.128132 -0.000368472 0)
(0.12812 -0.000550766 0)
(0.128137 -0.000762541 0)
(0.128223 -0.00108785 0)
(0.12822 -0.00150459 0)
(0.147212 -1.3063e-05 0)
(0.147034 -9.97957e-05 0)
(0.146936 -0.000213322 0)
(0.146873 -0.000353952 0)
(0.146821 -0.000525025 0)
(0.146778 -0.000744479 0)
(0.146719 -0.00101099 0)
(0.146652 -0.00136365 0)
(0.147217 -1.83608e-05 0)
(0.147038 -0.000107441 0)
(0.146928 -0.000205832 0)
(0.146841 -0.000323626 0)
(0.146751 -0.000471689 0)
(0.146638 -0.000656294 0)
(0.146492 -0.000892713 0)
(0.146286 -0.00118138 0)
(0.12845 -2.60994e-05 0)
(0.128254 -0.000123536 0)
(0.128113 -0.000208801 0)
(0.127976 -0.000301878 0)
(0.127816 -0.000417833 0)
(0.127618 -0.000567823 0)
(0.127364 -0.000755274 0)
(0.127039 -0.000979559 0)
(0.0908857 -4.00673e-05 0)
(0.0906068 -0.000102171 0)
(0.0903893 -0.00013254 0)
(0.0901721 -0.000173637 0)
(0.0899279 -0.000244001 0)
(0.0896335 -0.000347551 0)
(0.0892668 -0.000481307 0)
(0.0888051 -0.000636601 0)
(0.0344545 -4.61292e-05 0)
(0.0343728 -2.45423e-05 0)
(0.0343219 7.69904e-06 0)
(0.0342694 6.65203e-06 0)
(0.0341577 -2.5977e-05 0)
(0.033959 -7.79955e-05 0)
(0.0336582 -0.000136549 0)
(0.0332504 -0.000191067 0)
(0.0404833 -0.00349263 0)
(0.0433917 -0.00318607 0)
(0.0460302 -0.00286898 0)
(0.0485926 -0.0025607 0)
(0.0509422 -0.00240986 0)
(0.0531298 -0.00235385 0)
(0.0551772 -0.00236343 0)
(0.0571095 -0.00241058 0)
(0.0589459 -0.00247995 0)
(0.0607001 -0.00256213 0)
(0.0623827 -0.002652 0)
(0.0640015 -0.00274667 0)
(0.065563 -0.00284457 0)
(0.0670721 -0.00294485 0)
(0.0685333 -0.00304705 0)
(0.0699502 -0.00315101 0)
(0.0713261 -0.00325667 0)
(0.0726638 -0.00336411 0)
(0.0739658 -0.00347344 0)
(0.0752344 -0.00358483 0)
(0.0764718 -0.00369846 0)
(0.0776796 -0.00381452 0)
(0.0788597 -0.00393322 0)
(0.0800135 -0.00405472 0)
(0.0811424 -0.00417923 0)
(0.0822477 -0.00430687 0)
(0.0833303 -0.0044378 0)
(0.0843914 -0.00457212 0)
(0.0854316 -0.00470989 0)
(0.0864517 -0.00485115 0)
(0.0874523 -0.00499589 0)
(0.0884337 -0.00514407 0)
(0.0893963 -0.00529558 0)
(0.0903403 -0.00545026 0)
(0.0912657 -0.00560788 0)
(0.0921724 -0.00576817 0)
(0.0930602 -0.00593077 0)
(0.0939288 -0.00609525 0)
(0.0947775 -0.00626113 0)
(0.0956059 -0.0064278 0)
(0.0964131 -0.00659462 0)
(0.0971982 -0.00676084 0)
(0.0979601 -0.00692565 0)
(0.0986978 -0.00708813 0)
(0.0994099 -0.00724733 0)
(0.100095 -0.0074022 0)
(0.100751 -0.00755161 0)
(0.101378 -0.00769442 0)
(0.101972 -0.00782941 0)
(0.102533 -0.00795532 0)
(0.103059 -0.0080709 0)
(0.103547 -0.00817486 0)
(0.103996 -0.00826593 0)
(0.104403 -0.00834289 0)
(0.104768 -0.00840453 0)
(0.105089 -0.00844972 0)
(0.105363 -0.00847743 0)
(0.10559 -0.00848672 0)
(0.105768 -0.00847678 0)
(0.105897 -0.00844695 0)
(0.105974 -0.00839673 0)
(0.106001 -0.00832581 0)
(0.105977 -0.00823406 0)
(0.105902 -0.00812155 0)
(0.105777 -0.00798859 0)
(0.105603 -0.00783565 0)
(0.10538 -0.00766346 0)
(0.105112 -0.00747293 0)
(0.104799 -0.00726515 0)
(0.104445 -0.00704139 0)
(0.104053 -0.0068031 0)
(0.103624 -0.00655183 0)
(0.103163 -0.00628924 0)
(0.102674 -0.00601709 0)
(0.102159 -0.00573716 0)
(0.101622 -0.00545128 0)
(0.101068 -0.00516125 0)
(0.100499 -0.00486884 0)
(0.0999199 -0.00457578 0)
(0.0993333 -0.00428369 0)
(0.0987428 -0.00399413 0)
(0.0981515 -0.00370851 0)
(0.097562 -0.00342814 0)
(0.0969769 -0.00315419 0)
(0.0963987 -0.0028877 0)
(0.0958291 -0.00262957 0)
(0.0952701 -0.00238056 0)
(0.0947229 -0.00214131 0)
(0.0941889 -0.00191232 0)
(0.093669 -0.00169398 0)
(0.0931638 -0.00148655 0)
(0.092674 -0.0012902 0)
(0.0921996 -0.00110502 0)
(0.091741 -0.00093098 0)
(0.0912981 -0.000768007 0)
(0.0908706 -0.000615944 0)
(0.0904584 -0.000474578 0)
(0.0900612 -0.000343648 0)
(0.0896784 -0.000222851 0)
(0.0893095 -0.000111847 0)
(0.0889542 -1.02687e-05 0)
(0.0886117 8.22735e-05 0)
(0.0882815 0.000166187 0)
(0.087963 0.000241892 0)
(0.0876556 0.000309816 0)
(0.0873587 0.00037039 0)
(0.0870719 0.000424046 0)
(0.0867944 0.000471213 0)
(0.0865258 0.000512314 0)
(0.0862655 0.000547767 0)
(0.0860131 0.000577979 0)
(0.0857681 0.000603343 0)
(0.0855302 0.000624243 0)
(0.0852988 0.000641047 0)
(0.0850736 0.000654109 0)
(0.0848542 0.000663767 0)
(0.0846405 0.000670343 0)
(0.0844319 0.000674141 0)
(0.0842284 0.00067545 0)
(0.0840295 0.000674541 0)
(0.0838352 0.000671669 0)
(0.0836452 0.000667072 0)
(0.0834592 0.000660972 0)
(0.0832773 0.000653573 0)
(0.083099 0.000645065 0)
(0.0829245 0.000635624 0)
(0.0827534 0.000625409 0)
(0.0825858 0.000614566 0)
(0.0824215 0.000603228 0)
(0.0822603 0.000591515 0)
(0.0821023 0.000579535 0)
(0.0819473 0.000567384 0)
(0.0817953 0.000555149 0)
(0.0816462 0.000542905 0)
(0.0814999 0.000530719 0)
(0.0813564 0.00051865 0)
(0.0812156 0.000506746 0)
(0.0810775 0.000495051 0)
(0.0809421 0.0004836 0)
(0.0808093 0.000472424 0)
(0.080679 0.000461547 0)
(0.0805512 0.000450987 0)
(0.0804259 0.00044076 0)
(0.080303 0.000430875 0)
(0.0801826 0.000421341 0)
(0.0800645 0.00041216 0)
(0.0799488 0.000403334 0)
(0.0798354 0.000394861 0)
(0.0797242 0.000386737 0)
(0.0796153 0.000378958 0)
(0.0795086 0.000371515 0)
(0.0794041 0.000364401 0)
(0.0793017 0.000357606 0)
(0.0792014 0.000351121 0)
(0.0791032 0.000344934 0)
(0.0790071 0.000339033 0)
(0.078913 0.000333409 0)
(0.0788209 0.000328047 0)
(0.0787307 0.000322937 0)
(0.0786424 0.000318067 0)
(0.0785561 0.000313424 0)
(0.0784716 0.000308997 0)
(0.0783889 0.000304773 0)
(0.0783081 0.000300743 0)
(0.078229 0.000296894 0)
(0.0781516 0.000293216 0)
(0.0780759 0.000289698 0)
(0.078002 0.000286332 0)
(0.0779296 0.000283106 0)
(0.0778589 0.000280011 0)
(0.0777898 0.00027704 0)
(0.0777222 0.000274184 0)
(0.0776561 0.000271434 0)
(0.0775915 0.000268783 0)
(0.0775284 0.000266224 0)
(0.0774668 0.000263751 0)
(0.0774065 0.000261356 0)
(0.0773476 0.000259035 0)
(0.0772901 0.000256782 0)
(0.0772339 0.000254591 0)
(0.077179 0.000252458 0)
(0.0771254 0.000250378 0)
(0.077073 0.000248348 0)
(0.0770218 0.000246365 0)
(0.0769719 0.000244423 0)
(0.0769231 0.000242521 0)
(0.0768755 0.000240654 0)
(0.076829 0.00023882 0)
(0.0767837 0.000237014 0)
(0.0767395 0.00023523 0)
(0.0766964 0.000233459 0)
(0.0766544 0.000231688 0)
(0.0766136 0.000229898 0)
(0.0765741 0.000228052 0)
(0.0765358 0.000226096 0)
(0.0764989 0.000223928 0)
(0.0764637 0.000221413 0)
(0.0764305 0.00021824 0)
(0.0764 0.000214571 0)
(0.0763762 0.000201396 0)
(0.0928214 -0.00216728 0)
(0.0928788 -0.0026404 0)
(0.0931802 -0.00290757 0)
(0.0936412 -0.00308913 0)
(0.0942568 -0.00322761 0)
(0.0949667 -0.0033478 0)
(0.0957379 -0.00345817 0)
(0.096545 -0.00356156 0)
(0.0973717 -0.00365905 0)
(0.0982066 -0.00375133 0)
(0.0990418 -0.00383919 0)
(0.0998713 -0.00392354 0)
(0.100691 -0.00400533 0)
(0.101498 -0.00408544 0)
(0.102289 -0.00416473 0)
(0.103063 -0.00424392 0)
(0.103818 -0.00432366 0)
(0.104553 -0.00440451 0)
(0.105268 -0.00448698 0)
(0.105962 -0.00457148 0)
(0.106635 -0.0046584 0)
(0.107286 -0.00474804 0)
(0.107915 -0.0048407 0)
(0.108523 -0.0049366 0)
(0.109109 -0.00503593 0)
(0.109673 -0.00513886 0)
(0.110215 -0.00524549 0)
(0.110735 -0.0053559 0)
(0.111232 -0.00547011 0)
(0.111708 -0.00558809 0)
(0.11216 -0.00570979 0)
(0.11259 -0.00583506 0)
(0.112996 -0.00596375 0)
(0.113379 -0.00609559 0)
(0.113737 -0.00623029 0)
(0.11407 -0.00636747 0)
(0.114377 -0.00650668 0)
(0.114657 -0.00664739 0)
(0.11491 -0.006789 0)
(0.115134 -0.00693083 0)
(0.115328 -0.00707209 0)
(0.115492 -0.00721196 0)
(0.115622 -0.00734948 0)
(0.115719 -0.00748367 0)
(0.115781 -0.00761342 0)
(0.115806 -0.00773761 0)
(0.115792 -0.00785502 0)
(0.115738 -0.00796439 0)
(0.115643 -0.00806445 0)
(0.115505 -0.00815388 0)
(0.115322 -0.00823138 0)
(0.115092 -0.00829564 0)
(0.114816 -0.0083454 0)
(0.11449 -0.00837946 0)
(0.114116 -0.00839669 0)
(0.113691 -0.00839605 0)
(0.113215 -0.00837666 0)
(0.112689 -0.00833776 0)
(0.112112 -0.00827876 0)
(0.111485 -0.00819927 0)
(0.11081 -0.00809909 0)
(0.110087 -0.00797825 0)
(0.10932 -0.00783701 0)
(0.108509 -0.00767584 0)
(0.107658 -0.00749546 0)
(0.106771 -0.00729681 0)
(0.105851 -0.00708102 0)
(0.104902 -0.00684944 0)
(0.103928 -0.00660357 0)
(0.102935 -0.00634505 0)
(0.101927 -0.00607564 0)
(0.100908 -0.00579718 0)
(0.0998843 -0.00551155 0)
(0.0988601 -0.00522065 0)
(0.0978402 -0.00492634 0)
(0.0968291 -0.00463046 0)
(0.0958311 -0.00433474 0)
(0.0948502 -0.00404084 0)
(0.0938899 -0.0037503 0)
(0.0929536 -0.0034645 0)
(0.0920438 -0.00318472 0)
(0.0911631 -0.00291205 0)
(0.0903134 -0.00264748 0)
(0.0894962 -0.0023918 0)
(0.0887126 -0.00214571 0)
(0.0879634 -0.00190974 0)
(0.0872489 -0.00168429 0)
(0.0865693 -0.00146967 0)
(0.0859243 -0.00126606 0)
(0.0853134 -0.00107355 0)
(0.084736 -0.000892151 0)
(0.0841911 -0.000721781 0)
(0.0836777 -0.000562307 0)
(0.0831946 -0.000413535 0)
(0.0827405 -0.000275221 0)
(0.0823141 -0.000147084 0)
(0.081914 -2.88074e-05 0)
(0.0815389 7.99513e-05 0)
(0.0811871 0.000179556 0)
(0.0808574 0.000270386 0)
(0.0805483 0.000352833 0)
(0.0802585 0.000427297 0)
(0.0799867 0.000494181 0)
(0.0797314 0.000553892 0)
(0.0794916 0.000606832 0)
(0.079266 0.000653404 0)
(0.0790536 0.000694002 0)
(0.0788532 0.000729016 0)
(0.078664 0.000758823 0)
(0.0784849 0.000783795 0)
(0.0783152 0.000804291 0)
(0.078154 0.000820656 0)
(0.0780006 0.000833227 0)
(0.0778543 0.000842322 0)
(0.0777145 0.00084825 0)
(0.0775806 0.000851304 0)
(0.0774521 0.000851761 0)
(0.0773285 0.000849887 0)
(0.0772095 0.000845929 0)
(0.0770945 0.000840123 0)
(0.0769834 0.000832688 0)
(0.0768756 0.000823831 0)
(0.0767711 0.000813742 0)
(0.0766695 0.0008026 0)
(0.0765706 0.000790568 0)
(0.0764743 0.000777798 0)
(0.0763803 0.000764429 0)
(0.0762884 0.000750587 0)
(0.0761987 0.000736387 0)
(0.0761109 0.000721935 0)
(0.076025 0.000707323 0)
(0.0759409 0.000692635 0)
(0.0758585 0.000677947 0)
(0.0757777 0.000663323 0)
(0.0756985 0.000648823 0)
(0.0756208 0.000634496 0)
(0.0755447 0.000620386 0)
(0.07547 0.00060653 0)
(0.0753968 0.000592959 0)
(0.075325 0.000579697 0)
(0.0752546 0.000566767 0)
(0.0751856 0.000554183 0)
(0.075118 0.000541959 0)
(0.0750518 0.000530103 0)
(0.0749869 0.00051862 0)
(0.0749234 0.000507512 0)
(0.0748612 0.00049678 0)
(0.0748004 0.000486422 0)
(0.0747409 0.000476433 0)
(0.0746827 0.000466807 0)
(0.0746258 0.000457538 0)
(0.0745703 0.000448617 0)
(0.074516 0.000440035 0)
(0.074463 0.000431781 0)
(0.0744113 0.000423847 0)
(0.0743609 0.000416219 0)
(0.0743117 0.000408888 0)
(0.0742638 0.000401841 0)
(0.0742171 0.000395067 0)
(0.0741717 0.000388554 0)
(0.0741275 0.000382291 0)
(0.0740844 0.000376265 0)
(0.0740426 0.000370467 0)
(0.0740019 0.000364884 0)
(0.0739624 0.000359506 0)
(0.073924 0.000354322 0)
(0.0738868 0.000349323 0)
(0.0738507 0.000344499 0)
(0.0738156 0.000339839 0)
(0.0737816 0.000335335 0)
(0.0737487 0.000330979 0)
(0.0737169 0.000326762 0)
(0.073686 0.000322676 0)
(0.0736562 0.000318713 0)
(0.0736274 0.000314866 0)
(0.0735995 0.00031113 0)
(0.0735726 0.000307496 0)
(0.0735466 0.000303959 0)
(0.0735215 0.000300514 0)
(0.0734973 0.000297154 0)
(0.073474 0.000293875 0)
(0.0734516 0.000290673 0)
(0.07343 0.000287541 0)
(0.0734092 0.000284477 0)
(0.0733893 0.000281474 0)
(0.0733701 0.000278528 0)
(0.0733518 0.000275634 0)
(0.0733342 0.000272785 0)
(0.0733173 0.000269973 0)
(0.0733013 0.000267185 0)
(0.073286 0.000264406 0)
(0.0732714 0.000261611 0)
(0.0732577 0.000258764 0)
(0.0732448 0.000255807 0)
(0.0732327 0.000252653 0)
(0.0732216 0.00024914 0)
(0.0732115 0.000245064 0)
(0.0732026 0.00023993 0)
(0.0731953 0.000234194 0)
(0.073192 0.000215909 0)
(0.128147 -0.00211704 0)
(0.128093 -0.0026144 0)
(0.128023 -0.00298391 0)
(0.127999 -0.00325539 0)
(0.128024 -0.00346558 0)
(0.128093 -0.00363714 0)
(0.128195 -0.00378314 0)
(0.128321 -0.00391082 0)
(0.128463 -0.00402441 0)
(0.128612 -0.00412668 0)
(0.128764 -0.00421974 0)
(0.128914 -0.00430531 0)
(0.129058 -0.00438491 0)
(0.129194 -0.00445989 0)
(0.129319 -0.00453145 0)
(0.129431 -0.00460066 0)
(0.129528 -0.00466846 0)
(0.129608 -0.00473569 0)
(0.129671 -0.00480308 0)
(0.129716 -0.00487126 0)
(0.129741 -0.0049408 0)
(0.129745 -0.00501215 0)
(0.129729 -0.00508573 0)
(0.129691 -0.00516186 0)
(0.12963 -0.00524081 0)
(0.129547 -0.00532279 0)
(0.12944 -0.00540794 0)
(0.129309 -0.00549635 0)
(0.129153 -0.00558805 0)
(0.128971 -0.00568301 0)
(0.128763 -0.00578113 0)
(0.128528 -0.00588225 0)
(0.128265 -0.00598616 0)
(0.127973 -0.00609255 0)
(0.127651 -0.00620107 0)
(0.127298 -0.00631126 0)
(0.126913 -0.00642263 0)
(0.126494 -0.00653456 0)
(0.126041 -0.00664638 0)
(0.125552 -0.00675732 0)
(0.125026 -0.00686656 0)
(0.124461 -0.00697315 0)
(0.123856 -0.00707611 0)
(0.12321 -0.00717436 0)
(0.122521 -0.00726678 0)
(0.121788 -0.00735218 0)
(0.121009 -0.00742932 0)
(0.120184 -0.00749696 0)
(0.119311 -0.00755382 0)
(0.11839 -0.00759865 0)
(0.11742 -0.00763022 0)
(0.116401 -0.00764735 0)
(0.115332 -0.00764893 0)
(0.114215 -0.00763396 0)
(0.113049 -0.00760157 0)
(0.111837 -0.00755103 0)
(0.110579 -0.00748178 0)
(0.109277 -0.00739346 0)
(0.107935 -0.00728594 0)
(0.106556 -0.00715927 0)
(0.105143 -0.00701379 0)
(0.103701 -0.00685004 0)
(0.102233 -0.00666881 0)
(0.100746 -0.0064711 0)
(0.0992451 -0.00625814 0)
(0.0977353 -0.00603133 0)
(0.096223 -0.00579225 0)
(0.0947143 -0.00554257 0)
(0.0932154 -0.00528408 0)
(0.0917322 -0.00501863 0)
(0.0902706 -0.00474807 0)
(0.0888362 -0.00447425 0)
(0.0874344 -0.00419894 0)
(0.0860698 -0.00392386 0)
(0.0847468 -0.00365061 0)
(0.0834691 -0.00338067 0)
(0.0822401 -0.00311537 0)
(0.0810622 -0.0028559 0)
(0.0799376 -0.00260328 0)
(0.0788678 -0.0023584 0)
(0.0778535 -0.00212197 0)
(0.0768953 -0.00189457 0)
(0.075993 -0.00167664 0)
(0.0751462 -0.00146852 0)
(0.074354 -0.0012704 0)
(0.0736151 -0.00108241 0)
(0.072928 -0.000904567 0)
(0.0722911 -0.000736824 0)
(0.0717024 -0.000579072 0)
(0.0711598 -0.00043115 0)
(0.0706612 -0.000292855 0)
(0.0702044 -0.000163945 0)
(0.0697871 -4.41554e-05 0)
(0.0694069 6.68045e-05 0)
(0.0690617 0.00016924 0)
(0.0687491 0.000263469 0)
(0.0684671 0.000349819 0)
(0.0682134 0.000428623 0)
(0.0679859 0.000500217 0)
(0.0677827 0.00056494 0)
(0.0676019 0.000623128 0)
(0.0674417 0.000675117 0)
(0.0673002 0.000721241 0)
(0.067176 0.000761827 0)
(0.0670675 0.000797198 0)
(0.0669732 0.000827673 0)
(0.0668917 0.000853562 0)
(0.0668218 0.000875168 0)
(0.0667624 0.000892787 0)
(0.0667124 0.000906705 0)
(0.0666707 0.0009172 0)
(0.0666364 0.000924542 0)
(0.0666087 0.000928987 0)
(0.0665868 0.000930785 0)
(0.06657 0.000930173 0)
(0.0665576 0.000927378 0)
(0.0665491 0.000922617 0)
(0.0665439 0.000916095 0)
(0.0665416 0.000908005 0)
(0.0665417 0.000898531 0)
(0.0665439 0.000887846 0)
(0.0665478 0.00087611 0)
(0.0665531 0.000863473 0)
(0.0665596 0.000850076 0)
(0.066567 0.000836048 0)
(0.0665751 0.000821509 0)
(0.0665838 0.000806568 0)
(0.0665929 0.000791326 0)
(0.0666024 0.000775875 0)
(0.066612 0.000760297 0)
(0.0666217 0.000744667 0)
(0.0666314 0.000729052 0)
(0.0666411 0.000713511 0)
(0.0666508 0.000698097 0)
(0.0666604 0.000682856 0)
(0.0666698 0.000667828 0)
(0.0666791 0.000653047 0)
(0.0666883 0.000638543 0)
(0.0666973 0.00062434 0)
(0.0667062 0.000610458 0)
(0.066715 0.000596913 0)
(0.0667237 0.000583717 0)
(0.0667323 0.00057088 0)
(0.0667407 0.000558407 0)
(0.0667492 0.000546301 0)
(0.0667576 0.000534565 0)
(0.0667659 0.000523196 0)
(0.0667743 0.000512193 0)
(0.0667827 0.00050155 0)
(0.0667911 0.000491261 0)
(0.0667997 0.000481321 0)
(0.0668082 0.000471721 0)
(0.0668169 0.000462453 0)
(0.0668257 0.000453507 0)
(0.0668347 0.000444873 0)
(0.0668438 0.000436541 0)
(0.0668531 0.000428501 0)
(0.0668625 0.000420742 0)
(0.0668722 0.000413254 0)
(0.0668821 0.000406025 0)
(0.0668922 0.000399046 0)
(0.0669025 0.000392306 0)
(0.066913 0.000385793 0)
(0.0669239 0.000379499 0)
(0.0669349 0.000373414 0)
(0.0669462 0.000367526 0)
(0.0669578 0.000361829 0)
(0.0669696 0.000356311 0)
(0.0669817 0.000350965 0)
(0.0669941 0.000345782 0)
(0.0670068 0.000340754 0)
(0.0670197 0.000335874 0)
(0.0670328 0.000331133 0)
(0.0670463 0.000326525 0)
(0.06706 0.000322043 0)
(0.067074 0.000317681 0)
(0.0670882 0.000313432 0)
(0.0671027 0.000309291 0)
(0.0671174 0.000305252 0)
(0.0671324 0.00030131 0)
(0.0671477 0.00029746 0)
(0.0671631 0.000293697 0)
(0.0671788 0.000290015 0)
(0.0671948 0.00028641 0)
(0.0672109 0.000282877 0)
(0.0672273 0.000279409 0)
(0.0672439 0.000276 0)
(0.0672607 0.000272641 0)
(0.0672778 0.000269321 0)
(0.067295 0.000266025 0)
(0.0673125 0.000262731 0)
(0.0673302 0.000259409 0)
(0.0673481 0.000256016 0)
(0.0673663 0.000252482 0)
(0.0673847 0.000248721 0)
(0.0674033 0.000244545 0)
(0.0674221 0.000239776 0)
(0.0674411 0.000233696 0)
(0.0674604 0.000228005 0)
(0.0674807 0.000209095 0)
(0.146519 -0.00175688 0)
(0.146269 -0.00215679 0)
(0.145962 -0.00251648 0)
(0.145632 -0.00282503 0)
(0.145301 -0.00308653 0)
(0.144973 -0.00330853 0)
(0.144649 -0.00349787 0)
(0.144324 -0.00366001 0)
(0.143994 -0.00379931 0)
(0.143656 -0.00391939 0)
(0.143305 -0.00402336 0)
(0.142939 -0.00411395 0)
(0.142556 -0.00419354 0)
(0.142154 -0.00426426 0)
(0.141733 -0.00432798 0)
(0.14129 -0.00438634 0)
(0.140826 -0.00444077 0)
(0.140339 -0.0044925 0)
(0.139828 -0.00454262 0)
(0.139294 -0.00459202 0)
(0.138735 -0.0046415 0)
(0.138151 -0.00469169 0)
(0.137542 -0.00474314 0)
(0.136906 -0.00479628 0)
(0.136244 -0.00485144 0)
(0.135554 -0.00490888 0)
(0.134837 -0.00496876 0)
(0.13409 -0.00503117 0)
(0.133315 -0.00509613 0)
(0.132508 -0.00516359 0)
(0.131671 -0.00523339 0)
(0.130801 -0.00530536 0)
(0.129897 -0.0053792 0)
(0.12896 -0.00545458 0)
(0.127986 -0.00553106 0)
(0.126976 -0.00560815 0)
(0.125929 -0.00568527 0)
(0.124842 -0.00576177 0)
(0.123715 -0.00583693 0)
(0.122546 -0.00590993 0)
(0.121336 -0.0059799 0)
(0.120081 -0.00604591 0)
(0.118783 -0.00610697 0)
(0.117439 -0.00616201 0)
(0.11605 -0.00620997 0)
(0.114614 -0.00624973 0)
(0.113132 -0.00628017 0)
(0.111604 -0.0063002 0)
(0.110031 -0.00630874 0)
(0.108412 -0.00630477 0)
(0.106751 -0.00628735 0)
(0.105048 -0.00625564 0)
(0.103305 -0.00620894 0)
(0.101526 -0.00614668 0)
(0.0997142 -0.00606848 0)
(0.097873 -0.00597414 0)
(0.0960072 -0.00586368 0)
(0.0941218 -0.00573732 0)
(0.0922224 -0.00559553 0)
(0.0903149 -0.00543899 0)
(0.0884057 -0.00526858 0)
(0.0865016 -0.0050854 0)
(0.0846094 -0.00489072 0)
(0.0827362 -0.00468598 0)
(0.0808889 -0.00447271 0)
(0.0790743 -0.00425256 0)
(0.077299 -0.00402718 0)
(0.0755692 -0.00379828 0)
(0.0738907 -0.00356748 0)
(0.0722685 -0.00333636 0)
(0.0707072 -0.00310642 0)
(0.0692106 -0.00287901 0)
(0.0677818 -0.00265534 0)
(0.0664233 -0.00243648 0)
(0.0651366 -0.00222335 0)
(0.0639228 -0.00201668 0)
(0.0627822 -0.0018171 0)
(0.0617146 -0.00162505 0)
(0.060719 -0.00144089 0)
(0.0597944 -0.00126483 0)
(0.058939 -0.001097 0)
(0.0581508 -0.000937442 0)
(0.0574275 -0.000786136 0)
(0.0567666 -0.000643002 0)
(0.0561654 -0.000507916 0)
(0.0556212 -0.000380718 0)
(0.0551311 -0.000261226 0)
(0.0546922 -0.000149235 0)
(0.0543016 -4.45281e-05 0)
(0.0539565 5.31207e-05 0)
(0.0536539 0.000143945 0)
(0.0533913 0.000228181 0)
(0.0531657 0.000306067 0)
(0.0529747 0.000377843 0)
(0.0528158 0.000443748 0)
(0.0526864 0.00050402 0)
(0.0525843 0.000558896 0)
(0.0525074 0.00060861 0)
(0.0524534 0.000653394 0)
(0.0524204 0.000693481 0)
(0.0524066 0.000729099 0)
(0.0524101 0.000760472 0)
(0.0524293 0.000787824 0)
(0.0524626 0.000811375 0)
(0.0525086 0.000831342 0)
(0.0525658 0.000847938 0)
(0.052633 0.000861372 0)
(0.0527091 0.000871849 0)
(0.0527928 0.00087957 0)
(0.0528832 0.00088473 0)
(0.0529794 0.00088752 0)
(0.0530804 0.000888125 0)
(0.0531856 0.000886723 0)
(0.0532941 0.000883488 0)
(0.0534053 0.000878586 0)
(0.0535186 0.000872177 0)
(0.0536334 0.000864413 0)
(0.0537494 0.000855439 0)
(0.053866 0.000845395 0)
(0.0539829 0.000834412 0)
(0.0540996 0.000822612 0)
(0.054216 0.000810113 0)
(0.0543317 0.000797023 0)
(0.0544465 0.000783444 0)
(0.0545602 0.00076947 0)
(0.0546726 0.000755189 0)
(0.0547837 0.000740681 0)
(0.0548931 0.000726019 0)
(0.055001 0.000711272 0)
(0.0551072 0.0006965 0)
(0.0552116 0.000681758 0)
(0.0553142 0.000667094 0)
(0.0554149 0.000652554 0)
(0.0555138 0.000638176 0)
(0.0556109 0.000623994 0)
(0.0557061 0.000610036 0)
(0.0557994 0.000596328 0)
(0.055891 0.000582892 0)
(0.0559807 0.000569744 0)
(0.0560687 0.000556899 0)
(0.056155 0.000544368 0)
(0.0562396 0.00053216 0)
(0.0563226 0.00052028 0)
(0.0564039 0.000508732 0)
(0.0564838 0.000497516 0)
(0.0565621 0.000486634 0)
(0.056639 0.000476083 0)
(0.0567145 0.00046586 0)
(0.0567887 0.00045596 0)
(0.0568616 0.000446378 0)
(0.0569332 0.000437107 0)
(0.0570036 0.00042814 0)
(0.0570729 0.00041947 0)
(0.0571411 0.000411088 0)
(0.0572082 0.000402985 0)
(0.0572743 0.000395152 0)
(0.0573394 0.000387582 0)
(0.0574036 0.000380263 0)
(0.0574669 0.000373187 0)
(0.0575294 0.000366345 0)
(0.057591 0.000359728 0)
(0.0576518 0.000353326 0)
(0.0577118 0.00034713 0)
(0.0577711 0.000341133 0)
(0.0578297 0.000335324 0)
(0.0578877 0.000329697 0)
(0.057945 0.000324242 0)
(0.0580016 0.000318953 0)
(0.0580577 0.00031382 0)
(0.0581132 0.000308839 0)
(0.0581681 0.000304 0)
(0.0582224 0.000299298 0)
(0.0582763 0.000294726 0)
(0.0583296 0.000290279 0)
(0.0583825 0.000285949 0)
(0.0584348 0.000281732 0)
(0.0584867 0.000277623 0)
(0.0585382 0.000273615 0)
(0.0585892 0.000269705 0)
(0.0586397 0.000265887 0)
(0.0586899 0.000262158 0)
(0.0587396 0.000258511 0)
(0.058789 0.000254943 0)
(0.0588379 0.000251449 0)
(0.0588865 0.000248024 0)
(0.0589347 0.00024466 0)
(0.0589825 0.000241351 0)
(0.05903 0.000238088 0)
(0.059077 0.000234858 0)
(0.0591238 0.000231645 0)
(0.0591702 0.000228428 0)
(0.0592163 0.000225175 0)
(0.059262 0.000221848 0)
(0.0593073 0.000218371 0)
(0.0593523 0.0002147 0)
(0.0593968 0.000210628 0)
(0.0594406 0.000206235 0)
(0.0594834 0.000200185 0)
(0.0595256 0.000196312 0)
(0.0595681 0.000181883 0)
(0.145999 -0.00151584 0)
(0.145631 -0.00185659 0)
(0.145185 -0.00217396 0)
(0.144677 -0.00245341 0)
(0.144122 -0.00269187 0)
(0.143525 -0.00289179 0)
(0.142891 -0.00305764 0)
(0.142221 -0.00319428 0)
(0.141517 -0.0033063 0)
(0.140777 -0.00339785 0)
(0.140005 -0.00347256 0)
(0.139199 -0.00353357 0)
(0.138362 -0.00358358 0)
(0.137495 -0.00362491 0)
(0.136597 -0.00365953 0)
(0.135671 -0.00368913 0)
(0.134717 -0.00371515 0)
(0.133736 -0.00373881 0)
(0.132727 -0.00376112 0)
(0.131692 -0.00378293 0)
(0.130629 -0.00380493 0)
(0.12954 -0.0038277 0)
(0.128424 -0.00385166 0)
(0.127281 -0.00387714 0)
(0.12611 -0.00390438 0)
(0.124912 -0.00393353 0)
(0.123684 -0.00396465 0)
(0.122428 -0.00399774 0)
(0.121141 -0.0040327 0)
(0.119824 -0.00406939 0)
(0.118475 -0.0041076 0)
(0.117093 -0.00414705 0)
(0.115678 -0.00418739 0)
(0.114229 -0.00422823 0)
(0.112744 -0.00426908 0)
(0.111223 -0.00430944 0)
(0.109665 -0.0043487 0)
(0.10807 -0.00438622 0)
(0.106437 -0.00442131 0)
(0.104765 -0.00445321 0)
(0.103054 -0.00448113 0)
(0.101305 -0.00450426 0)
(0.099518 -0.00452174 0)
(0.097693 -0.00453272 0)
(0.0958314 -0.00453635 0)
(0.0939346 -0.00453179 0)
(0.0920044 -0.00451827 0)
(0.0900431 -0.00449506 0)
(0.0880537 -0.00446151 0)
(0.0860393 -0.00441708 0)
(0.084004 -0.00436138 0)
(0.0819522 -0.00429412 0)
(0.0798888 -0.00421522 0)
(0.0778193 -0.00412474 0)
(0.0757496 -0.00402295 0)
(0.0736861 -0.0039103 0)
(0.0716353 -0.0037874 0)
(0.0696042 -0.00365508 0)
(0.0675998 -0.00351429 0)
(0.0656289 -0.00336612 0)
(0.0636984 -0.00321177 0)
(0.0618148 -0.00305251 0)
(0.0599844 -0.00288962 0)
(0.0582128 -0.00272441 0)
(0.0565051 -0.00255813 0)
(0.0548658 -0.00239197 0)
(0.0532984 -0.00222702 0)
(0.0518061 -0.00206426 0)
(0.0503909 -0.00190454 0)
(0.0490544 -0.00174858 0)
(0.0477972 -0.00159697 0)
(0.0466195 -0.00145017 0)
(0.0455206 -0.00130853 0)
(0.0444996 -0.00117229 0)
(0.0435549 -0.00104161 0)
(0.0426845 -0.000916555 0)
(0.0418863 -0.000797158 0)
(0.0411577 -0.000683388 0)
(0.040496 -0.000575179 0)
(0.0398985 -0.000472441 0)
(0.0393621 -0.000375061 0)
(0.038884 -0.000282915 0)
(0.0384612 -0.000195868 0)
(0.0380906 -0.000113782 0)
(0.0377695 -3.65148e-05 0)
(0.0374947 3.60764e-05 0)
(0.0372637 0.000104133 0)
(0.0370735 0.000167797 0)
(0.0369217 0.000227206 0)
(0.0368055 0.000282498 0)
(0.0367225 0.000333808 0)
(0.0366704 0.000381268 0)
(0.0366468 0.000425011 0)
(0.0366496 0.000465165 0)
(0.0366767 0.00050186 0)
(0.0367261 0.000535223 0)
(0.0367959 0.000565381 0)
(0.0368843 0.00059246 0)
(0.0369896 0.000616586 0)
(0.0371101 0.000637885 0)
(0.0372444 0.000656483 0)
(0.037391 0.000672505 0)
(0.0375485 0.000686077 0)
(0.0377157 0.000697322 0)
(0.0378914 0.000706367 0)
(0.0380744 0.000713335 0)
(0.0382636 0.000718349 0)
(0.0384582 0.000721531 0)
(0.0386572 0.000723001 0)
(0.0388597 0.000722879 0)
(0.0390651 0.00072128 0)
(0.0392724 0.000718321 0)
(0.0394812 0.000714112 0)
(0.0396908 0.000708761 0)
(0.0399007 0.000702376 0)
(0.0401103 0.000695057 0)
(0.0403192 0.000686903 0)
(0.040527 0.000678007 0)
(0.0407334 0.000668461 0)
(0.0409379 0.000658349 0)
(0.0411404 0.000647753 0)
(0.0413406 0.000636749 0)
(0.0415382 0.000625409 0)
(0.0417332 0.000613802 0)
(0.0419252 0.000601988 0)
(0.0421143 0.000590027 0)
(0.0423002 0.000577973 0)
(0.042483 0.000565873 0)
(0.0426625 0.000553774 0)
(0.0428387 0.000541716 0)
(0.0430116 0.000529735 0)
(0.0431811 0.000517865 0)
(0.0433473 0.000506134 0)
(0.0435102 0.000494567 0)
(0.0436698 0.000483187 0)
(0.0438261 0.000472013 0)
(0.0439792 0.000461062 0)
(0.0441292 0.000450345 0)
(0.044276 0.000439875 0)
(0.0444197 0.000429659 0)
(0.0445605 0.000419705 0)
(0.0446983 0.000410017 0)
(0.0448333 0.000400597 0)
(0.0449655 0.000391446 0)
(0.045095 0.000382565 0)
(0.0452218 0.000373951 0)
(0.0453461 0.000365603 0)
(0.0454679 0.000357516 0)
(0.0455873 0.000349687 0)
(0.0457043 0.000342109 0)
(0.0458191 0.000334778 0)
(0.0459317 0.000327688 0)
(0.0460421 0.00032083 0)
(0.0461505 0.0003142 0)
(0.046257 0.00030779 0)
(0.0463615 0.000301591 0)
(0.0464641 0.000295598 0)
(0.0465649 0.000289803 0)
(0.0466641 0.000284198 0)
(0.0467615 0.000278776 0)
(0.0468573 0.000273529 0)
(0.0469515 0.000268451 0)
(0.0470442 0.000263535 0)
(0.0471355 0.000258773 0)
(0.0472253 0.00025416 0)
(0.0473137 0.000249688 0)
(0.0474008 0.000245351 0)
(0.0474866 0.000241143 0)
(0.0475711 0.000237059 0)
(0.0476544 0.000233093 0)
(0.0477365 0.00022924 0)
(0.0478175 0.000225494 0)
(0.0478973 0.00022185 0)
(0.0479761 0.000218304 0)
(0.0480538 0.000214852 0)
(0.0481305 0.000211488 0)
(0.0482061 0.000208209 0)
(0.0482808 0.000205012 0)
(0.0483545 0.000201891 0)
(0.0484273 0.000198844 0)
(0.0484992 0.000195867 0)
(0.0485702 0.000192956 0)
(0.0486403 0.000190108 0)
(0.0487095 0.000187318 0)
(0.0487779 0.000184581 0)
(0.0488455 0.000181892 0)
(0.0489123 0.000179244 0)
(0.0489783 0.000176629 0)
(0.0490435 0.000174036 0)
(0.0491079 0.00017145 0)
(0.0491716 0.000168853 0)
(0.0492345 0.000166217 0)
(0.0492966 0.000163516 0)
(0.0493579 0.000160696 0)
(0.0494183 0.000157754 0)
(0.0494777 0.000154428 0)
(0.049536 0.000151503 0)
(0.0495923 0.000146297 0)
(0.049647 0.000144872 0)
(0.049705 0.000139438 0)
(0.126622 -0.00122759 0)
(0.1261 -0.00147921 0)
(0.125475 -0.00171344 0)
(0.124757 -0.00191723 0)
(0.123957 -0.00208601 0)
(0.123083 -0.00222083 0)
(0.122145 -0.00232554 0)
(0.121148 -0.00240493 0)
(0.120098 -0.00246371 0)
(0.119001 -0.00250608 0)
(0.117862 -0.00253554 0)
(0.116686 -0.002555 0)
(0.115477 -0.0025668 0)
(0.114238 -0.00257288 0)
(0.112972 -0.00257481 0)
(0.111683 -0.00257388 0)
(0.110371 -0.00257117 0)
(0.109038 -0.00256755 0)
(0.107686 -0.00256373 0)
(0.106315 -0.00256028 0)
(0.104927 -0.00255764 0)
(0.10352 -0.00255615 0)
(0.102096 -0.00255602 0)
(0.100653 -0.00255741 0)
(0.0991929 -0.00256039 0)
(0.0977137 -0.00256495 0)
(0.0962153 -0.00257103 0)
(0.094697 -0.00257852 0)
(0.0931583 -0.00258723 0)
(0.0915985 -0.00259696 0)
(0.0900169 -0.00260742 0)
(0.0884129 -0.00261832 0)
(0.0867859 -0.00262929 0)
(0.0851356 -0.00263996 0)
(0.0834615 -0.00264988 0)
(0.0817637 -0.00265861 0)
(0.0800421 -0.00266565 0)
(0.0782971 -0.00267049 0)
(0.0765292 -0.00267261 0)
(0.0747393 -0.00267147 0)
(0.0729286 -0.00266655 0)
(0.0710987 -0.00265731 0)
(0.0692516 -0.00264328 0)
(0.0673897 -0.00262399 0)
(0.0655157 -0.00259904 0)
(0.063633 -0.00256811 0)
(0.0617452 -0.00253093 0)
(0.0598565 -0.00248737 0)
(0.0579713 -0.00243735 0)
(0.0560947 -0.00238095 0)
(0.0542316 -0.00231835 0)
(0.0523875 -0.00224984 0)
(0.050568 -0.00217582 0)
(0.0487786 -0.00209682 0)
(0.0470249 -0.00201341 0)
(0.0453123 -0.00192627 0)
(0.0436459 -0.00183611 0)
(0.0420306 -0.00174364 0)
(0.0404708 -0.00164962 0)
(0.0389703 -0.00155474 0)
(0.0375324 -0.00145969 0)
(0.0361599 -0.00136508 0)
(0.0348548 -0.00127146 0)
(0.0336187 -0.00117931 0)
(0.0324523 -0.00108904 0)
(0.0313561 -0.00100098 0)
(0.0303298 -0.000915392 0)
(0.0293728 -0.000832478 0)
(0.028484 -0.000752382 0)
(0.0276621 -0.000675202 0)
(0.0269054 -0.000600998 0)
(0.0262118 -0.000529795 0)
(0.0255795 -0.000461596 0)
(0.0250061 -0.000396379 0)
(0.0244893 -0.000334109 0)
(0.0240267 -0.000274738 0)
(0.023616 -0.000218207 0)
(0.0232547 -0.000164452 0)
(0.0229404 -0.000113404 0)
(0.0226708 -6.49896e-05 0)
(0.0224434 -1.91352e-05 0)
(0.0222559 2.42333e-05 0)
(0.0221062 6.51893e-05 0)
(0.0219921 0.000103804 0)
(0.0219114 0.000140148 0)
(0.021862 0.000174287 0)
(0.021842 0.000206285 0)
(0.0218495 0.000236203 0)
(0.0218826 0.000264101 0)
(0.0219395 0.000290033 0)
(0.0220186 0.000314054 0)
(0.0221181 0.000336217 0)
(0.0222366 0.000356572 0)
(0.0223724 0.00037517 0)
(0.0225241 0.000392062 0)
(0.0226904 0.000407296 0)
(0.0228699 0.000420924 0)
(0.0230613 0.000432998 0)
(0.0232635 0.00044357 0)
(0.0234752 0.000452693 0)
(0.0236953 0.000460423 0)
(0.0239228 0.000466815 0)
(0.0241568 0.000471927 0)
(0.0243962 0.000475818 0)
(0.0246402 0.000478548 0)
(0.024888 0.000480178 0)
(0.0251387 0.000480769 0)
(0.0253916 0.000480384 0)
(0.0256461 0.000479085 0)
(0.0259015 0.000476935 0)
(0.0261572 0.000473995 0)
(0.0264126 0.000470329 0)
(0.0266673 0.000465996 0)
(0.0269208 0.000461057 0)
(0.0271726 0.000455571 0)
(0.0274225 0.000449594 0)
(0.02767 0.000443182 0)
(0.0279148 0.000436389 0)
(0.0281567 0.000429264 0)
(0.0283954 0.000421859 0)
(0.0286308 0.000414218 0)
(0.0288625 0.000406387 0)
(0.0290906 0.000398406 0)
(0.0293148 0.000390315 0)
(0.029535 0.000382149 0)
(0.0297512 0.000373941 0)
(0.0299633 0.000365724 0)
(0.0301713 0.000357524 0)
(0.0303751 0.000349368 0)
(0.0305748 0.000341278 0)
(0.0307702 0.000333275 0)
(0.0309616 0.000325378 0)
(0.0311489 0.000317602 0)
(0.031332 0.000309961 0)
(0.0315112 0.000302468 0)
(0.0316864 0.000295132 0)
(0.0318578 0.000287962 0)
(0.0320253 0.000280963 0)
(0.0321891 0.000274142 0)
(0.0323492 0.000267503 0)
(0.0325058 0.000261046 0)
(0.0326589 0.000254775 0)
(0.0328085 0.000248689 0)
(0.0329549 0.000242787 0)
(0.0330981 0.000237068 0)
(0.0332381 0.000231531 0)
(0.0333752 0.000226171 0)
(0.0335092 0.000220987 0)
(0.0336405 0.000215974 0)
(0.0337689 0.000211127 0)
(0.0338947 0.000206443 0)
(0.0340179 0.000201917 0)
(0.0341386 0.000197544 0)
(0.0342568 0.000193319 0)
(0.0343727 0.000189237 0)
(0.0344864 0.000185292 0)
(0.0345978 0.000181481 0)
(0.0347071 0.000177796 0)
(0.0348144 0.000174234 0)
(0.0349196 0.00017079 0)
(0.0350229 0.000167458 0)
(0.0351244 0.000164234 0)
(0.035224 0.000161113 0)
(0.0353219 0.00015809 0)
(0.0354181 0.000155162 0)
(0.0355126 0.000152323 0)
(0.0356055 0.000149571 0)
(0.0356969 0.0001469 0)
(0.0357868 0.000144308 0)
(0.0358752 0.00014179 0)
(0.0359622 0.000139344 0)
(0.0360479 0.000136966 0)
(0.0361321 0.000134652 0)
(0.0362151 0.0001324 0)
(0.0362968 0.000130208 0)
(0.0363773 0.000128072 0)
(0.0364565 0.000125989 0)
(0.0365346 0.000123958 0)
(0.0366115 0.000121976 0)
(0.0366873 0.000120041 0)
(0.036762 0.00011815 0)
(0.0368356 0.0001163 0)
(0.0369082 0.00011449 0)
(0.0369798 0.000112716 0)
(0.0370503 0.000110975 0)
(0.0371199 0.000109263 0)
(0.0371885 0.000107574 0)
(0.0372561 0.000105902 0)
(0.0373228 0.000104239 0)
(0.0373885 0.000102576 0)
(0.0374533 0.000100893 0)
(0.0375172 9.9185e-05 0)
(0.0375801 9.74261e-05 0)
(0.037642 9.5564e-05 0)
(0.0377028 9.38165e-05 0)
(0.0377623 9.13505e-05 0)
(0.037821 9.06136e-05 0)
(0.0378774 8.66887e-05 0)
(0.0379303 8.68691e-05 0)
(0.0379938 9.18417e-05 0)
(0.0882298 -0.000799953 0)
(0.0875321 -0.000953427 0)
(0.0867159 -0.00108201 0)
(0.0857944 -0.00117809 0)
(0.084785 -0.00124153 0)
(0.0837049 -0.00127701 0)
(0.0825696 -0.00129103 0)
(0.0813921 -0.00128997 0)
(0.080183 -0.00127903 0)
(0.0789507 -0.00126208 0)
(0.077702 -0.00124181 0)
(0.0764418 -0.00121998 0)
(0.075174 -0.00119775 0)
(0.0739017 -0.00117591 0)
(0.0726269 -0.00115498 0)
(0.0713512 -0.00113532 0)
(0.0700753 -0.00111717 0)
(0.0688 -0.00110068 0)
(0.0675254 -0.00108594 0)
(0.0662513 -0.00107297 0)
(0.0649775 -0.00106173 0)
(0.0637035 -0.00105214 0)
(0.0624285 -0.0010441 0)
(0.061152 -0.00103747 0)
(0.0598732 -0.00103209 0)
(0.0585912 -0.00102779 0)
(0.0573054 -0.00102438 0)
(0.056015 -0.00102166 0)
(0.0547195 -0.00101943 0)
(0.0534182 -0.00101747 0)
(0.0521108 -0.00101556 0)
(0.0507971 -0.00101347 0)
(0.049477 -0.00101099 0)
(0.0481506 -0.00100789 0)
(0.0468182 -0.00100395 0)
(0.0454806 -0.000998951 0)
(0.0441384 -0.000992686 0)
(0.0427929 -0.000984965 0)
(0.0414453 -0.000975611 0)
(0.0400973 -0.000964472 0)
(0.0387508 -0.00095142 0)
(0.0374081 -0.00093636 0)
(0.0360715 -0.00091923 0)
(0.0347437 -0.000900008 0)
(0.0334276 -0.00087871 0)
(0.0321262 -0.000855392 0)
(0.0308427 -0.000830151 0)
(0.0295803 -0.000803123 0)
(0.0283422 -0.000774475 0)
(0.0271315 -0.000744402 0)
(0.0259515 -0.000713121 0)
(0.024805 -0.00068086 0)
(0.0236947 -0.000647853 0)
(0.0226232 -0.00061433 0)
(0.0215926 -0.000580512 0)
(0.0206049 -0.0005466 0)
(0.0196617 -0.000512778 0)
(0.0187641 -0.000479207 0)
(0.0179131 -0.000446025 0)
(0.0171092 -0.000413349 0)
(0.0163527 -0.00038128 0)
(0.0156435 -0.000349901 0)
(0.0149813 -0.000319287 0)
(0.0143654 -0.000289503 0)
(0.0137951 -0.000260608 0)
(0.0132694 -0.000232652 0)
(0.0127872 -0.00020568 0)
(0.0123471 -0.000179728 0)
(0.0119477 -0.000154824 0)
(0.0115878 -0.000130982 0)
(0.0112656 -0.000108205 0)
(0.0109798 -8.64875e-05 0)
(0.0107287 -6.5809e-05 0)
(0.0105108 -4.61427e-05 0)
(0.0103247 -2.74538e-05 0)
(0.0101687 -9.70309e-06 0)
(0.0100414 7.15079e-06 0)
(0.00994145 2.31496e-05 0)
(0.00986737 3.83335e-05 0)
(0.00981781 5.27398e-05 0)
(0.00979148 6.64022e-05 0)
(0.00978709 7.93503e-05 0)
(0.00980342 9.16095e-05 0)
(0.00983928 0.000103201 0)
(0.00989351 0.000114143 0)
(0.00996501 0.00012445 0)
(0.0100527 0.000134134 0)
(0.0101555 0.000143205 0)
(0.0102725 0.00015167 0)
(0.0104025 0.000159538 0)
(0.0105448 0.000166814 0)
(0.0106983 0.000173505 0)
(0.0108622 0.000179617 0)
(0.0110356 0.000185158 0)
(0.0112176 0.000190134 0)
(0.0114074 0.000194555 0)
(0.0116042 0.000198431 0)
(0.0118073 0.000201771 0)
(0.0120159 0.000204588 0)
(0.0122293 0.000206895 0)
(0.0124468 0.000208709 0)
(0.0126677 0.000210043 0)
(0.0128915 0.000210918 0)
(0.0131174 0.00021135 0)
(0.013345 0.00021136 0)
(0.0135738 0.000210969 0)
(0.0138031 0.000210199 0)
(0.0140324 0.000209073 0)
(0.0142615 0.000207612 0)
(0.0144898 0.000205842 0)
(0.0147169 0.000203786 0)
(0.0149424 0.000201468 0)
(0.0151661 0.000198911 0)
(0.0153877 0.00019614 0)
(0.0156068 0.000193178 0)
(0.0158232 0.000190046 0)
(0.0160367 0.000186769 0)
(0.0162471 0.000183366 0)
(0.0164542 0.000179859 0)
(0.0166579 0.000176267 0)
(0.016858 0.000172609 0)
(0.0170545 0.000168902 0)
(0.0172473 0.000165164 0)
(0.0174362 0.000161408 0)
(0.0176213 0.000157649 0)
(0.0178025 0.000153901 0)
(0.0179799 0.000150176 0)
(0.0181533 0.000146483 0)
(0.0183229 0.000142833 0)
(0.0184886 0.000139234 0)
(0.0186505 0.000135693 0)
(0.0188087 0.000132218 0)
(0.0189631 0.000128813 0)
(0.0191139 0.000125484 0)
(0.019261 0.000122234 0)
(0.0194046 0.000119066 0)
(0.0195448 0.000115983 0)
(0.0196817 0.000112985 0)
(0.0198152 0.000110075 0)
(0.0199455 0.000107253 0)
(0.0200727 0.000104518 0)
(0.0201969 0.000101871 0)
(0.0203181 9.93098e-05 0)
(0.0204365 9.6834e-05 0)
(0.0205521 9.44419e-05 0)
(0.020665 9.21319e-05 0)
(0.0207754 8.99019e-05 0)
(0.0208832 8.775e-05 0)
(0.0209885 8.56738e-05 0)
(0.0210916 8.3671e-05 0)
(0.0211923 8.17392e-05 0)
(0.0212909 7.98759e-05 0)
(0.0213873 7.80787e-05 0)
(0.0214816 7.63449e-05 0)
(0.021574 7.4672e-05 0)
(0.0216645 7.30577e-05 0)
(0.021753 7.14994e-05 0)
(0.0218399 6.99946e-05 0)
(0.0219249 6.85412e-05 0)
(0.0220083 6.71367e-05 0)
(0.0220901 6.57789e-05 0)
(0.0221703 6.44658e-05 0)
(0.022249 6.31952e-05 0)
(0.0223262 6.19651e-05 0)
(0.0224019 6.07737e-05 0)
(0.0224763 5.96192e-05 0)
(0.0225494 5.84997e-05 0)
(0.0226212 5.74136e-05 0)
(0.0226917 5.63595e-05 0)
(0.0227609 5.53357e-05 0)
(0.022829 5.43409e-05 0)
(0.0228959 5.33737e-05 0)
(0.0229617 5.24329e-05 0)
(0.0230264 5.15173e-05 0)
(0.02309 5.06257e-05 0)
(0.0231526 4.97571e-05 0)
(0.0232142 4.89104e-05 0)
(0.0232748 4.80847e-05 0)
(0.0233344 4.72789e-05 0)
(0.0233931 4.64921e-05 0)
(0.0234509 4.57232e-05 0)
(0.0235077 4.49712e-05 0)
(0.0235637 4.42347e-05 0)
(0.0236189 4.35125e-05 0)
(0.0236731 4.28026e-05 0)
(0.0237266 4.2103e-05 0)
(0.0237792 4.14108e-05 0)
(0.023831 4.07226e-05 0)
(0.023882 4.00336e-05 0)
(0.0239322 3.93388e-05 0)
(0.0239817 3.86341e-05 0)
(0.0240302 3.78992e-05 0)
(0.024078 3.71921e-05 0)
(0.0241248 3.6306e-05 0)
(0.0241709 3.58784e-05 0)
(0.0242158 3.44158e-05 0)
(0.0242593 3.53624e-05 0)
(0.0243045 3.36624e-05 0)
(0.0243392 3.42004e-05 0)
(0.0243973 4.72258e-05 0)
(0.0327405 -0.000232706 0)
(0.0321451 -0.000255273 0)
(0.0314893 -0.000257225 0)
(0.0307997 -0.000242448 0)
(0.0300973 -0.000217964 0)
(0.0293955 -0.000190758 0)
(0.0287015 -0.000165749 0)
(0.0280184 -0.00014533 0)
(0.0273474 -0.000129921 0)
(0.0266889 -0.000118831 0)
(0.0260427 -0.000110985 0)
(0.0254088 -0.000105369 0)
(0.0247869 -0.000101208 0)
(0.0241766 -9.79922e-05 0)
(0.0235772 -9.54145e-05 0)
(0.0229881 -9.33024e-05 0)
(0.0224084 -9.15568e-05 0)
(0.0218372 -9.01133e-05 0)
(0.0212737 -8.89207e-05 0)
(0.0207168 -8.79323e-05 0)
(0.0201657 -8.71027e-05 0)
(0.0196195 -8.63884e-05 0)
(0.0190776 -8.57482e-05 0)
(0.0185392 -8.51441e-05 0)
(0.0180036 -8.45411e-05 0)
(0.0174705 -8.39078e-05 0)
(0.0169395 -8.32159e-05 0)
(0.0164101 -8.24403e-05 0)
(0.0158823 -8.1559e-05 0)
(0.0153559 -8.05529e-05 0)
(0.014831 -7.94066e-05 0)
(0.0143077 -7.81078e-05 0)
(0.0137863 -7.66479e-05 0)
(0.0132671 -7.50224e-05 0)
(0.0127505 -7.32307e-05 0)
(0.0122371 -7.1276e-05 0)
(0.0117276 -6.91657e-05 0)
(0.0112227 -6.69104e-05 0)
(0.0107232 -6.4524e-05 0)
(0.0102299 -6.20224e-05 0)
(0.00974385 -5.94228e-05 0)
(0.00926597 -5.67427e-05 0)
(0.00879726 -5.39983e-05 0)
(0.00833874 -5.12042e-05 0)
(0.00789139 -4.83718e-05 0)
(0.00745621 -4.55091e-05 0)
(0.00703413 -4.26208e-05 0)
(0.00662605 -3.97082e-05 0)
(0.00623277 -3.67709e-05 0)
(0.00585503 -3.38077e-05 0)
(0.00549346 -3.08187e-05 0)
(0.00514861 -2.78067e-05 0)
(0.00482089 -2.47792e-05 0)
(0.00451061 -2.17492e-05 0)
(0.00421795 -1.87356e-05 0)
(0.00394299 -1.57622e-05 0)
(0.0036857 -1.28572e-05 0)
(0.00344595 -1.00503e-05 0)
(0.00322351 -7.37089e-06 0)
(0.0030181 -4.84508e-06 0)
(0.00282933 -2.49386e-06 0)
(0.00265679 -3.31303e-07 0)
(0.00250002 1.63628e-06 0)
(0.00235851 3.41042e-06 0)
(0.00223174 4.99978e-06 0)
(0.00211918 6.41888e-06 0)
(0.00202025 7.6864e-06 0)
(0.00193441 8.82341e-06 0)
(0.00186109 9.8516e-06 0)
(0.00179973 1.07918e-05 0)
(0.00174979 1.16629e-05 0)
(0.00171073 1.24811e-05 0)
(0.00168203 1.32594e-05 0)
(0.0016632 1.40077e-05 0)
(0.00165374 1.47332e-05 0)
(0.0016532 1.54403e-05 0)
(0.00166114 1.61317e-05 0)
(0.00167713 1.6808e-05 0)
(0.00170079 1.74693e-05 0)
(0.00173173 1.81143e-05 0)
(0.00176958 1.87418e-05 0)
(0.00181399 1.935e-05 0)
(0.00186462 1.9937e-05 0)
(0.00192113 2.05011e-05 0)
(0.00198321 2.10404e-05 0)
(0.00205054 2.15531e-05 0)
(0.0021228 2.20374e-05 0)
(0.0021997 2.24916e-05 0)
(0.00228092 2.2914e-05 0)
(0.00236617 2.33029e-05 0)
(0.00245515 2.36569e-05 0)
(0.00254756 2.39742e-05 0)
(0.00264312 2.42536e-05 0)
(0.00274152 2.44938e-05 0)
(0.00284248 2.46937e-05 0)
(0.00294573 2.48523e-05 0)
(0.00305097 2.49692e-05 0)
(0.00315794 2.50438e-05 0)
(0.00326636 2.5076e-05 0)
(0.00337596 2.50662e-05 0)
(0.00348651 2.50146e-05 0)
(0.00359773 2.49221e-05 0)
(0.0037094 2.47897e-05 0)
(0.00382127 2.46187e-05 0)
(0.00393314 2.44107e-05 0)
(0.00404478 2.41675e-05 0)
(0.004156 2.3891e-05 0)
(0.00426661 2.35835e-05 0)
(0.00437644 2.32471e-05 0)
(0.00448531 2.28845e-05 0)
(0.00459308 2.2498e-05 0)
(0.00469961 2.20902e-05 0)
(0.00480477 2.16637e-05 0)
(0.00490844 2.12211e-05 0)
(0.00501053 2.07649e-05 0)
(0.00511094 2.02976e-05 0)
(0.0052096 1.98217e-05 0)
(0.00530644 1.93394e-05 0)
(0.0054014 1.88531e-05 0)
(0.00549444 1.83646e-05 0)
(0.00558552 1.78762e-05 0)
(0.00567463 1.73894e-05 0)
(0.00576173 1.69061e-05 0)
(0.00584682 1.64277e-05 0)
(0.00592991 1.59557e-05 0)
(0.006011 1.54911e-05 0)
(0.00609009 1.50352e-05 0)
(0.00616721 1.45887e-05 0)
(0.00624239 1.41526e-05 0)
(0.00631564 1.37274e-05 0)
(0.006387 1.33138e-05 0)
(0.00645652 1.2912e-05 0)
(0.00652421 1.25224e-05 0)
(0.00659013 1.21452e-05 0)
(0.00665432 1.17806e-05 0)
(0.00671682 1.14284e-05 0)
(0.00677768 1.10888e-05 0)
(0.00683695 1.07615e-05 0)
(0.00689467 1.04464e-05 0)
(0.00695089 1.01433e-05 0)
(0.00700565 9.85191e-06 0)
(0.00705901 9.57193e-06 0)
(0.00711101 9.30303e-06 0)
(0.00716169 9.04487e-06 0)
(0.00721111 8.79706e-06 0)
(0.0072593 8.55923e-06 0)
(0.00730631 8.33099e-06 0)
(0.00735218 8.11195e-06 0)
(0.00739695 7.9017e-06 0)
(0.00744066 7.69986e-06 0)
(0.00748335 7.50603e-06 0)
(0.00752505 7.31984e-06 0)
(0.00756581 7.14091e-06 0)
(0.00760564 6.96889e-06 0)
(0.00764459 6.80342e-06 0)
(0.00768269 6.64416e-06 0)
(0.00771997 6.4908e-06 0)
(0.00775646 6.34303e-06 0)
(0.00779217 6.20054e-06 0)
(0.00782715 6.06307e-06 0)
(0.00786141 5.93035e-06 0)
(0.00789498 5.80213e-06 0)
(0.00792788 5.67817e-06 0)
(0.00796013 5.55825e-06 0)
(0.00799175 5.44216e-06 0)
(0.00802276 5.32971e-06 0)
(0.00805319 5.22072e-06 0)
(0.00808304 5.11502e-06 0)
(0.00811234 5.01244e-06 0)
(0.0081411 4.91285e-06 0)
(0.00816934 4.8161e-06 0)
(0.00819707 4.72207e-06 0)
(0.0082243 4.63064e-06 0)
(0.00825105 4.54169e-06 0)
(0.00827734 4.45514e-06 0)
(0.00830316 4.37086e-06 0)
(0.00832855 4.28878e-06 0)
(0.0083535 4.20878e-06 0)
(0.00837802 4.13077e-06 0)
(0.00840214 4.05464e-06 0)
(0.00842585 3.98026e-06 0)
(0.00844916 3.90748e-06 0)
(0.00847209 3.83612e-06 0)
(0.00849464 3.76594e-06 0)
(0.00851682 3.69664e-06 0)
(0.00853863 3.62781e-06 0)
(0.00856009 3.55899e-06 0)
(0.00858118 3.4895e-06 0)
(0.00860191 3.41894e-06 0)
(0.00862228 3.34554e-06 0)
(0.00864228 3.27278e-06 0)
(0.00866191 3.18892e-06 0)
(0.00868113 3.1327e-06 0)
(0.00870006 3.01532e-06 0)
(0.00871824 3.08926e-06 0)
(0.00873719 2.8921e-06 0)
(0.00875291 3.40711e-06 0)
(0.00877609 3.69225e-06 0)
(0.00878421 3.9379e-06 0)
(0.00882373 1.20787e-05 0)
)
;

boundaryField
{
    inlet
    {
        type            fixedProfile;
        profile         table
        
21
(
(0 (0 0 0))
(0.05 (0.0285 0 0))
(0.1 (0.054 0 0))
(0.15 (0.0765 0 0))
(0.2 (0.096 0 0))
(0.25 (0.1125 0 0))
(0.3 (0.126 0 0))
(0.35 (0.1365 0 0))
(0.4 (0.144 0 0))
(0.45 (0.1485 0 0))
(0.5 (0.15 0 0))
(0.55 (0.1485 0 0))
(0.6 (0.144 0 0))
(0.65 (0.1365 0 0))
(0.7 (0.126 0 0))
(0.75 (0.1125 0 0))
(0.8 (0.096 0 0))
(0.85 (0.0765 0 0))
(0.9 (0.054 0 0))
(0.95 (0.0285 0 0))
(1 (0 0 0))
)
;
        direction       (0 1 0);
        origin          1;
        value           nonuniform List<vector> 8((0.034875 0 0) (0.091125 0 0) (0.128625 0 0) (0.147375 0 0) (0.147375 0 0) (0.128625 0 0) (0.091125 0 0) (0.034875 0 0));
    }
    outlet
    {
        type            zeroGradient;
    }
    walls
    {
        type            noSlip;
    }
    symwall
    {
        type            empty;
    }
}


// ************************************************************************* //
