/*--------------------------------*- C++ -*----------------------------------*\
| =========                 |                                                 |
| \\      /  F ield         | OpenFOAM: The Open Source CFD Toolbox           |
|  \\    /   O peration     | Version:  4.1                                   |
|   \\  /    A nd           | Web:      www.OpenFOAM.org                      |
|    \\/     M anipulation  |                                                 |
\*---------------------------------------------------------------------------*/
FoamFile
{
    version     2.0;
    format      ascii;
    class       volVectorField;
    location    "897";
    object      U;
}
// * * * * * * * * * * * * * * * * * * * * * * * * * * * * * * * * * * * * * //

dimensions      [0 1 -1 0 0 0 0];

internalField   nonuniform List<vector> 
3264
(
(-2.66648e-06 -4.7577e-07 0)
(-0.0001332 3.0569e-05 0)
(-0.000389823 4.86696e-05 0)
(-0.00067707 5.10074e-05 0)
(-0.000978964 5.27301e-05 0)
(-0.00128487 5.21308e-05 0)
(-0.00158943 5.34228e-05 0)
(-0.00189401 5.40541e-05 0)
(-0.00219397 5.51409e-05 0)
(-0.00249 5.57439e-05 0)
(-0.00277951 5.62721e-05 0)
(-0.00306266 5.64799e-05 0)
(-0.00333833 5.65284e-05 0)
(-0.00360656 5.63779e-05 0)
(-0.00386697 5.60999e-05 0)
(-0.00411961 5.57046e-05 0)
(-0.00436441 5.52283e-05 0)
(-0.00460144 5.4687e-05 0)
(-0.00483074 5.41005e-05 0)
(-0.00505239 5.34805e-05 0)
(-0.00526645 5.28375e-05 0)
(-0.00547299 5.2178e-05 0)
(-0.00567205 5.15065e-05 0)
(-0.00586364 5.08249e-05 0)
(-0.00604777 5.01332e-05 0)
(-0.00622439 4.9429e-05 0)
(-0.00639343 4.87084e-05 0)
(-0.00655476 4.79651e-05 0)
(-0.00670825 4.7191e-05 0)
(-0.00685366 4.63761e-05 0)
(-0.00699075 4.55082e-05 0)
(-0.00711921 4.45733e-05 0)
(-0.00723866 4.35556e-05 0)
(-0.00734868 4.24373e-05 0)
(-0.00744879 4.11994e-05 0)
(-0.00753846 3.98213e-05 0)
(-0.00761709 3.82818e-05 0)
(-0.00768404 3.65592e-05 0)
(-0.00773862 3.46317e-05 0)
(-0.00778012 3.24786e-05 0)
(-0.00780779 3.008e-05 0)
(-0.00782084 2.74186e-05 0)
(-0.0078185 2.44794e-05 0)
(-0.00779999 2.12512e-05 0)
(-0.00776455 1.77268e-05 0)
(-0.00771146 1.39038e-05 0)
(-0.00764004 9.78518e-06 0)
(-0.00754966 5.37961e-06 0)
(-0.0074398 7.01775e-07 0)
(-0.00731 -4.2275e-06 0)
(-0.00715992 -9.38126e-06 0)
(-0.00698935 -1.47266e-05 0)
(-0.00679821 -2.02251e-05 0)
(-0.00658654 -2.58332e-05 0)
(-0.00635454 -3.1503e-05 0)
(-0.00610258 -3.71832e-05 0)
(-0.00583117 -4.28195e-05 0)
(-0.00554098 -4.83561e-05 0)
(-0.00523285 -5.37367e-05 0)
(-0.00490775 -5.89054e-05 0)
(-0.00456681 -6.38079e-05 0)
(-0.0042113 -6.83925e-05 0)
(-0.0038426 -7.26113e-05 0)
(-0.00346221 -7.6421e-05 0)
(-0.00307172 -7.97838e-05 0)
(-0.00267281 -8.26682e-05 0)
(-0.0022672 -8.50496e-05 0)
(-0.00185667 -8.69105e-05 0)
(-0.00144302 -8.8241e-05 0)
(-0.00102804 -8.90391e-05 0)
(-0.000613495 -8.93101e-05 0)
(-0.000201135 -8.90667e-05 0)
(0.000207367 -8.83288e-05 0)
(0.000610403 -8.71226e-05 0)
(0.00100646 -8.54798e-05 0)
(0.00139414 -8.34372e-05 0)
(0.00177213 -8.10359e-05 0)
(0.0021393 -7.83197e-05 0)
(0.0024946 -7.53347e-05 0)
(0.00283715 -7.21282e-05 0)
(0.00316623 -6.87476e-05 0)
(0.00348123 -6.52396e-05 0)
(0.00378171 -6.16494e-05 0)
(0.00406736 -5.80198e-05 0)
(0.00433802 -5.43909e-05 0)
(0.00459364 -5.0799e-05 0)
(0.00483431 -4.7277e-05 0)
(0.00506021 -4.38533e-05 0)
(0.00527164 -4.05525e-05 0)
(0.00546897 -3.73947e-05 0)
(0.00565265 -3.43959e-05 0)
(0.00582321 -3.1568e-05 0)
(0.00598121 -2.89195e-05 0)
(0.00612728 -2.6455e-05 0)
(0.00626205 -2.41763e-05 0)
(0.0063862 -2.20824e-05 0)
(0.0065004 -2.017e-05 0)
(0.00660532 -1.84338e-05 0)
(0.00670165 -1.68667e-05 0)
(0.00679005 -1.54607e-05 0)
(0.00687116 -1.42065e-05 0)
(0.00694562 -1.30946e-05 0)
(0.00701401 -1.21146e-05 0)
(0.00707692 -1.12563e-05 0)
(0.00713489 -1.05095e-05 0)
(0.00718841 -9.86395e-06 0)
(0.00723798 -9.30988e-06 0)
(0.00728402 -8.83788e-06 0)
(0.00732696 -8.43901e-06 0)
(0.00736715 -8.10484e-06 0)
(0.00740495 -7.8275e-06 0)
(0.00744066 -7.59967e-06 0)
(0.00747458 -7.41463e-06 0)
(0.00750693 -7.26621e-06 0)
(0.00753797 -7.14879e-06 0)
(0.00756787 -7.05729e-06 0)
(0.00759683 -6.98715e-06 0)
(0.00762499 -6.93425e-06 0)
(0.00765248 -6.89498e-06 0)
(0.00767943 -6.8661e-06 0)
(0.00770593 -6.8448e-06 0)
(0.00773206 -6.82862e-06 0)
(0.00775788 -6.81542e-06 0)
(0.00778347 -6.80337e-06 0)
(0.00780885 -6.79094e-06 0)
(0.00783406 -6.77682e-06 0)
(0.00785913 -6.75994e-06 0)
(0.00788408 -6.73945e-06 0)
(0.00790891 -6.71465e-06 0)
(0.00793363 -6.68503e-06 0)
(0.00795824 -6.6502e-06 0)
(0.00798273 -6.60993e-06 0)
(0.0080071 -6.56407e-06 0)
(0.00803134 -6.51257e-06 0)
(0.00805543 -6.45548e-06 0)
(0.00807935 -6.3929e-06 0)
(0.0081031 -6.32501e-06 0)
(0.00812665 -6.25202e-06 0)
(0.00814999 -6.17419e-06 0)
(0.0081731 -6.09181e-06 0)
(0.00819596 -6.0052e-06 0)
(0.00821855 -5.91468e-06 0)
(0.00824085 -5.82061e-06 0)
(0.00826286 -5.72332e-06 0)
(0.00828455 -5.62318e-06 0)
(0.00830592 -5.52054e-06 0)
(0.00832693 -5.41574e-06 0)
(0.00834759 -5.30912e-06 0)
(0.00836789 -5.20102e-06 0)
(0.0083878 -5.09174e-06 0)
(0.00840733 -4.98159e-06 0)
(0.00842646 -4.87086e-06 0)
(0.00844519 -4.75983e-06 0)
(0.00846351 -4.64874e-06 0)
(0.00848141 -4.53783e-06 0)
(0.0084989 -4.42733e-06 0)
(0.00851597 -4.31745e-06 0)
(0.00853261 -4.20836e-06 0)
(0.00854883 -4.10024e-06 0)
(0.00856463 -3.99324e-06 0)
(0.00858001 -3.8875e-06 0)
(0.00859496 -3.78315e-06 0)
(0.0086095 -3.68028e-06 0)
(0.00862362 -3.579e-06 0)
(0.00863732 -3.47939e-06 0)
(0.00865062 -3.3815e-06 0)
(0.00866352 -3.2854e-06 0)
(0.00867601 -3.19113e-06 0)
(0.00868811 -3.09873e-06 0)
(0.00869982 -3.0082e-06 0)
(0.00871115 -2.91957e-06 0)
(0.00872211 -2.83283e-06 0)
(0.00873269 -2.74797e-06 0)
(0.00874291 -2.66498e-06 0)
(0.00875278 -2.58382e-06 0)
(0.00876229 -2.50445e-06 0)
(0.00877147 -2.42681e-06 0)
(0.0087803 -2.35082e-06 0)
(0.00878881 -2.2764e-06 0)
(0.008797 -2.20341e-06 0)
(0.00880486 -2.13168e-06 0)
(0.00881242 -2.06102e-06 0)
(0.00881967 -1.99113e-06 0)
(0.00882662 -1.92163e-06 0)
(0.00883327 -1.85199e-06 0)
(0.00883963 -1.78148e-06 0)
(0.00884568 -1.70908e-06 0)
(0.00885144 -1.63338e-06 0)
(0.00885688 -1.55221e-06 0)
(0.008862 -1.46327e-06 0)
(0.00886677 -1.36045e-06 0)
(0.00887114 -1.244e-06 0)
(0.00887509 -1.08862e-06 0)
(0.00887845 -9.25742e-07 0)
(0.00888134 -6.40129e-07 0)
(0.0088829 -4.03654e-07 0)
(0.0088847 1.27457e-07 0)
(0.00888207 7.22536e-07 0)
(0.00888365 1.04251e-06 0)
(0.00887204 4.37663e-06 0)
(-8.33557e-05 0.000136425 0)
(-0.000582893 0.000379261 0)
(-0.0013113 0.000518318 0)
(-0.00208586 0.000562391 0)
(-0.00286548 0.000583329 0)
(-0.00363326 0.000585002 0)
(-0.00437586 0.000584893 0)
(-0.00509615 0.000578134 0)
(-0.00578691 0.00056912 0)
(-0.00645032 0.000556836 0)
(-0.00708365 0.000543067 0)
(-0.00768829 0.000527995 0)
(-0.00826387 0.000512337 0)
(-0.00881147 0.000496319 0)
(-0.00933155 0.000480218 0)
(-0.00982504 0.000464154 0)
(-0.0102926 0.000448222 0)
(-0.0107349 0.000432462 0)
(-0.0111527 0.000416892 0)
(-0.0115464 0.000401502 0)
(-0.0119165 0.000386271 0)
(-0.0122633 0.000371161 0)
(-0.0125872 0.000356127 0)
(-0.0128884 0.000341113 0)
(-0.0131668 0.000326055 0)
(-0.0134225 0.000310882 0)
(-0.0136554 0.000295516 0)
(-0.0138652 0.000279873 0)
(-0.0140516 0.000263864 0)
(-0.0142143 0.000247393 0)
(-0.0143527 0.000230363 0)
(-0.0144662 0.000212672 0)
(-0.0145542 0.000194218 0)
(-0.014616 0.0001749 0)
(-0.0146506 0.000154619 0)
(-0.0146573 0.000133281 0)
(-0.0146351 0.0001108 0)
(-0.0145832 8.70982e-05 0)
(-0.0145004 6.21124e-05 0)
(-0.0143859 3.57938e-05 0)
(-0.0142387 8.11143e-06 0)
(-0.0140579 -2.09455e-05 0)
(-0.0138427 -5.13654e-05 0)
(-0.0135922 -8.31128e-05 0)
(-0.0133059 -0.000116127 0)
(-0.0129831 -0.00015032 0)
(-0.0126234 -0.00018558 0)
(-0.0122265 -0.000221766 0)
(-0.0117924 -0.000258712 0)
(-0.0113211 -0.00029623 0)
(-0.0108129 -0.000334108 0)
(-0.0102683 -0.000372116 0)
(-0.00968792 -0.000410005 0)
(-0.00907275 -0.000447514 0)
(-0.0084239 -0.000484373 0)
(-0.00774271 -0.000520306 0)
(-0.00703077 -0.000555033 0)
(-0.00628984 -0.000588279 0)
(-0.0055219 -0.000619775 0)
(-0.00472912 -0.000649264 0)
(-0.00391382 -0.000676502 0)
(-0.00307851 -0.000701266 0)
(-0.0022258 -0.000723354 0)
(-0.00135846 -0.000742591 0)
(-0.000479311 -0.000758828 0)
(0.000408726 -0.00077195 0)
(0.0013027 -0.000781872 0)
(0.00219962 -0.000788545 0)
(0.00309654 -0.000791954 0)
(0.0039905 -0.000792118 0)
(0.00487862 -0.000789092 0)
(0.0057581 -0.000782962 0)
(0.00662625 -0.000773848 0)
(0.00748049 -0.000761898 0)
(0.0083184 -0.000747288 0)
(0.00913773 -0.000730217 0)
(0.00993641 -0.000710903 0)
(0.0107126 -0.000689582 0)
(0.0114645 -0.000666502 0)
(0.0121908 -0.00064192 0)
(0.0128901 -0.000616096 0)
(0.0135616 -0.000589292 0)
(0.0142044 -0.000561766 0)
(0.0148178 -0.000533767 0)
(0.0154017 -0.000505536 0)
(0.0159557 -0.000477301 0)
(0.01648 -0.000449274 0)
(0.0169748 -0.000421647 0)
(0.0174404 -0.000394597 0)
(0.0178775 -0.000368279 0)
(0.0182866 -0.000342826 0)
(0.0186687 -0.000318352 0)
(0.0190246 -0.000294951 0)
(0.0193554 -0.000272694 0)
(0.0196622 -0.000251637 0)
(0.019946 -0.000231815 0)
(0.0202081 -0.000213248 0)
(0.0204497 -0.00019594 0)
(0.020672 -0.000179883 0)
(0.0208763 -0.000165055 0)
(0.0210638 -0.000151426 0)
(0.0212357 -0.000138957 0)
(0.0213932 -0.0001276 0)
(0.0215375 -0.000117305 0)
(0.0216696 -0.000108015 0)
(0.0217906 -9.96707e-05 0)
(0.0219016 -9.22116e-05 0)
(0.0220035 -8.55757e-05 0)
(0.0220972 -7.97014e-05 0)
(0.0221835 -7.45276e-05 0)
(0.0222633 -6.99947e-05 0)
(0.0223373 -6.60449e-05 0)
(0.0224061 -6.26225e-05 0)
(0.0224704 -5.96746e-05 0)
(0.0225308 -5.7151e-05 0)
(0.0225877 -5.50044e-05 0)
(0.0226416 -5.31906e-05 0)
(0.022693 -5.16683e-05 0)
(0.0227423 -5.03996e-05 0)
(0.0227896 -4.93494e-05 0)
(0.0228355 -4.84855e-05 0)
(0.02288 -4.77789e-05 0)
(0.0229234 -4.72029e-05 0)
(0.022966 -4.67338e-05 0)
(0.0230078 -4.63501e-05 0)
(0.0230491 -4.60329e-05 0)
(0.0230899 -4.57654e-05 0)
(0.0231303 -4.55326e-05 0)
(0.0231704 -4.53218e-05 0)
(0.0232102 -4.51218e-05 0)
(0.0232499 -4.4923e-05 0)
(0.0232893 -4.47173e-05 0)
(0.0233286 -4.44981e-05 0)
(0.0233677 -4.42597e-05 0)
(0.0234066 -4.39978e-05 0)
(0.0234454 -4.37089e-05 0)
(0.023484 -4.33904e-05 0)
(0.0235223 -4.30404e-05 0)
(0.0235605 -4.2658e-05 0)
(0.0235983 -4.22425e-05 0)
(0.0236359 -4.17939e-05 0)
(0.0236731 -4.13127e-05 0)
(0.02371 -4.07997e-05 0)
(0.0237465 -4.0256e-05 0)
(0.0237826 -3.9683e-05 0)
(0.0238182 -3.90823e-05 0)
(0.0238533 -3.84557e-05 0)
(0.023888 -3.7805e-05 0)
(0.023922 -3.71323e-05 0)
(0.0239555 -3.64397e-05 0)
(0.0239884 -3.57291e-05 0)
(0.0240207 -3.50027e-05 0)
(0.0240524 -3.42626e-05 0)
(0.0240834 -3.35108e-05 0)
(0.0241137 -3.27493e-05 0)
(0.0241433 -3.19801e-05 0)
(0.0241722 -3.1205e-05 0)
(0.0242004 -3.04258e-05 0)
(0.0242278 -2.96442e-05 0)
(0.0242545 -2.88619e-05 0)
(0.0242805 -2.80803e-05 0)
(0.0243057 -2.7301e-05 0)
(0.0243302 -2.65252e-05 0)
(0.0243539 -2.57542e-05 0)
(0.0243769 -2.49891e-05 0)
(0.0243991 -2.42309e-05 0)
(0.0244206 -2.34807e-05 0)
(0.0244413 -2.27394e-05 0)
(0.0244613 -2.20075e-05 0)
(0.0244805 -2.1286e-05 0)
(0.024499 -2.05752e-05 0)
(0.0245169 -1.98759e-05 0)
(0.024534 -1.91883e-05 0)
(0.0245504 -1.85129e-05 0)
(0.0245661 -1.78499e-05 0)
(0.0245811 -1.71994e-05 0)
(0.0245955 -1.65615e-05 0)
(0.0246092 -1.59361e-05 0)
(0.0246223 -1.5323e-05 0)
(0.0246347 -1.4722e-05 0)
(0.0246466 -1.41323e-05 0)
(0.0246578 -1.35532e-05 0)
(0.0246684 -1.29836e-05 0)
(0.0246785 -1.24217e-05 0)
(0.0246879 -1.18654e-05 0)
(0.0246968 -1.13112e-05 0)
(0.0247051 -1.07549e-05 0)
(0.0247129 -1.01899e-05 0)
(0.02472 -9.60754e-06 0)
(0.0247266 -8.99508e-06 0)
(0.0247326 -8.33284e-06 0)
(0.0247379 -7.60365e-06 0)
(0.0247425 -6.73912e-06 0)
(0.0247463 -5.78716e-06 0)
(0.0247491 -4.40643e-06 0)
(0.0247508 -3.1187e-06 0)
(0.0247513 -5.98343e-07 0)
(0.0247485 1.73503e-06 0)
(0.0247472 4.46389e-06 0)
(0.0247338 1.39366e-05 0)
(-0.000178821 0.000644953 0)
(-0.00104289 0.00125395 0)
(-0.00216749 0.0015328 0)
(-0.00330451 0.00157417 0)
(-0.00439252 0.00156925 0)
(-0.00542087 0.00152586 0)
(-0.00637389 0.00148212 0)
(-0.00726265 0.00142962 0)
(-0.00808373 0.00137619 0)
(-0.00884529 0.00132017 0)
(-0.00954867 0.00126408 0)
(-0.010199 0.00120809 0)
(-0.0107987 0.00115301 0)
(-0.0113512 0.00109903 0)
(-0.0118587 0.00104635 0)
(-0.0123235 0.000994975 0)
(-0.0127475 0.000944866 0)
(-0.0131323 0.000895928 0)
(-0.0134793 0.000848033 0)
(-0.0137894 0.000801031 0)
(-0.0140638 0.00075476 0)
(-0.014303 0.000709044 0)
(-0.0145077 0.000663705 0)
(-0.0146782 0.000618556 0)
(-0.0148148 0.000573408 0)
(-0.0149177 0.000528067 0)
(-0.0149867 0.00048234 0)
(-0.0150219 0.000436028 0)
(-0.0150229 0.000388936 0)
(-0.0149894 0.00034087 0)
(-0.0149211 0.00029164 0)
(-0.0148175 0.000241063 0)
(-0.0146781 0.000188965 0)
(-0.0145022 0.000135185 0)
(-0.0142894 7.95801e-05 0)
(-0.014039 2.20249e-05 0)
(-0.0137503 -3.75805e-05 0)
(-0.0134228 -9.93089e-05 0)
(-0.0130559 -0.000163202 0)
(-0.0126491 -0.000229267 0)
(-0.012202 -0.000297473 0)
(-0.0117142 -0.00036775 0)
(-0.0111855 -0.000439986 0)
(-0.0106158 -0.000514026 0)
(-0.010005 -0.000589672 0)
(-0.00935331 -0.000666682 0)
(-0.00866108 -0.000744773 0)
(-0.00792879 -0.00082362 0)
(-0.00715712 -0.000902863 0)
(-0.00634694 -0.000982107 0)
(-0.00549932 -0.00106093 0)
(-0.00461551 -0.00113887 0)
(-0.003697 -0.00121548 0)
(-0.00274543 -0.00129026 0)
(-0.00176267 -0.00136272 0)
(-0.000750773 -0.00143238 0)
(0.000288036 -0.00149874 0)
(0.00135136 -0.00156134 0)
(0.00243663 -0.00161971 0)
(0.00354114 -0.00167343 0)
(0.00466208 -0.0017221 0)
(0.00579649 -0.00176536 0)
(0.00694134 -0.00180289 0)
(0.00809354 -0.00183441 0)
(0.00924995 -0.00185972 0)
(0.0104074 -0.00187864 0)
(0.0115627 -0.00189106 0)
(0.0127127 -0.00189695 0)
(0.0138543 -0.00189632 0)
(0.0149846 -0.00188924 0)
(0.0161005 -0.00187584 0)
(0.0171992 -0.00185632 0)
(0.0182782 -0.00183092 0)
(0.0193348 -0.00179994 0)
(0.0203667 -0.00176372 0)
(0.0213718 -0.00172266 0)
(0.0223481 -0.00167717 0)
(0.0232939 -0.0016277 0)
(0.0242077 -0.00157472 0)
(0.0250881 -0.00151873 0)
(0.0259342 -0.00146021 0)
(0.026745 -0.00139968 0)
(0.02752 -0.00133762 0)
(0.0282588 -0.00127452 0)
(0.0289612 -0.00121084 0)
(0.0296272 -0.00114704 0)
(0.0302571 -0.00108353 0)
(0.0308512 -0.0010207 0)
(0.0314102 -0.00095892 0)
(0.0319346 -0.000898502 0)
(0.0324255 -0.000839737 0)
(0.0328837 -0.000782874 0)
(0.0333104 -0.000728127 0)
(0.0337066 -0.00067567 0)
(0.0340737 -0.000625644 0)
(0.034413 -0.000578153 0)
(0.0347258 -0.000533272 0)
(0.0350135 -0.000491042 0)
(0.0352775 -0.000451478 0)
(0.0355192 -0.000414569 0)
(0.03574 -0.000380283 0)
(0.0359412 -0.000348567 0)
(0.0361243 -0.000319349 0)
(0.0362906 -0.000292547 0)
(0.0364413 -0.000268062 0)
(0.0365778 -0.00024579 0)
(0.0367012 -0.000225617 0)
(0.0368126 -0.000207424 0)
(0.0369132 -0.000191089 0)
(0.037004 -0.00017649 0)
(0.037086 -0.000163502 0)
(0.03716 -0.000152004 0)
(0.037227 -0.000141875 0)
(0.0372877 -0.000132999 0)
(0.0373428 -0.000125262 0)
(0.037393 -0.000118557 0)
(0.0374391 -0.000112781 0)
(0.0374814 -0.000107836 0)
(0.0375205 -0.000103629 0)
(0.0375569 -0.000100076 0)
(0.037591 -9.70955e-05 0)
(0.0376232 -9.46138e-05 0)
(0.0376538 -9.25623e-05 0)
(0.037683 -9.08783e-05 0)
(0.0377112 -8.95044e-05 0)
(0.0377385 -8.83887e-05 0)
(0.0377652 -8.74841e-05 0)
(0.0377914 -8.67487e-05 0)
(0.0378172 -8.61446e-05 0)
(0.0378428 -8.56387e-05 0)
(0.0378681 -8.52014e-05 0)
(0.0378934 -8.48072e-05 0)
(0.0379186 -8.44337e-05 0)
(0.0379439 -8.40619e-05 0)
(0.0379691 -8.36756e-05 0)
(0.0379944 -8.32612e-05 0)
(0.0380197 -8.28076e-05 0)
(0.038045 -8.23058e-05 0)
(0.0380703 -8.17487e-05 0)
(0.0380956 -8.1131e-05 0)
(0.0381209 -8.04489e-05 0)
(0.0381461 -7.97002e-05 0)
(0.0381713 -7.88835e-05 0)
(0.0381963 -7.79988e-05 0)
(0.0382211 -7.70468e-05 0)
(0.0382458 -7.6029e-05 0)
(0.0382702 -7.49476e-05 0)
(0.0382943 -7.38052e-05 0)
(0.0383182 -7.26051e-05 0)
(0.0383416 -7.13507e-05 0)
(0.0383648 -7.00457e-05 0)
(0.0383875 -6.86942e-05 0)
(0.0384097 -6.73001e-05 0)
(0.0384315 -6.58678e-05 0)
(0.0384528 -6.44013e-05 0)
(0.0384735 -6.29049e-05 0)
(0.0384938 -6.13826e-05 0)
(0.0385134 -5.98387e-05 0)
(0.0385325 -5.82769e-05 0)
(0.0385509 -5.67011e-05 0)
(0.0385687 -5.51151e-05 0)
(0.0385859 -5.35223e-05 0)
(0.0386024 -5.19261e-05 0)
(0.0386183 -5.03297e-05 0)
(0.0386335 -4.87361e-05 0)
(0.0386481 -4.7148e-05 0)
(0.0386619 -4.55683e-05 0)
(0.0386751 -4.39992e-05 0)
(0.0386876 -4.24431e-05 0)
(0.0386994 -4.09019e-05 0)
(0.0387105 -3.93777e-05 0)
(0.038721 -3.78721e-05 0)
(0.0387308 -3.63865e-05 0)
(0.0387399 -3.49224e-05 0)
(0.0387483 -3.34808e-05 0)
(0.0387561 -3.20627e-05 0)
(0.0387633 -3.06688e-05 0)
(0.0387698 -2.92996e-05 0)
(0.0387757 -2.79552e-05 0)
(0.0387809 -2.66356e-05 0)
(0.0387856 -2.53404e-05 0)
(0.0387896 -2.40686e-05 0)
(0.0387931 -2.28186e-05 0)
(0.038796 -2.15883e-05 0)
(0.0387983 -2.03742e-05 0)
(0.0388 -1.91715e-05 0)
(0.0388012 -1.79733e-05 0)
(0.0388018 -1.677e-05 0)
(0.0388019 -1.5548e-05 0)
(0.0388014 -1.42869e-05 0)
(0.0388004 -1.29607e-05 0)
(0.0387988 -1.15267e-05 0)
(0.0387965 -9.92732e-06 0)
(0.0387936 -8.10587e-06 0)
(0.0387898 -5.83333e-06 0)
(0.0387853 -3.30846e-06 0)
(0.0387795 5.67656e-07 0)
(0.0387722 4.6384e-06 0)
(0.0387644 9.84517e-06 0)
(0.0387481 2.33978e-05 0)
(-0.000305505 0.0012614 0)
(-0.00151606 0.0023147 0)
(-0.00286963 0.00272266 0)
(-0.00413636 0.00273243 0)
(-0.00523494 0.00266007 0)
(-0.00621451 0.00253044 0)
(-0.00706123 0.00240108 0)
(-0.00780873 0.00226555 0)
(-0.00845854 0.00213481 0)
(-0.00902742 0.00200739 0)
(-0.00952062 0.00188557 0)
(-0.00994717 0.00176893 0)
(-0.0103119 0.00165757 0)
(-0.0106203 0.00155104 0)
(-0.0108759 0.00144894 0)
(-0.0110821 0.00135077 0)
(-0.0112415 0.00125605 0)
(-0.0113564 0.00116432 0)
(-0.0114286 0.00107513 0)
(-0.0114594 0.00098804 0)
(-0.01145 0.000902659 0)
(-0.0114015 0.000818595 0)
(-0.0113144 0.000735481 0)
(-0.0111894 0.000652965 0)
(-0.0110267 0.000570711 0)
(-0.0108267 0.000488394 0)
(-0.0105895 0.000405702 0)
(-0.010315 0.00032234 0)
(-0.0100033 0.000238022 0)
(-0.00965413 0.000152482 0)
(-0.00926738 6.54701e-05 0)
(-0.0088428 -2.32432e-05 0)
(-0.00838015 -0.000113863 0)
(-0.00787918 -0.000206568 0)
(-0.00733966 -0.000301506 0)
(-0.00676134 -0.000398789 0)
(-0.00614406 -0.00049849 0)
(-0.00548767 -0.000600642 0)
(-0.00479213 -0.000705229 0)
(-0.00405745 -0.000812189 0)
(-0.00328374 -0.000921405 0)
(-0.00247123 -0.00103271 0)
(-0.00162027 -0.00114588 0)
(-0.00073133 -0.00126063 0)
(0.000194959 -0.00137663 0)
(0.00115783 -0.00149349 0)
(0.00215634 -0.00161077 0)
(0.0031894 -0.00172799 0)
(0.00425575 -0.00184461 0)
(0.00535393 -0.00196006 0)
(0.00648234 -0.00207374 0)
(0.00763918 -0.00218502 0)
(0.0088225 -0.00229324 0)
(0.0100302 -0.00239775 0)
(0.0112599 -0.00249788 0)
(0.0125093 -0.00259296 0)
(0.0137757 -0.00268235 0)
(0.0150565 -0.00276542 0)
(0.0163488 -0.00284156 0)
(0.0176496 -0.00291023 0)
(0.018956 -0.00297092 0)
(0.0202649 -0.00302316 0)
(0.0215732 -0.00306656 0)
(0.0228776 -0.00310079 0)
(0.0241751 -0.0031256 0)
(0.0254625 -0.00314082 0)
(0.0267368 -0.00314635 0)
(0.0279949 -0.00314219 0)
(0.0292338 -0.0031284 0)
(0.0304508 -0.00310516 0)
(0.0316432 -0.0030727 0)
(0.0328084 -0.00303134 0)
(0.0339442 -0.00298149 0)
(0.0350483 -0.00292362 0)
(0.0361187 -0.00285826 0)
(0.0371539 -0.002786 0)
(0.0381521 -0.00270747 0)
(0.0391123 -0.00262336 0)
(0.0400332 -0.00253437 0)
(0.0409142 -0.00244123 0)
(0.0417546 -0.00234466 0)
(0.0425541 -0.00224541 0)
(0.0433126 -0.00214419 0)
(0.0440302 -0.00204172 0)
(0.0447072 -0.00193868 0)
(0.045344 -0.00183571 0)
(0.0459414 -0.00173343 0)
(0.0465001 -0.0016324 0)
(0.0470211 -0.00153314 0)
(0.0475054 -0.00143612 0)
(0.0479544 -0.00134176 0)
(0.0483691 -0.0012504 0)
(0.0487511 -0.00116238 0)
(0.0491018 -0.00107793 0)
(0.0494225 -0.000997266 0)
(0.0497148 -0.00092054 0)
(0.0499802 -0.000847861 0)
(0.0502203 -0.000779294 0)
(0.0504365 -0.000714865 0)
(0.0506303 -0.000654563 0)
(0.0508033 -0.000598344 0)
(0.0509568 -0.000546136 0)
(0.0510923 -0.00049784 0)
(0.0512111 -0.000453338 0)
(0.0513147 -0.000412493 0)
(0.0514041 -0.000375151 0)
(0.0514808 -0.000341151 0)
(0.0515457 -0.000310319 0)
(0.0516 -0.000282477 0)
(0.0516447 -0.000257444 0)
(0.0516809 -0.000235036 0)
(0.0517094 -0.00021507 0)
(0.051731 -0.000197366 0)
(0.0517466 -0.000181747 0)
(0.051757 -0.00016804 0)
(0.0517627 -0.00015608 0)
(0.0517644 -0.000145706 0)
(0.0517627 -0.000136765 0)
(0.0517581 -0.000129114 0)
(0.0517511 -0.000122614 0)
(0.0517421 -0.000117139 0)
(0.0517314 -0.000112567 0)
(0.0517195 -0.000108787 0)
(0.0517066 -0.000105696 0)
(0.051693 -0.000103197 0)
(0.051679 -0.000101205 0)
(0.0516646 -9.96393e-05 0)
(0.0516502 -9.84272e-05 0)
(0.0516359 -9.75036e-05 0)
(0.0516217 -9.68098e-05 0)
(0.0516078 -9.62934e-05 0)
(0.0515942 -9.59078e-05 0)
(0.0515811 -9.56122e-05 0)
(0.0515684 -9.53707e-05 0)
(0.0515563 -9.51521e-05 0)
(0.0515447 -9.49298e-05 0)
(0.0515337 -9.46811e-05 0)
(0.0515232 -9.43869e-05 0)
(0.0515132 -9.40316e-05 0)
(0.0515038 -9.36027e-05 0)
(0.0514948 -9.30901e-05 0)
(0.0514864 -9.24864e-05 0)
(0.0514783 -9.17863e-05 0)
(0.0514708 -9.09863e-05 0)
(0.0514635 -9.00849e-05 0)
(0.0514567 -8.90816e-05 0)
(0.0514501 -8.79776e-05 0)
(0.0514438 -8.67749e-05 0)
(0.0514377 -8.54766e-05 0)
(0.0514318 -8.40864e-05 0)
(0.0514261 -8.26088e-05 0)
(0.0514205 -8.10486e-05 0)
(0.0514149 -7.94111e-05 0)
(0.0514094 -7.7702e-05 0)
(0.0514039 -7.5927e-05 0)
(0.0513983 -7.4092e-05 0)
(0.0513927 -7.22029e-05 0)
(0.051387 -7.02658e-05 0)
(0.0513812 -6.82866e-05 0)
(0.0513752 -6.62709e-05 0)
(0.0513691 -6.42246e-05 0)
(0.0513627 -6.21531e-05 0)
(0.0513562 -6.00618e-05 0)
(0.0513494 -5.79557e-05 0)
(0.0513424 -5.58398e-05 0)
(0.0513351 -5.37187e-05 0)
(0.0513275 -5.15967e-05 0)
(0.0513196 -4.94782e-05 0)
(0.0513114 -4.73668e-05 0)
(0.051303 -4.52664e-05 0)
(0.0512942 -4.31801e-05 0)
(0.051285 -4.11113e-05 0)
(0.0512756 -3.90626e-05 0)
(0.0512658 -3.70366e-05 0)
(0.0512557 -3.50357e-05 0)
(0.0512452 -3.30619e-05 0)
(0.0512344 -3.11167e-05 0)
(0.0512233 -2.92017e-05 0)
(0.0512118 -2.73178e-05 0)
(0.0512 -2.54656e-05 0)
(0.0511879 -2.36452e-05 0)
(0.0511755 -2.18562e-05 0)
(0.0511627 -2.00973e-05 0)
(0.0511496 -1.83665e-05 0)
(0.0511362 -1.66604e-05 0)
(0.0511225 -1.49737e-05 0)
(0.0511085 -1.32992e-05 0)
(0.0510942 -1.16263e-05 0)
(0.0510796 -9.93943e-06 0)
(0.0510647 -8.21742e-06 0)
(0.0510495 -6.42824e-06 0)
(0.051034 -4.52898e-06 0)
(0.0510182 -2.45247e-06 0)
(0.0510021 -1.14105e-07 0)
(0.0509857 2.64842e-06 0)
(0.0509689 5.91659e-06 0)
(0.0509516 1.03257e-05 0)
(0.0509338 1.54607e-05 0)
(0.0509155 2.23686e-05 0)
(0.0508918 3.78538e-05 0)
(-0.000404947 0.00246844 0)
(-0.00171873 0.00379477 0)
(-0.00298668 0.0041394 0)
(-0.00404956 0.00388793 0)
(-0.00482661 0.00361453 0)
(-0.00542872 0.0033117 0)
(-0.00585286 0.00304738 0)
(-0.00615863 0.00280049 0)
(-0.0063553 0.00257609 0)
(-0.00646906 0.00236792 0)
(-0.00650847 0.00217481 0)
(-0.00648555 0.00199428 0)
(-0.00640619 0.0018247 0)
(-0.00627656 0.0016645 0)
(-0.00610047 0.00151233 0)
(-0.00588139 0.00136703 0)
(-0.00562177 0.00122754 0)
(-0.00532368 0.00109296 0)
(-0.00498866 0.000962454 0)
(-0.00461798 0.000835299 0)
(-0.00421258 0.000710833 0)
(-0.00377321 0.000588455 0)
(-0.0033004 0.000467617 0)
(-0.00279454 0.000347811 0)
(-0.00225589 0.00022857 0)
(-0.0016846 0.000109459 0)
(-0.00108075 -9.92464e-06 0)
(-0.000444332 -0.000129953 0)
(0.000224696 -0.000250967 0)
(0.000926416 -0.00037328 0)
(0.00166093 -0.000497169 0)
(0.00242833 -0.00062288 0)
(0.00322871 -0.00075062 0)
(0.00406214 -0.000880555 0)
(0.00492865 -0.00101281 0)
(0.00582821 -0.00114745 0)
(0.00676073 -0.00128452 0)
(0.00772606 -0.00142397 0)
(0.00872394 -0.00156572 0)
(0.00975401 -0.00170962 0)
(0.0108158 -0.00185546 0)
(0.0119088 -0.00200296 0)
(0.0130323 -0.0021518 0)
(0.0141853 -0.00230155 0)
(0.015367 -0.00245177 0)
(0.0165762 -0.00260192 0)
(0.0178116 -0.00275142 0)
(0.0190718 -0.00289963 0)
(0.0203553 -0.00304587 0)
(0.0216601 -0.0031894 0)
(0.0229845 -0.00332948 0)
(0.0243264 -0.0034653 0)
(0.0256836 -0.00359606 0)
(0.0270536 -0.00372095 0)
(0.0284342 -0.00383914 0)
(0.0298225 -0.00394984 0)
(0.031216 -0.00405224 0)
(0.0326117 -0.00414561 0)
(0.0340068 -0.00422923 0)
(0.0353983 -0.00430244 0)
(0.0367831 -0.00436465 0)
(0.0381583 -0.00441532 0)
(0.0395207 -0.00445403 0)
(0.0408672 -0.0044804 0)
(0.0421949 -0.0044942 0)
(0.0435008 -0.00449526 0)
(0.044782 -0.00448353 0)
(0.0460357 -0.00445907 0)
(0.0472594 -0.00442204 0)
(0.0484506 -0.00437274 0)
(0.0496069 -0.00431153 0)
(0.0507262 -0.0042389 0)
(0.0518067 -0.00415545 0)
(0.0528467 -0.00406183 0)
(0.0538447 -0.0039588 0)
(0.0547996 -0.00384718 0)
(0.0557104 -0.00372785 0)
(0.0565765 -0.00360173 0)
(0.0573973 -0.00346978 0)
(0.0581728 -0.00333298 0)
(0.0589029 -0.0031923 0)
(0.0595879 -0.00304873 0)
(0.0602283 -0.00290322 0)
(0.0608248 -0.00275671 0)
(0.0613783 -0.00261008 0)
(0.0618898 -0.00246419 0)
(0.0623604 -0.00231983 0)
(0.0627916 -0.00217771 0)
(0.0631846 -0.00203851 0)
(0.063541 -0.00190281 0)
(0.0638624 -0.00177114 0)
(0.0641505 -0.00164395 0)
(0.0644068 -0.00152161 0)
(0.0646332 -0.00140444 0)
(0.0648313 -0.00129268 0)
(0.0650027 -0.0011865 0)
(0.0651494 -0.00108603 0)
(0.0652727 -0.000991324 0)
(0.0653745 -0.000902393 0)
(0.0654563 -0.000819204 0)
(0.0655196 -0.000741679 0)
(0.065566 -0.000669706 0)
(0.0655968 -0.00060314 0)
(0.0656134 -0.00054181 0)
(0.0656171 -0.000485522 0)
(0.0656092 -0.000434064 0)
(0.0655908 -0.00038721 0)
(0.065563 -0.000344725 0)
(0.0655269 -0.000306364 0)
(0.0654834 -0.000271881 0)
(0.0654335 -0.000241026 0)
(0.0653779 -0.000213553 0)
(0.0653174 -0.000189217 0)
(0.0652528 -0.000167779 0)
(0.0651848 -0.000149005 0)
(0.0651139 -0.00013267 0)
(0.0650406 -0.000118558 0)
(0.0649655 -0.000106462 0)
(0.0648891 -9.61858e-05 0)
(0.0648117 -8.75421e-05 0)
(0.0647337 -8.0356e-05 0)
(0.0646554 -7.44633e-05 0)
(0.0645772 -6.97106e-05 0)
(0.0644992 -6.59555e-05 0)
(0.0644217 -6.30664e-05 0)
(0.0643448 -6.09219e-05 0)
(0.0642689 -5.94112e-05 0)
(0.0641939 -5.84328e-05 0)
(0.06412 -5.78948e-05 0)
(0.0640472 -5.77143e-05 0)
(0.0639758 -5.78165e-05 0)
(0.0639057 -5.81349e-05 0)
(0.0638369 -5.86103e-05 0)
(0.0637695 -5.91906e-05 0)
(0.0637036 -5.98301e-05 0)
(0.063639 -6.0489e-05 0)
(0.0635759 -6.11334e-05 0)
(0.0635142 -6.17341e-05 0)
(0.0634538 -6.22669e-05 0)
(0.0633949 -6.27115e-05 0)
(0.0633372 -6.30517e-05 0)
(0.0632808 -6.32745e-05 0)
(0.0632257 -6.33703e-05 0)
(0.0631718 -6.3332e-05 0)
(0.063119 -6.31551e-05 0)
(0.0630674 -6.28371e-05 0)
(0.0630168 -6.23775e-05 0)
(0.0629673 -6.17773e-05 0)
(0.0629188 -6.10391e-05 0)
(0.0628712 -6.01663e-05 0)
(0.0628245 -5.91638e-05 0)
(0.0627786 -5.80369e-05 0)
(0.0627336 -5.67917e-05 0)
(0.0626893 -5.54348e-05 0)
(0.0626457 -5.39733e-05 0)
(0.0626028 -5.24144e-05 0)
(0.0625605 -5.07656e-05 0)
(0.0625188 -4.90344e-05 0)
(0.0624777 -4.72285e-05 0)
(0.0624371 -4.53554e-05 0)
(0.062397 -4.34224e-05 0)
(0.0623574 -4.14369e-05 0)
(0.0623182 -3.9406e-05 0)
(0.0622794 -3.73366e-05 0)
(0.062241 -3.52352e-05 0)
(0.0622029 -3.31083e-05 0)
(0.0621652 -3.0962e-05 0)
(0.0621278 -2.88019e-05 0)
(0.0620907 -2.66337e-05 0)
(0.0620538 -2.44625e-05 0)
(0.0620172 -2.2293e-05 0)
(0.0619809 -2.01299e-05 0)
(0.0619448 -1.79774e-05 0)
(0.0619088 -1.58393e-05 0)
(0.0618731 -1.37191e-05 0)
(0.0618376 -1.16199e-05 0)
(0.0618022 -9.54475e-06 0)
(0.061767 -7.49589e-06 0)
(0.061732 -5.47534e-06 0)
(0.0616971 -3.48465e-06 0)
(0.0616624 -1.5248e-06 0)
(0.0616278 4.03849e-07 0)
(0.0615934 2.30171e-06 0)
(0.061559 4.17018e-06 0)
(0.0615249 6.01188e-06 0)
(0.0614908 7.83111e-06 0)
(0.0614568 9.63439e-06 0)
(0.061423 1.14314e-05 0)
(0.0613893 1.32358e-05 0)
(0.0613558 1.50678e-05 0)
(0.0613223 1.69557e-05 0)
(0.0612891 1.89401e-05 0)
(0.0612559 2.10826e-05 0)
(0.061223 2.34624e-05 0)
(0.0611903 2.62213e-05 0)
(0.0611578 2.95061e-05 0)
(0.0611257 3.37254e-05 0)
(0.0610941 3.88698e-05 0)
(0.0610628 4.63252e-05 0)
(0.0610299 6.07113e-05 0)
(-0.000693428 0.00309341 0)
(-0.00209159 0.0047213 0)
(-0.00255532 0.00495019 0)
(-0.00279461 0.00450312 0)
(-0.0026315 0.00403068 0)
(-0.00238508 0.00356398 0)
(-0.00199358 0.00316001 0)
(-0.00154145 0.00280206 0)
(-0.00101997 0.0024857 0)
(-0.000454711 0.00220231 0)
(0.000152362 0.00194537 0)
(0.000791909 0.00171009 0)
(0.0014613 0.00149219 0)
(0.0021566 0.00128869 0)
(0.00287604 0.00109693 0)
(0.00361783 0.000914918 0)
(0.004381 0.000740916 0)
(0.00516474 0.000573522 0)
(0.0059686 0.000411521 0)
(0.00679228 0.000253878 0)
(0.00763566 9.96873e-05 0)
(0.00849873 -5.18455e-05 0)
(0.00938157 -0.000201429 0)
(0.0102844 -0.000349694 0)
(0.0112073 -0.000497213 0)
(0.0121506 -0.000644497 0)
(0.0131146 -0.00079201 0)
(0.0140994 -0.000940168 0)
(0.0151055 -0.00108934 0)
(0.0161331 -0.00123986 0)
(0.0171823 -0.00139199 0)
(0.0182534 -0.00154599 0)
(0.0193466 -0.00170202 0)
(0.0204618 -0.00186023 0)
(0.0215992 -0.0020207 0)
(0.0227586 -0.00218344 0)
(0.0239399 -0.00234842 0)
(0.0251429 -0.00251554 0)
(0.0263672 -0.00268462 0)
(0.0276124 -0.00285543 0)
(0.0288777 -0.00302767 0)
(0.0301627 -0.00320096 0)
(0.0314663 -0.00337484 0)
(0.0327875 -0.0035488 0)
(0.0341254 -0.00372225 0)
(0.0354785 -0.00389454 0)
(0.0368454 -0.00406495 0)
(0.0382246 -0.0042327 0)
(0.0396143 -0.00439698 0)
(0.0410127 -0.00455691 0)
(0.0424177 -0.0047116 0)
(0.0438272 -0.0048601 0)
(0.0452389 -0.00500148 0)
(0.0466503 -0.00513477 0)
(0.048059 -0.00525904 0)
(0.0494623 -0.00537334 0)
(0.0508575 -0.00547678 0)
(0.0522418 -0.00556851 0)
(0.0536124 -0.0056477 0)
(0.0549663 -0.00571364 0)
(0.0563008 -0.00576566 0)
(0.0576129 -0.0058032 0)
(0.0588998 -0.0058258 0)
(0.0601588 -0.0058331 0)
(0.0613871 -0.00582488 0)
(0.0625821 -0.00580103 0)
(0.0637415 -0.00576158 0)
(0.0648629 -0.00570668 0)
(0.0659442 -0.00563665 0)
(0.0669836 -0.0055519 0)
(0.0679793 -0.00545299 0)
(0.06893 -0.00534062 0)
(0.0698344 -0.00521557 0)
(0.0706917 -0.00507876 0)
(0.0715012 -0.00493117 0)
(0.0722624 -0.00477387 0)
(0.0729753 -0.00460802 0)
(0.07364 -0.00443479 0)
(0.0742567 -0.00425539 0)
(0.0748263 -0.00407107 0)
(0.0753493 -0.00388304 0)
(0.075827 -0.00369252 0)
(0.0762603 -0.00350069 0)
(0.0766508 -0.00330869 0)
(0.0769998 -0.0031176 0)
(0.0773091 -0.00292842 0)
(0.0775801 -0.0027421 0)
(0.0778148 -0.00255948 0)
(0.0780149 -0.00238135 0)
(0.0781824 -0.00220838 0)
(0.0783189 -0.00204115 0)
(0.0784265 -0.00188018 0)
(0.0785069 -0.00172586 0)
(0.0785621 -0.00157853 0)
(0.0785938 -0.00143842 0)
(0.0786037 -0.00130572 0)
(0.0785935 -0.0011805 0)
(0.0785649 -0.0010628 0)
(0.0785195 -0.000952581 0)
(0.0784588 -0.000849768 0)
(0.0783842 -0.000754222 0)
(0.0782971 -0.00066577 0)
(0.0781988 -0.000584201 0)
(0.0780905 -0.000509274 0)
(0.0779733 -0.000440727 0)
(0.0778485 -0.000378274 0)
(0.0777168 -0.000321619 0)
(0.0775794 -0.000270451 0)
(0.0774371 -0.000224457 0)
(0.0772906 -0.000183318 0)
(0.0771408 -0.000146716 0)
(0.0769883 -0.000114338 0)
(0.0768338 -8.58741e-05 0)
(0.0766778 -6.10219e-05 0)
(0.0765209 -3.94888e-05 0)
(0.0763635 -2.09922e-05 0)
(0.076206 -5.2612e-06 0)
(0.0760489 7.96278e-06 0)
(0.0758925 1.89252e-05 0)
(0.075737 2.78582e-05 0)
(0.0755829 3.49801e-05 0)
(0.0754302 4.04953e-05 0)
(0.0752792 4.45947e-05 0)
(0.07513 4.74554e-05 0)
(0.0749829 4.92412e-05 0)
(0.0748379 5.01029e-05 0)
(0.0746952 5.01788e-05 0)
(0.0745548 4.95952e-05 0)
(0.0744168 4.84666e-05 0)
(0.0742812 4.68968e-05 0)
(0.074148 4.49789e-05 0)
(0.0740174 4.27964e-05 0)
(0.0738892 4.04234e-05 0)
(0.0737635 3.79255e-05 0)
(0.0736403 3.53603e-05 0)
(0.0735196 3.27778e-05 0)
(0.0734012 3.02214e-05 0)
(0.0732853 2.7728e-05 0)
(0.0731716 2.53287e-05 0)
(0.0730603 2.30496e-05 0)
(0.0729513 2.09118e-05 0)
(0.0728444 1.89322e-05 0)
(0.0727397 1.71238e-05 0)
(0.0726371 1.54963e-05 0)
(0.0725365 1.40562e-05 0)
(0.072438 1.28072e-05 0)
(0.0723413 1.1751e-05 0)
(0.0722465 1.08869e-05 0)
(0.0721536 1.02126e-05 0)
(0.0720624 9.7243e-06 0)
(0.0719729 9.4168e-06 0)
(0.0718851 9.28398e-06 0)
(0.0717989 9.31878e-06 0)
(0.0717142 9.5135e-06 0)
(0.071631 9.85986e-06 0)
(0.0715493 1.03492e-05 0)
(0.071469 1.09727e-05 0)
(0.07139 1.17212e-05 0)
(0.0713123 1.25855e-05 0)
(0.071236 1.35565e-05 0)
(0.0711608 1.46252e-05 0)
(0.0710869 1.57826e-05 0)
(0.071014 1.70201e-05 0)
(0.0709424 1.83291e-05 0)
(0.0708717 1.97014e-05 0)
(0.0708022 2.11292e-05 0)
(0.0707336 2.26046e-05 0)
(0.0706661 2.41206e-05 0)
(0.0705995 2.56702e-05 0)
(0.0705338 2.72468e-05 0)
(0.070469 2.88441e-05 0)
(0.0704051 3.04565e-05 0)
(0.070342 3.20783e-05 0)
(0.0702798 3.37045e-05 0)
(0.0702183 3.53304e-05 0)
(0.0701577 3.69518e-05 0)
(0.0700978 3.85647e-05 0)
(0.0700387 4.01656e-05 0)
(0.0699802 4.17516e-05 0)
(0.0699225 4.332e-05 0)
(0.0698655 4.4869e-05 0)
(0.0698092 4.63971e-05 0)
(0.0697535 4.79038e-05 0)
(0.0696984 4.93892e-05 0)
(0.069644 5.08547e-05 0)
(0.0695902 5.23032e-05 0)
(0.0695371 5.37392e-05 0)
(0.0694845 5.51698e-05 0)
(0.0694326 5.66054e-05 0)
(0.0693812 5.80612e-05 0)
(0.0693305 5.95587e-05 0)
(0.0692804 6.11291e-05 0)
(0.069231 6.28169e-05 0)
(0.0691822 6.46856e-05 0)
(0.0691343 6.68354e-05 0)
(0.0690872 6.93997e-05 0)
(0.0690413 7.2626e-05 0)
(0.0689967 7.66896e-05 0)
(0.0689538 8.30127e-05 0)
(0.0689135 9.30344e-05 0)
(-0.000179854 0.00559659 0)
(-0.000141526 0.0056147 0)
(0.000993954 0.00502254 0)
(0.00217644 0.00400055 0)
(0.003618 0.00328975 0)
(0.00502182 0.0027239 0)
(0.00646278 0.00226374 0)
(0.00787097 0.00188032 0)
(0.00926436 0.00154623 0)
(0.0106304 0.0012515 0)
(0.011975 0.000985245 0)
(0.013298 0.000742089 0)
(0.014603 0.000516879 0)
(0.015892 0.000306283 0)
(0.0171675 0.000107387 0)
(0.0184317 -8.19831e-05 0)
(0.0196865 -0.000263673 0)
(0.0209338 -0.000439168 0)
(0.0221753 -0.000609734 0)
(0.0234124 -0.000776439 0)
(0.0246466 -0.000940208 0)
(0.0258791 -0.00110184 0)
(0.0271112 -0.00126206 0)
(0.0283439 -0.00142147 0)
(0.0295784 -0.00158064 0)
(0.0308155 -0.00174006 0)
(0.0320561 -0.00190017 0)
(0.033301 -0.00206135 0)
(0.034551 -0.00222395 0)
(0.0358066 -0.00238824 0)
(0.0370685 -0.00255445 0)
(0.038337 -0.00272278 0)
(0.0396126 -0.00289333 0)
(0.0408955 -0.00306619 0)
(0.0421859 -0.00324135 0)
(0.0434838 -0.00341877 0)
(0.0447891 -0.00359831 0)
(0.0461017 -0.0037798 0)
(0.0474213 -0.00396296 0)
(0.0487473 -0.00414745 0)
(0.0500792 -0.00433288 0)
(0.0514163 -0.00451873 0)
(0.0527577 -0.00470446 0)
(0.0541024 -0.00488941 0)
(0.0554492 -0.00507288 0)
(0.0567968 -0.00525409 0)
(0.0581438 -0.00543218 0)
(0.0594885 -0.00560625 0)
(0.0608291 -0.00577533 0)
(0.0621639 -0.00593843 0)
(0.0634907 -0.00609451 0)
(0.0648074 -0.00624249 0)
(0.0661118 -0.00638131 0)
(0.0674016 -0.00650989 0)
(0.0686742 -0.00662716 0)
(0.0699272 -0.00673208 0)
(0.071158 -0.00682366 0)
(0.0723641 -0.00690096 0)
(0.0735428 -0.00696311 0)
(0.0746916 -0.00700934 0)
(0.075808 -0.00703895 0)
(0.0768894 -0.0070514 0)
(0.0779336 -0.00704623 0)
(0.0789384 -0.00702315 0)
(0.0799016 -0.006982 0)
(0.0808214 -0.0069228 0)
(0.0816961 -0.00684569 0)
(0.0825243 -0.00675099 0)
(0.0833048 -0.0066392 0)
(0.0840366 -0.00651094 0)
(0.0847191 -0.00636701 0)
(0.085352 -0.00620833 0)
(0.0859352 -0.00603597 0)
(0.0864688 -0.00585108 0)
(0.0869534 -0.00565494 0)
(0.0873898 -0.00544889 0)
(0.0877788 -0.00523434 0)
(0.0881218 -0.00501273 0)
(0.0884201 -0.00478553 0)
(0.0886755 -0.00455419 0)
(0.0888895 -0.00432017 0)
(0.0890642 -0.00408487 0)
(0.0892015 -0.00384963 0)
(0.0893035 -0.00361575 0)
(0.0893722 -0.00338441 0)
(0.0894098 -0.00315675 0)
(0.0894183 -0.00293375 0)
(0.0893999 -0.00271635 0)
(0.0893565 -0.00250534 0)
(0.0892903 -0.00230141 0)
(0.089203 -0.00210516 0)
(0.0890966 -0.00191707 0)
(0.0889728 -0.00173752 0)
(0.0888333 -0.00156679 0)
(0.0886797 -0.00140508 0)
(0.0885134 -0.0012525 0)
(0.0883359 -0.00110908 0)
(0.0881485 -0.000974774 0)
(0.0879524 -0.000849488 0)
(0.0877487 -0.00073306 0)
(0.0875386 -0.000625284 0)
(0.0873229 -0.000525909 0)
(0.0871026 -0.00043465 0)
(0.0868785 -0.000351194 0)
(0.0866514 -0.000275203 0)
(0.086422 -0.000206324 0)
(0.086191 -0.000144189 0)
(0.0859588 -8.84225e-05 0)
(0.0857262 -3.8645e-05 0)
(0.0854935 5.52347e-06 0)
(0.0852612 4.44599e-05 0)
(0.0850297 7.85359e-05 0)
(0.0847994 0.000108115 0)
(0.0845706 0.000133551 0)
(0.0843436 0.000155185 0)
(0.0841186 0.000173347 0)
(0.0838959 0.000188351 0)
(0.0836757 0.000200497 0)
(0.0834582 0.000210069 0)
(0.0832435 0.000217335 0)
(0.0830318 0.000222547 0)
(0.0828231 0.000225941 0)
(0.0826175 0.000227736 0)
(0.0824152 0.000228138 0)
(0.0822161 0.000227334 0)
(0.0820204 0.000225498 0)
(0.0818281 0.000222788 0)
(0.0816391 0.000219351 0)
(0.0814535 0.000215318 0)
(0.0812713 0.000210809 0)
(0.0810924 0.000205929 0)
(0.0809169 0.000200776 0)
(0.0807447 0.000195434 0)
(0.0805758 0.00018998 0)
(0.0804101 0.000184479 0)
(0.0802477 0.000178988 0)
(0.0800884 0.000173559 0)
(0.0799322 0.000168232 0)
(0.079779 0.000163045 0)
(0.0796289 0.000158027 0)
(0.0794817 0.000153203 0)
(0.0793374 0.000148591 0)
(0.079196 0.000144208 0)
(0.0790572 0.000140064 0)
(0.0789212 0.000136167 0)
(0.0787879 0.000132521 0)
(0.0786571 0.000129128 0)
(0.0785289 0.000125987 0)
(0.0784031 0.000123097 0)
(0.0782797 0.000120451 0)
(0.0781587 0.000118045 0)
(0.07804 0.000115872 0)
(0.0779235 0.000113922 0)
(0.0778092 0.000112189 0)
(0.077697 0.00011066 0)
(0.0775869 0.000109328 0)
(0.0774789 0.000108181 0)
(0.0773728 0.000107209 0)
(0.0772686 0.000106402 0)
(0.0771664 0.000105748 0)
(0.0770659 0.000105237 0)
(0.0769673 0.000104859 0)
(0.0768704 0.000104603 0)
(0.0767752 0.00010446 0)
(0.0766816 0.00010442 0)
(0.0765897 0.000104473 0)
(0.0764994 0.000104611 0)
(0.0764106 0.000104825 0)
(0.0763234 0.000105107 0)
(0.0762376 0.000105448 0)
(0.0761533 0.000105842 0)
(0.0760703 0.000106282 0)
(0.0759888 0.00010676 0)
(0.0759086 0.00010727 0)
(0.0758297 0.000107808 0)
(0.0757521 0.000108367 0)
(0.0756758 0.000108942 0)
(0.0756006 0.00010953 0)
(0.0755267 0.000110125 0)
(0.075454 0.000110725 0)
(0.0753825 0.000111327 0)
(0.075312 0.000111927 0)
(0.0752427 0.000112525 0)
(0.0751745 0.000113119 0)
(0.0751073 0.000113709 0)
(0.0750412 0.000114295 0)
(0.0749761 0.00011488 0)
(0.074912 0.000115468 0)
(0.074849 0.000116064 0)
(0.0747869 0.000116677 0)
(0.0747259 0.000117318 0)
(0.0746659 0.000118005 0)
(0.074607 0.000118762 0)
(0.0745492 0.000119621 0)
(0.0744926 0.000120633 0)
(0.0744374 0.000121863 0)
(0.0743838 0.000123427 0)
(0.0743324 0.000125452 0)
(0.0742836 0.000128995 0)
(0.0742409 0.00013197 0)
(0.00500139 0.00204448 0)
(0.00750132 0.00308266 0)
(0.0124131 0.00263079 0)
(0.0156544 0.00201746 0)
(0.0187321 0.00139732 0)
(0.0213727 0.000899585 0)
(0.0237886 0.00048656 0)
(0.0260114 0.000148452 0)
(0.0280927 -0.000139575 0)
(0.0300589 -0.000390243 0)
(0.0319319 -0.000614782 0)
(0.0337269 -0.000819892 0)
(0.0354557 -0.00101063 0)
(0.0371277 -0.00119037 0)
(0.0387501 -0.00136168 0)
(0.0403291 -0.00152645 0)
(0.0418697 -0.00168619 0)
(0.0433761 -0.00184211 0)
(0.0448519 -0.00199522 0)
(0.0463002 -0.00214639 0)
(0.0477239 -0.00229636 0)
(0.0491254 -0.00244577 0)
(0.0505068 -0.00259519 0)
(0.05187 -0.00274512 0)
(0.0532168 -0.00289602 0)
(0.0545487 -0.00304827 0)
(0.0558671 -0.00320221 0)
(0.0571732 -0.00335813 0)
(0.0584682 -0.00351628 0)
(0.0597529 -0.00367684 0)
(0.0610282 -0.00383996 0)
(0.0622946 -0.00400572 0)
(0.0635529 -0.00417417 0)
(0.0648033 -0.00434526 0)
(0.0660462 -0.0045189 0)
(0.0672817 -0.00469495 0)
(0.0685097 -0.00487318 0)
(0.0697301 -0.00505328 0)
(0.0709426 -0.00523488 0)
(0.0721468 -0.00541753 0)
(0.073342 -0.0056007 0)
(0.0745277 -0.00578378 0)
(0.0757027 -0.00596609 0)
(0.0768662 -0.00614684 0)
(0.0780169 -0.0063252 0)
(0.0791536 -0.00650026 0)
(0.0802747 -0.00667104 0)
(0.0813786 -0.00683648 0)
(0.0824636 -0.00699551 0)
(0.0835279 -0.00714699 0)
(0.0845696 -0.00728975 0)
(0.0855865 -0.0074226 0)
(0.0865765 -0.00754436 0)
(0.0875376 -0.00765385 0)
(0.0884674 -0.00774991 0)
(0.0893638 -0.00783142 0)
(0.0902245 -0.00789734 0)
(0.0910473 -0.00794668 0)
(0.0918302 -0.00797857 0)
(0.0925712 -0.00799223 0)
(0.0932684 -0.00798702 0)
(0.0939201 -0.00796244 0)
(0.0945248 -0.00791816 0)
(0.0950813 -0.00785399 0)
(0.0955885 -0.00776995 0)
(0.0960456 -0.00766623 0)
(0.0964523 -0.0075432 0)
(0.0968084 -0.00740143 0)
(0.0971142 -0.00724166 0)
(0.09737 -0.00706482 0)
(0.0975769 -0.00687199 0)
(0.097736 -0.0066644 0)
(0.0978487 -0.0064434 0)
(0.0979168 -0.00621046 0)
(0.0979422 -0.00596714 0)
(0.0979273 -0.00571505 0)
(0.0978743 -0.00545584 0)
(0.0977858 -0.00519119 0)
(0.0976645 -0.00492276 0)
(0.097513 -0.00465215 0)
(0.097334 -0.00438096 0)
(0.0971303 -0.00411069 0)
(0.0969045 -0.00384274 0)
(0.0966592 -0.00357843 0)
(0.0963969 -0.00331898 0)
(0.0961199 -0.00306547 0)
(0.0958306 -0.00281888 0)
(0.0955309 -0.00258004 0)
(0.0952228 -0.00234967 0)
(0.094908 -0.00212839 0)
(0.0945882 -0.00191667 0)
(0.0942647 -0.00171489 0)
(0.0939389 -0.00152331 0)
(0.0936119 -0.0013421 0)
(0.0932846 -0.00117134 0)
(0.092958 -0.00101102 0)
(0.0926327 -0.000861066 0)
(0.0923094 -0.000721336 0)
(0.0919887 -0.000591627 0)
(0.0916709 -0.000471686 0)
(0.0913565 -0.00036122 0)
(0.0910457 -0.000259899 0)
(0.0907387 -0.000167365 0)
(0.0904359 -8.32367e-05 0)
(0.0901372 -7.11635e-06 0)
(0.0898428 6.14068e-05 0)
(0.0895529 0.000122751 0)
(0.0892674 0.000177337 0)
(0.0889863 0.000225586 0)
(0.0887097 0.000267916 0)
(0.0884377 0.000304738 0)
(0.0881701 0.000336454 0)
(0.0879069 0.000363457 0)
(0.0876482 0.000386126 0)
(0.0873939 0.000404825 0)
(0.087144 0.000419906 0)
(0.0868983 0.000431702 0)
(0.086657 0.000440532 0)
(0.0864199 0.000446695 0)
(0.0861869 0.000450476 0)
(0.0859581 0.000452141 0)
(0.0857334 0.000451937 0)
(0.0855128 0.000450098 0)
(0.0852961 0.000446837 0)
(0.0850833 0.000442353 0)
(0.0848745 0.00043683 0)
(0.0846695 0.000430435 0)
(0.0844683 0.00042332 0)
(0.0842708 0.000415624 0)
(0.084077 0.000407473 0)
(0.0838868 0.000398979 0)
(0.0837002 0.000390244 0)
(0.0835171 0.000381358 0)
(0.0833375 0.000372399 0)
(0.0831612 0.000363437 0)
(0.0829884 0.000354534 0)
(0.0828188 0.000345741 0)
(0.0826525 0.000337104 0)
(0.0824894 0.00032866 0)
(0.0823295 0.00032044 0)
(0.0821726 0.00031247 0)
(0.0820187 0.00030477 0)
(0.0818678 0.000297356 0)
(0.0817199 0.00029024 0)
(0.0815748 0.000283429 0)
(0.0814325 0.000276928 0)
(0.081293 0.000270738 0)
(0.0811563 0.000264858 0)
(0.0810221 0.000259285 0)
(0.0808906 0.000254015 0)
(0.0807617 0.00024904 0)
(0.0806353 0.000244353 0)
(0.0805113 0.000239944 0)
(0.0803898 0.000235805 0)
(0.0802706 0.000231924 0)
(0.0801537 0.00022829 0)
(0.0800392 0.000224893 0)
(0.0799268 0.00022172 0)
(0.0798167 0.00021876 0)
(0.0797086 0.000216001 0)
(0.0796027 0.000213432 0)
(0.0794989 0.000211041 0)
(0.079397 0.000208816 0)
(0.0792972 0.000206748 0)
(0.0791993 0.000204825 0)
(0.0791032 0.000203037 0)
(0.0790091 0.000201373 0)
(0.0789167 0.000199825 0)
(0.0788262 0.000198383 0)
(0.0787373 0.000197038 0)
(0.0786502 0.000195782 0)
(0.0785648 0.000194608 0)
(0.078481 0.000193506 0)
(0.0783988 0.000192471 0)
(0.0783182 0.000191496 0)
(0.0782391 0.000190575 0)
(0.0781616 0.000189701 0)
(0.0780855 0.000188869 0)
(0.0780109 0.000188075 0)
(0.0779377 0.000187315 0)
(0.0778658 0.000186583 0)
(0.0777954 0.000185877 0)
(0.0777263 0.000185193 0)
(0.0776584 0.00018453 0)
(0.0775919 0.000183885 0)
(0.0775267 0.000183257 0)
(0.0774626 0.000182646 0)
(0.0773998 0.00018205 0)
(0.0773383 0.000181471 0)
(0.0772779 0.000180911 0)
(0.0772187 0.00018037 0)
(0.0771608 0.000179849 0)
(0.0771041 0.000179351 0)
(0.0770488 0.000178871 0)
(0.0769948 0.000178405 0)
(0.0769425 0.000177933 0)
(0.076892 0.000177437 0)
(0.0768438 0.000176839 0)
(0.0767988 0.000176649 0)
(0.0767613 0.000171227 0)
(0.0344491 -1.68749e-06 0)
(0.034603 -0.000145498 0)
(0.0349197 -0.000262795 0)
(0.0353515 -0.000324979 0)
(0.0358455 -0.000363005 0)
(0.036483 -0.00043734 0)
(0.0371403 -0.000316198 0)
(0.0378166 -0.000769286 0)
(0.0908647 -5.36082e-06 0)
(0.0906414 -0.000125837 0)
(0.0905741 -0.000288095 0)
(0.0906078 -0.000452997 0)
(0.0907513 -0.000630454 0)
(0.0909794 -0.000806662 0)
(0.0913221 -0.00100059 0)
(0.0921926 -0.00166312 0)
(0.128437 -9.13631e-06 0)
(0.128259 -8.91825e-05 0)
(0.128172 -0.000212048 0)
(0.128132 -0.000368473 0)
(0.12812 -0.000550768 0)
(0.128137 -0.000762544 0)
(0.128223 -0.00108785 0)
(0.12822 -0.0015046 0)
(0.147212 -1.3063e-05 0)
(0.147034 -9.97961e-05 0)
(0.146936 -0.000213323 0)
(0.146873 -0.000353953 0)
(0.146821 -0.000525027 0)
(0.146778 -0.000744482 0)
(0.146719 -0.00101099 0)
(0.146652 -0.00136365 0)
(0.147217 -1.83609e-05 0)
(0.147038 -0.000107441 0)
(0.146928 -0.000205833 0)
(0.146841 -0.000323628 0)
(0.146751 -0.000471691 0)
(0.146638 -0.000656297 0)
(0.146492 -0.000892717 0)
(0.146286 -0.00118139 0)
(0.12845 -2.60994e-05 0)
(0.128254 -0.000123536 0)
(0.128113 -0.000208802 0)
(0.127976 -0.00030188 0)
(0.127816 -0.000417835 0)
(0.127618 -0.000567826 0)
(0.127364 -0.000755278 0)
(0.127039 -0.000979564 0)
(0.0908857 -4.00674e-05 0)
(0.0906068 -0.000102171 0)
(0.0903893 -0.000132541 0)
(0.0901721 -0.000173639 0)
(0.0899279 -0.000244003 0)
(0.0896335 -0.000347554 0)
(0.0892668 -0.00048131 0)
(0.0888051 -0.000636605 0)
(0.0344545 -4.61293e-05 0)
(0.0343728 -2.45426e-05 0)
(0.0343219 7.69847e-06 0)
(0.0342694 6.65131e-06 0)
(0.0341577 -2.59778e-05 0)
(0.033959 -7.79966e-05 0)
(0.0336582 -0.00013655 0)
(0.0332504 -0.000191068 0)
(0.0404833 -0.00349263 0)
(0.0433918 -0.00318608 0)
(0.0460302 -0.00286899 0)
(0.0485927 -0.00256072 0)
(0.0509422 -0.00240987 0)
(0.0531298 -0.00235387 0)
(0.0551772 -0.00236345 0)
(0.0571096 -0.0024106 0)
(0.058946 -0.00247999 0)
(0.0607002 -0.00256216 0)
(0.0623828 -0.00265205 0)
(0.0640016 -0.00274673 0)
(0.0655631 -0.00284464 0)
(0.0670723 -0.00294492 0)
(0.0685335 -0.00304714 0)
(0.0699504 -0.00315111 0)
(0.0713263 -0.00325679 0)
(0.072664 -0.00336424 0)
(0.0739661 -0.0034736 0)
(0.0752348 -0.00358501 0)
(0.0764721 -0.00369866 0)
(0.07768 -0.00381475 0)
(0.0788602 -0.00393348 0)
(0.080014 -0.00405503 0)
(0.081143 -0.00417957 0)
(0.0822483 -0.00430727 0)
(0.0833311 -0.00443825 0)
(0.0843922 -0.00457262 0)
(0.0854325 -0.00471045 0)
(0.0864527 -0.00485178 0)
(0.0874534 -0.00499661 0)
(0.088435 -0.00514487 0)
(0.0893977 -0.00529647 0)
(0.0903418 -0.00545125 0)
(0.0912674 -0.00560898 0)
(0.0921742 -0.00576938 0)
(0.0930622 -0.00593211 0)
(0.0939309 -0.00609673 0)
(0.0947798 -0.00626274 0)
(0.0956083 -0.00642956 0)
(0.0964157 -0.00659654 0)
(0.097201 -0.00676292 0)
(0.0979632 -0.0069279 0)
(0.098701 -0.00709056 0)
(0.0994133 -0.00724994 0)
(0.100099 -0.00740498 0)
(0.100755 -0.00755458 0)
(0.101382 -0.00769757 0)
(0.101977 -0.00783274 0)
(0.102538 -0.00795883 0)
(0.103063 -0.00807457 0)
(0.103551 -0.0081787 0)
(0.104 -0.00826993 0)
(0.104408 -0.00834702 0)
(0.104773 -0.00840879 0)
(0.105094 -0.0084541 0)
(0.105368 -0.0084819 0)
(0.105595 -0.00849126 0)
(0.105773 -0.00848137 0)
(0.105901 -0.00845157 0)
(0.105979 -0.00840135 0)
(0.106006 -0.00833041 0)
(0.105981 -0.0082386 0)
(0.105906 -0.00812602 0)
(0.10578 -0.00799295 0)
(0.105605 -0.00783988 0)
(0.105383 -0.00766754 0)
(0.105114 -0.00747682 0)
(0.104801 -0.00726884 0)
(0.104446 -0.00704486 0)
(0.104053 -0.00680632 0)
(0.103624 -0.0065548 0)
(0.103162 -0.00629194 0)
(0.102672 -0.00601951 0)
(0.102157 -0.0057393 0)
(0.101619 -0.00545313 0)
(0.101064 -0.00516281 0)
(0.100495 -0.00487011 0)
(0.099915 -0.00457676 0)
(0.0993279 -0.0042844 0)
(0.0987368 -0.00399457 0)
(0.0981449 -0.00370869 0)
(0.0975549 -0.00342807 0)
(0.0969694 -0.00315388 0)
(0.0963907 -0.00288717 0)
(0.0958208 -0.00262883 0)
(0.0952614 -0.00237963 0)
(0.094714 -0.0021402 0)
(0.0941797 -0.00191105 0)
(0.0936596 -0.00169255 0)
(0.0931543 -0.00148498 0)
(0.0926642 -0.00128851 0)
(0.0921898 -0.00110322 0)
(0.0917311 -0.00092908 0)
(0.0912881 -0.000766018 0)
(0.0908607 -0.000613876 0)
(0.0904485 -0.000472442 0)
(0.0900513 -0.000341453 0)
(0.0896686 -0.000220605 0)
(0.0892998 -0.000109559 0)
(0.0889446 -7.94537e-06 0)
(0.0886022 8.46253e-05 0)
(0.0882722 0.000168561 0)
(0.0879538 0.000244283 0)
(0.0876466 0.000312218 0)
(0.0873499 0.000372799 0)
(0.0870632 0.000426457 0)
(0.0867859 0.000473622 0)
(0.0865175 0.000514719 0)
(0.0862575 0.000550164 0)
(0.0860053 0.000580363 0)
(0.0857605 0.000605714 0)
(0.0855227 0.000626597 0)
(0.0852915 0.000643383 0)
(0.0850666 0.000656425 0)
(0.0848474 0.000666061 0)
(0.0846339 0.000672613 0)
(0.0844255 0.000676386 0)
(0.0842222 0.00067767 0)
(0.0840235 0.000676734 0)
(0.0838294 0.000673835 0)
(0.0836395 0.000669209 0)
(0.0834538 0.00066308 0)
(0.083272 0.000655651 0)
(0.083094 0.000647114 0)
(0.0829196 0.000637643 0)
(0.0827487 0.000627398 0)
(0.0825812 0.000616525 0)
(0.0824171 0.000605157 0)
(0.0822561 0.000593414 0)
(0.0820982 0.000581404 0)
(0.0819434 0.000569224 0)
(0.0817915 0.000556959 0)
(0.0816425 0.000544686 0)
(0.0814964 0.000532472 0)
(0.081353 0.000520374 0)
(0.0812124 0.000508442 0)
(0.0810744 0.00049672 0)
(0.0809391 0.000485243 0)
(0.0808064 0.000474041 0)
(0.0806762 0.000463138 0)
(0.0805486 0.000452553 0)
(0.0804234 0.000442302 0)
(0.0803007 0.000432394 0)
(0.0801803 0.000422836 0)
(0.0800624 0.000413633 0)
(0.0799467 0.000404785 0)
(0.0798334 0.000396291 0)
(0.0797223 0.000388147 0)
(0.0796135 0.000380347 0)
(0.0795069 0.000372885 0)
(0.0794025 0.000365753 0)
(0.0793002 0.00035894 0)
(0.0792 0.000352437 0)
(0.0791019 0.000346233 0)
(0.0790059 0.000340316 0)
(0.0789119 0.000334676 0)
(0.0788198 0.000329299 0)
(0.0787297 0.000324175 0)
(0.0786415 0.00031929 0)
(0.0785553 0.000314633 0)
(0.0784708 0.000310192 0)
(0.0783883 0.000305956 0)
(0.0783075 0.000301912 0)
(0.0782284 0.000298051 0)
(0.0781511 0.000294361 0)
(0.0780756 0.000290831 0)
(0.0780016 0.000287453 0)
(0.0779294 0.000284215 0)
(0.0778587 0.00028111 0)
(0.0777896 0.000278127 0)
(0.0777221 0.000275259 0)
(0.0776561 0.000272498 0)
(0.0775916 0.000269836 0)
(0.0775285 0.000267267 0)
(0.0774669 0.000264782 0)
(0.0774067 0.000262376 0)
(0.0773479 0.000260044 0)
(0.0772904 0.000257779 0)
(0.0772343 0.000255576 0)
(0.0771794 0.000253431 0)
(0.0771258 0.00025134 0)
(0.0770735 0.000249298 0)
(0.0770224 0.000247302 0)
(0.0769725 0.000245348 0)
(0.0769237 0.000243433 0)
(0.0768762 0.000241553 0)
(0.0768297 0.000239706 0)
(0.0767845 0.000237886 0)
(0.0767403 0.000236088 0)
(0.0766972 0.000234303 0)
(0.0766553 0.000232519 0)
(0.0766146 0.000230714 0)
(0.076575 0.000228854 0)
(0.0765368 0.000226883 0)
(0.0764999 0.000224701 0)
(0.0764647 0.00022217 0)
(0.0764316 0.00021898 0)
(0.0764011 0.000215295 0)
(0.0763773 0.000202075 0)
(0.0928214 -0.00216729 0)
(0.0928788 -0.00264041 0)
(0.0931803 -0.00290758 0)
(0.0936412 -0.00308914 0)
(0.0942568 -0.00322763 0)
(0.0949668 -0.00334782 0)
(0.0957379 -0.0034582 0)
(0.0965451 -0.00356159 0)
(0.0973718 -0.00365909 0)
(0.0982067 -0.00375137 0)
(0.0990418 -0.00383924 0)
(0.0998714 -0.0039236 0)
(0.100691 -0.0040054 0)
(0.101498 -0.00408553 0)
(0.102289 -0.00416483 0)
(0.103063 -0.00424403 0)
(0.103818 -0.00432379 0)
(0.104553 -0.00440466 0)
(0.105268 -0.00448715 0)
(0.105962 -0.00457168 0)
(0.106635 -0.00465862 0)
(0.107286 -0.0047483 0)
(0.107916 -0.00484099 0)
(0.108523 -0.00493693 0)
(0.109109 -0.00503631 0)
(0.109673 -0.00513929 0)
(0.110215 -0.00524598 0)
(0.110735 -0.00535644 0)
(0.111233 -0.00547072 0)
(0.111708 -0.00558878 0)
(0.112161 -0.00571055 0)
(0.112591 -0.00583592 0)
(0.112997 -0.0059647 0)
(0.11338 -0.00609664 0)
(0.113738 -0.00623146 0)
(0.114071 -0.00636875 0)
(0.114378 -0.00650809 0)
(0.114658 -0.00664894 0)
(0.114911 -0.00679069 0)
(0.115135 -0.00693266 0)
(0.11533 -0.00707408 0)
(0.115493 -0.00721411 0)
(0.115624 -0.0073518 0)
(0.115721 -0.00748615 0)
(0.115782 -0.00761608 0)
(0.115807 -0.00774044 0)
(0.115793 -0.00785802 0)
(0.11574 -0.00796757 0)
(0.115644 -0.00806779 0)
(0.115506 -0.00815739 0)
(0.115323 -0.00823503 0)
(0.115093 -0.00829943 0)
(0.114816 -0.00834932 0)
(0.114491 -0.00838349 0)
(0.114116 -0.00840081 0)
(0.113691 -0.00840026 0)
(0.113215 -0.00838092 0)
(0.112688 -0.00834205 0)
(0.112111 -0.00828305 0)
(0.111483 -0.00820353 0)
(0.110807 -0.00810331 0)
(0.110084 -0.00798239 0)
(0.109316 -0.00784105 0)
(0.108504 -0.00767975 0)
(0.107653 -0.00749921 0)
(0.106765 -0.00730038 0)
(0.105844 -0.00708439 0)
(0.104894 -0.00685259 0)
(0.10392 -0.00660647 0)
(0.102925 -0.0063477 0)
(0.101916 -0.00607803 0)
(0.100897 -0.0057993 0)
(0.0998718 -0.00551339 0)
(0.0988467 -0.00522221 0)
(0.0978259 -0.00492762 0)
(0.096814 -0.00463146 0)
(0.0958153 -0.00433548 0)
(0.0948337 -0.00404132 0)
(0.0938728 -0.00375053 0)
(0.0929358 -0.00346449 0)
(0.0920255 -0.00318448 0)
(0.0911444 -0.00291161 0)
(0.0902942 -0.00264684 0)
(0.0894766 -0.00239098 0)
(0.0886928 -0.00214472 0)
(0.0879433 -0.0019086 0)
(0.0872287 -0.00168302 0)
(0.086549 -0.00146827 0)
(0.0859039 -0.00126455 0)
(0.085293 -0.00107194 0)
(0.0847156 -0.000890451 0)
(0.0841708 -0.000720003 0)
(0.0836575 -0.000560462 0)
(0.0831745 -0.00041163 0)
(0.0827206 -0.000273266 0)
(0.0822945 -0.000145086 0)
(0.0818946 -2.6773e-05 0)
(0.0815197 8.20155e-05 0)
(0.0811683 0.000181644 0)
(0.0808389 0.000272493 0)
(0.0805301 0.000354955 0)
(0.0802406 0.000429429 0)
(0.0799691 0.000496319 0)
(0.0797142 0.000556033 0)
(0.0794748 0.000608973 0)
(0.0792495 0.000655542 0)
(0.0790375 0.000696135 0)
(0.0788375 0.00073114 0)
(0.0786486 0.000760938 0)
(0.0784699 0.000785898 0)
(0.0783006 0.00080638 0)
(0.0781397 0.00082273 0)
(0.0779867 0.000835284 0)
(0.0778408 0.000844361 0)
(0.0777013 0.000850271 0)
(0.0775678 0.000853304 0)
(0.0774396 0.000853741 0)
(0.0773164 0.000851844 0)
(0.0771977 0.000847865 0)
(0.0770831 0.000842035 0)
(0.0769723 0.000834577 0)
(0.0768649 0.000825696 0)
(0.0767607 0.000815583 0)
(0.0766594 0.000804416 0)
(0.0765608 0.000792359 0)
(0.0764648 0.000779564 0)
(0.0763711 0.00076617 0)
(0.0762796 0.000752303 0)
(0.0761901 0.000738078 0)
(0.0761026 0.000723601 0)
(0.076017 0.000708964 0)
(0.0759331 0.000694251 0)
(0.0758509 0.000679538 0)
(0.0757704 0.000664891 0)
(0.0756915 0.000650367 0)
(0.0756141 0.000636017 0)
(0.0755382 0.000621883 0)
(0.0754637 0.000608004 0)
(0.0753908 0.00059441 0)
(0.0753192 0.000581127 0)
(0.075249 0.000568175 0)
(0.0751803 0.000555571 0)
(0.0751129 0.000543326 0)
(0.0750469 0.00053145 0)
(0.0749822 0.000519947 0)
(0.0749189 0.000508821 0)
(0.0748569 0.000498071 0)
(0.0747963 0.000487694 0)
(0.074737 0.000477688 0)
(0.074679 0.000468045 0)
(0.0746223 0.00045876 0)
(0.0745669 0.000449823 0)
(0.0745128 0.000441226 0)
(0.07446 0.000432958 0)
(0.0744085 0.000425009 0)
(0.0743582 0.000417368 0)
(0.0743092 0.000410023 0)
(0.0742615 0.000402963 0)
(0.074215 0.000396177 0)
(0.0741697 0.000389652 0)
(0.0741256 0.000383376 0)
(0.0740827 0.00037734 0)
(0.074041 0.00037153 0)
(0.0740005 0.000365936 0)
(0.0739611 0.000360548 0)
(0.0739229 0.000355354 0)
(0.0738858 0.000350345 0)
(0.0738498 0.000345511 0)
(0.0738149 0.000340841 0)
(0.0737811 0.000336328 0)
(0.0737483 0.000331962 0)
(0.0737166 0.000327735 0)
(0.0736859 0.00032364 0)
(0.0736562 0.000319668 0)
(0.0736275 0.000315812 0)
(0.0735997 0.000312065 0)
(0.0735729 0.000308422 0)
(0.0735471 0.000304875 0)
(0.0735221 0.00030142 0)
(0.0734981 0.00029805 0)
(0.0734749 0.000294762 0)
(0.0734526 0.000291548 0)
(0.0734311 0.000288406 0)
(0.0734104 0.000285331 0)
(0.0733906 0.000282317 0)
(0.0733715 0.00027936 0)
(0.0733533 0.000276455 0)
(0.0733358 0.000273594 0)
(0.0733191 0.00027077 0)
(0.0733031 0.00026797 0)
(0.0732879 0.000265179 0)
(0.0732735 0.000262371 0)
(0.0732598 0.000259512 0)
(0.073247 0.000256542 0)
(0.073235 0.000253375 0)
(0.0732239 0.000249849 0)
(0.0732139 0.00024576 0)
(0.0732052 0.000240611 0)
(0.073198 0.000234864 0)
(0.0731947 0.000216542 0)
(0.128147 -0.00211705 0)
(0.128093 -0.00261441 0)
(0.128023 -0.00298392 0)
(0.127999 -0.00325541 0)
(0.128024 -0.0034656 0)
(0.128093 -0.00363716 0)
(0.128195 -0.00378317 0)
(0.128321 -0.00391085 0)
(0.128463 -0.00402445 0)
(0.128612 -0.00412673 0)
(0.128764 -0.00421979 0)
(0.128914 -0.00430538 0)
(0.129058 -0.00438499 0)
(0.129194 -0.00445998 0)
(0.129319 -0.00453155 0)
(0.129431 -0.00460077 0)
(0.129528 -0.00466859 0)
(0.129608 -0.00473584 0)
(0.129671 -0.00480325 0)
(0.129716 -0.00487146 0)
(0.129741 -0.00494103 0)
(0.129745 -0.00501241 0)
(0.129729 -0.00508603 0)
(0.129691 -0.0051622 0)
(0.12963 -0.00524119 0)
(0.129547 -0.00532322 0)
(0.12944 -0.00540843 0)
(0.129309 -0.0054969 0)
(0.129153 -0.00558867 0)
(0.128971 -0.0056837 0)
(0.128763 -0.0057819 0)
(0.128528 -0.00588311 0)
(0.128265 -0.0059871 0)
(0.127973 -0.0060936 0)
(0.127651 -0.00620222 0)
(0.127298 -0.00631253 0)
(0.126913 -0.00642402 0)
(0.126494 -0.00653608 0)
(0.126041 -0.00664803 0)
(0.125552 -0.00675912 0)
(0.125026 -0.00686849 0)
(0.124461 -0.00697524 0)
(0.123856 -0.00707835 0)
(0.123209 -0.00717676 0)
(0.12252 -0.00726933 0)
(0.121786 -0.00735487 0)
(0.121007 -0.00743217 0)
(0.120182 -0.00749995 0)
(0.119309 -0.00755695 0)
(0.118387 -0.0076019 0)
(0.117417 -0.00763358 0)
(0.116397 -0.00765081 0)
(0.115328 -0.00765247 0)
(0.11421 -0.00763757 0)
(0.113044 -0.00760522 0)
(0.11183 -0.0075547 0)
(0.110572 -0.00748544 0)
(0.10927 -0.0073971 0)
(0.107927 -0.00728952 0)
(0.106547 -0.00716277 0)
(0.105133 -0.00701718 0)
(0.103689 -0.0068533 0)
(0.102221 -0.00667191 0)
(0.100733 -0.00647403 0)
(0.0992302 -0.00626088 0)
(0.0977193 -0.00603386 0)
(0.0962059 -0.00579454 0)
(0.0946961 -0.00554462 0)
(0.0931961 -0.00528589 0)
(0.0917118 -0.00502019 0)
(0.0902493 -0.00474938 0)
(0.0888139 -0.00447531 0)
(0.0874112 -0.00419975 0)
(0.0860457 -0.00392444 0)
(0.084722 -0.00365096 0)
(0.0834436 -0.0033808 0)
(0.082214 -0.0031153 0)
(0.0810356 -0.00285563 0)
(0.0799106 -0.00260284 0)
(0.0788403 -0.00235779 0)
(0.0778257 -0.00212121 0)
(0.0768673 -0.00189368 0)
(0.0759649 -0.00167564 0)
(0.075118 -0.00146741 0)
(0.0743257 -0.0012692 0)
(0.0735869 -0.00108112 0)
(0.0728999 -0.000903205 0)
(0.0722631 -0.000735399 0)
(0.0716746 -0.000577593 0)
(0.0711323 -0.000429625 0)
(0.070634 -0.00029129 0)
(0.0701775 -0.000162347 0)
(0.0697605 -4.25297e-05 0)
(0.0693807 6.8453e-05 0)
(0.0690359 0.000170907 0)
(0.0687238 0.000265151 0)
(0.0684421 0.000351512 0)
(0.0681888 0.000430324 0)
(0.0679618 0.000501924 0)
(0.0677591 0.00056665 0)
(0.0675788 0.000624839 0)
(0.067419 0.000676828 0)
(0.0672781 0.00072295 0)
(0.0671543 0.000763532 0)
(0.0670463 0.000798898 0)
(0.0669524 0.000829366 0)
(0.0668715 0.000855248 0)
(0.0668021 0.000876845 0)
(0.0667432 0.000894454 0)
(0.0666936 0.000908362 0)
(0.0666523 0.000918846 0)
(0.0666185 0.000926175 0)
(0.0665913 0.000930607 0)
(0.0665698 0.000932392 0)
(0.0665534 0.000931766 0)
(0.0665415 0.000928956 0)
(0.0665334 0.00092418 0)
(0.0665287 0.000917641 0)
(0.0665268 0.000909535 0)
(0.0665273 0.000900045 0)
(0.0665299 0.000889343 0)
(0.0665342 0.000877589 0)
(0.0665399 0.000864934 0)
(0.0665468 0.000851519 0)
(0.0665546 0.000837473 0)
(0.0665631 0.000822916 0)
(0.0665722 0.000807957 0)
(0.0665817 0.000792697 0)
(0.0665914 0.000777227 0)
(0.0666014 0.00076163 0)
(0.0666115 0.000745982 0)
(0.0666215 0.000730348 0)
(0.0666316 0.000714789 0)
(0.0666416 0.000699357 0)
(0.0666514 0.000684098 0)
(0.0666612 0.000669053 0)
(0.0666708 0.000654255 0)
(0.0666803 0.000639733 0)
(0.0666896 0.000625513 0)
(0.0666988 0.000611615 0)
(0.0667079 0.000598053 0)
(0.0667168 0.000584842 0)
(0.0667257 0.000571988 0)
(0.0667345 0.0005595 0)
(0.0667432 0.00054738 0)
(0.0667518 0.000535629 0)
(0.0667604 0.000524247 0)
(0.0667691 0.000513229 0)
(0.0667777 0.000502573 0)
(0.0667864 0.000492272 0)
(0.0667951 0.00048232 0)
(0.066804 0.000472708 0)
(0.0668129 0.000463428 0)
(0.0668219 0.00045447 0)
(0.0668311 0.000445825 0)
(0.0668404 0.000437483 0)
(0.0668499 0.000429433 0)
(0.0668596 0.000421664 0)
(0.0668695 0.000414166 0)
(0.0668796 0.000406928 0)
(0.0668899 0.00039994 0)
(0.0669004 0.000393191 0)
(0.0669112 0.00038667 0)
(0.0669222 0.000380368 0)
(0.0669334 0.000374274 0)
(0.0669449 0.000368379 0)
(0.0669567 0.000362674 0)
(0.0669687 0.000357149 0)
(0.066981 0.000351795 0)
(0.0669936 0.000346605 0)
(0.0670064 0.000341569 0)
(0.0670195 0.000336681 0)
(0.0670329 0.000331933 0)
(0.0670465 0.000327318 0)
(0.0670604 0.000322829 0)
(0.0670745 0.000318459 0)
(0.067089 0.000314202 0)
(0.0671036 0.000310054 0)
(0.0671185 0.000306007 0)
(0.0671337 0.000302057 0)
(0.0671491 0.000298198 0)
(0.0671647 0.000294427 0)
(0.0671806 0.000290736 0)
(0.0671967 0.000287123 0)
(0.067213 0.000283581 0)
(0.0672295 0.000280104 0)
(0.0672463 0.000276685 0)
(0.0672632 0.000273316 0)
(0.0672804 0.000269986 0)
(0.0672978 0.00026668 0)
(0.0673154 0.000263376 0)
(0.0673333 0.000260045 0)
(0.0673513 0.000256641 0)
(0.0673696 0.000253097 0)
(0.0673882 0.000249326 0)
(0.0674069 0.00024514 0)
(0.0674259 0.000240361 0)
(0.067445 0.000234271 0)
(0.0674643 0.000228574 0)
(0.0674848 0.000209642 0)
(0.146519 -0.00175689 0)
(0.146269 -0.0021568 0)
(0.145962 -0.00251649 0)
(0.145632 -0.00282505 0)
(0.145301 -0.00308655 0)
(0.144973 -0.00330855 0)
(0.144649 -0.0034979 0)
(0.144324 -0.00366004 0)
(0.143994 -0.00379935 0)
(0.143656 -0.00391944 0)
(0.143305 -0.00402342 0)
(0.142939 -0.00411401 0)
(0.142556 -0.00419361 0)
(0.142154 -0.00426434 0)
(0.141733 -0.00432808 0)
(0.14129 -0.00438645 0)
(0.140826 -0.0044409 0)
(0.140339 -0.00449265 0)
(0.139828 -0.00454279 0)
(0.139294 -0.00459222 0)
(0.138735 -0.00464172 0)
(0.138151 -0.00469194 0)
(0.137542 -0.00474343 0)
(0.136906 -0.0047966 0)
(0.136244 -0.00485181 0)
(0.135554 -0.00490929 0)
(0.134837 -0.00496922 0)
(0.13409 -0.00503169 0)
(0.133314 -0.00509672 0)
(0.132508 -0.00516423 0)
(0.13167 -0.00523412 0)
(0.1308 -0.00530616 0)
(0.129897 -0.00538009 0)
(0.128959 -0.00545556 0)
(0.127985 -0.00553213 0)
(0.126975 -0.00560933 0)
(0.125927 -0.00568656 0)
(0.12484 -0.00576317 0)
(0.123713 -0.00583844 0)
(0.122545 -0.00591156 0)
(0.121333 -0.00598165 0)
(0.120079 -0.00604779 0)
(0.11878 -0.00610896 0)
(0.117436 -0.00616413 0)
(0.116046 -0.00621221 0)
(0.11461 -0.00625208 0)
(0.113127 -0.00628263 0)
(0.111599 -0.00630276 0)
(0.110025 -0.00631138 0)
(0.108406 -0.00630748 0)
(0.106743 -0.00629012 0)
(0.105039 -0.00625845 0)
(0.103296 -0.00621177 0)
(0.101516 -0.00614951 0)
(0.099703 -0.00607129 0)
(0.0978608 -0.00597691 0)
(0.0959939 -0.00586638 0)
(0.0941074 -0.00573994 0)
(0.0922067 -0.00559804 0)
(0.090298 -0.00544137 0)
(0.0883877 -0.00527081 0)
(0.0864824 -0.00508746 0)
(0.084589 -0.00489261 0)
(0.0827146 -0.00468767 0)
(0.0808661 -0.00447421 0)
(0.0790504 -0.00425385 0)
(0.077274 -0.00402827 0)
(0.0755433 -0.00379916 0)
(0.0738638 -0.00356815 0)
(0.0722407 -0.00333685 0)
(0.0706787 -0.00310672 0)
(0.0691814 -0.00287913 0)
(0.067752 -0.0026553 0)
(0.066393 -0.00243629 0)
(0.0651059 -0.00222301 0)
(0.0638918 -0.00201623 0)
(0.0627509 -0.00181653 0)
(0.0616831 -0.00162439 0)
(0.0606875 -0.00144014 0)
(0.0597629 -0.001264 0)
(0.0589075 -0.00109611 0)
(0.0581194 -0.000936496 0)
(0.0573963 -0.000785144 0)
(0.0567356 -0.000641971 0)
(0.0561347 -0.000506851 0)
(0.0555908 -0.000379625 0)
(0.055101 -0.00026011 0)
(0.0546625 -0.0001481 0)
(0.0542723 -4.33783e-05 0)
(0.0539276 5.42828e-05 0)
(0.0536255 0.000145117 0)
(0.0533633 0.00022936 0)
(0.0531382 0.000307252 0)
(0.0529477 0.000379033 0)
(0.0527892 0.000444941 0)
(0.0526603 0.000505215 0)
(0.0525587 0.000560092 0)
(0.0524823 0.000609806 0)
(0.0524288 0.00065459 0)
(0.0523963 0.000694676 0)
(0.052383 0.000730292 0)
(0.052387 0.000761663 0)
(0.0524067 0.000789012 0)
(0.0524405 0.00081256 0)
(0.052487 0.000832524 0)
(0.0525447 0.000849116 0)
(0.0526124 0.000862545 0)
(0.052689 0.000873017 0)
(0.0527732 0.000880733 0)
(0.0528641 0.000885887 0)
(0.0529607 0.000888671 0)
(0.0530622 0.000889269 0)
(0.0531678 0.000887861 0)
(0.0532768 0.000884618 0)
(0.0533884 0.000879708 0)
(0.0535022 0.00087329 0)
(0.0536175 0.000865518 0)
(0.0537339 0.000856535 0)
(0.0538509 0.000846482 0)
(0.0539682 0.000835488 0)
(0.0540854 0.000823678 0)
(0.0542021 0.000811169 0)
(0.0543182 0.000798068 0)
(0.0544334 0.000784478 0)
(0.0545475 0.000770493 0)
(0.0546603 0.0007562 0)
(0.0547717 0.000741681 0)
(0.0548816 0.000727008 0)
(0.0549898 0.000712249 0)
(0.0550964 0.000697464 0)
(0.0552011 0.00068271 0)
(0.0553041 0.000668035 0)
(0.0554052 0.000653483 0)
(0.0555044 0.000639093 0)
(0.0556018 0.000624898 0)
(0.0556973 0.000610929 0)
(0.055791 0.000597209 0)
(0.0558828 0.000583761 0)
(0.0559729 0.000570602 0)
(0.0560612 0.000557746 0)
(0.0561478 0.000545204 0)
(0.0562327 0.000532985 0)
(0.0563159 0.000521094 0)
(0.0563976 0.000509536 0)
(0.0564777 0.00049831 0)
(0.0565563 0.000487418 0)
(0.0566335 0.000476858 0)
(0.0567093 0.000466625 0)
(0.0567837 0.000456716 0)
(0.0568569 0.000447125 0)
(0.0569287 0.000437846 0)
(0.0569994 0.000428871 0)
(0.057069 0.000420192 0)
(0.0571374 0.000411802 0)
(0.0572048 0.000403692 0)
(0.0572711 0.000395852 0)
(0.0573365 0.000388274 0)
(0.0574009 0.000380949 0)
(0.0574644 0.000373867 0)
(0.0575271 0.000367018 0)
(0.0575889 0.000360395 0)
(0.0576499 0.000353987 0)
(0.0577102 0.000347785 0)
(0.0577697 0.000341782 0)
(0.0578286 0.000335968 0)
(0.0578867 0.000330335 0)
(0.0579442 0.000324875 0)
(0.0580011 0.00031958 0)
(0.0580574 0.000314443 0)
(0.058113 0.000309456 0)
(0.0581682 0.000304612 0)
(0.0582227 0.000299905 0)
(0.0582768 0.000295328 0)
(0.0583303 0.000290875 0)
(0.0583834 0.00028654 0)
(0.0584359 0.000282318 0)
(0.058488 0.000278202 0)
(0.0585397 0.000274189 0)
(0.0585909 0.000270273 0)
(0.0586416 0.00026645 0)
(0.058692 0.000262714 0)
(0.0587419 0.000259061 0)
(0.0587914 0.000255487 0)
(0.0588405 0.000251986 0)
(0.0588893 0.000248553 0)
(0.0589376 0.000245183 0)
(0.0589856 0.000241867 0)
(0.0590332 0.000238596 0)
(0.0590805 0.000235359 0)
(0.0591274 0.000232139 0)
(0.059174 0.000228914 0)
(0.0592202 0.000225653 0)
(0.0592661 0.000222319 0)
(0.0593116 0.000218835 0)
(0.0593567 0.000215157 0)
(0.0594013 0.000211078 0)
(0.0594453 0.00020668 0)
(0.0594883 0.000200623 0)
(0.0595306 0.000196751 0)
(0.0595732 0.000182319 0)
(0.145999 -0.00151585 0)
(0.145631 -0.0018566 0)
(0.145185 -0.00217397 0)
(0.144677 -0.00245343 0)
(0.144122 -0.00269189 0)
(0.143525 -0.00289182 0)
(0.142891 -0.00305767 0)
(0.142221 -0.00319431 0)
(0.141517 -0.00330633 0)
(0.140777 -0.00339789 0)
(0.140005 -0.00347261 0)
(0.139199 -0.00353363 0)
(0.138362 -0.00358365 0)
(0.137495 -0.00362499 0)
(0.136597 -0.00365962 0)
(0.135671 -0.00368923 0)
(0.134717 -0.00371527 0)
(0.133736 -0.00373894 0)
(0.132727 -0.00376127 0)
(0.131691 -0.0037831 0)
(0.130629 -0.00380513 0)
(0.12954 -0.00382792 0)
(0.128424 -0.00385191 0)
(0.127281 -0.00387743 0)
(0.12611 -0.00390471 0)
(0.124911 -0.0039339 0)
(0.123684 -0.00396506 0)
(0.122427 -0.00399819 0)
(0.121141 -0.0040332 0)
(0.119823 -0.00406995 0)
(0.118474 -0.00410822 0)
(0.117092 -0.00414774 0)
(0.115677 -0.00418815 0)
(0.114227 -0.00422906 0)
(0.112742 -0.00426999 0)
(0.111221 -0.00431042 0)
(0.109663 -0.00434977 0)
(0.108067 -0.00438737 0)
(0.106434 -0.00442254 0)
(0.104761 -0.00445453 0)
(0.10305 -0.00448254 0)
(0.101301 -0.00450575 0)
(0.0995128 -0.00452331 0)
(0.0976872 -0.00453436 0)
(0.095825 -0.00453806 0)
(0.0939274 -0.00453356 0)
(0.0919964 -0.00452009 0)
(0.0900344 -0.00449692 0)
(0.088044 -0.00446339 0)
(0.0860288 -0.00441898 0)
(0.0839925 -0.00436327 0)
(0.0819396 -0.00429599 0)
(0.0798751 -0.00421705 0)
(0.0778045 -0.00412652 0)
(0.0757337 -0.00402466 0)
(0.073669 -0.00391192 0)
(0.0716172 -0.00378892 0)
(0.069585 -0.00365649 0)
(0.0675794 -0.00351557 0)
(0.0656074 -0.00336727 0)
(0.0636759 -0.00321278 0)
(0.0617913 -0.00305337 0)
(0.05996 -0.00289033 0)
(0.0581875 -0.00272498 0)
(0.056479 -0.00255856 0)
(0.0548389 -0.00239226 0)
(0.0532709 -0.00222719 0)
(0.051778 -0.00206431 0)
(0.0503624 -0.00190449 0)
(0.0490255 -0.00174843 0)
(0.0477681 -0.00159674 0)
(0.0465901 -0.00144986 0)
(0.0454911 -0.00130816 0)
(0.04447 -0.00117186 0)
(0.0435253 -0.00104112 0)
(0.042655 -0.000916029 0)
(0.0418569 -0.000796598 0)
(0.0411284 -0.000682798 0)
(0.040467 -0.000574566 0)
(0.0398697 -0.000471808 0)
(0.0393336 -0.000374413 0)
(0.0388558 -0.000282254 0)
(0.0384333 -0.000195198 0)
(0.0380631 -0.000113105 0)
(0.0377422 -3.58316e-05 0)
(0.0374679 3.67638e-05 0)
(0.0372372 0.000104824 0)
(0.0370475 0.00016849 0)
(0.036896 0.0002279 0)
(0.0367803 0.000283193 0)
(0.0366977 0.000334504 0)
(0.036646 0.000381965 0)
(0.0366229 0.000425707 0)
(0.0366261 0.000465862 0)
(0.0366537 0.000502557 0)
(0.0367035 0.00053592 0)
(0.0367737 0.000566078 0)
(0.0368625 0.000593158 0)
(0.0369682 0.000617284 0)
(0.0370892 0.000638584 0)
(0.037224 0.000657182 0)
(0.037371 0.000673205 0)
(0.0375289 0.000686776 0)
(0.0376965 0.000698022 0)
(0.0378726 0.000707067 0)
(0.038056 0.000714035 0)
(0.0382457 0.000719048 0)
(0.0384407 0.00072223 0)
(0.0386401 0.000723699 0)
(0.038843 0.000723576 0)
(0.0390488 0.000721976 0)
(0.0392566 0.000719015 0)
(0.0394657 0.000714804 0)
(0.0396757 0.000709452 0)
(0.039886 0.000703064 0)
(0.040096 0.000695742 0)
(0.0403052 0.000687584 0)
(0.0405134 0.000678685 0)
(0.0407201 0.000669135 0)
(0.0409251 0.000659019 0)
(0.0411279 0.000648418 0)
(0.0413285 0.000637409 0)
(0.0415265 0.000626064 0)
(0.0417217 0.000614451 0)
(0.0419141 0.000602632 0)
(0.0421035 0.000590665 0)
(0.0422898 0.000578604 0)
(0.0424729 0.000566499 0)
(0.0426527 0.000554393 0)
(0.0428292 0.000542329 0)
(0.0430024 0.000530341 0)
(0.0431723 0.000518464 0)
(0.0433388 0.000506726 0)
(0.043502 0.000495152 0)
(0.0436619 0.000483766 0)
(0.0438185 0.000472585 0)
(0.0439719 0.000461626 0)
(0.0441221 0.000450903 0)
(0.0442692 0.000440426 0)
(0.0444133 0.000430204 0)
(0.0445543 0.000420243 0)
(0.0446924 0.000410548 0)
(0.0448276 0.000401122 0)
(0.0449601 0.000391965 0)
(0.0450898 0.000383077 0)
(0.0452169 0.000374458 0)
(0.0453414 0.000366104 0)
(0.0454635 0.000358011 0)
(0.0455831 0.000350176 0)
(0.0457004 0.000342593 0)
(0.0458154 0.000335257 0)
(0.0459282 0.000328161 0)
(0.0460389 0.0003213 0)
(0.0461476 0.000314665 0)
(0.0462542 0.000308249 0)
(0.046359 0.000302047 0)
(0.0464618 0.000296049 0)
(0.0465629 0.00029025 0)
(0.0466622 0.000284641 0)
(0.0467599 0.000279215 0)
(0.0468559 0.000273965 0)
(0.0469503 0.000268883 0)
(0.0470433 0.000263963 0)
(0.0471347 0.000259198 0)
(0.0472247 0.000254581 0)
(0.0473134 0.000250105 0)
(0.0474006 0.000245765 0)
(0.0474866 0.000241554 0)
(0.0475714 0.000237467 0)
(0.0476549 0.000233498 0)
(0.0477372 0.000229641 0)
(0.0478184 0.000225892 0)
(0.0478984 0.000222245 0)
(0.0479774 0.000218695 0)
(0.0480552 0.000215239 0)
(0.0481321 0.000211872 0)
(0.048208 0.00020859 0)
(0.0482828 0.000205389 0)
(0.0483567 0.000202264 0)
(0.0484297 0.000199213 0)
(0.0485017 0.000196232 0)
(0.0485729 0.000193317 0)
(0.0486432 0.000190465 0)
(0.0487126 0.00018767 0)
(0.0487812 0.000184928 0)
(0.0488489 0.000182235 0)
(0.0489159 0.000179583 0)
(0.0489821 0.000176963 0)
(0.0490474 0.000174365 0)
(0.049112 0.000171774 0)
(0.0491758 0.000169172 0)
(0.0492389 0.000166531 0)
(0.0493011 0.000163825 0)
(0.0493626 0.000161001 0)
(0.0494231 0.000158055 0)
(0.0494827 0.000154726 0)
(0.0495412 0.000151799 0)
(0.0495975 0.000146591 0)
(0.0496524 0.000145173 0)
(0.0497105 0.000139754 0)
(0.126622 -0.00122759 0)
(0.1261 -0.00147922 0)
(0.125475 -0.00171345 0)
(0.124757 -0.00191724 0)
(0.123957 -0.00208602 0)
(0.123083 -0.00222085 0)
(0.122145 -0.00232556 0)
(0.121148 -0.00240496 0)
(0.120098 -0.00246374 0)
(0.119001 -0.00250611 0)
(0.117862 -0.00253558 0)
(0.116686 -0.00255504 0)
(0.115477 -0.00256686 0)
(0.114238 -0.00257295 0)
(0.112972 -0.00257488 0)
(0.111682 -0.00257397 0)
(0.11037 -0.00257126 0)
(0.109038 -0.00256766 0)
(0.107686 -0.00256385 0)
(0.106315 -0.00256042 0)
(0.104926 -0.0025578 0)
(0.10352 -0.00255633 0)
(0.102095 -0.00255622 0)
(0.100653 -0.00255764 0)
(0.0991921 -0.00256064 0)
(0.0977128 -0.00256523 0)
(0.0962143 -0.00257135 0)
(0.0946959 -0.00257887 0)
(0.093157 -0.00258762 0)
(0.091597 -0.00259738 0)
(0.0900151 -0.00260789 0)
(0.0884109 -0.00261883 0)
(0.0867836 -0.00262985 0)
(0.085133 -0.00264056 0)
(0.0834586 -0.00265053 0)
(0.0817604 -0.0026593 0)
(0.0800384 -0.00266639 0)
(0.078293 -0.00267128 0)
(0.0765246 -0.00267344 0)
(0.0747341 -0.00267235 0)
(0.0729229 -0.00266746 0)
(0.0710924 -0.00265826 0)
(0.0692446 -0.00264426 0)
(0.0673819 -0.00262499 0)
(0.0655072 -0.00260006 0)
(0.0636237 -0.00256913 0)
(0.0617351 -0.00253195 0)
(0.0598456 -0.00248837 0)
(0.0579596 -0.00243833 0)
(0.056082 -0.0023819 0)
(0.0542181 -0.00231926 0)
(0.0523731 -0.0022507 0)
(0.0505527 -0.00217662 0)
(0.0487624 -0.00209755 0)
(0.0470079 -0.00201408 0)
(0.0452945 -0.00192686 0)
(0.0436273 -0.00183662 0)
(0.0420113 -0.00174408 0)
(0.0404508 -0.00164997 0)
(0.0389497 -0.00155502 0)
(0.0375113 -0.00145989 0)
(0.0361383 -0.00136521 0)
(0.0348328 -0.00127153 0)
(0.0335963 -0.00117932 0)
(0.0324297 -0.001089 0)
(0.0313332 -0.00100089 0)
(0.0303068 -0.000915259 0)
(0.0293497 -0.000832308 0)
(0.0284609 -0.00075218 0)
(0.0276389 -0.000674973 0)
(0.0268822 -0.000600746 0)
(0.0261888 -0.000529525 0)
(0.0255565 -0.00046131 0)
(0.0249833 -0.000396081 0)
(0.0244666 -0.000333802 0)
(0.0240043 -0.000274423 0)
(0.0235938 -0.000217888 0)
(0.0232327 -0.00016413 0)
(0.0229187 -0.00011308 0)
(0.0226493 -6.46649e-05 0)
(0.0224222 -1.88109e-05 0)
(0.022235 2.45567e-05 0)
(0.0220856 6.55112e-05 0)
(0.0219717 0.000104125 0)
(0.0218913 0.000140466 0)
(0.0218422 0.000174603 0)
(0.0218225 0.0002066 0)
(0.0218303 0.000236517 0)
(0.0218637 0.000264413 0)
(0.021921 0.000290345 0)
(0.0220003 0.000314366 0)
(0.0221002 0.000336528 0)
(0.0222189 0.000356884 0)
(0.0223551 0.000375482 0)
(0.0225071 0.000392375 0)
(0.0226737 0.00040761 0)
(0.0228535 0.00042124 0)
(0.0230452 0.000433316 0)
(0.0232477 0.00044389 0)
(0.0234597 0.000453015 0)
(0.0236801 0.000460747 0)
(0.023908 0.000467141 0)
(0.0241422 0.000472256 0)
(0.0243819 0.000476149 0)
(0.0246262 0.000478881 0)
(0.0248743 0.000480513 0)
(0.0251253 0.000481107 0)
(0.0253785 0.000480724 0)
(0.0256333 0.000479426 0)
(0.0258889 0.000477278 0)
(0.0261449 0.00047434 0)
(0.0264007 0.000470674 0)
(0.0266556 0.000466342 0)
(0.0269094 0.000461404 0)
(0.0271616 0.000455918 0)
(0.0274117 0.000449941 0)
(0.0276595 0.000443529 0)
(0.0279046 0.000436735 0)
(0.0281468 0.00042961 0)
(0.0283858 0.000422204 0)
(0.0286214 0.000414562 0)
(0.0288534 0.000406729 0)
(0.0290817 0.000398746 0)
(0.0293061 0.000390653 0)
(0.0295266 0.000382485 0)
(0.0297431 0.000374275 0)
(0.0299555 0.000366055 0)
(0.0301637 0.000357853 0)
(0.0303678 0.000349694 0)
(0.0305677 0.000341601 0)
(0.0307634 0.000333595 0)
(0.030955 0.000325694 0)
(0.0311425 0.000317915 0)
(0.0313259 0.000310271 0)
(0.0315054 0.000302775 0)
(0.0316808 0.000295435 0)
(0.0318524 0.000288261 0)
(0.0320201 0.00028126 0)
(0.0321841 0.000274435 0)
(0.0323445 0.000267792 0)
(0.0325013 0.000261332 0)
(0.0326546 0.000255058 0)
(0.0328045 0.000248968 0)
(0.0329511 0.000243063 0)
(0.0330944 0.000237342 0)
(0.0332347 0.000231801 0)
(0.0333719 0.000226439 0)
(0.0335062 0.000221251 0)
(0.0336376 0.000216235 0)
(0.0337663 0.000211386 0)
(0.0338922 0.000206699 0)
(0.0340156 0.000202171 0)
(0.0341365 0.000197795 0)
(0.034255 0.000193568 0)
(0.034371 0.000189483 0)
(0.0344849 0.000185536 0)
(0.0345965 0.000181722 0)
(0.034706 0.000178036 0)
(0.0348134 0.000174472 0)
(0.0349188 0.000171025 0)
(0.0350223 0.000167692 0)
(0.0351239 0.000164466 0)
(0.0352237 0.000161343 0)
(0.0353218 0.000158318 0)
(0.0354181 0.000155388 0)
(0.0355128 0.000152548 0)
(0.035606 0.000149794 0)
(0.0356975 0.000147121 0)
(0.0357876 0.000144527 0)
(0.0358761 0.000142008 0)
(0.0359633 0.00013956 0)
(0.0360491 0.00013718 0)
(0.0361335 0.000134864 0)
(0.0362167 0.000132611 0)
(0.0362985 0.000130416 0)
(0.0363791 0.000128278 0)
(0.0364585 0.000126194 0)
(0.0365368 0.000124161 0)
(0.0366138 0.000122177 0)
(0.0366898 0.000120239 0)
(0.0367646 0.000118346 0)
(0.0368384 0.000116494 0)
(0.0369111 0.000114682 0)
(0.0369828 0.000112905 0)
(0.0370535 0.000111162 0)
(0.0371232 0.000109447 0)
(0.0371919 0.000107756 0)
(0.0372597 0.000106082 0)
(0.0373265 0.000104416 0)
(0.0373924 0.000102749 0)
(0.0374573 0.000101064 0)
(0.0375213 9.9354e-05 0)
(0.0375843 9.75928e-05 0)
(0.0376463 9.57288e-05 0)
(0.0377073 9.39804e-05 0)
(0.0377669 9.1513e-05 0)
(0.0378257 9.07797e-05 0)
(0.0378823 8.68539e-05 0)
(0.0379353 8.70427e-05 0)
(0.0379989 9.20464e-05 0)
(0.0882297 -0.000799958 0)
(0.0875321 -0.000953433 0)
(0.0867158 -0.00108202 0)
(0.0857944 -0.0011781 0)
(0.0847849 -0.00124155 0)
(0.0837049 -0.00127702 0)
(0.0825696 -0.00129105 0)
(0.0813921 -0.00128998 0)
(0.0801829 -0.00127905 0)
(0.0789507 -0.00126211 0)
(0.0777018 -0.00124184 0)
(0.0764416 -0.00122001 0)
(0.0751739 -0.00119779 0)
(0.0739015 -0.00117595 0)
(0.0726267 -0.00115503 0)
(0.0713509 -0.00113537 0)
(0.070075 -0.00111723 0)
(0.0687996 -0.00110075 0)
(0.0675249 -0.00108602 0)
(0.0662508 -0.00107305 0)
(0.0649769 -0.00106182 0)
(0.0637028 -0.00105224 0)
(0.0624278 -0.00104421 0)
(0.0611512 -0.00103759 0)
(0.0598722 -0.00103223 0)
(0.0585901 -0.00102794 0)
(0.0573041 -0.00102455 0)
(0.0560136 -0.00102184 0)
(0.0547178 -0.00101963 0)
(0.0534163 -0.00101768 0)
(0.0521087 -0.00101579 0)
(0.0507947 -0.00101372 0)
(0.0494743 -0.00101125 0)
(0.0481476 -0.00100817 0)
(0.0468149 -0.00100424 0)
(0.0454769 -0.000999254 0)
(0.0441344 -0.000993001 0)
(0.0427884 -0.000985289 0)
(0.0414403 -0.000975943 0)
(0.0400919 -0.000964809 0)
(0.038745 -0.000951759 0)
(0.0374017 -0.000936698 0)
(0.0360646 -0.000919565 0)
(0.0347363 -0.000900335 0)
(0.0334197 -0.000879026 0)
(0.0321178 -0.000855695 0)
(0.0308338 -0.000830438 0)
(0.0295708 -0.000803391 0)
(0.0283322 -0.000774721 0)
(0.027121 -0.000744625 0)
(0.0259405 -0.000713319 0)
(0.0247935 -0.000681033 0)
(0.0236828 -0.000648 0)
(0.0226109 -0.000614452 0)
(0.02158 -0.000580609 0)
(0.020592 -0.000546673 0)
(0.0196484 -0.000512829 0)
(0.0187506 -0.000479237 0)
(0.0178994 -0.000446035 0)
(0.0170953 -0.000413341 0)
(0.0163387 -0.000381255 0)
(0.0156294 -0.000349861 0)
(0.0149671 -0.000319234 0)
(0.0143512 -0.000289438 0)
(0.0137809 -0.000260532 0)
(0.0132552 -0.000232567 0)
(0.012773 -0.000205588 0)
(0.012333 -0.00017963 0)
(0.0119338 -0.000154721 0)
(0.0115739 -0.000130876 0)
(0.0112518 -0.000108098 0)
(0.0109661 -8.63796e-05 0)
(0.0107152 -6.57018e-05 0)
(0.0104975 -4.60369e-05 0)
(0.0103114 -2.73502e-05 0)
(0.0101556 -9.60221e-06 0)
(0.0100285 7.24867e-06 0)
(0.0099287 2.32443e-05 0)
(0.00985477 3.8425e-05 0)
(0.00980538 5.28282e-05 0)
(0.0097792 6.64877e-05 0)
(0.00977497 7.94331e-05 0)
(0.00979147 9.169e-05 0)
(0.00982748 0.00010328 0)
(0.00988188 0.00011422 0)
(0.00995354 0.000124526 0)
(0.0100414 0.000134209 0)
(0.0101444 0.000143279 0)
(0.0102615 0.000151744 0)
(0.0103917 0.000159611 0)
(0.0105341 0.000166888 0)
(0.0106878 0.000173579 0)
(0.0108518 0.000179693 0)
(0.0110254 0.000185235 0)
(0.0112075 0.000190212 0)
(0.0113975 0.000194635 0)
(0.0115945 0.000198512 0)
(0.0117977 0.000201854 0)
(0.0120065 0.000204673 0)
(0.01222 0.000206983 0)
(0.0124377 0.000208798 0)
(0.0126588 0.000210135 0)
(0.0128827 0.000211011 0)
(0.0131088 0.000211445 0)
(0.0133366 0.000211458 0)
(0.0135655 0.000211069 0)
(0.0137949 0.000210301 0)
(0.0140245 0.000209176 0)
(0.0142537 0.000207718 0)
(0.0144821 0.000205949 0)
(0.0147094 0.000203894 0)
(0.0149352 0.000201577 0)
(0.015159 0.000199022 0)
(0.0153808 0.000196252 0)
(0.0156 0.00019329 0)
(0.0158166 0.00019016 0)
(0.0160303 0.000186883 0)
(0.0162409 0.000183481 0)
(0.0164481 0.000179974 0)
(0.016652 0.000176382 0)
(0.0168523 0.000172724 0)
(0.0170489 0.000169017 0)
(0.0172419 0.000165278 0)
(0.017431 0.000161522 0)
(0.0176162 0.000157763 0)
(0.0177976 0.000154014 0)
(0.0179751 0.000150288 0)
(0.0181488 0.000146595 0)
(0.0183185 0.000142943 0)
(0.0184844 0.000139344 0)
(0.0186464 0.000135802 0)
(0.0188047 0.000132326 0)
(0.0189593 0.00012892 0)
(0.0191102 0.00012559 0)
(0.0192575 0.000122339 0)
(0.0194013 0.00011917 0)
(0.0195416 0.000116085 0)
(0.0196786 0.000113087 0)
(0.0198123 0.000110175 0)
(0.0199428 0.000107352 0)
(0.0200701 0.000104616 0)
(0.0201944 0.000101968 0)
(0.0203158 9.94053e-05 0)
(0.0204343 9.69284e-05 0)
(0.02055 9.45352e-05 0)
(0.0206631 9.22241e-05 0)
(0.0207736 8.99931e-05 0)
(0.0208815 8.78401e-05 0)
(0.020987 8.57629e-05 0)
(0.0210901 8.37592e-05 0)
(0.021191 8.18265e-05 0)
(0.0212897 7.99624e-05 0)
(0.0213862 7.81642e-05 0)
(0.0214807 7.64296e-05 0)
(0.0215732 7.4756e-05 0)
(0.0216638 7.31409e-05 0)
(0.0217525 7.15818e-05 0)
(0.0218394 7.00764e-05 0)
(0.0219246 6.86222e-05 0)
(0.0220081 6.7217e-05 0)
(0.02209 6.58586e-05 0)
(0.0221703 6.45449e-05 0)
(0.0222491 6.32736e-05 0)
(0.0223264 6.2043e-05 0)
(0.0224023 6.0851e-05 0)
(0.0224768 5.96958e-05 0)
(0.02255 5.85758e-05 0)
(0.0226218 5.74891e-05 0)
(0.0226925 5.64344e-05 0)
(0.0227618 5.541e-05 0)
(0.02283 5.44146e-05 0)
(0.022897 5.34469e-05 0)
(0.0229629 5.25055e-05 0)
(0.0230277 5.15892e-05 0)
(0.0230915 5.0697e-05 0)
(0.0231542 4.98277e-05 0)
(0.0232158 4.89804e-05 0)
(0.0232765 4.81539e-05 0)
(0.0233363 4.73474e-05 0)
(0.023395 4.65599e-05 0)
(0.0234529 4.57903e-05 0)
(0.0235099 4.50375e-05 0)
(0.0235659 4.43003e-05 0)
(0.0236212 4.35772e-05 0)
(0.0236755 4.28666e-05 0)
(0.0237291 4.21661e-05 0)
(0.0237818 4.14731e-05 0)
(0.0238337 4.07841e-05 0)
(0.0238848 4.00943e-05 0)
(0.0239351 3.93988e-05 0)
(0.0239846 3.86934e-05 0)
(0.0240332 3.7958e-05 0)
(0.0240811 3.72506e-05 0)
(0.024128 3.63642e-05 0)
(0.0241741 3.59377e-05 0)
(0.0242192 3.44745e-05 0)
(0.0242627 3.54267e-05 0)
(0.024308 3.37275e-05 0)
(0.0243428 3.42713e-05 0)
(0.024401 4.73347e-05 0)
(0.0327405 -0.000232708 0)
(0.032145 -0.000255276 0)
(0.0314893 -0.000257228 0)
(0.0307997 -0.000242451 0)
(0.0300973 -0.000217967 0)
(0.0293955 -0.000190762 0)
(0.0287015 -0.000165753 0)
(0.0280184 -0.000145335 0)
(0.0273474 -0.000129926 0)
(0.0266888 -0.000118836 0)
(0.0260426 -0.000110991 0)
(0.0254087 -0.000105376 0)
(0.0247867 -0.000101216 0)
(0.0241764 -9.80008e-05 0)
(0.023577 -9.5424e-05 0)
(0.0229879 -9.33128e-05 0)
(0.0224081 -9.15683e-05 0)
(0.0218369 -9.01258e-05 0)
(0.0212733 -8.89343e-05 0)
(0.0207164 -8.7947e-05 0)
(0.0201652 -8.71186e-05 0)
(0.019619 -8.64055e-05 0)
(0.019077 -8.57665e-05 0)
(0.0185385 -8.51634e-05 0)
(0.0180029 -8.45615e-05 0)
(0.0174698 -8.39292e-05 0)
(0.0169386 -8.32382e-05 0)
(0.0164091 -8.24634e-05 0)
(0.0158812 -8.15826e-05 0)
(0.0153547 -8.0577e-05 0)
(0.0148297 -7.94309e-05 0)
(0.0143063 -7.8132e-05 0)
(0.0137847 -7.66718e-05 0)
(0.0132653 -7.50458e-05 0)
(0.0127486 -7.32532e-05 0)
(0.0122351 -7.12974e-05 0)
(0.0117254 -6.91857e-05 0)
(0.0112203 -6.6929e-05 0)
(0.0107206 -6.45408e-05 0)
(0.0102272 -6.20374e-05 0)
(0.00974099 -5.94359e-05 0)
(0.00926294 -5.67537e-05 0)
(0.00879407 -5.40075e-05 0)
(0.00833538 -5.12115e-05 0)
(0.00788788 -4.83773e-05 0)
(0.00745254 -4.5513e-05 0)
(0.00703032 -4.26231e-05 0)
(0.0066221 -3.9709e-05 0)
(0.0062287 -3.67702e-05 0)
(0.00585085 -3.38055e-05 0)
(0.00548919 -3.08149e-05 0)
(0.00514425 -2.78012e-05 0)
(0.00481645 -2.4772e-05 0)
(0.00450611 -2.17401e-05 0)
(0.0042134 -1.87245e-05 0)
(0.00393841 -1.57492e-05 0)
(0.0036811 -1.28424e-05 0)
(0.00344133 -1.00339e-05 0)
(0.0032189 -7.35317e-06 0)
(0.00301349 -4.82639e-06 0)
(0.00282473 -2.47463e-06 0)
(0.00265222 -3.11984e-07 0)
(0.00249548 1.65526e-06 0)
(0.00235401 3.42865e-06 0)
(0.00222729 5.01692e-06 0)
(0.00211477 6.43467e-06 0)
(0.00201589 7.70065e-06 0)
(0.0019301 8.83602e-06 0)
(0.00185683 9.86254e-06 0)
(0.00179553 1.08011e-05 0)
(0.00174564 1.16707e-05 0)
(0.00170664 1.24874e-05 0)
(0.00167799 1.32644e-05 0)
(0.00165921 1.40115e-05 0)
(0.0016498 1.4736e-05 0)
(0.00164931 1.54422e-05 0)
(0.00165729 1.61327e-05 0)
(0.00167334 1.68083e-05 0)
(0.00169704 1.74689e-05 0)
(0.00172802 1.81135e-05 0)
(0.00176591 1.87405e-05 0)
(0.00181035 1.93482e-05 0)
(0.00186102 1.99349e-05 0)
(0.00191757 2.04987e-05 0)
(0.00197968 2.10377e-05 0)
(0.00204705 2.15502e-05 0)
(0.00211934 2.20345e-05 0)
(0.00219627 2.24886e-05 0)
(0.00227753 2.29111e-05 0)
(0.00236281 2.33001e-05 0)
(0.00245182 2.36542e-05 0)
(0.00254427 2.39717e-05 0)
(0.00263985 2.42514e-05 0)
(0.00273829 2.44918e-05 0)
(0.00283929 2.4692e-05 0)
(0.00294257 2.48511e-05 0)
(0.00304785 2.49683e-05 0)
(0.00315486 2.50433e-05 0)
(0.00326332 2.5076e-05 0)
(0.00337296 2.50666e-05 0)
(0.00348355 2.50154e-05 0)
(0.00359481 2.49234e-05 0)
(0.00370652 2.47914e-05 0)
(0.00381845 2.46209e-05 0)
(0.00393036 2.44133e-05 0)
(0.00404205 2.41705e-05 0)
(0.00415332 2.38945e-05 0)
(0.00426398 2.35873e-05 0)
(0.00437386 2.32514e-05 0)
(0.00448278 2.2889e-05 0)
(0.0045906 2.25029e-05 0)
(0.00469718 2.20954e-05 0)
(0.0048024 2.16692e-05 0)
(0.00490612 2.12268e-05 0)
(0.00500827 2.07708e-05 0)
(0.00510874 2.03038e-05 0)
(0.00520745 1.9828e-05 0)
(0.00530435 1.93459e-05 0)
(0.00539936 1.88597e-05 0)
(0.00549246 1.83713e-05 0)
(0.0055836 1.78829e-05 0)
(0.00567276 1.73963e-05 0)
(0.00575993 1.6913e-05 0)
(0.00584508 1.64347e-05 0)
(0.00592822 1.59626e-05 0)
(0.00600936 1.54981e-05 0)
(0.00608852 1.50421e-05 0)
(0.00616569 1.45956e-05 0)
(0.00624092 1.41595e-05 0)
(0.00631423 1.37343e-05 0)
(0.00638565 1.33205e-05 0)
(0.00645522 1.29187e-05 0)
(0.00652296 1.25291e-05 0)
(0.00658894 1.21518e-05 0)
(0.00665318 1.17871e-05 0)
(0.00671573 1.14348e-05 0)
(0.00677665 1.10951e-05 0)
(0.00683596 1.07677e-05 0)
(0.00689373 1.04526e-05 0)
(0.00695 1.01494e-05 0)
(0.00700482 9.8579e-06 0)
(0.00705822 9.57783e-06 0)
(0.00711027 9.30885e-06 0)
(0.007161 9.0506e-06 0)
(0.00721047 8.80271e-06 0)
(0.0072587 8.5648e-06 0)
(0.00730576 8.33649e-06 0)
(0.00735167 8.11737e-06 0)
(0.00739649 7.90705e-06 0)
(0.00744024 7.70514e-06 0)
(0.00748298 7.51125e-06 0)
(0.00752472 7.325e-06 0)
(0.00756552 7.14601e-06 0)
(0.0076054 6.97393e-06 0)
(0.00764439 6.8084e-06 0)
(0.00768253 6.64909e-06 0)
(0.00771985 6.49568e-06 0)
(0.00775638 6.34786e-06 0)
(0.00779213 6.20534e-06 0)
(0.00782715 6.06782e-06 0)
(0.00786145 5.93506e-06 0)
(0.00789506 5.8068e-06 0)
(0.007928 5.6828e-06 0)
(0.00796029 5.56285e-06 0)
(0.00799195 5.44673e-06 0)
(0.008023 5.33425e-06 0)
(0.00805346 5.22522e-06 0)
(0.00808336 5.11949e-06 0)
(0.00811269 5.01688e-06 0)
(0.00814149 4.91726e-06 0)
(0.00816976 4.82048e-06 0)
(0.00819753 4.72643e-06 0)
(0.0082248 4.63497e-06 0)
(0.00825159 4.546e-06 0)
(0.00827791 4.45941e-06 0)
(0.00830377 4.37512e-06 0)
(0.00832919 4.293e-06 0)
(0.00835417 4.21298e-06 0)
(0.00837873 4.13495e-06 0)
(0.00840288 4.0588e-06 0)
(0.00842662 3.9844e-06 0)
(0.00844997 3.9116e-06 0)
(0.00847294 3.84023e-06 0)
(0.00849552 3.77003e-06 0)
(0.00851773 3.70072e-06 0)
(0.00853958 3.63189e-06 0)
(0.00856106 3.56307e-06 0)
(0.00858218 3.49358e-06 0)
(0.00860294 3.42304e-06 0)
(0.00862334 3.34968e-06 0)
(0.00864338 3.27698e-06 0)
(0.00866304 3.1932e-06 0)
(0.00868228 3.13717e-06 0)
(0.00870125 3.01992e-06 0)
(0.00871946 3.09452e-06 0)
(0.00873844 2.89748e-06 0)
(0.00875418 3.41442e-06 0)
(0.00877741 3.70095e-06 0)
(0.00878554 3.94776e-06 0)
(0.00882516 1.21083e-05 0)
)
;

boundaryField
{
    inlet
    {
        type            fixedProfile;
        profile         table
        
21
(
(0 (0 0 0))
(0.05 (0.0285 0 0))
(0.1 (0.054 0 0))
(0.15 (0.0765 0 0))
(0.2 (0.096 0 0))
(0.25 (0.1125 0 0))
(0.3 (0.126 0 0))
(0.35 (0.1365 0 0))
(0.4 (0.144 0 0))
(0.45 (0.1485 0 0))
(0.5 (0.15 0 0))
(0.55 (0.1485 0 0))
(0.6 (0.144 0 0))
(0.65 (0.1365 0 0))
(0.7 (0.126 0 0))
(0.75 (0.1125 0 0))
(0.8 (0.096 0 0))
(0.85 (0.0765 0 0))
(0.9 (0.054 0 0))
(0.95 (0.0285 0 0))
(1 (0 0 0))
)
;
        direction       (0 1 0);
        origin          1;
        value           nonuniform List<vector> 8((0.034875 0 0) (0.091125 0 0) (0.128625 0 0) (0.147375 0 0) (0.147375 0 0) (0.128625 0 0) (0.091125 0 0) (0.034875 0 0));
    }
    outlet
    {
        type            zeroGradient;
    }
    walls
    {
        type            noSlip;
    }
    symwall
    {
        type            empty;
    }
}


// ************************************************************************* //
