/*--------------------------------*- C++ -*----------------------------------*\
| =========                 |                                                 |
| \\      /  F ield         | OpenFOAM: The Open Source CFD Toolbox           |
|  \\    /   O peration     | Version:  4.1                                   |
|   \\  /    A nd           | Web:      www.OpenFOAM.org                      |
|    \\/     M anipulation  |                                                 |
\*---------------------------------------------------------------------------*/
FoamFile
{
    version     2.0;
    format      ascii;
    class       volVectorField;
    location    "825";
    object      U;
}
// * * * * * * * * * * * * * * * * * * * * * * * * * * * * * * * * * * * * * //

dimensions      [0 1 -1 0 0 0 0];

internalField   nonuniform List<vector> 
3264
(
(-2.66458e-06 -4.77295e-07 0)
(-0.000133197 3.05678e-05 0)
(-0.000389823 4.86688e-05 0)
(-0.000677079 5.10067e-05 0)
(-0.000978991 5.27297e-05 0)
(-0.00128492 5.21311e-05 0)
(-0.00158953 5.34242e-05 0)
(-0.00189416 5.40571e-05 0)
(-0.00219419 5.51463e-05 0)
(-0.00249033 5.57524e-05 0)
(-0.00277996 5.62847e-05 0)
(-0.00306326 5.64978e-05 0)
(-0.00333913 5.6553e-05 0)
(-0.00360761 5.64111e-05 0)
(-0.00386832 5.61436e-05 0)
(-0.00412133 5.57613e-05 0)
(-0.00436656 5.5301e-05 0)
(-0.00460411 5.47792e-05 0)
(-0.00483403 5.42161e-05 0)
(-0.00505642 5.36242e-05 0)
(-0.00527134 5.30145e-05 0)
(-0.00547888 5.23943e-05 0)
(-0.0056791 5.17687e-05 0)
(-0.00587203 5.11402e-05 0)
(-0.00605767 5.05093e-05 0)
(-0.00623601 4.98743e-05 0)
(-0.00640697 4.92313e-05 0)
(-0.00657046 4.85744e-05 0)
(-0.00672631 4.78952e-05 0)
(-0.00687433 4.71831e-05 0)
(-0.00701423 4.64252e-05 0)
(-0.00714571 4.56062e-05 0)
(-0.00726836 4.47082e-05 0)
(-0.00738174 4.37114e-05 0)
(-0.00748532 4.25938e-05 0)
(-0.00757852 4.13316e-05 0)
(-0.00766068 3.98995e-05 0)
(-0.00773108 3.82716e-05 0)
(-0.00778896 3.64216e-05 0)
(-0.0078335 3.43237e-05 0)
(-0.00786383 3.19533e-05 0)
(-0.00787907 2.92879e-05 0)
(-0.00787831 2.63082e-05 0)
(-0.00786065 2.29987e-05 0)
(-0.0078252 1.93487e-05 0)
(-0.00777109 1.53531e-05 0)
(-0.00769751 1.10131e-05 0)
(-0.00760373 6.33683e-06 0)
(-0.00748909 1.33946e-06 0)
(-0.00735303 -3.95629e-06 0)
(-0.00719513 -9.5203e-06 0)
(-0.00701508 -1.53153e-05 0)
(-0.00681276 -2.12971e-05 0)
(-0.00658816 -2.74156e-05 0)
(-0.00634149 -3.3615e-05 0)
(-0.00607312 -3.98355e-05 0)
(-0.00578359 -4.60139e-05 0)
(-0.00547363 -5.20847e-05 0)
(-0.00514418 -5.7982e-05 0)
(-0.00479631 -6.36402e-05 0)
(-0.00443129 -6.89958e-05 0)
(-0.00405053 -7.39883e-05 0)
(-0.00365561 -7.85619e-05 0)
(-0.0032482 -8.26661e-05 0)
(-0.00283011 -8.62572e-05 0)
(-0.00240323 -8.92991e-05 0)
(-0.00196953 -9.17637e-05 0)
(-0.00153099 -9.36319e-05 0)
(-0.00108965 -9.48934e-05 0)
(-0.00064754 -9.55472e-05 0)
(-0.000206653 -9.56015e-05 0)
(0.000231056 -9.5073e-05 0)
(0.000663704 -9.39869e-05 0)
(0.0010895 -9.23757e-05 0)
(0.00150675 -9.02789e-05 0)
(0.00191391 -8.77414e-05 0)
(0.00230956 -8.48128e-05 0)
(0.00269243 -8.15462e-05 0)
(0.00306142 -7.79968e-05 0)
(0.00341559 -7.42208e-05 0)
(0.00375417 -7.02742e-05 0)
(0.00407656 -6.62119e-05 0)
(0.00438234 -6.20863e-05 0)
(0.00467124 -5.79467e-05 0)
(0.00494315 -5.38386e-05 0)
(0.0051981 -4.9803e-05 0)
(0.00543627 -4.5876e-05 0)
(0.00565796 -4.20885e-05 0)
(0.00586356 -3.84664e-05 0)
(0.0060536 -3.50301e-05 0)
(0.00622864 -3.17954e-05 0)
(0.00638934 -2.87729e-05 0)
(0.0065364 -2.59692e-05 0)
(0.00667059 -2.33868e-05 0)
(0.00679266 -2.10246e-05 0)
(0.00690342 -1.88786e-05 0)
(0.00700366 -1.69424e-05 0)
(0.00709418 -1.52074e-05 0)
(0.00717575 -1.36635e-05 0)
(0.00724914 -1.22994e-05 0)
(0.0073151 -1.11029e-05 0)
(0.00737432 -1.00617e-05 0)
(0.00742748 -9.16285e-06 0)
(0.00747522 -8.39385e-06 0)
(0.00751813 -7.74231e-06 0)
(0.00755678 -7.19627e-06 0)
(0.00759169 -6.74434e-06 0)
(0.00762332 -6.37571e-06 0)
(0.00765213 -6.08029e-06 0)
(0.0076785 -5.84869e-06 0)
(0.0077028 -5.67223e-06 0)
(0.00772535 -5.54298e-06 0)
(0.00774645 -5.4537e-06 0)
(0.00776636 -5.39784e-06 0)
(0.0077853 -5.36952e-06 0)
(0.00780348 -5.36345e-06 0)
(0.00782106 -5.37495e-06 0)
(0.0078382 -5.39986e-06 0)
(0.00785503 -5.43455e-06 0)
(0.00787166 -5.47582e-06 0)
(0.00788817 -5.52091e-06 0)
(0.00790464 -5.56746e-06 0)
(0.00792112 -5.61345e-06 0)
(0.00793767 -5.65717e-06 0)
(0.00795431 -5.69722e-06 0)
(0.00797108 -5.73243e-06 0)
(0.00798797 -5.76188e-06 0)
(0.00800501 -5.78486e-06 0)
(0.00802218 -5.80084e-06 0)
(0.00803949 -5.80943e-06 0)
(0.00805692 -5.8104e-06 0)
(0.00807445 -5.80365e-06 0)
(0.00809208 -5.78917e-06 0)
(0.00810977 -5.76705e-06 0)
(0.00812751 -5.73744e-06 0)
(0.00814526 -5.70059e-06 0)
(0.00816302 -5.65678e-06 0)
(0.00818074 -5.60633e-06 0)
(0.00819841 -5.54961e-06 0)
(0.00821599 -5.48701e-06 0)
(0.00823347 -5.41893e-06 0)
(0.00825082 -5.3458e-06 0)
(0.00826801 -5.26805e-06 0)
(0.00828503 -5.1861e-06 0)
(0.00830185 -5.1004e-06 0)
(0.00831844 -5.01135e-06 0)
(0.0083348 -4.91938e-06 0)
(0.0083509 -4.82489e-06 0)
(0.00836673 -4.72828e-06 0)
(0.00838228 -4.62991e-06 0)
(0.00839752 -4.53014e-06 0)
(0.00841245 -4.42932e-06 0)
(0.00842706 -4.32777e-06 0)
(0.00844134 -4.22578e-06 0)
(0.00845529 -4.12364e-06 0)
(0.00846888 -4.02162e-06 0)
(0.00848213 -3.91996e-06 0)
(0.00849503 -3.81887e-06 0)
(0.00850757 -3.71857e-06 0)
(0.00851975 -3.61925e-06 0)
(0.00853158 -3.52106e-06 0)
(0.00854305 -3.42416e-06 0)
(0.00855417 -3.32868e-06 0)
(0.00856494 -3.23474e-06 0)
(0.00857536 -3.14244e-06 0)
(0.00858543 -3.05185e-06 0)
(0.00859517 -2.96306e-06 0)
(0.00860458 -2.87611e-06 0)
(0.00861365 -2.79104e-06 0)
(0.00862241 -2.70788e-06 0)
(0.00863085 -2.62665e-06 0)
(0.00863899 -2.54733e-06 0)
(0.00864683 -2.46993e-06 0)
(0.00865438 -2.39439e-06 0)
(0.00866165 -2.32068e-06 0)
(0.00866864 -2.24874e-06 0)
(0.00867537 -2.17848e-06 0)
(0.00868184 -2.10979e-06 0)
(0.00868806 -2.04254e-06 0)
(0.00869404 -1.97655e-06 0)
(0.00869978 -1.91162e-06 0)
(0.0087053 -1.84747e-06 0)
(0.00871059 -1.78373e-06 0)
(0.00871567 -1.71995e-06 0)
(0.00872053 -1.65548e-06 0)
(0.00872518 -1.58948e-06 0)
(0.00872961 -1.52077e-06 0)
(0.00873383 -1.44779e-06 0)
(0.0087378 -1.36805e-06 0)
(0.00874153 -1.2791e-06 0)
(0.00874498 -1.17395e-06 0)
(0.0087481 -1.0533e-06 0)
(0.00875085 -8.88072e-07 0)
(0.00875304 -7.14819e-07 0)
(0.00875483 -4.01277e-07 0)
(0.00875518 -1.43548e-07 0)
(0.00875601 4.50034e-07 0)
(0.00875167 1.1375e-06 0)
(0.00875273 1.45387e-06 0)
(0.0087378 5.50666e-06 0)
(-8.33592e-05 0.00013642 0)
(-0.000582919 0.000379263 0)
(-0.00131137 0.000518332 0)
(-0.00208599 0.000562419 0)
(-0.00286568 0.000583377 0)
(-0.00363356 0.000585074 0)
(-0.00437631 0.000584993 0)
(-0.00509678 0.00057827 0)
(-0.00578777 0.000569297 0)
(-0.00645146 0.000557062 0)
(-0.00708513 0.000543354 0)
(-0.00769019 0.000528352 0)
(-0.00826626 0.000512778 0)
(-0.00881444 0.000496859 0)
(-0.00933522 0.000480873 0)
(-0.00982951 0.000464941 0)
(-0.010298 0.000449163 0)
(-0.0107414 0.000433579 0)
(-0.0111604 0.000418207 0)
(-0.0115554 0.000403041 0)
(-0.0119271 0.000388059 0)
(-0.0122757 0.000373225 0)
(-0.0126015 0.000358491 0)
(-0.0129048 0.000343801 0)
(-0.0131855 0.000329088 0)
(-0.0134436 0.000314277 0)
(-0.0136791 0.000299284 0)
(-0.0138915 0.000284019 0)
(-0.0140807 0.000268382 0)
(-0.0142462 0.000252267 0)
(-0.0143873 0.000235564 0)
(-0.0145034 0.000218156 0)
(-0.0145938 0.000199925 0)
(-0.0146575 0.000180751 0)
(-0.0146938 0.000160516 0)
(-0.0147014 0.000139107 0)
(-0.0146795 0.000116416 0)
(-0.0146269 9.23483e-05 0)
(-0.0145424 6.68197e-05 0)
(-0.0144249 3.97645e-05 0)
(-0.0142733 1.11367e-05 0)
(-0.0140865 -1.90866e-05 0)
(-0.0138634 -5.09027e-05 0)
(-0.0136031 -8.42806e-05 0)
(-0.0133048 -0.00011916 0)
(-0.0129677 -0.000155448 0)
(-0.0125913 -0.000193024 0)
(-0.0121751 -0.000231731 0)
(-0.011719 -0.000271386 0)
(-0.011223 -0.000311775 0)
(-0.0106873 -0.000352657 0)
(-0.0101123 -0.00039377 0)
(-0.0094987 -0.000434828 0)
(-0.00884756 -0.000475532 0)
(-0.00816002 -0.000515569 0)
(-0.00743755 -0.000554621 0)
(-0.00668185 -0.000592366 0)
(-0.00589486 -0.000628484 0)
(-0.00507875 -0.000662665 0)
(-0.00423592 -0.000694609 0)
(-0.00336894 -0.000724036 0)
(-0.00248059 -0.000750685 0)
(-0.00157379 -0.000774325 0)
(-0.000651601 -0.000794752 0)
(0.000282814 -0.000811796 0)
(0.0012262 -0.000825325 0)
(0.00217527 -0.000835242 0)
(0.00312668 -0.000841493 0)
(0.00407713 -0.000844063 0)
(0.00502333 -0.000842978 0)
(0.00596207 -0.000838305 0)
(0.00689022 -0.00083015 0)
(0.00780479 -0.000818655 0)
(0.00870293 -0.000803998 0)
(0.00958195 -0.000786387 0)
(0.0104394 -0.000766057 0)
(0.0112729 -0.000743267 0)
(0.0120805 -0.000718296 0)
(0.0128604 -0.000691433 0)
(0.0136109 -0.00066298 0)
(0.0143309 -0.000633241 0)
(0.0150191 -0.000602518 0)
(0.0156749 -0.000571112 0)
(0.0162976 -0.000539309 0)
(0.016887 -0.000507386 0)
(0.017443 -0.000475601 0)
(0.0179657 -0.000444192 0)
(0.0184555 -0.000413378 0)
(0.018913 -0.000383352 0)
(0.0193388 -0.000354283 0)
(0.0197338 -0.000326316 0)
(0.020099 -0.000299571 0)
(0.0204356 -0.000274142 0)
(0.0207448 -0.000250102 0)
(0.0210279 -0.000227499 0)
(0.0212861 -0.000206364 0)
(0.021521 -0.000186705 0)
(0.021734 -0.000168516 0)
(0.0219265 -0.000151775 0)
(0.0220998 -0.000136448 0)
(0.0222555 -0.00012249 0)
(0.022395 -0.000109845 0)
(0.0225195 -9.84521e-05 0)
(0.0226304 -8.8245e-05 0)
(0.0227289 -7.9153e-05 0)
(0.0228162 -7.11029e-05 0)
(0.0228935 -6.40208e-05 0)
(0.0229618 -5.78325e-05 0)
(0.0230221 -5.24648e-05 0)
(0.0230754 -4.78461e-05 0)
(0.0231225 -4.39069e-05 0)
(0.0231643 -4.05809e-05 0)
(0.0232013 -3.78046e-05 0)
(0.0232344 -3.5518e-05 0)
(0.0232642 -3.36648e-05 0)
(0.0232911 -3.21924e-05 0)
(0.0233156 -3.10518e-05 0)
(0.0233383 -3.0198e-05 0)
(0.0233594 -2.95894e-05 0)
(0.0233794 -2.91882e-05 0)
(0.0233984 -2.896e-05 0)
(0.0234169 -2.88736e-05 0)
(0.0234349 -2.89011e-05 0)
(0.0234528 -2.90173e-05 0)
(0.0234705 -2.92002e-05 0)
(0.0234883 -2.94299e-05 0)
(0.0235063 -2.96894e-05 0)
(0.0235245 -2.99636e-05 0)
(0.023543 -3.02396e-05 0)
(0.0235618 -3.05063e-05 0)
(0.0235809 -3.07545e-05 0)
(0.0236004 -3.09763e-05 0)
(0.0236203 -3.11656e-05 0)
(0.0236405 -3.13172e-05 0)
(0.023661 -3.14271e-05 0)
(0.0236819 -3.14927e-05 0)
(0.023703 -3.15118e-05 0)
(0.0237243 -3.14833e-05 0)
(0.0237457 -3.14067e-05 0)
(0.0237674 -3.12822e-05 0)
(0.0237891 -3.11105e-05 0)
(0.0238108 -3.08927e-05 0)
(0.0238325 -3.06303e-05 0)
(0.0238542 -3.0325e-05 0)
(0.0238758 -2.99791e-05 0)
(0.0238972 -2.95948e-05 0)
(0.0239185 -2.91745e-05 0)
(0.0239395 -2.87208e-05 0)
(0.0239602 -2.82363e-05 0)
(0.0239806 -2.77239e-05 0)
(0.0240007 -2.71861e-05 0)
(0.0240204 -2.66258e-05 0)
(0.0240397 -2.60456e-05 0)
(0.0240585 -2.54482e-05 0)
(0.0240769 -2.48362e-05 0)
(0.0240948 -2.42121e-05 0)
(0.0241121 -2.35784e-05 0)
(0.024129 -2.29374e-05 0)
(0.0241453 -2.22915e-05 0)
(0.0241611 -2.16426e-05 0)
(0.0241763 -2.0993e-05 0)
(0.024191 -2.03445e-05 0)
(0.0242051 -1.96989e-05 0)
(0.0242186 -1.90579e-05 0)
(0.0242315 -1.84232e-05 0)
(0.0242439 -1.77962e-05 0)
(0.0242557 -1.71782e-05 0)
(0.024267 -1.65704e-05 0)
(0.0242777 -1.59741e-05 0)
(0.0242879 -1.539e-05 0)
(0.0242975 -1.48192e-05 0)
(0.0243066 -1.42623e-05 0)
(0.0243152 -1.372e-05 0)
(0.0243233 -1.31928e-05 0)
(0.024331 -1.26809e-05 0)
(0.0243381 -1.21847e-05 0)
(0.0243449 -1.17041e-05 0)
(0.0243512 -1.12389e-05 0)
(0.0243571 -1.0789e-05 0)
(0.0243625 -1.03536e-05 0)
(0.0243677 -9.93203e-06 0)
(0.0243724 -9.52297e-06 0)
(0.0243768 -9.1248e-06 0)
(0.0243809 -8.73529e-06 0)
(0.0243846 -8.35144e-06 0)
(0.0243881 -7.96915e-06 0)
(0.0243912 -7.58292e-06 0)
(0.024394 -7.18507e-06 0)
(0.0243965 -6.76516e-06 0)
(0.0243987 -6.30882e-06 0)
(0.0244005 -5.79304e-06 0)
(0.0244019 -5.19955e-06 0)
(0.0244029 -4.44829e-06 0)
(0.0244032 -3.5998e-06 0)
(0.0244028 -2.25305e-06 0)
(0.0244014 -1.02918e-06 0)
(0.024399 1.64149e-06 0)
(0.0243931 4.06892e-06 0)
(0.0243897 6.92621e-06 0)
(0.0243717 1.80396e-05 0)
(-0.000178833 0.000644983 0)
(-0.00104295 0.00125401 0)
(-0.00216762 0.0015329 0)
(-0.00330474 0.00157431 0)
(-0.00439287 0.00156943 0)
(-0.00542137 0.0015261 0)
(-0.00637456 0.00148244 0)
(-0.00726353 0.00143002 0)
(-0.00808487 0.00137669 0)
(-0.00884671 0.00132078 0)
(-0.00955042 0.00126483 0)
(-0.0102011 0.00120899 0)
(-0.0108012 0.00115409 0)
(-0.0113542 0.00110032 0)
(-0.0118622 0.00104786 0)
(-0.0123276 0.000996737 0)
(-0.0127522 0.000946909 0)
(-0.0131376 0.000898279 0)
(-0.0134852 0.000850718 0)
(-0.013796 0.000804075 0)
(-0.014071 0.000758183 0)
(-0.0143108 0.000712863 0)
(-0.014516 0.000667928 0)
(-0.0146869 0.000623184 0)
(-0.0148238 0.000578429 0)
(-0.0149267 0.000533456 0)
(-0.0149955 0.000488052 0)
(-0.01503 0.000442003 0)
(-0.01503 0.00039509 0)
(-0.014995 0.000347093 0)
(-0.0149245 0.000297796 0)
(-0.0148179 0.000246987 0)
(-0.0146746 0.000194461 0)
(-0.0144939 0.000140028 0)
(-0.0142749 8.35108e-05 0)
(-0.0140171 2.47561e-05 0)
(-0.0137195 -3.63654e-05 0)
(-0.0133814 -9.99524e-05 0)
(-0.0130022 -0.000166069 0)
(-0.0125811 -0.00023474 0)
(-0.0121175 -0.000305948 0)
(-0.011611 -0.00037963 0)
(-0.0110611 -0.000455672 0)
(-0.0104677 -0.000533914 0)
(-0.00983056 -0.00061414 0)
(-0.00914982 -0.000696087 0)
(-0.00842573 -0.000779442 0)
(-0.00765871 -0.000863842 0)
(-0.00684944 -0.000948882 0)
(-0.00599878 -0.00103412 0)
(-0.00510782 -0.00111906 0)
(-0.00417789 -0.0012032 0)
(-0.00321053 -0.00128601 0)
(-0.00220751 -0.00136693 0)
(-0.00117083 -0.00144539 0)
(-0.000102714 -0.00152084 0)
(0.000994431 -0.00159271 0)
(0.00211798 -0.00166046 0)
(0.00326514 -0.00172356 0)
(0.00443294 -0.00178151 0)
(0.00561827 -0.00183386 0)
(0.00681788 -0.00188019 0)
(0.00802844 -0.00192012 0)
(0.00924651 -0.00195335 0)
(0.0104686 -0.00197961 0)
(0.0116912 -0.00199873 0)
(0.0129109 -0.00201058 0)
(0.014124 -0.0020151 0)
(0.0153273 -0.00201231 0)
(0.0165173 -0.0020023 0)
(0.0176907 -0.00198523 0)
(0.0188445 -0.00196132 0)
(0.0199758 -0.00193085 0)
(0.0210817 -0.00189419 0)
(0.0221596 -0.00185172 0)
(0.0232072 -0.00180391 0)
(0.0242224 -0.00175123 0)
(0.0252032 -0.00169421 0)
(0.0261481 -0.0016334 0)
(0.0270556 -0.00156937 0)
(0.0279246 -0.00150269 0)
(0.0287542 -0.00143394 0)
(0.029544 -0.00136368 0)
(0.0302933 -0.00129247 0)
(0.0310023 -0.00122084 0)
(0.0316709 -0.0011493 0)
(0.0322995 -0.00107833 0)
(0.0328886 -0.00100836 0)
(0.0334389 -0.00093979 0)
(0.0339512 -0.000872982 0)
(0.0344267 -0.000808247 0)
(0.0348665 -0.000745856 0)
(0.0352718 -0.000686035 0)
(0.0356441 -0.000628966 0)
(0.0359846 -0.000574791 0)
(0.0362951 -0.000523611 0)
(0.0365769 -0.000475491 0)
(0.0368318 -0.00043046 0)
(0.0370612 -0.000388518 0)
(0.0372669 -0.000349634 0)
(0.0374503 -0.000313754 0)
(0.037613 -0.000280802 0)
(0.0377567 -0.000250683 0)
(0.0378827 -0.000223288 0)
(0.0379926 -0.000198494 0)
(0.0380877 -0.00017617 0)
(0.0381694 -0.000156178 0)
(0.038239 -0.000138374 0)
(0.0382976 -0.000122614 0)
(0.0383464 -0.000108751 0)
(0.0383865 -9.664e-05 0)
(0.0384189 -8.61391e-05 0)
(0.0384444 -7.71093e-05 0)
(0.0384641 -6.94166e-05 0)
(0.0384787 -6.29321e-05 0)
(0.0384888 -5.75332e-05 0)
(0.0384953 -5.31037e-05 0)
(0.0384986 -4.95341e-05 0)
(0.0384994 -4.67218e-05 0)
(0.0384981 -4.45714e-05 0)
(0.0384951 -4.29945e-05 0)
(0.0384909 -4.19095e-05 0)
(0.0384858 -4.12416e-05 0)
(0.0384801 -4.09227e-05 0)
(0.038474 -4.08909e-05 0)
(0.0384678 -4.10902e-05 0)
(0.0384616 -4.14705e-05 0)
(0.0384556 -4.19871e-05 0)
(0.03845 -4.26003e-05 0)
(0.0384448 -4.32752e-05 0)
(0.0384401 -4.39812e-05 0)
(0.038436 -4.46919e-05 0)
(0.0384325 -4.53846e-05 0)
(0.0384296 -4.60402e-05 0)
(0.0384273 -4.66424e-05 0)
(0.0384257 -4.71782e-05 0)
(0.0384247 -4.76367e-05 0)
(0.0384243 -4.80099e-05 0)
(0.0384244 -4.82915e-05 0)
(0.0384251 -4.84771e-05 0)
(0.0384262 -4.8564e-05 0)
(0.0384278 -4.85511e-05 0)
(0.0384298 -4.84384e-05 0)
(0.0384321 -4.82271e-05 0)
(0.0384347 -4.79192e-05 0)
(0.0384375 -4.75176e-05 0)
(0.0384405 -4.70261e-05 0)
(0.0384437 -4.64487e-05 0)
(0.0384469 -4.579e-05 0)
(0.0384501 -4.50551e-05 0)
(0.0384533 -4.42492e-05 0)
(0.0384564 -4.33778e-05 0)
(0.0384595 -4.24465e-05 0)
(0.0384624 -4.14611e-05 0)
(0.038465 -4.04271e-05 0)
(0.0384675 -3.93504e-05 0)
(0.0384697 -3.82365e-05 0)
(0.0384717 -3.7091e-05 0)
(0.0384733 -3.59193e-05 0)
(0.0384746 -3.47267e-05 0)
(0.0384755 -3.35183e-05 0)
(0.038476 -3.22991e-05 0)
(0.0384762 -3.10737e-05 0)
(0.038476 -2.98467e-05 0)
(0.0384753 -2.86223e-05 0)
(0.0384743 -2.74047e-05 0)
(0.0384728 -2.61977e-05 0)
(0.0384709 -2.50047e-05 0)
(0.0384686 -2.38293e-05 0)
(0.0384659 -2.26744e-05 0)
(0.0384627 -2.15428e-05 0)
(0.0384592 -2.04371e-05 0)
(0.0384552 -1.93596e-05 0)
(0.0384509 -1.83122e-05 0)
(0.0384462 -1.72966e-05 0)
(0.0384412 -1.63142e-05 0)
(0.0384358 -1.5366e-05 0)
(0.03843 -1.44526e-05 0)
(0.038424 -1.35743e-05 0)
(0.0384177 -1.27307e-05 0)
(0.0384111 -1.19211e-05 0)
(0.0384042 -1.11439e-05 0)
(0.0383971 -1.0397e-05 0)
(0.0383898 -9.67701e-06 0)
(0.0383823 -8.9792e-06 0)
(0.0383746 -8.29717e-06 0)
(0.0383667 -7.62211e-06 0)
(0.0383587 -6.94173e-06 0)
(0.0383505 -6.23969e-06 0)
(0.0383421 -5.4917e-06 0)
(0.0383336 -4.66724e-06 0)
(0.0383248 -3.71786e-06 0)
(0.0383158 -2.57599e-06 0)
(0.0383066 -1.1828e-06 0)
(0.0382969 7.36454e-07 0)
(0.0382867 2.91822e-06 0)
(0.0382756 6.70109e-06 0)
(0.0382633 1.06221e-05 0)
(0.0382511 1.58983e-05 0)
(0.0382289 3.11543e-05 0)
(-0.000305524 0.00126146 0)
(-0.00151615 0.00231482 0)
(-0.00286979 0.00272283 0)
(-0.00413661 0.00273266 0)
(-0.00523527 0.00266037 0)
(-0.00621492 0.00253083 0)
(-0.00706172 0.00240156 0)
(-0.00780929 0.00226614 0)
(-0.00845915 0.00213552 0)
(-0.00902806 0.00200823 0)
(-0.00952128 0.00188655 0)
(-0.0099478 0.00177008 0)
(-0.0103125 0.00165889 0)
(-0.0106207 0.00155256 0)
(-0.010876 0.00145066 0)
(-0.0110819 0.0013527 0)
(-0.0112409 0.00125821 0)
(-0.0113552 0.00116671 0)
(-0.0114265 0.00107775 0)
(-0.0114562 0.000990881 0)
(-0.0114455 0.000905701 0)
(-0.0113953 0.000821809 0)
(-0.0113062 0.000738823 0)
(-0.0111786 0.000656375 0)
(-0.0110129 0.000574106 0)
(-0.0108091 0.000491672 0)
(-0.0105675 0.000408736 0)
(-0.0102878 0.000324972 0)
(-0.00996993 0.000240066 0)
(-0.00961362 0.000153718 0)
(-0.00921856 6.56436e-05 0)
(-0.00878441 -2.4422e-05 0)
(-0.00831081 -0.00011672 0)
(-0.00779737 -0.000211466 0)
(-0.00724371 -0.000308839 0)
(-0.00664948 -0.000408986 0)
(-0.00601437 -0.000512008 0)
(-0.00533813 -0.000617962 0)
(-0.00462058 -0.000726852 0)
(-0.00386161 -0.000838625 0)
(-0.00306125 -0.000953173 0)
(-0.00221963 -0.00107032 0)
(-0.00133702 -0.00118984 0)
(-0.000413826 -0.00131142 0)
(0.000549363 -0.00143471 0)
(0.00155181 -0.00155927 0)
(0.00259258 -0.00168461 0)
(0.00367058 -0.0018102 0)
(0.00478449 -0.00193543 0)
(0.00593283 -0.00205967 0)
(0.00711389 -0.00218221 0)
(0.0083258 -0.00230236 0)
(0.00956645 -0.00241936 0)
(0.0108336 -0.00253246 0)
(0.0121248 -0.00264089 0)
(0.0134373 -0.0027439 0)
(0.0147684 -0.00284073 0)
(0.0161152 -0.00293066 0)
(0.0174745 -0.00301301 0)
(0.0188432 -0.00308712 0)
(0.0202179 -0.00315241 0)
(0.0215953 -0.00320834 0)
(0.0229719 -0.00325445 0)
(0.0243442 -0.00329036 0)
(0.0257088 -0.00331577 0)
(0.0270622 -0.00333048 0)
(0.0284009 -0.00333437 0)
(0.0297217 -0.00332743 0)
(0.0310213 -0.00330975 0)
(0.0322966 -0.0032815 0)
(0.0335445 -0.00324297 0)
(0.0347624 -0.00319452 0)
(0.0359476 -0.00313662 0)
(0.0370978 -0.00306982 0)
(0.0382108 -0.00299473 0)
(0.0392846 -0.00291202 0)
(0.0403178 -0.00282245 0)
(0.0413088 -0.00272679 0)
(0.0422565 -0.00262584 0)
(0.0431602 -0.00252046 0)
(0.0440193 -0.00241148 0)
(0.0448334 -0.00229973 0)
(0.0456024 -0.00218607 0)
(0.0463265 -0.00207128 0)
(0.0470062 -0.00195613 0)
(0.047642 -0.00184138 0)
(0.0482346 -0.00172769 0)
(0.0487852 -0.00161571 0)
(0.0492947 -0.00150601 0)
(0.0497644 -0.0013991 0)
(0.0501958 -0.00129544 0)
(0.0505902 -0.00119541 0)
(0.0509491 -0.00109936 0)
(0.0512743 -0.00100754 0)
(0.0515674 -0.000920155 0)
(0.0518299 -0.000837368 0)
(0.0520637 -0.000759273 0)
(0.0522704 -0.000685921 0)
(0.0524517 -0.000617319 0)
(0.0526092 -0.000553431 0)
(0.0527446 -0.000494187 0)
(0.0528596 -0.000439485 0)
(0.0529555 -0.000389197 0)
(0.0530341 -0.000343171 0)
(0.0530966 -0.000301237 0)
(0.0531446 -0.000263209 0)
(0.0531792 -0.00022889 0)
(0.0532018 -0.000198077 0)
(0.0532137 -0.000170558 0)
(0.0532158 -0.000146121 0)
(0.0532093 -0.000124553 0)
(0.0531951 -0.000105643 0)
(0.0531743 -8.91841e-05 0)
(0.0531476 -7.49738e-05 0)
(0.0531158 -6.28166e-05 0)
(0.0530798 -5.25241e-05 0)
(0.0530401 -4.39162e-05 0)
(0.0529974 -3.68219e-05 0)
(0.0529522 -3.10792e-05 0)
(0.052905 -2.65361e-05 0)
(0.0528564 -2.30499e-05 0)
(0.0528067 -2.0488e-05 0)
(0.0527562 -1.87273e-05 0)
(0.0527053 -1.76544e-05 0)
(0.0526543 -1.71652e-05 0)
(0.0526035 -1.71644e-05 0)
(0.052553 -1.75656e-05 0)
(0.0525029 -1.82904e-05 0)
(0.0524536 -1.92686e-05 0)
(0.052405 -2.04372e-05 0)
(0.0523573 -2.17403e-05 0)
(0.0523106 -2.31285e-05 0)
(0.0522649 -2.45586e-05 0)
(0.0522203 -2.5993e-05 0)
(0.0521768 -2.73993e-05 0)
(0.0521344 -2.87501e-05 0)
(0.0520931 -3.00223e-05 0)
(0.0520528 -3.11967e-05 0)
(0.0520137 -3.2258e-05 0)
(0.0519756 -3.31941e-05 0)
(0.0519385 -3.39958e-05 0)
(0.0519024 -3.46567e-05 0)
(0.0518673 -3.51726e-05 0)
(0.051833 -3.55415e-05 0)
(0.0517996 -3.57632e-05 0)
(0.0517669 -3.58391e-05 0)
(0.051735 -3.5772e-05 0)
(0.0517038 -3.5566e-05 0)
(0.0516732 -3.5226e-05 0)
(0.0516431 -3.47577e-05 0)
(0.0516136 -3.41679e-05 0)
(0.0515846 -3.34634e-05 0)
(0.051556 -3.2652e-05 0)
(0.0515278 -3.17413e-05 0)
(0.0514999 -3.07396e-05 0)
(0.0514723 -2.9655e-05 0)
(0.051445 -2.84959e-05 0)
(0.0514179 -2.72705e-05 0)
(0.051391 -2.59872e-05 0)
(0.0513642 -2.46541e-05 0)
(0.0513375 -2.32792e-05 0)
(0.0513109 -2.18704e-05 0)
(0.0512844 -2.04353e-05 0)
(0.051258 -1.89813e-05 0)
(0.0512315 -1.75155e-05 0)
(0.0512051 -1.60447e-05 0)
(0.0511787 -1.45755e-05 0)
(0.0511523 -1.31141e-05 0)
(0.0511258 -1.16663e-05 0)
(0.0510993 -1.02377e-05 0)
(0.0510728 -8.8334e-06 0)
(0.0510462 -7.45818e-06 0)
(0.0510196 -6.11643e-06 0)
(0.050993 -4.81209e-06 0)
(0.0509663 -3.54871e-06 0)
(0.0509397 -2.32934e-06 0)
(0.050913 -1.15656e-06 0)
(0.0508862 -3.23954e-08 0)
(0.0508595 1.0417e-06 0)
(0.0508329 2.06497e-06 0)
(0.0508062 3.03737e-06 0)
(0.0507796 3.9598e-06 0)
(0.050753 4.83419e-06 0)
(0.0507265 5.66382e-06 0)
(0.0507001 6.45362e-06 0)
(0.0506737 7.21068e-06 0)
(0.0506475 7.94496e-06 0)
(0.0506214 8.6702e-06 0)
(0.0505955 9.40572e-06 0)
(0.0505697 1.01776e-05 0)
(0.050544 1.10237e-05 0)
(0.0505185 1.19944e-05 0)
(0.0504931 1.31668e-05 0)
(0.0504678 1.46366e-05 0)
(0.0504427 1.65904e-05 0)
(0.0504177 1.91053e-05 0)
(0.0503925 2.29488e-05 0)
(0.0503674 2.75227e-05 0)
(0.0503424 3.42407e-05 0)
(0.0503112 5.07442e-05 0)
(-0.000404965 0.00246859 0)
(-0.00171878 0.00379498 0)
(-0.00298676 0.00413966 0)
(-0.00404963 0.00388822 0)
(-0.00482664 0.00361487 0)
(-0.00542867 0.00331209 0)
(-0.00585267 0.00304784 0)
(-0.00615823 0.00280101 0)
(-0.00635463 0.00257668 0)
(-0.00646803 0.00236858 0)
(-0.00650696 0.00217554 0)
(-0.00648344 0.00199507 0)
(-0.00640334 0.00182555 0)
(-0.00627278 0.0016654 0)
(-0.00609556 0.00151328 0)
(-0.00587511 0.00136799 0)
(-0.00561383 0.00122849 0)
(-0.00531376 0.00109385 0)
(-0.00497639 0.000963247 0)
(-0.00460292 0.000835931 0)
(-0.00419425 0.000711226 0)
(-0.00375104 0.000588516 0)
(-0.00327376 0.00046723 0)
(-0.00276274 0.000346839 0)
(-0.00221813 0.000226848 0)
(-0.00164 0.000106796 0)
(-0.00102834 -1.37512e-05 0)
(-0.000383034 -0.000135199 0)
(0.000296057 -0.000257924 0)
(0.00100912 -0.000382274 0)
(0.00175637 -0.000508566 0)
(0.002538 -0.000637083 0)
(0.00335423 -0.000768068 0)
(0.00420523 -0.000901723 0)
(0.00509112 -0.0010382 0)
(0.006012 -0.00117762 0)
(0.00696786 -0.00132001 0)
(0.00795864 -0.00146537 0)
(0.00898416 -0.00161363 0)
(0.0100441 -0.00176463 0)
(0.0111382 -0.00191817 0)
(0.0122658 -0.00207395 0)
(0.0134263 -0.00223162 0)
(0.0146188 -0.00239075 0)
(0.0158423 -0.00255081 0)
(0.0170958 -0.00271123 0)
(0.0183779 -0.00287136 0)
(0.0196872 -0.00303049 0)
(0.0210219 -0.00318785 0)
(0.0223802 -0.00334262 0)
(0.0237601 -0.00349393 0)
(0.0251594 -0.0036409 0)
(0.0265758 -0.00378259 0)
(0.0280067 -0.00391808 0)
(0.0294494 -0.00404643 0)
(0.0309011 -0.00416671 0)
(0.032359 -0.00427802 0)
(0.0338197 -0.00437949 0)
(0.0352803 -0.00447028 0)
(0.0367374 -0.00454965 0)
(0.0381877 -0.00461688 0)
(0.0396279 -0.00467137 0)
(0.0410545 -0.00471259 0)
(0.0424642 -0.00474013 0)
(0.0438536 -0.00475368 0)
(0.0452196 -0.00475305 0)
(0.0465588 -0.00473816 0)
(0.0478683 -0.00470908 0)
(0.0491451 -0.00466599 0)
(0.0503865 -0.00460921 0)
(0.0515899 -0.00453916 0)
(0.0527531 -0.0044564 0)
(0.053874 -0.00436161 0)
(0.0549507 -0.00425554 0)
(0.0559817 -0.00413907 0)
(0.0569656 -0.00401314 0)
(0.0579016 -0.00387876 0)
(0.0587889 -0.00373698 0)
(0.059627 -0.00358891 0)
(0.0604159 -0.00343567 0)
(0.0611555 -0.00327838 0)
(0.0618464 -0.00311816 0)
(0.062489 -0.00295609 0)
(0.0630841 -0.00279324 0)
(0.0636329 -0.00263061 0)
(0.0641365 -0.00246915 0)
(0.0645963 -0.00230974 0)
(0.0650137 -0.0021532 0)
(0.0653903 -0.00200024 0)
(0.0657279 -0.00185153 0)
(0.0660281 -0.00170762 0)
(0.0662929 -0.00156901 0)
(0.0665241 -0.00143608 0)
(0.0667235 -0.00130916 0)
(0.0668931 -0.00118849 0)
(0.0670346 -0.00107424 0)
(0.06715 -0.000966524 0)
(0.067241 -0.000865373 0)
(0.0673094 -0.000770774 0)
(0.0673569 -0.000682663 0)
(0.0673851 -0.000600928 0)
(0.0673958 -0.000525419 0)
(0.0673903 -0.000455953 0)
(0.0673702 -0.000392319 0)
(0.0673368 -0.000334282 0)
(0.0672915 -0.00028159 0)
(0.0672355 -0.000233977 0)
(0.0671699 -0.000191167 0)
(0.067096 -0.000152878 0)
(0.0670146 -0.000118826 0)
(0.0669268 -8.87256e-05 0)
(0.0668334 -6.2296e-05 0)
(0.0667353 -3.92602e-05 0)
(0.0666332 -1.93482e-05 0)
(0.0665278 -2.29835e-06 0)
(0.0664198 1.21415e-05 0)
(0.0663097 2.42127e-05 0)
(0.0661981 3.41454e-05 0)
(0.0660855 4.21577e-05 0)
(0.0659722 4.84554e-05 0)
(0.0658587 5.32318e-05 0)
(0.0657453 5.66675e-05 0)
(0.0656323 5.89307e-05 0)
(0.06552 6.01773e-05 0)
(0.0654086 6.05509e-05 0)
(0.0652983 6.01835e-05 0)
(0.0651893 5.91958e-05 0)
(0.0650817 5.76976e-05 0)
(0.0649757 5.57881e-05 0)
(0.0648713 5.3557e-05 0)
(0.0647686 5.10843e-05 0)
(0.0646677 4.84414e-05 0)
(0.0645687 4.56916e-05 0)
(0.0644714 4.28902e-05 0)
(0.064376 4.00856e-05 0)
(0.0642825 3.73196e-05 0)
(0.0641908 3.46277e-05 0)
(0.064101 3.20402e-05 0)
(0.0640129 2.95819e-05 0)
(0.0639267 2.72731e-05 0)
(0.0638421 2.51301e-05 0)
(0.0637592 2.31652e-05 0)
(0.063678 2.13874e-05 0)
(0.0635984 1.98024e-05 0)
(0.0635203 1.84137e-05 0)
(0.0634437 1.7222e-05 0)
(0.0633685 1.62262e-05 0)
(0.0632947 1.54232e-05 0)
(0.0632223 1.48084e-05 0)
(0.063151 1.43759e-05 0)
(0.063081 1.41186e-05 0)
(0.0630122 1.40286e-05 0)
(0.0629444 1.40972e-05 0)
(0.0628777 1.43149e-05 0)
(0.062812 1.4672e-05 0)
(0.0627472 1.51582e-05 0)
(0.0626834 1.57632e-05 0)
(0.0626204 1.64763e-05 0)
(0.0625582 1.7287e-05 0)
(0.0624968 1.81846e-05 0)
(0.0624362 1.91585e-05 0)
(0.0623763 2.01985e-05 0)
(0.062317 2.12943e-05 0)
(0.0622584 2.24359e-05 0)
(0.0622004 2.36136e-05 0)
(0.062143 2.48181e-05 0)
(0.0620862 2.60402e-05 0)
(0.0620299 2.72713e-05 0)
(0.0619741 2.85031e-05 0)
(0.0619189 2.97276e-05 0)
(0.0618641 3.09373e-05 0)
(0.0618099 3.21254e-05 0)
(0.0617561 3.32851e-05 0)
(0.0617027 3.44105e-05 0)
(0.0616499 3.5496e-05 0)
(0.0615975 3.65367e-05 0)
(0.0615455 3.75282e-05 0)
(0.061494 3.84668e-05 0)
(0.0614429 3.93496e-05 0)
(0.0613923 4.01742e-05 0)
(0.0613421 4.09394e-05 0)
(0.0612924 4.16449e-05 0)
(0.0612432 4.22916e-05 0)
(0.0611944 4.28819e-05 0)
(0.0611461 4.34198e-05 0)
(0.0610982 4.39117e-05 0)
(0.0610509 4.43669e-05 0)
(0.061004 4.47984e-05 0)
(0.0609577 4.52243e-05 0)
(0.0609119 4.56699e-05 0)
(0.0608665 4.61701e-05 0)
(0.0608218 4.67731e-05 0)
(0.0607776 4.75508e-05 0)
(0.060734 4.85932e-05 0)
(0.0606911 5.00611e-05 0)
(0.0606489 5.21141e-05 0)
(0.0606075 5.52237e-05 0)
(0.060567 5.92949e-05 0)
(0.0605274 6.61141e-05 0)
(0.0604863 8.02219e-05 0)
(-0.000693457 0.00309351 0)
(-0.00209162 0.00472145 0)
(-0.00255524 0.00495036 0)
(-0.00279437 0.0045033 0)
(-0.00263102 0.00403085 0)
(-0.00238428 0.00356414 0)
(-0.00199237 0.00316016 0)
(-0.00153974 0.00280218 0)
(-0.00101762 0.00248577 0)
(-0.000451589 0.00220232 0)
(0.000156418 0.0019453 0)
(0.000797086 0.0017099 0)
(0.00146781 0.00149185 0)
(0.00216469 0.00128816 0)
(0.002886 0.00109616 0)
(0.00362999 0.000913844 0)
(0.00439572 0.000739466 0)
(0.00518243 0.00057161 0)
(0.00598973 0.000409043 0)
(0.00681737 0.000250716 0)
(0.00766531 9.57003e-05 0)
(0.00853359 -5.68197e-05 0)
(0.00942238 -0.000207577 0)
(0.0103319 -0.000357231 0)
(0.0112625 -0.000506381 0)
(0.0122144 -0.000655572 0)
(0.013188 -0.000805302 0)
(0.0141837 -0.00095602 0)
(0.0152019 -0.00110814 0)
(0.0162428 -0.00126201 0)
(0.0173069 -0.00141796 0)
(0.0183943 -0.00157627 0)
(0.0195054 -0.00173714 0)
(0.0206402 -0.00190075 0)
(0.021799 -0.0020672 0)
(0.0229817 -0.00223655 0)
(0.0241882 -0.00240877 0)
(0.0254184 -0.00258378 0)
(0.0266719 -0.00276141 0)
(0.0279483 -0.00294141 0)
(0.0292471 -0.00312349 0)
(0.0305676 -0.00330722 0)
(0.0319088 -0.00349213 0)
(0.0332698 -0.00367766 0)
(0.0346495 -0.00386315 0)
(0.0360465 -0.0040479 0)
(0.0374593 -0.0042311 0)
(0.0388862 -0.00441188 0)
(0.0403254 -0.00458934 0)
(0.041775 -0.00476248 0)
(0.0432327 -0.00493028 0)
(0.0446962 -0.00509169 0)
(0.0461631 -0.00524562 0)
(0.0476307 -0.00539099 0)
(0.0490964 -0.0055267 0)
(0.0505571 -0.00565169 0)
(0.05201 -0.00576491 0)
(0.053452 -0.00586537 0)
(0.05488 -0.00595213 0)
(0.0562908 -0.00602433 0)
(0.0576811 -0.0060812 0)
(0.059048 -0.00612208 0)
(0.0603881 -0.00614642 0)
(0.0616984 -0.00615378 0)
(0.062976 -0.0061439 0)
(0.0642179 -0.00611662 0)
(0.0654215 -0.00607198 0)
(0.0665842 -0.00601013 0)
(0.0677037 -0.00593141 0)
(0.068778 -0.0058363 0)
(0.0698052 -0.00572543 0)
(0.0707837 -0.00559959 0)
(0.0717122 -0.00545969 0)
(0.0725899 -0.00530676 0)
(0.073416 -0.00514195 0)
(0.0741902 -0.00496648 0)
(0.0749123 -0.00478167 0)
(0.0755826 -0.00458887 0)
(0.0762016 -0.00438948 0)
(0.07677 -0.00418489 0)
(0.0772888 -0.00397651 0)
(0.0777592 -0.00376572 0)
(0.0781826 -0.00355384 0)
(0.0785605 -0.00334217 0)
(0.0788946 -0.0031319 0)
(0.0791867 -0.00292417 0)
(0.0794388 -0.00272001 0)
(0.0796528 -0.00252037 0)
(0.0798307 -0.00232609 0)
(0.0799746 -0.00213789 0)
(0.0800864 -0.00195642 0)
(0.0801682 -0.00178219 0)
(0.0802221 -0.00161563 0)
(0.08025 -0.00145707 0)
(0.0802538 -0.00130674 0)
(0.0802353 -0.0011648 0)
(0.0801964 -0.00103131 0)
(0.0801388 -0.000906268 0)
(0.0800642 -0.000789612 0)
(0.079974 -0.000681213 0)
(0.07987 -0.000580896 0)
(0.0797533 -0.000488439 0)
(0.0796254 -0.000403586 0)
(0.0794876 -0.000326049 0)
(0.0793411 -0.000255515 0)
(0.0791868 -0.000191655 0)
(0.079026 -0.000134124 0)
(0.0788595 -8.25675e-05 0)
(0.0786882 -3.66282e-05 0)
(0.0785129 4.05364e-06 0)
(0.0783345 3.98354e-05 0)
(0.0781536 7.10692e-05 0)
(0.0779709 9.81001e-05 0)
(0.0777869 0.000121263 0)
(0.0776022 0.000140884 0)
(0.0774173 0.000157272 0)
(0.0772325 0.000170727 0)
(0.0770483 0.000181533 0)
(0.0768651 0.000189958 0)
(0.0766831 0.000196255 0)
(0.0765026 0.000200663 0)
(0.0763239 0.000203405 0)
(0.0761471 0.000204686 0)
(0.0759724 0.0002047 0)
(0.0758001 0.000203623 0)
(0.0756302 0.000201619 0)
(0.0754627 0.000198836 0)
(0.0752979 0.000195411 0)
(0.0751358 0.000191467 0)
(0.0749763 0.000187114 0)
(0.0748196 0.000182454 0)
(0.0746657 0.000177574 0)
(0.0745145 0.000172554 0)
(0.0743661 0.000167464 0)
(0.0742205 0.000162365 0)
(0.0740775 0.00015731 0)
(0.0739373 0.000152343 0)
(0.0737997 0.000147505 0)
(0.0736647 0.000142827 0)
(0.0735322 0.000138337 0)
(0.0734023 0.000134054 0)
(0.0732748 0.000129997 0)
(0.0731498 0.000126178 0)
(0.073027 0.000122605 0)
(0.0729066 0.000119284 0)
(0.0727883 0.000116218 0)
(0.0726723 0.000113405 0)
(0.0725583 0.000110845 0)
(0.0724463 0.000108532 0)
(0.0723363 0.00010646 0)
(0.0722282 0.000104622 0)
(0.072122 0.000103008 0)
(0.0720175 0.00010161 0)
(0.0719148 0.000100415 0)
(0.0718138 9.94129e-05 0)
(0.0717144 9.85918e-05 0)
(0.0716166 9.79393e-05 0)
(0.0715203 9.74429e-05 0)
(0.0714255 9.70901e-05 0)
(0.0713322 9.68681e-05 0)
(0.0712402 9.67642e-05 0)
(0.0711496 9.6766e-05 0)
(0.0710603 9.6861e-05 0)
(0.0709722 9.70371e-05 0)
(0.0708854 9.72824e-05 0)
(0.0707998 9.75854e-05 0)
(0.0707153 9.79347e-05 0)
(0.070632 9.83197e-05 0)
(0.0705498 9.87299e-05 0)
(0.0704687 9.91553e-05 0)
(0.0703887 9.95864e-05 0)
(0.0703097 0.000100014 0)
(0.0702317 0.00010043 0)
(0.0701547 0.000100827 0)
(0.0700786 0.000101196 0)
(0.0700036 0.000101532 0)
(0.0699294 0.000101828 0)
(0.0698563 0.000102078 0)
(0.069784 0.00010228 0)
(0.0697126 0.000102427 0)
(0.0696422 0.000102519 0)
(0.0695726 0.000102553 0)
(0.0695039 0.000102528 0)
(0.0694361 0.000102447 0)
(0.0693692 0.00010231 0)
(0.0693031 0.000102123 0)
(0.0692379 0.000101894 0)
(0.0691736 0.000101632 0)
(0.0691102 0.000101352 0)
(0.0690477 0.000101076 0)
(0.068986 0.00010083 0)
(0.0689253 0.000100653 0)
(0.0688656 0.0001006 0)
(0.0688068 0.000100743 0)
(0.0687492 0.000101195 0)
(0.0686929 0.000102104 0)
(0.068638 0.000103741 0)
(0.0685849 0.000106253 0)
(0.0685338 0.000111382 0)
(0.0684859 0.000119645 0)
(-0.000179829 0.00559686 0)
(-0.000141299 0.00561483 0)
(0.000994495 0.00502257 0)
(0.00217734 0.00400046 0)
(0.00361936 0.00328955 0)
(0.00502373 0.00272359 0)
(0.00646535 0.00226328 0)
(0.00787432 0.00187971 0)
(0.00926864 0.00154543 0)
(0.0106358 0.00125046 0)
(0.0119816 0.000983933 0)
(0.0133062 0.000740445 0)
(0.0146129 0.000514839 0)
(0.0159039 0.000303773 0)
(0.0171817 0.000104319 0)
(0.0184485 -8.57081e-05 0)
(0.0197064 -0.000268171 0)
(0.0209572 -0.000444572 0)
(0.0222026 -0.000616197 0)
(0.0234442 -0.000784134 0)
(0.0246835 -0.000949331 0)
(0.0259217 -0.00111262 0)
(0.0271603 -0.00127473 0)
(0.0284002 -0.00143632 0)
(0.0296428 -0.00159799 0)
(0.0308889 -0.00176025 0)
(0.0321396 -0.00192358 0)
(0.0333956 -0.0020884 0)
(0.0346578 -0.00225509 0)
(0.035927 -0.00242396 0)
(0.0372036 -0.00259529 0)
(0.0384883 -0.00276929 0)
(0.0397815 -0.00294611 0)
(0.0410836 -0.00312586 0)
(0.0423946 -0.00330858 0)
(0.0437148 -0.00349421 0)
(0.0450441 -0.00368266 0)
(0.0463824 -0.00387375 0)
(0.0477293 -0.0040672 0)
(0.0490845 -0.00426266 0)
(0.0504472 -0.00445971 0)
(0.0518169 -0.00465781 0)
(0.0531926 -0.00485637 0)
(0.0545731 -0.00505468 0)
(0.0559574 -0.00525196 0)
(0.057344 -0.00544734 0)
(0.0587313 -0.00563989 0)
(0.0601176 -0.0058286 0)
(0.0615011 -0.00601237 0)
(0.0628796 -0.00619008 0)
(0.064251 -0.00636056 0)
(0.065613 -0.00652259 0)
(0.066963 -0.00667495 0)
(0.0682984 -0.00681639 0)
(0.0696167 -0.0069457 0)
(0.070915 -0.00706168 0)
(0.0721904 -0.00716316 0)
(0.0734402 -0.00724907 0)
(0.0746613 -0.00731838 0)
(0.075851 -0.00737018 0)
(0.0770065 -0.00740366 0)
(0.0781248 -0.00741815 0)
(0.0792035 -0.00741312 0)
(0.0802401 -0.00738821 0)
(0.0812322 -0.00734321 0)
(0.0821777 -0.00727811 0)
(0.0830747 -0.00719307 0)
(0.0839218 -0.00708844 0)
(0.0847175 -0.00696478 0)
(0.0854608 -0.00682279 0)
(0.0861512 -0.00666339 0)
(0.0867882 -0.00648763 0)
(0.0873719 -0.00629672 0)
(0.0879026 -0.00609202 0)
(0.0883808 -0.00587498 0)
(0.0888076 -0.00564714 0)
(0.0891842 -0.00541011 0)
(0.0895119 -0.00516555 0)
(0.0897927 -0.00491513 0)
(0.0900282 -0.0046605 0)
(0.0902207 -0.00440331 0)
(0.0903722 -0.00414514 0)
(0.090485 -0.00388751 0)
(0.0905614 -0.00363184 0)
(0.0906039 -0.00337947 0)
(0.0906147 -0.00313162 0)
(0.0905962 -0.0028894 0)
(0.0905507 -0.0026538 0)
(0.0904803 -0.00242567 0)
(0.0903873 -0.00220574 0)
(0.0902737 -0.00199464 0)
(0.0901415 -0.00179285 0)
(0.0899924 -0.00160075 0)
(0.0898282 -0.0014186 0)
(0.0896506 -0.00124658 0)
(0.0894611 -0.00108477 0)
(0.0892611 -0.000933154 0)
(0.0890519 -0.000791649 0)
(0.0888346 -0.000660105 0)
(0.0886105 -0.000538313 0)
(0.0883806 -0.000426012 0)
(0.0881458 -0.000322899 0)
(0.087907 -0.000228635 0)
(0.0876649 -0.000142855 0)
(0.0874204 -6.5169e-05 0)
(0.087174 4.82833e-06 0)
(0.0869264 6.75528e-05 0)
(0.0866782 0.000123427 0)
(0.0864297 0.000172874 0)
(0.0861816 0.000216317 0)
(0.0859342 0.000254173 0)
(0.0856879 0.000286851 0)
(0.085443 0.00031475 0)
(0.0851998 0.000338257 0)
(0.0849586 0.000357745 0)
(0.0847196 0.000373571 0)
(0.0844831 0.000386076 0)
(0.0842493 0.000395584 0)
(0.0840182 0.000402403 0)
(0.0837901 0.000406821 0)
(0.0835651 0.00040911 0)
(0.0833432 0.000409522 0)
(0.0831246 0.000408294 0)
(0.0829093 0.000405644 0)
(0.0826974 0.000401774 0)
(0.0824889 0.000396869 0)
(0.0822839 0.0003911 0)
(0.0820823 0.00038462 0)
(0.0818842 0.000377571 0)
(0.0816895 0.000370079 0)
(0.0814984 0.000362259 0)
(0.0813106 0.000354211 0)
(0.0811263 0.000346027 0)
(0.0809453 0.000337786 0)
(0.0807676 0.000329557 0)
(0.0805933 0.000321403 0)
(0.0804222 0.000313375 0)
(0.0802542 0.000305517 0)
(0.0800895 0.000297867 0)
(0.0799278 0.000290456 0)
(0.0797691 0.000283309 0)
(0.0796134 0.000276445 0)
(0.0794606 0.000269879 0)
(0.0793106 0.000263621 0)
(0.0791635 0.000257678 0)
(0.079019 0.000252054 0)
(0.0788772 0.000246748 0)
(0.078738 0.000241758 0)
(0.0786014 0.000237079 0)
(0.0784672 0.000232705 0)
(0.0783354 0.000228626 0)
(0.078206 0.000224834 0)
(0.0780789 0.000221317 0)
(0.0779541 0.000218063 0)
(0.0778314 0.000215059 0)
(0.0777109 0.000212293 0)
(0.0775924 0.000209749 0)
(0.077476 0.000207415 0)
(0.0773616 0.000205275 0)
(0.0772491 0.000203315 0)
(0.0771385 0.000201521 0)
(0.0770297 0.000199878 0)
(0.0769227 0.000198373 0)
(0.0768175 0.00019699 0)
(0.076714 0.000195718 0)
(0.0766122 0.000194541 0)
(0.076512 0.000193447 0)
(0.0764134 0.000192424 0)
(0.0763164 0.00019146 0)
(0.076221 0.000190542 0)
(0.076127 0.00018966 0)
(0.0760345 0.000188803 0)
(0.0759434 0.000187961 0)
(0.0758537 0.000187124 0)
(0.0757655 0.000186283 0)
(0.0756785 0.000185431 0)
(0.075593 0.00018456 0)
(0.0755087 0.000183662 0)
(0.0754257 0.000182733 0)
(0.075344 0.000181767 0)
(0.0752635 0.000180759 0)
(0.0751843 0.000179707 0)
(0.0751062 0.000178609 0)
(0.0750294 0.000177464 0)
(0.0749538 0.000176273 0)
(0.0748793 0.000175037 0)
(0.0748059 0.000173763 0)
(0.0747338 0.000172457 0)
(0.0746627 0.000171128 0)
(0.0745929 0.000169791 0)
(0.0745242 0.000168463 0)
(0.0744566 0.000167169 0)
(0.0743903 0.000165939 0)
(0.0743253 0.000164815 0)
(0.0742618 0.000163857 0)
(0.0741998 0.000163135 0)
(0.0741396 0.000162772 0)
(0.0740818 0.000162883 0)
(0.074027 0.000164709 0)
(0.0739788 0.000164689 0)
(0.00500183 0.00204417 0)
(0.00750217 0.00308221 0)
(0.0124145 0.00263025 0)
(0.0156564 0.0020168 0)
(0.0187347 0.0013965 0)
(0.0213761 0.000898558 0)
(0.0237927 0.000485286 0)
(0.0260164 0.000146887 0)
(0.0280988 -0.000141481 0)
(0.0300662 -0.000392547 0)
(0.0319406 -0.00061755 0)
(0.0337372 -0.000823202 0)
(0.0354679 -0.00101457 0)
(0.0371419 -0.00119504 0)
(0.0387667 -0.0013672 0)
(0.0403484 -0.00153295 0)
(0.041892 -0.00169382 0)
(0.0434018 -0.00185104 0)
(0.0448815 -0.00200565 0)
(0.0463341 -0.00215853 0)
(0.0477627 -0.00231044 0)
(0.0491696 -0.00246207 0)
(0.050557 -0.00261401 0)
(0.0519269 -0.00276679 0)
(0.0532811 -0.0029209 0)
(0.0546212 -0.00307676 0)
(0.0559486 -0.00323475 0)
(0.0572647 -0.00339518 0)
(0.0585705 -0.00355835 0)
(0.0598671 -0.00372448 0)
(0.0611553 -0.00389374 0)
(0.0624358 -0.00406626 0)
(0.0637093 -0.00424209 0)
(0.0649761 -0.00442125 0)
(0.0662365 -0.00460365 0)
(0.0674907 -0.00478915 0)
(0.0687388 -0.00497754 0)
(0.0699805 -0.00516852 0)
(0.0712156 -0.0053617 0)
(0.0724435 -0.00555662 0)
(0.0736637 -0.00575271 0)
(0.0748755 -0.00594932 0)
(0.0760777 -0.0061457 0)
(0.0772694 -0.00634101 0)
(0.0784491 -0.00653434 0)
(0.0796156 -0.00672467 0)
(0.0807672 -0.0069109 0)
(0.081902 -0.00709188 0)
(0.0830183 -0.00726637 0)
(0.0841139 -0.0074331 0)
(0.0851866 -0.00759075 0)
(0.0862343 -0.00773795 0)
(0.0872545 -0.00787334 0)
(0.0882448 -0.00799558 0)
(0.0892026 -0.00810332 0)
(0.0901255 -0.00819528 0)
(0.091011 -0.00827021 0)
(0.0918565 -0.00832699 0)
(0.0926597 -0.00836457 0)
(0.0934182 -0.00838204 0)
(0.09413 -0.00837863 0)
(0.0947931 -0.00835374 0)
(0.0954058 -0.00830696 0)
(0.0959666 -0.00823806 0)
(0.0964743 -0.00814702 0)
(0.0969282 -0.00803405 0)
(0.0973277 -0.00789957 0)
(0.0976727 -0.00774422 0)
(0.0979636 -0.00756885 0)
(0.0982008 -0.00737451 0)
(0.0983856 -0.00716247 0)
(0.0985193 -0.00693413 0)
(0.0986037 -0.00669105 0)
(0.0986408 -0.00643495 0)
(0.098633 -0.00616759 0)
(0.0985829 -0.00589084 0)
(0.0984933 -0.00560659 0)
(0.0983671 -0.00531675 0)
(0.0982075 -0.00502319 0)
(0.0980174 -0.00472775 0)
(0.0978001 -0.0044322 0)
(0.0975586 -0.00413822 0)
(0.0972958 -0.00384738 0)
(0.0970147 -0.00356112 0)
(0.0967179 -0.00328076 0)
(0.0964082 -0.00300746 0)
(0.0960879 -0.00274227 0)
(0.0957591 -0.00248607 0)
(0.095424 -0.0022396 0)
(0.0950843 -0.00200348 0)
(0.0947417 -0.00177817 0)
(0.0943975 -0.00156403 0)
(0.0940531 -0.00136129 0)
(0.0937094 -0.00117008 0)
(0.0933675 -0.000990427 0)
(0.093028 -0.00082228 0)
(0.0926916 -0.000665502 0)
(0.0923589 -0.000519891 0)
(0.0920301 -0.000385185 0)
(0.0917058 -0.000261073 0)
(0.0913861 -0.000147202 0)
(0.0910711 -4.31864e-05 0)
(0.0907611 5.13891e-05 0)
(0.090456 0.000136959 0)
(0.090156 0.000213972 0)
(0.0898609 0.000282888 0)
(0.0895709 0.000344171 0)
(0.0892859 0.000398285 0)
(0.0890058 0.000445692 0)
(0.0887305 0.000486847 0)
(0.08846 0.000522198 0)
(0.0881942 0.000552179 0)
(0.087933 0.000577213 0)
(0.0876764 0.000597709 0)
(0.0874243 0.000614056 0)
(0.0871765 0.000626631 0)
(0.0869331 0.00063579 0)
(0.086694 0.000641871 0)
(0.086459 0.000645194 0)
(0.0862282 0.00064606 0)
(0.0860014 0.000644751 0)
(0.0857786 0.000641531 0)
(0.0855597 0.000636645 0)
(0.0853447 0.00063032 0)
(0.0851335 0.000622767 0)
(0.084926 0.000614178 0)
(0.0847223 0.000604729 0)
(0.0845222 0.000594583 0)
(0.0843257 0.000583885 0)
(0.0841327 0.000572768 0)
(0.0839433 0.00056135 0)
(0.0837572 0.000549738 0)
(0.0835746 0.000538026 0)
(0.0833953 0.000526297 0)
(0.0832192 0.000514625 0)
(0.0830465 0.000503074 0)
(0.0828768 0.000491696 0)
(0.0827104 0.000480541 0)
(0.082547 0.000469646 0)
(0.0823866 0.000459044 0)
(0.0822292 0.00044876 0)
(0.0820748 0.000438816 0)
(0.0819232 0.000429228 0)
(0.0817745 0.000420005 0)
(0.0816285 0.000411155 0)
(0.0814853 0.00040268 0)
(0.0813447 0.000394582 0)
(0.0812068 0.000386857 0)
(0.0810715 0.000379501 0)
(0.0809387 0.000372506 0)
(0.0808084 0.000365862 0)
(0.0806806 0.00035956 0)
(0.0805551 0.000353588 0)
(0.080432 0.000347932 0)
(0.0803112 0.00034258 0)
(0.0801927 0.000337516 0)
(0.0800763 0.000332726 0)
(0.0799622 0.000328195 0)
(0.0798501 0.000323907 0)
(0.0797402 0.000319847 0)
(0.0796323 0.000315999 0)
(0.0795264 0.000312347 0)
(0.0794225 0.000308877 0)
(0.0793204 0.000305573 0)
(0.0792203 0.00030242 0)
(0.079122 0.000299405 0)
(0.0790256 0.000296512 0)
(0.0789309 0.000293728 0)
(0.0788379 0.000291039 0)
(0.0787466 0.000288434 0)
(0.078657 0.000285899 0)
(0.078569 0.000283423 0)
(0.0784827 0.000280995 0)
(0.0783979 0.000278604 0)
(0.0783146 0.00027624 0)
(0.0782328 0.000273894 0)
(0.0781525 0.000271558 0)
(0.0780737 0.000269222 0)
(0.0779963 0.000266882 0)
(0.0779202 0.000264529 0)
(0.0778456 0.000262159 0)
(0.0777723 0.000259767 0)
(0.0777002 0.000257351 0)
(0.0776295 0.000254907 0)
(0.0775601 0.000252435 0)
(0.0774919 0.000249935 0)
(0.0774249 0.000247409 0)
(0.0773592 0.00024486 0)
(0.0772947 0.000242291 0)
(0.0772313 0.00023971 0)
(0.0771692 0.000237123 0)
(0.0771084 0.000234539 0)
(0.0770488 0.000231964 0)
(0.0769905 0.000229404 0)
(0.0769337 0.000226857 0)
(0.0768785 0.000224307 0)
(0.0768252 0.000221733 0)
(0.0767743 0.000219042 0)
(0.0767267 0.000216819 0)
(0.0766868 0.000207709 0)
(0.0344491 -1.69687e-06 0)
(0.034603 -0.000145531 0)
(0.0349198 -0.000262845 0)
(0.0353517 -0.000325044 0)
(0.0358458 -0.000363082 0)
(0.0364835 -0.000437446 0)
(0.037141 -0.000316332 0)
(0.0378175 -0.000769387 0)
(0.0908647 -5.3697e-06 0)
(0.0906414 -0.000125882 0)
(0.0905741 -0.000288178 0)
(0.0906079 -0.000453121 0)
(0.0907514 -0.000630626 0)
(0.0909796 -0.000806898 0)
(0.0913225 -0.00100089 0)
(0.0921932 -0.00166355 0)
(0.128437 -9.14317e-06 0)
(0.128259 -8.92241e-05 0)
(0.128172 -0.000212131 0)
(0.128132 -0.000368605 0)
(0.12812 -0.00055096 0)
(0.128137 -0.000762808 0)
(0.128224 -0.00108821 0)
(0.12822 -0.00150508 0)
(0.147212 -1.30692e-05 0)
(0.147034 -9.98365e-05 0)
(0.146936 -0.000213405 0)
(0.146873 -0.000354086 0)
(0.146821 -0.000525222 0)
(0.146778 -0.000744757 0)
(0.146719 -0.00101137 0)
(0.146652 -0.00136416 0)
(0.147217 -1.8367e-05 0)
(0.147038 -0.000107481 0)
(0.146928 -0.000205915 0)
(0.146841 -0.00032376 0)
(0.146751 -0.000471886 0)
(0.146638 -0.000656569 0)
(0.146491 -0.000893086 0)
(0.146286 -0.00118188 0)
(0.12845 -2.61063e-05 0)
(0.128254 -0.000123578 0)
(0.128113 -0.000208884 0)
(0.127976 -0.00030201 0)
(0.127816 -0.000418023 0)
(0.127617 -0.000568086 0)
(0.127364 -0.000755625 0)
(0.127038 -0.000980019 0)
(0.0908857 -4.00762e-05 0)
(0.0906068 -0.000102216 0)
(0.0903893 -0.000132623 0)
(0.090172 -0.000173761 0)
(0.0899278 -0.000244172 0)
(0.0896332 -0.000347777 0)
(0.0892664 -0.000481599 0)
(0.0888045 -0.000636975 0)
(0.0344545 -4.61385e-05 0)
(0.0343728 -2.45761e-05 0)
(0.0343218 7.64832e-06 0)
(0.0342692 6.58797e-06 0)
(0.0341574 -2.60546e-05 0)
(0.0339585 -7.80895e-05 0)
(0.0336575 -0.000136663 0)
(0.0332494 -0.000191205 0)
(0.0404847 -0.00349316 0)
(0.0433935 -0.00318691 0)
(0.0460323 -0.00287005 0)
(0.0485953 -0.00256199 0)
(0.0509454 -0.00241138 0)
(0.0531336 -0.00235565 0)
(0.0551817 -0.00236555 0)
(0.0571149 -0.00241308 0)
(0.0589523 -0.00248291 0)
(0.0607076 -0.0025656 0)
(0.0623913 -0.00265608 0)
(0.0640116 -0.00275145 0)
(0.0655746 -0.00285017 0)
(0.0670855 -0.00295137 0)
(0.0685487 -0.00305465 0)
(0.0699678 -0.00315984 0)
(0.0713462 -0.00326691 0)
(0.0726867 -0.00337594 0)
(0.0739918 -0.0034871 0)
(0.0752639 -0.00360056 0)
(0.0765051 -0.00371653 0)
(0.0777172 -0.00383524 0)
(0.078902 -0.00395691 0)
(0.0800611 -0.00408176 0)
(0.0811958 -0.00421001 0)
(0.0823073 -0.00434184 0)
(0.0833969 -0.00447742 0)
(0.0844654 -0.00461689 0)
(0.0855138 -0.00476036 0)
(0.0865428 -0.00490791 0)
(0.0875529 -0.00505955 0)
(0.0885446 -0.00521527 0)
(0.0895182 -0.00537498 0)
(0.090474 -0.00553856 0)
(0.0914118 -0.00570579 0)
(0.0923317 -0.00587641 0)
(0.0932334 -0.00605006 0)
(0.0941165 -0.00622631 0)
(0.0949805 -0.00640464 0)
(0.0958245 -0.00658444 0)
(0.0966479 -0.00676501 0)
(0.0974496 -0.00694555 0)
(0.0982284 -0.00712517 0)
(0.0989831 -0.0073029 0)
(0.0997121 -0.00747764 0)
(0.100414 -0.00764825 0)
(0.101087 -0.00781348 0)
(0.101729 -0.00797202 0)
(0.102338 -0.00812251 0)
(0.102913 -0.00826352 0)
(0.103451 -0.00839361 0)
(0.10395 -0.0085113 0)
(0.104408 -0.00861515 0)
(0.104822 -0.00870371 0)
(0.105191 -0.00877559 0)
(0.105513 -0.00882947 0)
(0.105785 -0.00886413 0)
(0.106007 -0.00887846 0)
(0.106176 -0.0088715 0)
(0.106291 -0.00884245 0)
(0.106352 -0.00879071 0)
(0.106357 -0.00871589 0)
(0.106308 -0.00861782 0)
(0.106203 -0.00849656 0)
(0.106043 -0.00835245 0)
(0.10583 -0.00818603 0)
(0.105566 -0.00799814 0)
(0.105251 -0.00778983 0)
(0.10489 -0.00756237 0)
(0.104484 -0.00731725 0)
(0.104037 -0.00705614 0)
(0.103552 -0.00678084 0)
(0.103033 -0.00649329 0)
(0.102485 -0.00619551 0)
(0.101912 -0.00588958 0)
(0.101318 -0.00557756 0)
(0.100706 -0.00526152 0)
(0.100082 -0.00494348 0)
(0.0994495 -0.00462536 0)
(0.0988121 -0.004309 0)
(0.0981737 -0.0039961 0)
(0.0975376 -0.00368822 0)
(0.0969068 -0.00338677 0)
(0.0962842 -0.003093 0)
(0.0956722 -0.00280801 0)
(0.0950727 -0.00253273 0)
(0.0944877 -0.00226793 0)
(0.0939184 -0.00201424 0)
(0.0933661 -0.00177212 0)
(0.0928315 -0.00154193 0)
(0.0923152 -0.00132389 0)
(0.0918176 -0.00111811 0)
(0.0913387 -0.000924612 0)
(0.0908784 -0.000743307 0)
(0.0904366 -0.000574045 0)
(0.0900128 -0.000416605 0)
(0.0896066 -0.000270708 0)
(0.0892174 -0.000136026 0)
(0.0888445 -1.21933e-05 0)
(0.0884872 0.00010119 0)
(0.0881449 0.000204549 0)
(0.0878167 0.000298327 0)
(0.087502 0.000382982 0)
(0.0871998 0.000458981 0)
(0.0869096 0.000526793 0)
(0.0866305 0.00058689 0)
(0.0863619 0.000639742 0)
(0.0861031 0.000685811 0)
(0.0858534 0.000725553 0)
(0.0856123 0.000759412 0)
(0.0853791 0.000787821 0)
(0.0851534 0.000811201 0)
(0.0849346 0.000829956 0)
(0.0847223 0.000844475 0)
(0.084516 0.000855129 0)
(0.0843154 0.000862276 0)
(0.0841201 0.000866252 0)
(0.0839298 0.000867378 0)
(0.0837441 0.000865955 0)
(0.0835628 0.000862267 0)
(0.0833857 0.00085658 0)
(0.0832125 0.000849144 0)
(0.0830431 0.000840189 0)
(0.0828772 0.00082993 0)
(0.0827147 0.000818565 0)
(0.0825555 0.000806277 0)
(0.0823995 0.000793233 0)
(0.0822464 0.000779585 0)
(0.0820963 0.000765472 0)
(0.081949 0.000751019 0)
(0.0818044 0.000736338 0)
(0.0816626 0.000721532 0)
(0.0815233 0.000706689 0)
(0.0813866 0.000691889 0)
(0.0812524 0.000677201 0)
(0.0811207 0.000662686 0)
(0.0809914 0.000648395 0)
(0.0808644 0.000634374 0)
(0.0807398 0.000620659 0)
(0.0806175 0.000607282 0)
(0.0804975 0.000594266 0)
(0.0803797 0.000581631 0)
(0.0802641 0.000569392 0)
(0.0801507 0.000557559 0)
(0.0800395 0.000546138 0)
(0.0799305 0.000535132 0)
(0.0798235 0.00052454 0)
(0.0797186 0.00051436 0)
(0.0796158 0.000504586 0)
(0.079515 0.00049521 0)
(0.0794162 0.000486224 0)
(0.0793194 0.000477617 0)
(0.0792246 0.000469376 0)
(0.0791316 0.000461488 0)
(0.0790406 0.000453941 0)
(0.0789515 0.000446719 0)
(0.0788642 0.000439807 0)
(0.0787788 0.00043319 0)
(0.0786951 0.000426853 0)
(0.0786132 0.000420779 0)
(0.0785331 0.000414954 0)
(0.0784547 0.00040936 0)
(0.0783779 0.000403983 0)
(0.0783028 0.000398808 0)
(0.0782293 0.000393818 0)
(0.0781575 0.000389001 0)
(0.0780872 0.00038434 0)
(0.0780184 0.000379822 0)
(0.0779512 0.000375433 0)
(0.0778854 0.000371161 0)
(0.0778211 0.000366992 0)
(0.0777582 0.000362915 0)
(0.0776967 0.000358917 0)
(0.0776366 0.000354988 0)
(0.0775778 0.000351117 0)
(0.0775203 0.000347295 0)
(0.0774641 0.000343512 0)
(0.0774091 0.00033976 0)
(0.0773554 0.000336032 0)
(0.0773029 0.00033232 0)
(0.0772515 0.000328618 0)
(0.0772013 0.000324921 0)
(0.0771522 0.000321224 0)
(0.0771042 0.000317525 0)
(0.0770573 0.000313819 0)
(0.0770115 0.000310107 0)
(0.0769666 0.000306385 0)
(0.0769228 0.000302655 0)
(0.07688 0.000298914 0)
(0.0768382 0.000295163 0)
(0.0767974 0.000291397 0)
(0.0767575 0.000287611 0)
(0.0767188 0.000283789 0)
(0.0766811 0.000279904 0)
(0.0766446 0.000275905 0)
(0.0766094 0.000271691 0)
(0.0765757 0.000267123 0)
(0.0765439 0.000261871 0)
(0.0765147 0.000256152 0)
(0.0764919 0.000239198 0)
(0.0928223 -0.00216792 0)
(0.0928799 -0.00264129 0)
(0.0931816 -0.0029087 0)
(0.0936428 -0.00309054 0)
(0.0942588 -0.00322932 0)
(0.0949691 -0.00334986 0)
(0.0957408 -0.00346062 0)
(0.0965484 -0.00356447 0)
(0.0973757 -0.00366248 0)
(0.0982113 -0.00375536 0)
(0.0990472 -0.00384391 0)
(0.0998777 -0.00392905 0)
(0.100698 -0.00401175 0)
(0.101506 -0.00409291 0)
(0.102298 -0.00417338 0)
(0.103074 -0.00425392 0)
(0.10383 -0.0043352 0)
(0.104567 -0.00441781 0)
(0.105284 -0.00450227 0)
(0.10598 -0.00458901 0)
(0.106655 -0.00467846 0)
(0.107309 -0.00477095 0)
(0.107941 -0.0048668 0)
(0.108552 -0.00496628 0)
(0.109141 -0.0050696 0)
(0.109708 -0.00517697 0)
(0.110254 -0.00528852 0)
(0.110778 -0.00540436 0)
(0.11128 -0.00552455 0)
(0.11176 -0.0056491 0)
(0.112217 -0.00577798 0)
(0.112652 -0.00591108 0)
(0.113064 -0.00604825 0)
(0.113451 -0.00618926 0)
(0.113815 -0.00633382 0)
(0.114154 -0.00648155 0)
(0.114466 -0.006632 0)
(0.114752 -0.00678462 0)
(0.11501 -0.00693878 0)
(0.115239 -0.00709375 0)
(0.115438 -0.00724872 0)
(0.115605 -0.00740275 0)
(0.115739 -0.00755483 0)
(0.115838 -0.00770385 0)
(0.1159 -0.00784861 0)
(0.115925 -0.00798783 0)
(0.115909 -0.00812016 0)
(0.115851 -0.00824416 0)
(0.115749 -0.00835838 0)
(0.115602 -0.00846132 0)
(0.115407 -0.00855146 0)
(0.115163 -0.00862731 0)
(0.114868 -0.00868738 0)
(0.11452 -0.00873028 0)
(0.11412 -0.00875467 0)
(0.113664 -0.00875934 0)
(0.113154 -0.00874322 0)
(0.112588 -0.0087054 0)
(0.111967 -0.00864517 0)
(0.111292 -0.00856205 0)
(0.110563 -0.00845579 0)
(0.109782 -0.00832641 0)
(0.108951 -0.00817417 0)
(0.108074 -0.00799964 0)
(0.107153 -0.00780365 0)
(0.106192 -0.00758729 0)
(0.105196 -0.00735191 0)
(0.104169 -0.00709907 0)
(0.103117 -0.00683054 0)
(0.102043 -0.00654825 0)
(0.100956 -0.00625425 0)
(0.0998586 -0.00595069 0)
(0.0987581 -0.00563973 0)
(0.0976597 -0.00532355 0)
(0.0965689 -0.00500431 0)
(0.0954907 -0.00468407 0)
(0.0944299 -0.00436479 0)
(0.0933911 -0.0040483 0)
(0.0923781 -0.00373629 0)
(0.0913943 -0.00343027 0)
(0.0904429 -0.00313158 0)
(0.0895263 -0.0028414 0)
(0.0886463 -0.0025607 0)
(0.0878046 -0.00229031 0)
(0.087002 -0.00203088 0)
(0.0862391 -0.00178291 0)
(0.0855162 -0.00154675 0)
(0.0848329 -0.00132263 0)
(0.0841888 -0.00111067 0)
(0.0835831 -0.000910878 0)
(0.0830148 -0.000723184 0)
(0.0824826 -0.000547434 0)
(0.0819851 -0.000383415 0)
(0.0815209 -0.000230855 0)
(0.0810884 -8.94427e-05 0)
(0.0806859 4.1172e-05 0)
(0.0803117 0.000161367 0)
(0.0799642 0.000271541 0)
(0.0796416 0.000372111 0)
(0.0793424 0.000463504 0)
(0.0790649 0.000546154 0)
(0.0788074 0.0006205 0)
(0.0785686 0.00068698 0)
(0.078347 0.000746031 0)
(0.0781411 0.000798084 0)
(0.0779497 0.000843565 0)
(0.0777716 0.000882893 0)
(0.0776056 0.000916474 0)
(0.0774506 0.000944708 0)
(0.0773056 0.000967979 0)
(0.0771696 0.000986662 0)
(0.0770419 0.00100112 0)
(0.0769217 0.00101169 0)
(0.0768081 0.00101871 0)
(0.0767005 0.0010225 0)
(0.0765984 0.00102336 0)
(0.0765012 0.00102157 0)
(0.0764084 0.00101742 0)
(0.0763195 0.00101115 0)
(0.0762342 0.001003 0)
(0.0761521 0.000993217 0)
(0.0760729 0.000981995 0)
(0.0759962 0.000969538 0)
(0.0759219 0.000956028 0)
(0.0758498 0.000941635 0)
(0.0757796 0.000926516 0)
(0.0757112 0.000910814 0)
(0.0756444 0.000894659 0)
(0.0755791 0.000878173 0)
(0.0755153 0.000861462 0)
(0.0754527 0.000844623 0)
(0.0753915 0.000827745 0)
(0.0753314 0.000810905 0)
(0.0752725 0.000794171 0)
(0.0752146 0.000777603 0)
(0.0751579 0.000761255 0)
(0.0751022 0.00074517 0)
(0.0750475 0.000729388 0)
(0.0749939 0.000713941 0)
(0.0749413 0.000698855 0)
(0.0748897 0.000684151 0)
(0.0748391 0.000669846 0)
(0.0747894 0.000655953 0)
(0.0747408 0.000642478 0)
(0.0746933 0.000629428 0)
(0.0746467 0.000616804 0)
(0.0746011 0.000604606 0)
(0.0745566 0.000592829 0)
(0.074513 0.000581468 0)
(0.0744705 0.000570515 0)
(0.0744291 0.000559963 0)
(0.0743886 0.0005498 0)
(0.0743492 0.000540016 0)
(0.0743108 0.000530597 0)
(0.0742735 0.00052153 0)
(0.0742372 0.000512803 0)
(0.0742019 0.000504399 0)
(0.0741676 0.000496306 0)
(0.0741344 0.000488508 0)
(0.0741021 0.00048099 0)
(0.0740709 0.000473737 0)
(0.0740406 0.000466734 0)
(0.0740114 0.000459967 0)
(0.0739831 0.00045342 0)
(0.0739557 0.00044708 0)
(0.0739293 0.000440931 0)
(0.0739039 0.000434962 0)
(0.0738794 0.000429156 0)
(0.0738557 0.000423503 0)
(0.073833 0.000417989 0)
(0.0738111 0.000412601 0)
(0.0737901 0.000407328 0)
(0.0737699 0.000402159 0)
(0.0737506 0.000397083 0)
(0.073732 0.000392089 0)
(0.0737143 0.000387169 0)
(0.0736972 0.000382312 0)
(0.0736809 0.000377512 0)
(0.0736654 0.000372759 0)
(0.0736505 0.000368047 0)
(0.0736363 0.00036337 0)
(0.0736228 0.000358721 0)
(0.0736099 0.000354096 0)
(0.0735976 0.000349491 0)
(0.0735859 0.000344901 0)
(0.0735748 0.000340323 0)
(0.0735643 0.000335754 0)
(0.0735543 0.00033119 0)
(0.0735449 0.000326626 0)
(0.0735359 0.000322055 0)
(0.0735275 0.000317468 0)
(0.0735197 0.000312844 0)
(0.0735124 0.000308156 0)
(0.0735057 0.000303351 0)
(0.0734995 0.00029835 0)
(0.0734941 0.000292994 0)
(0.0734894 0.000287081 0)
(0.0734857 0.0002801 0)
(0.0734832 0.000272632 0)
(0.0734841 0.000251152 0)
(0.128147 -0.00211772 0)
(0.128094 -0.00261532 0)
(0.128023 -0.00298509 0)
(0.127999 -0.00325687 0)
(0.128024 -0.00346738 0)
(0.128093 -0.00363932 0)
(0.128196 -0.00378573 0)
(0.128323 -0.00391389 0)
(0.128464 -0.00402801 0)
(0.128614 -0.00413091 0)
(0.128766 -0.00422468 0)
(0.128916 -0.00431106 0)
(0.129061 -0.0043916 0)
(0.129197 -0.00446764 0)
(0.129322 -0.00454041 0)
(0.129434 -0.00461099 0)
(0.129532 -0.00468036 0)
(0.129613 -0.00474937 0)
(0.129676 -0.00481877 0)
(0.129721 -0.00488922 0)
(0.129747 -0.00496131 0)
(0.129752 -0.00503553 0)
(0.129736 -0.00511231 0)
(0.129698 -0.00519202 0)
(0.129638 -0.00527496 0)
(0.129555 -0.00536136 0)
(0.129448 -0.0054514 0)
(0.129317 -0.00554521 0)
(0.129161 -0.00564283 0)
(0.128979 -0.00574426 0)
(0.12877 -0.00584944 0)
(0.128534 -0.00595822 0)
(0.12827 -0.00607041 0)
(0.127976 -0.00618571 0)
(0.127651 -0.00630376 0)
(0.127295 -0.00642411 0)
(0.126906 -0.00654623 0)
(0.126482 -0.00666949 0)
(0.126022 -0.00679318 0)
(0.125525 -0.00691646 0)
(0.124989 -0.00703842 0)
(0.124413 -0.00715806 0)
(0.123795 -0.00727427 0)
(0.123133 -0.00738586 0)
(0.122425 -0.00749155 0)
(0.12167 -0.00759001 0)
(0.120867 -0.00767983 0)
(0.120014 -0.00775957 0)
(0.11911 -0.00782778 0)
(0.118153 -0.00788299 0)
(0.117142 -0.00792375 0)
(0.116078 -0.0079487 0)
(0.11496 -0.00795652 0)
(0.113788 -0.00794602 0)
(0.112563 -0.00791614 0)
(0.111286 -0.00786602 0)
(0.109958 -0.00779498 0)
(0.108582 -0.00770257 0)
(0.107161 -0.0075886 0)
(0.105698 -0.00745315 0)
(0.104197 -0.00729658 0)
(0.102664 -0.00711952 0)
(0.101102 -0.00692291 0)
(0.0995196 -0.00670794 0)
(0.0979214 -0.00647605 0)
(0.0963145 -0.00622892 0)
(0.0947057 -0.0059684 0)
(0.0931021 -0.00569648 0)
(0.0915108 -0.00541526 0)
(0.0899387 -0.00512688 0)
(0.0883926 -0.00483351 0)
(0.0868787 -0.00453726 0)
(0.085403 -0.00424018 0)
(0.083971 -0.0039442 0)
(0.0825873 -0.00365109 0)
(0.0812561 -0.00336248 0)
(0.0799807 -0.00307981 0)
(0.0787639 -0.00280434 0)
(0.0776076 -0.00253712 0)
(0.0765133 -0.00227903 0)
(0.0754816 -0.00203077 0)
(0.0745126 -0.00179286 0)
(0.0736058 -0.00156569 0)
(0.0727605 -0.0013495 0)
(0.0719753 -0.0011444 0)
(0.0712484 -0.000950435 0)
(0.0705781 -0.000767523 0)
(0.069962 -0.00059553 0)
(0.069398 -0.000434258 0)
(0.0688834 -0.000283463 0)
(0.0684157 -0.000142865 0)
(0.0679924 -1.21533e-05 0)
(0.0676107 0.000109001 0)
(0.0672682 0.000220944 0)
(0.0669622 0.000324031 0)
(0.0666901 0.000418623 0)
(0.0664497 0.000505086 0)
(0.0662384 0.000583786 0)
(0.0660541 0.000655087 0)
(0.0658945 0.000719351 0)
(0.0657576 0.000776937 0)
(0.0656415 0.000828197 0)
(0.0655442 0.000873478 0)
(0.0654641 0.000913122 0)
(0.0653995 0.000947462 0)
(0.0653489 0.000976826 0)
(0.0653108 0.00100153 0)
(0.065284 0.00102189 0)
(0.0652671 0.0010382 0)
(0.0652591 0.00105075 0)
(0.065259 0.00105984 0)
(0.0652657 0.00106572 0)
(0.0652784 0.00106867 0)
(0.0652962 0.00106893 0)
(0.0653186 0.00106675 0)
(0.0653447 0.00106236 0)
(0.065374 0.00105597 0)
(0.065406 0.00104781 0)
(0.0654402 0.00103805 0)
(0.0654761 0.0010269 0)
(0.0655134 0.00101452 0)
(0.0655518 0.00100108 0)
(0.0655909 0.000986735 0)
(0.0656305 0.000971629 0)
(0.0656704 0.000955894 0)
(0.0657104 0.000939653 0)
(0.0657503 0.000923018 0)
(0.06579 0.000906094 0)
(0.0658294 0.000888974 0)
(0.0658684 0.000871745 0)
(0.0659069 0.000854484 0)
(0.0659448 0.00083726 0)
(0.0659822 0.000820135 0)
(0.066019 0.000803164 0)
(0.0660551 0.000786394 0)
(0.0660907 0.000769869 0)
(0.0661255 0.000753623 0)
(0.0661598 0.000737688 0)
(0.0661934 0.000722089 0)
(0.0662265 0.000706847 0)
(0.066259 0.000691978 0)
(0.066291 0.000677496 0)
(0.0663224 0.00066341 0)
(0.0663534 0.000649725 0)
(0.0663839 0.000636446 0)
(0.066414 0.000623573 0)
(0.0664437 0.000611103 0)
(0.0664731 0.000599035 0)
(0.0665022 0.000587361 0)
(0.066531 0.000576076 0)
(0.0665596 0.000565171 0)
(0.0665879 0.000554637 0)
(0.066616 0.000544463 0)
(0.066644 0.000534638 0)
(0.0666719 0.00052515 0)
(0.0666996 0.000515987 0)
(0.0667273 0.000507136 0)
(0.0667549 0.000498584 0)
(0.0667824 0.000490318 0)
(0.06681 0.000482324 0)
(0.0668375 0.000474589 0)
(0.066865 0.000467099 0)
(0.0668925 0.000459842 0)
(0.0669201 0.000452803 0)
(0.0669477 0.000445971 0)
(0.0669753 0.000439332 0)
(0.067003 0.000432874 0)
(0.0670307 0.000426584 0)
(0.0670585 0.000420452 0)
(0.0670864 0.000414464 0)
(0.0671143 0.000408611 0)
(0.0671423 0.000402882 0)
(0.0671703 0.000397266 0)
(0.0671983 0.000391753 0)
(0.0672265 0.000386335 0)
(0.0672546 0.000381002 0)
(0.0672828 0.000375747 0)
(0.067311 0.000370561 0)
(0.0673392 0.000365437 0)
(0.0673674 0.000360369 0)
(0.0673957 0.00035535 0)
(0.0674239 0.000350376 0)
(0.067452 0.00034544 0)
(0.0674802 0.000340539 0)
(0.0675083 0.000335668 0)
(0.0675363 0.000330822 0)
(0.0675643 0.000325998 0)
(0.0675922 0.000321188 0)
(0.06762 0.000316386 0)
(0.0676477 0.000311582 0)
(0.0676753 0.000306759 0)
(0.0677029 0.000301894 0)
(0.0677303 0.000296951 0)
(0.0677576 0.000291869 0)
(0.0677849 0.000286571 0)
(0.067812 0.000280879 0)
(0.067839 0.000274628 0)
(0.0678657 0.000267089 0)
(0.0678922 0.000260208 0)
(0.0679192 0.000239183 0)
(0.146519 -0.00175756 0)
(0.146269 -0.00215768 0)
(0.145962 -0.00251761 0)
(0.145632 -0.00282644 0)
(0.145301 -0.00308825 0)
(0.144973 -0.00331061 0)
(0.144649 -0.00350036 0)
(0.144324 -0.00366296 0)
(0.143994 -0.00380279 0)
(0.143655 -0.00392348 0)
(0.143304 -0.00402814 0)
(0.142938 -0.00411951 0)
(0.142555 -0.00420001 0)
(0.142153 -0.00427175 0)
(0.141731 -0.00433664 0)
(0.141288 -0.00439633 0)
(0.140823 -0.00445226 0)
(0.140335 -0.0045057 0)
(0.139823 -0.00455773 0)
(0.139288 -0.0046093 0)
(0.138728 -0.0046612 0)
(0.138142 -0.00471412 0)
(0.137531 -0.0047686 0)
(0.136894 -0.00482512 0)
(0.136229 -0.00488404 0)
(0.135536 -0.00494563 0)
(0.134815 -0.00501009 0)
(0.134064 -0.00507753 0)
(0.133283 -0.00514799 0)
(0.132471 -0.00522143 0)
(0.131627 -0.00529774 0)
(0.130749 -0.00537671 0)
(0.129837 -0.00545809 0)
(0.128889 -0.00554152 0)
(0.127904 -0.00562656 0)
(0.126881 -0.00571269 0)
(0.125818 -0.0057993 0)
(0.124713 -0.00588569 0)
(0.123566 -0.00597106 0)
(0.122375 -0.00605455 0)
(0.121139 -0.00613519 0)
(0.119856 -0.00621193 0)
(0.118525 -0.00628365 0)
(0.117146 -0.00634915 0)
(0.115716 -0.00640722 0)
(0.114236 -0.00645656 0)
(0.112706 -0.00649588 0)
(0.111124 -0.0065239 0)
(0.109492 -0.00653936 0)
(0.10781 -0.00654104 0)
(0.10608 -0.00652784 0)
(0.104303 -0.00649873 0)
(0.102481 -0.00645287 0)
(0.100618 -0.00638958 0)
(0.0987177 -0.00630836 0)
(0.0967834 -0.00620898 0)
(0.0948207 -0.00609143 0)
(0.0928352 -0.00595597 0)
(0.0908331 -0.00580313 0)
(0.0888213 -0.00563372 0)
(0.0868072 -0.00544881 0)
(0.0847983 -0.0052497 0)
(0.0828026 -0.00503791 0)
(0.0808282 -0.00481516 0)
(0.0788831 -0.00458328 0)
(0.0769751 -0.00434422 0)
(0.0751117 -0.00409995 0)
(0.0733001 -0.00385243 0)
(0.0715465 -0.00360359 0)
(0.0698568 -0.00335523 0)
(0.0682358 -0.00310901 0)
(0.0666877 -0.00286645 0)
(0.0652158 -0.00262887 0)
(0.0638223 -0.00239739 0)
(0.0625088 -0.00217294 0)
(0.061276 -0.00195625 0)
(0.0601239 -0.00174788 0)
(0.0590517 -0.00154824 0)
(0.0580583 -0.00135757 0)
(0.0571418 -0.001176 0)
(0.0563 -0.00100357 0)
(0.0555304 -0.000840202 0)
(0.05483 -0.000685791 0)
(0.0541961 -0.00054016 0)
(0.0536253 -0.000403101 0)
(0.0531145 -0.000274377 0)
(0.0526603 -0.000153737 0)
(0.0522596 -4.09144e-05 0)
(0.051909 6.43595e-05 0)
(0.0516054 0.000162357 0)
(0.0513458 0.000253349 0)
(0.0511269 0.000337606 0)
(0.0509461 0.000415392 0)
(0.0508003 0.00048697 0)
(0.0506871 0.000552596 0)
(0.0506037 0.000612524 0)
(0.0505478 0.000667 0)
(0.0505171 0.00071627 0)
(0.0505093 0.000760572 0)
(0.0505223 0.000800143 0)
(0.0505543 0.000835215 0)
(0.0506033 0.000866016 0)
(0.0506677 0.00089277 0)
(0.0507458 0.000915699 0)
(0.0508361 0.000935019 0)
(0.0509373 0.000950943 0)
(0.0510479 0.000963682 0)
(0.0511668 0.000973439 0)
(0.0512929 0.000980415 0)
(0.0514251 0.000984805 0)
(0.0515624 0.0009868 0)
(0.0517041 0.000986584 0)
(0.0518492 0.000984337 0)
(0.0519971 0.000980231 0)
(0.0521471 0.000974435 0)
(0.0522986 0.000967107 0)
(0.052451 0.000958403 0)
(0.0526039 0.000948469 0)
(0.0527568 0.000937445 0)
(0.0529094 0.000925463 0)
(0.0530613 0.00091265 0)
(0.0532121 0.000899123 0)
(0.0533617 0.000884994 0)
(0.0535098 0.000870367 0)
(0.0536563 0.000855337 0)
(0.0538009 0.000839996 0)
(0.0539435 0.000824425 0)
(0.054084 0.000808701 0)
(0.0542224 0.000792894 0)
(0.0543585 0.000777065 0)
(0.0544924 0.000761274 0)
(0.0546239 0.000745571 0)
(0.0547531 0.000730002 0)
(0.0548799 0.000714608 0)
(0.0550044 0.000699424 0)
(0.0551266 0.000684481 0)
(0.0552466 0.000669807 0)
(0.0553642 0.000655422 0)
(0.0554797 0.000641348 0)
(0.055593 0.000627597 0)
(0.0557041 0.000614183 0)
(0.0558132 0.000601114 0)
(0.0559203 0.000588397 0)
(0.0560255 0.000576036 0)
(0.0561287 0.000564031 0)
(0.0562301 0.000552384 0)
(0.0563298 0.000541091 0)
(0.0564278 0.000530149 0)
(0.0565241 0.000519553 0)
(0.0566188 0.000509296 0)
(0.056712 0.000499372 0)
(0.0568037 0.000489772 0)
(0.056894 0.000480486 0)
(0.0569829 0.000471506 0)
(0.0570706 0.000462821 0)
(0.0571569 0.000454421 0)
(0.0572421 0.000446295 0)
(0.0573261 0.000438431 0)
(0.057409 0.000430819 0)
(0.0574908 0.000423447 0)
(0.0575715 0.000416304 0)
(0.0576513 0.000409378 0)
(0.0577301 0.000402659 0)
(0.0578079 0.000396135 0)
(0.0578849 0.000389795 0)
(0.057961 0.000383629 0)
(0.0580362 0.000377626 0)
(0.0581106 0.000371776 0)
(0.0581842 0.000366069 0)
(0.0582569 0.000360495 0)
(0.058329 0.000355046 0)
(0.0584002 0.000349711 0)
(0.0584708 0.000344483 0)
(0.0585406 0.000339353 0)
(0.0586096 0.000334314 0)
(0.058678 0.000329358 0)
(0.0587457 0.000324478 0)
(0.0588126 0.000319668 0)
(0.0588789 0.000314922 0)
(0.0589444 0.000310233 0)
(0.0590093 0.000305598 0)
(0.0590735 0.00030101 0)
(0.059137 0.000296466 0)
(0.0591998 0.000291962 0)
(0.0592619 0.000287492 0)
(0.0593233 0.000283053 0)
(0.0593841 0.000278639 0)
(0.0594441 0.000274244 0)
(0.0595034 0.000269859 0)
(0.0595621 0.000265473 0)
(0.05962 0.00026107 0)
(0.0596772 0.000256624 0)
(0.0597337 0.000252108 0)
(0.0597894 0.000247453 0)
(0.0598444 0.000242631 0)
(0.0598985 0.000237449 0)
(0.0599515 0.000232021 0)
(0.060003 0.000224968 0)
(0.0600535 0.000220516 0)
(0.0601039 0.00020532 0)
(0.145999 -0.0015165 0)
(0.145631 -0.00185744 0)
(0.145184 -0.00217503 0)
(0.144677 -0.00245473 0)
(0.144121 -0.00269349 0)
(0.143524 -0.00289374 0)
(0.14289 -0.00305997 0)
(0.14222 -0.00319702 0)
(0.141515 -0.00330953 0)
(0.140775 -0.00340163 0)
(0.140001 -0.00347697 0)
(0.139195 -0.00353869 0)
(0.138357 -0.00358951 0)
(0.137489 -0.00363176 0)
(0.13659 -0.00366742 0)
(0.135663 -0.00369821 0)
(0.134707 -0.00372557 0)
(0.133723 -0.00375074 0)
(0.132712 -0.00377475 0)
(0.131674 -0.00379846 0)
(0.130608 -0.0038226 0)
(0.129516 -0.00384775 0)
(0.128395 -0.00387435 0)
(0.127247 -0.00390277 0)
(0.12607 -0.00393325 0)
(0.124865 -0.00396597 0)
(0.12363 -0.00400099 0)
(0.122365 -0.00403833 0)
(0.121068 -0.00407791 0)
(0.119739 -0.00411959 0)
(0.118377 -0.00416317 0)
(0.11698 -0.00420835 0)
(0.115548 -0.00425479 0)
(0.114079 -0.00430205 0)
(0.112573 -0.00434965 0)
(0.111028 -0.00439702 0)
(0.109443 -0.00444351 0)
(0.107817 -0.00448842 0)
(0.10615 -0.00453097 0)
(0.10444 -0.00457032 0)
(0.102688 -0.00460558 0)
(0.100894 -0.00463582 0)
(0.0990564 -0.00466006 0)
(0.0971769 -0.0046773 0)
(0.095256 -0.00468655 0)
(0.0932952 -0.00468683 0)
(0.0912962 -0.0046772 0)
(0.0892614 -0.00465679 0)
(0.0871937 -0.00462483 0)
(0.0850967 -0.00458065 0)
(0.0829746 -0.00452375 0)
(0.0808323 -0.00445379 0)
(0.0786753 -0.00437064 0)
(0.0765097 -0.00427436 0)
(0.0743422 -0.00416526 0)
(0.07218 -0.00404388 0)
(0.0700307 -0.00391097 0)
(0.0679022 -0.0037675 0)
(0.0658024 -0.00361464 0)
(0.0637393 -0.00345372 0)
(0.0617207 -0.00328617 0)
(0.0597542 -0.00311353 0)
(0.0578467 -0.00293733 0)
(0.0560046 -0.00275911 0)
(0.0542337 -0.00258034 0)
(0.0525388 -0.00240239 0)
(0.0509237 -0.00222649 0)
(0.0493916 -0.00205371 0)
(0.0479447 -0.00188497 0)
(0.046584 -0.001721 0)
(0.0453101 -0.00156238 0)
(0.0441227 -0.00140953 0)
(0.0430207 -0.00126274 0)
(0.0420025 -0.00112217 0)
(0.0410661 -0.000987898 0)
(0.0402089 -0.000859922 0)
(0.0394283 -0.000738179 0)
(0.0387211 -0.000622561 0)
(0.0380842 -0.00051293 0)
(0.0375144 -0.000409128 0)
(0.0370082 -0.000310985 0)
(0.0365624 -0.000218322 0)
(0.0361736 -0.00013096 0)
(0.0358386 -4.87197e-05 0)
(0.0355542 2.85751e-05 0)
(0.0353172 0.000101096 0)
(0.0351246 0.00016901 0)
(0.0349736 0.00023248 0)
(0.0348612 0.00029166 0)
(0.0347849 0.000346703 0)
(0.0347419 0.000397754 0)
(0.0347299 0.000444955 0)
(0.0347465 0.000488443 0)
(0.0347894 0.000528353 0)
(0.0348565 0.000564817 0)
(0.0349457 0.000597962 0)
(0.0350551 0.000627916 0)
(0.0351829 0.000654804 0)
(0.0353273 0.000678751 0)
(0.0354866 0.00069988 0)
(0.0356594 0.000718314 0)
(0.0358442 0.000734176 0)
(0.0360395 0.000747588 0)
(0.0362442 0.000758672 0)
(0.0364569 0.000767549 0)
(0.0366766 0.00077434 0)
(0.0369021 0.000779166 0)
(0.0371326 0.000782146 0)
(0.0373671 0.000783398 0)
(0.0376047 0.00078304 0)
(0.0378447 0.000781185 0)
(0.0380863 0.000777949 0)
(0.038329 0.00077344 0)
(0.038572 0.000767768 0)
(0.0388148 0.000761037 0)
(0.0390569 0.000753349 0)
(0.039298 0.000744803 0)
(0.0395375 0.000735494 0)
(0.0397751 0.000725512 0)
(0.0400104 0.000714943 0)
(0.0402433 0.00070387 0)
(0.0404735 0.000692372 0)
(0.0407007 0.000680521 0)
(0.0409247 0.000668387 0)
(0.0411455 0.000656034 0)
(0.0413628 0.000643522 0)
(0.0415767 0.000630907 0)
(0.0417869 0.000618239 0)
(0.0419935 0.000605565 0)
(0.0421964 0.000592928 0)
(0.0423955 0.000580366 0)
(0.042591 0.000567914 0)
(0.0427827 0.000555603 0)
(0.0429708 0.000543459 0)
(0.0431552 0.000531506 0)
(0.043336 0.000519766 0)
(0.0435132 0.000508254 0)
(0.0436869 0.000496987 0)
(0.0438571 0.000485975 0)
(0.044024 0.000475228 0)
(0.0441876 0.000464754 0)
(0.0443479 0.000454558 0)
(0.0445051 0.000444642 0)
(0.0446593 0.000435009 0)
(0.0448104 0.000425659 0)
(0.0449587 0.000416589 0)
(0.0451041 0.000407798 0)
(0.0452468 0.000399282 0)
(0.0453868 0.000391036 0)
(0.0455243 0.000383054 0)
(0.0456593 0.000375331 0)
(0.0457918 0.000367859 0)
(0.0459221 0.000360631 0)
(0.04605 0.000353639 0)
(0.0461758 0.000346876 0)
(0.0462995 0.000340333 0)
(0.0464211 0.000334001 0)
(0.0465408 0.000327872 0)
(0.0466585 0.000321937 0)
(0.0467744 0.000316187 0)
(0.0468885 0.000310613 0)
(0.0470008 0.000305207 0)
(0.0471114 0.000299961 0)
(0.0472204 0.000294865 0)
(0.0473278 0.000289912 0)
(0.0474336 0.000285093 0)
(0.0475379 0.000280401 0)
(0.0476408 0.000275827 0)
(0.0477422 0.000271365 0)
(0.0478422 0.000267006 0)
(0.0479408 0.000262745 0)
(0.048038 0.000258575 0)
(0.048134 0.000254488 0)
(0.0482286 0.00025048 0)
(0.048322 0.000246544 0)
(0.0484141 0.000242674 0)
(0.048505 0.000238867 0)
(0.0485946 0.000235117 0)
(0.0486831 0.00023142 0)
(0.0487703 0.000227771 0)
(0.0488564 0.000224167 0)
(0.0489413 0.000220605 0)
(0.049025 0.00021708 0)
(0.0491075 0.00021359 0)
(0.0491889 0.00021013 0)
(0.0492692 0.000206698 0)
(0.0493483 0.000203288 0)
(0.0494263 0.000199894 0)
(0.0495031 0.00019651 0)
(0.0495788 0.000193123 0)
(0.0496533 0.000189723 0)
(0.0497267 0.000186286 0)
(0.049799 0.000182796 0)
(0.04987 0.000179209 0)
(0.0499397 0.000175538 0)
(0.0500081 0.000171537 0)
(0.050075 0.000168068 0)
(0.0501393 0.000162308 0)
(0.0502017 0.000160826 0)
(0.0502677 0.000155942 0)
(0.126622 -0.00122818 0)
(0.126099 -0.00147997 0)
(0.125474 -0.00171438 0)
(0.124756 -0.00191838 0)
(0.123955 -0.00208741 0)
(0.123082 -0.0022225 0)
(0.122142 -0.00232752 0)
(0.121145 -0.00240726 0)
(0.120094 -0.00246644 0)
(0.118996 -0.00250925 0)
(0.117856 -0.00253922 0)
(0.116678 -0.00255926 0)
(0.115467 -0.00257172 0)
(0.114227 -0.00257854 0)
(0.112959 -0.0025813 0)
(0.111667 -0.00258131 0)
(0.110352 -0.00257966 0)
(0.109015 -0.00257722 0)
(0.107659 -0.00257473 0)
(0.106284 -0.00257276 0)
(0.10489 -0.00257176 0)
(0.103477 -0.00257208 0)
(0.102045 -0.00257396 0)
(0.100595 -0.00257755 0)
(0.099125 -0.00258293 0)
(0.0976352 -0.0025901 0)
(0.0961246 -0.00259901 0)
(0.0945927 -0.00260954 0)
(0.0930385 -0.00262151 0)
(0.0914613 -0.00263469 0)
(0.0898601 -0.0026488 0)
(0.0882341 -0.00266352 0)
(0.0865828 -0.00267846 0)
(0.0849053 -0.0026932 0)
(0.0832012 -0.00270728 0)
(0.0814701 -0.00272017 0)
(0.0797121 -0.00273135 0)
(0.0779271 -0.00274022 0)
(0.0761157 -0.00274619 0)
(0.0742785 -0.00274865 0)
(0.0724168 -0.00274696 0)
(0.0705322 -0.00274052 0)
(0.0686266 -0.00272875 0)
(0.0667025 -0.0027111 0)
(0.064763 -0.00268709 0)
(0.0628117 -0.0026563 0)
(0.0608524 -0.00261842 0)
(0.0588899 -0.00257327 0)
(0.0569292 -0.00252077 0)
(0.0549757 -0.00246099 0)
(0.0530353 -0.00239415 0)
(0.0511142 -0.0023206 0)
(0.0492186 -0.00224084 0)
(0.047355 -0.0021555 0)
(0.0455298 -0.0020653 0)
(0.0437491 -0.00197105 0)
(0.0420188 -0.00187362 0)
(0.0403443 -0.00177388 0)
(0.0387306 -0.00167271 0)
(0.037182 -0.00157095 0)
(0.035702 -0.00146937 0)
(0.0342936 -0.00136868 0)
(0.0329587 -0.00126949 0)
(0.0316989 -0.00117231 0)
(0.0305148 -0.00107756 0)
(0.0294064 -0.000985563 0)
(0.0283733 -0.000896573 0)
(0.0274143 -0.000810756 0)
(0.026528 -0.000728221 0)
(0.0257125 -0.000649028 0)
(0.0249658 -0.000573193 0)
(0.0242855 -0.000500703 0)
(0.0236692 -0.00043152 0)
(0.0231142 -0.000365585 0)
(0.0226178 -0.000302827 0)
(0.0221775 -0.000243164 0)
(0.0217905 -0.000186508 0)
(0.021454 -0.000132763 0)
(0.0211656 -8.18346e-05 0)
(0.0209226 -3.36239e-05 0)
(0.0207224 1.19655e-05 0)
(0.0205626 5.50279e-05 0)
(0.020441 9.56548e-05 0)
(0.0203551 0.000133933 0)
(0.0203027 0.000169946 0)
(0.0202818 0.00020377 0)
(0.0202903 0.000235478 0)
(0.0203262 0.000265137 0)
(0.0203876 0.000292811 0)
(0.0204728 0.000318557 0)
(0.02058 0.000342432 0)
(0.0207076 0.000364487 0)
(0.0208539 0.000384773 0)
(0.0210174 0.000403337 0)
(0.0211967 0.000420227 0)
(0.0213904 0.000435491 0)
(0.0215971 0.000449174 0)
(0.0218156 0.000461325 0)
(0.0220447 0.000471992 0)
(0.0222832 0.000481225 0)
(0.0225299 0.000489074 0)
(0.0227839 0.000495592 0)
(0.0230442 0.000500833 0)
(0.0233098 0.000504852 0)
(0.0235798 0.000507706 0)
(0.0238534 0.000509452 0)
(0.0241298 0.000510151 0)
(0.0244083 0.00050986 0)
(0.0246882 0.000508642 0)
(0.0249687 0.000506556 0)
(0.0252494 0.000503663 0)
(0.0255297 0.000500024 0)
(0.0258091 0.0004957 0)
(0.0260871 0.000490749 0)
(0.0263632 0.000485229 0)
(0.0266371 0.000479199 0)
(0.0269085 0.000472712 0)
(0.027177 0.000465824 0)
(0.0274423 0.000458585 0)
(0.0277043 0.000451046 0)
(0.0279626 0.000443254 0)
(0.0282171 0.000435253 0)
(0.0284677 0.000427087 0)
(0.0287142 0.000418795 0)
(0.0289564 0.000410415 0)
(0.0291945 0.000401982 0)
(0.0294281 0.000393527 0)
(0.0296574 0.00038508 0)
(0.0298823 0.000376669 0)
(0.0301028 0.000368318 0)
(0.0303189 0.000360047 0)
(0.0305306 0.000351879 0)
(0.0307379 0.000343828 0)
(0.0309409 0.000335912 0)
(0.0311397 0.000328142 0)
(0.0313343 0.00032053 0)
(0.0315248 0.000313085 0)
(0.0317113 0.000305814 0)
(0.0318937 0.000298725 0)
(0.0320724 0.00029182 0)
(0.0322472 0.000285103 0)
(0.0324183 0.000278577 0)
(0.0325859 0.000272241 0)
(0.0327499 0.000266096 0)
(0.0329106 0.000260139 0)
(0.0330679 0.000254371 0)
(0.033222 0.000248786 0)
(0.033373 0.000243383 0)
(0.033521 0.000238158 0)
(0.033666 0.000233105 0)
(0.0338083 0.000228221 0)
(0.0339477 0.000223499 0)
(0.0340845 0.000218936 0)
(0.0342188 0.000214526 0)
(0.0343505 0.000210262 0)
(0.0344799 0.000206139 0)
(0.0346068 0.000202151 0)
(0.0347316 0.000198293 0)
(0.0348541 0.000194558 0)
(0.0349745 0.000190941 0)
(0.0350929 0.000187436 0)
(0.0352092 0.000184037 0)
(0.0353236 0.000180738 0)
(0.0354361 0.000177535 0)
(0.0355468 0.000174422 0)
(0.0356557 0.000171394 0)
(0.0357628 0.000168445 0)
(0.0358683 0.000165572 0)
(0.0359721 0.000162768 0)
(0.0360743 0.00016003 0)
(0.0361749 0.000157354 0)
(0.036274 0.000154735 0)
(0.0363715 0.00015217 0)
(0.0364676 0.000149654 0)
(0.0365622 0.000147185 0)
(0.0366554 0.000144759 0)
(0.0367471 0.000142374 0)
(0.0368375 0.000140025 0)
(0.0369264 0.000137712 0)
(0.0370141 0.000135431 0)
(0.0371003 0.00013318 0)
(0.0371853 0.000130957 0)
(0.0372689 0.00012876 0)
(0.0373512 0.000126587 0)
(0.0374323 0.000124435 0)
(0.037512 0.000122302 0)
(0.0375905 0.000120184 0)
(0.0376677 0.000118077 0)
(0.0377436 0.000115975 0)
(0.0378183 0.000113872 0)
(0.0378917 0.000111754 0)
(0.0379638 0.00010962 0)
(0.0380346 0.00010745 0)
(0.0381041 0.000105205 0)
(0.0381723 0.000103124 0)
(0.0382387 0.000100345 0)
(0.038304 9.95247e-05 0)
(0.0383668 9.53763e-05 0)
(0.0384256 9.58052e-05 0)
(0.0384963 0.000102249 0)
(0.0882289 -0.000800424 0)
(0.0875309 -0.000954012 0)
(0.0867143 -0.00108272 0)
(0.0857923 -0.00117894 0)
(0.0847822 -0.00124255 0)
(0.0837014 -0.0012782 0)
(0.0825652 -0.00129242 0)
(0.0813866 -0.00129156 0)
(0.0801762 -0.00128086 0)
(0.0789424 -0.00126419 0)
(0.0776919 -0.00124422 0)
(0.0764297 -0.00122273 0)
(0.0751596 -0.00120089 0)
(0.0738845 -0.00117948 0)
(0.0726066 -0.00115903 0)
(0.0713272 -0.0011399 0)
(0.0700472 -0.00112234 0)
(0.0687671 -0.00110651 0)
(0.0674871 -0.00109249 0)
(0.0662069 -0.00108031 0)
(0.064926 -0.00106993 0)
(0.0636441 -0.00106127 0)
(0.0623602 -0.00105424 0)
(0.0610736 -0.00104869 0)
(0.0597834 -0.00104446 0)
(0.0584888 -0.00104138 0)
(0.0571888 -0.00103924 0)
(0.0558827 -0.00103785 0)
(0.0545697 -0.00103699 0)
(0.0532492 -0.00103642 0)
(0.0519207 -0.00103591 0)
(0.0505838 -0.00103523 0)
(0.0492384 -0.00103411 0)
(0.0478845 -0.00103231 0)
(0.0465225 -0.00102958 0)
(0.045153 -0.00102568 0)
(0.0437767 -0.00102036 0)
(0.0423949 -0.00101341 0)
(0.041009 -0.00100462 0)
(0.0396207 -0.000993804 0)
(0.0382322 -0.000980815 0)
(0.0368459 -0.000965537 0)
(0.0354646 -0.000947894 0)
(0.0340911 -0.000927858 0)
(0.0327288 -0.000905449 0)
(0.0313811 -0.000880736 0)
(0.0300516 -0.000853839 0)
(0.0287438 -0.000824923 0)
(0.0274616 -0.000794196 0)
(0.0262086 -0.000761898 0)
(0.0249881 -0.000728295 0)
(0.0238037 -0.000693667 0)
(0.0226584 -0.000658297 0)
(0.0215549 -0.000622458 0)
(0.0204956 -0.00058641 0)
(0.0194827 -0.000550384 0)
(0.0185179 -0.000514584 0)
(0.0176023 -0.000479182 0)
(0.0167368 -0.000444322 0)
(0.015922 -0.00041012 0)
(0.0151578 -0.000376671 0)
(0.0144441 -0.000344055 0)
(0.0137804 -0.000312343 0)
(0.0131657 -0.000281597 0)
(0.0125991 -0.000251876 0)
(0.0120793 -0.000223233 0)
(0.0116049 -0.000195713 0)
(0.0111743 -0.000169353 0)
(0.0107859 -0.000144177 0)
(0.0104381 -0.000120194 0)
(0.0101291 -9.73963e-05 0)
(0.0098572 -7.5763e-05 0)
(0.00962068 -5.52585e-05 0)
(0.00941786 -3.58368e-05 0)
(0.00924705 -1.74444e-05 0)
(0.00910666 -2.42302e-08 0)
(0.00899511 1.64817e-05 0)
(0.00891088 3.21292e-05 0)
(0.00885252 4.69701e-05 0)
(0.00881862 6.1051e-05 0)
(0.00880783 7.44124e-05 0)
(0.00881886 8.70887e-05 0)
(0.00885046 9.91084e-05 0)
(0.00890144 0.000110495 0)
(0.00897064 0.000121266 0)
(0.00905695 0.000131437 0)
(0.00915931 0.000141019 0)
(0.00927668 0.00015002 0)
(0.00940806 0.000158447 0)
(0.00955248 0.000166306 0)
(0.009709 0.000173601 0)
(0.00987672 0.000180336 0)
(0.0100548 0.000186515 0)
(0.0102422 0.000192143 0)
(0.0104383 0.000197224 0)
(0.0106423 0.000201766 0)
(0.0108532 0.000205775 0)
(0.0110704 0.00020926 0)
(0.0112932 0.00021223 0)
(0.0115208 0.000214696 0)
(0.0117525 0.000216671 0)
(0.0119878 0.000218169 0)
(0.0122259 0.000219206 0)
(0.0124662 0.000219798 0)
(0.0127083 0.000219964 0)
(0.0129515 0.000219723 0)
(0.0131953 0.000219095 0)
(0.0134393 0.000218103 0)
(0.0136829 0.000216767 0)
(0.0139258 0.000215111 0)
(0.0141675 0.000213158 0)
(0.0144078 0.000210931 0)
(0.0146461 0.000208454 0)
(0.0148823 0.00020575 0)
(0.015116 0.000202842 0)
(0.015347 0.000199753 0)
(0.015575 0.000196506 0)
(0.0157999 0.000193121 0)
(0.0160214 0.000189621 0)
(0.0162395 0.000186025 0)
(0.0164539 0.000182352 0)
(0.0166646 0.00017862 0)
(0.0168715 0.000174847 0)
(0.0170744 0.000171048 0)
(0.0172734 0.000167239 0)
(0.0174685 0.000163433 0)
(0.0176595 0.000159642 0)
(0.0178465 0.000155879 0)
(0.0180295 0.000152153 0)
(0.0182086 0.000148474 0)
(0.0183837 0.00014485 0)
(0.0185548 0.000141287 0)
(0.0187222 0.000137794 0)
(0.0188857 0.000134374 0)
(0.0190455 0.000131031 0)
(0.0192017 0.000127771 0)
(0.0193543 0.000124594 0)
(0.0195033 0.000121504 0)
(0.019649 0.000118502 0)
(0.0197913 0.000115589 0)
(0.0199304 0.000112765 0)
(0.0200663 0.000110029 0)
(0.0201991 0.000107382 0)
(0.020329 0.000104821 0)
(0.020456 0.000102347 0)
(0.0205802 9.99568e-05 0)
(0.0207017 9.76489e-05 0)
(0.0208205 9.54213e-05 0)
(0.0209369 9.32717e-05 0)
(0.0210507 9.11975e-05 0)
(0.0211622 8.91964e-05 0)
(0.0212714 8.72657e-05 0)
(0.0213784 8.54027e-05 0)
(0.0214832 8.36048e-05 0)
(0.021586 8.18691e-05 0)
(0.0216867 8.01929e-05 0)
(0.0217855 7.85736e-05 0)
(0.0218824 7.70085e-05 0)
(0.0219775 7.54948e-05 0)
(0.0220709 7.40301e-05 0)
(0.0221625 7.26117e-05 0)
(0.0222525 7.12372e-05 0)
(0.0223409 6.99042e-05 0)
(0.0224277 6.86104e-05 0)
(0.022513 6.73534e-05 0)
(0.0225968 6.61313e-05 0)
(0.0226792 6.49418e-05 0)
(0.0227602 6.3783e-05 0)
(0.0228398 6.26531e-05 0)
(0.0229181 6.15502e-05 0)
(0.0229951 6.04727e-05 0)
(0.0230708 5.94189e-05 0)
(0.0231452 5.83873e-05 0)
(0.0232185 5.73767e-05 0)
(0.0232905 5.63856e-05 0)
(0.0233614 5.54129e-05 0)
(0.0234311 5.44575e-05 0)
(0.0234996 5.35183e-05 0)
(0.023567 5.25945e-05 0)
(0.0236333 5.16851e-05 0)
(0.0236985 5.07893e-05 0)
(0.0237627 4.99063e-05 0)
(0.0238257 4.90353e-05 0)
(0.0238877 4.81752e-05 0)
(0.0239487 4.73249e-05 0)
(0.0240086 4.6483e-05 0)
(0.0240675 4.56476e-05 0)
(0.0241253 4.48165e-05 0)
(0.0241822 4.39863e-05 0)
(0.024238 4.31539e-05 0)
(0.0242928 4.23177e-05 0)
(0.0243465 4.14601e-05 0)
(0.0243992 4.06472e-05 0)
(0.0244508 3.96651e-05 0)
(0.0245014 3.92086e-05 0)
(0.0245507 3.76689e-05 0)
(0.0245984 3.88182e-05 0)
(0.024648 3.71216e-05 0)
(0.0246862 3.79246e-05 0)
(0.0247505 5.27538e-05 0)
(0.0327393 -0.000232873 0)
(0.0321434 -0.00025547 0)
(0.0314872 -0.000257452 0)
(0.030797 -0.000242705 0)
(0.030094 -0.000218251 0)
(0.0293915 -0.000191078 0)
(0.0286966 -0.000166106 0)
(0.0280125 -0.000145728 0)
(0.0273404 -0.000130365 0)
(0.0266806 -0.000119328 0)
(0.026033 -0.00011154 0)
(0.0253974 -0.000105988 0)
(0.0247736 -0.000101897 0)
(0.0241612 -9.87555e-05 0)
(0.0235595 -9.62578e-05 0)
(0.0229677 -9.42308e-05 0)
(0.022385 -9.25751e-05 0)
(0.0218105 -9.12258e-05 0)
(0.0212432 -9.01311e-05 0)
(0.0206821 -8.92433e-05 0)
(0.0201264 -8.85161e-05 0)
(0.0195751 -8.79045e-05 0)
(0.0190275 -8.73657e-05 0)
(0.0184829 -8.68597e-05 0)
(0.0179406 -8.63497e-05 0)
(0.0174001 -8.58017e-05 0)
(0.016861 -8.51851e-05 0)
(0.016323 -8.4472e-05 0)
(0.0157858 -8.36377e-05 0)
(0.0152494 -8.26607e-05 0)
(0.0147138 -8.1523e-05 0)
(0.0141791 -8.02104e-05 0)
(0.0136457 -7.87128e-05 0)
(0.0131138 -7.70247e-05 0)
(0.0125841 -7.51456e-05 0)
(0.0120571 -7.30798e-05 0)
(0.0115336 -7.08365e-05 0)
(0.0110143 -6.84296e-05 0)
(0.0105002 -6.58767e-05 0)
(0.0099923 -6.31987e-05 0)
(0.00949159 -6.04177e-05 0)
(0.0089992 -5.75565e-05 0)
(0.00851625 -5.46361e-05 0)
(0.00804389 -5.16746e-05 0)
(0.00758325 -4.86858e-05 0)
(0.00713545 -4.56781e-05 0)
(0.00670155 -4.26547e-05 0)
(0.00628255 -3.96138e-05 0)
(0.00587936 -3.65505e-05 0)
(0.0054928 -3.34585e-05 0)
(0.00512357 -3.03334e-05 0)
(0.00477224 -2.71747e-05 0)
(0.00443924 -2.3989e-05 0)
(0.0041249 -2.07909e-05 0)
(0.00382935 -1.7604e-05 0)
(0.00355265 -1.44597e-05 0)
(0.00329469 -1.13949e-05 0)
(0.00305526 -8.44915e-06 0)
(0.00283406 -5.66088e-06 0)
(0.0026307 -3.06355e-06 0)
(0.00244471 -6.82699e-07 0)
(0.00227558 1.46626e-06 0)
(0.00212276 3.37894e-06 0)
(0.00198564 5.06165e-06 0)
(0.00186363 6.52996e-06 0)
(0.00175609 7.80657e-06 0)
(0.0016624 8.91864e-06 0)
(0.00158193 9.89523e-06 0)
(0.00151404 1.07649e-05 0)
(0.00145813 1.15538e-05 0)
(0.00141358 1.22847e-05 0)
(0.00137982 1.29756e-05 0)
(0.0013563 1.36406e-05 0)
(0.00134248 1.42893e-05 0)
(0.00133786 1.49278e-05 0)
(0.00134198 1.55592e-05 0)
(0.00135438 1.61847e-05 0)
(0.00137464 1.68037e-05 0)
(0.00140238 1.74149e-05 0)
(0.00143722 1.80164e-05 0)
(0.0014788 1.86061e-05 0)
(0.0015268 1.9182e-05 0)
(0.00158088 1.97422e-05 0)
(0.00164073 2.02846e-05 0)
(0.00170605 2.08077e-05 0)
(0.00177655 2.13096e-05 0)
(0.00185192 2.17886e-05 0)
(0.00193188 2.22429e-05 0)
(0.00201614 2.26707e-05 0)
(0.00210443 2.30701e-05 0)
(0.00219646 2.34393e-05 0)
(0.00229194 2.37765e-05 0)
(0.0023906 2.40797e-05 0)
(0.00249217 2.43473e-05 0)
(0.00259636 2.45777e-05 0)
(0.00270289 2.47695e-05 0)
(0.00281151 2.49216e-05 0)
(0.00292193 2.50331e-05 0)
(0.0030339 2.51034e-05 0)
(0.00314715 2.51322e-05 0)
(0.00326142 2.51197e-05 0)
(0.00337648 2.50661e-05 0)
(0.00349208 2.49721e-05 0)
(0.00360798 2.48388e-05 0)
(0.00372397 2.46674e-05 0)
(0.00383982 2.44594e-05 0)
(0.00395534 2.42166e-05 0)
(0.00407034 2.3941e-05 0)
(0.00418462 2.36347e-05 0)
(0.00429802 2.33001e-05 0)
(0.00441038 2.29396e-05 0)
(0.00452156 2.25557e-05 0)
(0.00463142 2.21509e-05 0)
(0.00473984 2.17278e-05 0)
(0.00484671 2.1289e-05 0)
(0.00495194 2.0837e-05 0)
(0.00505544 2.03742e-05 0)
(0.00515714 1.99032e-05 0)
(0.00525697 1.9426e-05 0)
(0.00535489 1.8945e-05 0)
(0.00545084 1.84622e-05 0)
(0.00554481 1.79796e-05 0)
(0.00563677 1.74989e-05 0)
(0.0057267 1.70217e-05 0)
(0.0058146 1.65495e-05 0)
(0.00590047 1.60838e-05 0)
(0.00598433 1.56256e-05 0)
(0.00606617 1.5176e-05 0)
(0.00614604 1.47358e-05 0)
(0.00622394 1.4306e-05 0)
(0.00629991 1.38871e-05 0)
(0.00637399 1.34795e-05 0)
(0.0064462 1.30838e-05 0)
(0.0065166 1.27001e-05 0)
(0.00658522 1.23287e-05 0)
(0.0066521 1.19696e-05 0)
(0.0067173 1.16229e-05 0)
(0.00678085 1.12886e-05 0)
(0.00684281 1.09664e-05 0)
(0.00690323 1.06563e-05 0)
(0.00696214 1.0358e-05 0)
(0.0070196 1.00712e-05 0)
(0.00707566 9.79565e-06 0)
(0.00713036 9.531e-06 0)
(0.00718375 9.2769e-06 0)
(0.00723588 9.03299e-06 0)
(0.00728678 8.79887e-06 0)
(0.0073365 8.57417e-06 0)
(0.00738509 8.35848e-06 0)
(0.00743258 8.15141e-06 0)
(0.00747902 7.95257e-06 0)
(0.00752443 7.76156e-06 0)
(0.00756886 7.57801e-06 0)
(0.00761234 7.40154e-06 0)
(0.00765491 7.23178e-06 0)
(0.00769659 7.06838e-06 0)
(0.00773742 6.91101e-06 0)
(0.00777742 6.75933e-06 0)
(0.00781663 6.61303e-06 0)
(0.00785506 6.47182e-06 0)
(0.00789275 6.33539e-06 0)
(0.00792972 6.2035e-06 0)
(0.00796599 6.07587e-06 0)
(0.00800157 5.95227e-06 0)
(0.0080365 5.83247e-06 0)
(0.00807079 5.71626e-06 0)
(0.00810445 5.60344e-06 0)
(0.00813751 5.49382e-06 0)
(0.00816997 5.38723e-06 0)
(0.00820186 5.28351e-06 0)
(0.00823318 5.18253e-06 0)
(0.00826395 5.08413e-06 0)
(0.00829419 4.98822e-06 0)
(0.00832389 4.89467e-06 0)
(0.00835308 4.80339e-06 0)
(0.00838177 4.71429e-06 0)
(0.00840995 4.62729e-06 0)
(0.00843765 4.54231e-06 0)
(0.00846487 4.45929e-06 0)
(0.00849161 4.37815e-06 0)
(0.00851789 4.29881e-06 0)
(0.00854372 4.22119e-06 0)
(0.00856909 4.14515e-06 0)
(0.00859401 4.07055e-06 0)
(0.0086185 3.99719e-06 0)
(0.00864256 3.92477e-06 0)
(0.00866618 3.85299e-06 0)
(0.00868937 3.78135e-06 0)
(0.00871214 3.70971e-06 0)
(0.00873448 3.63659e-06 0)
(0.00875639 3.56624e-06 0)
(0.00877787 3.48673e-06 0)
(0.00879889 3.44091e-06 0)
(0.00881959 3.33334e-06 0)
(0.00883949 3.44197e-06 0)
(0.00886026 3.25779e-06 0)
(0.00887755 3.8726e-06 0)
(0.00890316 4.22469e-06 0)
(0.0089122 4.53027e-06 0)
(0.00895633 1.36122e-05 0)
)
;

boundaryField
{
    inlet
    {
        type            fixedProfile;
        profile         table
        
21
(
(0 (0 0 0))
(0.05 (0.0285 0 0))
(0.1 (0.054 0 0))
(0.15 (0.0765 0 0))
(0.2 (0.096 0 0))
(0.25 (0.1125 0 0))
(0.3 (0.126 0 0))
(0.35 (0.1365 0 0))
(0.4 (0.144 0 0))
(0.45 (0.1485 0 0))
(0.5 (0.15 0 0))
(0.55 (0.1485 0 0))
(0.6 (0.144 0 0))
(0.65 (0.1365 0 0))
(0.7 (0.126 0 0))
(0.75 (0.1125 0 0))
(0.8 (0.096 0 0))
(0.85 (0.0765 0 0))
(0.9 (0.054 0 0))
(0.95 (0.0285 0 0))
(1 (0 0 0))
)
;
        direction       (0 1 0);
        origin          1;
        value           nonuniform List<vector> 8((0.034875 0 0) (0.091125 0 0) (0.128625 0 0) (0.147375 0 0) (0.147375 0 0) (0.128625 0 0) (0.091125 0 0) (0.034875 0 0));
    }
    outlet
    {
        type            zeroGradient;
    }
    walls
    {
        type            noSlip;
    }
    symwall
    {
        type            empty;
    }
}


// ************************************************************************* //
