/*--------------------------------*- C++ -*----------------------------------*\
| =========                 |                                                 |
| \\      /  F ield         | OpenFOAM: The Open Source CFD Toolbox           |
|  \\    /   O peration     | Version:  4.1                                   |
|   \\  /    A nd           | Web:      www.OpenFOAM.org                      |
|    \\/     M anipulation  |                                                 |
\*---------------------------------------------------------------------------*/
FoamFile
{
    version     2.0;
    format      ascii;
    class       volVectorField;
    location    "597";
    object      U;
}
// * * * * * * * * * * * * * * * * * * * * * * * * * * * * * * * * * * * * * //

dimensions      [0 1 -1 0 0 0 0];

internalField   nonuniform List<vector> 
3264
(
(-2.64671e-06 -4.91716e-07 0)
(-0.00013315 3.05542e-05 0)
(-0.000389785 4.86576e-05 0)
(-0.000677098 5.09952e-05 0)
(-0.00097913 5.27206e-05 0)
(-0.00128526 5.21258e-05 0)
(-0.00159017 5.34263e-05 0)
(-0.00189523 5.40704e-05 0)
(-0.00219584 5.51757e-05 0)
(-0.00249273 5.58041e-05 0)
(-0.00278334 5.63661e-05 0)
(-0.00306788 5.66181e-05 0)
(-0.0033453 5.67233e-05 0)
(-0.00361571 5.66449e-05 0)
(-0.0038788 5.64578e-05 0)
(-0.00413471 5.61764e-05 0)
(-0.00438347 5.58417e-05 0)
(-0.00462527 5.54753e-05 0)
(-0.00486028 5.51032e-05 0)
(-0.0050887 5.47439e-05 0)
(-0.00531076 5.44153e-05 0)
(-0.00552667 5.41314e-05 0)
(-0.00573663 5.39045e-05 0)
(-0.0059408 5.37434e-05 0)
(-0.00613933 5.36545e-05 0)
(-0.00633232 5.36401e-05 0)
(-0.00651977 5.36987e-05 0)
(-0.00670164 5.38236e-05 0)
(-0.00687778 5.40025e-05 0)
(-0.00704793 5.42164e-05 0)
(-0.0072117 5.44394e-05 0)
(-0.00736858 5.46373e-05 0)
(-0.00751788 5.47681e-05 0)
(-0.00765876 5.47816e-05 0)
(-0.00779019 5.46198e-05 0)
(-0.00791099 5.42181e-05 0)
(-0.0080198 5.3506e-05 0)
(-0.00811508 5.24098e-05 0)
(-0.00819515 5.08543e-05 0)
(-0.00825821 4.87656e-05 0)
(-0.00830235 4.60746e-05 0)
(-0.00832558 4.27192e-05 0)
(-0.00832589 3.86484e-05 0)
(-0.00830128 3.38244e-05 0)
(-0.00824979 2.82253e-05 0)
(-0.00816959 2.18474e-05 0)
(-0.00805897 1.47064e-05 0)
(-0.00791642 6.83811e-06 0)
(-0.0077407 -1.70133e-06 0)
(-0.0075308 -1.08362e-05 0)
(-0.00728605 -2.04725e-05 0)
(-0.00700611 -3.04996e-05 0)
(-0.00669102 -4.07929e-05 0)
(-0.00634118 -5.12166e-05 0)
(-0.00595739 -6.16263e-05 0)
(-0.00554084 -7.18732e-05 0)
(-0.00509311 -8.18067e-05 0)
(-0.00461614 -9.12784e-05 0)
(-0.00411223 -0.000100145 0)
(-0.00358402 -0.000108273 0)
(-0.00303442 -0.00011554 0)
(-0.00246662 -0.000121838 0)
(-0.00188403 -0.000127077 0)
(-0.00129021 -0.000131185 0)
(-0.000688871 -0.000134113 0)
(-8.37734e-05 -0.000135833 0)
(0.000521292 -0.000136338 0)
(0.00112257 -0.000135648 0)
(0.0017164 -0.0001338 0)
(0.00229925 -0.000130855 0)
(0.00286779 -0.000126893 0)
(0.0034189 -0.00012201 0)
(0.00394975 -0.000116317 0)
(0.00445781 -0.000109935 0)
(0.00494088 -0.000102993 0)
(0.00539713 -9.56248e-05 0)
(0.00582507 -8.79636e-05 0)
(0.00622361 -8.01402e-05 0)
(0.006592 -7.22794e-05 0)
(0.00692988 -6.44971e-05 0)
(0.00723721 -5.68978e-05 0)
(0.00751429 -4.95731e-05 0)
(0.0077617 -4.26005e-05 0)
(0.0079803 -3.60422e-05 0)
(0.00817115 -2.99457e-05 0)
(0.00833554 -2.43437e-05 0)
(0.0084749 -1.92552e-05 0)
(0.00859076 -1.46867e-05 0)
(0.00868478 -1.06337e-05 0)
(0.00875863 -7.08232e-06 0)
(0.00881403 -4.01091e-06 0)
(0.00885269 -1.39209e-06 0)
(0.00887629 8.05832e-07 0)
(0.00888646 2.61724e-06 0)
(0.00888478 4.07792e-06 0)
(0.00887273 5.2239e-06 0)
(0.00885172 6.09051e-06 0)
(0.00882307 6.7117e-06 0)
(0.008788 7.11947e-06 0)
(0.00874762 7.34357e-06 0)
(0.00870295 7.41125e-06 0)
(0.00865492 7.34722e-06 0)
(0.00860435 7.17362e-06 0)
(0.00855198 6.91018e-06 0)
(0.00849847 6.57428e-06 0)
(0.00844438 6.18118e-06 0)
(0.00839022 5.74414e-06 0)
(0.00833643 5.2747e-06 0)
(0.00828335 4.78276e-06 0)
(0.00823132 4.27683e-06 0)
(0.00818058 3.76417e-06 0)
(0.00813135 3.2509e-06 0)
(0.0080838 2.7422e-06 0)
(0.00803807 2.24237e-06 0)
(0.00799425 1.75497e-06 0)
(0.00795242 1.28289e-06 0)
(0.00791262 8.28428e-07 0)
(0.00787489 3.93387e-07 0)
(0.00783922 -2.08843e-08 0)
(0.00780562 -4.13425e-07 0)
(0.00777407 -7.83615e-07 0)
(0.00774452 -1.13113e-06 0)
(0.00771695 -1.4559e-06 0)
(0.0076913 -1.75808e-06 0)
(0.00766752 -2.038e-06 0)
(0.00764556 -2.29616e-06 0)
(0.00762536 -2.53318e-06 0)
(0.00760686 -2.7498e-06 0)
(0.00759 -2.94685e-06 0)
(0.00757471 -3.12522e-06 0)
(0.00756095 -3.28586e-06 0)
(0.00754865 -3.42975e-06 0)
(0.00753776 -3.55792e-06 0)
(0.00752822 -3.67139e-06 0)
(0.00751999 -3.77121e-06 0)
(0.00751301 -3.8584e-06 0)
(0.00750725 -3.93401e-06 0)
(0.00750266 -3.99904e-06 0)
(0.00749921 -4.05449e-06 0)
(0.00749686 -4.10132e-06 0)
(0.00749558 -4.14048e-06 0)
(0.00749534 -4.17288e-06 0)
(0.00749612 -4.19939e-06 0)
(0.0074979 -4.22086e-06 0)
(0.00750066 -4.23808e-06 0)
(0.00750439 -4.25184e-06 0)
(0.00750907 -4.26284e-06 0)
(0.00751468 -4.27178e-06 0)
(0.00752123 -4.27931e-06 0)
(0.00752871 -4.28603e-06 0)
(0.00753711 -4.2925e-06 0)
(0.00754643 -4.29926e-06 0)
(0.00755667 -4.30678e-06 0)
(0.00756783 -4.31552e-06 0)
(0.00757991 -4.32587e-06 0)
(0.00759291 -4.33821e-06 0)
(0.00760684 -4.35286e-06 0)
(0.00762169 -4.37011e-06 0)
(0.00763748 -4.39021e-06 0)
(0.0076542 -4.41338e-06 0)
(0.00767187 -4.43979e-06 0)
(0.00769047 -4.46957e-06 0)
(0.00771002 -4.50284e-06 0)
(0.00773052 -4.53966e-06 0)
(0.00775197 -4.58004e-06 0)
(0.00777436 -4.624e-06 0)
(0.0077977 -4.67147e-06 0)
(0.00782199 -4.72239e-06 0)
(0.00784722 -4.77664e-06 0)
(0.00787338 -4.83406e-06 0)
(0.00790046 -4.89447e-06 0)
(0.00792847 -4.95765e-06 0)
(0.00795737 -5.02335e-06 0)
(0.00798716 -5.09128e-06 0)
(0.00801783 -5.16111e-06 0)
(0.00804933 -5.2325e-06 0)
(0.00808167 -5.30507e-06 0)
(0.0081148 -5.37841e-06 0)
(0.0081487 -5.45208e-06 0)
(0.00818333 -5.52561e-06 0)
(0.00821866 -5.59851e-06 0)
(0.00825464 -5.67027e-06 0)
(0.00829124 -5.74034e-06 0)
(0.0083284 -5.80815e-06 0)
(0.00836608 -5.87314e-06 0)
(0.00840422 -5.93472e-06 0)
(0.00844277 -5.99244e-06 0)
(0.00848167 -6.04575e-06 0)
(0.00852085 -6.09549e-06 0)
(0.00856026 -6.13964e-06 0)
(0.00859984 -6.19064e-06 0)
(0.00863954 -6.22339e-06 0)
(0.00867924 -6.34152e-06 0)
(0.00871928 -6.32727e-06 0)
(0.0087585 -6.82792e-06 0)
(0.00880085 -6.66679e-06 0)
(0.0088362 -8.35915e-06 0)
(0.00889197 -9.44169e-06 0)
(0.00891067 -1.03627e-05 0)
(0.009011 -3.12212e-05 0)
(-8.33822e-05 0.000136366 0)
(-0.0005831 0.000379251 0)
(-0.00131183 0.00051841 0)
(-0.00208687 0.000562612 0)
(-0.00286718 0.000583724 0)
(-0.0036359 0.00058561 0)
(-0.00437976 0.000585759 0)
(-0.00510167 0.000579311 0)
(-0.00579449 0.000570671 0)
(-0.00646045 0.000558837 0)
(-0.00709689 0.000545608 0)
(-0.00770532 0.00053118 0)
(-0.00828543 0.000516287 0)
(-0.00883843 0.000501175 0)
(-0.00936489 0.000486138 0)
(-0.00986584 0.000471319 0)
(-0.0103421 0.000456832 0)
(-0.0107945 0.000442738 0)
(-0.0112237 0.000429072 0)
(-0.0116305 0.000415839 0)
(-0.0120154 0.000403027 0)
(-0.0123788 0.0003906 0)
(-0.012721 0.000378503 0)
(-0.0130422 0.000366657 0)
(-0.0133423 0.000354964 0)
(-0.0136212 0.000343298 0)
(-0.0138785 0.000331508 0)
(-0.0141136 0.000319414 0)
(-0.0143257 0.000306812 0)
(-0.0145138 0.000293466 0)
(-0.0146766 0.000279122 0)
(-0.0148125 0.000263499 0)
(-0.01492 0.000246304 0)
(-0.014997 0.000227233 0)
(-0.0150414 0.00020598 0)
(-0.0150509 0.000182248 0)
(-0.015023 0.000155757 0)
(-0.0149551 0.000126255 0)
(-0.0148448 9.3528e-05 0)
(-0.0146892 5.74132e-05 0)
(-0.0144859 1.78041e-05 0)
(-0.0142325 -2.5339e-05 0)
(-0.0139266 -7.19835e-05 0)
(-0.0135661 -0.000122021 0)
(-0.0131493 -0.000175262 0)
(-0.0126747 -0.000231442 0)
(-0.0121412 -0.000290218 0)
(-0.0115481 -0.000351176 0)
(-0.0108951 -0.000413835 0)
(-0.0101825 -0.000477658 0)
(-0.00941097 -0.000542057 0)
(-0.00858167 -0.000606409 0)
(-0.00769633 -0.000670058 0)
(-0.00675715 -0.000732335 0)
(-0.00576683 -0.000792565 0)
(-0.00472852 -0.00085008 0)
(-0.00364585 -0.000904227 0)
(-0.00252287 -0.000954386 0)
(-0.00136401 -0.000999974 0)
(-0.000174042 -0.00104046 0)
(0.00104193 -0.00107537 0)
(0.00227856 -0.00110429 0)
(0.00353029 -0.0011269 0)
(0.00479142 -0.00114294 0)
(0.00605614 -0.00115224 0)
(0.00731862 -0.00115474 0)
(0.00857306 -0.00115044 0)
(0.00981374 -0.00113944 0)
(0.0110351 -0.00112196 0)
(0.0122318 -0.00109825 0)
(0.0133987 -0.0010687 0)
(0.014531 -0.00103373 0)
(0.0156245 -0.000993837 0)
(0.0166749 -0.000949588 0)
(0.0176789 -0.000901579 0)
(0.0186334 -0.000850441 0)
(0.0195357 -0.000796824 0)
(0.0203838 -0.000741386 0)
(0.0211761 -0.000684776 0)
(0.0219116 -0.000627626 0)
(0.0225897 -0.000570539 0)
(0.0232104 -0.000514078 0)
(0.023774 -0.000458759 0)
(0.0242814 -0.000405043 0)
(0.0247337 -0.000353336 0)
(0.0251326 -0.000303977 0)
(0.0254798 -0.000257247 0)
(0.0257776 -0.000213363 0)
(0.0260283 -0.00017248 0)
(0.0262345 -0.000134698 0)
(0.0263988 -0.000100063 0)
(0.026524 -6.85737e-05 0)
(0.026613 -4.01867e-05 0)
(0.0266687 -1.48219e-05 0)
(0.0266939 7.63071e-06 0)
(0.0266914 2.73056e-05 0)
(0.0266641 4.43559e-05 0)
(0.0266145 5.89481e-05 0)
(0.0265451 7.12573e-05 0)
(0.0264586 8.14632e-05 0)
(0.0263571 8.97462e-05 0)
(0.0262428 9.62844e-05 0)
(0.0261178 0.000101251 0)
(0.0259839 0.000104814 0)
(0.0258427 0.00010713 0)
(0.025696 0.000108349 0)
(0.0255451 0.000108611 0)
(0.0253912 0.000108044 0)
(0.0252356 0.000106767 0)
(0.0250793 0.000104888 0)
(0.0249231 0.000102506 0)
(0.0247678 9.9707e-05 0)
(0.0246142 9.65717e-05 0)
(0.0244628 9.31699e-05 0)
(0.024314 8.95637e-05 0)
(0.0241684 8.58075e-05 0)
(0.0240263 8.19488e-05 0)
(0.0238879 7.80286e-05 0)
(0.0237535 7.40822e-05 0)
(0.0236232 7.01392e-05 0)
(0.0234972 6.62248e-05 0)
(0.0233756 6.23595e-05 0)
(0.0232584 5.85602e-05 0)
(0.0231457 5.48401e-05 0)
(0.0230374 5.12096e-05 0)
(0.0229336 4.7676e-05 0)
(0.0228342 4.42446e-05 0)
(0.0227391 4.09184e-05 0)
(0.0226484 3.76986e-05 0)
(0.0225619 3.4585e-05 0)
(0.0224796 3.15759e-05 0)
(0.0224015 2.86687e-05 0)
(0.0223274 2.58597e-05 0)
(0.0222572 2.31446e-05 0)
(0.022191 2.05185e-05 0)
(0.0221287 1.7976e-05 0)
(0.0220701 1.55114e-05 0)
(0.0220153 1.31188e-05 0)
(0.0219642 1.07923e-05 0)
(0.0219167 8.52574e-06 0)
(0.0218727 6.31326e-06 0)
(0.0218324 4.14898e-06 0)
(0.0217956 2.02721e-06 0)
(0.0217622 -5.75168e-08 0)
(0.0217323 -2.1104e-06 0)
(0.0217059 -4.13635e-06 0)
(0.0216829 -6.13998e-06 0)
(0.0216633 -8.12555e-06 0)
(0.0216471 -1.0097e-05 0)
(0.0216344 -1.20579e-05 0)
(0.021625 -1.40113e-05 0)
(0.0216191 -1.59602e-05 0)
(0.0216165 -1.7907e-05 0)
(0.0216173 -1.98536e-05 0)
(0.0216216 -2.18018e-05 0)
(0.0216293 -2.37529e-05 0)
(0.0216403 -2.57078e-05 0)
(0.0216548 -2.76669e-05 0)
(0.0216727 -2.96306e-05 0)
(0.0216939 -3.15984e-05 0)
(0.0217186 -3.357e-05 0)
(0.0217467 -3.55442e-05 0)
(0.0217782 -3.75197e-05 0)
(0.021813 -3.94949e-05 0)
(0.0218512 -4.14676e-05 0)
(0.0218927 -4.34354e-05 0)
(0.0219376 -4.53955e-05 0)
(0.0219857 -4.73446e-05 0)
(0.0220371 -4.92791e-05 0)
(0.0220916 -5.11952e-05 0)
(0.0221494 -5.30886e-05 0)
(0.0222102 -5.49546e-05 0)
(0.0222741 -5.67883e-05 0)
(0.0223409 -5.85844e-05 0)
(0.0224106 -6.03374e-05 0)
(0.0224832 -6.20414e-05 0)
(0.0225584 -6.36904e-05 0)
(0.0226363 -6.52783e-05 0)
(0.0227167 -6.67986e-05 0)
(0.0227995 -6.82448e-05 0)
(0.0228845 -6.96104e-05 0)
(0.0229717 -7.08888e-05 0)
(0.0230609 -7.20737e-05 0)
(0.0231519 -7.31586e-05 0)
(0.0232446 -7.41374e-05 0)
(0.0233388 -7.50042e-05 0)
(0.0234344 -7.57535e-05 0)
(0.0235311 -7.63809e-05 0)
(0.0236288 -7.68823e-05 0)
(0.0237273 -7.72569e-05 0)
(0.0238264 -7.75133e-05 0)
(0.0239259 -7.76259e-05 0)
(0.0240256 -7.77755e-05 0)
(0.0241252 -7.74891e-05 0)
(0.0242249 -7.84274e-05 0)
(0.0243242 -7.68835e-05 0)
(0.0244219 -8.16189e-05 0)
(0.0245264 -7.99073e-05 0)
(0.0246073 -8.38586e-05 0)
(0.0247499 -0.00011971 0)
(-0.000178924 0.000645192 0)
(-0.00104344 0.00125445 0)
(-0.0021687 0.0015336 0)
(-0.00330656 0.00157531 0)
(-0.00439564 0.00157083 0)
(-0.00542533 0.001528 0)
(-0.00637998 0.00148493 0)
(-0.00727068 0.00143321 0)
(-0.00809407 0.0013807 0)
(-0.00885829 0.00132575 0)
(-0.00956474 0.0012709 0)
(-0.0102185 0.00121635 0)
(-0.0108222 0.00116292 0)
(-0.011379 0.00111082 0)
(-0.0118914 0.00106027 0)
(-0.0123615 0.0010113 0)
(-0.0127911 0.00096387 0)
(-0.0131819 0.000917893 0)
(-0.0135351 0.000873232 0)
(-0.0138515 0.000829716 0)
(-0.0141321 0.000787144 0)
(-0.0143772 0.000745283 0)
(-0.0145871 0.000703874 0)
(-0.0147618 0.000662621 0)
(-0.014901 0.000621199 0)
(-0.0150044 0.000579249 0)
(-0.0150712 0.000536377 0)
(-0.0151006 0.000492159 0)
(-0.0150915 0.000446144 0)
(-0.0150425 0.000397858 0)
(-0.0149522 0.000346815 0)
(-0.0148189 0.000292522 0)
(-0.0146409 0.000234496 0)
(-0.0144163 0.000172271 0)
(-0.0141432 0.00010542 0)
(-0.0138194 3.35621e-05 0)
(-0.0134432 -4.36184e-05 0)
(-0.0130124 -0.000126359 0)
(-0.0125253 -0.000214807 0)
(-0.0119802 -0.000309006 0)
(-0.0113756 -0.00040889 0)
(-0.0107101 -0.000514275 0)
(-0.00998279 -0.000624858 0)
(-0.00919291 -0.000740212 0)
(-0.00834008 -0.000859795 0)
(-0.0074243 -0.000982948 0)
(-0.00644595 -0.00110891 0)
(-0.00540582 -0.00123682 0)
(-0.00430513 -0.00136574 0)
(-0.00314552 -0.00149464 0)
(-0.00192907 -0.00162247 0)
(-0.000658297 -0.00174811 0)
(0.000663849 -0.00187043 0)
(0.00203401 -0.00198828 0)
(0.00344842 -0.00210053 0)
(0.00490294 -0.00220608 0)
(0.00639307 -0.00230384 0)
(0.00791398 -0.00239283 0)
(0.00946055 -0.00247209 0)
(0.0110274 -0.00254079 0)
(0.012609 -0.00259818 0)
(0.0141994 -0.00264363 0)
(0.015793 -0.00267664 0)
(0.0173837 -0.00269684 0)
(0.0189655 -0.002704 0)
(0.0205326 -0.00269806 0)
(0.0220792 -0.00267908 0)
(0.0235995 -0.00264729 0)
(0.0250881 -0.00260308 0)
(0.0265399 -0.00254695 0)
(0.0279499 -0.00247959 0)
(0.0293136 -0.00240175 0)
(0.0306269 -0.00231436 0)
(0.0318862 -0.00221838 0)
(0.033088 -0.0021149 0)
(0.0342298 -0.00200504 0)
(0.0353092 -0.00188996 0)
(0.0363244 -0.00177085 0)
(0.0372742 -0.00164888 0)
(0.0381577 -0.00152522 0)
(0.0389747 -0.00140097 0)
(0.0397252 -0.0012772 0)
(0.0404097 -0.00115491 0)
(0.0410293 -0.00103499 0)
(0.041585 -0.000918263 0)
(0.0420787 -0.000805457 0)
(0.0425121 -0.000697189 0)
(0.0428874 -0.000593979 0)
(0.043207 -0.000496245 0)
(0.0434733 -0.000404304 0)
(0.0436892 -0.000318384 0)
(0.0438573 -0.000238622 0)
(0.0439805 -0.000165073 0)
(0.0440618 -9.77211e-05 0)
(0.044104 -3.64826e-05 0)
(0.0441101 1.87819e-05 0)
(0.0440831 6.82605e-05 0)
(0.0440257 0.000112182 0)
(0.0439407 0.000150807 0)
(0.0438308 0.000184421 0)
(0.0436987 0.000213329 0)
(0.0435468 0.000237845 0)
(0.0433775 0.000258291 0)
(0.043193 0.00027499 0)
(0.0429955 0.000288261 0)
(0.042787 0.000298415 0)
(0.0425692 0.000305756 0)
(0.0423439 0.000310573 0)
(0.0421127 0.000313143 0)
(0.0418771 0.000313725 0)
(0.0416383 0.000312564 0)
(0.0413975 0.000309886 0)
(0.0411558 0.0003059 0)
(0.0409142 0.000300798 0)
(0.0406735 0.000294755 0)
(0.0404346 0.00028793 0)
(0.0401979 0.000280464 0)
(0.0399642 0.000272484 0)
(0.039734 0.000264104 0)
(0.0395076 0.000255423 0)
(0.0392854 0.000246526 0)
(0.0390678 0.000237489 0)
(0.0388549 0.000228376 0)
(0.038647 0.00021924 0)
(0.0384443 0.000210126 0)
(0.0382468 0.000201073 0)
(0.0380547 0.000192108 0)
(0.037868 0.000183255 0)
(0.0376869 0.000174531 0)
(0.0375112 0.000165948 0)
(0.0373412 0.000157514 0)
(0.0371766 0.000149232 0)
(0.0370177 0.000141103 0)
(0.0368642 0.000133124 0)
(0.0367164 0.000125291 0)
(0.036574 0.000117597 0)
(0.0364372 0.000110035 0)
(0.0363059 0.000102594 0)
(0.03618 9.52653e-05 0)
(0.0360597 8.80384e-05 0)
(0.0359448 8.09023e-05 0)
(0.0358355 7.38464e-05 0)
(0.0357316 6.68601e-05 0)
(0.0356332 5.9933e-05 0)
(0.0355404 5.30555e-05 0)
(0.035453 4.62182e-05 0)
(0.0353712 3.94128e-05 0)
(0.035295 3.26313e-05 0)
(0.0352243 2.58668e-05 0)
(0.0351592 1.91133e-05 0)
(0.0350998 1.23657e-05 0)
(0.035046 5.61956e-06 0)
(0.0349979 -1.12828e-06 0)
(0.0349555 -7.88021e-06 0)
(0.0349189 -1.46376e-05 0)
(0.034888 -2.1401e-05 0)
(0.0348628 -2.81697e-05 0)
(0.0348434 -3.49425e-05 0)
(0.0348298 -4.1717e-05 0)
(0.034822 -4.84899e-05 0)
(0.0348201 -5.52571e-05 0)
(0.0348238 -6.20134e-05 0)
(0.0348334 -6.87531e-05 0)
(0.0348488 -7.54693e-05 0)
(0.0348698 -8.21543e-05 0)
(0.0348966 -8.87997e-05 0)
(0.034929 -9.5396e-05 0)
(0.0349671 -0.000101933 0)
(0.0350107 -0.0001084 0)
(0.0350598 -0.000114785 0)
(0.0351142 -0.000121075 0)
(0.035174 -0.000127257 0)
(0.0352391 -0.000133317 0)
(0.0353092 -0.00013924 0)
(0.0353843 -0.00014501 0)
(0.0354643 -0.000150613 0)
(0.0355489 -0.00015603 0)
(0.0356381 -0.000161246 0)
(0.0357317 -0.000166243 0)
(0.0358296 -0.000171005 0)
(0.0359314 -0.000175513 0)
(0.036037 -0.00017975 0)
(0.0361463 -0.000183699 0)
(0.0362589 -0.000187344 0)
(0.0363746 -0.000190669 0)
(0.0364932 -0.000193657 0)
(0.0366145 -0.000196295 0)
(0.0367381 -0.000198569 0)
(0.0368639 -0.000200466 0)
(0.0369914 -0.000201981 0)
(0.0371205 -0.000203099 0)
(0.0372508 -0.000203842 0)
(0.037382 -0.000204212 0)
(0.0375137 -0.00020416 0)
(0.0376458 -0.000204343 0)
(0.0377773 -0.000202822 0)
(0.0379094 -0.00020586 0)
(0.0380389 -0.000201492 0)
(0.0381623 -0.000207303 0)
(0.0383162 -0.000228224 0)
(-0.000305679 0.00126189 0)
(-0.00151688 0.0023157 0)
(-0.00287118 0.00272415 0)
(-0.00413866 0.00273447 0)
(-0.005238 0.00266279 0)
(-0.00621833 0.00253393 0)
(-0.00706579 0.00240544 0)
(-0.00781399 0.0022709 0)
(-0.00846439 0.00214126 0)
(-0.00903369 0.00201507 0)
(-0.0095271 0.00189462 0)
(-0.00995352 0.0017795 0)
(-0.0103177 0.00166982 0)
(-0.0106249 0.00156511 0)
(-0.0108786 0.00146498 0)
(-0.011082 0.0013689 0)
(-0.0112374 0.00127638 0)
(-0.0113468 0.00118692 0)
(-0.0114116 0.00109999 0)
(-0.011433 0.00101511 0)
(-0.0114115 0.000931769 0)
(-0.0113478 0.000849456 0)
(-0.0112418 0.000767654 0)
(-0.0110936 0.000685828 0)
(-0.0109027 0.000603428 0)
(-0.0106688 0.000519886 0)
(-0.0103909 0.000434617 0)
(-0.0100684 0.000347021 0)
(-0.00970012 0.000256493 0)
(-0.009285 0.000162423 0)
(-0.00882181 6.42153e-05 0)
(-0.00830929 -3.87074e-05 0)
(-0.00774612 -0.000146885 0)
(-0.00713101 -0.000260809 0)
(-0.00646269 -0.000380902 0)
(-0.00573995 -0.000507506 0)
(-0.00496169 -0.000640867 0)
(-0.00412695 -0.000781118 0)
(-0.00323492 -0.000928268 0)
(-0.002285 -0.00108219 0)
(-0.00127682 -0.00124262 0)
(-0.000210237 -0.00140915 0)
(0.000914582 -0.00158122 0)
(0.00209719 -0.00175812 0)
(0.0033368 -0.001939 0)
(0.00463232 -0.00212288 0)
(0.0059823 -0.00230867 0)
(0.00738492 -0.00249513 0)
(0.00883801 -0.00268097 0)
(0.010339 -0.0028648 0)
(0.0118851 -0.00304515 0)
(0.0134729 -0.00322054 0)
(0.015099 -0.00338944 0)
(0.0167592 -0.00355033 0)
(0.0184493 -0.0037017 0)
(0.0201649 -0.0038421 0)
(0.0219009 -0.00397011 0)
(0.0236522 -0.00408442 0)
(0.0254136 -0.0041838 0)
(0.0271795 -0.00426716 0)
(0.0289443 -0.00433354 0)
(0.0307021 -0.00438215 0)
(0.0324472 -0.00441235 0)
(0.0341738 -0.00442373 0)
(0.0358761 -0.00441604 0)
(0.0375485 -0.00438926 0)
(0.0391856 -0.00434358 0)
(0.0407822 -0.00427939 0)
(0.0423333 -0.0041973 0)
(0.0438343 -0.00409812 0)
(0.0452811 -0.00398285 0)
(0.0466698 -0.00385267 0)
(0.0479971 -0.00370889 0)
(0.0492601 -0.00355299 0)
(0.0504566 -0.00338651 0)
(0.0515847 -0.0032111 0)
(0.052643 -0.00302845 0)
(0.0536307 -0.00284024 0)
(0.0545475 -0.00264817 0)
(0.0553934 -0.0024539 0)
(0.0561691 -0.00225901 0)
(0.0568754 -0.00206501 0)
(0.0575136 -0.00187329 0)
(0.0580854 -0.00168515 0)
(0.0585926 -0.00150173 0)
(0.0590374 -0.00132406 0)
(0.0594222 -0.00115302 0)
(0.0597493 -0.000989329 0)
(0.0600215 -0.0008336 0)
(0.0602413 -0.000686294 0)
(0.0604118 -0.000547748 0)
(0.0605355 -0.00041818 0)
(0.0606154 -0.000297698 0)
(0.0606542 -0.000186313 0)
(0.0606548 -8.39442e-05 0)
(0.0606199 9.56397e-06 0)
(0.0605521 9.44352e-05 0)
(0.0604542 0.000170949 0)
(0.0603285 0.000239432 0)
(0.0601777 0.000300246 0)
(0.0600039 0.000353784 0)
(0.0598096 0.000400457 0)
(0.0595968 0.00044069 0)
(0.0593675 0.000474915 0)
(0.0591238 0.000503566 0)
(0.0588675 0.000527074 0)
(0.0586002 0.000545859 0)
(0.0583236 0.000560334 0)
(0.0580393 0.000570895 0)
(0.0577485 0.000577923 0)
(0.0574527 0.000581779 0)
(0.057153 0.000582807 0)
(0.0568505 0.000581328 0)
(0.0565463 0.000577642 0)
(0.0562412 0.000572029 0)
(0.0559361 0.000564747 0)
(0.0556317 0.00055603 0)
(0.0553287 0.000546095 0)
(0.0550278 0.000535137 0)
(0.0547295 0.00052333 0)
(0.0544341 0.000510831 0)
(0.0541423 0.00049778 0)
(0.0538542 0.000484298 0)
(0.0535704 0.000470492 0)
(0.0532909 0.000456453 0)
(0.0530161 0.00044226 0)
(0.0527462 0.000427978 0)
(0.0524813 0.000413663 0)
(0.0522217 0.000399357 0)
(0.0519674 0.000385095 0)
(0.0517185 0.000370905 0)
(0.0514752 0.000356804 0)
(0.0512375 0.000342806 0)
(0.0510055 0.000328917 0)
(0.0507793 0.000315139 0)
(0.0505589 0.000301471 0)
(0.0503444 0.000287907 0)
(0.0501358 0.000274439 0)
(0.0499333 0.000261058 0)
(0.0497369 0.000247752 0)
(0.0495465 0.000234508 0)
(0.0493624 0.000221314 0)
(0.0491845 0.000208156 0)
(0.049013 0.000195021 0)
(0.0488478 0.000181897 0)
(0.0486891 0.000168771 0)
(0.0485369 0.000155634 0)
(0.0483914 0.000142476 0)
(0.0482525 0.000129288 0)
(0.0481204 0.000116063 0)
(0.0479951 0.000102797 0)
(0.0478768 8.94855e-05 0)
(0.0477654 7.61268e-05 0)
(0.0476611 6.27206e-05 0)
(0.047564 4.92682e-05 0)
(0.047474 3.57728e-05 0)
(0.0473913 2.2239e-05 0)
(0.0473159 8.67316e-06 0)
(0.0472478 -4.91667e-06 0)
(0.0471872 -1.8521e-05 0)
(0.047134 -3.21287e-05 0)
(0.0470882 -4.57273e-05 0)
(0.0470499 -5.93027e-05 0)
(0.0470191 -7.28394e-05 0)
(0.0469958 -8.63208e-05 0)
(0.0469799 -9.97286e-05 0)
(0.0469714 -0.000113043 0)
(0.0469702 -0.000126244 0)
(0.0469764 -0.00013931 0)
(0.0469899 -0.000152217 0)
(0.0470105 -0.000164941 0)
(0.0470381 -0.000177457 0)
(0.0470728 -0.000189738 0)
(0.0471143 -0.000201758 0)
(0.0471625 -0.000213488 0)
(0.0472172 -0.0002249 0)
(0.0472783 -0.000235965 0)
(0.0473457 -0.000246652 0)
(0.0474191 -0.000256931 0)
(0.0474982 -0.000266773 0)
(0.047583 -0.000276148 0)
(0.0476731 -0.000285024 0)
(0.0477683 -0.000293374 0)
(0.0478684 -0.000301168 0)
(0.0479731 -0.000308378 0)
(0.048082 -0.000314979 0)
(0.0481949 -0.000320944 0)
(0.0483116 -0.00032625 0)
(0.0484316 -0.000330875 0)
(0.0485547 -0.000334798 0)
(0.0486805 -0.000338006 0)
(0.0488087 -0.000340476 0)
(0.0489389 -0.000342219 0)
(0.0490707 -0.000343205 0)
(0.0492036 -0.000343586 0)
(0.0493372 -0.000342891 0)
(0.0494711 -0.000343365 0)
(0.0496027 -0.000338787 0)
(0.0497332 -0.00034359 0)
(0.0498765 -0.000344466 0)
(-0.000405109 0.00246975 0)
(-0.00171924 0.00379667 0)
(-0.00298743 0.00414169 0)
(-0.00405032 0.00389055 0)
(-0.00482703 0.00361762 0)
(-0.00542842 0.00331532 0)
(-0.00585136 0.0030516 0)
(-0.00615537 0.00280533 0)
(-0.00634961 0.00258159 0)
(-0.00646015 0.0023741 0)
(-0.00649538 0.00218167 0)
(-0.00646713 0.0020018 0)
(-0.00638111 0.00183284 0)
(-0.00624321 0.00167319 0)
(-0.00605698 0.00152145 0)
(-0.00582556 0.0013764 0)
(-0.00555104 0.00123693 0)
(-0.00523509 0.00110203 0)
(-0.00487879 0.000970783 0)
(-0.00448291 0.000842328 0)
(-0.00404784 0.000715856 0)
(-0.00357371 0.00059059 0)
(-0.00306042 0.000465777 0)
(-0.00250765 0.000340679 0)
(-0.00191492 0.000214567 0)
(-0.00128159 8.67221e-05 0)
(-0.000606934 -4.35704e-05 0)
(0.000109899 -0.000177013 0)
(0.000869807 -0.000314292 0)
(0.00167373 -0.00045607 0)
(0.00252262 -0.000602976 0)
(0.00341742 -0.00075559 0)
(0.00435901 -0.000914434 0)
(0.00534822 -0.00107995 0)
(0.00638579 -0.0012525 0)
(0.00747232 -0.00143233 0)
(0.00860827 -0.00161956 0)
(0.00979393 -0.0018142 0)
(0.0110294 -0.00201608 0)
(0.0123146 -0.00222491 0)
(0.013649 -0.00244022 0)
(0.0150323 -0.00266138 0)
(0.0164633 -0.00288759 0)
(0.0179411 -0.0031179 0)
(0.0194641 -0.0033512 0)
(0.0210306 -0.00358621 0)
(0.0226386 -0.00382156 0)
(0.0242856 -0.0040557 0)
(0.0259689 -0.00428703 0)
(0.0276856 -0.00451383 0)
(0.0294322 -0.0047343 0)
(0.0312051 -0.00494663 0)
(0.0330003 -0.00514896 0)
(0.0348135 -0.00533944 0)
(0.0366403 -0.00551624 0)
(0.0384757 -0.00567759 0)
(0.0403148 -0.00582177 0)
(0.0421522 -0.00594721 0)
(0.0439826 -0.00605244 0)
(0.0458005 -0.00613615 0)
(0.0476001 -0.00619722 0)
(0.0493759 -0.00623472 0)
(0.0511224 -0.00624797 0)
(0.0528338 -0.00623651 0)
(0.054505 -0.00620015 0)
(0.0561307 -0.00613898 0)
(0.057706 -0.00605335 0)
(0.0592265 -0.00594388 0)
(0.0606879 -0.0058115 0)
(0.0620865 -0.00565734 0)
(0.0634192 -0.00548283 0)
(0.0646831 -0.00528959 0)
(0.065876 -0.00507944 0)
(0.0669964 -0.00485435 0)
(0.068043 -0.00461642 0)
(0.0690154 -0.00436784 0)
(0.0699134 -0.00411084 0)
(0.0707376 -0.00384766 0)
(0.0714888 -0.00358049 0)
(0.0721684 -0.00331148 0)
(0.0727779 -0.00304266 0)
(0.0733195 -0.00277596 0)
(0.0737954 -0.00251314 0)
(0.0742081 -0.00225581 0)
(0.0745603 -0.00200539 0)
(0.0748547 -0.00176315 0)
(0.0750944 -0.00153014 0)
(0.0752821 -0.00130725 0)
(0.075421 -0.00109518 0)
(0.0755139 -0.00089446 0)
(0.0755638 -0.000705469 0)
(0.0755735 -0.000528434 0)
(0.0755459 -0.00036345 0)
(0.0754836 -0.000210489 0)
(0.0753893 -6.94191e-05 0)
(0.0752655 5.99838e-05 0)
(0.0751147 0.000178023 0)
(0.0749391 0.000285068 0)
(0.0747409 0.000381541 0)
(0.0745222 0.000467907 0)
(0.0742851 0.000544663 0)
(0.0740313 0.000612329 0)
(0.0737627 0.000671439 0)
(0.0734808 0.000722536 0)
(0.0731873 0.000766163 0)
(0.0728837 0.000802858 0)
(0.0725712 0.000833151 0)
(0.0722512 0.000857558 0)
(0.0719249 0.000876577 0)
(0.0715934 0.000890692 0)
(0.0712576 0.000900359 0)
(0.0709186 0.000906016 0)
(0.0705772 0.000908076 0)
(0.0702342 0.000906926 0)
(0.0698904 0.000902927 0)
(0.0695464 0.000896418 0)
(0.0692029 0.000887709 0)
(0.0688604 0.000877088 0)
(0.0685193 0.000864815 0)
(0.0681803 0.000851129 0)
(0.0678436 0.000836245 0)
(0.0675097 0.000820356 0)
(0.0671788 0.000803635 0)
(0.0668513 0.000786232 0)
(0.0665274 0.000768282 0)
(0.0662074 0.000749899 0)
(0.0658914 0.000731184 0)
(0.0655796 0.000712218 0)
(0.0652723 0.000693073 0)
(0.0649695 0.000673806 0)
(0.0646714 0.000654461 0)
(0.0643781 0.000635073 0)
(0.0640897 0.000615669 0)
(0.0638063 0.000596266 0)
(0.0635281 0.000576873 0)
(0.063255 0.000557494 0)
(0.0629872 0.000538129 0)
(0.0627248 0.000518773 0)
(0.0624679 0.000499415 0)
(0.0622166 0.000480044 0)
(0.0619709 0.000460648 0)
(0.061731 0.00044121 0)
(0.0614969 0.000421716 0)
(0.0612689 0.00040215 0)
(0.0610468 0.000382497 0)
(0.060831 0.000362743 0)
(0.0606215 0.000342875 0)
(0.0604184 0.000322882 0)
(0.0602218 0.000302753 0)
(0.0600319 0.000282482 0)
(0.0598488 0.000262063 0)
(0.0596725 0.000241494 0)
(0.0595033 0.000220774 0)
(0.0593412 0.000199906 0)
(0.0591864 0.000178895 0)
(0.0590389 0.000157748 0)
(0.0588989 0.000136477 0)
(0.0587665 0.000115093 0)
(0.0586418 9.3612e-05 0)
(0.0585248 7.20523e-05 0)
(0.0584156 5.04339e-05 0)
(0.0583143 2.87794e-05 0)
(0.058221 7.11373e-06 0)
(0.0581357 -1.45362e-05 0)
(0.0580584 -3.61413e-05 0)
(0.0579892 -5.76706e-05 0)
(0.057928 -7.90915e-05 0)
(0.0578749 -0.000100369 0)
(0.0578298 -0.000121468 0)
(0.0577928 -0.000142349 0)
(0.0577636 -0.000162975 0)
(0.0577424 -0.000183304 0)
(0.0577289 -0.000203294 0)
(0.0577231 -0.000222904 0)
(0.0577249 -0.000242089 0)
(0.0577341 -0.000260806 0)
(0.0577506 -0.000279009 0)
(0.0577743 -0.000296653 0)
(0.0578049 -0.000313693 0)
(0.0578422 -0.000330084 0)
(0.057886 -0.000345781 0)
(0.0579362 -0.00036074 0)
(0.0579924 -0.000374917 0)
(0.0580545 -0.000388272 0)
(0.0581221 -0.000400763 0)
(0.058195 -0.000412352 0)
(0.0582728 -0.000423002 0)
(0.0583553 -0.000432679 0)
(0.0584422 -0.00044135 0)
(0.0585332 -0.000448985 0)
(0.0586279 -0.000455551 0)
(0.0587259 -0.000461018 0)
(0.058827 -0.000465368 0)
(0.0589308 -0.000468519 0)
(0.0590367 -0.000470533 0)
(0.0591444 -0.000471121 0)
(0.0592531 -0.000470864 0)
(0.0593616 -0.000466905 0)
(0.0594705 -0.000468773 0)
(0.059584 -0.000452355 0)
(-0.000693693 0.00309428 0)
(-0.00209191 0.00472266 0)
(-0.0025547 0.00495178 0)
(-0.00279258 0.00450474 0)
(-0.00262731 0.00403232 0)
(-0.00237806 0.00356557 0)
(-0.00198291 0.00316148 0)
(-0.0015262 0.00280329 0)
(-0.000999046 0.00248657 0)
(-0.000426854 0.00220267 0)
(0.000188611 0.00194501 0)
(0.000838238 0.00170875 0)
(0.00151965 0.00148958 0)
(0.00222921 0.00128444 0)
(0.00296547 0.00109059 0)
(0.003727 0.000905944 0)
(0.00451323 0.00072866 0)
(0.00532378 0.000557211 0)
(0.00615869 0.000390234 0)
(0.00701818 0.000226533 0)
(0.00790269 6.50123e-05 0)
(0.00881281 -9.53334e-05 0)
(0.00974927 -0.000255447 0)
(0.0107129 -0.00041622 0)
(0.0117045 -0.000578503 0)
(0.0127252 -0.000743111 0)
(0.0137759 -0.000910825 0)
(0.0148576 -0.00108239 0)
(0.0159713 -0.00125852 0)
(0.0171179 -0.00143986 0)
(0.0182985 -0.00162703 0)
(0.0195137 -0.00182055 0)
(0.0207644 -0.0020209 0)
(0.0220512 -0.00222843 0)
(0.0233746 -0.0024434 0)
(0.0247348 -0.00266594 0)
(0.026132 -0.00289605 0)
(0.0275663 -0.00313359 0)
(0.0290372 -0.00337824 0)
(0.0305444 -0.00362954 0)
(0.032087 -0.00388682 0)
(0.0336641 -0.00414928 0)
(0.0352744 -0.00441589 0)
(0.0369164 -0.00468548 0)
(0.0385881 -0.00495671 0)
(0.0402876 -0.00522805 0)
(0.0420122 -0.00549786 0)
(0.0437594 -0.00576434 0)
(0.0455259 -0.00602557 0)
(0.0473085 -0.00627954 0)
(0.0491034 -0.00652418 0)
(0.0509068 -0.00675734 0)
(0.0527143 -0.00697685 0)
(0.0545215 -0.00718056 0)
(0.0563236 -0.00736635 0)
(0.0581155 -0.00753214 0)
(0.0598923 -0.00767598 0)
(0.0616485 -0.00779602 0)
(0.0633787 -0.00789061 0)
(0.0650776 -0.00795827 0)
(0.0667398 -0.00799776 0)
(0.0683598 -0.0080081 0)
(0.0699326 -0.00798859 0)
(0.0714532 -0.00793887 0)
(0.0729169 -0.00785886 0)
(0.0743195 -0.00774886 0)
(0.0756571 -0.0076095 0)
(0.0769263 -0.00744176 0)
(0.0781244 -0.00724697 0)
(0.079249 -0.00702673 0)
(0.0802984 -0.00678299 0)
(0.0812718 -0.00651792 0)
(0.0821686 -0.0062339 0)
(0.082989 -0.00593352 0)
(0.0837339 -0.00561946 0)
(0.0844043 -0.00529448 0)
(0.0850022 -0.00496136 0)
(0.0855298 -0.00462286 0)
(0.0859894 -0.00428165 0)
(0.086384 -0.00394028 0)
(0.0867167 -0.00360118 0)
(0.0869906 -0.00326656 0)
(0.0872091 -0.00293844 0)
(0.0873755 -0.00261865 0)
(0.0874931 -0.00230874 0)
(0.0875654 -0.00201008 0)
(0.0875955 -0.00172377 0)
(0.0875866 -0.00145071 0)
(0.0875416 -0.0011916 0)
(0.0874635 -0.000946908 0)
(0.087355 -0.000716954 0)
(0.0872186 -0.000501876 0)
(0.0870568 -0.000301666 0)
(0.0868718 -0.000116187 0)
(0.0866657 5.48112e-05 0)
(0.0864406 0.000211675 0)
(0.0861982 0.00035483 0)
(0.0859402 0.000484771 0)
(0.0856683 0.000602042 0)
(0.085384 0.000707228 0)
(0.0850885 0.000800943 0)
(0.0847832 0.00088382 0)
(0.0844693 0.000956504 0)
(0.0841478 0.00101964 0)
(0.0838198 0.00107387 0)
(0.0834862 0.00111983 0)
(0.0831479 0.00115814 0)
(0.0828058 0.00118941 0)
(0.0824606 0.00121421 0)
(0.0821129 0.00123311 0)
(0.0817634 0.00124664 0)
(0.0814128 0.0012553 0)
(0.0810615 0.00125958 0)
(0.0807102 0.00125993 0)
(0.0803591 0.00125676 0)
(0.0800088 0.00125048 0)
(0.0796597 0.00124145 0)
(0.079312 0.00123001 0)
(0.0789662 0.00121645 0)
(0.0786224 0.00120107 0)
(0.0782811 0.00118413 0)
(0.0779423 0.00116584 0)
(0.0776063 0.00114642 0)
(0.0772733 0.00112605 0)
(0.0769435 0.00110489 0)
(0.076617 0.00108309 0)
(0.0762939 0.00106076 0)
(0.0759744 0.00103801 0)
(0.0756586 0.00101493 0)
(0.0753466 0.000991589 0)
(0.0750384 0.000968041 0)
(0.0747341 0.000944336 0)
(0.0744339 0.000920506 0)
(0.0741378 0.000896575 0)
(0.0738459 0.000872558 0)
(0.0735582 0.000848462 0)
(0.0732749 0.000824287 0)
(0.0729959 0.000800027 0)
(0.0727214 0.000775672 0)
(0.0724515 0.000751208 0)
(0.0721862 0.00072662 0)
(0.0719256 0.000701887 0)
(0.0716698 0.000676992 0)
(0.071419 0.000651914 0)
(0.0711732 0.000626634 0)
(0.0709325 0.000601132 0)
(0.070697 0.000575393 0)
(0.0704669 0.0005494 0)
(0.0702423 0.00052314 0)
(0.0700233 0.000496604 0)
(0.06981 0.000469784 0)
(0.0696026 0.000442676 0)
(0.0694011 0.00041528 0)
(0.0692058 0.000387598 0)
(0.0690168 0.000359638 0)
(0.0688341 0.000331409 0)
(0.068658 0.000302925 0)
(0.0684884 0.000274205 0)
(0.0683257 0.000245269 0)
(0.0681698 0.000216143 0)
(0.0680209 0.000186856 0)
(0.0678791 0.000157439 0)
(0.0677444 0.000127927 0)
(0.067617 9.83585e-05 0)
(0.067497 6.87751e-05 0)
(0.0673843 3.92206e-05 0)
(0.0672791 9.74141e-06 0)
(0.0671813 -1.96133e-05 0)
(0.067091 -4.87922e-05 0)
(0.0670082 -7.7742e-05 0)
(0.0669329 -0.000106407 0)
(0.066865 -0.000134732 0)
(0.0668045 -0.000162656 0)
(0.0667514 -0.000190121 0)
(0.0667056 -0.000217067 0)
(0.066667 -0.000243431 0)
(0.0666354 -0.000269153 0)
(0.0666108 -0.000294169 0)
(0.0665931 -0.000318419 0)
(0.0665819 -0.000341841 0)
(0.0665773 -0.000364374 0)
(0.066579 -0.00038596 0)
(0.0665868 -0.00040654 0)
(0.0666005 -0.000426059 0)
(0.0666199 -0.000444465 0)
(0.0666447 -0.000461705 0)
(0.0666747 -0.000477732 0)
(0.0667097 -0.000492501 0)
(0.0667493 -0.00050597 0)
(0.0667933 -0.000518099 0)
(0.0668414 -0.000528846 0)
(0.0668934 -0.00053817 0)
(0.0669488 -0.000546021 0)
(0.0670075 -0.000552327 0)
(0.0670691 -0.000557024 0)
(0.0671331 -0.00055988 0)
(0.0671991 -0.000560824 0)
(0.0672665 -0.000558559 0)
(0.0673354 -0.000558039 0)
(0.0674075 -0.000532676 0)
(-0.000179638 0.00559903 0)
(-0.000139513 0.00561596 0)
(0.000998767 0.00502284 0)
(0.00218451 0.00399984 0)
(0.00363015 0.00328804 0)
(0.00503889 0.00272117 0)
(0.00648577 0.00225981 0)
(0.00790101 0.00187499 0)
(0.00930275 0.00153921 0)
(0.0106786 0.00124244 0)
(0.0120347 0.000973734 0)
(0.0133712 0.000727643 0)
(0.0146917 0.000498928 0)
(0.0159987 0.000284163 0)
(0.0172951 8.03263e-05 0)
(0.0185831 -0.00011488 0)
(0.0198653 -0.000303439 0)
(0.0211439 -0.000486992 0)
(0.022421 -0.000666979 0)
(0.0236985 -0.000844663 0)
(0.0249784 -0.00102118 0)
(0.0262625 -0.00119757 0)
(0.0275526 -0.0013748 0)
(0.0288503 -0.00155376 0)
(0.0301572 -0.0017353 0)
(0.031475 -0.00192022 0)
(0.0328051 -0.00210927 0)
(0.0341488 -0.00230316 0)
(0.0355075 -0.00250255 0)
(0.0368823 -0.00270802 0)
(0.0382744 -0.00292011 0)
(0.0396846 -0.00313926 0)
(0.0411137 -0.00336582 0)
(0.0425624 -0.00360004 0)
(0.044031 -0.00384206 0)
(0.0455199 -0.00409186 0)
(0.047029 -0.0043493 0)
(0.0485582 -0.00461408 0)
(0.0501069 -0.00488571 0)
(0.0516745 -0.00516353 0)
(0.0532601 -0.0054467 0)
(0.0548623 -0.00573419 0)
(0.0564797 -0.00602478 0)
(0.0581104 -0.00631705 0)
(0.0597524 -0.00660942 0)
(0.0614031 -0.00690011 0)
(0.0630598 -0.0071872 0)
(0.0647195 -0.00746861 0)
(0.0663787 -0.00774215 0)
(0.068034 -0.00800549 0)
(0.0696811 -0.00825625 0)
(0.071316 -0.00849199 0)
(0.0729342 -0.00871025 0)
(0.0745309 -0.00890857 0)
(0.0761013 -0.00908454 0)
(0.0776402 -0.00923586 0)
(0.0791426 -0.00936032 0)
(0.0806034 -0.00945593 0)
(0.0820172 -0.00952087 0)
(0.0833792 -0.0095536 0)
(0.0846844 -0.00955287 0)
(0.0859283 -0.00951776 0)
(0.0871067 -0.00944772 0)
(0.0882157 -0.0093426 0)
(0.0892521 -0.00920266 0)
(0.0902133 -0.00902858 0)
(0.0910972 -0.00882146 0)
(0.0919025 -0.00858282 0)
(0.0926286 -0.00831457 0)
(0.0932757 -0.00801899 0)
(0.0938447 -0.00769868 0)
(0.0943371 -0.00735648 0)
(0.0947554 -0.00699547 0)
(0.0951021 -0.00661887 0)
(0.0953809 -0.00622998 0)
(0.0955953 -0.00583211 0)
(0.0957495 -0.00542854 0)
(0.0958477 -0.00502242 0)
(0.0958945 -0.00461676 0)
(0.0958943 -0.00421439 0)
(0.0958516 -0.00381787 0)
(0.0957705 -0.00342954 0)
(0.0956553 -0.00305145 0)
(0.0955098 -0.00268537 0)
(0.0953378 -0.0023328 0)
(0.0951424 -0.00199497 0)
(0.0949269 -0.00167283 0)
(0.0946939 -0.0013671 0)
(0.094446 -0.00107829 0)
(0.0941853 -0.000806668 0)
(0.0939137 -0.000552348 0)
(0.0936329 -0.000315271 0)
(0.0933444 -9.52354e-05 0)
(0.0930493 0.000108077 0)
(0.0927489 0.000295086 0)
(0.092444 0.000466298 0)
(0.0921354 0.000622284 0)
(0.0918237 0.00076367 0)
(0.0915097 0.000891118 0)
(0.0911936 0.00100532 0)
(0.090876 0.00110699 0)
(0.0905573 0.00119685 0)
(0.0902377 0.00127562 0)
(0.0899176 0.00134401 0)
(0.0895973 0.00140273 0)
(0.0892769 0.00145248 0)
(0.0889567 0.00149392 0)
(0.0886369 0.00152771 0)
(0.0883177 0.00155447 0)
(0.0879993 0.00157481 0)
(0.0876818 0.00158929 0)
(0.0873654 0.00159846 0)
(0.0870503 0.00160283 0)
(0.0867367 0.00160288 0)
(0.0864245 0.00159907 0)
(0.0861141 0.00159182 0)
(0.0858055 0.00158152 0)
(0.0854989 0.00156853 0)
(0.0851942 0.00155319 0)
(0.0848918 0.0015358 0)
(0.0845916 0.00151663 0)
(0.0842937 0.00149594 0)
(0.0839983 0.00147395 0)
(0.0837054 0.00145086 0)
(0.083415 0.00142686 0)
(0.0831273 0.00140208 0)
(0.0828423 0.00137668 0)
(0.08256 0.00135076 0)
(0.0822805 0.00132441 0)
(0.0820039 0.00129773 0)
(0.0817301 0.00127078 0)
(0.0814593 0.0012436 0)
(0.0811914 0.00121624 0)
(0.0809265 0.00118872 0)
(0.0806647 0.00116105 0)
(0.0804059 0.00113325 0)
(0.0801503 0.00110531 0)
(0.0798978 0.00107723 0)
(0.0796485 0.00104899 0)
(0.0794025 0.00102058 0)
(0.0791599 0.000991969 0)
(0.0789205 0.000963145 0)
(0.0786847 0.00093408 0)
(0.0784523 0.000904748 0)
(0.0782235 0.000875124 0)
(0.0779983 0.000845184 0)
(0.0777769 0.000814905 0)
(0.0775593 0.000784266 0)
(0.0773455 0.00075325 0)
(0.0771358 0.000721841 0)
(0.0769302 0.000690027 0)
(0.0767289 0.000657801 0)
(0.0765318 0.00062516 0)
(0.0763392 0.000592104 0)
(0.0761511 0.000558637 0)
(0.0759676 0.000524771 0)
(0.0757889 0.00049052 0)
(0.0756152 0.000455902 0)
(0.0754463 0.000420943 0)
(0.0752827 0.00038567 0)
(0.0751242 0.000350117 0)
(0.074971 0.000314322 0)
(0.0748232 0.000278326 0)
(0.0746809 0.000242177 0)
(0.0745442 0.000205924 0)
(0.0744132 0.000169621 0)
(0.0742879 0.000133327 0)
(0.0741684 9.71011e-05 0)
(0.0740547 6.10082e-05 0)
(0.0739468 2.5115e-05 0)
(0.0738449 -1.05092e-05 0)
(0.0737488 -4.5793e-05 0)
(0.0736587 -8.06629e-05 0)
(0.0735744 -0.000115044 0)
(0.073496 -0.000148859 0)
(0.0734233 -0.000182032 0)
(0.0733565 -0.000214484 0)
(0.0732953 -0.000246138 0)
(0.0732397 -0.000276916 0)
(0.0731896 -0.000306741 0)
(0.0731449 -0.000335537 0)
(0.0731054 -0.000363231 0)
(0.0730711 -0.000389751 0)
(0.0730417 -0.000415027 0)
(0.0730172 -0.000438995 0)
(0.0729972 -0.000461591 0)
(0.0729818 -0.000482758 0)
(0.0729706 -0.000502441 0)
(0.0729635 -0.000520591 0)
(0.0729603 -0.000537159 0)
(0.0729607 -0.000552101 0)
(0.0729646 -0.000565367 0)
(0.0729718 -0.000576902 0)
(0.0729821 -0.000586628 0)
(0.0729952 -0.000594444 0)
(0.073011 -0.000600127 0)
(0.0730293 -0.000603461 0)
(0.0730499 -0.000603637 0)
(0.0730729 -0.000602875 0)
(0.0731013 -0.000576589 0)
(0.00500537 0.0020417 0)
(0.00750891 0.00307866 0)
(0.0124257 0.00262603 0)
(0.0156721 0.00201163 0)
(0.0187554 0.00139003 0)
(0.0214024 0.000890457 0)
(0.0238256 0.000475237 0)
(0.0260568 0.000134533 0)
(0.0281476 -0.000156529 0)
(0.0301249 -0.000410746 0)
(0.0320105 -0.000639425 0)
(0.0338199 -0.000849362 0)
(0.0355652 -0.00104571 0)
(0.0372559 -0.00123198 0)
(0.0388996 -0.00141085 0)
(0.0405027 -0.00158436 0)
(0.0420705 -0.00175418 0)
(0.0436076 -0.00192171 0)
(0.0451179 -0.00208814 0)
(0.0466051 -0.00225455 0)
(0.0480722 -0.00242192 0)
(0.0495221 -0.00259113 0)
(0.0509574 -0.00276302 0)
(0.0523805 -0.00293838 0)
(0.0537935 -0.00311795 0)
(0.0551985 -0.0033024 0)
(0.0565972 -0.0034924 0)
(0.0579913 -0.00368854 0)
(0.0593824 -0.00389135 0)
(0.0607716 -0.00410133 0)
(0.0621602 -0.00431887 0)
(0.0635491 -0.00454429 0)
(0.0649391 -0.00477781 0)
(0.0663307 -0.00501953 0)
(0.0677243 -0.00526944 0)
(0.0691199 -0.00552736 0)
(0.0705175 -0.00579299 0)
(0.0719166 -0.00606583 0)
(0.0733166 -0.00634521 0)
(0.0747165 -0.00663029 0)
(0.0761152 -0.00692001 0)
(0.0775112 -0.0072131 0)
(0.0789025 -0.00750811 0)
(0.0802871 -0.00780339 0)
(0.0816625 -0.00809707 0)
(0.083026 -0.0083871 0)
(0.0843744 -0.00867128 0)
(0.0857043 -0.00894723 0)
(0.0870122 -0.00921244 0)
(0.0882939 -0.00946429 0)
(0.0895452 -0.0097001 0)
(0.0907617 -0.0099171 0)
(0.0919388 -0.0101126 0)
(0.0930715 -0.0102838 0)
(0.0941551 -0.010428 0)
(0.0951847 -0.0105429 0)
(0.0961554 -0.0106261 0)
(0.0970627 -0.0106754 0)
(0.097902 -0.0106892 0)
(0.0986693 -0.0106658 0)
(0.099361 -0.0106043 0)
(0.0999742 -0.0105041 0)
(0.100506 -0.0103649 0)
(0.100956 -0.0101872 0)
(0.101322 -0.00997174 0)
(0.101606 -0.00971995 0)
(0.101807 -0.00943367 0)
(0.101928 -0.00911524 0)
(0.101971 -0.00876742 0)
(0.101942 -0.00839332 0)
(0.101843 -0.00799637 0)
(0.10168 -0.00758021 0)
(0.10146 -0.00714861 0)
(0.101187 -0.00670542 0)
(0.100869 -0.00625444 0)
(0.100512 -0.00579938 0)
(0.100121 -0.00534378 0)
(0.0997044 -0.00489095 0)
(0.0992668 -0.00444391 0)
(0.0988141 -0.00400542 0)
(0.0983514 -0.00357785 0)
(0.0978833 -0.0031633 0)
(0.0974139 -0.00276349 0)
(0.0969467 -0.00237982 0)
(0.0964847 -0.00201341 0)
(0.0960303 -0.00166506 0)
(0.0955854 -0.00133532 0)
(0.0951517 -0.00102452 0)
(0.0947301 -0.000732758 0)
(0.0943215 -0.000459965 0)
(0.0939261 -0.000205917 0)
(0.0935441 2.97399e-05 0)
(0.0931755 0.000247467 0)
(0.0928199 0.000447812 0)
(0.0924768 0.000631389 0)
(0.0921458 0.000798866 0)
(0.0918261 0.000950946 0)
(0.0915172 0.00108836 0)
(0.0912183 0.00121186 0)
(0.0909286 0.0013222 0)
(0.0906475 0.00142014 0)
(0.0903741 0.00150642 0)
(0.090108 0.00158178 0)
(0.0898483 0.00164694 0)
(0.0895945 0.00170262 0)
(0.089346 0.0017495 0)
(0.0891024 0.00178824 0)
(0.088863 0.00181947 0)
(0.0886276 0.00184381 0)
(0.0883957 0.00186183 0)
(0.088167 0.0018741 0)
(0.0879411 0.00188114 0)
(0.0877179 0.00188344 0)
(0.087497 0.00188148 0)
(0.0872784 0.00187569 0)
(0.0870618 0.00186648 0)
(0.0868471 0.00185423 0)
(0.0866342 0.0018393 0)
(0.0864229 0.00182201 0)
(0.0862133 0.00180266 0)
(0.0860053 0.00178151 0)
(0.0857987 0.00175883 0)
(0.0855937 0.00173482 0)
(0.0853901 0.00170969 0)
(0.0851879 0.00168362 0)
(0.0849872 0.00165675 0)
(0.0847879 0.00162922 0)
(0.0845901 0.00160115 0)
(0.0843937 0.00157264 0)
(0.0841987 0.00154376 0)
(0.0840052 0.00151458 0)
(0.0838132 0.00148516 0)
(0.0836226 0.00145552 0)
(0.0834336 0.0014257 0)
(0.0832461 0.0013957 0)
(0.0830601 0.00136555 0)
(0.0828757 0.00133523 0)
(0.0826929 0.00130473 0)
(0.0825117 0.00127404 0)
(0.0823321 0.00124315 0)
(0.0821542 0.00121202 0)
(0.0819781 0.00118063 0)
(0.0818036 0.00114896 0)
(0.0816309 0.00111696 0)
(0.08146 0.00108462 0)
(0.081291 0.00105191 0)
(0.0811239 0.00101879 0)
(0.0809588 0.000985242 0)
(0.0807956 0.000951244 0)
(0.0806346 0.000916775 0)
(0.0804756 0.000881819 0)
(0.0803189 0.000846364 0)
(0.0801644 0.000810404 0)
(0.0800122 0.000773935 0)
(0.0798624 0.00073696 0)
(0.0797152 0.000699485 0)
(0.0795704 0.000661526 0)
(0.0794283 0.000623098 0)
(0.079289 0.000584227 0)
(0.0791524 0.000544941 0)
(0.0790187 0.000505276 0)
(0.0788879 0.000465271 0)
(0.0787602 0.000424971 0)
(0.0786355 0.000384426 0)
(0.0785141 0.000343693 0)
(0.0783959 0.000302829 0)
(0.0782809 0.000261901 0)
(0.0781693 0.000220975 0)
(0.0780612 0.000180125 0)
(0.0779564 0.000139426 0)
(0.0778552 9.89568e-05 0)
(0.0777575 5.87994e-05 0)
(0.0776633 1.90383e-05 0)
(0.0775726 -2.02401e-05 0)
(0.0774856 -5.89476e-05 0)
(0.077402 -9.6995e-05 0)
(0.077322 -0.000134292 0)
(0.0772455 -0.000170748 0)
(0.0771724 -0.000206274 0)
(0.0771028 -0.00024078 0)
(0.0770365 -0.000274178 0)
(0.0769735 -0.000306382 0)
(0.0769138 -0.000337311 0)
(0.0768571 -0.000366882 0)
(0.0768036 -0.000395023 0)
(0.076753 -0.00042166 0)
(0.0767053 -0.000446729 0)
(0.0766603 -0.000470168 0)
(0.076618 -0.000491924 0)
(0.0765782 -0.000511946 0)
(0.0765409 -0.000530188 0)
(0.0765059 -0.000546606 0)
(0.0764731 -0.00056115 0)
(0.0764425 -0.000573756 0)
(0.076414 -0.000584335 0)
(0.0763877 -0.000592721 0)
(0.0763635 -0.000598721 0)
(0.0763419 -0.000601769 0)
(0.0763232 -0.000603126 0)
(0.0763118 -0.000581654 0)
(0.0344491 -1.77164e-06 0)
(0.0346034 -0.000145799 0)
(0.0349207 -0.000263247 0)
(0.0353534 -0.000325563 0)
(0.0358485 -0.0003637 0)
(0.0364875 -0.000438291 0)
(0.0371468 -0.000317402 0)
(0.0378249 -0.000770195 0)
(0.0908646 -5.4405e-06 0)
(0.0906415 -0.000126238 0)
(0.0905744 -0.000288839 0)
(0.0906086 -0.000454111 0)
(0.0907527 -0.000631997 0)
(0.0909817 -0.00080878 0)
(0.0913256 -0.00100326 0)
(0.092198 -0.00166697 0)
(0.128437 -9.1979e-06 0)
(0.128259 -8.95558e-05 0)
(0.128172 -0.000212789 0)
(0.128132 -0.000369654 0)
(0.12812 -0.00055249 0)
(0.128138 -0.000764907 0)
(0.128225 -0.00109109 0)
(0.128222 -0.00150897 0)
(0.147212 -1.31179e-05 0)
(0.147034 -0.000100159 0)
(0.146936 -0.000214058 0)
(0.146873 -0.000355146 0)
(0.146821 -0.000526779 0)
(0.146779 -0.000746946 0)
(0.14672 -0.00101435 0)
(0.146652 -0.00136818 0)
(0.147217 -1.84156e-05 0)
(0.147038 -0.000107803 0)
(0.146928 -0.000206566 0)
(0.146841 -0.000324815 0)
(0.14675 -0.00047344 0)
(0.146637 -0.000658739 0)
(0.146491 -0.000896031 0)
(0.146285 -0.0011858 0)
(0.12845 -2.61607e-05 0)
(0.128254 -0.000123907 0)
(0.128113 -0.000209537 0)
(0.127976 -0.00030305 0)
(0.127815 -0.000419527 0)
(0.127617 -0.000570156 0)
(0.127363 -0.000758394 0)
(0.127036 -0.000983653 0)
(0.0908857 -4.01462e-05 0)
(0.0906067 -0.000102569 0)
(0.090389 -0.000133277 0)
(0.0901714 -0.00017474 0)
(0.0899265 -0.000245519 0)
(0.0896312 -0.000349559 0)
(0.0892632 -0.000483908 0)
(0.0887998 -0.000639924 0)
(0.0344545 -4.62123e-05 0)
(0.0343724 -2.48432e-05 0)
(0.0343208 7.24777e-06 0)
(0.0342675 6.08184e-06 0)
(0.0341547 -2.6668e-05 0)
(0.0339546 -7.88318e-05 0)
(0.033652 -0.000137566 0)
(0.033242 -0.000192302 0)
(0.0404958 -0.00349732 0)
(0.0434072 -0.00319348 0)
(0.0460493 -0.00287841 0)
(0.048616 -0.00257209 0)
(0.0509706 -0.00242334 0)
(0.0531639 -0.00236978 0)
(0.0552178 -0.00238222 0)
(0.0571576 -0.00243275 0)
(0.0590025 -0.00250609 0)
(0.0607663 -0.00259288 0)
(0.0624597 -0.00268812 0)
(0.0640909 -0.002789 0)
(0.0656662 -0.00289407 0)
(0.0671911 -0.0030026 0)
(0.0686699 -0.00311429 0)
(0.0701067 -0.0032291 0)
(0.0715048 -0.00334718 0)
(0.0728674 -0.00346877 0)
(0.0741971 -0.00359421 0)
(0.0754967 -0.00372387 0)
(0.0767683 -0.00385818 0)
(0.0780142 -0.00399759 0)
(0.0792362 -0.00414255 0)
(0.0804362 -0.00429355 0)
(0.0816159 -0.00445104 0)
(0.0827767 -0.00461548 0)
(0.0839199 -0.0047873 0)
(0.0850468 -0.00496689 0)
(0.0861584 -0.00515461 0)
(0.0872555 -0.00535075 0)
(0.0883387 -0.00555554 0)
(0.0894086 -0.00576913 0)
(0.0904654 -0.00599156 0)
(0.0915093 -0.00622275 0)
(0.0925401 -0.0064625 0)
(0.0935573 -0.00671047 0)
(0.0945605 -0.00696613 0)
(0.0955487 -0.00722879 0)
(0.0965207 -0.00749758 0)
(0.0974751 -0.0077714 0)
(0.0984102 -0.00804897 0)
(0.0993239 -0.00832878 0)
(0.100214 -0.00860909 0)
(0.101078 -0.00888796 0)
(0.101912 -0.00916325 0)
(0.102714 -0.0094326 0)
(0.10348 -0.00969348 0)
(0.104205 -0.00994319 0)
(0.104887 -0.0101789 0)
(0.105521 -0.0103977 0)
(0.106101 -0.0105966 0)
(0.106624 -0.0107726 0)
(0.107086 -0.0109227 0)
(0.107481 -0.011044 0)
(0.107805 -0.0111338 0)
(0.108053 -0.0111894 0)
(0.108224 -0.0112087 0)
(0.108312 -0.0111898 0)
(0.108315 -0.011131 0)
(0.108231 -0.0110314 0)
(0.10806 -0.0108904 0)
(0.107801 -0.0107081 0)
(0.107455 -0.0104852 0)
(0.107025 -0.0102229 0)
(0.106514 -0.00992308 0)
(0.105927 -0.00958815 0)
(0.105269 -0.00922107 0)
(0.104546 -0.00882526 0)
(0.103767 -0.00840451 0)
(0.10294 -0.00796288 0)
(0.102073 -0.00750463 0)
(0.101175 -0.00703407 0)
(0.100256 -0.00655549 0)
(0.0993242 -0.00607305 0)
(0.0983885 -0.00559067 0)
(0.097457 -0.00511202 0)
(0.096537 -0.00464041 0)
(0.0956352 -0.00417878 0)
(0.0947576 -0.00372964 0)
(0.093909 -0.00329514 0)
(0.0930936 -0.002877 0)
(0.0923144 -0.00247656 0)
(0.091574 -0.00209484 0)
(0.0908737 -0.00173251 0)
(0.0902147 -0.00138998 0)
(0.0895969 -0.00106739 0)
(0.0890203 -0.000764698 0)
(0.0884839 -0.000481671 0)
(0.0879866 -0.00021794 0)
(0.087527 2.69801e-05 0)
(0.0871033 0.000253661 0)
(0.0867137 0.000462744 0)
(0.0863561 0.000654916 0)
(0.0860285 0.000830899 0)
(0.0857287 0.000991435 0)
(0.0854547 0.00113728 0)
(0.0852043 0.00126918 0)
(0.0849755 0.00138789 0)
(0.0847665 0.00149415 0)
(0.0845752 0.00158869 0)
(0.0844001 0.00167222 0)
(0.0842393 0.00174543 0)
(0.0840913 0.00180899 0)
(0.0839547 0.00186356 0)
(0.0838282 0.00190975 0)
(0.0837104 0.00194817 0)
(0.0836004 0.00197941 0)
(0.083497 0.00200402 0)
(0.0833994 0.00202252 0)
(0.0833066 0.00203544 0)
(0.0832181 0.00204324 0)
(0.083133 0.00204638 0)
(0.0830508 0.0020453 0)
(0.082971 0.00204041 0)
(0.0828931 0.00203208 0)
(0.0828167 0.00202068 0)
(0.0827415 0.00200654 0)
(0.0826672 0.00198997 0)
(0.0825935 0.00197126 0)
(0.0825203 0.00195067 0)
(0.0824473 0.00192844 0)
(0.0823744 0.00190479 0)
(0.0823014 0.00187992 0)
(0.0822284 0.00185402 0)
(0.0821551 0.00182723 0)
(0.0820816 0.0017997 0)
(0.0820078 0.00177155 0)
(0.0819337 0.00174288 0)
(0.0818592 0.00171378 0)
(0.0817844 0.00168433 0)
(0.0817092 0.00165458 0)
(0.0816336 0.00162457 0)
(0.0815577 0.00159436 0)
(0.0814815 0.00156394 0)
(0.0814049 0.00153335 0)
(0.0813279 0.00150258 0)
(0.0812507 0.00147162 0)
(0.0811732 0.00144048 0)
(0.0810954 0.00140912 0)
(0.0810173 0.00137754 0)
(0.0809389 0.0013457 0)
(0.0808604 0.00131357 0)
(0.0807816 0.00128114 0)
(0.0807026 0.00124836 0)
(0.0806235 0.0012152 0)
(0.0805441 0.00118164 0)
(0.0804647 0.00114765 0)
(0.080385 0.00111319 0)
(0.0803053 0.00107824 0)
(0.0802255 0.00104279 0)
(0.0801456 0.0010068 0)
(0.0800657 0.000970271 0)
(0.0799858 0.000933188 0)
(0.0799058 0.000895547 0)
(0.0798259 0.000857348 0)
(0.0797461 0.000818596 0)
(0.0796664 0.000779301 0)
(0.0795868 0.00073948 0)
(0.0795074 0.000699157 0)
(0.0794282 0.000658357 0)
(0.0793493 0.000617117 0)
(0.0792706 0.000575475 0)
(0.0791923 0.000533477 0)
(0.0791143 0.000491174 0)
(0.0790368 0.000448623 0)
(0.0789597 0.000405885 0)
(0.0788831 0.000363027 0)
(0.078807 0.00032012 0)
(0.0787315 0.000277241 0)
(0.0786565 0.00023447 0)
(0.0785822 0.000191889 0)
(0.0785085 0.000149587 0)
(0.0784356 0.000107653 0)
(0.0783633 6.61805e-05 0)
(0.0782917 2.52635e-05 0)
(0.0782209 -1.50016e-05 0)
(0.0781507 -5.45178e-05 0)
(0.0780814 -9.31873e-05 0)
(0.0780128 -0.000130913 0)
(0.0779449 -0.000167598 0)
(0.0778778 -0.000203148 0)
(0.0778113 -0.00023747 0)
(0.0777456 -0.000270475 0)
(0.0776806 -0.000302077 0)
(0.0776163 -0.000332195 0)
(0.0775526 -0.000360754 0)
(0.0774896 -0.000387684 0)
(0.0774271 -0.000412924 0)
(0.0773653 -0.00043642 0)
(0.077304 -0.000458124 0)
(0.0772433 -0.000477998 0)
(0.0771832 -0.000496009 0)
(0.0771237 -0.000512128 0)
(0.0770649 -0.000526322 0)
(0.0770069 -0.000538553 0)
(0.0769498 -0.000548739 0)
(0.0768941 -0.000556809 0)
(0.0768401 -0.000562447 0)
(0.0767889 -0.000567213 0)
(0.0767447 -0.000553089 0)
(0.0928291 -0.00217299 0)
(0.0928887 -0.00264822 0)
(0.0931924 -0.00291763 0)
(0.093656 -0.00310163 0)
(0.0942746 -0.00324281 0)
(0.0949881 -0.00336607 0)
(0.0957635 -0.00347994 0)
(0.0965753 -0.00358735 0)
(0.0974075 -0.00368946 0)
(0.0982485 -0.00378706 0)
(0.0990906 -0.00388103 0)
(0.099928 -0.0039724 0)
(0.100757 -0.00406223 0)
(0.101573 -0.00415156 0)
(0.102375 -0.00424137 0)
(0.103161 -0.00433256 0)
(0.10393 -0.00442595 0)
(0.10468 -0.0045223 0)
(0.105412 -0.00462232 0)
(0.106125 -0.00472665 0)
(0.106818 -0.00483592 0)
(0.107491 -0.0049507 0)
(0.108145 -0.00507152 0)
(0.108779 -0.00519891 0)
(0.109393 -0.00533334 0)
(0.109988 -0.00547523 0)
(0.110563 -0.005625 0)
(0.111119 -0.00578298 0)
(0.111654 -0.00594946 0)
(0.112169 -0.00612465 0)
(0.112663 -0.00630867 0)
(0.113136 -0.00650156 0)
(0.113586 -0.00670324 0)
(0.114014 -0.00691349 0)
(0.114418 -0.00713195 0)
(0.114796 -0.00735812 0)
(0.115147 -0.0075913 0)
(0.115469 -0.00783059 0)
(0.115761 -0.00807491 0)
(0.11602 -0.00832293 0)
(0.116243 -0.00857312 0)
(0.116428 -0.0088237 0)
(0.116571 -0.00907268 0)
(0.116669 -0.00931781 0)
(0.116719 -0.00955664 0)
(0.116717 -0.00978653 0)
(0.116658 -0.0100046 0)
(0.116539 -0.010208 0)
(0.116355 -0.0103934 0)
(0.116102 -0.0105579 0)
(0.115775 -0.0106981 0)
(0.115371 -0.010811 0)
(0.114886 -0.0108935 0)
(0.114316 -0.0109428 0)
(0.113659 -0.0109564 0)
(0.112913 -0.0109318 0)
(0.112076 -0.0108674 0)
(0.111148 -0.0107619 0)
(0.110131 -0.0106144 0)
(0.109026 -0.0104249 0)
(0.107838 -0.010194 0)
(0.106571 -0.00992302 0)
(0.105233 -0.00961392 0)
(0.10383 -0.00926937 0)
(0.102373 -0.00889265 0)
(0.100872 -0.00848758 0)
(0.0993384 -0.00805837 0)
(0.0977833 -0.00760954 0)
(0.0962191 -0.00714578 0)
(0.0946579 -0.00667181 0)
(0.0931115 -0.00619225 0)
(0.091591 -0.00571149 0)
(0.0901069 -0.00523364 0)
(0.0886685 -0.00476239 0)
(0.0872839 -0.00430099 0)
(0.0859599 -0.00385224 0)
(0.0847022 -0.00341842 0)
(0.0835148 -0.00300135 0)
(0.0824008 -0.00260242 0)
(0.0813618 -0.00222257 0)
(0.0803984 -0.0018624 0)
(0.0795104 -0.00152219 0)
(0.0786965 -0.00120194 0)
(0.0779549 -0.000901452 0)
(0.077283 -0.000620339 0)
(0.0766781 -0.000358087 0)
(0.0761368 -0.000114083 0)
(0.0756557 0.000112352 0)
(0.0752311 0.000321941 0)
(0.0748595 0.000515431 0)
(0.074537 0.000693577 0)
(0.0742601 0.000857131 0)
(0.0740252 0.00100684 0)
(0.0738287 0.00114342 0)
(0.0736673 0.00126758 0)
(0.073538 0.00138 0)
(0.0734375 0.00148134 0)
(0.0733632 0.00157224 0)
(0.0733123 0.0016533 0)
(0.0732823 0.00172511 0)
(0.073271 0.00178825 0)
(0.073276 0.00184324 0)
(0.0732955 0.00189062 0)
(0.0733276 0.00193088 0)
(0.0733706 0.0019645 0)
(0.0734229 0.00199196 0)
(0.0734833 0.00201369 0)
(0.0735503 0.00203012 0)
(0.0736228 0.00204166 0)
(0.0736998 0.0020487 0)
(0.0737804 0.00205161 0)
(0.0738637 0.00205075 0)
(0.073949 0.00204645 0)
(0.0740357 0.00203903 0)
(0.074123 0.00202879 0)
(0.0742106 0.00201602 0)
(0.0742981 0.00200097 0)
(0.0743849 0.00198391 0)
(0.0744709 0.00196506 0)
(0.0745556 0.00194463 0)
(0.074639 0.00192282 0)
(0.0747207 0.0018998 0)
(0.0748007 0.00187575 0)
(0.0748787 0.0018508 0)
(0.0749548 0.00182508 0)
(0.0750288 0.00179872 0)
(0.0751006 0.00177181 0)
(0.0751702 0.00174443 0)
(0.0752376 0.00171666 0)
(0.0753027 0.00168857 0)
(0.0753656 0.00166019 0)
(0.0754262 0.00163157 0)
(0.0754845 0.00160274 0)
(0.0755406 0.0015737 0)
(0.0755944 0.00154448 0)
(0.075646 0.00151506 0)
(0.0756953 0.00148546 0)
(0.0757424 0.00145564 0)
(0.0757873 0.00142561 0)
(0.0758299 0.00139533 0)
(0.0758704 0.00136478 0)
(0.0759086 0.00133394 0)
(0.0759446 0.00130278 0)
(0.0759784 0.00127126 0)
(0.07601 0.00123936 0)
(0.0760394 0.00120704 0)
(0.0760665 0.00117428 0)
(0.0760914 0.00114106 0)
(0.076114 0.00110734 0)
(0.0761343 0.0010731 0)
(0.0761524 0.00103833 0)
(0.0761681 0.001003 0)
(0.0761816 0.000967122 0)
(0.0761927 0.000930675 0)
(0.0762014 0.000893661 0)
(0.0762078 0.000856084 0)
(0.0762118 0.000817955 0)
(0.0762134 0.000779288 0)
(0.0762126 0.000740104 0)
(0.0762094 0.000700431 0)
(0.0762037 0.000660301 0)
(0.0761957 0.000619752 0)
(0.0761852 0.000578828 0)
(0.0761722 0.000537581 0)
(0.0761569 0.000496064 0)
(0.0761391 0.00045434 0)
(0.0761189 0.000412474 0)
(0.0760962 0.000370538 0)
(0.0760712 0.000328607 0)
(0.0760437 0.000286761 0)
(0.0760138 0.000245084 0)
(0.0759816 0.000203665 0)
(0.075947 0.000162593 0)
(0.07591 0.000121964 0)
(0.0758708 8.1871e-05 0)
(0.0758292 4.24131e-05 0)
(0.0757853 3.6882e-06 0)
(0.0757392 -3.42049e-05 0)
(0.0756909 -7.11677e-05 0)
(0.0756403 -0.000107103 0)
(0.0755876 -0.000141914 0)
(0.0755327 -0.000175509 0)
(0.0754758 -0.000207797 0)
(0.0754168 -0.000238694 0)
(0.0753558 -0.000268119 0)
(0.0752928 -0.000295999 0)
(0.075228 -0.000322268 0)
(0.0751613 -0.000346869 0)
(0.0750929 -0.000369754 0)
(0.0750228 -0.000390887 0)
(0.0749512 -0.000410243 0)
(0.0748781 -0.00042781 0)
(0.0748037 -0.000443591 0)
(0.0747282 -0.0004576 0)
(0.0746519 -0.000469875 0)
(0.0745751 -0.000480427 0)
(0.0744983 -0.00048937 0)
(0.0744221 -0.000496577 0)
(0.0743474 -0.000504772 0)
(0.0742774 -0.000498356 0)
(0.12815 -0.00212309 0)
(0.128097 -0.00262255 0)
(0.128027 -0.00299443 0)
(0.128004 -0.00326853 0)
(0.12803 -0.00348162 0)
(0.1281 -0.00365645 0)
(0.128204 -0.00380614 0)
(0.128332 -0.00393802 0)
(0.128475 -0.00405641 0)
(0.128626 -0.00416419 0)
(0.128781 -0.00426355 0)
(0.128933 -0.00435634 0)
(0.129081 -0.00444419 0)
(0.12922 -0.00452858 0)
(0.129348 -0.00461088 0)
(0.129463 -0.00469231 0)
(0.129564 -0.00477399 0)
(0.129649 -0.00485694 0)
(0.129716 -0.00494211 0)
(0.129765 -0.00503034 0)
(0.129795 -0.00512242 0)
(0.129804 -0.00521907 0)
(0.129792 -0.00532093 0)
(0.129758 -0.00542861 0)
(0.129701 -0.00554262 0)
(0.12962 -0.00566343 0)
(0.129515 -0.00579144 0)
(0.129385 -0.00592699 0)
(0.129227 -0.00607031 0)
(0.129042 -0.00622156 0)
(0.128828 -0.00638079 0)
(0.128583 -0.00654794 0)
(0.128306 -0.00672281 0)
(0.127995 -0.00690507 0)
(0.127648 -0.00709421 0)
(0.127263 -0.00728954 0)
(0.126837 -0.00749019 0)
(0.126367 -0.00769508 0)
(0.125852 -0.00790289 0)
(0.125287 -0.00811207 0)
(0.124669 -0.00832085 0)
(0.123995 -0.00852718 0)
(0.123262 -0.00872881 0)
(0.122464 -0.00892324 0)
(0.1216 -0.00910775 0)
(0.120664 -0.00927946 0)
(0.119652 -0.00943532 0)
(0.118562 -0.00957218 0)
(0.117389 -0.00968685 0)
(0.11613 -0.00977616 0)
(0.114784 -0.00983703 0)
(0.113347 -0.00986656 0)
(0.11182 -0.0098621 0)
(0.110201 -0.00982138 0)
(0.108493 -0.00974258 0)
(0.106698 -0.00962442 0)
(0.10482 -0.00946627 0)
(0.102865 -0.00926819 0)
(0.100841 -0.00903099 0)
(0.0987565 -0.00875627 0)
(0.0966223 -0.00844636 0)
(0.0944507 -0.00810432 0)
(0.0922553 -0.00773385 0)
(0.0900502 -0.00733917 0)
(0.0878507 -0.00692487 0)
(0.0856716 -0.00649579 0)
(0.0835281 -0.00605684 0)
(0.0814344 -0.00561287 0)
(0.0794039 -0.00516847 0)
(0.0774484 -0.00472792 0)
(0.0755783 -0.004295 0)
(0.0738023 -0.00387301 0)
(0.072127 -0.00346465 0)
(0.0705574 -0.00307205 0)
(0.0690964 -0.0026968 0)
(0.0677455 -0.00233993 0)
(0.0665044 -0.00200206 0)
(0.0653717 -0.00168337 0)
(0.0643447 -0.00138374 0)
(0.0634201 -0.00110279 0)
(0.0625936 -0.00083998 0)
(0.0618606 -0.000594605 0)
(0.0612161 -0.000365905 0)
(0.0606548 -0.000153073 0)
(0.0601716 4.47096e-05 0)
(0.059761 0.000228248 0)
(0.059418 0.000398324 0)
(0.0591374 0.000555683 0)
(0.0589144 0.000701033 0)
(0.0587444 0.000835038 0)
(0.0586228 0.000958322 0)
(0.0585454 0.00107147 0)
(0.0585084 0.00117503 0)
(0.0585079 0.00126953 0)
(0.0585405 0.00135543 0)
(0.0586028 0.00143321 0)
(0.0586919 0.0015033 0)
(0.0588048 0.00156611 0)
(0.058939 0.00162204 0)
(0.059092 0.00167146 0)
(0.0592615 0.00171474 0)
(0.0594454 0.00175224 0)
(0.0596419 0.00178429 0)
(0.0598491 0.00181121 0)
(0.0600655 0.00183333 0)
(0.0602895 0.00185096 0)
(0.0605198 0.00186439 0)
(0.0607552 0.00187391 0)
(0.0609945 0.0018798 0)
(0.0612368 0.00188233 0)
(0.0614811 0.00188176 0)
(0.0617267 0.00187833 0)
(0.0619727 0.0018723 0)
(0.0622187 0.00186387 0)
(0.0624639 0.00185328 0)
(0.0627078 0.00184073 0)
(0.0629501 0.00182642 0)
(0.0631904 0.00181052 0)
(0.0634283 0.00179321 0)
(0.0636635 0.00177465 0)
(0.0638958 0.00175498 0)
(0.064125 0.00173435 0)
(0.0643509 0.00171287 0)
(0.0645733 0.00169066 0)
(0.0647923 0.00166781 0)
(0.0650075 0.00164442 0)
(0.0652191 0.00162057 0)
(0.0654269 0.00159631 0)
(0.0656309 0.00157171 0)
(0.0658311 0.00154681 0)
(0.0660274 0.00152166 0)
(0.0662198 0.00149627 0)
(0.0664084 0.00147067 0)
(0.066593 0.00144488 0)
(0.0667738 0.00141889 0)
(0.0669507 0.00139271 0)
(0.0671237 0.00136633 0)
(0.0672927 0.00133974 0)
(0.0674579 0.00131293 0)
(0.0676191 0.00128587 0)
(0.0677764 0.00125854 0)
(0.0679297 0.00123093 0)
(0.0680791 0.00120299 0)
(0.0682244 0.00117472 0)
(0.0683657 0.00114607 0)
(0.0685029 0.00111703 0)
(0.068636 0.00108757 0)
(0.0687649 0.00105766 0)
(0.0688897 0.00102729 0)
(0.0690101 0.000996431 0)
(0.0691263 0.000965069 0)
(0.069238 0.000933193 0)
(0.0693453 0.000900792 0)
(0.0694482 0.000867863 0)
(0.0695464 0.000834405 0)
(0.0696401 0.000800423 0)
(0.0697291 0.000765927 0)
(0.0698133 0.000730931 0)
(0.0698927 0.000695456 0)
(0.0699673 0.000659526 0)
(0.0700369 0.000623174 0)
(0.0701016 0.000586436 0)
(0.0701612 0.000549354 0)
(0.0702158 0.000511975 0)
(0.0702652 0.000474352 0)
(0.0703095 0.000436544 0)
(0.0703486 0.000398612 0)
(0.0703825 0.000360626 0)
(0.0704111 0.000322657 0)
(0.0704344 0.00028478 0)
(0.0704525 0.000247078 0)
(0.0704653 0.000209632 0)
(0.0704728 0.00017253 0)
(0.0704751 0.000135861 0)
(0.0704721 9.97146e-05 0)
(0.0704638 6.41842e-05 0)
(0.0704504 2.93627e-05 0)
(0.0704319 -4.6567e-06 0)
(0.0704082 -3.77814e-05 0)
(0.0703795 -6.992e-05 0)
(0.0703459 -0.000100983 0)
(0.0703074 -0.000130886 0)
(0.0702642 -0.000159545 0)
(0.0702163 -0.000186883 0)
(0.0701638 -0.00021283 0)
(0.070107 -0.000237322 0)
(0.0700459 -0.000260303 0)
(0.0699807 -0.000281728 0)
(0.0699117 -0.000301565 0)
(0.0698389 -0.000319793 0)
(0.0697626 -0.00033641 0)
(0.069683 -0.000351433 0)
(0.0696005 -0.000364903 0)
(0.0695153 -0.000376886 0)
(0.0694278 -0.000387515 0)
(0.0693385 -0.000396894 0)
(0.0692479 -0.000405376 0)
(0.0691569 -0.000412667 0)
(0.0690658 -0.000423405 0)
(0.0689751 -0.000424651 0)
(0.14652 -0.00176292 0)
(0.14627 -0.00216467 0)
(0.145963 -0.00252651 0)
(0.145632 -0.00283753 0)
(0.1453 -0.00310183 0)
(0.144972 -0.00332701 0)
(0.144648 -0.00351997 0)
(0.144322 -0.00368623 0)
(0.143991 -0.00383023 0)
(0.143651 -0.00395569 0)
(0.143298 -0.0040658 0)
(0.14293 -0.00416338 0)
(0.142545 -0.00425096 0)
(0.14214 -0.00433078 0)
(0.141715 -0.00440486 0)
(0.141268 -0.00447497 0)
(0.140798 -0.00454272 0)
(0.140304 -0.00460953 0)
(0.139786 -0.00467664 0)
(0.139242 -0.00474517 0)
(0.138671 -0.00481611 0)
(0.138074 -0.00489032 0)
(0.137448 -0.00496857 0)
(0.136793 -0.0050515 0)
(0.136108 -0.00513967 0)
(0.135392 -0.00523356 0)
(0.134642 -0.00533352 0)
(0.133859 -0.00543983 0)
(0.133039 -0.00555265 0)
(0.132182 -0.00567203 0)
(0.131285 -0.0057979 0)
(0.130346 -0.00593005 0)
(0.129363 -0.00606813 0)
(0.128334 -0.00621163 0)
(0.127255 -0.00635985 0)
(0.126124 -0.00651191 0)
(0.124937 -0.00666671 0)
(0.123692 -0.00682294 0)
(0.122385 -0.00697907 0)
(0.121013 -0.00713332 0)
(0.119573 -0.00728369 0)
(0.11806 -0.00742795 0)
(0.116472 -0.00756367 0)
(0.114805 -0.00768821 0)
(0.113057 -0.00779881 0)
(0.111225 -0.00789259 0)
(0.109308 -0.00796663 0)
(0.107303 -0.00801803 0)
(0.105211 -0.008044 0)
(0.103033 -0.00804196 0)
(0.10077 -0.00800959 0)
(0.0984254 -0.00794498 0)
(0.0960045 -0.00784668 0)
(0.0935138 -0.00771382 0)
(0.0909619 -0.00754617 0)
(0.0883591 -0.00734423 0)
(0.0857174 -0.00710926 0)
(0.0830507 -0.00684331 0)
(0.0803742 -0.00654916 0)
(0.0777043 -0.00623034 0)
(0.0750582 -0.00589094 0)
(0.0724533 -0.00553551 0)
(0.0699066 -0.00516889 0)
(0.0674346 -0.00479598 0)
(0.0650523 -0.00442155 0)
(0.0627728 -0.00405006 0)
(0.0606076 -0.00368546 0)
(0.0585654 -0.00333111 0)
(0.0566527 -0.0029897 0)
(0.0548735 -0.00266322 0)
(0.0532297 -0.00235299 0)
(0.0517211 -0.00205974 0)
(0.0503457 -0.00178368 0)
(0.0490999 -0.00152464 0)
(0.0479794 -0.00128212 0)
(0.0469786 -0.00105543 0)
(0.0460916 -0.000843743 0)
(0.045312 -0.000646181 0)
(0.0446334 -0.000461851 0)
(0.0440492 -0.000289886 0)
(0.043553 -0.000129462 0)
(0.0431387 2.01858e-05 0)
(0.0428003 0.000159759 0)
(0.0425321 0.000289897 0)
(0.0423287 0.00041118 0)
(0.0421849 0.000524132 0)
(0.0420961 0.000629226 0)
(0.0420577 0.00072689 0)
(0.0420655 0.000817514 0)
(0.0421155 0.000901452 0)
(0.0422041 0.000979029 0)
(0.0423277 0.00105054 0)
(0.0424832 0.00111628 0)
(0.0426675 0.00117648 0)
(0.0428778 0.00123141 0)
(0.0431115 0.00128129 0)
(0.0433661 0.00132634 0)
(0.0436394 0.00136677 0)
(0.0439292 0.0014028 0)
(0.0442336 0.00143461 0)
(0.0445507 0.00146242 0)
(0.0448788 0.0014864 0)
(0.0452164 0.00150676 0)
(0.0455621 0.00152367 0)
(0.0459143 0.00153733 0)
(0.046272 0.0015479 0)
(0.046634 0.00155558 0)
(0.0469993 0.00156055 0)
(0.0473669 0.00156297 0)
(0.0477359 0.00156301 0)
(0.0481055 0.00156085 0)
(0.0484751 0.00155664 0)
(0.048844 0.00155055 0)
(0.0492115 0.00154272 0)
(0.0495773 0.00153331 0)
(0.0499409 0.00152245 0)
(0.0503017 0.00151029 0)
(0.0506595 0.00149694 0)
(0.051014 0.00148253 0)
(0.0513648 0.00146718 0)
(0.0517118 0.00145098 0)
(0.0520547 0.00143403 0)
(0.0523933 0.00141644 0)
(0.0527275 0.00139826 0)
(0.0530573 0.00137959 0)
(0.0533824 0.00136047 0)
(0.0537028 0.00134098 0)
(0.0540184 0.00132116 0)
(0.0543291 0.00130105 0)
(0.054635 0.00128068 0)
(0.0549359 0.00126009 0)
(0.0552319 0.00123929 0)
(0.0555228 0.00121831 0)
(0.0558088 0.00119713 0)
(0.0560897 0.00117578 0)
(0.0563655 0.00115425 0)
(0.0566362 0.00113254 0)
(0.0569018 0.00111063 0)
(0.0571622 0.00108851 0)
(0.0574174 0.00106617 0)
(0.0576673 0.00104358 0)
(0.057912 0.00102073 0)
(0.0581513 0.000997605 0)
(0.0583852 0.000974173 0)
(0.0586136 0.000950416 0)
(0.0588364 0.000926313 0)
(0.0590537 0.000901844 0)
(0.0592652 0.00087699 0)
(0.059471 0.000851734 0)
(0.0596709 0.000826062 0)
(0.0598648 0.000799961 0)
(0.0600526 0.000773422 0)
(0.0602343 0.000746439 0)
(0.0604097 0.000719012 0)
(0.0605787 0.00069114 0)
(0.0607412 0.000662831 0)
(0.0608971 0.000634094 0)
(0.0610462 0.000604945 0)
(0.0611886 0.000575404 0)
(0.061324 0.000545494 0)
(0.0614525 0.000515245 0)
(0.0615738 0.000484691 0)
(0.0616878 0.00045387 0)
(0.0617946 0.000422827 0)
(0.061894 0.00039161 0)
(0.061986 0.000360271 0)
(0.0620704 0.000328866 0)
(0.0621473 0.000297459 0)
(0.0622165 0.000266112 0)
(0.0622781 0.000234894 0)
(0.062332 0.000203877 0)
(0.0623782 0.000173136 0)
(0.0624168 0.000142746 0)
(0.0624476 0.000112785 0)
(0.0624709 8.33342e-05 0)
(0.0624866 5.44729e-05 0)
(0.0624947 2.62819e-05 0)
(0.0624955 -1.15895e-06 0)
(0.0624889 -2.7771e-05 0)
(0.0624751 -5.34773e-05 0)
(0.0624542 -7.82041e-05 0)
(0.0624264 -0.000101881 0)
(0.0623919 -0.000124442 0)
(0.0623508 -0.000145827 0)
(0.0623034 -0.000165982 0)
(0.06225 -0.000184861 0)
(0.0621907 -0.000202428 0)
(0.0621258 -0.000218657 0)
(0.0620557 -0.000233536 0)
(0.0619807 -0.000247068 0)
(0.061901 -0.000259277 0)
(0.0618171 -0.000270208 0)
(0.0617293 -0.000279954 0)
(0.0616381 -0.000288605 0)
(0.0615439 -0.000296421 0)
(0.0614472 -0.000303507 0)
(0.0613487 -0.000310752 0)
(0.0612493 -0.000316729 0)
(0.0611486 -0.000328593 0)
(0.061042 -0.000338389 0)
(0.145998 -0.00152165 0)
(0.145629 -0.00186409 0)
(0.145182 -0.00218344 0)
(0.144673 -0.00246517 0)
(0.144116 -0.00270623 0)
(0.143517 -0.00290909 0)
(0.14288 -0.00307827 0)
(0.142207 -0.00321868 0)
(0.141499 -0.00333499 0)
(0.140755 -0.00343143 0)
(0.139976 -0.00351169 0)
(0.139164 -0.00357903 0)
(0.138319 -0.00363623 0)
(0.137442 -0.00368573 0)
(0.136534 -0.00372963 0)
(0.135595 -0.00376973 0)
(0.134625 -0.00380762 0)
(0.133626 -0.00384466 0)
(0.132596 -0.00388201 0)
(0.131536 -0.00392069 0)
(0.130444 -0.00396155 0)
(0.129322 -0.00400533 0)
(0.128167 -0.00405261 0)
(0.126979 -0.0041039 0)
(0.125756 -0.00415957 0)
(0.124498 -0.00421991 0)
(0.123202 -0.0042851 0)
(0.121866 -0.0043552 0)
(0.120489 -0.00443017 0)
(0.119068 -0.00450987 0)
(0.117602 -0.00459401 0)
(0.116086 -0.00468218 0)
(0.114519 -0.00477382 0)
(0.112899 -0.00486821 0)
(0.111221 -0.00496447 0)
(0.109484 -0.00506152 0)
(0.107683 -0.00515813 0)
(0.105817 -0.00525284 0)
(0.103884 -0.00534403 0)
(0.101879 -0.00542988 0)
(0.0998017 -0.00550838 0)
(0.09765 -0.00557741 0)
(0.0954231 -0.00563468 0)
(0.0931204 -0.00567788 0)
(0.0907426 -0.00570463 0)
(0.0882913 -0.00571264 0)
(0.0857695 -0.00569975 0)
(0.0831814 -0.005664 0)
(0.0805329 -0.0056038 0)
(0.0778317 -0.00551796 0)
(0.075087 -0.00540583 0)
(0.0723102 -0.00526738 0)
(0.0695141 -0.00510325 0)
(0.0667132 -0.00491483 0)
(0.0639235 -0.0047042 0)
(0.0611618 -0.00447416 0)
(0.0584453 -0.00422808 0)
(0.0557913 -0.00396982 0)
(0.0532164 -0.00370347 0)
(0.0507361 -0.00343322 0)
(0.0483639 -0.00316308 0)
(0.0461115 -0.00289671 0)
(0.0439879 -0.00263724 0)
(0.0419996 -0.00238716 0)
(0.0401505 -0.00214827 0)
(0.0384419 -0.00192174 0)
(0.0368732 -0.00170812 0)
(0.0354418 -0.0015075 0)
(0.0341435 -0.00131959 0)
(0.0329732 -0.00114386 0)
(0.0319248 -0.000979631 0)
(0.0309918 -0.00082615 0)
(0.0301675 -0.000682662 0)
(0.0294453 -0.000548436 0)
(0.0288184 -0.000422785 0)
(0.0282805 -0.000305078 0)
(0.0278255 -0.000194737 0)
(0.0274476 -9.12392e-05 0)
(0.0271413 5.89311e-06 0)
(0.0269015 9.70916e-05 0)
(0.0267233 0.000182748 0)
(0.0266023 0.000263215 0)
(0.0265342 0.000338812 0)
(0.0265151 0.000409823 0)
(0.0265413 0.000476502 0)
(0.0266093 0.000539075 0)
(0.0267158 0.00059774 0)
(0.026858 0.000652675 0)
(0.0270328 0.000704034 0)
(0.0272377 0.000751956 0)
(0.0274701 0.000796563 0)
(0.0277276 0.000837968 0)
(0.0280082 0.00087627 0)
(0.0283096 0.000911565 0)
(0.02863 0.000943942 0)
(0.0289674 0.000973485 0)
(0.0293201 0.00100028 0)
(0.0296866 0.0010244 0)
(0.0300653 0.00104595 0)
(0.0304546 0.00106499 0)
(0.0308534 0.00108161 0)
(0.0312602 0.00109591 0)
(0.0316739 0.00110797 0)
(0.0320934 0.00111788 0)
(0.0325176 0.00112574 0)
(0.0329455 0.00113164 0)
(0.0333764 0.00113568 0)
(0.0338092 0.00113796 0)
(0.0342432 0.00113858 0)
(0.0346777 0.00113763 0)
(0.0351121 0.00113522 0)
(0.0355456 0.00113144 0)
(0.0359779 0.00112639 0)
(0.0364083 0.00112018 0)
(0.0368364 0.00111288 0)
(0.0372618 0.0011046 0)
(0.037684 0.00109541 0)
(0.0381029 0.00108541 0)
(0.038518 0.00107467 0)
(0.0389291 0.00106326 0)
(0.0393359 0.00105127 0)
(0.0397383 0.00103874 0)
(0.0401361 0.00102576 0)
(0.040529 0.00101236 0)
(0.040917 0.000998602 0)
(0.0413 0.000984529 0)
(0.0416778 0.000970181 0)
(0.0420503 0.000955591 0)
(0.0424175 0.000940787 0)
(0.0427793 0.000925795 0)
(0.0431356 0.000910633 0)
(0.0434864 0.000895316 0)
(0.0438316 0.000879852 0)
(0.0441712 0.000864249 0)
(0.044505 0.000848508 0)
(0.0448332 0.000832629 0)
(0.0451555 0.000816606 0)
(0.045472 0.000800432 0)
(0.0457826 0.000784099 0)
(0.0460873 0.000767594 0)
(0.0463858 0.000750904 0)
(0.0466783 0.000734017 0)
(0.0469646 0.000716915 0)
(0.0472446 0.000699585 0)
(0.0475182 0.000682012 0)
(0.0477854 0.000664179 0)
(0.048046 0.000646075 0)
(0.0482998 0.000627685 0)
(0.0485469 0.000609 0)
(0.0487871 0.000590008 0)
(0.0490202 0.000570704 0)
(0.0492461 0.000551082 0)
(0.0494647 0.00053114 0)
(0.0496759 0.00051088 0)
(0.0498794 0.000490304 0)
(0.0500752 0.000469421 0)
(0.0502632 0.000448242 0)
(0.0504432 0.00042678 0)
(0.050615 0.000405054 0)
(0.0507786 0.000383085 0)
(0.0509338 0.000360899 0)
(0.0510805 0.000338526 0)
(0.0512186 0.000315997 0)
(0.051348 0.000293351 0)
(0.0514686 0.000270625 0)
(0.0515803 0.000247865 0)
(0.0516831 0.000225116 0)
(0.0517768 0.000202427 0)
(0.0518616 0.000179852 0)
(0.0519373 0.000157443 0)
(0.052004 0.000135257 0)
(0.0520617 0.000113353 0)
(0.0521104 9.17882e-05 0)
(0.0521501 7.06242e-05 0)
(0.052181 4.99207e-05 0)
(0.0522032 2.97377e-05 0)
(0.0522168 1.01347e-05 0)
(0.0522219 -8.83028e-06 0)
(0.0522187 -2.71011e-05 0)
(0.0522074 -4.46241e-05 0)
(0.0521883 -6.13488e-05 0)
(0.0521615 -7.72285e-05 0)
(0.0521275 -9.22214e-05 0)
(0.0520863 -0.000106291 0)
(0.0520385 -0.000119407 0)
(0.0519843 -0.000131548 0)
(0.051924 -0.000142699 0)
(0.0518581 -0.000152857 0)
(0.051787 -0.000162032 0)
(0.051711 -0.000170249 0)
(0.0516306 -0.000177556 0)
(0.0515461 -0.000184019 0)
(0.0514582 -0.000189759 0)
(0.051367 -0.000194911 0)
(0.0512733 -0.000199805 0)
(0.0511773 -0.000204356 0)
(0.0510795 -0.000210676 0)
(0.0509813 -0.000214829 0)
(0.0508821 -0.000226198 0)
(0.0507678 -0.000246347 0)
(0.126618 -0.00123288 0)
(0.126095 -0.00148593 0)
(0.125468 -0.00172182 0)
(0.124747 -0.00192752 0)
(0.123944 -0.00209846 0)
(0.123066 -0.00223572 0)
(0.122123 -0.00234318 0)
(0.121119 -0.00242567 0)
(0.120062 -0.00248797 0)
(0.118956 -0.00253431 0)
(0.117807 -0.00256829 0)
(0.116618 -0.00259286 0)
(0.115395 -0.00261046 0)
(0.114139 -0.0026231 0)
(0.112853 -0.00263243 0)
(0.11154 -0.00263984 0)
(0.110201 -0.00264651 0)
(0.108837 -0.00265339 0)
(0.107449 -0.0026613 0)
(0.106036 -0.00267092 0)
(0.104599 -0.00268276 0)
(0.103137 -0.00269727 0)
(0.101649 -0.00271474 0)
(0.100133 -0.0027354 0)
(0.0985896 -0.00275936 0)
(0.0970156 -0.00278665 0)
(0.0954096 -0.00281721 0)
(0.0937695 -0.00285088 0)
(0.0920932 -0.0028874 0)
(0.0903785 -0.00292642 0)
(0.0886232 -0.00296748 0)
(0.0868248 -0.00300998 0)
(0.0849813 -0.00305325 0)
(0.0830905 -0.00309644 0)
(0.0811506 -0.00313863 0)
(0.07916 -0.00317872 0)
(0.0771174 -0.00321553 0)
(0.0750222 -0.00324775 0)
(0.0728743 -0.00327399 0)
(0.0706743 -0.00329277 0)
(0.0684238 -0.0033026 0)
(0.0661252 -0.00330199 0)
(0.0637823 -0.00328955 0)
(0.0614 -0.003264 0)
(0.0589847 -0.00322431 0)
(0.0565439 -0.00316972 0)
(0.0540868 -0.00309985 0)
(0.051624 -0.00301477 0)
(0.0491669 -0.00291503 0)
(0.0467285 -0.00280165 0)
(0.0443219 -0.00267616 0)
(0.0419611 -0.00254047 0)
(0.0396597 -0.00239683 0)
(0.0374308 -0.00224768 0)
(0.0352866 -0.00209549 0)
(0.0332375 -0.00194267 0)
(0.0312926 -0.00179139 0)
(0.0294585 -0.00164349 0)
(0.0277398 -0.00150044 0)
(0.026139 -0.00136331 0)
(0.0246565 -0.00123276 0)
(0.0232913 -0.00110914 0)
(0.0220405 -0.000992502 0)
(0.0209006 -0.000882734 0)
(0.0198671 -0.000779593 0)
(0.0189351 -0.000682773 0)
(0.0180993 -0.000591944 0)
(0.0173545 -0.000506775 0)
(0.0166951 -0.000426946 0)
(0.0161161 -0.000352147 0)
(0.0156123 -0.000282075 0)
(0.0151789 -0.000216433 0)
(0.0148112 -0.000154923 0)
(0.0145049 -9.72482e-05 0)
(0.0142557 -4.31147e-05 0)
(0.01406 7.76534e-06 0)
(0.013914 5.56672e-05 0)
(0.0138145 0.000100849 0)
(0.0137582 0.000143545 0)
(0.0137424 0.000183966 0)
(0.0137643 0.000222293 0)
(0.0138214 0.000258683 0)
(0.0139113 0.000293263 0)
(0.0140319 0.000326137 0)
(0.0141812 0.000357388 0)
(0.0143571 0.000387078 0)
(0.014558 0.000415257 0)
(0.014782 0.000441959 0)
(0.0150276 0.000467209 0)
(0.0152931 0.000491026 0)
(0.0155772 0.000513422 0)
(0.0158784 0.000534406 0)
(0.0161954 0.000553987 0)
(0.0165269 0.000572171 0)
(0.0168716 0.000588965 0)
(0.0172284 0.000604381 0)
(0.0175961 0.000618429 0)
(0.0179736 0.000631124 0)
(0.0183599 0.000642485 0)
(0.018754 0.000652533 0)
(0.0191548 0.000661294 0)
(0.0195616 0.000668797 0)
(0.0199733 0.000675075 0)
(0.0203893 0.000680163 0)
(0.0208085 0.000684104 0)
(0.0212305 0.000686938 0)
(0.0216543 0.000688713 0)
(0.0220793 0.000689476 0)
(0.0225049 0.000689277 0)
(0.0229305 0.000688169 0)
(0.0233556 0.000686204 0)
(0.0237796 0.000683436 0)
(0.024202 0.00067992 0)
(0.0246225 0.000675709 0)
(0.0250405 0.000670856 0)
(0.0254558 0.000665414 0)
(0.025868 0.000659433 0)
(0.0262768 0.000652964 0)
(0.0266818 0.000646053 0)
(0.0270829 0.000638746 0)
(0.0274798 0.000631084 0)
(0.0278724 0.000623108 0)
(0.0282604 0.000614855 0)
(0.0286436 0.000606358 0)
(0.0290221 0.000597648 0)
(0.0293955 0.000588752 0)
(0.0297638 0.000579695 0)
(0.0301269 0.000570497 0)
(0.0304847 0.000561176 0)
(0.0308372 0.000551747 0)
(0.0311842 0.000542221 0)
(0.0315257 0.000532608 0)
(0.0318617 0.000522913 0)
(0.032192 0.000513139 0)
(0.0325166 0.000503289 0)
(0.0328355 0.00049336 0)
(0.0331486 0.000483351 0)
(0.0334558 0.000473256 0)
(0.033757 0.00046307 0)
(0.0340522 0.000452786 0)
(0.0343413 0.000442396 0)
(0.0346242 0.00043189 0)
(0.0349009 0.000421261 0)
(0.0351712 0.000410499 0)
(0.035435 0.000399595 0)
(0.0356923 0.000388541 0)
(0.0359428 0.00037733 0)
(0.0361866 0.000365953 0)
(0.0364235 0.000354407 0)
(0.0366533 0.000342685 0)
(0.0368759 0.000330785 0)
(0.0370913 0.000318707 0)
(0.0372992 0.00030645 0)
(0.0374995 0.000294018 0)
(0.0376921 0.000281415 0)
(0.0378769 0.000268648 0)
(0.0380537 0.000255727 0)
(0.0382224 0.000242663 0)
(0.0383829 0.00022947 0)
(0.0385351 0.000216166 0)
(0.0386789 0.000202767 0)
(0.0388141 0.000189297 0)
(0.0389408 0.000175778 0)
(0.0390587 0.000162235 0)
(0.0391679 0.000148697 0)
(0.0392684 0.000135192 0)
(0.03936 0.000121751 0)
(0.0394428 0.000108408 0)
(0.0395169 9.51965e-05 0)
(0.0395821 8.21506e-05 0)
(0.0396387 6.93063e-05 0)
(0.0396866 5.66996e-05 0)
(0.039726 4.43668e-05 0)
(0.0397569 3.23439e-05 0)
(0.0397796 2.06664e-05 0)
(0.0397942 9.36897e-06 0)
(0.0398009 -1.5151e-06 0)
(0.0397999 -1.1954e-05 0)
(0.0397915 -2.19182e-05 0)
(0.0397759 -3.13802e-05 0)
(0.0397534 -4.03158e-05 0)
(0.0397243 -4.87038e-05 0)
(0.039689 -5.6527e-05 0)
(0.0396478 -6.37723e-05 0)
(0.0396011 -7.04318e-05 0)
(0.0395493 -7.65032e-05 0)
(0.0394927 -8.19908e-05 0)
(0.0394317 -8.69075e-05 0)
(0.0393669 -9.12744e-05 0)
(0.0392984 -9.51309e-05 0)
(0.0392268 -9.85203e-05 0)
(0.0391525 -0.000101534 0)
(0.0390757 -0.000104276 0)
(0.0389969 -0.000106818 0)
(0.0389162 -0.000109873 0)
(0.0388344 -0.000112104 0)
(0.0387502 -0.000118515 0)
(0.0386655 -0.000120956 0)
(0.0385836 -0.000130096 0)
(0.0384729 -0.000159576 0)
(0.0882222 -0.000804141 0)
(0.0875217 -0.000958627 0)
(0.0867018 -0.00108836 0)
(0.0857757 -0.00118572 0)
(0.0847606 -0.00125057 0)
(0.0836737 -0.0012876 0)
(0.0825302 -0.00130333 0)
(0.081343 -0.00130417 0)
(0.0801225 -0.00129537 0)
(0.0788769 -0.00128082 0)
(0.0776125 -0.00126324 0)
(0.0763341 -0.00124444 0)
(0.0750454 -0.00122562 0)
(0.0737488 -0.00120758 0)
(0.072446 -0.0011909 0)
(0.071138 -0.00117595 0)
(0.0698253 -0.00116303 0)
(0.0685077 -0.00115232 0)
(0.0671849 -0.00114391 0)
(0.065856 -0.00113786 0)
(0.0645199 -0.00113413 0)
(0.0631754 -0.00113267 0)
(0.0618209 -0.00113334 0)
(0.0604549 -0.001136 0)
(0.0590756 -0.00114043 0)
(0.0576813 -0.00114641 0)
(0.0562703 -0.00115366 0)
(0.0548409 -0.00116186 0)
(0.0533916 -0.00117066 0)
(0.0519209 -0.00117968 0)
(0.0504278 -0.00118848 0)
(0.0489114 -0.00119661 0)
(0.047371 -0.00120357 0)
(0.0458068 -0.00120883 0)
(0.044219 -0.00121187 0)
(0.0426086 -0.00121214 0)
(0.0409774 -0.00120911 0)
(0.0393277 -0.00120228 0)
(0.0376626 -0.00119121 0)
(0.035986 -0.00117552 0)
(0.0343026 -0.00115494 0)
(0.0326181 -0.00112933 0)
(0.0309385 -0.0010987 0)
(0.0292708 -0.0010632 0)
(0.0276223 -0.00102318 0)
(0.0260006 -0.000979147 0)
(0.0244133 -0.000931747 0)
(0.0228681 -0.000881755 0)
(0.0213721 -0.000830014 0)
(0.0199317 -0.000777386 0)
(0.0185528 -0.000724686 0)
(0.0172401 -0.000672624 0)
(0.0159975 -0.000621764 0)
(0.0148279 -0.000572485 0)
(0.0137328 -0.000524986 0)
(0.0127131 -0.000479306 0)
(0.0117687 -0.000435373 0)
(0.0108986 -0.000393075 0)
(0.010101 -0.000352322 0)
(0.00937382 -0.000313099 0)
(0.00871421 -0.000275486 0)
(0.00811914 -0.000239646 0)
(0.00758532 -0.000205785 0)
(0.00710935 -0.000174096 0)
(0.00668781 -0.000144711 0)
(0.00631731 -0.00011767 0)
(0.00599457 -9.29139e-05 0)
(0.00571643 -7.02918e-05 0)
(0.00547992 -4.95918e-05 0)
(0.00528223 -3.05684e-05 0)
(0.00512077 -1.29715e-05 0)
(0.00499312 3.4327e-06 0)
(0.00489705 1.88487e-05 0)
(0.00483053 3.34462e-05 0)
(0.00479169 4.73608e-05 0)
(0.00477883 6.06968e-05 0)
(0.0047904 7.35332e-05 0)
(0.00482498 8.59283e-05 0)
(0.00488129 9.79246e-05 0)
(0.00495813 0.000109553 0)
(0.00505441 0.000120833 0)
(0.00516911 0.000131779 0)
(0.00530128 0.000142398 0)
(0.00545003 0.000152692 0)
(0.00561451 0.000162658 0)
(0.00579391 0.000172289 0)
(0.00598744 0.000181577 0)
(0.00619435 0.000190509 0)
(0.00641388 0.000199071 0)
(0.00664531 0.000207248 0)
(0.00688793 0.000215024 0)
(0.00714102 0.000222384 0)
(0.00740389 0.000229313 0)
(0.00767583 0.000235796 0)
(0.00795617 0.000241821 0)
(0.00824423 0.000247377 0)
(0.00853932 0.000252456 0)
(0.0088408 0.000257051 0)
(0.00914801 0.000261159 0)
(0.00946031 0.000264777 0)
(0.00977708 0.000267909 0)
(0.0100977 0.000270556 0)
(0.0104216 0.000272728 0)
(0.0107481 0.000274431 0)
(0.0110768 0.000275678 0)
(0.0114071 0.000276483 0)
(0.0117384 0.00027686 0)
(0.0120703 0.000276827 0)
(0.0124023 0.000276402 0)
(0.012734 0.000275606 0)
(0.013065 0.00027446 0)
(0.0133948 0.000272984 0)
(0.0137231 0.000271202 0)
(0.0140496 0.000269136 0)
(0.0143739 0.000266808 0)
(0.0146957 0.000264241 0)
(0.0150149 0.000261457 0)
(0.015331 0.000258477 0)
(0.015644 0.000255321 0)
(0.0159536 0.00025201 0)
(0.0162597 0.000248562 0)
(0.0165621 0.000244994 0)
(0.0168605 0.000241323 0)
(0.0171551 0.000237564 0)
(0.0174455 0.000233729 0)
(0.0177317 0.000229832 0)
(0.0180137 0.000225882 0)
(0.0182913 0.000221889 0)
(0.0185645 0.000217861 0)
(0.0188332 0.000213804 0)
(0.0190975 0.000209722 0)
(0.0193571 0.000205621 0)
(0.0196121 0.000201502 0)
(0.0198625 0.000197367 0)
(0.0201082 0.000193216 0)
(0.0203491 0.000189049 0)
(0.0205853 0.000184865 0)
(0.0208166 0.000180661 0)
(0.021043 0.000176435 0)
(0.0212645 0.000172185 0)
(0.0214811 0.000167906 0)
(0.0216925 0.000163595 0)
(0.0218989 0.000159248 0)
(0.0221001 0.000154863 0)
(0.022296 0.000150435 0)
(0.0224866 0.000145961 0)
(0.0226718 0.000141438 0)
(0.0228515 0.000136864 0)
(0.0230257 0.000132237 0)
(0.0231942 0.000127556 0)
(0.0233569 0.000122819 0)
(0.0235137 0.000118029 0)
(0.0236647 0.000113184 0)
(0.0238096 0.000108288 0)
(0.0239484 0.000103344 0)
(0.0240809 9.83538e-05 0)
(0.0242072 9.33239e-05 0)
(0.0243272 8.82596e-05 0)
(0.0244407 8.31673e-05 0)
(0.0245477 7.80549e-05 0)
(0.0246482 7.29306e-05 0)
(0.0247422 6.78038e-05 0)
(0.0248295 6.26846e-05 0)
(0.0249101 5.75838e-05 0)
(0.0249842 5.25128e-05 0)
(0.0250516 4.74835e-05 0)
(0.0251124 4.25084e-05 0)
(0.0251667 3.76001e-05 0)
(0.0252144 3.27717e-05 0)
(0.0252558 2.80361e-05 0)
(0.0252907 2.34064e-05 0)
(0.0253195 1.88953e-05 0)
(0.0253422 1.45155e-05 0)
(0.0253589 1.02791e-05 0)
(0.0253698 6.19747e-06 0)
(0.0253751 2.28153e-06 0)
(0.025375 -1.45881e-06 0)
(0.0253698 -5.01456e-06 0)
(0.0253595 -8.3779e-06 0)
(0.0253445 -1.15422e-05 0)
(0.0253251 -1.45024e-05 0)
(0.0253015 -1.72549e-05 0)
(0.0252739 -1.97977e-05 0)
(0.0252427 -2.21312e-05 0)
(0.0252082 -2.42575e-05 0)
(0.0251706 -2.61819e-05 0)
(0.0251303 -2.79125e-05 0)
(0.0250874 -2.9462e-05 0)
(0.0250424 -3.08475e-05 0)
(0.0249955 -3.20939e-05 0)
(0.0249468 -3.32435e-05 0)
(0.0248968 -3.43123e-05 0)
(0.0248453 -3.55106e-05 0)
(0.0247928 -3.65089e-05 0)
(0.0247389 -3.87165e-05 0)
(0.0246837 -3.93715e-05 0)
(0.0246282 -4.50821e-05 0)
(0.0245646 -4.7069e-05 0)
(0.0245171 -5.22887e-05 0)
(0.0244183 -8.52744e-05 0)
(0.0327293 -0.000234191 0)
(0.0321304 -0.000257023 0)
(0.0314705 -0.000259242 0)
(0.030776 -0.000244731 0)
(0.0300678 -0.000220518 0)
(0.0293594 -0.0001936 0)
(0.0286578 -0.000168913 0)
(0.027966 -0.000148859 0)
(0.0272851 -0.000133863 0)
(0.0266151 -0.000123236 0)
(0.0259561 -0.000115903 0)
(0.0253075 -0.000110847 0)
(0.0246691 -0.000107294 0)
(0.0240401 -0.000104729 0)
(0.0234196 -0.000102846 0)
(0.0228069 -0.000101468 0)
(0.0222007 -0.000100492 0)
(0.0215998 -9.98477e-05 0)
(0.0210032 -9.94759e-05 0)
(0.0204096 -9.93189e-05 0)
(0.0198178 -9.9318e-05 0)
(0.0192267 -9.94133e-05 0)
(0.0186354 -9.95445e-05 0)
(0.0180428 -9.96513e-05 0)
(0.0174482 -9.96736e-05 0)
(0.0168509 -9.95527e-05 0)
(0.0162504 -9.9231e-05 0)
(0.0156464 -9.86537e-05 0)
(0.0150387 -9.77694e-05 0)
(0.0144273 -9.65325e-05 0)
(0.0138125 -9.49055e-05 0)
(0.0131948 -9.28612e-05 0)
(0.0125749 -9.03865e-05 0)
(0.0119537 -8.74843e-05 0)
(0.0113325 -8.41765e-05 0)
(0.0107125 -8.05056e-05 0)
(0.0100955 -7.65343e-05 0)
(0.00948322 -7.23437e-05 0)
(0.00887769 -6.80289e-05 0)
(0.008281 -6.36914e-05 0)
(0.00769534 -5.94291e-05 0)
(0.00712297 -5.53242e-05 0)
(0.00656611 -5.14305e-05 0)
(0.00602697 -4.77628e-05 0)
(0.00550761 -4.42906e-05 0)
(0.00500997 -4.09387e-05 0)
(0.00453577 -3.75972e-05 0)
(0.00408646 -3.41402e-05 0)
(0.00366322 -3.04503e-05 0)
(0.00326686 -2.64461e-05 0)
(0.00289783 -2.21044e-05 0)
(0.00255624 -1.74733e-05 0)
(0.00224179 -1.2671e-05 0)
(0.00195391 -7.87057e-06 0)
(0.00169175 -3.2737e-06 0)
(0.00145428 9.21607e-07 0)
(0.00124035 4.55142e-06 0)
(0.00104877 7.50863e-06 0)
(0.000878354 9.75398e-06 0)
(0.000727923 1.13145e-05 0)
(0.000596314 1.2272e-05 0)
(0.000482373 1.27445e-05 0)
(0.000384935 1.28667e-05 0)
(0.000302833 1.27714e-05 0)
(0.000234907 1.25758e-05 0)
(0.000180032 1.23721e-05 0)
(0.00013714 1.22244e-05 0)
(0.000105251 1.21689e-05 0)
(8.34871e-05 1.22187e-05 0)
(7.10816e-05 1.23694e-05 0)
(6.73745e-05 1.26058e-05 0)
(7.18049e-05 1.29078e-05 0)
(8.38989e-05 1.32556e-05 0)
(0.000103255 1.36328e-05 0)
(0.000129532 1.40277e-05 0)
(0.000162437 1.44339e-05 0)
(0.000201717 1.48495e-05 0)
(0.000247149 1.52758e-05 0)
(0.000298537 1.57161e-05 0)
(0.000355704 1.61742e-05 0)
(0.000418488 1.66535e-05 0)
(0.000486737 1.71562e-05 0)
(0.000560307 1.76832e-05 0)
(0.000639055 1.82337e-05 0)
(0.000722839 1.88055e-05 0)
(0.000811513 1.93949e-05 0)
(0.000904925 1.99974e-05 0)
(0.00100292 2.06077e-05 0)
(0.00110532 2.122e-05 0)
(0.00121195 2.18282e-05 0)
(0.00132263 2.24264e-05 0)
(0.00143716 2.30086e-05 0)
(0.00155532 2.35693e-05 0)
(0.0016769 2.41032e-05 0)
(0.00180166 2.46057e-05 0)
(0.00192939 2.50724e-05 0)
(0.00205982 2.54996e-05 0)
(0.00219271 2.58843e-05 0)
(0.00232782 2.62237e-05 0)
(0.00246489 2.65159e-05 0)
(0.00260366 2.67594e-05 0)
(0.00274389 2.69533e-05 0)
(0.00288532 2.70972e-05 0)
(0.00302769 2.71912e-05 0)
(0.00317079 2.72359e-05 0)
(0.00331435 2.72323e-05 0)
(0.00345816 2.71817e-05 0)
(0.003602 2.70859e-05 0)
(0.00374566 2.69468e-05 0)
(0.00388893 2.67669e-05 0)
(0.00403163 2.65486e-05 0)
(0.00417358 2.62946e-05 0)
(0.00431461 2.60076e-05 0)
(0.00445457 2.56906e-05 0)
(0.00459332 2.53465e-05 0)
(0.00473073 2.49783e-05 0)
(0.00486668 2.45887e-05 0)
(0.00500107 2.41808e-05 0)
(0.00513379 2.37571e-05 0)
(0.00526477 2.33204e-05 0)
(0.00539393 2.28731e-05 0)
(0.0055212 2.24175e-05 0)
(0.00564654 2.19559e-05 0)
(0.00576989 2.14902e-05 0)
(0.00589122 2.10222e-05 0)
(0.0060105 2.05535e-05 0)
(0.00612769 2.00855e-05 0)
(0.00624278 1.96194e-05 0)
(0.00635574 1.91562e-05 0)
(0.00646658 1.86967e-05 0)
(0.00657527 1.82416e-05 0)
(0.00668181 1.77914e-05 0)
(0.00678619 1.73464e-05 0)
(0.00688841 1.69068e-05 0)
(0.00698846 1.64727e-05 0)
(0.00708635 1.6044e-05 0)
(0.00718205 1.56204e-05 0)
(0.00727557 1.52019e-05 0)
(0.00736691 1.4788e-05 0)
(0.00745604 1.43783e-05 0)
(0.00754297 1.39725e-05 0)
(0.00762767 1.35701e-05 0)
(0.00771013 1.31707e-05 0)
(0.00779035 1.27737e-05 0)
(0.00786829 1.23788e-05 0)
(0.00794394 1.19855e-05 0)
(0.00801728 1.15934e-05 0)
(0.00808828 1.12022e-05 0)
(0.00815692 1.08116e-05 0)
(0.00822317 1.04214e-05 0)
(0.00828701 1.00315e-05 0)
(0.00834841 9.64163e-06 0)
(0.00840735 9.25194e-06 0)
(0.0084638 8.86246e-06 0)
(0.00851774 8.47334e-06 0)
(0.00856915 8.08481e-06 0)
(0.008618 7.69716e-06 0)
(0.00866429 7.31078e-06 0)
(0.00870798 6.9261e-06 0)
(0.00874909 6.54362e-06 0)
(0.00878759 6.16389e-06 0)
(0.00882349 5.78751e-06 0)
(0.00885679 5.41512e-06 0)
(0.00888751 5.04737e-06 0)
(0.00891564 4.68494e-06 0)
(0.00894122 4.32853e-06 0)
(0.00896427 3.9788e-06 0)
(0.00898482 3.63644e-06 0)
(0.00900291 3.30208e-06 0)
(0.00901859 2.97634e-06 0)
(0.0090319 2.6598e-06 0)
(0.00904291 2.35297e-06 0)
(0.00905169 2.05633e-06 0)
(0.00905829 1.77027e-06 0)
(0.0090628 1.49511e-06 0)
(0.00906529 1.23113e-06 0)
(0.00906586 9.78486e-07 0)
(0.00906459 7.37265e-07 0)
(0.00906159 5.0746e-07 0)
(0.00905694 2.88963e-07 0)
(0.00905075 8.15509e-08 0)
(0.00904312 -1.15122e-07 0)
(0.00903415 -3.01553e-07 0)
(0.00902396 -4.78425e-07 0)
(0.00901263 -6.46663e-07 0)
(0.00900027 -8.07511e-07 0)
(0.00898698 -9.62727e-07 0)
(0.00897285 -1.11453e-06 0)
(0.00895795 -1.26708e-06 0)
(0.00894236 -1.4228e-06 0)
(0.00892613 -1.59795e-06 0)
(0.00890927 -1.77746e-06 0)
(0.00889184 -2.05576e-06 0)
(0.00887346 -2.26533e-06 0)
(0.00885501 -2.92238e-06 0)
(0.00883308 -3.15095e-06 0)
(0.00881558 -4.75118e-06 0)
(0.00878076 -6.20346e-06 0)
(0.00877259 -6.98757e-06 0)
(0.00870133 -2.31512e-05 0)
)
;

boundaryField
{
    inlet
    {
        type            fixedProfile;
        profile         table
        
21
(
(0 (0 0 0))
(0.05 (0.0285 0 0))
(0.1 (0.054 0 0))
(0.15 (0.0765 0 0))
(0.2 (0.096 0 0))
(0.25 (0.1125 0 0))
(0.3 (0.126 0 0))
(0.35 (0.1365 0 0))
(0.4 (0.144 0 0))
(0.45 (0.1485 0 0))
(0.5 (0.15 0 0))
(0.55 (0.1485 0 0))
(0.6 (0.144 0 0))
(0.65 (0.1365 0 0))
(0.7 (0.126 0 0))
(0.75 (0.1125 0 0))
(0.8 (0.096 0 0))
(0.85 (0.0765 0 0))
(0.9 (0.054 0 0))
(0.95 (0.0285 0 0))
(1 (0 0 0))
)
;
        direction       (0 1 0);
        origin          1;
        value           nonuniform List<vector> 8((0.034875 0 0) (0.091125 0 0) (0.128625 0 0) (0.147375 0 0) (0.147375 0 0) (0.128625 0 0) (0.091125 0 0) (0.034875 0 0));
    }
    outlet
    {
        type            zeroGradient;
    }
    walls
    {
        type            noSlip;
    }
    symwall
    {
        type            empty;
    }
}


// ************************************************************************* //
