/*--------------------------------*- C++ -*----------------------------------*\
| =========                 |                                                 |
| \\      /  F ield         | OpenFOAM: The Open Source CFD Toolbox           |
|  \\    /   O peration     | Version:  4.1                                   |
|   \\  /    A nd           | Web:      www.OpenFOAM.org                      |
|    \\/     M anipulation  |                                                 |
\*---------------------------------------------------------------------------*/
FoamFile
{
    version     2.0;
    format      ascii;
    class       volVectorField;
    location    "149";
    object      U;
}
// * * * * * * * * * * * * * * * * * * * * * * * * * * * * * * * * * * * * * //

dimensions      [0 1 -1 0 0 0 0];

internalField   nonuniform List<vector> 
3264
(
(2.5648e-05 -2.96446e-05 0)
(1.4595e-06 -1.01716e-05 0)
(-0.000143145 8.61685e-06 0)
(-0.000356718 1.52707e-05 0)
(-0.000623942 2.07226e-05 0)
(-0.000936557 2.36831e-05 0)
(-0.00128849 2.9492e-05 0)
(-0.00168406 3.66832e-05 0)
(-0.00212214 4.70098e-05 0)
(-0.00260744 6.00002e-05 0)
(-0.00314088 7.63e-05 0)
(-0.00372506 9.57935e-05 0)
(-0.00435983 0.000118504 0)
(-0.00504406 0.000144003 0)
(-0.00577381 0.000171615 0)
(-0.00654279 0.000200287 0)
(-0.00734182 0.000228695 0)
(-0.0081591 0.000255322 0)
(-0.00898042 0.000278605 0)
(-0.00978967 0.00029707 0)
(-0.0105694 0.00030946 0)
(-0.0113018 0.00031482 0)
(-0.0119687 0.000312547 0)
(-0.0125532 0.00030239 0)
(-0.0130394 0.000284426 0)
(-0.0134131 0.000259011 0)
(-0.0136623 0.000226731 0)
(-0.0137773 0.00018835 0)
(-0.0137505 0.000144766 0)
(-0.0135772 9.69743e-05 0)
(-0.0132549 4.60433e-05 0)
(-0.0127835 -6.90834e-06 0)
(-0.0121657 -6.07259e-05 0)
(-0.0114065 -0.000114231 0)
(-0.0105132 -0.000166232 0)
(-0.00949555 -0.000215538 0)
(-0.00836579 -0.000260971 0)
(-0.0071383 -0.000301385 0)
(-0.00582972 -0.000335698 0)
(-0.00445881 -0.000362919 0)
(-0.00304625 -0.000382196 0)
(-0.00161441 -0.000392866 0)
(-0.00018699 -0.000394515 0)
(0.00121143 -0.000387035 0)
(0.00255603 -0.000370685 0)
(0.00382246 -0.000346126 0)
(0.00498779 -0.000314438 0)
(0.00603144 -0.000277087 0)
(0.0069363 -0.000235846 0)
(0.00768968 -0.000192657 0)
(0.00828421 -0.000149457 0)
(0.00871836 -0.00010799 0)
(0.00899661 -6.96558e-05 0)
(0.00912912 -3.54383e-05 0)
(0.00913078 -5.9182e-06 0)
(0.00901983 1.86456e-05 0)
(0.00881624 3.8237e-05 0)
(0.00854006 5.30657e-05 0)
(0.00821013 6.36282e-05 0)
(0.0078433 7.07887e-05 0)
(0.00745409 7.577e-05 0)
(0.00705462 7.99521e-05 0)
(0.00665474 8.44804e-05 0)
(0.0062624 8.98383e-05 0)
(0.00588431 9.56287e-05 0)
(0.00552677 0.00010072 0)
(0.00519634 0.000103684 0)
(0.00490013 0.000103285 0)
(0.00464578 9.87756e-05 0)
(0.0044411 8.99478e-05 0)
(0.00429369 7.70066e-05 0)
(0.00421037 6.04065e-05 0)
(0.00419671 4.07326e-05 0)
(0.00425658 1.86466e-05 0)
(0.00439175 -5.12092e-06 0)
(0.00460165 -2.97621e-05 0)
(0.00488321 -5.43887e-05 0)
(0.00523077 -7.80471e-05 0)
(0.00563622 -9.97542e-05 0)
(0.00608909 -0.000118554 0)
(0.00657696 -0.000133589 0)
(0.00708597 -0.000144179 0)
(0.00760149 -0.000149899 0)
(0.00810895 -0.000150635 0)
(0.00859477 -0.000146612 0)
(0.00904718 -0.000138378 0)
(0.00945695 -0.00012674 0)
(0.00981779 -0.000112671 0)
(0.0101265 -9.71994e-05 0)
(0.0103828 -8.13004e-05 0)
(0.0105888 -6.58157e-05 0)
(0.0107485 -5.14015e-05 0)
(0.0108673 -3.85099e-05 0)
(0.0109511 -2.73985e-05 0)
(0.0110061 -1.81565e-05 0)
(0.0110381 -1.07415e-05 0)
(0.0110525 -5.01765e-06 0)
(0.0110541 -7.90222e-07 0)
(0.0110467 2.16434e-06 0)
(0.0110335 4.07583e-06 0)
(0.0110172 5.16393e-06 0)
(0.0109996 5.62768e-06 0)
(0.010982 5.63963e-06 0)
(0.0109655 5.34363e-06 0)
(0.0109504 4.85523e-06 0)
(0.0109372 4.26378e-06 0)
(0.010926 3.63554e-06 0)
(0.0109166 3.01723e-06 0)
(0.010909 2.4397e-06 0)
(0.0109031 1.92127e-06 0)
(0.0108984 1.47086e-06 0)
(0.010895 1.0906e-06 0)
(0.0108925 7.77934e-07 0)
(0.0108908 5.27372e-07 0)
(0.0108897 3.31794e-07 0)
(0.010889 1.83405e-07 0)
(0.0108887 7.44166e-08 0)
(0.0108887 -2.51377e-09 0)
(0.0108888 -5.40133e-08 0)
(0.010889 -8.58626e-08 0)
(0.0108892 -1.02958e-07 0)
(0.0108895 -1.09339e-07 0)
(0.0108898 -1.08253e-07 0)
(0.0108901 -1.02251e-07 0)
(0.0108904 -9.32783e-08 0)
(0.0108906 -8.27803e-08 0)
(0.0108908 -7.17925e-08 0)
(0.010891 -6.10252e-08 0)
(0.0108912 -5.09367e-08 0)
(0.0108913 -4.17954e-08 0)
(0.0108914 -3.37303e-08 0)
(0.0108915 -2.67721e-08 0)
(0.0108915 -2.08857e-08 0)
(0.0108916 -1.59939e-08 0)
(0.0108916 -1.19965e-08 0)
(0.0108917 -8.78288e-09 0)
(0.0108917 -6.2416e-09 0)
(0.0108917 -4.26609e-09 0)
(0.0108917 -2.75848e-09 0)
(0.0108917 -1.63153e-09 0)
(0.0108917 -8.09296e-10 0)
(0.0108917 -2.27068e-10 0)
(0.0108917 1.69312e-10 0)
(0.0108917 4.24401e-10 0)
(0.0108917 5.74282e-10 0)
(0.0108917 6.47705e-10 0)
(0.0108917 6.67222e-10 0)
(0.0108917 6.50221e-10 0)
(0.0108917 6.09864e-10 0)
(0.0108917 5.55914e-10 0)
(0.0108917 4.95433e-10 0)
(0.0108917 4.33376e-10 0)
(0.0108917 3.7308e-10 0)
(0.0108917 3.16662e-10 0)
(0.0108917 2.6534e-10 0)
(0.0108917 2.19682e-10 0)
(0.0108917 1.79807e-10 0)
(0.0108917 1.4553e-10 0)
(0.0108917 1.16472e-10 0)
(0.0108917 9.21499e-11 0)
(0.0108917 7.20336e-11 0)
(0.0108917 5.55841e-11 0)
(0.0108917 4.22828e-11 0)
(0.0108917 3.16442e-11 0)
(0.0108917 2.32316e-11 0)
(0.0108917 1.6657e-11 0)
(0.0108917 1.15851e-11 0)
(0.0108917 7.72778e-12 0)
(0.0108917 4.8403e-12 0)
(0.0108917 2.71853e-12 0)
(0.0108917 1.19436e-12 0)
(0.0108917 1.33089e-13 0)
(0.0108917 -5.77543e-13 0)
(0.0108917 -1.02428e-12 0)
(0.0108917 -1.27818e-12 0)
(0.0108917 -1.39378e-12 0)
(0.0108917 -1.41218e-12 0)
(0.0108917 -1.36536e-12 0)
(0.0108917 -1.27751e-12 0)
(0.0108917 -1.16633e-12 0)
(0.0108917 -1.04429e-12 0)
(0.0108917 -9.19923e-13 0)
(0.0108917 -7.9912e-13 0)
(0.0108917 -6.86963e-13 0)
(0.0108917 -5.84214e-13 0)
(0.0108917 -4.93062e-13 0)
(0.0108917 -4.13155e-13 0)
(0.0108917 -3.43613e-13 0)
(0.0108917 -2.8419e-13 0)
(0.0108917 -2.33218e-13 0)
(0.0108917 -1.88988e-13 0)
(0.0108917 -1.53495e-13 0)
(0.0108917 -1.22332e-13 0)
(0.0108917 -1.12971e-13 0)
(0.0108917 -1.07101e-13 0)
(0.0108917 -1.65407e-13 0)
(0.0108917 -3.12983e-13 0)
(0.0108917 -4.31374e-13 0)
(0.0108917 -1.6403e-12 0)
(0.0108917 -1.19516e-12 0)
(-5.43244e-05 2.89011e-06 0)
(-0.000449236 0.00018994 0)
(-0.00110906 0.000368372 0)
(-0.00190682 0.000488055 0)
(-0.00280885 0.000590233 0)
(-0.00379699 0.000674174 0)
(-0.0048504 0.000758306 0)
(-0.00596637 0.000840363 0)
(-0.00713227 0.000925171 0)
(-0.00834372 0.00101109 0)
(-0.00958976 0.00109777 0)
(-0.0108603 0.00118247 0)
(-0.0121409 0.00126203 0)
(-0.013415 0.00133232 0)
(-0.0146631 0.00138891 0)
(-0.0158643 0.00142734 0)
(-0.0169961 0.00144351 0)
(-0.0180358 0.00143401 0)
(-0.0189615 0.00139634 0)
(-0.0197521 0.00132905 0)
(-0.0203886 0.00123179 0)
(-0.0208541 0.0011052 0)
(-0.0211343 0.00095085 0)
(-0.0212174 0.000771017 0)
(-0.0210943 0.000568556 0)
(-0.0207587 0.000346733 0)
(-0.0202066 0.000109092 0)
(-0.0194368 -0.000140644 0)
(-0.0184504 -0.000398638 0)
(-0.0172508 -0.000660994 0)
(-0.0158438 -0.000923773 0)
(-0.0142374 -0.00118301 0)
(-0.0124418 -0.00143472 0)
(-0.0104696 -0.00167491 0)
(-0.00833553 -0.00189954 0)
(-0.00605656 -0.0021046 0)
(-0.00365208 -0.00228609 0)
(-0.00114378 -0.00244003 0)
(0.00144427 -0.00256261 0)
(0.00408564 -0.00265019 0)
(0.00675161 -0.00269946 0)
(0.00941125 -0.00270761 0)
(0.0120317 -0.0026725 0)
(0.0145785 -0.00259291 0)
(0.0170159 -0.00246881 0)
(0.019308 -0.00230156 0)
(0.0214192 -0.00209422 0)
(0.0233152 -0.0018517 0)
(0.0249648 -0.0015808 0)
(0.026341 -0.00129018 0)
(0.0274225 -0.00098999 0)
(0.0281955 -0.00069136 0)
(0.0286553 -0.00040551 0)
(0.0288072 -0.0001427 0)
(0.0286674 8.8915e-05 0)
(0.0282629 0.000284218 0)
(0.0276304 0.000441529 0)
(0.0268142 0.000562222 0)
(0.0258634 0.000649651 0)
(0.0248284 0.00070783 0)
(0.0237563 0.000740482 0)
(0.0226879 0.00075074 0)
(0.0216557 0.00074132 0)
(0.0206842 0.000714702 0)
(0.0197916 0.000673081 0)
(0.0189923 0.000618176 0)
(0.0182987 0.000551114 0)
(0.0177216 0.000472464 0)
(0.0172703 0.000382442 0)
(0.0169524 0.00028123 0)
(0.0167732 0.000169368 0)
(0.0167357 4.81021e-05 0)
(0.0168406 -8.0426e-05 0)
(0.0170858 -0.000213191 0)
(0.0174668 -0.00034645 0)
(0.0179759 -0.000475979 0)
(0.0186025 -0.00059732 0)
(0.0193328 -0.000706013 0)
(0.0201496 -0.000797831 0)
(0.0210331 -0.000869032 0)
(0.0219609 -0.000916641 0)
(0.0229088 -0.000938754 0)
(0.0238519 -0.000934814 0)
(0.0247658 -0.000905797 0)
(0.0256281 -0.000854237 0)
(0.0264199 -0.000784053 0)
(0.027127 -0.000700172 0)
(0.0277404 -0.000608013 0)
(0.0282568 -0.000512928 0)
(0.0286778 -0.000419714 0)
(0.0290094 -0.000332255 0)
(0.0292604 -0.000253348 0)
(0.0294416 -0.000184687 0)
(0.0295646 -0.000126975 0)
(0.0296407 -8.01104e-05 0)
(0.0296803 -4.3402e-05 0)
(0.0296929 -1.5775e-05 0)
(0.0296864 4.04799e-06 0)
(0.0296673 1.74058e-05 0)
(0.0296406 2.55956e-05 0)
(0.0296103 2.9805e-05 0)
(0.0295792 3.10737e-05 0)
(0.0295492 3.02774e-05 0)
(0.0295216 2.81275e-05 0)
(0.029497 2.51817e-05 0)
(0.0294758 2.18611e-05 0)
(0.029458 1.84697e-05 0)
(0.0294433 1.52155e-05 0)
(0.0294316 1.22301e-05 0)
(0.0294225 9.58628e-06 0)
(0.0294155 7.31347e-06 0)
(0.0294103 5.41065e-06 0)
(0.0294067 3.85663e-06 0)
(0.0294042 2.61804e-06 0)
(0.0294026 1.65536e-06 0)
(0.0294017 9.2726e-07 0)
(0.0294013 3.93555e-07 0)
(0.0294012 1.70661e-08 0)
(0.0294014 -2.35311e-07 0)
(0.0294018 -3.9215e-07 0)
(0.0294022 -4.77455e-07 0)
(0.0294026 -5.10894e-07 0)
(0.0294031 -5.08207e-07 0)
(0.0294035 -4.81687e-07 0)
(0.0294039 -4.40695e-07 0)
(0.0294043 -3.92163e-07 0)
(0.0294046 -3.41051e-07 0)
(0.0294048 -2.90763e-07 0)
(0.029405 -2.435e-07 0)
(0.0294052 -2.00558e-07 0)
(0.0294054 -1.62573e-07 0)
(0.0294055 -1.29712e-07 0)
(0.0294056 -1.0183e-07 0)
(0.0294057 -7.8582e-08 0)
(0.0294057 -5.95119e-08 0)
(0.0294058 -4.41128e-08 0)
(0.0294058 -3.18711e-08 0)
(0.0294058 -2.22943e-08 0)
(0.0294058 -1.49291e-08 0)
(0.0294058 -9.36991e-09 0)
(0.0294058 -5.26316e-09 0)
(0.0294058 -2.30651e-09 0)
(0.0294058 -2.46163e-10 0)
(0.0294058 1.1274e-09 0)
(0.0294058 1.98452e-09 0)
(0.0294058 2.46156e-09 0)
(0.0294058 2.66607e-09 0)
(0.0294058 2.68155e-09 0)
(0.0294058 2.57168e-09 0)
(0.0294058 2.38418e-09 0)
(0.0294058 2.15403e-09 0)
(0.0294058 1.90619e-09 0)
(0.0294058 1.65788e-09 0)
(0.0294058 1.42045e-09 0)
(0.0294058 1.20086e-09 0)
(0.0294058 1.00287e-09 0)
(0.0294058 8.27973e-10 0)
(0.0294058 6.76094e-10 0)
(0.0294058 5.46148e-10 0)
(0.0294058 4.36428e-10 0)
(0.0294058 3.44899e-10 0)
(0.0294058 2.69408e-10 0)
(0.0294058 2.0782e-10 0)
(0.0294058 1.5811e-10 0)
(0.0294058 1.18413e-10 0)
(0.0294058 8.70576e-11 0)
(0.0294058 6.25732e-11 0)
(0.0294058 4.36927e-11 0)
(0.0294058 2.93262e-11 0)
(0.0294058 1.85649e-11 0)
(0.0294058 1.06484e-11 0)
(0.0294058 4.95191e-12 0)
(0.0294058 9.70811e-13 0)
(0.0294058 -1.70971e-12 0)
(0.0294058 -3.41605e-12 0)
(0.0294058 -4.40358e-12 0)
(0.0294058 -4.87595e-12 0)
(0.0294058 -4.9842e-12 0)
(0.0294058 -4.85292e-12 0)
(0.0294058 -4.56755e-12 0)
(0.0294058 -4.19086e-12 0)
(0.0294058 -3.7722e-12 0)
(0.0294058 -3.33936e-12 0)
(0.0294058 -2.92192e-12 0)
(0.0294058 -2.52978e-12 0)
(0.0294058 -2.16905e-12 0)
(0.0294058 -1.84638e-12 0)
(0.0294058 -1.55726e-12 0)
(0.0294058 -1.30707e-12 0)
(0.0294058 -1.08915e-12 0)
(0.0294058 -8.97053e-13 0)
(0.0294058 -7.31257e-13 0)
(0.0294058 -5.77721e-13 0)
(0.0294058 -4.7687e-13 0)
(0.0294058 -3.61069e-13 0)
(0.0294058 -4.21024e-13 0)
(0.0294058 -5.63506e-13 0)
(0.0294058 -6.66089e-13 0)
(0.0294058 -3.42216e-12 0)
(0.0294058 -2.95096e-12 0)
(-0.000176969 0.000468186 0)
(-0.00106609 0.00104609 0)
(-0.00228627 0.00145319 0)
(-0.00360622 0.00168301 0)
(-0.00496323 0.00187167 0)
(-0.00633253 0.00201175 0)
(-0.00768285 0.00213979 0)
(-0.00900978 0.00225034 0)
(-0.0102968 0.00235116 0)
(-0.0115375 0.00243844 0)
(-0.0127184 0.00251021 0)
(-0.0138278 0.0025613 0)
(-0.0148503 0.0025866 0)
(-0.0157705 0.00258065 0)
(-0.0165721 0.00253859 0)
(-0.0172389 0.00245643 0)
(-0.0177555 0.00233134 0)
(-0.0181081 0.0021618 0)
(-0.0182841 0.00194759 0)
(-0.018273 0.00168976 0)
(-0.0180665 0.00139041 0)
(-0.0176579 0.0010526 0)
(-0.0170425 0.000680134 0)
(-0.0162174 0.000277347 0)
(-0.0151815 -0.000150999 0)
(-0.0139352 -0.000599866 0)
(-0.0124805 -0.00106402 0)
(-0.0108207 -0.0015381 0)
(-0.00896105 -0.00201662 0)
(-0.00690788 -0.00249401 0)
(-0.00466932 -0.0029646 0)
(-0.00225508 -0.00342259 0)
(0.000323402 -0.00386205 0)
(0.0030529 -0.00427692 0)
(0.0059183 -0.004661 0)
(0.00890248 -0.00500792 0)
(0.0119862 -0.00531123 0)
(0.0151482 -0.00556437 0)
(0.0183646 -0.0057608 0)
(0.0216095 -0.00589414 0)
(0.0248546 -0.00595831 0)
(0.0280692 -0.00594778 0)
(0.0312205 -0.0058579 0)
(0.0342739 -0.00568523 0)
(0.0371932 -0.00542799 0)
(0.0399414 -0.00508645 0)
(0.0424812 -0.0046634 0)
(0.0447759 -0.00416451 0)
(0.04679 -0.00359859 0)
(0.048491 -0.00297777 0)
(0.0498493 -0.00231739 0)
(0.0508404 -0.00163579 0)
(0.0514455 -0.00095378 0)
(0.0516533 -0.000293847 0)
(0.0514618 0.000320976 0)
(0.0508804 0.000868634 0)
(0.0499319 0.00132995 0)
(0.0486543 0.00169084 0)
(0.0471006 0.00194445 0)
(0.0453375 0.00209276 0)
(0.0434407 0.00214658 0)
(0.041489 0.0021233 0)
(0.0395579 0.00204262 0)
(0.0377139 0.00192151 0)
(0.0360099 0.00177091 0)
(0.0344836 0.00159539 0)
(0.0331577 0.00139553 0)
(0.0320427 0.00117104 0)
(0.0311408 0.000922925 0)
(0.03045 0.000654144 0)
(0.0299661 0.000369184 0)
(0.0296845 7.34346e-05 0)
(0.0295995 -0.000227249 0)
(0.029704 -0.000526701 0)
(0.029989 -0.000818444 0)
(0.0304435 -0.00109563 0)
(0.0310539 -0.00135105 0)
(0.0318041 -0.00157726 0)
(0.032675 -0.00176683 0)
(0.0336447 -0.00191279 0)
(0.0346883 -0.00200927 0)
(0.0357782 -0.00205215 0)
(0.0368848 -0.00203984 0)
(0.0379777 -0.00197389 0)
(0.0390277 -0.00185921 0)
(0.0400081 -0.00170391 0)
(0.040897 -0.00151855 0)
(0.041679 -0.00131506 0)
(0.0423453 -0.00110542 0)
(0.0428944 -0.000900427 0)
(0.043331 -0.000708826 0)
(0.0436644 -0.000536839 0)
(0.0439073 -0.000388116 0)
(0.044074 -0.000264013 0)
(0.0441791 -0.000164054 0)
(0.0442363 -8.64606e-05 0)
(0.0442578 -2.86499e-05 0)
(0.044254 1.23478e-05 0)
(0.0442335 3.95709e-05 0)
(0.044203 5.59062e-05 0)
(0.0441676 6.39525e-05 0)
(0.0441308 6.59507e-05 0)
(0.0440952 6.37619e-05 0)
(0.0440624 5.88786e-05 0)
(0.0440331 5.24561e-05 0)
(0.044008 4.53556e-05 0)
(0.0439868 3.81907e-05 0)
(0.0439695 3.13744e-05 0)
(0.0439556 2.51618e-05 0)
(0.0439448 1.96888e-05 0)
(0.0439365 1.50041e-05 0)
(0.0439305 1.10962e-05 0)
(0.0439261 7.91417e-06 0)
(0.0439232 5.38432e-06 0)
(0.0439213 3.42189e-06 0)
(0.0439202 1.93977e-06 0)
(0.0439197 8.54206e-07 0)
(0.0439196 8.83502e-08 0)
(0.0439198 -4.25779e-07 0)
(0.0439201 -7.46553e-07 0)
(0.0439206 -9.22793e-07 0)
(0.0439211 -9.9436e-07 0)
(0.0439216 -9.93043e-07 0)
(0.0439221 -9.43606e-07 0)
(0.0439225 -8.64864e-07 0)
(0.0439229 -7.70719e-07 0)
(0.0439232 -6.71108e-07 0)
(0.0439235 -5.72844e-07 0)
(0.0439237 -4.80334e-07 0)
(0.0439239 -3.96177e-07 0)
(0.0439241 -3.21657e-07 0)
(0.0439242 -2.5713e-07 0)
(0.0439243 -2.02325e-07 0)
(0.0439244 -1.56581e-07 0)
(0.0439245 -1.19011e-07 0)
(0.0439245 -8.86282e-08 0)
(0.0439246 -6.44319e-08 0)
(0.0439246 -4.54614e-08 0)
(0.0439246 -3.08315e-08 0)
(0.0439246 -1.97505e-08 0)
(0.0439246 -1.15274e-08 0)
(0.0439246 -5.57119e-09 0)
(0.0439246 -1.38535e-09 0)
(0.0439246 1.44033e-09 0)
(0.0439246 3.23967e-09 0)
(0.0439246 4.28032e-09 0)
(0.0439246 4.7737e-09 0)
(0.0439246 4.88424e-09 0)
(0.0439246 4.73777e-09 0)
(0.0439246 4.42885e-09 0)
(0.0439246 4.0271e-09 0)
(0.0439246 3.58251e-09 0)
(0.0439246 3.12985e-09 0)
(0.0439246 2.69234e-09 0)
(0.0439246 2.2845e-09 0)
(0.0439246 1.91452e-09 0)
(0.0439246 1.58604e-09 0)
(0.0439246 1.29956e-09 0)
(0.0439246 1.05351e-09 0)
(0.0439246 8.45012e-10 0)
(0.0439246 6.70499e-10 0)
(0.0439246 5.26084e-10 0)
(0.0439246 4.07872e-10 0)
(0.0439246 3.12123e-10 0)
(0.0439246 2.35381e-10 0)
(0.0439246 1.74526e-10 0)
(0.0439246 1.26802e-10 0)
(0.0439246 8.98108e-11 0)
(0.0439246 6.15101e-11 0)
(0.0439246 4.01686e-11 0)
(0.0439246 2.43429e-11 0)
(0.0439246 1.28387e-11 0)
(0.0439246 4.68122e-12 0)
(0.0439246 -9.13694e-13 0)
(0.0439246 -4.58016e-12 0)
(0.0439246 -6.814e-12 0)
(0.0439246 -8.00979e-12 0)
(0.0439246 -8.47195e-12 0)
(0.0439246 -8.42686e-12 0)
(0.0439246 -8.05267e-12 0)
(0.0439246 -7.47666e-12 0)
(0.0439246 -6.79303e-12 0)
(0.0439246 -6.07012e-12 0)
(0.0439246 -5.34805e-12 0)
(0.0439246 -4.66004e-12 0)
(0.0439246 -4.0212e-12 0)
(0.0439246 -3.44228e-12 0)
(0.0439246 -2.92825e-12 0)
(0.0439246 -2.47153e-12 0)
(0.0439246 -2.0715e-12 0)
(0.0439246 -1.71954e-12 0)
(0.0439246 -1.40731e-12 0)
(0.0439246 -1.13026e-12 0)
(0.0439246 -8.865e-13 0)
(0.0439246 -6.40382e-13 0)
(0.0439246 -5.3519e-13 0)
(0.0439246 -3.13356e-13 0)
(0.0439246 -4.66255e-13 0)
(0.0439246 -1.69325e-12 0)
(0.0439246 -1.21015e-12 0)
(-0.000328607 0.00114493 0)
(-0.00166015 0.00224162 0)
(-0.00318636 0.00284449 0)
(-0.00464614 0.00309842 0)
(-0.00595041 0.00326083 0)
(-0.00713439 0.00333847 0)
(-0.00817633 0.00338928 0)
(-0.0090986 0.00341154 0)
(-0.00989415 0.00341701 0)
(-0.0105684 0.00340194 0)
(-0.0111159 0.00336387 0)
(-0.0115335 0.00329679 0)
(-0.0118142 0.00319506 0)
(-0.0119515 0.00305302 0)
(-0.011938 0.00286603 0)
(-0.0117667 0.00263061 0)
(-0.0114313 0.00234466 0)
(-0.0109263 0.00200749 0)
(-0.0102469 0.00161976 0)
(-0.00938945 0.00118333 0)
(-0.00835126 0.000701121 0)
(-0.00713047 0.00017695 0)
(-0.00572611 -0.000384668 0)
(-0.00413809 -0.000978654 0)
(-0.00236718 -0.0015995 0)
(-0.000415056 -0.00224134 0)
(0.00171563 -0.00289804 0)
(0.00402116 -0.00356322 0)
(0.00649668 -0.00423024 0)
(0.009136 -0.00489223 0)
(0.0119316 -0.00554204 0)
(0.0148742 -0.00617225 0)
(0.0179531 -0.00677513 0)
(0.0211555 -0.00734267 0)
(0.024467 -0.00786653 0)
(0.027871 -0.00833808 0)
(0.0313487 -0.0087484 0)
(0.0348792 -0.00908837 0)
(0.0384392 -0.00934875 0)
(0.0420034 -0.00952033 0)
(0.0455438 -0.00959423 0)
(0.0490304 -0.00956213 0)
(0.0524312 -0.00941677 0)
(0.0557128 -0.00915244 0)
(0.0588408 -0.0087655 0)
(0.0617802 -0.00825503 0)
(0.064497 -0.00762338 0)
(0.0669582 -0.00687661 0)
(0.0691332 -0.00602475 0)
(0.0709943 -0.00508196 0)
(0.072517 -0.00406631 0)
(0.0736804 -0.00299946 0)
(0.0744673 -0.00190611 0)
(0.0748636 -0.000813418 0)
(0.0748592 0.000249714 0)
(0.0744477 0.00125331 0)
(0.0736275 0.0021672 0)
(0.072404 0.00296214 0)
(0.070792 0.00361157 0)
(0.0688196 0.00409406 0)
(0.0665316 0.00439629 0)
(0.0639915 0.00451591 0)
(0.0612815 0.00446314 0)
(0.0584973 0.00426017 0)
(0.0557404 0.00393806 0)
(0.0531066 0.00353138 0)
(0.0506766 0.00307215 0)
(0.0485092 0.00258491 0)
(0.0466389 0.00208473 0)
(0.0450792 0.00157859 0)
(0.0438271 0.00106878 0)
(0.0428696 0.000556683 0)
(0.0421884 4.52028e-05 0)
(0.0417642 -0.000460315 0)
(0.041578 -0.000952291 0)
(0.0416119 -0.00142153 0)
(0.0418484 -0.0018578 0)
(0.0422701 -0.00225027 0)
(0.0428579 -0.0025879 0)
(0.0435909 -0.00285989 0)
(0.0444454 -0.00305641 0)
(0.0453947 -0.00316964 0)
(0.046409 -0.00319496 0)
(0.0474563 -0.00313219 0)
(0.0485037 -0.00298646 0)
(0.0495188 -0.00276844 0)
(0.0504726 -0.00249361 0)
(0.0513412 -0.00218071 0)
(0.0521073 -0.00184964 0)
(0.0527611 -0.00151928 0)
(0.0533002 -0.00120561 0)
(0.0537287 -0.000920624 0)
(0.054056 -0.000671917 0)
(0.0542944 -0.000462946 0)
(0.0544582 -0.000293748 0)
(0.0545618 -0.00016185 0)
(0.0546189 -6.31768e-05 0)
(0.0546415 7.15708e-06 0)
(0.0546398 5.42413e-05 0)
(0.0546223 8.29457e-05 0)
(0.0545952 9.76618e-05 0)
(0.0545636 0.00010217 0)
(0.0545307 9.96024e-05 0)
(0.054499 9.24595e-05 0)
(0.0544698 8.26716e-05 0)
(0.054444 7.16725e-05 0)
(0.0544219 6.04818e-05 0)
(0.0544035 4.97852e-05 0)
(0.0543884 4.00073e-05 0)
(0.0543765 3.13763e-05 0)
(0.0543672 2.39778e-05 0)
(0.0543602 1.77983e-05 0)
(0.0543551 1.27608e-05 0)
(0.0543515 8.75048e-06 0)
(0.0543491 5.63455e-06 0)
(0.0543476 3.27616e-06 0)
(0.0543468 1.54351e-06 0)
(0.0543464 3.15615e-07 0)
(0.0543464 -5.14553e-07 0)
(0.0543466 -1.0389e-06 0)
(0.0543469 -1.33427e-06 0)
(0.0543473 -1.4634e-06 0)
(0.0543478 -1.47632e-06 0)
(0.0543482 -1.41204e-06 0)
(0.0543486 -1.30017e-06 0)
(0.054349 -1.16265e-06 0)
(0.0543493 -1.01518e-06 0)
(0.0543496 -8.68549e-07 0)
(0.0543498 -7.29796e-07 0)
(0.05435 -6.03113e-07 0)
(0.0543502 -4.90626e-07 0)
(0.0543503 -3.93006e-07 0)
(0.0543504 -3.09938e-07 0)
(0.0543505 -2.40483e-07 0)
(0.0543506 -1.83342e-07 0)
(0.0543506 -1.37055e-07 0)
(0.0543507 -1.00125e-07 0)
(0.0543507 -7.11114e-08 0)
(0.0543507 -4.86831e-08 0)
(0.0543507 -3.16465e-08 0)
(0.0543507 -1.89582e-08 0)
(0.0543507 -9.72478e-09 0)
(0.0543507 -3.19458e-09 0)
(0.0543507 1.25413e-09 0)
(0.0543507 4.12795e-09 0)
(0.0543507 5.83357e-09 0)
(0.0543507 6.6927e-09 0)
(0.0543507 6.95603e-09 0)
(0.0543507 6.81577e-09 0)
(0.0543507 6.41677e-09 0)
(0.0543507 5.86599e-09 0)
(0.0543507 5.24059e-09 0)
(0.0543507 4.59459e-09 0)
(0.0543507 3.96434e-09 0)
(0.0543507 3.37295e-09 0)
(0.0543507 2.83375e-09 0)
(0.0543507 2.35313e-09 0)
(0.0543507 1.93256e-09 0)
(0.0543507 1.5703e-09 0)
(0.0543507 1.26255e-09 0)
(0.0543507 1.00435e-09 0)
(0.0543507 7.90197e-10 0)
(0.0543507 6.1451e-10 0)
(0.0543507 4.71892e-10 0)
(0.0543507 3.5732e-10 0)
(0.0543507 2.66245e-10 0)
(0.0543507 1.94629e-10 0)
(0.0543507 1.3896e-10 0)
(0.0543507 9.62224e-11 0)
(0.0543507 6.38652e-11 0)
(0.0543507 3.9756e-11 0)
(0.0543507 2.2126e-11 0)
(0.0543507 9.53192e-12 0)
(0.0543507 7.99898e-13 0)
(0.0543507 -5.00848e-12 0)
(0.0543507 -8.64085e-12 0)
(0.0543507 -1.06846e-11 0)
(0.0543507 -1.15928e-11 0)
(0.0543507 -1.17155e-11 0)
(0.0543507 -1.13158e-11 0)
(0.0543507 -1.05902e-11 0)
(0.0543507 -9.68254e-12 0)
(0.0543507 -8.69264e-12 0)
(0.0543507 -7.69181e-12 0)
(0.0543507 -6.72592e-12 0)
(0.0543507 -5.825e-12 0)
(0.0543507 -5.00562e-12 0)
(0.0543507 -4.27102e-12 0)
(0.0543507 -3.62143e-12 0)
(0.0543507 -3.0504e-12 0)
(0.0543507 -2.54861e-12 0)
(0.0543507 -2.10636e-12 0)
(0.0543507 -1.70737e-12 0)
(0.0543507 -1.33394e-12 0)
(0.0543507 -9.73601e-13 0)
(0.0543507 -6.25054e-13 0)
(0.0543507 -1.64457e-13 0)
(0.0543507 -1.85588e-14 0)
(0.0543507 8.25771e-13 0)
(0.0543507 1.23272e-12 0)
(-0.000423268 0.00244831 0)
(-0.00181218 0.00387052 0)
(-0.00315881 0.00441189 0)
(-0.00426119 0.00437974 0)
(-0.00503323 0.00431035 0)
(-0.00558085 0.00417993 0)
(-0.00590409 0.0040578 0)
(-0.00605931 0.00392538 0)
(-0.00605295 0.00378752 0)
(-0.00590505 0.00363458 0)
(-0.00561812 0.00346033 0)
(-0.00519706 0.00325661 0)
(-0.00464103 0.00301638 0)
(-0.00394946 0.00273337 0)
(-0.00312004 0.00240267 0)
(-0.00215058 0.0020208 0)
(-0.00103852 0.00158575 0)
(0.000218535 0.00109698 0)
(0.00162288 0.000555257 0)
(0.00317659 -3.74477e-05 0)
(0.00488146 -0.000678125 0)
(0.00673893 -0.00136286 0)
(0.00875001 -0.00208699 0)
(0.0109151 -0.00284516 0)
(0.0132339 -0.00363148 0)
(0.0157052 -0.00443958 0)
(0.0183268 -0.00526258 0)
(0.0210954 -0.00609322 0)
(0.0240061 -0.00692376 0)
(0.0270528 -0.00774603 0)
(0.0302276 -0.00855137 0)
(0.0335209 -0.00933065 0)
(0.0369211 -0.0100743 0)
(0.0404145 -0.0107721 0)
(0.0439855 -0.0114136 0)
(0.047616 -0.0119879 0)
(0.0512861 -0.0124834 0)
(0.0549732 -0.0128885 0)
(0.0586527 -0.0131911 0)
(0.0622976 -0.0133794 0)
(0.0658789 -0.0134417 0)
(0.0693659 -0.013367 0)
(0.0727264 -0.013146 0)
(0.0759282 -0.0127712 0)
(0.0789391 -0.012238 0)
(0.0817289 -0.0115455 0)
(0.08427 -0.010697 0)
(0.086539 -0.00970069 0)
(0.0885167 -0.00856944 0)
(0.0901892 -0.00732094 0)
(0.0915472 -0.00597706 0)
(0.0925859 -0.00456314 0)
(0.0933034 -0.00310711 0)
(0.0936997 -0.00163862 0)
(0.0937755 -0.000188274 0)
(0.0935313 0.00121302 0)
(0.092966 0.00253453 0)
(0.0920771 0.0037461 0)
(0.0908615 0.00481855 0)
(0.0893163 0.00572427 0)
(0.0874424 0.00643825 0)
(0.0852481 0.00693956 0)
(0.0827544 0.00721354 0)
(0.0799992 0.00725432 0)
(0.0770407 0.00706735 0)
(0.0739565 0.00667104 0)
(0.070839 0.0060964 0)
(0.067787 0.0053839 0)
(0.0648945 0.004578 0)
(0.0622407 0.00372089 0)
(0.059883 0.0028474 0)
(0.0578547 0.00198263 0)
(0.0561674 0.00114248 0)
(0.0548154 0.000336298 0)
(0.0537821 -0.000429891 0)
(0.0530445 -0.00115053 0)
(0.0525776 -0.00181871 0)
(0.052356 -0.0024254 0)
(0.0523548 -0.0029595 0)
(0.0525495 -0.00340846 0)
(0.0529152 -0.00375936 0)
(0.0534255 -0.00400045 0)
(0.0540524 -0.00412301 0)
(0.0547656 -0.00412335 0)
(0.0555338 -0.00400459 0)
(0.056325 -0.00377748 0)
(0.0571091 -0.0034601 0)
(0.0578589 -0.00307623 0)
(0.0585522 -0.00265262 0)
(0.0591726 -0.00221602 0)
(0.05971 -0.00179034 0)
(0.0601605 -0.00139467 0)
(0.0605252 -0.00104231 0)
(0.06081 -0.000740705 0)
(0.0610232 -0.000492157 0)
(0.0611752 -0.000294962 0)
(0.0612769 -0.000144633 0)
(0.0613386 -3.50673e-05 0)
(0.0613701 4.04983e-05 0)
(0.0613797 8.87855e-05 0)
(0.0613744 0.000116011 0)
(0.0613595 0.000127622 0)
(0.0613393 0.000128194 0)
(0.0613169 0.000121421 0)
(0.0612944 0.000110182 0)
(0.0612731 9.6637e-05 0)
(0.061254 8.2344e-05 0)
(0.0612373 6.83688e-05 0)
(0.0612232 5.53919e-05 0)
(0.0612117 4.38015e-05 0)
(0.0612024 3.37714e-05 0)
(0.0611952 2.53258e-05 0)
(0.0611896 1.83898e-05 0)
(0.0611856 1.28283e-05 0)
(0.0611827 8.47499e-06 0)
(0.0611807 5.15296e-06 0)
(0.0611794 2.68862e-06 0)
(0.0611786 9.20581e-07 0)
(0.0611783 -2.95306e-07 0)
(0.0611782 -1.08375e-06 0)
(0.0611783 -1.54971e-06 0)
(0.0611785 -1.77936e-06 0)
(0.0611788 -1.8418e-06 0)
(0.0611791 -1.79121e-06 0)
(0.0611794 -1.66899e-06 0)
(0.0611796 -1.50602e-06 0)
(0.0611799 -1.3246e-06 0)
(0.0611801 -1.14027e-06 0)
(0.0611803 -9.63304e-07 0)
(0.0611805 -8.00045e-07 0)
(0.0611807 -6.53917e-07 0)
(0.0611808 -5.26271e-07 0)
(0.0611809 -4.17049e-07 0)
(0.061181 -3.25272e-07 0)
(0.061181 -2.49423e-07 0)
(0.0611811 -1.87708e-07 0)
(0.0611811 -1.38251e-07 0)
(0.0611811 -9.92174e-08 0)
(0.0611812 -6.88927e-08 0)
(0.0611812 -4.5729e-08 0)
(0.0611812 -2.83644e-08 0)
(0.0611812 -1.56265e-08 0)
(0.0611812 -6.52471e-09 0)
(0.0611812 -2.36169e-10 0)
(0.0611812 3.91223e-09 0)
(0.0611812 6.46294e-09 0)
(0.0611812 7.84678e-09 0)
(0.0611812 8.40086e-09 0)
(0.0611812 8.38489e-09 0)
(0.0611812 7.99559e-09 0)
(0.0611812 7.37918e-09 0)
(0.0611812 6.64194e-09 0)
(0.0611812 5.85907e-09 0)
(0.0611812 5.08187e-09 0)
(0.0611812 4.3437e-09 0)
(0.0611812 3.66455e-09 0)
(0.0611812 3.05482e-09 0)
(0.0611812 2.51815e-09 0)
(0.0611812 2.05354e-09 0)
(0.0611812 1.65709e-09 0)
(0.0611812 1.32312e-09 0)
(0.0611812 1.0451e-09 0)
(0.0611812 8.16193e-10 0)
(0.0611812 6.29723e-10 0)
(0.0611812 4.79394e-10 0)
(0.0611812 3.59459e-10 0)
(0.0611812 2.64791e-10 0)
(0.0611812 1.90899e-10 0)
(0.0611812 1.33913e-10 0)
(0.0611812 9.05413e-11 0)
(0.0611812 5.80231e-11 0)
(0.0611812 3.40663e-11 0)
(0.0611812 1.67877e-11 0)
(0.0611812 4.65637e-12 0)
(0.0611812 -3.55919e-12 0)
(0.0611812 -8.84234e-12 0)
(0.0611812 -1.19666e-11 0)
(0.0611812 -1.3535e-11 0)
(0.0611812 -1.40123e-11 0)
(0.0611812 -1.37511e-11 0)
(0.0611812 -1.30171e-11 0)
(0.0611812 -1.20038e-11 0)
(0.0611812 -1.08506e-11 0)
(0.0611812 -9.65608e-12 0)
(0.0611812 -8.48458e-12 0)
(0.0611812 -7.38055e-12 0)
(0.0611812 -6.36689e-12 0)
(0.0611812 -5.45419e-12 0)
(0.0611812 -4.64468e-12 0)
(0.0611812 -3.93173e-12 0)
(0.0611812 -3.30796e-12 0)
(0.0611812 -2.75792e-12 0)
(0.0611812 -2.26045e-12 0)
(0.0611812 -1.79721e-12 0)
(0.0611812 -1.32986e-12 0)
(0.0611812 -8.18416e-13 0)
(0.0611812 -1.93623e-13 0)
(0.0611812 4.45641e-13 0)
(0.0611812 2.48729e-12 0)
(0.0611812 2.82771e-12 0)
(-0.000704441 0.00307112 0)
(-0.00209768 0.00478862 0)
(-0.0024926 0.00518016 0)
(-0.00260255 0.00489573 0)
(-0.00224173 0.00456615 0)
(-0.00173772 0.0042125 0)
(-0.00103258 0.00389419 0)
(-0.000211362 0.00359426 0)
(0.000735839 0.0033063 0)
(0.00178739 0.00301748 0)
(0.00294495 0.00271582 0)
(0.0042039 0.00239085 0)
(0.00556569 0.002033 0)
(0.00703076 0.00163465 0)
(0.00860124 0.00118961 0)
(0.0102792 0.000693504 0)
(0.0120674 0.000143482 0)
(0.0139683 -0.000461737 0)
(0.0159848 -0.00112202 0)
(0.0181196 -0.00183593 0)
(0.0203751 -0.00260081 0)
(0.0227533 -0.00341291 0)
(0.0252557 -0.00426751 0)
(0.0278829 -0.00515898 0)
(0.0306343 -0.00608086 0)
(0.0335083 -0.007026 0)
(0.0365017 -0.00798652 0)
(0.03961 -0.00895392 0)
(0.0428269 -0.00991908 0)
(0.0461443 -0.0108722 0)
(0.0495522 -0.0118028 0)
(0.0530387 -0.0126997 0)
(0.0565895 -0.0135512 0)
(0.0601881 -0.0143447 0)
(0.0638158 -0.0150674 0)
(0.0674513 -0.0157055 0)
(0.0710712 -0.0162451 0)
(0.0746493 -0.0166715 0)
(0.0781577 -0.01697 0)
(0.0815659 -0.0171259 0)
(0.0848424 -0.0171249 0)
(0.0879545 -0.0169542 0)
(0.0908703 -0.0166028 0)
(0.0935594 -0.0160633 0)
(0.0959951 -0.0153321 0)
(0.0981562 -0.0144111 0)
(0.100028 -0.0133077 0)
(0.101604 -0.0120357 0)
(0.102886 -0.0106143 0)
(0.103881 -0.00906765 0)
(0.104606 -0.00742371 0)
(0.105078 -0.00571271 0)
(0.105319 -0.00396589 0)
(0.105348 -0.00221431 0)
(0.105184 -0.000488114 0)
(0.104838 0.00118395 0)
(0.104318 0.00277457 0)
(0.103626 0.00425778 0)
(0.102757 0.00560876 0)
(0.101701 0.00680366 0)
(0.100444 0.00781974 0)
(0.0989696 0.00863569 0)
(0.0972638 0.00923236 0)
(0.0953158 0.00959402 0)
(0.0931246 0.00971011 0)
(0.090702 0.00957745 0)
(0.0880771 0.00920249 0)
(0.0852972 0.00860273 0)
(0.0824266 0.00780682 0)
(0.079541 0.00685268 0)
(0.0767205 0.00578402 0)
(0.074041 0.00464582 0)
(0.0715665 0.00348004 0)
(0.0693447 0.00232252 0)
(0.0674049 0.00120171 0)
(0.0657597 0.000139106 0)
(0.0644072 -0.000848984 0)
(0.0633357 -0.00174929 0)
(0.0625261 -0.00254955 0)
(0.0619556 -0.00323728 0)
(0.0615985 -0.00379949 0)
(0.0614282 -0.00422357 0)
(0.061417 -0.00449915 0)
(0.0615367 -0.0046206 0)
(0.0617595 -0.00458952 0)
(0.0620583 -0.00441631 0)
(0.0624073 -0.00412042 0)
(0.0627835 -0.00372872 0)
(0.0631667 -0.00327267 0)
(0.0635398 -0.00278465 0)
(0.0638897 -0.00229463 0)
(0.0642063 -0.00182754 0)
(0.0644834 -0.00140189 0)
(0.0647176 -0.00102941 0)
(0.0649088 -0.000715595 0)
(0.065059 -0.000460843 0)
(0.0651719 -0.000261741 0)
(0.0652526 -0.000112413 0)
(0.0653063 -5.67043e-06 0)
(0.0653387 6.60693e-05 0)
(0.0653547 0.000110123 0)
(0.0653588 0.000133124 0)
(0.0653549 0.000140796 0)
(0.0653458 0.000137877 0)
(0.0653341 0.000128141 0)
(0.0653212 0.000114485 0)
(0.0653085 9.90446e-05 0)
(0.0652966 8.33269e-05 0)
(0.0652859 6.83321e-05 0)
(0.0652767 5.46704e-05 0)
(0.0652691 4.26613e-05 0)
(0.0652628 3.24159e-05 0)
(0.0652579 2.39035e-05 0)
(0.0652541 1.70035e-05 0)
(0.0652512 1.15442e-05 0)
(0.0652491 7.33091e-06 0)
(0.0652476 4.16563e-06 0)
(0.0652466 1.85996e-06 0)
(0.065246 2.42635e-07 0)
(0.0652457 -8.36478e-07 0)
(0.0652456 -1.50515e-06 0)
(0.0652456 -1.86934e-06 0)
(0.0652457 -2.01476e-06 0)
(0.0652458 -2.00922e-06 0)
(0.065246 -1.90506e-06 0)
(0.0652461 -1.74167e-06 0)
(0.0652463 -1.54788e-06 0)
(0.0652465 -1.3441e-06 0)
(0.0652466 -1.14411e-06 0)
(0.0652467 -9.5672e-07 0)
(0.0652469 -7.86995e-07 0)
(0.0652469 -6.3732e-07 0)
(0.065247 -5.08215e-07 0)
(0.0652471 -3.98965e-07 0)
(0.0652471 -3.08092e-07 0)
(0.0652472 -2.33703e-07 0)
(0.0652472 -1.73735e-07 0)
(0.0652472 -1.26119e-07 0)
(0.0652472 -8.8892e-08 0)
(0.0652473 -6.02599e-08 0)
(0.0652473 -3.86278e-08 0)
(0.0652473 -2.26126e-08 0)
(0.0652473 -1.10374e-08 0)
(0.0652473 -2.9187e-09 0)
(0.0652473 2.55273e-09 0)
(0.0652473 6.03255e-09 0)
(0.0652473 8.04439e-09 0)
(0.0652473 9.00029e-09 0)
(0.0652473 9.21959e-09 0)
(0.0652473 8.94582e-09 0)
(0.0652473 8.36138e-09 0)
(0.0652473 7.60007e-09 0)
(0.0652473 6.75767e-09 0)
(0.0652473 5.90055e-09 0)
(0.0652473 5.07282e-09 0)
(0.0652473 4.30197e-09 0)
(0.0652473 3.60336e-09 0)
(0.0652473 2.9837e-09 0)
(0.0652473 2.44378e-09 0)
(0.0652473 1.98046e-09 0)
(0.0652473 1.58818e-09 0)
(0.0652473 1.26009e-09 0)
(0.0652473 9.8877e-10 0)
(0.0652473 7.66812e-10 0)
(0.0652473 5.87125e-10 0)
(0.0652473 4.43161e-10 0)
(0.0652473 3.29028e-10 0)
(0.0652473 2.39529e-10 0)
(0.0652473 1.70156e-10 0)
(0.0652473 1.1706e-10 0)
(0.0652473 7.69913e-11 0)
(0.0652473 4.72417e-11 0)
(0.0652473 2.55785e-11 0)
(0.0652473 1.01783e-11 0)
(0.0652473 -4.30505e-13 0)
(0.0652473 -7.42648e-12 0)
(0.0652473 -1.17409e-11 0)
(0.0652473 -1.41051e-11 0)
(0.0652473 -1.50854e-11 0)
(0.0652473 -1.51122e-11 0)
(0.0652473 -1.4512e-11 0)
(0.0652473 -1.35245e-11 0)
(0.0652473 -1.23279e-11 0)
(0.0652473 -1.10465e-11 0)
(0.0652473 -9.76365e-12 0)
(0.0652473 -8.53668e-12 0)
(0.0652473 -7.39869e-12 0)
(0.0652473 -6.3673e-12 0)
(0.0652473 -5.44999e-12 0)
(0.0652473 -4.64235e-12 0)
(0.0652473 -3.9365e-12 0)
(0.0652473 -3.31812e-12 0)
(0.0652473 -2.76638e-12 0)
(0.0652473 -2.25395e-12 0)
(0.0652473 -1.7386e-12 0)
(0.0652473 -1.16976e-12 0)
(0.0652473 -4.51936e-13 0)
(0.0652473 4.52694e-13 0)
(0.0652473 2.83199e-12 0)
(0.0652473 3.15923e-12 0)
(-0.000182225 0.00561535 0)
(-9.21706e-05 0.00562235 0)
(0.00117452 0.00509957 0)
(0.00255004 0.00415666 0)
(0.00425636 0.00351485 0)
(0.00598656 0.00300035 0)
(0.00781349 0.00256844 0)
(0.00966763 0.00218743 0)
(0.0115669 0.00182579 0)
(0.0135025 0.00146819 0)
(0.0154824 0.00109836 0)
(0.01751 0.000705072 0)
(0.0195915 0.000278014 0)
(0.0217319 -0.000190838 0)
(0.0239361 -0.000708045 0)
(0.026209 -0.00127843 0)
(0.0285547 -0.00190526 0)
(0.0309772 -0.00259024 0)
(0.03348 -0.00333358 0)
(0.0360663 -0.00413405 0)
(0.0387385 -0.00498906 0)
(0.0414982 -0.00589468 0)
(0.0443462 -0.00684575 0)
(0.0472817 -0.00783596 0)
(0.0503029 -0.00885792 0)
(0.0534061 -0.00990331 0)
(0.056586 -0.0109629 0)
(0.0598353 -0.0120268 0)
(0.063145 -0.0130841 0)
(0.0665039 -0.0141233 0)
(0.0698989 -0.0151319 0)
(0.0733145 -0.0160964 0)
(0.0767327 -0.0170027 0)
(0.0801326 -0.0178355 0)
(0.0834908 -0.0185789 0)
(0.0867809 -0.0192166 0)
(0.089974 -0.0197311 0)
(0.0930387 -0.0201048 0)
(0.0959412 -0.0203199 0)
(0.098647 -0.020359 0)
(0.101121 -0.020206 0)
(0.103332 -0.0198472 0)
(0.10525 -0.0192728 0)
(0.106853 -0.0184783 0)
(0.108131 -0.0174658 0)
(0.109081 -0.0162447 0)
(0.109715 -0.0148321 0)
(0.110056 -0.013252 0)
(0.110139 -0.011534 0)
(0.110005 -0.00971137 0)
(0.109698 -0.00781882 0)
(0.109263 -0.00589069 0)
(0.108742 -0.00395921 0)
(0.10817 -0.00205354 0)
(0.107574 -0.000199368 0)
(0.106971 0.00158094 0)
(0.106369 0.00326776 0)
(0.105768 0.00484344 0)
(0.105158 0.00629145 0)
(0.104523 0.00759571 0)
(0.10384 0.00874003 0)
(0.103081 0.00970795 0)
(0.102218 0.0104829 0)
(0.10122 0.011049 0)
(0.100058 0.0113917 0)
(0.0987095 0.0114998 0)
(0.0971589 0.0113674 0)
(0.0954029 0.0109957 0)
(0.0934523 0.0103947 0)
(0.0913333 0.0095841 0)
(0.0890863 0.00859265 0)
(0.0867631 0.00745636 0)
(0.0844218 0.00621586 0)
(0.0821212 0.00491328 0)
(0.0799153 0.00358939 0)
(0.0778492 0.00228159 0)
(0.0759569 0.00102292 0)
(0.0742598 -0.000157934 0)
(0.0727682 -0.00123598 0)
(0.0714821 -0.0021891 0)
(0.0703939 -0.00299749 0)
(0.0694901 -0.00364397 0)
(0.0687538 -0.00411526 0)
(0.0681663 -0.00440408 0)
(0.0677092 -0.00451149 0)
(0.0673651 -0.00444848 0)
(0.0671186 -0.00423607 0)
(0.0669557 -0.00390354 0)
(0.0668639 -0.00348521 0)
(0.0668308 -0.00301656 0)
(0.0668442 -0.00253065 0)
(0.0668918 -0.00205546 0)
(0.0669619 -0.00161245 0)
(0.0670435 -0.00121625 0)
(0.0671276 -0.000875043 0)
(0.0672071 -0.000591642 0)
(0.0672773 -0.000364638 0)
(0.0673356 -0.000189656 0)
(0.0673811 -6.0489e-05 0)
(0.0674143 2.9955e-05 0)
(0.0674367 8.89097e-05 0)
(0.06745 0.000123227 0)
(0.0674562 0.000139046 0)
(0.0674573 0.000141616 0)
(0.0674547 0.000135246 0)
(0.0674501 0.000123341 0)
(0.0674442 0.000108486 0)
(0.0674381 9.25575e-05 0)
(0.0674321 7.68535e-05 0)
(0.0674265 6.22085e-05 0)
(0.0674217 4.91036e-05 0)
(0.0674176 3.77605e-05 0)
(0.0674142 2.8219e-05 0)
(0.0674115 2.03984e-05 0)
(0.0674094 1.4145e-05 0)
(0.0674078 9.2673e-06 0)
(0.0674066 5.56108e-06 0)
(0.0674058 2.82598e-06 0)
(0.0674052 8.7622e-07 0)
(0.0674049 -4.53598e-07 0)
(0.0674047 -1.30595e-06 0)
(0.0674046 -1.80018e-06 0)
(0.0674046 -2.03378e-06 0)
(0.0674046 -2.0845e-06 0)
(0.0674046 -2.01291e-06 0)
(0.0674047 -1.86502e-06 0)
(0.0674048 -1.67488e-06 0)
(0.0674049 -1.46688e-06 0)
(0.067405 -1.25783e-06 0)
(0.0674051 -1.05874e-06 0)
(0.0674051 -8.76207e-07 0)
(0.0674052 -7.1369e-07 0)
(0.0674052 -5.72387e-07 0)
(0.0674053 -4.51988e-07 0)
(0.0674053 -3.51218e-07 0)
(0.0674053 -2.68249e-07 0)
(0.0674053 -2.00989e-07 0)
(0.0674054 -1.47286e-07 0)
(0.0674054 -1.05059e-07 0)
(0.0674054 -7.23821e-08 0)
(0.0674054 -4.7526e-08 0)
(0.0674054 -2.89792e-08 0)
(0.0674054 -1.5447e-08 0)
(0.0674054 -5.8403e-09 0)
(0.0674054 7.41568e-10 0)
(0.0674054 5.03245e-09 0)
(0.0674054 7.62139e-09 0)
(0.0674054 8.97438e-09 0)
(0.0674054 9.45455e-09 0)
(0.0674054 9.34051e-09 0)
(0.0674054 8.84229e-09 0)
(0.0674054 8.11522e-09 0)
(0.0674054 7.27154e-09 0)
(0.0674054 6.39004e-09 0)
(0.0674054 5.52399e-09 0)
(0.0674054 4.7075e-09 0)
(0.0674054 3.96057e-09 0)
(0.0674054 3.29309e-09 0)
(0.0674054 2.70786e-09 0)
(0.0674054 2.20295e-09 0)
(0.0674054 1.77343e-09 0)
(0.0674054 1.41262e-09 0)
(0.0674054 1.11304e-09 0)
(0.0674054 8.67008e-10 0)
(0.0674054 6.67074e-10 0)
(0.0674054 5.06283e-10 0)
(0.0674054 3.78317e-10 0)
(0.0674054 2.77563e-10 0)
(0.0674054 1.99128e-10 0)
(0.0674054 1.38808e-10 0)
(0.0674054 9.3041e-11 0)
(0.0674054 5.88447e-11 0)
(0.0674054 3.37504e-11 0)
(0.0674054 1.57369e-11 0)
(0.0674054 3.16595e-12 0)
(0.0674054 -5.27777e-12 0)
(0.0674054 -1.06394e-11 0)
(0.0674054 -1.37419e-11 0)
(0.0674054 -1.52255e-11 0)
(0.0674054 -1.55802e-11 0)
(0.0674054 -1.51768e-11 0)
(0.0674054 -1.42946e-11 0)
(0.0674054 -1.31372e-11 0)
(0.0674054 -1.18502e-11 0)
(0.0674054 -1.05339e-11 0)
(0.0674054 -9.25529e-12 0)
(0.0674054 -8.05826e-12 0)
(0.0674054 -6.96907e-12 0)
(0.0674054 -5.99666e-12 0)
(0.0674054 -5.14299e-12 0)
(0.0674054 -4.40119e-12 0)
(0.0674054 -3.75918e-12 0)
(0.0674054 -3.19879e-12 0)
(0.0674054 -2.69145e-12 0)
(0.0674054 -2.19954e-12 0)
(0.0674054 -1.669e-12 0)
(0.0674054 -1.006e-12 0)
(0.0674054 -1.29397e-13 0)
(0.0674054 1.94558e-12 0)
(0.0674054 2.21996e-12 0)
(0.00512183 0.00192592 0)
(0.00770084 0.00292715 0)
(0.0127571 0.00249101 0)
(0.0161799 0.00189709 0)
(0.0194906 0.00128428 0)
(0.0224225 0.000776106 0)
(0.0251849 0.000331999 0)
(0.0278141 -6.23287e-05 0)
(0.0303627 -0.000435806 0)
(0.0328605 -0.000806775 0)
(0.0353319 -0.00119189 0)
(0.0377944 -0.0016036 0)
(0.0402621 -0.00205218 0)
(0.0427459 -0.00254577 0)
(0.0452544 -0.00309077 0)
(0.0477946 -0.00369201 0)
(0.0503719 -0.00435273 0)
(0.0529908 -0.00507471 0)
(0.0556544 -0.0058582 0)
(0.0583651 -0.00670195 0)
(0.0611242 -0.00760319 0)
(0.0639318 -0.00855767 0)
(0.0667867 -0.00955963 0)
(0.0696864 -0.0106019 0)
(0.0726264 -0.0116759 0)
(0.0756002 -0.012772 0)
(0.0785995 -0.0138793 0)
(0.0816133 -0.0149862 0)
(0.0846288 -0.0160798 0)
(0.0876308 -0.0171466 0)
(0.0906014 -0.0181716 0)
(0.0935201 -0.0191386 0)
(0.0963629 -0.0200302 0)
(0.0991024 -0.0208275 0)
(0.101707 -0.0215109 0)
(0.104143 -0.02206 0)
(0.106372 -0.0224535 0)
(0.108355 -0.0226701 0)
(0.110052 -0.0226893 0)
(0.111426 -0.022492 0)
(0.112443 -0.0220629 0)
(0.11308 -0.0213916 0)
(0.113324 -0.020475 0)
(0.113181 -0.0193188 0)
(0.112672 -0.0179387 0)
(0.111839 -0.0163595 0)
(0.110739 -0.0146143 0)
(0.109441 -0.0127421 0)
(0.108021 -0.010784 0)
(0.106554 -0.00878068 0)
(0.10511 -0.00676929 0)
(0.103749 -0.00478161 0)
(0.102516 -0.00284322 0)
(0.101442 -0.000973694 0)
(0.100543 0.000812559 0)
(0.0998233 0.00250492 0)
(0.0992744 0.00409514 0)
(0.0988802 0.00557599 0)
(0.0986178 0.00694021 0)
(0.0984589 0.0081797 0)
(0.0983715 0.00928501 0)
(0.0983206 0.0102452 0)
(0.0982694 0.0110479 0)
(0.09818 0.0116796 0)
(0.0980145 0.0121265 0)
(0.0977364 0.0123756 0)
(0.0973124 0.0124158 0)
(0.0967149 0.0122402 0)
(0.0959244 0.0118473 0)
(0.0949314 0.0112427 0)
(0.0937386 0.0104399 0)
(0.0923609 0.00946066 0)
(0.0908244 0.00833376 0)
(0.0891643 0.00709373 0)
(0.0874211 0.00577856 0)
(0.0856374 0.00442761 0)
(0.0838539 0.00307982 0)
(0.0821067 0.00177251 0)
(0.0804251 0.000540664 0)
(0.0788313 -0.000583383 0)
(0.07734 -0.00157042 0)
(0.0759598 -0.00239536 0)
(0.074695 -0.00303893 0)
(0.073547 -0.00348993 0)
(0.0725168 -0.00374739 0)
(0.0716055 -0.00382174 0)
(0.0708146 -0.00373418 0)
(0.0701449 -0.00351431 0)
(0.0695951 -0.00319636 0)
(0.06916 -0.0028152 0)
(0.0688304 -0.00240306 0)
(0.0685934 -0.00198728 0)
(0.0684335 -0.00158934 0)
(0.0683344 -0.00122466 0)
(0.0682804 -0.000903053 0)
(0.0682576 -0.000629494 0)
(0.0682546 -0.000404982 0)
(0.0682627 -0.000227488 0)
(0.0682756 -9.2856e-05 0)
(0.0682894 4.36872e-06 0)
(0.0683016 7.02413e-05 0)
(0.0683113 0.000110858 0)
(0.0683181 0.000131951 0)
(0.0683223 0.000138627 0)
(0.0683244 0.000135231 0)
(0.0683248 0.000125304 0)
(0.0683242 0.000111613 0)
(0.0683229 9.62315e-05 0)
(0.0683213 8.06331e-05 0)
(0.0683196 6.5803e-05 0)
(0.068318 5.23411e-05 0)
(0.0683166 4.05577e-05 0)
(0.0683153 3.0554e-05 0)
(0.0683143 2.22894e-05 0)
(0.0683135 1.56339e-05 0)
(0.0683129 1.04072e-05 0)
(0.0683124 6.40854e-06 0)
(0.0683121 3.43546e-06 0)
(0.0683118 1.2972e-06 0)
(0.0683117 -1.78075e-07 0)
(0.0683116 -1.13971e-06 0)
(0.0683115 -1.71369e-06 0)
(0.0683115 -2.00354e-06 0)
(0.0683115 -2.09224e-06 0)
(0.0683115 -2.04478e-06 0)
(0.0683115 -1.9108e-06 0)
(0.0683116 -1.72724e-06 0)
(0.0683116 -1.52076e-06 0)
(0.0683116 -1.30989e-06 0)
(0.0683116 -1.10691e-06 0)
(0.0683117 -9.19388e-07 0)
(0.0683117 -7.51425e-07 0)
(0.0683117 -6.04671e-07 0)
(0.0683117 -4.791e-07 0)
(0.0683117 -3.73608e-07 0)
(0.0683117 -2.86451e-07 0)
(0.0683117 -2.15564e-07 0)
(0.0683117 -1.5878e-07 0)
(0.0683117 -1.13983e-07 0)
(0.0683117 -7.91954e-08 0)
(0.0683117 -5.26328e-08 0)
(0.0683117 -3.27264e-08 0)
(0.0683117 -1.8127e-08 0)
(0.0683117 -7.69568e-09 0)
(0.0683117 -4.87082e-10 0)
(0.0683118 4.27134e-09 0)
(0.0683118 7.20163e-09 0)
(0.0683118 8.7974e-09 0)
(0.0683118 9.44453e-09 0)
(0.0683118 9.4401e-09 0)
(0.0683118 9.00892e-09 0)
(0.0683118 8.31799e-09 0)
(0.0683118 7.48858e-09 0)
(0.0683118 6.60643e-09 0)
(0.0683117 5.73003e-09 0)
(0.0683117 4.89734e-09 0)
(0.0683117 4.13115e-09 0)
(0.0683117 3.44331e-09 0)
(0.0683117 2.83794e-09 0)
(0.0683117 2.31396e-09 0)
(0.0683117 1.86694e-09 0)
(0.0683117 1.49046e-09 0)
(0.0683117 1.17712e-09 0)
(0.0683117 9.192e-10 0)
(0.0683117 7.09146e-10 0)
(0.0683117 5.39847e-10 0)
(0.0683117 4.04811e-10 0)
(0.0683117 2.98248e-10 0)
(0.0683117 2.15087e-10 0)
(0.0683117 1.50962e-10 0)
(0.0683117 1.02162e-10 0)
(0.0683117 6.55739e-11 0)
(0.0683117 3.86126e-11 0)
(0.0683117 1.91596e-11 0)
(0.0683117 5.49223e-12 0)
(0.0683117 -3.7743e-12 0)
(0.0683117 -9.74527e-12 0)
(0.0683117 -1.32889e-11 0)
(0.0683117 -1.50826e-11 0)
(0.0683117 -1.56481e-11 0)
(0.0683117 -1.53827e-11 0)
(0.0683117 -1.45854e-11 0)
(0.0683117 -1.34728e-11 0)
(0.0683117 -1.22026e-11 0)
(0.0683117 -1.08858e-11 0)
(0.0683117 -9.59591e-12 0)
(0.0683117 -8.38255e-12 0)
(0.0683117 -7.27552e-12 0)
(0.0683117 -6.28929e-12 0)
(0.0683117 -5.42902e-12 0)
(0.0683117 -4.69093e-12 0)
(0.0683117 -4.06641e-12 0)
(0.0683117 -3.54104e-12 0)
(0.0683117 -3.09342e-12 0)
(0.0683117 -2.69109e-12 0)
(0.0683117 -2.29249e-12 0)
(0.0683117 -1.82745e-12 0)
(0.0683117 -1.2275e-12 0)
(0.0683117 1.28904e-13 0)
(0.0683117 2.92574e-13 0)
(0.0344487 -4.33142e-06 0)
(0.0346157 -0.000155025 0)
(0.0349529 -0.000277162 0)
(0.035412 -0.000343548 0)
(0.0359408 -0.000385092 0)
(0.036623 -0.000467534 0)
(0.0373468 -0.000354145 0)
(0.0380774 -0.000799129 0)
(0.0908635 -7.86256e-06 0)
(0.0906432 -0.000138469 0)
(0.0905842 -0.000311561 0)
(0.0906316 -0.000488202 0)
(0.0907956 -0.000679248 0)
(0.0910538 -0.000873576 0)
(0.091431 -0.00108476 0)
(0.0923611 -0.00178388 0)
(0.128436 -1.10708e-05 0)
(0.12826 -0.000100929 0)
(0.128175 -0.000235407 0)
(0.12814 -0.000405714 0)
(0.128136 -0.000605093 0)
(0.128165 -0.000837122 0)
(0.12827 -0.00118999 0)
(0.128288 -0.0016424 0)
(0.147212 -1.47863e-05 0)
(0.147034 -0.000111196 0)
(0.146937 -0.000236471 0)
(0.146874 -0.000391565 0)
(0.146825 -0.000580329 0)
(0.146785 -0.000822245 0)
(0.146729 -0.00111687 0)
(0.146666 -0.0015063 0)
(0.147217 -2.00807e-05 0)
(0.147038 -0.000118815 0)
(0.146928 -0.000228929 0)
(0.146839 -0.000361085 0)
(0.146747 -0.000526902 0)
(0.14663 -0.000733443 0)
(0.146478 -0.000997429 0)
(0.146264 -0.00132081 0)
(0.128451 -2.80239e-05 0)
(0.128254 -0.000135203 0)
(0.12811 -0.000232011 0)
(0.127967 -0.000338874 0)
(0.127799 -0.000471394 0)
(0.127588 -0.000641606 0)
(0.127316 -0.000853975 0)
(0.126965 -0.00110908 0)
(0.0908869 -4.25457e-05 0)
(0.090605 -0.000114724 0)
(0.0903794 -0.000155841 0)
(0.0901484 -0.000208601 0)
(0.0898834 -0.000292191 0)
(0.0895597 -0.00041136 0)
(0.0891529 -0.000564011 0)
(0.0886378 -0.000742269 0)
(0.0344549 -4.87431e-05 0)
(0.0343601 -3.40841e-05 0)
(0.0342886 -6.6749e-06 0)
(0.0342089 -1.15671e-05 0)
(0.0340621 -4.80932e-05 0)
(0.0338188 -0.000104769 0)
(0.0334612 -0.000169109 0)
(0.0329818 -0.000230619 0)
(0.0408789 -0.0036419 0)
(0.0438704 -0.00341854 0)
(0.0466095 -0.00315134 0)
(0.049303 -0.00288127 0)
(0.0518187 -0.00277027 0)
(0.0542113 -0.00276761 0)
(0.0565063 -0.00285061 0)
(0.0587321 -0.00299714 0)
(0.0609114 -0.0031968 0)
(0.0630612 -0.00344528 0)
(0.0651952 -0.00374254 0)
(0.067324 -0.00409075 0)
(0.069456 -0.00449314 0)
(0.0715978 -0.00495319 0)
(0.0737545 -0.00547415 0)
(0.07593 -0.00605865 0)
(0.0781267 -0.00670847 0)
(0.0803464 -0.00742434 0)
(0.0825895 -0.00820578 0)
(0.0848554 -0.00905098 0)
(0.0871426 -0.00995664 0)
(0.0894482 -0.0109179 0)
(0.0917679 -0.011928 0)
(0.0940958 -0.0129788 0)
(0.0964235 -0.0140601 0)
(0.0987403 -0.0151602 0)
(0.101033 -0.0162661 0)
(0.103285 -0.0173637 0)
(0.105477 -0.0184376 0)
(0.107587 -0.0194714 0)
(0.109589 -0.0204468 0)
(0.111453 -0.0213435 0)
(0.113146 -0.0221392 0)
(0.114626 -0.02281 0)
(0.115851 -0.0233307 0)
(0.116774 -0.0236758 0)
(0.117348 -0.0238201 0)
(0.117527 -0.0237396 0)
(0.117272 -0.0234138 0)
(0.116555 -0.0228274 0)
(0.115365 -0.0219732 0)
(0.113713 -0.0208547 0)
(0.111635 -0.0194874 0)
(0.109192 -0.0179002 0)
(0.106473 -0.0161331 0)
(0.103583 -0.0142344 0)
(0.100639 -0.0122554 0)
(0.0977568 -0.0102461 0)
(0.0950417 -0.00825046 0)
(0.0925805 -0.00630345 0)
(0.0904352 -0.00442966 0)
(0.0886426 -0.00264375 0)
(0.0872161 -0.000952126 0)
(0.0861497 0.000644577 0)
(0.0854232 0.00214887 0)
(0.085007 0.00356411 0)
(0.084866 0.00489285 0)
(0.0849627 0.00613572 0)
(0.0852586 0.00729089 0)
(0.0857154 0.00835399 0)
(0.0862954 0.00931816 0)
(0.0869614 0.0101744 0)
(0.0876767 0.0109117 0)
(0.0884046 0.011518 0)
(0.0891084 0.0119802 0)
(0.0897518 0.0122853 0)
(0.0902994 0.012421 0)
(0.0907175 0.0123774 0)
(0.090976 0.0121477 0)
(0.09105 0.0117301 0)
(0.0909213 0.0111283 0)
(0.0905802 0.0103529 0)
(0.0900266 0.0094209 0)
(0.0892693 0.00835608 0)
(0.0883258 0.00718753 0)
(0.0872202 0.00594856 0)
(0.0859811 0.00467533 0)
(0.0846394 0.00340541 0)
(0.0832258 0.00217662 0)
(0.08177 0.00102569 0)
(0.0802992 -1.30704e-05 0)
(0.0788386 -0.000909726 0)
(0.0774114 -0.00164101 0)
(0.0760406 -0.00219293 0)
(0.0747488 -0.00256273 0)
(0.0735579 -0.0027594 0)
(0.0724875 -0.0028022 0)
(0.0715522 -0.00271746 0)
(0.0707593 -0.00253476 0)
(0.0701078 -0.00228355 0)
(0.0695894 -0.00199077 0)
(0.0691898 -0.00167967 0)
(0.0688916 -0.00136934 0)
(0.0686762 -0.00107464 0)
(0.0685259 -0.000806363 0)
(0.068425 -0.0005715 0)
(0.0683601 -0.00037362 0)
(0.0683206 -0.000213367 0)
(0.0682983 -8.90701e-05 0)
(0.0682872 2.61217e-06 0)
(0.0682831 6.60541e-05 0)
(0.0682831 0.000106101 0)
(0.0682852 0.000127611 0)
(0.0682883 0.000135124 0)
(0.0682916 0.000132646 0)
(0.0682949 0.000123541 0)
(0.0682979 0.000110507 0)
(0.0683005 9.56043e-05 0)
(0.0683028 8.03287e-05 0)
(0.0683047 6.56985e-05 0)
(0.0683063 5.23482e-05 0)
(0.0683077 4.06175e-05 0)
(0.0683088 3.06307e-05 0)
(0.0683096 2.23634e-05 0)
(0.0683103 1.56961e-05 0)
(0.0683108 1.04552e-05 0)
(0.0683112 6.44302e-06 0)
(0.0683115 3.4588e-06 0)
(0.0683117 1.31208e-06 0)
(0.0683118 -1.69202e-07 0)
(0.0683119 -1.13485e-06 0)
(0.068312 -1.71136e-06 0)
(0.068312 -2.00268e-06 0)
(0.068312 -2.09217e-06 0)
(0.068312 -2.04508e-06 0)
(0.068312 -1.91122e-06 0)
(0.0683119 -1.72766e-06 0)
(0.0683119 -1.52111e-06 0)
(0.0683119 -1.31016e-06 0)
(0.0683119 -1.10711e-06 0)
(0.0683118 -9.19527e-07 0)
(0.0683118 -7.51518e-07 0)
(0.0683118 -6.04729e-07 0)
(0.0683118 -4.79135e-07 0)
(0.0683118 -3.73628e-07 0)
(0.0683118 -2.86462e-07 0)
(0.0683118 -2.15569e-07 0)
(0.0683118 -1.58782e-07 0)
(0.0683118 -1.13983e-07 0)
(0.0683118 -7.91948e-08 0)
(0.0683118 -5.2632e-08 0)
(0.0683118 -3.27256e-08 0)
(0.0683118 -1.81263e-08 0)
(0.0683117 -7.69515e-09 0)
(0.0683117 -4.86693e-10 0)
(0.0683117 4.27161e-09 0)
(0.0683117 7.20182e-09 0)
(0.0683117 8.79751e-09 0)
(0.0683117 9.44461e-09 0)
(0.0683117 9.44014e-09 0)
(0.0683117 9.00895e-09 0)
(0.0683117 8.318e-09 0)
(0.0683117 7.48859e-09 0)
(0.0683117 6.60643e-09 0)
(0.0683117 5.73003e-09 0)
(0.0683117 4.89734e-09 0)
(0.0683117 4.13116e-09 0)
(0.0683117 3.44332e-09 0)
(0.0683117 2.83795e-09 0)
(0.0683117 2.31397e-09 0)
(0.0683117 1.86695e-09 0)
(0.0683117 1.49047e-09 0)
(0.0683117 1.17713e-09 0)
(0.0683117 9.19209e-10 0)
(0.0683117 7.09154e-10 0)
(0.0683117 5.39851e-10 0)
(0.0683117 4.04814e-10 0)
(0.0683117 2.9825e-10 0)
(0.0683117 2.15089e-10 0)
(0.0683117 1.50965e-10 0)
(0.0683117 1.02165e-10 0)
(0.0683117 6.5576e-11 0)
(0.0683117 3.86165e-11 0)
(0.0683117 1.91633e-11 0)
(0.0683117 5.49509e-12 0)
(0.0683117 -3.77475e-12 0)
(0.0683117 -9.74748e-12 0)
(0.0683117 -1.32929e-11 0)
(0.0683117 -1.50878e-11 0)
(0.0683117 -1.56552e-11 0)
(0.0683117 -1.53936e-11 0)
(0.0683117 -1.45978e-11 0)
(0.0683117 -1.34866e-11 0)
(0.0683117 -1.22175e-11 0)
(0.0683117 -1.09022e-11 0)
(0.0683117 -9.61741e-12 0)
(0.0683117 -8.41109e-12 0)
(0.0683117 -7.31284e-12 0)
(0.0683117 -6.34215e-12 0)
(0.0683117 -5.50557e-12 0)
(0.0683117 -4.80327e-12 0)
(0.0683117 -4.22937e-12 0)
(0.0683117 -3.774e-12 0)
(0.0683117 -3.42512e-12 0)
(0.0683117 -3.16549e-12 0)
(0.0683117 -2.97029e-12 0)
(0.0683117 -2.80965e-12 0)
(0.0683117 -2.6481e-12 0)
(0.0683117 -2.23956e-12 0)
(0.0683117 -2.25105e-12 0)
(0.0930616 -0.00234808 0)
(0.0931867 -0.00288643 0)
(0.0935583 -0.00321741 0)
(0.0941026 -0.00346341 0)
(0.0948214 -0.00367246 0)
(0.0956584 -0.00387546 0)
(0.0965827 -0.00408711 0)
(0.0975711 -0.00431616 0)
(0.098609 -0.00456937 0)
(0.0996869 -0.00485298 0)
(0.100799 -0.00517319 0)
(0.10194 -0.00553607 0)
(0.103109 -0.00594737 0)
(0.104302 -0.00641229 0)
(0.105517 -0.00693526 0)
(0.106752 -0.00751976 0)
(0.108005 -0.00816816 0)
(0.109271 -0.00888163 0)
(0.110548 -0.00965992 0)
(0.111831 -0.0105013 0)
(0.113113 -0.0114023 0)
(0.114388 -0.0123576 0)
(0.115647 -0.0133597 0)
(0.11688 -0.0143988 0)
(0.118072 -0.0154628 0)
(0.119208 -0.0165374 0)
(0.120266 -0.0176064 0)
(0.121219 -0.0186523 0)
(0.122038 -0.0196558 0)
(0.122688 -0.020596 0)
(0.123129 -0.0214493 0)
(0.123316 -0.0221887 0)
(0.123199 -0.0227847 0)
(0.122725 -0.0232061 0)
(0.121839 -0.0234223 0)
(0.120488 -0.0234042 0)
(0.118626 -0.0231264 0)
(0.116223 -0.02257 0)
(0.113266 -0.021726 0)
(0.109775 -0.0205989 0)
(0.1058 -0.0192083 0)
(0.101435 -0.0175896 0)
(0.0968074 -0.0157922 0)
(0.0920766 -0.0138764 0)
(0.0874185 -0.0119078 0)
(0.0830058 -0.00995109 0)
(0.0789874 -0.00806225 0)
(0.0754733 -0.0062817 0)
(0.0725265 -0.0046308 0)
(0.0701653 -0.00311253 0)
(0.0683719 -0.00171597 0)
(0.0671046 -0.000422527 0)
(0.0663087 0.00078824 0)
(0.0659259 0.00193437 0)
(0.0658993 0.00302923 0)
(0.0661771 0.00408087 0)
(0.0667127 0.0050923 0)
(0.067465 0.00606226 0)
(0.0683976 0.00698614 0)
(0.0694772 0.00785674 0)
(0.0706728 0.0086649 0)
(0.0719549 0.00940002 0)
(0.0732944 0.0100505 0)
(0.0746622 0.0106039 0)
(0.0760285 0.0110477 0)
(0.0773629 0.0113693 0)
(0.0786345 0.011557 0)
(0.0798121 0.0116005 0)
(0.0808655 0.0114915 0)
(0.0817659 0.0112253 0)
(0.0824879 0.010801 0)
(0.0830105 0.0102228 0)
(0.0833188 0.00950003 0)
(0.0834046 0.008648 0)
(0.0832671 0.00768724 0)
(0.082913 0.00664321 0)
(0.0823555 0.00554543 0)
(0.0816136 0.00442649 0)
(0.0807112 0.00332081 0)
(0.0796758 0.00226326 0)
(0.0785383 0.00128722 0)
(0.0773327 0.000422144 0)
(0.0760957 -0.000309304 0)
(0.074866 -0.000893652 0)
(0.0736821 -0.00132774 0)
(0.0725785 -0.00161798 0)
(0.0715824 -0.00177803 0)
(0.0707104 -0.00182591 0)
(0.0699686 -0.00178158 0)
(0.0693532 -0.00166531 0)
(0.0688541 -0.00149687 0)
(0.068457 -0.00129497 0)
(0.0681469 -0.00107675 0)
(0.0679089 -0.000857148 0)
(0.0677296 -0.000648385 0)
(0.0675973 -0.000459534 0)
(0.0675023 -0.000296449 0)
(0.0674363 -0.000161972 0)
(0.0673925 -5.6383e-05 0)
(0.0673654 2.20099e-05 0)
(0.0673504 7.62367e-05 0)
(0.0673441 0.000110076 0)
(0.0673437 0.000127562 0)
(0.067347 0.000132606 0)
(0.0673526 0.000128746 0)
(0.0673593 0.000119005 0)
(0.0673663 0.000105828 0)
(0.0673731 9.10999e-05 0)
(0.0673794 7.6188e-05 0)
(0.0673849 6.20224e-05 0)
(0.0673897 4.91763e-05 0)
(0.0673937 3.79482e-05 0)
(0.067397 2.84358e-05 0)
(0.0673996 2.05988e-05 0)
(0.0674016 1.43097e-05 0)
(0.0674031 9.39217e-06 0)
(0.0674043 5.64977e-06 0)
(0.0674051 2.88536e-06 0)
(0.0674056 9.13647e-07 0)
(0.0674059 -4.31573e-07 0)
(0.0674061 -1.29411e-06 0)
(0.0674062 -1.79467e-06 0)
(0.0674063 -2.03193e-06 0)
(0.0674062 -2.08458e-06 0)
(0.0674062 -2.01384e-06 0)
(0.0674061 -1.86621e-06 0)
(0.067406 -1.67601e-06 0)
(0.0674059 -1.46782e-06 0)
(0.0674058 -1.25856e-06 0)
(0.0674058 -1.05927e-06 0)
(0.0674057 -8.76572e-07 0)
(0.0674056 -7.13931e-07 0)
(0.0674056 -5.7254e-07 0)
(0.0674055 -4.52079e-07 0)
(0.0674055 -3.5127e-07 0)
(0.0674055 -2.68276e-07 0)
(0.0674055 -2.01001e-07 0)
(0.0674054 -1.4729e-07 0)
(0.0674054 -1.0506e-07 0)
(0.0674054 -7.23805e-08 0)
(0.0674054 -4.75238e-08 0)
(0.0674054 -2.89771e-08 0)
(0.0674054 -1.54452e-08 0)
(0.0674054 -5.83888e-09 0)
(0.0674054 7.42604e-10 0)
(0.0674054 5.03317e-09 0)
(0.0674054 7.62187e-09 0)
(0.0674054 8.97469e-09 0)
(0.0674054 9.45475e-09 0)
(0.0674054 9.34062e-09 0)
(0.0674054 8.84235e-09 0)
(0.0674054 8.11526e-09 0)
(0.0674054 7.27157e-09 0)
(0.0674054 6.39006e-09 0)
(0.0674054 5.524e-09 0)
(0.0674054 4.70751e-09 0)
(0.0674054 3.96058e-09 0)
(0.0674054 3.29311e-09 0)
(0.0674054 2.70789e-09 0)
(0.0674054 2.20298e-09 0)
(0.0674054 1.77346e-09 0)
(0.0674054 1.41265e-09 0)
(0.0674054 1.11307e-09 0)
(0.0674054 8.67029e-10 0)
(0.0674054 6.67089e-10 0)
(0.0674054 5.06291e-10 0)
(0.0674054 3.78321e-10 0)
(0.0674054 2.77566e-10 0)
(0.0674054 1.99133e-10 0)
(0.0674054 1.38815e-10 0)
(0.0674054 9.30488e-11 0)
(0.0674054 5.88536e-11 0)
(0.0674054 3.37598e-11 0)
(0.0674054 1.57465e-11 0)
(0.0674054 3.17307e-12 0)
(0.0674054 -5.27597e-12 0)
(0.0674054 -1.06435e-11 0)
(0.0674054 -1.37524e-11 0)
(0.0674054 -1.52411e-11 0)
(0.0674054 -1.56014e-11 0)
(0.0674054 -1.5205e-11 0)
(0.0674054 -1.43286e-11 0)
(0.0674054 -1.31763e-11 0)
(0.0674054 -1.18933e-11 0)
(0.0674054 -1.05836e-11 0)
(0.0674054 -9.31682e-12 0)
(0.0674054 -8.1382e-12 0)
(0.0674054 -7.07723e-12 0)
(0.0674054 -6.14967e-12 0)
(0.0674054 -5.36432e-12 0)
(0.0674054 -4.72357e-12 0)
(0.0674054 -4.2244e-12 0)
(0.0674054 -3.86424e-12 0)
(0.0674054 -3.63888e-12 0)
(0.0674054 -3.54927e-12 0)
(0.0674054 -3.59431e-12 0)
(0.0674054 -3.79098e-12 0)
(0.0674054 -4.13849e-12 0)
(0.0674054 -4.79902e-12 0)
(0.0674054 -5.02837e-12 0)
(0.128238 -0.00230704 0)
(0.128206 -0.00286902 0)
(0.128158 -0.00330933 0)
(0.128163 -0.00365694 0)
(0.128225 -0.00395105 0)
(0.128343 -0.00421875 0)
(0.128507 -0.00447823 0)
(0.128708 -0.0047422 0)
(0.128937 -0.0050205 0)
(0.129186 -0.00532151 0)
(0.129451 -0.00565285 0)
(0.129726 -0.00602154 0)
(0.130005 -0.006434 0)
(0.130284 -0.00689592 0)
(0.130559 -0.00741212 0)
(0.130824 -0.00798638 0)
(0.131074 -0.00862128 0)
(0.131301 -0.00931807 0)
(0.131499 -0.0100765 0)
(0.131658 -0.0108947 0)
(0.131769 -0.0117689 0)
(0.131821 -0.012693 0)
(0.131799 -0.0136584 0)
(0.131687 -0.0146531 0)
(0.131463 -0.0156616 0)
(0.131099 -0.0166648 0)
(0.130561 -0.0176406 0)
(0.129811 -0.0185645 0)
(0.128802 -0.0194105 0)
(0.127487 -0.0201509 0)
(0.125813 -0.0207548 0)
(0.123726 -0.021188 0)
(0.121169 -0.0214146 0)
(0.118083 -0.0214006 0)
(0.114415 -0.0211168 0)
(0.110127 -0.020542 0)
(0.105211 -0.0196654 0)
(0.0997024 -0.0184904 0)
(0.0936898 -0.0170379 0)
(0.0873249 -0.0153493 0)
(0.080816 -0.0134888 0)
(0.0744112 -0.0115442 0)
(0.0683668 -0.00961855 0)
(0.0629078 -0.00781216 0)
(0.0581934 -0.00619942 0)
(0.0542996 -0.00481349 0)
(0.0512245 -0.00364492 0)
(0.048909 -0.00265347 0)
(0.0472629 -0.00178582 0)
(0.0461874 -0.000990884 0)
(0.0455896 -0.000228724 0)
(0.0453898 0.000526922 0)
(0.0455232 0.00129009 0)
(0.0459386 0.00206562 0)
(0.0465961 0.0028521 0)
(0.0474637 0.00364432 0)
(0.0485152 0.00443479 0)
(0.0497281 0.0052147 0)
(0.0510818 0.00597448 0)
(0.0525567 0.00670404 0)
(0.0541332 0.00739293 0)
(0.0557914 0.00803039 0)
(0.0575105 0.00860543 0)
(0.0592683 0.00910697 0)
(0.0610414 0.00952398 0)
(0.062805 0.00984568 0)
(0.0645327 0.010062 0)
(0.0661972 0.0101637 0)
(0.0677707 0.0101436 0)
(0.0692254 0.00999613 0)
(0.0705346 0.00971909 0)
(0.0716742 0.00931356 0)
(0.0726233 0.00878469 0)
(0.0733657 0.008142 0)
(0.0738909 0.00739951 0)
(0.074195 0.00657561 0)
(0.0742807 0.00569271 0)
(0.0741583 0.00477651 0)
(0.0738452 0.00385496 0)
(0.0733665 0.00295666 0)
(0.072754 0.00210876 0)
(0.0720453 0.00133475 0)
(0.0712815 0.000652694 0)
(0.0705027 7.44998e-05 0)
(0.0697442 -0.000393755 0)
(0.069033 -0.000750904 0)
(0.0683858 -0.000999841 0)
(0.0678102 -0.00114711 0)
(0.0673065 -0.00120283 0)
(0.0668708 -0.00118046 0)
(0.0664978 -0.00109616 0)
(0.0661821 -0.000967554 0)
(0.0659185 -0.000812264 0)
(0.0657026 -0.000646372 0)
(0.06553 -0.000483288 0)
(0.0653962 -0.000333102 0)
(0.0652964 -0.000202447 0)
(0.0652256 -9.47731e-05 0)
(0.0651787 -1.08913e-05 0)
(0.0651509 5.03688e-05 0)
(0.0651377 9.14933e-05 0)
(0.0651351 0.000115693 0)
(0.0651399 0.000126428 0)
(0.0651492 0.000127054 0)
(0.0651611 0.000120595 0)
(0.0651739 0.000109617 0)
(0.0651865 9.61791e-05 0)
(0.0651983 8.18463e-05 0)
(0.0652089 6.77371e-05 0)
(0.065218 5.45913e-05 0)
(0.0652256 4.28448e-05 0)
(0.0652318 3.27017e-05 0)
(0.0652367 2.41997e-05 0)
(0.0652405 1.72641e-05 0)
(0.0652434 1.17521e-05 0)
(0.0652455 7.48522e-06 0)
(0.0652469 4.27345e-06 0)
(0.0652479 1.9311e-06 0)
(0.0652485 2.8682e-07 0)
(0.0652489 -8.10928e-07 0)
(0.065249 -1.49176e-06 0)
(0.065249 -1.8634e-06 0)
(0.0652489 -2.01307e-06 0)
(0.0652488 -2.0097e-06 0)
(0.0652486 -1.90646e-06 0)
(0.0652484 -1.74329e-06 0)
(0.0652483 -1.54938e-06 0)
(0.0652481 -1.34532e-06 0)
(0.0652479 -1.14505e-06 0)
(0.0652478 -9.57396e-07 0)
(0.0652477 -7.8746e-07 0)
(0.0652476 -6.37626e-07 0)
(0.0652475 -5.08408e-07 0)
(0.0652475 -3.99081e-07 0)
(0.0652474 -3.08157e-07 0)
(0.0652474 -2.33738e-07 0)
(0.0652474 -1.7375e-07 0)
(0.0652473 -1.26124e-07 0)
(0.0652473 -8.88922e-08 0)
(0.0652473 -6.02577e-08 0)
(0.0652473 -3.8625e-08 0)
(0.0652473 -2.26098e-08 0)
(0.0652473 -1.10351e-08 0)
(0.0652473 -2.91687e-09 0)
(0.0652473 2.55407e-09 0)
(0.0652473 6.0335e-09 0)
(0.0652473 8.04503e-09 0)
(0.0652473 9.00069e-09 0)
(0.0652473 9.21984e-09 0)
(0.0652473 8.94597e-09 0)
(0.0652473 8.36147e-09 0)
(0.0652473 7.60013e-09 0)
(0.0652473 6.7577e-09 0)
(0.0652473 5.90057e-09 0)
(0.0652473 5.07284e-09 0)
(0.0652473 4.30199e-09 0)
(0.0652473 3.60338e-09 0)
(0.0652473 2.98373e-09 0)
(0.0652473 2.44382e-09 0)
(0.0652473 1.9805e-09 0)
(0.0652473 1.58822e-09 0)
(0.0652473 1.26013e-09 0)
(0.0652473 9.88802e-10 0)
(0.0652473 7.66835e-10 0)
(0.0652473 5.87136e-10 0)
(0.0652473 4.43165e-10 0)
(0.0652473 3.29028e-10 0)
(0.0652473 2.39528e-10 0)
(0.0652473 1.7016e-10 0)
(0.0652473 1.17067e-10 0)
(0.0652473 7.70031e-11 0)
(0.0652473 4.7256e-11 0)
(0.0652473 2.55925e-11 0)
(0.0652473 1.01901e-11 0)
(0.0652473 -4.2527e-13 0)
(0.0652473 -7.428e-12 0)
(0.0652473 -1.1753e-11 0)
(0.0652473 -1.41275e-11 0)
(0.0652473 -1.5116e-11 0)
(0.0652473 -1.51527e-11 0)
(0.0652473 -1.45588e-11 0)
(0.0652473 -1.358e-11 0)
(0.0652473 -1.23901e-11 0)
(0.0652473 -1.11147e-11 0)
(0.0652473 -9.84274e-12 0)
(0.0652473 -8.63089e-12 0)
(0.0652473 -7.52053e-12 0)
(0.0652473 -6.53465e-12 0)
(0.0652473 -5.68679e-12 0)
(0.0652473 -4.98486e-12 0)
(0.0652473 -4.43038e-12 0)
(0.0652473 -4.02648e-12 0)
(0.0652473 -3.77489e-12 0)
(0.0652473 -3.68225e-12 0)
(0.0652473 -3.76634e-12 0)
(0.0652473 -4.04245e-12 0)
(0.0652473 -4.58483e-12 0)
(0.0652473 -5.39803e-12 0)
(0.0652473 -7.17553e-12 0)
(0.0652473 -7.64129e-12 0)
(0.146538 -0.00194687 0)
(0.146289 -0.00240397 0)
(0.145979 -0.00282954 0)
(0.145643 -0.00321268 0)
(0.145304 -0.00355913 0)
(0.144969 -0.00387948 0)
(0.144637 -0.00418451 0)
(0.144302 -0.00448425 0)
(0.143961 -0.00478803 0)
(0.143605 -0.00510462 0)
(0.143229 -0.00544226 0)
(0.142826 -0.00580867 0)
(0.142389 -0.00621085 0)
(0.141912 -0.00665496 0)
(0.141386 -0.00714613 0)
(0.140802 -0.00768831 0)
(0.14015 -0.00828408 0)
(0.139417 -0.00893448 0)
(0.13859 -0.00963884 0)
(0.137654 -0.0103945 0)
(0.13659 -0.0111964 0)
(0.135379 -0.0120365 0)
(0.133995 -0.0129027 0)
(0.132413 -0.0137782 0)
(0.130599 -0.0146409 0)
(0.128516 -0.0154638 0)
(0.12612 -0.0162173 0)
(0.123357 -0.0168711 0)
(0.120172 -0.0173957 0)
(0.116502 -0.0177613 0)
(0.112286 -0.0179352 0)
(0.107465 -0.0178784 0)
(0.101985 -0.0175476 0)
(0.095824 -0.0169032 0)
(0.089016 -0.0159208 0)
(0.081671 -0.0146017 0)
(0.0739825 -0.0129835 0)
(0.0662217 -0.0111533 0)
(0.0587095 -0.00924734 0)
(0.0517678 -0.0074265 0)
(0.045659 -0.00583683 0)
(0.0405362 -0.0045707 0)
(0.0364264 -0.00364415 0)
(0.0332563 -0.00300315 0)
(0.0308985 -0.00255507 0)
(0.0292107 -0.00220487 0)
(0.0280601 -0.00187855 0)
(0.0273363 -0.00153024 0)
(0.0269552 -0.00113812 0)
(0.0268571 -0.00069616 0)
(0.0270014 -0.000206563 0)
(0.0273612 0.000325072 0)
(0.0279179 0.000892124 0)
(0.0286578 0.00148773 0)
(0.0295697 0.00210483 0)
(0.0306433 0.00273611 0)
(0.0318682 0.00337384 0)
(0.0332336 0.00400992 0)
(0.0347282 0.00463591 0)
(0.0363395 0.00524307 0)
(0.0380538 0.00582246 0)
(0.0398562 0.00636499 0)
(0.0417304 0.00686148 0)
(0.0436584 0.0073028 0)
(0.0456206 0.00767992 0)
(0.047596 0.0079841 0)
(0.0495618 0.00820715 0)
(0.0514942 0.00834165 0)
(0.0533684 0.00838133 0)
(0.0551592 0.00832149 0)
(0.056842 0.0081594 0)
(0.0583932 0.00789476 0)
(0.0597918 0.00753013 0)
(0.0610204 0.00707117 0)
(0.062066 0.00652685 0)
(0.0629216 0.00590943 0)
(0.0635866 0.00523413 0)
(0.0640678 0.00451858 0)
(0.0643789 0.00378206 0)
(0.0645398 0.00304455 0)
(0.0645745 0.00232597 0)
(0.0645086 0.00164562 0)
(0.0643662 0.00102176 0)
(0.0641673 0.000471008 0)
(0.0639274 7.32403e-06 0)
(0.0636573 -0.000359417 0)
(0.0633657 -0.000624901 0)
(0.0630603 -0.000791307 0)
(0.0627501 -0.000867273 0)
(0.0624449 -0.000866762 0)
(0.0621551 -0.000807122 0)
(0.0618901 -0.000706824 0)
(0.0616574 -0.000583407 0)
(0.0614616 -0.000451958 0)
(0.0613043 -0.00032427 0)
(0.0611845 -0.000208617 0)
(0.061099 -0.000109989 0)
(0.0610431 -3.06035e-05 0)
(0.0610117 2.94556e-05 0)
(0.0609992 7.16014e-05 0)
(0.0610007 9.81656e-05 0)
(0.0610119 0.000111925 0)
(0.0610289 0.000115738 0)
(0.0610489 0.000112298 0)
(0.0610697 0.000103972 0)
(0.0610899 9.27272e-05 0)
(0.0611084 8.01096e-05 0)
(0.0611248 6.72682e-05 0)
(0.0611387 5.50008e-05 0)
(0.0611503 4.38127e-05 0)
(0.0611596 3.39786e-05 0)
(0.0611669 2.56011e-05 0)
(0.0611725 1.86614e-05 0)
(0.0611767 1.30617e-05 0)
(0.0611796 8.65877e-06 0)
(0.0611816 5.28835e-06 0)
(0.0611829 2.78278e-06 0)
(0.0611837 9.82543e-07 0)
(0.0611841 -2.56873e-07 0)
(0.0611842 -1.06154e-06 0)
(0.0611841 -1.53808e-06 0)
(0.0611839 -1.77422e-06 0)
(0.0611836 -1.84037e-06 0)
(0.0611833 -1.79167e-06 0)
(0.061183 -1.67027e-06 0)
(0.0611827 -1.50749e-06 0)
(0.0611824 -1.32596e-06 0)
(0.0611822 -1.14139e-06 0)
(0.061182 -9.64164e-07 0)
(0.0611818 -8.0067e-07 0)
(0.0611817 -6.5435e-07 0)
(0.0611816 -5.26559e-07 0)
(0.0611815 -4.17232e-07 0)
(0.0611814 -3.25384e-07 0)
(0.0611813 -2.49487e-07 0)
(0.0611813 -1.87743e-07 0)
(0.0611812 -1.38268e-07 0)
(0.0611812 -9.92239e-08 0)
(0.0611812 -6.88938e-08 0)
(0.0611812 -4.57276e-08 0)
(0.0611812 -2.83621e-08 0)
(0.0611812 -1.56241e-08 0)
(0.0611812 -6.52261e-09 0)
(0.0611812 -2.34493e-10 0)
(0.0611812 3.91349e-09 0)
(0.0611812 6.46384e-09 0)
(0.0611812 7.84739e-09 0)
(0.0611812 8.40126e-09 0)
(0.0611812 8.38514e-09 0)
(0.0611812 7.99574e-09 0)
(0.0611812 7.37927e-09 0)
(0.0611812 6.642e-09 0)
(0.0611812 5.8591e-09 0)
(0.0611812 5.0819e-09 0)
(0.0611812 4.34372e-09 0)
(0.0611812 3.66458e-09 0)
(0.0611812 3.05486e-09 0)
(0.0611812 2.51819e-09 0)
(0.0611812 2.05359e-09 0)
(0.0611812 1.65714e-09 0)
(0.0611812 1.32317e-09 0)
(0.0611812 1.04514e-09 0)
(0.0611812 8.16223e-10 0)
(0.0611812 6.29739e-10 0)
(0.0611812 4.79399e-10 0)
(0.0611812 3.59457e-10 0)
(0.0611812 2.64787e-10 0)
(0.0611812 1.90897e-10 0)
(0.0611812 1.33916e-10 0)
(0.0611812 9.05512e-11 0)
(0.0611812 5.80392e-11 0)
(0.0611812 3.40862e-11 0)
(0.0611812 1.68061e-11 0)
(0.0611812 4.66885e-12 0)
(0.0611812 -3.55624e-12 0)
(0.0611812 -8.85143e-12 0)
(0.0611812 -1.19874e-11 0)
(0.0611812 -1.35689e-11 0)
(0.0611812 -1.40578e-11 0)
(0.0611812 -1.38061e-11 0)
(0.0611812 -1.30796e-11 0)
(0.0611812 -1.20714e-11 0)
(0.0611812 -1.09238e-11 0)
(0.0611812 -9.73564e-12 0)
(0.0611812 -8.57556e-12 0)
(0.0611812 -7.49128e-12 0)
(0.0611812 -6.51161e-12 0)
(0.0611812 -5.65517e-12 0)
(0.0611812 -4.93235e-12 0)
(0.0611812 -4.34798e-12 0)
(0.0611812 -3.90632e-12 0)
(0.0611812 -3.61102e-12 0)
(0.0611812 -3.47151e-12 0)
(0.0611812 -3.5003e-12 0)
(0.0611812 -3.7359e-12 0)
(0.0611812 -4.19625e-12 0)
(0.0611812 -5.01877e-12 0)
(0.0611812 -6.10642e-12 0)
(0.0611812 -8.95821e-12 0)
(0.0611812 -9.66481e-12 0)
(0.145963 -0.00169874 0)
(0.145574 -0.00209219 0)
(0.145098 -0.00247124 0)
(0.144551 -0.0028216 0)
(0.143946 -0.0031415 0)
(0.14329 -0.00343575 0)
(0.142583 -0.00371206 0)
(0.141825 -0.00397918 0)
(0.141013 -0.00424599 0)
(0.140141 -0.00452109 0)
(0.139205 -0.00481251 0)
(0.138198 -0.00512752 0)
(0.13711 -0.00547246 0)
(0.135933 -0.00585256 0)
(0.134655 -0.00627175 0)
(0.13326 -0.00673252 0)
(0.131732 -0.00723574 0)
(0.130051 -0.00778051 0)
(0.128196 -0.00836402 0)
(0.126142 -0.00898137 0)
(0.123861 -0.00962515 0)
(0.121323 -0.0102849 0)
(0.118493 -0.0109459 0)
(0.115334 -0.011588 0)
(0.1118 -0.0121836 0)
(0.107834 -0.012698 0)
(0.103373 -0.0130898 0)
(0.0983473 -0.0133151 0)
(0.0927032 -0.0133308 0)
(0.0864125 -0.0130937 0)
(0.0794908 -0.0125562 0)
(0.0720181 -0.011675 0)
(0.0641634 -0.0104457 0)
(0.056188 -0.00893866 0)
(0.0484142 -0.00729615 0)
(0.0411787 -0.00569563 0)
(0.0347717 -0.00430713 0)
(0.0293667 -0.00325211 0)
(0.0249913 -0.00256884 0)
(0.0215652 -0.00220645 0)
(0.0189525 -0.00205553 0)
(0.0169942 -0.00199855 0)
(0.0155322 -0.00195162 0)
(0.0144328 -0.00187681 0)
(0.0136008 -0.00176765 0)
(0.0129786 -0.00162805 0)
(0.0125379 -0.00145971 0)
(0.0122675 -0.00125972 0)
(0.0121641 -0.00102309 0)
(0.0122269 -0.000745717 0)
(0.0124552 -0.00042597 0)
(0.0128478 -6.49354e-05 0)
(0.0134025 0.000334001 0)
(0.014117 0.000765776 0)
(0.014988 0.00122421 0)
(0.0160118 0.00170245 0)
(0.0171832 0.00219322 0)
(0.0184963 0.00268908 0)
(0.0199435 0.00318247 0)
(0.0215161 0.00366585 0)
(0.0232034 0.00413168 0)
(0.0249936 0.00457252 0)
(0.026873 0.00498095 0)
(0.0288264 0.00534972 0)
(0.0308372 0.00567174 0)
(0.0328869 0.00594018 0)
(0.0349561 0.00614864 0)
(0.0370241 0.00629123 0)
(0.0390693 0.00636284 0)
(0.04107 0.00635936 0)
(0.0430046 0.00627789 0)
(0.0448526 0.00611705 0)
(0.046595 0.00587719 0)
(0.0482156 0.00556062 0)
(0.0497008 0.00517174 0)
(0.051041 0.00471723 0)
(0.0522298 0.00420619 0)
(0.0532642 0.00365029 0)
(0.0541438 0.00306403 0)
(0.0548698 0.00246471 0)
(0.0554444 0.00187218 0)
(0.0558706 0.00130789 0)
(0.0561529 0.000793081 0)
(0.0562986 0.000346549 0)
(0.0563193 -1.78205e-05 0)
(0.0562318 -0.000292868 0)
(0.0560579 -0.000478876 0)
(0.0558229 -0.000582965 0)
(0.0555533 -0.000617409 0)
(0.0552736 -0.000597403 0)
(0.0550048 -0.000538855 0)
(0.0547624 -0.000456623 0)
(0.0545561 -0.000363385 0)
(0.0543905 -0.000269105 0)
(0.0542658 -0.000180965 0)
(0.0541791 -0.000103592 0)
(0.0541253 -3.94516e-05 0)
(0.0540987 1.06983e-05 0)
(0.0540931 4.73543e-05 0)
(0.0541028 7.1851e-05 0)
(0.0541226 8.60062e-05 0)
(0.0541484 9.18357e-05 0)
(0.0541769 9.13393e-05 0)
(0.0542056 8.63553e-05 0)
(0.0542328 7.84725e-05 0)
(0.0542575 6.89907e-05 0)
(0.0542791 5.89168e-05 0)
(0.0542973 4.89856e-05 0)
(0.0543123 3.96947e-05 0)
(0.0543244 3.13469e-05 0)
(0.0543337 2.40924e-05 0)
(0.0543408 1.7969e-05 0)
(0.0543461 1.29367e-05 0)
(0.0543497 8.90597e-06 0)
(0.0543522 5.75981e-06 0)
(0.0543538 3.37041e-06 0)
(0.0543547 1.61048e-06 0)
(0.054355 3.60742e-07 0)
(0.054355 -4.85774e-07 0)
(0.0543548 -1.02166e-06 0)
(0.0543545 -1.32476e-06 0)
(0.0543541 -1.45878e-06 0)
(0.0543537 -1.47461e-06 0)
(0.0543532 -1.4119e-06 0)
(0.0543528 -1.30078e-06 0)
(0.0543524 -1.16353e-06 0)
(0.0543521 -1.01606e-06 0)
(0.0543518 -8.69316e-07 0)
(0.0543516 -7.30407e-07 0)
(0.0543514 -6.03571e-07 0)
(0.0543512 -4.90953e-07 0)
(0.0543511 -3.9323e-07 0)
(0.054351 -3.10085e-07 0)
(0.0543509 -2.40575e-07 0)
(0.0543509 -1.83398e-07 0)
(0.0543508 -1.37087e-07 0)
(0.0543508 -1.00142e-07 0)
(0.0543507 -7.11191e-08 0)
(0.0543507 -4.86858e-08 0)
(0.0543507 -3.16466e-08 0)
(0.0543507 -1.89572e-08 0)
(0.0543507 -9.7234e-09 0)
(0.0543507 -3.19322e-09 0)
(0.0543507 1.2553e-09 0)
(0.0543507 4.12887e-09 0)
(0.0543507 5.83426e-09 0)
(0.0543507 6.69319e-09 0)
(0.0543507 6.95636e-09 0)
(0.0543507 6.81598e-09 0)
(0.0543507 6.4169e-09 0)
(0.0543507 5.86607e-09 0)
(0.0543507 5.24064e-09 0)
(0.0543507 4.59463e-09 0)
(0.0543507 3.96438e-09 0)
(0.0543507 3.37298e-09 0)
(0.0543507 2.83379e-09 0)
(0.0543507 2.35317e-09 0)
(0.0543507 1.93261e-09 0)
(0.0543507 1.57035e-09 0)
(0.0543507 1.2626e-09 0)
(0.0543507 1.00439e-09 0)
(0.0543507 7.90225e-10 0)
(0.0543507 6.14527e-10 0)
(0.0543507 4.71897e-10 0)
(0.0543507 3.57318e-10 0)
(0.0543507 2.66236e-10 0)
(0.0543507 1.94621e-10 0)
(0.0543507 1.38958e-10 0)
(0.0543507 9.62275e-11 0)
(0.0543507 6.3879e-11 0)
(0.0543507 3.97741e-11 0)
(0.0543507 2.21459e-11 0)
(0.0543507 9.54876e-12 0)
(0.0543507 8.09378e-13 0)
(0.0543507 -5.01044e-12 0)
(0.0543507 -8.65625e-12 0)
(0.0543507 -1.07126e-11 0)
(0.0543507 -1.16321e-11 0)
(0.0543507 -1.17654e-11 0)
(0.0543507 -1.13734e-11 0)
(0.0543507 -1.06541e-11 0)
(0.0543507 -9.74928e-12 0)
(0.0543507 -8.76294e-12 0)
(0.0543507 -7.76922e-12 0)
(0.0543507 -6.81711e-12 0)
(0.0543507 -5.93984e-12 0)
(0.0543507 -5.15824e-12 0)
(0.0543507 -4.48336e-12 0)
(0.0543507 -3.92505e-12 0)
(0.0543507 -3.48575e-12 0)
(0.0543507 -3.17184e-12 0)
(0.0543507 -2.98677e-12 0)
(0.0543507 -2.94604e-12 0)
(0.0543507 -3.06613e-12 0)
(0.0543507 -3.389e-12 0)
(0.0543507 -3.95416e-12 0)
(0.0543507 -4.9572e-12 0)
(0.0543507 -5.92783e-12 0)
(0.0543507 -9.58187e-12 0)
(0.0543507 -1.05455e-11 0)
(0.126512 -0.00139483 0)
(0.125942 -0.00169156 0)
(0.125254 -0.00197847 0)
(0.124454 -0.00224302 0)
(0.123552 -0.00248178 0)
(0.122552 -0.00269775 0)
(0.121459 -0.00289744 0)
(0.120274 -0.00308878 0)
(0.118995 -0.00327988 0)
(0.117618 -0.00347833 0)
(0.116139 -0.0036908 0)
(0.114549 -0.00392286 0)
(0.112837 -0.00417884 0)
(0.110988 -0.00446169 0)
(0.108986 -0.00477283 0)
(0.106808 -0.00511205 0)
(0.104431 -0.00547736 0)
(0.101826 -0.00586482 0)
(0.0989628 -0.00626839 0)
(0.0958053 -0.00667949 0)
(0.0923159 -0.00708612 0)
(0.0884545 -0.00747112 0)
(0.0841798 -0.00780906 0)
(0.0794528 -0.00806215 0)
(0.074243 -0.00817868 0)
(0.0685407 -0.00810015 0)
(0.0623741 -0.00777943 0)
(0.0558231 -0.00720199 0)
(0.0490244 -0.00639644 0)
(0.0421791 -0.00542725 0)
(0.0355628 -0.00438054 0)
(0.0294926 -0.00336127 0)
(0.0242183 -0.00248452 0)
(0.0198258 -0.00184001 0)
(0.0162643 -0.00145652 0)
(0.0134299 -0.00129025 0)
(0.0112044 -0.00124448 0)
(0.00945731 -0.00122358 0)
(0.00805565 -0.00118263 0)
(0.00688681 -0.00112813 0)
(0.00587373 -0.00108404 0)
(0.00497562 -0.0010655 0)
(0.00417732 -0.00107329 0)
(0.00347544 -0.00109779 0)
(0.00286911 -0.00112404 0)
(0.00235782 -0.00113594 0)
(0.00194302 -0.00111948 0)
(0.00162952 -0.00106485 0)
(0.0014254 -0.000966903 0)
(0.00134071 -0.000824534 0)
(0.00138589 -0.000639537 0)
(0.00157051 -0.000415499 0)
(0.00190247 -0.000156997 0)
(0.00238763 0.000130875 0)
(0.00302964 0.00044275 0)
(0.00382994 0.000773113 0)
(0.00478788 0.00111636 0)
(0.00590071 0.00146683 0)
(0.00716376 0.00181886 0)
(0.00857047 0.0021668 0)
(0.0101125 0.00250502 0)
(0.0117796 0.00282795 0)
(0.0135601 0.00313005 0)
(0.0154404 0.00340591 0)
(0.0174056 0.0036502 0)
(0.0194392 0.00385775 0)
(0.0215233 0.00402358 0)
(0.0236389 0.00414303 0)
(0.0257659 0.00421182 0)
(0.0278834 0.00422625 0)
(0.0299701 0.00418332 0)
(0.0320042 0.00408101 0)
(0.0339641 0.00391856 0)
(0.0358283 0.00369685 0)
(0.037576 0.00341883 0)
(0.0391868 0.00308996 0)
(0.0406418 0.00271867 0)
(0.0419236 0.00231651 0)
(0.0430174 0.00189803 0)
(0.0439127 0.00147993 0)
(0.0446045 0.00107976 0)
(0.0450953 0.000713973 0)
(0.0453964 0.000396048 0)
(0.0455276 0.000134899 0)
(0.0455162 -6.58361e-05 0)
(0.0453947 -0.000207563 0)
(0.0451974 -0.000295729 0)
(0.0449568 -0.00033841 0)
(0.0447016 -0.00034491 0)
(0.0444542 -0.000324627 0)
(0.0442306 -0.000286273 0)
(0.0440406 -0.00023743 0)
(0.0438886 -0.00018433 0)
(0.043775 -0.000131807 0)
(0.043697 -8.33448e-05 0)
(0.0436502 -4.11987e-05 0)
(0.0436292 -6.56517e-06 0)
(0.0436283 2.0218e-05 0)
(0.0436421 3.94622e-05 0)
(0.0436657 5.19248e-05 0)
(0.0436952 5.86264e-05 0)
(0.0437271 6.06996e-05 0)
(0.0437591 5.92713e-05 0)
(0.0437895 5.53805e-05 0)
(0.0438171 4.99282e-05 0)
(0.0438414 4.36534e-05 0)
(0.0438621 3.71297e-05 0)
(0.0438792 3.07754e-05 0)
(0.043893 2.48734e-05 0)
(0.0439039 1.95936e-05 0)
(0.0439123 1.50179e-05 0)
(0.0439184 1.11626e-05 0)
(0.0439229 7.99822e-06 0)
(0.0439259 5.46634e-06 0)
(0.0439278 3.49242e-06 0)
(0.043929 1.99565e-06 0)
(0.0439295 8.95774e-07 0)
(0.0439296 1.17645e-07 0)
(0.0439294 -4.06175e-07 0)
(0.0439291 -7.34128e-07 0)
(0.0439286 -9.15405e-07 0)
(0.0439281 -9.90322e-07 0)
(0.0439276 -9.91115e-07 0)
(0.0439271 -9.42923e-07 0)
(0.0439267 -8.64854e-07 0)
(0.0439263 -7.71024e-07 0)
(0.043926 -6.71519e-07 0)
(0.0439257 -5.7325e-07 0)
(0.0439254 -4.80683e-07 0)
(0.0439252 -3.96455e-07 0)
(0.0439251 -3.21865e-07 0)
(0.0439249 -2.57278e-07 0)
(0.0439248 -2.02427e-07 0)
(0.0439248 -1.56648e-07 0)
(0.0439247 -1.19053e-07 0)
(0.0439247 -8.86537e-08 0)
(0.0439246 -6.44465e-08 0)
(0.0439246 -4.54691e-08 0)
(0.0439246 -3.08351e-08 0)
(0.0439246 -1.97519e-08 0)
(0.0439246 -1.15275e-08 0)
(0.0439246 -5.57074e-09 0)
(0.0439246 -1.38472e-09 0)
(0.0439246 1.44096e-09 0)
(0.0439246 3.24021e-09 0)
(0.0439246 4.28075e-09 0)
(0.0439246 4.77402e-09 0)
(0.0439246 4.88446e-09 0)
(0.0439246 4.73792e-09 0)
(0.0439246 4.42895e-09 0)
(0.0439246 4.02717e-09 0)
(0.0439246 3.58255e-09 0)
(0.0439246 3.12988e-09 0)
(0.0439246 2.69236e-09 0)
(0.0439246 2.28453e-09 0)
(0.0439246 1.91455e-09 0)
(0.0439246 1.58607e-09 0)
(0.0439246 1.29959e-09 0)
(0.0439246 1.05354e-09 0)
(0.0439246 8.45039e-10 0)
(0.0439246 6.70519e-10 0)
(0.0439246 5.26099e-10 0)
(0.0439246 4.07879e-10 0)
(0.0439246 3.12126e-10 0)
(0.0439246 2.3538e-10 0)
(0.0439246 1.74523e-10 0)
(0.0439246 1.268e-10 0)
(0.0439246 8.98151e-11 0)
(0.0439246 6.15196e-11 0)
(0.0439246 4.01811e-11 0)
(0.0439246 2.43555e-11 0)
(0.0439246 1.28498e-11 0)
(0.0439246 4.68988e-12 0)
(0.0439246 -9.11083e-13 0)
(0.0439246 -4.58526e-12 0)
(0.0439246 -6.82915e-12 0)
(0.0439246 -8.03508e-12 0)
(0.0439246 -8.50357e-12 0)
(0.0439246 -8.46638e-12 0)
(0.0439246 -8.098e-12 0)
(0.0439246 -7.52662e-12 0)
(0.0439246 -6.84766e-12 0)
(0.0439246 -6.12794e-12 0)
(0.0439246 -5.41429e-12 0)
(0.0439246 -4.74049e-12 0)
(0.0439246 -4.12574e-12 0)
(0.0439246 -3.58294e-12 0)
(0.0439246 -3.12141e-12 0)
(0.0439246 -2.74407e-12 0)
(0.0439246 -2.45779e-12 0)
(0.0439246 -2.26411e-12 0)
(0.0439246 -2.17724e-12 0)
(0.0439246 -2.19665e-12 0)
(0.0439246 -2.36395e-12 0)
(0.0439246 -2.70248e-12 0)
(0.0439246 -3.16772e-12 0)
(0.0439246 -4.37172e-12 0)
(0.0439246 -4.67294e-12 0)
(0.0439246 -8.40705e-12 0)
(0.0439246 -9.73987e-12 0)
(0.087992 -0.000933211 0)
(0.0872031 -0.00111906 0)
(0.0862707 -0.00128474 0)
(0.0852042 -0.00142283 0)
(0.0840162 -0.00153396 0)
(0.0827187 -0.00162419 0)
(0.0813204 -0.00170188 0)
(0.0798258 -0.0017754 0)
(0.0782351 -0.0018518 0)
(0.076544 -0.00193635 0)
(0.074744 -0.00203237 0)
(0.072823 -0.00214139 0)
(0.0707655 -0.00226314 0)
(0.0685532 -0.00239563 0)
(0.0661656 -0.00253501 0)
(0.0635806 -0.00267559 0)
(0.0607756 -0.00280977 0)
(0.0577285 -0.00292825 0)
(0.0544199 -0.00302019 0)
(0.0508358 -0.00307375 0)
(0.0469717 -0.00307642 0)
(0.0428405 -0.0030154 0)
(0.0384826 -0.00287777 0)
(0.0339797 -0.0026508 0)
(0.0294636 -0.00232674 0)
(0.025101 -0.00191607 0)
(0.0210504 -0.00145768 0)
(0.0174171 -0.0010141 0)
(0.0142384 -0.000661897 0)
(0.0115028 -0.000474269 0)
(0.00918786 -0.000472707 0)
(0.00727763 -0.000581925 0)
(0.00574023 -0.000669437 0)
(0.00451258 -0.000648957 0)
(0.00351441 -0.000529075 0)
(0.00267102 -0.000372103 0)
(0.00193051 -0.00023695 0)
(0.00126718 -0.000157793 0)
(0.000668155 -0.000145945 0)
(0.000117661 -0.000193948 0)
(-0.000405977 -0.000280791 0)
(-0.000923513 -0.000381619 0)
(-0.00144853 -0.000477338 0)
(-0.00198566 -0.000558211 0)
(-0.00253148 -0.000621461 0)
(-0.00307604 -0.000666951 0)
(-0.00360441 -0.000694272 0)
(-0.00409842 -0.000701959 0)
(-0.00453827 -0.000688013 0)
(-0.00490408 -0.000650718 0)
(-0.00517699 -0.000589194 0)
(-0.00533999 -0.000503607 0)
(-0.00537829 -0.000395118 0)
(-0.00527964 -0.000265712 0)
(-0.00503444 -0.000117997 0)
(-0.00463574 4.49813e-05 0)
(-0.00407925 0.000219881 0)
(-0.0033633 0.000403184 0)
(-0.00248872 0.000591276 0)
(-0.00145881 0.000780499 0)
(-0.000279187 0.000967195 0)
(0.00104226 0.00114773 0)
(0.00249548 0.0013185 0)
(0.00406832 0.00147597 0)
(0.00574658 0.00161668 0)
(0.00751413 0.0017373 0)
(0.00935292 0.00183463 0)
(0.0112431 0.00190574 0)
(0.0131631 0.00194804 0)
(0.0150899 0.00195942 0)
(0.0169989 0.00193843 0)
(0.0188646 0.00188452 0)
(0.0206607 0.00179824 0)
(0.022361 0.00168151 0)
(0.0239399 0.00153778 0)
(0.0253736 0.00137205 0)
(0.0266416 0.00119078 0)
(0.0277277 0.00100144 0)
(0.0286224 0.000811928 0)
(0.0293235 0.000629847 0)
(0.0298371 0.000461736 0)
(0.0301771 0.000312555 0)
(0.0303649 0.000185435 0)
(0.0304263 8.17367e-05 0)
(0.0303898 1.31558e-06 0)
(0.0302838 -5.7126e-05 0)
(0.0301343 -9.57044e-05 0)
(0.0299638 -0.000117079 0)
(0.0297903 -0.000124233 0)
(0.0296271 -0.000120276 0)
(0.0294831 -0.000108275 0)
(0.0293636 -9.10859e-05 0)
(0.0292706 -7.1228e-05 0)
(0.0292037 -5.07858e-05 0)
(0.0291608 -3.13642e-05 0)
(0.0291388 -1.40861e-05 0)
(0.0291339 3.71863e-07 0)
(0.0291421 1.17165e-05 0)
(0.0291598 1.99599e-05 0)
(0.0291837 2.5336e-05 0)
(0.0292109 2.82221e-05 0)
(0.0292392 2.90691e-05 0)
(0.0292668 2.83466e-05 0)
(0.0292927 2.65015e-05 0)
(0.0293161 2.39311e-05 0)
(0.0293365 2.09684e-05 0)
(0.0293538 1.78768e-05 0)
(0.0293682 1.48525e-05 0)
(0.0293798 1.20308e-05 0)
(0.0293889 9.4955e-06 0)
(0.0293959 7.2891e-06 0)
(0.0294011 5.42281e-06 0)
(0.0294048 3.88554e-06 0)
(0.0294073 2.65164e-06 0)
(0.029409 1.68703e-06 0)
(0.0294099 9.53959e-07 0)
(0.0294103 4.14423e-07 0)
(0.0294104 3.24304e-08 0)
(0.0294102 -2.2458e-07 0)
(0.0294099 -3.8503e-07 0)
(0.0294094 -4.72983e-07 0)
(0.029409 -5.08264e-07 0)
(0.0294085 -5.06793e-07 0)
(0.0294081 -4.81031e-07 0)
(0.0294077 -4.40483e-07 0)
(0.0294074 -3.92186e-07 0)
(0.0294071 -3.41181e-07 0)
(0.0294068 -2.90925e-07 0)
(0.0294066 -2.43656e-07 0)
(0.0294064 -2.00691e-07 0)
(0.0294062 -1.62677e-07 0)
(0.0294061 -1.29789e-07 0)
(0.029406 -1.01885e-07 0)
(0.029406 -7.86195e-08 0)
(0.0294059 -5.95364e-08 0)
(0.0294059 -4.41282e-08 0)
(0.0294058 -3.18803e-08 0)
(0.0294058 -2.22995e-08 0)
(0.0294058 -1.49318e-08 0)
(0.0294058 -9.37114e-09 0)
(0.0294058 -5.26357e-09 0)
(0.0294058 -2.30649e-09 0)
(0.0294058 -2.45958e-10 0)
(0.0294058 1.12766e-09 0)
(0.0294058 1.98477e-09 0)
(0.0294058 2.46178e-09 0)
(0.0294058 2.66625e-09 0)
(0.0294058 2.68167e-09 0)
(0.0294058 2.57177e-09 0)
(0.0294058 2.38424e-09 0)
(0.0294058 2.15407e-09 0)
(0.0294058 1.90621e-09 0)
(0.0294058 1.65789e-09 0)
(0.0294058 1.42046e-09 0)
(0.0294058 1.20086e-09 0)
(0.0294058 1.00288e-09 0)
(0.0294058 8.27976e-10 0)
(0.0294058 6.76097e-10 0)
(0.0294058 5.46154e-10 0)
(0.0294058 4.36433e-10 0)
(0.0294058 3.44907e-10 0)
(0.0294058 2.69418e-10 0)
(0.0294058 2.0783e-10 0)
(0.0294058 1.58119e-10 0)
(0.0294058 1.18419e-10 0)
(0.0294058 8.70627e-11 0)
(0.0294058 6.25786e-11 0)
(0.0294058 4.36949e-11 0)
(0.0294058 2.93273e-11 0)
(0.0294058 1.85682e-11 0)
(0.0294058 1.06516e-11 0)
(0.0294058 4.9584e-12 0)
(0.0294058 9.76587e-13 0)
(0.0294058 -1.70674e-12 0)
(0.0294058 -3.41385e-12 0)
(0.0294058 -4.40777e-12 0)
(0.0294058 -4.88314e-12 0)
(0.0294058 -4.99831e-12 0)
(0.0294058 -4.87249e-12 0)
(0.0294058 -4.58967e-12 0)
(0.0294058 -4.21995e-12 0)
(0.0294058 -3.8045e-12 0)
(0.0294058 -3.37974e-12 0)
(0.0294058 -2.9702e-12 0)
(0.0294058 -2.58673e-12 0)
(0.0294058 -2.2448e-12 0)
(0.0294058 -1.94281e-12 0)
(0.0294058 -1.68928e-12 0)
(0.0294058 -1.48772e-12 0)
(0.0294058 -1.33788e-12 0)
(0.0294058 -1.24573e-12 0)
(0.0294058 -1.21358e-12 0)
(0.0294058 -1.25818e-12 0)
(0.0294058 -1.3591e-12 0)
(0.0294058 -1.68105e-12 0)
(0.0294058 -1.78961e-12 0)
(0.0294058 -2.94145e-12 0)
(0.0294058 -2.64351e-12 0)
(0.0294058 -4.71088e-12 0)
(0.0294058 -6.54491e-12 0)
(0.0323824 -0.000280272 0)
(0.0316768 -0.000311506 0)
(0.0308878 -0.000322507 0)
(0.0300394 -0.000317276 0)
(0.0291496 -0.000303377 0)
(0.0282274 -0.000288536 0)
(0.0272742 -0.000278279 0)
(0.0262866 -0.000275189 0)
(0.0252582 -0.000279327 0)
(0.0241821 -0.00028906 0)
(0.0230512 -0.000301809 0)
(0.0218599 -0.000314529 0)
(0.0206042 -0.000323913 0)
(0.0192832 -0.000326454 0)
(0.0178996 -0.0003185 0)
(0.0164607 -0.000296448 0)
(0.014979 -0.000257195 0)
(0.0134724 -0.000198909 0)
(0.0119634 -0.000122132 0)
(0.010477 -3.12404e-05 0)
(0.00903827 6.37554e-05 0)
(0.00766797 0.000145598 0)
(0.00637894 0.000190403 0)
(0.00517594 0.000174642 0)
(0.00406274 9.06538e-05 0)
(0.00305237 -3.84463e-05 0)
(0.00217016 -0.000162735 0)
(0.00144592 -0.000232046 0)
(0.000895911 -0.000224549 0)
(0.000499803 -0.00015428 0)
(0.000198065 -5.44615e-05 0)
(-7.18148e-05 4.34374e-05 0)
(-0.000331632 0.000117301 0)
(-0.000561013 0.000153835 0)
(-0.000734797 0.000149879 0)
(-0.000850862 0.000114719 0)
(-0.000926957 6.7061e-05 0)
(-0.00098628 2.52779e-05 0)
(-0.00105043 -1.52296e-06 0)
(-0.00113833 -1.46011e-05 0)
(-0.00126464 -2.06613e-05 0)
(-0.00143773 -2.66557e-05 0)
(-0.00165977 -3.70604e-05 0)
(-0.00192893 -5.33399e-05 0)
(-0.00224132 -7.4595e-05 0)
(-0.00259169 -9.86023e-05 0)
(-0.00297307 -0.000122767 0)
(-0.00337626 -0.000144762 0)
(-0.00378976 -0.000162822 0)
(-0.00420018 -0.000175778 0)
(-0.00459292 -0.000182963 0)
(-0.00495303 -0.000184079 0)
(-0.00526587 -0.000179096 0)
(-0.00551769 -0.000168185 0)
(-0.00569613 -0.00015168 0)
(-0.0057905 -0.000130055 0)
(-0.00579203 -0.000103911 0)
(-0.00569402 -7.39518e-05 0)
(-0.00549195 -4.09699e-05 0)
(-0.00518349 -5.82331e-06 0)
(-0.00476853 3.05829e-05 0)
(-0.00424917 6.73155e-05 0)
(-0.00362967 0.000103431 0)
(-0.00291638 0.000137992 0)
(-0.00211771 0.000170091 0)
(-0.00124403 0.000198868 0)
(-0.000307565 0.000223541 0)
(0.000677776 0.000243434 0)
(0.00169657 0.000258018 0)
(0.00273217 0.000266942 0)
(0.00376705 0.000270073 0)
(0.00478325 0.000267515 0)
(0.005763 0.00025962 0)
(0.00668932 0.000246959 0)
(0.00754685 0.000230281 0)
(0.00832259 0.000210441 0)
(0.00900662 0.000188317 0)
(0.00959272 0.000164758 0)
(0.0100786 0.000140542 0)
(0.010466 0.000116384 0)
(0.0107603 9.29516e-05 0)
(0.0109698 7.08737e-05 0)
(0.011105 5.07283e-05 0)
(0.0111778 3.30009e-05 0)
(0.0112006 1.80385e-05 0)
(0.0111855 6.01702e-06 0)
(0.0111439 -3.06347e-06 0)
(0.011086 -9.35926e-06 0)
(0.0110203 -1.31492e-05 0)
(0.0109539 -1.47977e-05 0)
(0.010892 -1.47192e-05 0)
(0.0108383 -1.3347e-05 0)
(0.0107949 -1.11044e-05 0)
(0.0107627 -8.37916e-06 0)
(0.0107415 -5.50363e-06 0)
(0.0107304 -2.7415e-06 0)
(0.010728 -2.82414e-07 0)
(0.0107326 1.75593e-06 0)
(0.0107425 3.31964e-06 0)
(0.010756 4.40663e-06 0)
(0.0107717 5.05295e-06 0)
(0.0107882 5.31924e-06 0)
(0.0108046 5.27878e-06 0)
(0.0108202 5.00785e-06 0)
(0.0108344 4.5787e-06 0)
(0.010847 4.0549e-06 0)
(0.0108578 3.48901e-06 0)
(0.0108669 2.92178e-06 0)
(0.0108743 2.3827e-06 0)
(0.0108803 1.89118e-06 0)
(0.0108848 1.45828e-06 0)
(0.0108883 1.08846e-06 0)
(0.0108908 7.8132e-07 0)
(0.0108925 5.33095e-07 0)
(0.0108936 3.37953e-07 0)
(0.0108943 1.88999e-07 0)
(0.0108946 7.90193e-08 0)
(0.0108947 1.01668e-09 0)
(0.0108946 -5.14565e-08 0)
(0.0108944 -8.41054e-08 0)
(0.0108941 -1.01812e-07 0)
(0.0108938 -1.08634e-07 0)
(0.0108935 -1.0785e-07 0)
(0.0108933 -1.02043e-07 0)
(0.010893 -9.31898e-08 0)
(0.0108928 -8.27596e-08 0)
(0.0108925 -7.18062e-08 0)
(0.0108924 -6.10531e-08 0)
(0.0108922 -5.09676e-08 0)
(0.0108921 -4.18236e-08 0)
(0.010892 -3.37534e-08 0)
(0.0108919 -2.679e-08 0)
(0.0108918 -2.08987e-08 0)
(0.0108918 -1.6003e-08 0)
(0.0108918 -1.20025e-08 0)
(0.0108917 -8.78678e-09 0)
(0.0108917 -6.24399e-09 0)
(0.0108917 -4.26748e-09 0)
(0.0108917 -2.75924e-09 0)
(0.0108917 -1.6319e-09 0)
(0.0108917 -8.0944e-10 0)
(0.0108917 -2.27093e-10 0)
(0.0108917 1.69342e-10 0)
(0.0108917 4.24454e-10 0)
(0.0108917 5.74339e-10 0)
(0.0108917 6.47759e-10 0)
(0.0108917 6.67266e-10 0)
(0.0108917 6.50254e-10 0)
(0.0108917 6.09886e-10 0)
(0.0108917 5.55928e-10 0)
(0.0108917 4.9544e-10 0)
(0.0108917 4.33379e-10 0)
(0.0108917 3.73079e-10 0)
(0.0108917 3.16658e-10 0)
(0.0108917 2.65336e-10 0)
(0.0108917 2.19679e-10 0)
(0.0108917 1.79806e-10 0)
(0.0108917 1.4553e-10 0)
(0.0108917 1.16472e-10 0)
(0.0108917 9.2154e-11 0)
(0.0108917 7.20389e-11 0)
(0.0108917 5.55916e-11 0)
(0.0108917 4.22893e-11 0)
(0.0108917 3.16488e-11 0)
(0.0108917 2.32352e-11 0)
(0.0108917 1.66586e-11 0)
(0.0108917 1.15862e-11 0)
(0.0108917 7.72757e-12 0)
(0.0108917 4.8403e-12 0)
(0.0108917 2.71749e-12 0)
(0.0108917 1.19568e-12 0)
(0.0108917 1.33912e-13 0)
(0.0108917 -5.77504e-13 0)
(0.0108917 -1.02319e-12 0)
(0.0108917 -1.27884e-12 0)
(0.0108917 -1.39453e-12 0)
(0.0108917 -1.41407e-12 0)
(0.0108917 -1.37016e-12 0)
(0.0108917 -1.28205e-12 0)
(0.0108917 -1.17362e-12 0)
(0.0108917 -1.05282e-12 0)
(0.0108917 -9.30639e-13 0)
(0.0108917 -8.13316e-13 0)
(0.0108917 -7.01829e-13 0)
(0.0108917 -6.02669e-13 0)
(0.0108917 -5.13842e-13 0)
(0.0108917 -4.38729e-13 0)
(0.0108917 -3.77174e-13 0)
(0.0108917 -3.25523e-13 0)
(0.0108917 -2.90218e-13 0)
(0.0108917 -2.66825e-13 0)
(0.0108917 -2.58329e-13 0)
(0.0108917 -2.73463e-13 0)
(0.0108917 -2.82979e-13 0)
(0.0108917 -3.81217e-13 0)
(0.0108917 -3.46975e-13 0)
(0.0108917 -6.67588e-13 0)
(0.0108917 -4.9417e-13 0)
(0.0108917 -5.0207e-13 0)
(0.0108917 -1.48419e-12 0)
)
;

boundaryField
{
    inlet
    {
        type            fixedProfile;
        profile         table
        
21
(
(0 (0 0 0))
(0.05 (0.0285 0 0))
(0.1 (0.054 0 0))
(0.15 (0.0765 0 0))
(0.2 (0.096 0 0))
(0.25 (0.1125 0 0))
(0.3 (0.126 0 0))
(0.35 (0.1365 0 0))
(0.4 (0.144 0 0))
(0.45 (0.1485 0 0))
(0.5 (0.15 0 0))
(0.55 (0.1485 0 0))
(0.6 (0.144 0 0))
(0.65 (0.1365 0 0))
(0.7 (0.126 0 0))
(0.75 (0.1125 0 0))
(0.8 (0.096 0 0))
(0.85 (0.0765 0 0))
(0.9 (0.054 0 0))
(0.95 (0.0285 0 0))
(1 (0 0 0))
)
;
        direction       (0 1 0);
        origin          1;
        value           nonuniform List<vector> 8((0.034875 0 0) (0.091125 0 0) (0.128625 0 0) (0.147375 0 0) (0.147375 0 0) (0.128625 0 0) (0.091125 0 0) (0.034875 0 0));
    }
    outlet
    {
        type            zeroGradient;
    }
    walls
    {
        type            noSlip;
    }
    symwall
    {
        type            empty;
    }
}


// ************************************************************************* //
