/*--------------------------------*- C++ -*----------------------------------*\
| =========                 |                                                 |
| \\      /  F ield         | OpenFOAM: The Open Source CFD Toolbox           |
|  \\    /   O peration     | Version:  4.1                                   |
|   \\  /    A nd           | Web:      www.OpenFOAM.org                      |
|    \\/     M anipulation  |                                                 |
\*---------------------------------------------------------------------------*/
FoamFile
{
    version     2.0;
    format      ascii;
    class       volVectorField;
    location    "262";
    object      U;
}
// * * * * * * * * * * * * * * * * * * * * * * * * * * * * * * * * * * * * * //

dimensions      [0 1 -1 0 0 0 0];

internalField   nonuniform List<vector> 
3264
(
(-2.30599e-06 -4.30115e-07 0)
(-0.000127442 2.95733e-05 0)
(-0.000375694 4.72038e-05 0)
(-0.000655015 4.9202e-05 0)
(-0.000949557 5.05242e-05 0)
(-0.00124911 4.93542e-05 0)
(-0.00154828 5.00295e-05 0)
(-0.00184911 5.00704e-05 0)
(-0.00214782 5.06916e-05 0)
(-0.00244641 5.1031e-05 0)
(-0.00274385 5.16023e-05 0)
(-0.00304221 5.22781e-05 0)
(-0.00334255 5.33603e-05 0)
(-0.00364737 5.49647e-05 0)
(-0.00395889 5.73278e-05 0)
(-0.00427983 6.06266e-05 0)
(-0.00461275 6.50536e-05 0)
(-0.00496009 7.07556e-05 0)
(-0.00532384 7.78385e-05 0)
(-0.00570541 8.63336e-05 0)
(-0.00610532 9.61806e-05 0)
(-0.00652307 0.000107205 0)
(-0.00695691 0.000119103 0)
(-0.00740373 0.000131442 0)
(-0.00785895 0.000143667 0)
(-0.00831655 0.000155126 0)
(-0.00876917 0.000165114 0)
(-0.00920825 0.000172914 0)
(-0.0096243 0.000177851 0)
(-0.0100072 0.000179339 0)
(-0.0103464 0.000176919 0)
(-0.0106317 0.000170281 0)
(-0.010853 0.000159282 0)
(-0.011001 0.000143943 0)
(-0.0110673 0.000124437 0)
(-0.0110449 0.000101075 0)
(-0.0109279 7.42847e-05 0)
(-0.0107121 4.45902e-05 0)
(-0.0103945 1.25889e-05 0)
(-0.00997418 -2.1067e-05 0)
(-0.00945143 -5.56881e-05 0)
(-0.00882832 -9.05637e-05 0)
(-0.00810844 -0.000124976 0)
(-0.0072969 -0.000158212 0)
(-0.00640024 -0.000189577 0)
(-0.00542639 -0.000218406 0)
(-0.00438456 -0.000244073 0)
(-0.00328511 -0.000266007 0)
(-0.0021395 -0.000283706 0)
(-0.000960052 -0.000296746 0)
(0.00024012 -0.000304802 0)
(0.00144736 -0.000307654 0)
(0.00264764 -0.000305209 0)
(0.00382683 -0.000297506 0)
(0.0049709 -0.000284723 0)
(0.00606621 -0.000267185 0)
(0.00709981 -0.000245359 0)
(0.00805966 -0.000219849 0)
(0.00893496 -0.000191381 0)
(0.00971635 -0.000160782 0)
(0.0103962 -0.000128961 0)
(0.0109686 -9.68708e-05 0)
(0.0114299 -6.54822e-05 0)
(0.0117785 -3.57408e-05 0)
(0.0120148 -8.5282e-06 0)
(0.0121416 1.53823e-05 0)
(0.0121637 3.53726e-05 0)
(0.0120879 5.10275e-05 0)
(0.0119228 6.21798e-05 0)
(0.0116782 6.89452e-05 0)
(0.0113656 7.1737e-05 0)
(0.0109968 7.12476e-05 0)
(0.0105841 6.83852e-05 0)
(0.0101398 6.41611e-05 0)
(0.00967584 5.95366e-05 0)
(0.00920318 5.52577e-05 0)
(0.0087319 5.17246e-05 0)
(0.00827072 4.89442e-05 0)
(0.00782686 4.65953e-05 0)
(0.00740581 4.41916e-05 0)
(0.00701132 4.12837e-05 0)
(0.00664547 3.76248e-05 0)
(0.006309 3.32492e-05 0)
(0.00600169 2.84521e-05 0)
(0.00572271 2.36967e-05 0)
(0.00547077 1.94843e-05 0)
(0.00524422 1.62254e-05 0)
(0.00504099 1.4146e-05 0)
(0.00485869 1.32575e-05 0)
(0.00469467 1.33948e-05 0)
(0.00454626 1.43015e-05 0)
(0.0044109 1.57199e-05 0)
(0.00428633 1.74497e-05 0)
(0.00417072 1.93598e-05 0)
(0.00406275 2.13649e-05 0)
(0.00396173 2.33884e-05 0)
(0.00386762 2.53322e-05 0)
(0.00378105 2.70626e-05 0)
(0.00370327 2.84138e-05 0)
(0.00363611 2.92025e-05 0)
(0.00358181 2.9248e-05 0)
(0.00354292 2.83913e-05 0)
(0.00352214 2.65114e-05 0)
(0.0035222 2.35363e-05 0)
(0.00354568 1.94485e-05 0)
(0.00359488 1.42862e-05 0)
(0.0036717 8.14081e-06 0)
(0.00377755 1.15075e-06 0)
(0.00391323 -6.50556e-06 0)
(0.0040789 -1.4619e-05 0)
(0.00427405 -2.29591e-05 0)
(0.00449743 -3.12843e-05 0)
(0.00474714 -3.93521e-05 0)
(0.00502059 -4.69286e-05 0)
(0.00531462 -5.37978e-05 0)
(0.00562551 -5.97708e-05 0)
(0.00594911 -6.46927e-05 0)
(0.00628095 -6.84489e-05 0)
(0.00661636 -7.09695e-05 0)
(0.00695059 -7.22311e-05 0)
(0.00727898 -7.22564e-05 0)
(0.00759708 -7.11111e-05 0)
(0.0079008 -6.88982e-05 0)
(0.00818652 -6.57504e-05 0)
(0.00845121 -6.18214e-05 0)
(0.00869253 -5.72759e-05 0)
(0.00890881 -5.22813e-05 0)
(0.00909915 -4.69997e-05 0)
(0.00926332 -4.15819e-05 0)
(0.00940178 -3.6164e-05 0)
(0.00951558 -3.08646e-05 0)
(0.00960625 -2.57846e-05 0)
(0.0096757 -2.10066e-05 0)
(0.00972614 -1.6596e-05 0)
(0.00975995 -1.26014e-05 0)
(0.00977957 -9.05569e-06 0)
(0.00978746 -5.9772e-06 0)
(0.009786 -3.37148e-06 0)
(0.00977742 -1.23299e-06 0)
(0.00976382 4.53092e-07 0)
(0.00974708 1.70921e-06 0)
(0.00972885 2.56411e-06 0)
(0.00971055 3.05197e-06 0)
(0.00969338 3.21169e-06 0)
(0.00967828 3.08636e-06 0)
(0.00966596 2.72264e-06 0)
(0.00965689 2.16979e-06 0)
(0.00965135 1.4785e-06 0)
(0.00964941 6.99317e-07 0)
(0.00965096 -1.19001e-07 0)
(0.00965577 -9.3124e-07 0)
(0.00966347 -1.69732e-06 0)
(0.0096736 -2.38363e-06 0)
(0.00968567 -2.96396e-06 0)
(0.00969913 -3.42002e-06 0)
(0.00971344 -3.74153e-06 0)
(0.00972809 -3.92584e-06 0)
(0.0097426 -3.97719e-06 0)
(0.00975655 -3.90577e-06 0)
(0.00976961 -3.72642e-06 0)
(0.0097815 -3.45737e-06 0)
(0.00979202 -3.11885e-06 0)
(0.00980106 -2.73185e-06 0)
(0.00980857 -2.31696e-06 0)
(0.00981457 -1.89334e-06 0)
(0.00981912 -1.478e-06 0)
(0.00982235 -1.08526e-06 0)
(0.00982438 -7.26358e-07 0)
(0.00982538 -4.09417e-07 0)
(0.00982553 -1.39474e-07 0)
(0.00982499 8.12727e-08 0)
(0.00982393 2.53126e-07 0)
(0.00982252 3.7846e-07 0)
(0.00982088 4.61258e-07 0)
(0.00981914 5.06642e-07 0)
(0.00981739 5.20416e-07 0)
(0.0098157 5.08666e-07 0)
(0.00981415 4.77407e-07 0)
(0.00981276 4.32305e-07 0)
(0.00981155 3.78472e-07 0)
(0.00981055 3.20325e-07 0)
(0.00980973 2.61516e-07 0)
(0.0098091 2.04911e-07 0)
(0.00980864 1.52622e-07 0)
(0.00980832 1.06065e-07 0)
(0.00980813 6.60461e-08 0)
(0.00980804 3.28621e-08 0)
(0.00980803 6.40219e-09 0)
(0.00980808 -1.37496e-08 0)
(0.00980818 -2.82198e-08 0)
(0.0098083 -3.77642e-08 0)
(0.00980844 -4.31911e-08 0)
(0.00980858 -4.53255e-08 0)
(0.00980872 -4.49036e-08 0)
(0.00980885 -4.27188e-08 0)
(0.00980898 -3.91327e-08 0)
(0.00980908 -3.51308e-08 0)
(0.00980918 -3.03767e-08 0)
(0.00980925 -2.44824e-08 0)
(0.00980934 -2.66888e-08 0)
(-8.14567e-05 0.000130015 0)
(-0.000569119 0.000365418 0)
(-0.00128228 0.00050286 0)
(-0.00204484 0.000548222 0)
(-0.00281721 0.000571399 0)
(-0.00358411 0.00057568 0)
(-0.00433287 0.000579059 0)
(-0.00506806 0.000577337 0)
(-0.00578441 0.000575577 0)
(-0.00648663 0.000573359 0)
(-0.00717476 0.000573036 0)
(-0.00785316 0.000575302 0)
(-0.00852442 0.000581293 0)
(-0.00919235 0.000591511 0)
(-0.00985968 0.000606293 0)
(-0.0105288 0.000625556 0)
(-0.0112009 0.00064887 0)
(-0.0118758 0.000675395 0)
(-0.0125517 0.000703887 0)
(-0.0132249 0.000732707 0)
(-0.0138897 0.000759866 0)
(-0.0145388 0.000783093 0)
(-0.0151628 0.000799942 0)
(-0.0157508 0.000807915 0)
(-0.0162907 0.000804601 0)
(-0.0167695 0.000787814 0)
(-0.0171737 0.000755724 0)
(-0.0174901 0.000706958 0)
(-0.0177056 0.000640665 0)
(-0.0178083 0.000556555 0)
(-0.0177869 0.000454886 0)
(-0.0176321 0.00033644 0)
(-0.0173358 0.000202462 0)
(-0.0168915 5.459e-05 0)
(-0.0162948 -0.000105215 0)
(-0.0155428 -0.000274745 0)
(-0.0146345 -0.000451609 0)
(-0.0135706 -0.000633293 0)
(-0.0123538 -0.000817206 0)
(-0.010988 -0.00100073 0)
(-0.0094792 -0.00118123 0)
(-0.00783459 -0.00135613 0)
(-0.00606306 -0.00152287 0)
(-0.00417489 -0.001679 0)
(-0.00218171 -0.00182213 0)
(-9.64506e-05 -0.00195002 0)
(0.00206673 -0.00206057 0)
(0.00429257 -0.00215183 0)
(0.00656479 -0.0022221 0)
(0.0088662 -0.0022699 0)
(0.0111789 -0.00229404 0)
(0.0134844 -0.00229366 0)
(0.0157638 -0.00226828 0)
(0.0179981 -0.00221781 0)
(0.0201682 -0.00214262 0)
(0.0222556 -0.0020435 0)
(0.0242422 -0.00192174 0)
(0.0261108 -0.00177908 0)
(0.0278451 -0.00161768 0)
(0.0294305 -0.00144012 0)
(0.0308536 -0.00124931 0)
(0.0321028 -0.00104847 0)
(0.0331685 -0.000841028 0)
(0.0340429 -0.000630571 0)
(0.0347202 -0.000420773 0)
(0.0351971 -0.000215318 0)
(0.0354722 -1.78361e-05 0)
(0.0355464 0.000168176 0)
(0.0354232 0.000339431 0)
(0.0351086 0.000492939 0)
(0.0346112 0.000626103 0)
(0.0339425 0.000736828 0)
(0.033117 0.000823633 0)
(0.032152 0.000885769 0)
(0.0310682 0.000923336 0)
(0.0298884 0.000937384 0)
(0.0286379 0.000929993 0)
(0.0273428 0.000904256 0)
(0.0260297 0.000864122 0)
(0.0247236 0.000814024 0)
(0.0234475 0.000758328 0)
(0.0222208 0.000700716 0)
(0.0210593 0.000643746 0)
(0.0199744 0.000588771 0)
(0.0189734 0.000536249 0)
(0.0180594 0.000486257 0)
(0.0172322 0.000438942 0)
(0.016489 0.000394704 0)
(0.015825 0.000354124 0)
(0.0152346 0.000317754 0)
(0.0147119 0.000285917 0)
(0.0142511 0.000258585 0)
(0.0138471 0.000235333 0)
(0.0134952 0.000215367 0)
(0.0131918 0.000197597 0)
(0.0129341 0.000180749 0)
(0.0127208 0.000163491 0)
(0.0125513 0.00014456 0)
(0.0124262 0.000122856 0)
(0.012347 9.75079e-05 0)
(0.0123157 6.79052e-05 0)
(0.0123346 3.37117e-05 0)
(0.0124062 -5.13796e-06 0)
(0.0125327 -4.84502e-05 0)
(0.012716 -9.57918e-05 0)
(0.0129574 -0.000146514 0)
(0.0132574 -0.000199783 0)
(0.0136158 -0.000254614 0)
(0.0140314 -0.000309904 0)
(0.0145022 -0.000364476 0)
(0.015025 -0.000417113 0)
(0.0155958 -0.000466595 0)
(0.0162097 -0.000511742 0)
(0.016861 -0.000551445 0)
(0.017543 -0.000584705 0)
(0.0182486 -0.000610663 0)
(0.01897 -0.000628639 0)
(0.019699 -0.000638153 0)
(0.0204272 -0.000638955 0)
(0.0211461 -0.000631043 0)
(0.0218473 -0.00061467 0)
(0.0225228 -0.00059035 0)
(0.023165 -0.00055884 0)
(0.0237671 -0.000521117 0)
(0.0243234 -0.000478345 0)
(0.024829 -0.000431815 0)
(0.0252804 -0.000382895 0)
(0.0256754 -0.00033296 0)
(0.0260133 -0.000283331 0)
(0.0262946 -0.000235211 0)
(0.0265212 -0.000189646 0)
(0.0266963 -0.000147484 0)
(0.026824 -0.000109361 0)
(0.0269091 -7.57004e-05 0)
(0.0269572 -4.67289e-05 0)
(0.0269742 -2.24955e-05 0)
(0.0269659 -2.90199e-06 0)
(0.0269381 1.22675e-05 0)
(0.0268964 2.33188e-05 0)
(0.0268459 3.06237e-05 0)
(0.0267909 3.45993e-05 0)
(0.0267353 3.56917e-05 0)
(0.0266824 3.43623e-05 0)
(0.0266346 3.1076e-05 0)
(0.0265938 2.62909e-05 0)
(0.0265612 2.04477e-05 0)
(0.0265376 1.39616e-05 0)
(0.0265231 7.21281e-06 0)
(0.0265174 5.39886e-07 0)
(0.02652 -5.76702e-06 0)
(0.02653 -1.14705e-05 0)
(0.0265462 -1.63888e-05 0)
(0.0265675 -2.03961e-05 0)
(0.0265927 -2.34215e-05 0)
(0.0266203 -2.54454e-05 0)
(0.0266493 -2.64943e-05 0)
(0.0266785 -2.66338e-05 0)
(0.026707 -2.59613e-05 0)
(0.0267339 -2.45973e-05 0)
(0.0267586 -2.26769e-05 0)
(0.0267807 -2.03417e-05 0)
(0.0267998 -1.77325e-05 0)
(0.0268158 -1.49824e-05 0)
(0.0268287 -1.22121e-05 0)
(0.0268387 -9.52576e-06 0)
(0.0268459 -7.00843e-06 0)
(0.0268506 -4.72522e-06 0)
(0.0268532 -2.7211e-06 0)
(0.026854 -1.02207e-06 0)
(0.0268533 3.63037e-07 0)
(0.0268516 1.44008e-06 0)
(0.026849 2.22687e-06 0)
(0.026846 2.75025e-06 0)
(0.0268426 3.0432e-06 0)
(0.0268393 3.14223e-06 0)
(0.026836 3.08495e-06 0)
(0.026833 2.90817e-06 0)
(0.0268302 2.64626e-06 0)
(0.0268278 2.33006e-06 0)
(0.0268258 1.98614e-06 0)
(0.0268242 1.63642e-06 0)
(0.0268229 1.29816e-06 0)
(0.0268219 9.84089e-07 0)
(0.0268212 7.02841e-07 0)
(0.0268208 4.59452e-07 0)
(0.0268206 2.55941e-07 0)
(0.0268205 9.19187e-08 0)
(0.0268206 -3.48218e-08 0)
(0.0268207 -1.27756e-07 0)
(0.0268209 -1.91146e-07 0)
(0.0268212 -2.29632e-07 0)
(0.0268214 -2.47898e-07 0)
(0.0268217 -2.50453e-07 0)
(0.0268219 -2.41333e-07 0)
(0.0268221 -2.24398e-07 0)
(0.0268223 -2.01976e-07 0)
(0.0268225 -1.78376e-07 0)
(0.0268227 -1.51699e-07 0)
(0.0268228 -1.26861e-07 0)
(0.0268229 -1.10024e-07 0)
(-0.000177662 0.000631162 0)
(-0.00103366 0.00122693 0)
(-0.00214918 0.00150567 0)
(-0.00328268 0.00155421 0)
(-0.00437446 0.00155971 0)
(-0.00541535 0.00152856 0)
(-0.00638981 0.0014995 0)
(-0.00730982 0.00146523 0)
(-0.00817283 0.00143463 0)
(-0.00898811 0.00140683 0)
(-0.009758 0.00138493 0)
(-0.0104884 0.00136936 0)
(-0.0111819 0.00136084 0)
(-0.0118415 0.001359 0)
(-0.012468 0.00136298 0)
(-0.0130614 0.00137117 0)
(-0.0136195 0.00138135 0)
(-0.014139 0.00139072 0)
(-0.0146148 0.00139602 0)
(-0.0150401 0.00139365 0)
(-0.0154069 0.00137985 0)
(-0.0157062 0.00135086 0)
(-0.0159279 0.00130317 0)
(-0.0160619 0.00123362 0)
(-0.0160975 0.00113962 0)
(-0.0160247 0.00101926 0)
(-0.0158338 0.000871342 0)
(-0.0155161 0.000695459 0)
(-0.0150639 0.000491968 0)
(-0.0144707 0.000261948 0)
(-0.0137312 7.12966e-06 0)
(-0.0128416 -0.000270192 0)
(-0.0117993 -0.000567246 0)
(-0.0106034 -0.000880884 0)
(-0.00925388 -0.00120766 0)
(-0.00775243 -0.00154392 0)
(-0.00610185 -0.00188584 0)
(-0.00430624 -0.0022295 0)
(-0.00237095 -0.00257094 0)
(-0.000302561 -0.00290615 0)
(0.00189114 -0.00323114 0)
(0.00420118 -0.00354198 0)
(0.00661741 -0.00383476 0)
(0.00912854 -0.00410569 0)
(0.0117222 -0.00435109 0)
(0.0143848 -0.00456743 0)
(0.0171019 -0.00475137 0)
(0.019858 -0.00489982 0)
(0.0226369 -0.00500999 0)
(0.0254213 -0.00507947 0)
(0.0281937 -0.00510626 0)
(0.0309358 -0.00508889 0)
(0.0336294 -0.00502647 0)
(0.0362561 -0.00491876 0)
(0.0387978 -0.00476623 0)
(0.0412369 -0.00457005 0)
(0.0435566 -0.00433216 0)
(0.0457411 -0.00405521 0)
(0.0477759 -0.00374251 0)
(0.0496479 -0.00339799 0)
(0.0513453 -0.00302606 0)
(0.052858 -0.00263155 0)
(0.0541777 -0.00221955 0)
(0.0552973 -0.00179533 0)
(0.0562114 -0.00136422 0)
(0.0569158 -0.000931565 0)
(0.0574076 -0.000502635 0)
(0.0576851 -8.26048e-05 0)
(0.0577477 0.000323462 0)
(0.0575957 0.000710609 0)
(0.0572309 0.00107398 0)
(0.0566561 0.00140881 0)
(0.0558757 0.00171043 0)
(0.0548962 0.0019743 0)
(0.0537262 0.00219614 0)
(0.0523773 0.00237213 0)
(0.0508644 0.00249921 0)
(0.0492062 0.00257553 0)
(0.0474256 0.00260087 0)
(0.0455498 0.00257706 0)
(0.0436097 0.00250818 0)
(0.0416391 0.00240044 0)
(0.0396729 0.00226178 0)
(0.0377455 0.00210127 0)
(0.0358883 0.00192827 0)
(0.0341279 0.00175151 0)
(0.0324849 0.0015783 0)
(0.0309737 0.00141393 0)
(0.0296019 0.00126145 0)
(0.0283718 0.00112196 0)
(0.0272812 0.000995145 0)
(0.0263247 0.000879838 0)
(0.0254948 0.000774487 0)
(0.0247833 0.000677336 0)
(0.0241822 0.000586469 0)
(0.0236843 0.00049982 0)
(0.0232833 0.00041522 0)
(0.0229742 0.000330525 0)
(0.0227531 0.000243764 0)
(0.0226173 0.00015329 0)
(0.0225645 5.7895e-05 0)
(0.0225931 -4.31275e-05 0)
(0.022702 -0.000149957 0)
(0.0228898 -0.000262264 0)
(0.0231552 -0.000379248 0)
(0.0234966 -0.000499707 0)
(0.0239118 -0.000622097 0)
(0.0243981 -0.000744618 0)
(0.0249522 -0.000865279 0)
(0.0255699 -0.000981976 0)
(0.0262464 -0.00109255 0)
(0.0269762 -0.00119486 0)
(0.0277529 -0.00128684 0)
(0.0285698 -0.00136654 0)
(0.0294191 -0.00143221 0)
(0.0302928 -0.00148231 0)
(0.0311825 -0.00151561 0)
(0.0320793 -0.00153121 0)
(0.0329741 -0.00152859 0)
(0.0338579 -0.00150764 0)
(0.0347218 -0.00146872 0)
(0.0355571 -0.00141262 0)
(0.0363555 -0.00134061 0)
(0.0371095 -0.00125442 0)
(0.0378123 -0.00115616 0)
(0.0384581 -0.00104829 0)
(0.0390423 -0.000933535 0)
(0.0395612 -0.00081479 0)
(0.0400129 -0.000695001 0)
(0.0403966 -0.000577053 0)
(0.0407129 -0.000463647 0)
(0.040964 -0.000357192 0)
(0.0411532 -0.000259713 0)
(0.0412851 -0.000172775 0)
(0.0413655 -9.74472e-05 0)
(0.0414007 -3.42959e-05 0)
(0.0413978 1.65949e-05 0)
(0.0413641 5.55709e-05 0)
(0.041307 8.33384e-05 0)
(0.0412335 0.000100883 0)
(0.0411504 0.00010939 0)
(0.0410634 0.000110164 0)
(0.0409777 0.000104566 0)
(0.0408976 9.39549e-05 0)
(0.0408262 7.96442e-05 0)
(0.0407659 6.28681e-05 0)
(0.0407181 4.4755e-05 0)
(0.0406835 2.63081e-05 0)
(0.0406621 8.39095e-06 0)
(0.0406532 -8.28124e-06 0)
(0.0406558 -2.31469e-05 0)
(0.0406684 -3.57978e-05 0)
(0.0406893 -4.59748e-05 0)
(0.0407167 -5.35588e-05 0)
(0.0407489 -5.85576e-05 0)
(0.040784 -6.10891e-05 0)
(0.0408205 -6.13622e-05 0)
(0.0408568 -5.96553e-05 0)
(0.0408917 -5.62948e-05 0)
(0.0409241 -5.16335e-05 0)
(0.0409535 -4.60309e-05 0)
(0.0409791 -3.98355e-05 0)
(0.0410008 -3.33698e-05 0)
(0.0410184 -2.69196e-05 0)
(0.0410321 -2.07255e-05 0)
(0.0410422 -1.49791e-05 0)
(0.0410489 -9.8215e-06 0)
(0.0410526 -5.34488e-06 0)
(0.041054 -1.59653e-06 0)
(0.0410533 1.41577e-06 0)
(0.0410512 3.71721e-06 0)
(0.041048 5.35879e-06 0)
(0.0410441 6.41021e-06 0)
(0.0410398 6.95305e-06 0)
(0.0410354 7.07469e-06 0)
(0.0410312 6.86302e-06 0)
(0.0410272 6.40219e-06 0)
(0.0410237 5.76941e-06 0)
(0.0410206 5.03271e-06 0)
(0.041018 4.24963e-06 0)
(0.0410159 3.46678e-06 0)
(0.0410143 2.71998e-06 0)
(0.041013 2.03493e-06 0)
(0.0410122 1.42832e-06 0)
(0.0410117 9.09051e-07 0)
(0.0410114 4.79662e-07 0)
(0.0410113 1.37718e-07 0)
(0.0410114 -1.22867e-07 0)
(0.0410116 -3.10629e-07 0)
(0.0410119 -4.35516e-07 0)
(0.0410122 -5.08034e-07 0)
(0.0410125 -5.38575e-07 0)
(0.0410129 -5.36919e-07 0)
(0.0410132 -5.11883e-07 0)
(0.0410134 -4.71235e-07 0)
(0.0410137 -4.21014e-07 0)
(0.0410139 -3.67811e-07 0)
(0.0410141 -3.11716e-07 0)
(0.0410142 -2.62648e-07 0)
(0.0410143 -2.16191e-07 0)
(-0.000307209 0.00124451 0)
(-0.00152239 0.00228329 0)
(-0.00288036 0.00269467 0)
(-0.00415405 0.00271819 0)
(-0.00526234 0.00266393 0)
(-0.00625493 0.00255417 0)
(-0.00711708 0.00244682 0)
(-0.00788183 0.00233664 0)
(-0.00854975 0.0022356 0)
(-0.00913657 0.00214286 0)
(-0.00964616 0.00206089 0)
(-0.0100857 0.00198905 0)
(-0.0104578 0.00192663 0)
(-0.0107647 0.00187184 0)
(-0.0110064 0.00182233 0)
(-0.0111819 0.00177506 0)
(-0.0112886 0.00172647 0)
(-0.0113228 0.00167254 0)
(-0.0112799 0.001609 0)
(-0.0111543 0.00153142 0)
(-0.0109401 0.00143545 0)
(-0.0106308 0.00131702 0)
(-0.01022 0.0011725 0)
(-0.00970132 0.000998874 0)
(-0.00906879 0.000793852 0)
(-0.0083169 0.000555978 0)
(-0.00744084 0.00028465 0)
(-0.00643653 -1.98699e-05 0)
(-0.00530076 -0.000356497 0)
(-0.00403114 -0.000723384 0)
(-0.00262624 -0.001118 0)
(-0.00108549 -0.00153725 0)
(0.000590724 -0.00197751 0)
(0.00240113 -0.00243477 0)
(0.00434353 -0.00290469 0)
(0.00641476 -0.0033827 0)
(0.00861073 -0.00386398 0)
(0.0109264 -0.00434361 0)
(0.0133556 -0.00481654 0)
(0.0158912 -0.00527763 0)
(0.0185251 -0.00572172 0)
(0.0212479 -0.00614365 0)
(0.0240493 -0.00653825 0)
(0.0269178 -0.00690047 0)
(0.0298408 -0.00722534 0)
(0.0328046 -0.00750805 0)
(0.0357947 -0.00774402 0)
(0.0387954 -0.007929 0)
(0.0417904 -0.0080591 0)
(0.0447626 -0.00813094 0)
(0.0476945 -0.00814175 0)
(0.0505684 -0.00808949 0)
(0.0533664 -0.00797296 0)
(0.0560712 -0.00779191 0)
(0.058666 -0.00754711 0)
(0.061135 -0.0072404 0)
(0.0634637 -0.00687466 0)
(0.0656392 -0.00645383 0)
(0.0676502 -0.00598273 0)
(0.0694875 -0.00546703 0)
(0.0711437 -0.00491298 0)
(0.0726131 -0.00432728 0)
(0.073892 -0.00371686 0)
(0.0749781 -0.00308872 0)
(0.0758705 -0.00244977 0)
(0.0765692 -0.00180669 0)
(0.0770749 -0.00116585 0)
(0.0773889 -0.000533325 0)
(0.0775128 8.51762e-05 0)
(0.0774481 0.000684223 0)
(0.0771964 0.00125862 0)
(0.0767592 0.00180334 0)
(0.0761377 0.00231343 0)
(0.0753335 0.00278396 0)
(0.0743483 0.00320996 0)
(0.0731841 0.00358646 0)
(0.071844 0.00390854 0)
(0.0703326 0.00417151 0)
(0.0686565 0.00437111 0)
(0.0668253 0.00450388 0)
(0.0648521 0.00456754 0)
(0.0627547 0.00456138 0)
(0.0605557 0.00448677 0)
(0.058283 0.00434758 0)
(0.0559688 0.00415045 0)
(0.0536492 0.00390477 0)
(0.0513616 0.00362218 0)
(0.0491435 0.0033156 0)
(0.0470292 0.00299802 0)
(0.0450483 0.00268114 0)
(0.0432236 0.00237432 0)
(0.0415708 0.00208395 0)
(0.0400982 0.00181334 0)
(0.038808 0.00156294 0)
(0.037697 0.00133106 0)
(0.0367587 0.00111457 0)
(0.0359843 0.000909663 0)
(0.0353639 0.00071249 0)
(0.0348875 0.000519564 0)
(0.0345457 0.000328026 0)
(0.0343297 0.00013576 0)
(0.0342316 -5.85745e-05 0)
(0.0342443 -0.000255559 0)
(0.0343614 -0.000455069 0)
(0.0345768 -0.000656339 0)
(0.0348847 -0.000858039 0)
(0.0352794 -0.00105837 0)
(0.0357551 -0.00125516 0)
(0.0363057 -0.00144595 0)
(0.0369249 -0.00162809 0)
(0.037606 -0.00179885 0)
(0.0383419 -0.00195546 0)
(0.0391251 -0.00209525 0)
(0.0399477 -0.00221568 0)
(0.0408015 -0.00231444 0)
(0.041678 -0.00238953 0)
(0.0425683 -0.0024393 0)
(0.0434636 -0.00246258 0)
(0.0443549 -0.00245867 0)
(0.0452335 -0.00242744 0)
(0.0460908 -0.00236938 0)
(0.0469187 -0.00228558 0)
(0.0477097 -0.00217776 0)
(0.048457 -0.00204823 0)
(0.0491547 -0.00189987 0)
(0.0497977 -0.00173602 0)
(0.0503822 -0.0015604 0)
(0.0509053 -0.00137699 0)
(0.0513652 -0.00118989 0)
(0.0517614 -0.00100322 0)
(0.0520943 -0.000820928 0)
(0.0523654 -0.000646727 0)
(0.0525771 -0.000483927 0)
(0.0527328 -0.000335352 0)
(0.0528367 -0.000203253 0)
(0.0528938 -8.92418e-05 0)
(0.0529094 5.74207e-06 0)
(0.0528897 8.14353e-05 0)
(0.052841 0.000138223 0)
(0.0527698 0.00017708 0)
(0.0526826 0.000199482 0)
(0.0525857 0.000207296 0)
(0.0524847 0.000202667 0)
(0.0523849 0.000187892 0)
(0.0522907 0.000165313 0)
(0.0522055 0.000137213 0)
(0.0521321 0.000105735 0)
(0.0520722 7.2825e-05 0)
(0.0520267 4.01808e-05 0)
(0.0519957 9.22729e-06 0)
(0.0519788 -1.88984e-05 0)
(0.0519749 -4.33488e-05 0)
(0.0519824 -6.35579e-05 0)
(0.0519996 -7.92239e-05 0)
(0.0520245 -9.02848e-05 0)
(0.0520552 -9.68884e-05 0)
(0.0520897 -9.93565e-05 0)
(0.0521262 -9.81478e-05 0)
(0.0521629 -9.38178e-05 0)
(0.0521985 -8.69808e-05 0)
(0.0522318 -7.82722e-05 0)
(0.0522619 -6.83167e-05 0)
(0.0522883 -5.76994e-05 0)
(0.0523105 -4.69441e-05 0)
(0.0523285 -3.64972e-05 0)
(0.0523424 -2.67189e-05 0)
(0.0523525 -1.78792e-05 0)
(0.052359 -1.01597e-05 0)
(0.0523625 -3.66056e-06 0)
(0.0523634 1.59077e-06 0)
(0.0523624 5.62736e-06 0)
(0.0523597 8.53018e-06 0)
(0.0523561 1.0415e-05 0)
(0.0523518 1.14202e-05 0)
(0.0523471 1.16952e-05 0)
(0.0523425 1.13915e-05 0)
(0.052338 1.06542e-05 0)
(0.052334 9.61687e-06 0)
(0.0523304 8.39701e-06 0)
(0.0523273 7.09404e-06 0)
(0.0523247 5.78832e-06 0)
(0.0523227 4.54148e-06 0)
(0.0523211 3.39765e-06 0)
(0.05232 2.38534e-06 0)
(0.0523193 1.51971e-06 0)
(0.0523189 8.04972e-07 0)
(0.0523188 2.36882e-07 0)
(0.0523188 -1.95e-07 0)
(0.052319 -5.05219e-07 0)
(0.0523192 -7.10656e-07 0)
(0.0523196 -8.29064e-07 0)
(0.0523199 -8.77933e-07 0)
(0.0523203 -8.73662e-07 0)
(0.0523206 -8.31001e-07 0)
(0.0523209 -7.62741e-07 0)
(0.0523212 -6.7949e-07 0)
(0.0523214 -5.90383e-07 0)
(0.0523216 -4.99861e-07 0)
(0.0523218 -4.20034e-07 0)
(0.0523219 -3.391e-07 0)
(-0.000409386 0.00246409 0)
(-0.00173732 0.00377784 0)
(-0.00301746 0.00412464 0)
(-0.00408814 0.00388471 0)
(-0.00486719 0.0036274 0)
(-0.0054654 0.00334201 0)
(-0.0058785 0.00309633 0)
(-0.00616484 0.00287002 0)
(-0.00633177 0.00266878 0)
(-0.0064033 0.00248661 0)
(-0.00638533 0.00232215 0)
(-0.00628686 0.00217222 0)
(-0.00611034 0.00203399 0)
(-0.00585808 0.00190411 0)
(-0.00552972 0.00177886 0)
(-0.00512422 0.00165419 0)
(-0.00463928 0.00152565 0)
(-0.00407207 0.0013886 0)
(-0.00341921 0.00123828 0)
(-0.00267704 0.00106999 0)
(-0.00184178 0.000879228 0)
(-0.000909684 0.000661945 0)
(0.000122842 0.000414639 0)
(0.00125911 0.000134521 0)
(0.00250208 -0.000180389 0)
(0.00385429 -0.000531202 0)
(0.0053178 -0.000918134 0)
(0.00689414 -0.00134052 0)
(0.00858433 -0.00179686 0)
(0.0103888 -0.00228488 0)
(0.0123073 -0.00280159 0)
(0.0143392 -0.0033434 0)
(0.0164828 -0.00390618 0)
(0.0187361 -0.00448533 0)
(0.021096 -0.00507587 0)
(0.0235588 -0.0056725 0)
(0.0261197 -0.00626961 0)
(0.0287732 -0.00686138 0)
(0.0315127 -0.00744178 0)
(0.0343304 -0.00800459 0)
(0.0372176 -0.0085435 0)
(0.0401643 -0.00905211 0)
(0.0431592 -0.00952399 0)
(0.0461902 -0.00995275 0)
(0.0492437 -0.0103321 0)
(0.0523051 -0.0106559 0)
(0.0553588 -0.0109183 0)
(0.0583885 -0.0111139 0)
(0.0613769 -0.0112377 0)
(0.0643065 -0.0112854 0)
(0.0671593 -0.0112536 0)
(0.0699178 -0.0111399 0)
(0.0725649 -0.010943 0)
(0.0750846 -0.0106633 0)
(0.0774621 -0.0103021 0)
(0.0796848 -0.00986253 0)
(0.0817421 -0.00934914 0)
(0.0836259 -0.00876776 0)
(0.0853308 -0.00812537 0)
(0.0868536 -0.00742992 0)
(0.088194 -0.00668995 0)
(0.0893535 -0.00591435 0)
(0.0903356 -0.00511205 0)
(0.091145 -0.00429171 0)
(0.0917873 -0.0034616 0)
(0.0922687 -0.00262937 0)
(0.0925953 -0.00180202 0)
(0.0927729 -0.00098586 0)
(0.0928067 -0.000186596 0)
(0.092701 0.000590614 0)
(0.0924592 0.00134101 0)
(0.0920836 0.00206009 0)
(0.0915755 0.00274346 0)
(0.0909351 0.00338669 0)
(0.0901618 0.00398523 0)
(0.0892545 0.00453433 0)
(0.0882113 0.00502902 0)
(0.0870305 0.00546425 0)
(0.0857105 0.00583492 0)
(0.0842507 0.00613618 0)
(0.0826516 0.00636358 0)
(0.0809159 0.00651345 0)
(0.0790489 0.00658312 0)
(0.0770595 0.00657138 0)
(0.0749607 0.00647879 0)
(0.0727703 0.00630809 0)
(0.0705111 0.00606448 0)
(0.0682109 0.0057556 0)
(0.0659016 0.00539148 0)
(0.0636181 0.00498397 0)
(0.0613963 0.00454606 0)
(0.0592708 0.00409093 0)
(0.0572731 0.00363086 0)
(0.0554297 0.00317624 0)
(0.0537604 0.00273488 0)
(0.0522783 0.00231163 0)
(0.0509899 0.0019085 0)
(0.0498956 0.00152517 0)
(0.0489912 0.00115968 0)
(0.0482687 0.000809208 0)
(0.0477183 0.000470759 0)
(0.0473288 0.000141709 0)
(0.0470885 -0.000179865 0)
(0.0469858 -0.000495018 0)
(0.0470096 -0.000803901 0)
(0.0471493 -0.00110583 0)
(0.0473946 -0.00139938 0)
(0.0477357 -0.00168254 0)
(0.048163 -0.00195284 0)
(0.0486673 -0.00220749 0)
(0.0492393 -0.00244351 0)
(0.0498696 -0.00265783 0)
(0.050549 -0.00284743 0)
(0.051268 -0.00300942 0)
(0.0520171 -0.00314115 0)
(0.0527868 -0.00324034 0)
(0.0535675 -0.00330515 0)
(0.0543497 -0.00333426 0)
(0.0551243 -0.00332703 0)
(0.0558822 -0.00328348 0)
(0.0566152 -0.00320442 0)
(0.0573154 -0.00309145 0)
(0.0579759 -0.00294697 0)
(0.0585908 -0.00277412 0)
(0.0591551 -0.00257674 0)
(0.0596652 -0.00235926 0)
(0.0601187 -0.00212653 0)
(0.0605142 -0.0018837 0)
(0.0608518 -0.00163602 0)
(0.0611325 -0.00138866 0)
(0.0613585 -0.00114656 0)
(0.0615326 -0.000914285 0)
(0.0616585 -0.000695883 0)
(0.0617402 -0.000494815 0)
(0.0617821 -0.000313879 0)
(0.0617888 -0.000155171 0)
(0.0617651 -2.00717e-05 0)
(0.0617156 9.07584e-05 0)
(0.0616451 0.000177359 0)
(0.0615581 0.000240435 0)
(0.0614591 0.000281308 0)
(0.0613525 0.000301838 0)
(0.0612424 0.000304339 0)
(0.0611328 0.00029146 0)
(0.0610271 0.000266074 0)
(0.0609284 0.000231145 0)
(0.0608394 0.000189607 0)
(0.0607618 0.000144254 0)
(0.0606972 9.7644e-05 0)
(0.0606462 5.20228e-05 0)
(0.060609 9.27386e-06 0)
(0.0605851 -2.91125e-05 0)
(0.0605737 -6.20482e-05 0)
(0.0605734 -8.88386e-05 0)
(0.0605828 -0.000109158 0)
(0.0606001 -0.000123014 0)
(0.0606235 -0.000130698 0)
(0.0606511 -0.000132739 0)
(0.0606813 -0.000129841 0)
(0.0607124 -0.000122828 0)
(0.0607432 -0.00011259 0)
(0.0607723 -0.00010003 0)
(0.0607991 -8.60191e-05 0)
(0.0608227 -7.13595e-05 0)
(0.0608428 -5.67553e-05 0)
(0.0608593 -4.27933e-05 0)
(0.0608721 -2.9933e-05 0)
(0.0608814 -1.85045e-05 0)
(0.0608876 -8.714e-06 0)
(0.060891 -6.55296e-07 0)
(0.0608921 5.67495e-06 0)
(0.0608913 1.0359e-05 0)
(0.0608891 1.35392e-05 0)
(0.0608859 1.53989e-05 0)
(0.0608821 1.61452e-05 0)
(0.060878 1.59936e-05 0)
(0.0608738 1.51558e-05 0)
(0.0608699 1.38291e-05 0)
(0.0608663 1.21902e-05 0)
(0.060863 1.03902e-05 0)
(0.0608603 8.5532e-06 0)
(0.0608581 6.77556e-06 0)
(0.0608563 5.12782e-06 0)
(0.060855 3.65693e-06 0)
(0.060854 2.38953e-06 0)
(0.0608534 1.33547e-06 0)
(0.0608531 4.91405e-07 0)
(0.060853 -1.55747e-07 0)
(0.0608531 -6.25682e-07 0)
(0.0608533 -9.42001e-07 0)
(0.0608536 -1.12997e-06 0)
(0.0608539 -1.21477e-06 0)
(0.0608542 -1.2202e-06 0)
(0.0608545 -1.16778e-06 0)
(0.0608548 -1.07627e-06 0)
(0.0608551 -9.61362e-07 0)
(0.0608553 -8.35986e-07 0)
(0.0608555 -7.08999e-07 0)
(0.0608557 -5.94002e-07 0)
(0.0608558 -4.73659e-07 0)
(-0.00070036 0.0030943 0)
(-0.00211545 0.00471265 0)
(-0.00258432 0.00493963 0)
(-0.00281875 0.00449672 0)
(-0.00263796 0.00403142 0)
(-0.0023622 0.00357183 0)
(-0.00192833 0.00317448 0)
(-0.00141956 0.00282295 0)
(-0.000824905 0.00251297 0)
(-0.00016736 0.00223588 0)
(0.000554207 0.00198459 0)
(0.00133387 0.00175338 0)
(0.00217271 0.00153658 0)
(0.00307076 0.00132929 0)
(0.00403035 0.0011265 0)
(0.00505385 0.000923383 0)
(0.00614441 0.000714995 0)
(0.00730523 0.000496445 0)
(0.00853963 0.000262878 0)
(0.00985081 9.62553e-06 0)
(0.0112418 -0.000267684 0)
(0.0127153 -0.000572975 0)
(0.0142738 -0.000909596 0)
(0.0159193 -0.0012802 0)
(0.0176534 -0.00168665 0)
(0.0194775 -0.00212996 0)
(0.0213925 -0.00261026 0)
(0.0233987 -0.00312681 0)
(0.0254961 -0.003678 0)
(0.0276843 -0.00426139 0)
(0.0299622 -0.00487379 0)
(0.0323281 -0.0055113 0)
(0.0347797 -0.0061694 0)
(0.037314 -0.006843 0)
(0.039927 -0.0075265 0)
(0.042614 -0.00821388 0)
(0.0453692 -0.00889869 0)
(0.0481859 -0.00957415 0)
(0.0510562 -0.0102331 0)
(0.0539709 -0.0108682 0)
(0.0569198 -0.0114719 0)
(0.0598913 -0.0120362 0)
(0.0628726 -0.0125534 0)
(0.0658493 -0.0130156 0)
(0.0688062 -0.0134151 0)
(0.0717269 -0.0137442 0)
(0.0745939 -0.0139959 0)
(0.0773893 -0.0141635 0)
(0.0800946 -0.014241 0)
(0.0826914 -0.0142236 0)
(0.0851617 -0.0141075 0)
(0.0874888 -0.0138906 0)
(0.0896574 -0.0135722 0)
(0.0916547 -0.013154 0)
(0.0934708 -0.0126393 0)
(0.0950988 -0.0120336 0)
(0.0965358 -0.0113442 0)
(0.0977823 -0.01058 0)
(0.0988425 -0.0097514 0)
(0.0997235 -0.00886934 0)
(0.100435 -0.00794532 0)
(0.10099 -0.00699071 0)
(0.101401 -0.00601642 0)
(0.101681 -0.00503255 0)
(0.101844 -0.00404816 0)
(0.101903 -0.00307116 0)
(0.101869 -0.00210827 0)
(0.101753 -0.00116511 0)
(0.101561 -0.000246327 0)
(0.101302 0.000644223 0)
(0.100978 0.00150325 0)
(0.100593 0.00232781 0)
(0.100147 0.00311509 0)
(0.0996393 0.00386223 0)
(0.0990669 0.00456615 0)
(0.0984264 0.00522342 0)
(0.0977128 0.00583019 0)
(0.0969205 0.00638222 0)
(0.0960432 0.00687485 0)
(0.0950743 0.00730318 0)
(0.0940077 0.00766217 0)
(0.0928375 0.00794689 0)
(0.0915593 0.00815279 0)
(0.0901704 0.00827602 0)
(0.0886704 0.00831381 0)
(0.0870619 0.00826485 0)
(0.0853513 0.00812959 0)
(0.083549 0.00791052 0)
(0.08167 0.00761228 0)
(0.0797336 0.00724163 0)
(0.0777634 0.00680725 0)
(0.0757867 0.00631941 0)
(0.0738328 0.00578947 0)
(0.0719321 0.00522924 0)
(0.0701142 0.00465028 0)
(0.0684063 0.00406325 0)
(0.0668318 0.00347733 0)
(0.0654091 0.00289982 0)
(0.0641511 0.00233601 0)
(0.0630652 0.00178929 0)
(0.0621534 0.00126146 0)
(0.0614136 0.000753152 0)
(0.0608397 0.000264354 0)
(0.0604234 -0.00020517 0)
(0.0601543 -0.000655507 0)
(0.0600212 -0.00108635 0)
(0.0600121 -0.00149685 0)
(0.0601149 -0.0018856 0)
(0.0603174 -0.00225066 0)
(0.0606076 -0.00258964 0)
(0.0609738 -0.00289982 0)
(0.0614042 -0.00317828 0)
(0.0618875 -0.00342203 0)
(0.0624123 -0.00362816 0)
(0.0629675 -0.003794 0)
(0.0635422 -0.00391723 0)
(0.0641259 -0.00399602 0)
(0.0647082 -0.00402919 0)
(0.0652796 -0.00401631 0)
(0.0658308 -0.00395782 0)
(0.0663535 -0.00385506 0)
(0.0668402 -0.00371037 0)
(0.0672847 -0.00352706 0)
(0.0676817 -0.00330933 0)
(0.0680273 -0.00306225 0)
(0.0683192 -0.00279154 0)
(0.0685561 -0.00250342 0)
(0.0687382 -0.00220441 0)
(0.0688671 -0.00190106 0)
(0.0689454 -0.00159977 0)
(0.0689767 -0.00130654 0)
(0.0689656 -0.0010268 0)
(0.0689171 -0.000765243 0)
(0.0688367 -0.000525744 0)
(0.06873 -0.000311293 0)
(0.0686026 -0.000123982 0)
(0.0684599 3.49675e-05 0)
(0.0683069 0.000165158 0)
(0.068148 0.000266941 0)
(0.0679872 0.000341339 0)
(0.067828 0.000389963 0)
(0.067673 0.000414926 0)
(0.0675248 0.00041876 0)
(0.0673853 0.000404321 0)
(0.0672561 0.000374699 0)
(0.0671385 0.000333114 0)
(0.0670333 0.000282812 0)
(0.0669414 0.00022696 0)
(0.066863 0.000168544 0)
(0.0667983 0.000110281 0)
(0.0667469 5.45407e-05 0)
(0.0667084 3.29278e-06 0)
(0.066682 -4.19318e-05 0)
(0.0666666 -8.0052e-05 0)
(0.0666609 -0.00011043 0)
(0.0666636 -0.000132843 0)
(0.0666732 -0.000147446 0)
(0.0666882 -0.000154711 0)
(0.066707 -0.000155369 0)
(0.0667282 -0.000150342 0)
(0.0667507 -0.000140674 0)
(0.0667731 -0.000127462 0)
(0.0667947 -0.000111801 0)
(0.0668147 -9.47292e-05 0)
(0.0668325 -7.71863e-05 0)
(0.0668478 -5.99814e-05 0)
(0.0668604 -4.37744e-05 0)
(0.0668703 -2.90669e-05 0)
(0.0668776 -1.6203e-05 0)
(0.0668825 -5.37938e-06 0)
(0.0668853 3.33896e-06 0)
(0.0668863 9.99806e-06 0)
(0.0668859 1.47319e-05 0)
(0.0668844 1.7739e-05 0)
(0.0668821 1.9259e-05 0)
(0.0668793 1.95528e-05 0)
(0.0668763 1.88841e-05 0)
(0.0668732 1.75059e-05 0)
(0.0668702 1.56489e-05 0)
(0.0668675 1.3515e-05 0)
(0.0668652 1.12731e-05 0)
(0.0668631 9.05777e-06 0)
(0.0668615 6.96997e-06 0)
(0.0668602 5.07992e-06 0)
(0.0668592 3.43059e-06 0)
(0.0668585 2.04202e-06 0)
(0.0668581 9.15949e-07 0)
(0.0668579 4.01948e-08 0)
(0.0668578 -6.0715e-07 0)
(0.0668579 -1.0541e-06 0)
(0.066858 -1.33169e-06 0)
(0.0668582 -1.47157e-06 0)
(0.0668585 -1.50413e-06 0)
(0.0668587 -1.45721e-06 0)
(0.066859 -1.3553e-06 0)
(0.0668592 -1.21916e-06 0)
(0.0668594 -1.06579e-06 0)
(0.0668596 -9.08028e-07 0)
(0.0668597 -7.60646e-07 0)
(0.0668598 -6.02191e-07 0)
(-0.000178814 0.00562717 0)
(-0.000128891 0.00562213 0)
(0.00102698 0.00501186 0)
(0.00223744 0.00397698 0)
(0.00371944 0.00325658 0)
(0.00517647 0.00268233 0)
(0.00668518 0.00221247 0)
(0.00817716 0.0018177 0)
(0.00967237 0.00146994 0)
(0.0111609 0.00115858 0)
(0.0126514 0.000871908 0)
(0.0141471 0.000603349 0)
(0.0156551 0.000346242 0)
(0.0171809 9.53608e-05 0)
(0.0187311 -0.000154466 0)
(0.0203114 -0.000408026 0)
(0.0219275 -0.000670068 0)
(0.0235848 -0.000945199 0)
(0.025288 -0.00123792 0)
(0.0270414 -0.0015525 0)
(0.028849 -0.00189295 0)
(0.0307138 -0.00226282 0)
(0.0326387 -0.00266516 0)
(0.0346255 -0.00310238 0)
(0.036676 -0.00357614 0)
(0.0387911 -0.00408731 0)
(0.0409713 -0.00463591 0)
(0.0432164 -0.00522107 0)
(0.0455259 -0.00584102 0)
(0.0478984 -0.00649314 0)
(0.050332 -0.00717394 0)
(0.0528241 -0.00787916 0)
(0.055371 -0.00860379 0)
(0.0579685 -0.00934214 0)
(0.0606111 -0.0100879 0)
(0.0632924 -0.0108342 0)
(0.066005 -0.0115736 0)
(0.0687401 -0.0122983 0)
(0.0714879 -0.0129999 0)
(0.0742369 -0.0136697 0)
(0.0769746 -0.0142986 0)
(0.0796869 -0.0148773 0)
(0.0823582 -0.0153962 0)
(0.0849716 -0.0158459 0)
(0.087509 -0.0162169 0)
(0.0899514 -0.0165004 0)
(0.0922792 -0.0166879 0)
(0.0944725 -0.0167717 0)
(0.0965122 -0.0167454 0)
(0.0983799 -0.016604 0)
(0.100059 -0.0163445 0)
(0.101538 -0.015966 0)
(0.102805 -0.0154703 0)
(0.103855 -0.0148621 0)
(0.10469 -0.0141484 0)
(0.105314 -0.0133391 0)
(0.105737 -0.0124462 0)
(0.105974 -0.0114832 0)
(0.106045 -0.0104646 0)
(0.105971 -0.00940511 0)
(0.105775 -0.00831916 0)
(0.105481 -0.00722008 0)
(0.105113 -0.00611976 0)
(0.104693 -0.00502835 0)
(0.104239 -0.00395415 0)
(0.103768 -0.00290361 0)
(0.103295 -0.00188151 0)
(0.102829 -0.000891175 0)
(0.102378 6.51946e-05 0)
(0.101946 0.000986229 0)
(0.101536 0.00187106 0)
(0.101146 0.00271903 0)
(0.100773 0.00352943 0)
(0.100415 0.0043013 0)
(0.100064 0.00503324 0)
(0.0997135 0.00572335 0)
(0.0993558 0.0063691 0)
(0.0989816 0.00696735 0)
(0.0985816 0.0075144 0)
(0.0981457 0.00800601 0)
(0.0976639 0.00843755 0)
(0.0971259 0.00880413 0)
(0.0965222 0.00910078 0)
(0.0958435 0.00932271 0)
(0.095082 0.00946554 0)
(0.0942315 0.00952564 0)
(0.0932878 0.00950042 0)
(0.0922496 0.00938866 0)
(0.0911189 0.00919075 0)
(0.089901 0.00890888 0)
(0.0886055 0.00854714 0)
(0.0872455 0.00811149 0)
(0.0858378 0.00760958 0)
(0.0844024 0.00705047 0)
(0.0829616 0.00644419 0)
(0.0815387 0.00580132 0)
(0.0801572 0.00513238 0)
(0.0788398 0.00444749 0)
(0.0776065 0.00375591 0)
(0.0764746 0.00306579 0)
(0.0754573 0.00238407 0)
(0.0745641 0.00171646 0)
(0.0738003 0.00106756 0)
(0.0731671 0.000441078 0)
(0.0726626 -0.000159941 0)
(0.0722821 -0.000732863 0)
(0.0720183 -0.00127524 0)
(0.0718625 -0.00178463 0)
(0.0718045 -0.00225852 0)
(0.0718335 -0.00269422 0)
(0.0719379 -0.00308894 0)
(0.0721059 -0.00343977 0)
(0.0723256 -0.00374382 0)
(0.0725851 -0.00399833 0)
(0.072873 -0.00420077 0)
(0.0731777 -0.00434909 0)
(0.0734885 -0.00444176 0)
(0.073795 -0.00447802 0)
(0.0740879 -0.00445801 0)
(0.0743586 -0.00438283 0)
(0.0745994 -0.00425473 0)
(0.0748042 -0.00407704 0)
(0.0749678 -0.00385424 0)
(0.0750868 -0.00359185 0)
(0.0751588 -0.00329631 0)
(0.0751831 -0.00297478 0)
(0.0751601 -0.00263491 0)
(0.0750915 -0.00228461 0)
(0.0749801 -0.00193174 0)
(0.0748295 -0.00158385 0)
(0.0746442 -0.00124796 0)
(0.0744292 -0.00093033 0)
(0.0741899 -0.000636267 0)
(0.0739321 -0.000370048 0)
(0.0736613 -0.000134833 0)
(0.0733833 6.73407e-05 0)
(0.0731034 0.000235518 0)
(0.0728266 0.000369745 0)
(0.0725574 0.000470962 0)
(0.0722996 0.00054087 0)
(0.0720563 0.000581793 0)
(0.0718298 0.000596545 0)
(0.0716218 0.000588299 0)
(0.0714334 0.00056047 0)
(0.071265 0.000516611 0)
(0.0711165 0.000460317 0)
(0.0709874 0.000395129 0)
(0.0708769 0.000324453 0)
(0.0707841 0.000251479 0)
(0.0707077 0.000179106 0)
(0.0706465 0.000109877 0)
(0.0705991 4.59264e-05 0)
(0.070564 -1.10558e-05 0)
(0.0705397 -5.98446e-05 0)
(0.0705249 -9.96797e-05 0)
(0.0705179 -0.000130248 0)
(0.0705174 -0.000151647 0)
(0.0705221 -0.000164337 0)
(0.0705306 -0.000169076 0)
(0.0705418 -0.000166854 0)
(0.0705548 -0.000158817 0)
(0.0705684 -0.000146195 0)
(0.0705822 -0.000130239 0)
(0.0705953 -0.000112153 0)
(0.0706073 -9.30472e-05 0)
(0.070618 -7.38981e-05 0)
(0.0706272 -5.55224e-05 0)
(0.0706346 -3.85617e-05 0)
(0.0706405 -2.34799e-05 0)
(0.0706447 -1.05698e-05 0)
(0.0706475 3.14314e-08 0)
(0.0706491 8.32132e-06 0)
(0.0706496 1.44075e-05 0)
(0.0706492 1.84812e-05 0)
(0.0706483 2.07913e-05 0)
(0.0706468 2.162e-05 0)
(0.0706451 2.12613e-05 0)
(0.0706433 2.00035e-05 0)
(0.0706415 1.81152e-05 0)
(0.0706398 1.58354e-05 0)
(0.0706382 1.33679e-05 0)
(0.0706368 1.0878e-05 0)
(0.0706357 8.49324e-06 0)
(0.0706347 6.30474e-06 0)
(0.070634 4.37151e-06 0)
(0.0706335 2.72483e-06 0)
(0.0706331 1.37339e-06 0)
(0.0706329 3.08407e-07 0)
(0.0706328 -4.91516e-07 0)
(0.0706328 -1.05603e-06 0)
(0.0706328 -1.41934e-06 0)
(0.0706329 -1.61715e-06 0)
(0.070633 -1.68436e-06 0)
(0.0706332 -1.65338e-06 0)
(0.0706333 -1.55306e-06 0)
(0.0706335 -1.40807e-06 0)
(0.0706336 -1.23876e-06 0)
(0.0706337 -1.06095e-06 0)
(0.0706338 -8.90155e-07 0)
(0.0706339 -7.026e-07 0)
(0.00504939 0.0020145 0)
(0.00759263 0.00303483 0)
(0.0125594 0.00257036 0)
(0.0158567 0.00194262 0)
(0.0189958 0.00130522 0)
(0.0217087 0.000786801 0)
(0.0242081 0.000349705 0)
(0.0265285 -1.64261e-05 0)
(0.0287231 -0.000336903 0)
(0.0308208 -0.000625327 0)
(0.0328461 -0.000893956 0)
(0.0348168 -0.00115084 0)
(0.0367479 -0.00140263 0)
(0.0386516 -0.0016546 0)
(0.0405385 -0.00191147 0)
(0.0424178 -0.00217756 0)
(0.0442975 -0.00245702 0)
(0.0461849 -0.00275385 0)
(0.0480861 -0.00307191 0)
(0.0500065 -0.00341489 0)
(0.0519508 -0.00378619 0)
(0.0539229 -0.00418888 0)
(0.0559257 -0.00462555 0)
(0.0579618 -0.0050982 0)
(0.0600328 -0.00560821 0)
(0.0621394 -0.00615616 0)
(0.0642821 -0.00674183 0)
(0.0664601 -0.00736412 0)
(0.0686722 -0.008021 0)
(0.0709163 -0.00870952 0)
(0.0731893 -0.00942581 0)
(0.0754873 -0.0101651 0)
(0.0778053 -0.0109217 0)
(0.0801372 -0.0116891 0)
(0.0824754 -0.0124602 0)
(0.0848115 -0.0132271 0)
(0.0871353 -0.0139811 0)
(0.0894354 -0.0147131 0)
(0.0916989 -0.0154132 0)
(0.0939114 -0.0160711 0)
(0.0960568 -0.016676 0)
(0.0981174 -0.0172165 0)
(0.100074 -0.0176812 0)
(0.101906 -0.0180588 0)
(0.103591 -0.0183383 0)
(0.105109 -0.0185092 0)
(0.106437 -0.0185622 0)
(0.107555 -0.0184895 0)
(0.108446 -0.0182851 0)
(0.109096 -0.0179457 0)
(0.109495 -0.0174709 0)
(0.109641 -0.0168642 0)
(0.109537 -0.0161323 0)
(0.109194 -0.0152858 0)
(0.108633 -0.0143386 0)
(0.107878 -0.0133072 0)
(0.10696 -0.0122098 0)
(0.105914 -0.0110653 0)
(0.104778 -0.00989243 0)
(0.103587 -0.00870872 0)
(0.102378 -0.00752961 0)
(0.101183 -0.00636803 0)
(0.100029 -0.00523414 0)
(0.0989408 -0.00413526 0)
(0.0979359 -0.00307609 0)
(0.0970277 -0.0020591 0)
(0.0962246 -0.00108488 0)
(0.095531 -0.000152706 0)
(0.0949473 0.000739018 0)
(0.0944711 0.00159233 0)
(0.0940973 0.00240934 0)
(0.0938191 0.00319191 0)
(0.093628 0.00394143 0)
(0.0935144 0.00465866 0)
(0.0934678 0.0053436 0)
(0.0934773 0.00599546 0)
(0.0935314 0.00661262 0)
(0.0936184 0.00719269 0)
(0.0937262 0.00773253 0)
(0.0938429 0.00822836 0)
(0.0939564 0.00867587 0)
(0.0940545 0.00907033 0)
(0.0941254 0.00940675 0)
(0.0941576 0.00968006 0)
(0.09414 0.00988533 0)
(0.0940625 0.0100179 0)
(0.093916 0.0100738 0)
(0.093693 0.0100499 0)
(0.0933878 0.00994391 0)
(0.092997 0.00975508 0)
(0.0925202 0.00948399 0)
(0.0919595 0.00913286 0)
(0.0913205 0.00870551 0)
(0.0906118 0.00820738 0)
(0.0898447 0.00764535 0)
(0.0890331 0.00702754 0)
(0.0881928 0.00636297 0)
(0.0873407 0.00566128 0)
(0.0864937 0.00493228 0)
(0.0856685 0.0041857 0)
(0.0848802 0.00343087 0)
(0.0841421 0.00267649 0)
(0.0834646 0.00193055 0)
(0.0828559 0.00120025 0)
(0.0823208 0.000492075 0)
(0.0818616 -0.000188182 0)
(0.0814777 -0.000835269 0)
(0.0811663 -0.00144438 0)
(0.0809226 -0.00201105 0)
(0.0807401 -0.0025311 0)
(0.080611 -0.00300057 0)
(0.0805264 -0.00341574 0)
(0.0804772 -0.00377321 0)
(0.0804534 -0.00406993 0)
(0.0804455 -0.00430333 0)
(0.0804438 -0.00447152 0)
(0.0804394 -0.00457337 0)
(0.0804239 -0.0046087 0)
(0.0803901 -0.00457843 0)
(0.0803316 -0.00448468 0)
(0.0802436 -0.00433083 0)
(0.0801226 -0.00412156 0)
(0.0799666 -0.00386276 0)
(0.0797748 -0.0035614 0)
(0.0795479 -0.00322537 0)
(0.0792879 -0.00286321 0)
(0.0789974 -0.00248384 0)
(0.0786801 -0.00209627 0)
(0.0783401 -0.0017093 0)
(0.0779818 -0.00133122 0)
(0.0776098 -0.000969623 0)
(0.0772288 -0.000631153 0)
(0.0768432 -0.000321374 0)
(0.0764575 -4.46689e-05 0)
(0.076076 0.00019582 0)
(0.0757024 0.00039819 0)
(0.0753407 0.000561742 0)
(0.074994 0.000686891 0)
(0.0746654 0.000775059 0)
(0.0743575 0.000828524 0)
(0.0740724 0.000850266 0)
(0.0738115 0.000843795 0)
(0.0735758 0.000812994 0)
(0.0733657 0.000761959 0)
(0.0731809 0.000694862 0)
(0.0730207 0.000615832 0)
(0.0728839 0.000528847 0)
(0.0727691 0.000437646 0)
(0.0726743 0.000345658 0)
(0.0725977 0.000255932 0)
(0.0725371 0.000171092 0)
(0.0724905 9.32977e-05 0)
(0.0724558 2.42186e-05 0)
(0.0724311 -3.49726e-05 0)
(0.0724147 -8.35931e-05 0)
(0.0724048 -0.000121426 0)
(0.0724 -0.000148681 0)
(0.0723991 -0.000165941 0)
(0.072401 -0.000174094 0)
(0.0724048 -0.000174266 0)
(0.0724097 -0.000167742 0)
(0.0724152 -0.000155891 0)
(0.0724208 -0.000140096 0)
(0.0724262 -0.000121689 0)
(0.0724312 -0.0001019 0)
(0.0724356 -8.18134e-05 0)
(0.0724394 -6.23421e-05 0)
(0.0724425 -4.42107e-05 0)
(0.0724449 -2.79522e-05 0)
(0.0724467 -1.3915e-05 0)
(0.0724479 -2.27829e-06 0)
(0.0724486 6.92636e-06 0)
(0.0724489 1.37889e-05 0)
(0.072449 1.84932e-05 0)
(0.0724487 2.12895e-05 0)
(0.0724483 2.24681e-05 0)
(0.0724477 2.23362e-05 0)
(0.0724471 2.11988e-05 0)
(0.0724465 1.9343e-05 0)
(0.0724459 1.70268e-05 0)
(0.0724454 1.44721e-05 0)
(0.0724449 1.18611e-05 0)
(0.0724445 9.3358e-06 0)
(0.0724441 6.99955e-06 0)
(0.0724439 4.92093e-06 0)
(0.0724437 3.1383e-06 0)
(0.0724435 1.66514e-06 0)
(0.0724434 4.95457e-07 0)
(0.0724434 -3.91022e-07 0)
(0.0724434 -1.02413e-06 0)
(0.0724434 -1.43919e-06 0)
(0.0724434 -1.67368e-06 0)
(0.0724434 -1.76464e-06 0)
(0.0724435 -1.74675e-06 0)
(0.0724435 -1.65111e-06 0)
(0.0724436 -1.50446e-06 0)
(0.0724436 -1.32898e-06 0)
(0.0724437 -1.14206e-06 0)
(0.0724437 -9.59518e-07 0)
(0.0724437 -7.56822e-07 0)
(0.034449 -2.701e-06 0)
(0.0346079 -0.000149141 0)
(0.0349324 -0.000268279 0)
(0.0353746 -0.000332063 0)
(0.0358819 -0.000371429 0)
(0.0365365 -0.000448825 0)
(0.0372192 -0.000330739 0)
(0.0379163 -0.000780275 0)
(0.0908642 -6.32007e-06 0)
(0.0906421 -0.000130675 0)
(0.090578 -0.000297074 0)
(0.090617 -0.000466463 0)
(0.0907683 -0.000649108 0)
(0.0910079 -0.000832257 0)
(0.0913639 -0.0010328 0)
(0.0922574 -0.00170942 0)
(0.128437 -9.87791e-06 0)
(0.128259 -9.36829e-05 0)
(0.128173 -0.000220992 0)
(0.128135 -0.000382726 0)
(0.128126 -0.000571557 0)
(0.128148 -0.000791086 0)
(0.128241 -0.00112698 0)
(0.128245 -0.00155734 0)
(0.147212 -1.37236e-05 0)
(0.147034 -0.000104164 0)
(0.146937 -0.000222187 0)
(0.146873 -0.00036835 0)
(0.146823 -0.000546189 0)
(0.146781 -0.00077424 0)
(0.146723 -0.0010515 0)
(0.146657 -0.00141825 0)
(0.147217 -1.902e-05 0)
(0.147038 -0.000111798 0)
(0.146928 -0.000214675 0)
(0.146841 -0.00033796 0)
(0.146749 -0.000492809 0)
(0.146635 -0.000685797 0)
(0.146486 -0.000932759 0)
(0.146277 -0.00123472 0)
(0.12845 -2.68369e-05 0)
(0.128254 -0.000128003 0)
(0.128112 -0.000217681 0)
(0.127973 -0.000316022 0)
(0.127809 -0.000438299 0)
(0.127606 -0.000596007 0)
(0.127346 -0.00079297 0)
(0.12701 -0.00102903 0)
(0.0908861 -4.10169e-05 0)
(0.0906061 -0.000106973 0)
(0.0903855 -0.000141442 0)
(0.090163 -0.00018698 0)
(0.0899109 -0.000262377 0)
(0.0896052 -0.000371869 0)
(0.0892232 -0.00051281 0)
(0.0887411 -0.000676833 0)
(0.0344547 -4.71302e-05 0)
(0.034368 -2.81836e-05 0)
(0.0343092 2.22576e-06 0)
(0.0342463 -2.7412e-07 0)
(0.0341213 -3.43758e-05 0)
(0.0339056 -8.81564e-05 0)
(0.0335832 -0.000148898 0)
(0.0331482 -0.000206051 0)
(0.0406338 -0.00354811 0)
(0.0435787 -0.00327463 0)
(0.0462612 -0.00298277 0)
(0.0488746 -0.00269863 0)
(0.0512826 -0.00257279 0)
(0.0535371 -0.00254517 0)
(0.0556609 -0.00258749 0)
(0.0576805 -0.00267279 0)
(0.0596166 -0.00278659 0)
(0.0614844 -0.00292043 0)
(0.0632964 -0.00307035 0)
(0.0650625 -0.00323479 0)
(0.066791 -0.00341376 0)
(0.0684893 -0.00360822 0)
(0.0701638 -0.00381981 0)
(0.0718205 -0.00405059 0)
(0.0734648 -0.00430298 0)
(0.0751014 -0.00457958 0)
(0.0767347 -0.00488313 0)
(0.0783685 -0.00521632 0)
(0.080006 -0.00558175 0)
(0.0816498 -0.00598176 0)
(0.083302 -0.00641829 0)
(0.0849638 -0.00689285 0)
(0.0866359 -0.0074063 0)
(0.0883183 -0.0079588 0)
(0.09001 -0.00854973 0)
(0.0917093 -0.00917756 0)
(0.0934136 -0.0098398 0)
(0.0951194 -0.010533 0)
(0.0968219 -0.0112525 0)
(0.0985153 -0.0119928 0)
(0.100192 -0.0127473 0)
(0.101844 -0.0135083 0)
(0.10346 -0.0142673 0)
(0.105029 -0.0150149 0)
(0.106537 -0.015741 0)
(0.107968 -0.0164345 0)
(0.109306 -0.0170838 0)
(0.11053 -0.0176763 0)
(0.11162 -0.018199 0)
(0.112555 -0.0186382 0)
(0.113308 -0.0189803 0)
(0.113857 -0.0192121 0)
(0.114177 -0.019321 0)
(0.114245 -0.0192964 0)
(0.114041 -0.0191294 0)
(0.113553 -0.018814 0)
(0.112771 -0.0183481 0)
(0.111698 -0.0177335 0)
(0.110342 -0.0169769 0)
(0.108726 -0.0160901 0)
(0.10688 -0.0150894 0)
(0.104843 -0.0139953 0)
(0.102664 -0.0128307 0)
(0.100393 -0.01162 0)
(0.0980853 -0.0103872 0)
(0.0957923 -0.00915462 0)
(0.093563 -0.00794147 0)
(0.0914405 -0.00676327 0)
(0.0894604 -0.00563142 0)
(0.0876501 -0.00455323 0)
(0.0860292 -0.00353228 0)
(0.0846094 -0.00256897 0)
(0.0833957 -0.00166122 0)
(0.0823875 -0.000805208 0)
(0.0815793 3.97282e-06 0)
(0.0809624 0.00077168 0)
(0.0805257 0.00150323 0)
(0.0802563 0.00220353 0)
(0.0801407 0.00287675 0)
(0.0801646 0.00352621 0)
(0.0803139 0.00415422 0)
(0.0805746 0.00476208 0)
(0.080933 0.00535007 0)
(0.0813758 0.00591747 0)
(0.0818901 0.0064627 0)
(0.0824631 0.0069833 0)
(0.0830826 0.00747612 0)
(0.0837364 0.00793736 0)
(0.0844125 0.00836268 0)
(0.0850991 0.00874735 0)
(0.0857845 0.00908637 0)
(0.0864572 0.00937458 0)
(0.0871058 0.00960682 0)
(0.0877194 0.0097781 0)
(0.0882874 0.00988377 0)
(0.0888001 0.00991972 0)
(0.0892487 0.00988255 0)
(0.0896256 0.00976976 0)
(0.0899248 0.00957991 0)
(0.0901422 0.00931284 0)
(0.0902757 0.00896971 0)
(0.0903256 0.0085531 0)
(0.0902943 0.00806705 0)
(0.0901867 0.00751698 0)
(0.0900097 0.00690954 0)
(0.0897721 0.00625247 0)
(0.0894839 0.00555436 0)
(0.089156 0.00482437 0)
(0.0887996 0.00407202 0)
(0.0884255 0.00330686 0)
(0.0880437 0.00253833 0)
(0.0876629 0.00177556 0)
(0.0872902 0.00102725 0)
(0.0869309 0.000301598 0)
(0.0865882 -0.000393744 0)
(0.0862636 -0.00105165 0)
(0.0859567 -0.00166552 0)
(0.0856654 -0.0022293 0)
(0.0853865 -0.00273744 0)
(0.0851154 -0.00318497 0)
(0.0848469 -0.00356753 0)
(0.0845753 -0.00388151 0)
(0.0842951 -0.00412407 0)
(0.0840006 -0.00429341 0)
(0.0836872 -0.00438879 0)
(0.0833508 -0.00441078 0)
(0.0829886 -0.00436127 0)
(0.0825991 -0.00424361 0)
(0.0821824 -0.0040626 0)
(0.0817397 -0.00382439 0)
(0.0812736 -0.00353634 0)
(0.0807881 -0.00320685 0)
(0.0802876 -0.00284504 0)
(0.0797775 -0.00246047 0)
(0.0792631 -0.0020628 0)
(0.0787499 -0.00166152 0)
(0.0782429 -0.00126561 0)
(0.0777466 -0.000883373 0)
(0.0772649 -0.000522182 0)
(0.0768012 -0.000188367 0)
(0.0763579 0.00011289 0)
(0.075937 0.00037762 0)
(0.0755401 0.000603076 0)
(0.0751681 0.000787733 0)
(0.0748218 0.000931237 0)
(0.0745016 0.00103434 0)
(0.074208 0.00109878 0)
(0.0739408 0.00112718 0)
(0.0737002 0.00112291 0)
(0.0734857 0.00108987 0)
(0.0732969 0.00103239 0)
(0.0731328 0.000955009 0)
(0.0729923 0.000862347 0)
(0.0728741 0.00075895 0)
(0.0727763 0.000649163 0)
(0.072697 0.000537024 0)
(0.0726341 0.000426172 0)
(0.0725854 0.000319786 0)
(0.0725487 0.000220532 0)
(0.0725218 0.000130532 0)
(0.0725027 5.13524e-05 0)
(0.0724895 -1.59919e-05 0)
(0.0724807 -7.10139e-05 0)
(0.0724749 -0.000113717 0)
(0.072471 -0.000144541 0)
(0.0724683 -0.000164297 0)
(0.072466 -0.000174092 0)
(0.0724639 -0.000175248 0)
(0.0724617 -0.000169225 0)
(0.0724593 -0.000157538 0)
(0.0724567 -0.000141688 0)
(0.072454 -0.0001231 0)
(0.0724513 -0.000103071 0)
(0.0724487 -8.27315e-05 0)
(0.0724463 -6.3024e-05 0)
(0.0724442 -4.46891e-05 0)
(0.0724424 -2.82661e-05 0)
(0.072441 -1.41033e-05 0)
(0.07244 -2.37608e-06 0)
(0.0724394 6.88989e-06 0)
(0.072439 1.37909e-05 0)
(0.072439 1.85168e-05 0)
(0.0724392 2.13229e-05 0)
(0.0724395 2.25037e-05 0)
(0.07244 2.23696e-05 0)
(0.0724406 2.12276e-05 0)
(0.0724411 1.93664e-05 0)
(0.0724417 1.70448e-05 0)
(0.0724422 1.44854e-05 0)
(0.0724427 1.18705e-05 0)
(0.0724431 9.34205e-06 0)
(0.0724434 7.00346e-06 0)
(0.0724437 4.92316e-06 0)
(0.0724439 3.13939e-06 0)
(0.072444 1.6655e-06 0)
(0.0724441 4.95382e-07 0)
(0.0724442 -3.91316e-07 0)
(0.0724442 -1.0245e-06 0)
(0.0724442 -1.43956e-06 0)
(0.0724442 -1.67401e-06 0)
(0.0724441 -1.7649e-06 0)
(0.0724441 -1.74695e-06 0)
(0.072444 -1.65125e-06 0)
(0.072444 -1.50456e-06 0)
(0.0724439 -1.32904e-06 0)
(0.0724439 -1.14209e-06 0)
(0.0724439 -9.59535e-07 0)
(0.0724438 -7.56829e-07 0)
(0.0929144 -0.00223573 0)
(0.0929985 -0.00273421 0)
(0.0933273 -0.00302876 0)
(0.0938194 -0.00323984 0)
(0.0944713 -0.00341074 0)
(0.0952237 -0.00356707 0)
(0.0960442 -0.00371822 0)
(0.0969081 -0.00386799 0)
(0.0977998 -0.00401849 0)
(0.0987085 -0.00417153 0)
(0.0996274 -0.00432917 0)
(0.100551 -0.00449376 0)
(0.101478 -0.00466787 0)
(0.102404 -0.00485424 0)
(0.103328 -0.0050557 0)
(0.104251 -0.00527521 0)
(0.105171 -0.00551574 0)
(0.106088 -0.00578029 0)
(0.107003 -0.0060718 0)
(0.107914 -0.00639307 0)
(0.108822 -0.00674671 0)
(0.109727 -0.00713501 0)
(0.110626 -0.00755983 0)
(0.11152 -0.00802251 0)
(0.112405 -0.00852374 0)
(0.11328 -0.00906345 0)
(0.11414 -0.00964069 0)
(0.114982 -0.0102535 0)
(0.1158 -0.010899 0)
(0.116589 -0.0115728 0)
(0.11734 -0.0122697 0)
(0.118045 -0.0129827 0)
(0.118693 -0.0137041 0)
(0.119271 -0.0144245 0)
(0.119764 -0.0151336 0)
(0.120155 -0.01582 0)
(0.120426 -0.0164713 0)
(0.120555 -0.0170742 0)
(0.120518 -0.0176143 0)
(0.120291 -0.0180765 0)
(0.119848 -0.0184449 0)
(0.119162 -0.0187034 0)
(0.118207 -0.0188364 0)
(0.116958 -0.0188297 0)
(0.115398 -0.0186718 0)
(0.113513 -0.0183547 0)
(0.111301 -0.0178749 0)
(0.10877 -0.0172343 0)
(0.10594 -0.0164409 0)
(0.102846 -0.0155088 0)
(0.099536 -0.0144583 0)
(0.0960682 -0.0133147 0)
(0.0925113 -0.0121067 0)
(0.0889386 -0.010864 0)
(0.085424 -0.00961598 0)
(0.0820373 -0.00838932 0)
(0.0788402 -0.00720657 0)
(0.0758827 -0.00608504 0)
(0.0732019 -0.00503625 0)
(0.0708211 -0.00406592 0)
(0.0687512 -0.00317453 0)
(0.0669924 -0.00235832 0)
(0.0655365 -0.00161047 0)
(0.0643691 -0.000922266 0)
(0.0634722 -0.000284216 0)
(0.0628259 0.000313118 0)
(0.0624092 0.000878504 0)
(0.0622016 0.00141965 0)
(0.0621837 0.00194301 0)
(0.0623368 0.00245367 0)
(0.0626438 0.00295539 0)
(0.0630889 0.00345065 0)
(0.0636576 0.00394073 0)
(0.0643365 0.00442585 0)
(0.0651129 0.00490523 0)
(0.0659753 0.00537721 0)
(0.0669127 0.00583939 0)
(0.0679144 0.00628869 0)
(0.0689702 0.00672145 0)
(0.07007 0.00713357 0)
(0.071204 0.00752054 0)
(0.0723621 0.00787755 0)
(0.0735344 0.00819962 0)
(0.0747108 0.00848164 0)
(0.0758812 0.00871853 0)
(0.0770353 0.00890532 0)
(0.0781631 0.00903726 0)
(0.0792546 0.00911002 0)
(0.0803 0.00911973 0)
(0.0812903 0.00906322 0)
(0.0822171 0.00893809 0)
(0.0830728 0.00874293 0)
(0.083851 0.00847736 0)
(0.084547 0.0081422 0)
(0.0851572 0.00773952 0)
(0.0856799 0.0072727 0)
(0.0861151 0.00674636 0)
(0.0864643 0.00616634 0)
(0.0867305 0.00553958 0)
(0.0869181 0.00487393 0)
(0.0870322 0.00417802 0)
(0.0870786 0.00346099 0)
(0.0870635 0.00273234 0)
(0.0869928 0.00200167 0)
(0.0868718 0.00127857 0)
(0.0867055 0.000572419 0)
(0.0864976 -0.000107747 0)
(0.086251 -0.00075331 0)
(0.0859676 -0.00135618 0)
(0.0856481 -0.00190889 0)
(0.0852928 -0.00240466 0)
(0.0849011 -0.00283751 0)
(0.0844722 -0.00320239 0)
(0.0840053 -0.00349529 0)
(0.0835001 -0.0037134 0)
(0.0829567 -0.00385527 0)
(0.0823764 -0.00392091 0)
(0.0817617 -0.00391193 0)
(0.0811164 -0.00383152 0)
(0.0804457 -0.0036845 0)
(0.0797562 -0.00347715 0)
(0.0790554 -0.00321703 0)
(0.0783516 -0.00291274 0)
(0.0776533 -0.00257357 0)
(0.076969 -0.0022092 0)
(0.0763066 -0.00182931 0)
(0.075673 -0.00144334 0)
(0.0750742 -0.00106019 0)
(0.0745145 -0.00068803 0)
(0.0739971 -0.000334135 0)
(0.0735239 -4.80853e-06 0)
(0.0730952 0.000294689 0)
(0.0727108 0.000560169 0)
(0.0723692 0.000788522 0)
(0.0720685 0.000977716 0)
(0.0718064 0.00112677 0)
(0.0715802 0.00123574 0)
(0.0713872 0.00130563 0)
(0.0712246 0.00133838 0)
(0.0710896 0.00133673 0)
(0.0709796 0.00130411 0)
(0.070892 0.00124453 0)
(0.0708243 0.00116238 0)
(0.0707741 0.00106231 0)
(0.070739 0.000949058 0)
(0.0707165 0.00082727 0)
(0.0707044 0.000701381 0)
(0.0707004 0.000575481 0)
(0.0707022 0.000453213 0)
(0.0707079 0.000337698 0)
(0.0707157 0.000231477 0)
(0.070724 0.000136491 0)
(0.0707314 5.40697e-05 0)
(0.070737 -1.50443e-05 0)
(0.0707401 -7.06602e-05 0)
(0.0707404 -0.000113081 0)
(0.0707379 -0.000143036 0)
(0.0707325 -0.000161596 0)
(0.0707248 -0.000170092 0)
(0.0707152 -0.000170028 0)
(0.0707043 -0.000162993 0)
(0.0706925 -0.000150588 0)
(0.0706806 -0.000134354 0)
(0.070669 -0.000115719 0)
(0.0706582 -9.59542e-05 0)
(0.0706484 -7.61426e-05 0)
(0.0706399 -5.71656e-05 0)
(0.070633 -3.96979e-05 0)
(0.0706275 -2.42134e-05 0)
(0.0706234 -1.10008e-05 0)
(0.0706207 -1.84713e-07 0)
(0.0706192 8.24854e-06 0)
(0.0706187 1.4423e-05 0)
(0.070619 1.85451e-05 0)
(0.07062 2.08762e-05 0)
(0.0706214 2.17084e-05 0)
(0.070623 2.1343e-05 0)
(0.0706248 2.00735e-05 0)
(0.0706266 1.81718e-05 0)
(0.0706283 1.58791e-05 0)
(0.0706299 1.34e-05 0)
(0.0706312 1.09007e-05 0)
(0.0706324 8.50834e-06 0)
(0.0706333 6.31419e-06 0)
(0.0706341 4.3769e-06 0)
(0.0706346 2.72746e-06 0)
(0.070635 1.37425e-06 0)
(0.0706352 3.08222e-07 0)
(0.0706353 -4.92235e-07 0)
(0.0706353 -1.05695e-06 0)
(0.0706353 -1.42026e-06 0)
(0.0706352 -1.61796e-06 0)
(0.070635 -1.68502e-06 0)
(0.0706349 -1.65388e-06 0)
(0.0706347 -1.55342e-06 0)
(0.0706346 -1.40831e-06 0)
(0.0706345 -1.23891e-06 0)
(0.0706343 -1.06103e-06 0)
(0.0706342 -8.90198e-07 0)
(0.0706342 -7.02619e-07 0)
(0.128181 -0.00218984 0)
(0.128136 -0.00271248 0)
(0.128075 -0.00311056 0)
(0.128061 -0.00341358 0)
(0.128097 -0.00365854 0)
(0.128181 -0.0038688 0)
(0.1283 -0.00405823 0)
(0.128446 -0.00423501 0)
(0.128611 -0.00440439 0)
(0.128786 -0.00457031 0)
(0.128968 -0.00473614 0)
(0.129151 -0.00490506 0)
(0.129333 -0.00508019 0)
(0.129509 -0.00526466 0)
(0.129678 -0.00546162 0)
(0.129838 -0.00567423 0)
(0.129986 -0.00590567 0)
(0.130119 -0.00615903 0)
(0.130237 -0.00643733 0)
(0.130337 -0.0067434 0)
(0.130415 -0.00707983 0)
(0.130469 -0.00744883 0)
(0.130496 -0.00785215 0)
(0.130492 -0.00829095 0)
(0.130451 -0.0087657 0)
(0.130368 -0.009276 0)
(0.130237 -0.00982051 0)
(0.130051 -0.0103967 0)
(0.1298 -0.011001 0)
(0.129475 -0.0116281 0)
(0.129063 -0.0122713 0)
(0.128552 -0.0129225 0)
(0.127925 -0.0135715 0)
(0.127164 -0.0142067 0)
(0.126249 -0.014815 0)
(0.125155 -0.0153818 0)
(0.123859 -0.0158917 0)
(0.122333 -0.0163283 0)
(0.120553 -0.0166745 0)
(0.11849 -0.0169127 0)
(0.116123 -0.0170257 0)
(0.113429 -0.0169972 0)
(0.110394 -0.016814 0)
(0.107011 -0.0164669 0)
(0.103285 -0.0159526 0)
(0.0992355 -0.0152745 0)
(0.094901 -0.0144426 0)
(0.0903383 -0.013474 0)
(0.0856221 -0.0123923 0)
(0.080842 -0.0112277 0)
(0.0760966 -0.0100152 0)
(0.0714869 -0.00879295 0)
(0.067107 -0.00759838 0)
(0.063037 -0.00646467 0)
(0.0593368 -0.0054172 0)
(0.0560434 -0.00447154 0)
(0.0531718 -0.00363306 0)
(0.0507182 -0.00289829 0)
(0.0486645 -0.00225735 0)
(0.0469839 -0.00169663 0)
(0.0456449 -0.00120125 0)
(0.0446148 -0.000756785 0)
(0.0438623 -0.000350277 0)
(0.0433582 2.93608e-05 0)
(0.0430766 0.000391299 0)
(0.0429947 0.000742946 0)
(0.0430924 0.00109016 0)
(0.0433526 0.00143746 0)
(0.04376 0.00178816 0)
(0.0443016 0.00214452 0)
(0.0449657 0.00250784 0)
(0.0457421 0.00287852 0)
(0.0466212 0.00325613 0)
(0.0475946 0.00363952 0)
(0.0486543 0.00402684 0)
(0.0497926 0.00441564 0)
(0.0510022 0.00480293 0)
(0.0522759 0.00518528 0)
(0.0536064 0.00555883 0)
(0.0549864 0.00591945 0)
(0.0564082 0.00626271 0)
(0.0578641 0.00658402 0)
(0.0593459 0.00687866 0)
(0.0608452 0.00714187 0)
(0.0623531 0.0073689 0)
(0.0638606 0.00755513 0)
(0.0653581 0.00769612 0)
(0.0668362 0.00778772 0)
(0.068285 0.00782619 0)
(0.0696948 0.00780827 0)
(0.0710561 0.00773134 0)
(0.0723597 0.0075935 0)
(0.0735969 0.00739372 0)
(0.0747596 0.00713192 0)
(0.0758407 0.00680908 0)
(0.076834 0.00642729 0)
(0.0777345 0.00598981 0)
(0.0785384 0.00550103 0)
(0.0792431 0.00496647 0)
(0.0798473 0.00439268 0)
(0.0803506 0.00378712 0)
(0.0807536 0.00315803 0)
(0.0810578 0.00251424 0)
(0.0812651 0.00186499 0)
(0.0813778 0.00121977 0)
(0.0813984 0.000588101 0)
(0.0813296 -2.06227e-05 0)
(0.0811738 -0.000597318 0)
(0.0809336 -0.00113338 0)
(0.0806115 -0.00162085 0)
(0.0802104 -0.0020526 0)
(0.0797333 -0.0024225 0)
(0.079184 -0.00272563 0)
(0.0785672 -0.00295842 0)
(0.0778888 -0.00311884 0)
(0.077156 -0.00320654 0)
(0.0763776 -0.0032229 0)
(0.0755638 -0.00317103 0)
(0.0747261 -0.00305573 0)
(0.0738771 -0.00288323 0)
(0.0730299 -0.002661 0)
(0.0721975 -0.00239738 0)
(0.0713924 -0.00210123 0)
(0.0706259 -0.00178159 0)
(0.0699077 -0.0014473 0)
(0.0692456 -0.00110685 0)
(0.0686453 -0.000768051 0)
(0.0681104 -0.000438026 0)
(0.0676425 -0.000123076 0)
(0.0672416 0.00017133 0)
(0.0669058 0.000440555 0)
(0.0666323 0.000680794 0)
(0.0664172 0.000889064 0)
(0.0662558 0.00106321 0)
(0.066143 0.0012019 0)
(0.0660734 0.00130463 0)
(0.0660415 0.00137173 0)
(0.0660419 0.00140435 0)
(0.0660692 0.0014044 0)
(0.0661184 0.00137455 0)
(0.0661845 0.00131806 0)
(0.0662631 0.00123875 0)
(0.0663499 0.00114079 0)
(0.0664411 0.0010286 0)
(0.0665333 0.000906672 0)
(0.0666234 0.000779385 0)
(0.0667088 0.000650892 0)
(0.0667872 0.000524969 0)
(0.0668569 0.000404915 0)
(0.0669166 0.000293477 0)
(0.0669656 0.000192794 0)
(0.0670036 0.000104391 0)
(0.0670306 2.91776e-05 0)
(0.0670472 -3.25071e-05 0)
(0.0670542 -8.08444e-05 0)
(0.0670529 -0.000116461 0)
(0.0670445 -0.00014035 0)
(0.0670305 -0.000153775 0)
(0.0670124 -0.000158189 0)
(0.0669915 -0.000155146 0)
(0.0669693 -0.00014622 0)
(0.0669469 -0.00013294 0)
(0.0669253 -0.000116733 0)
(0.0669052 -9.88809e-05 0)
(0.0668874 -8.04927e-05 0)
(0.066872 -6.24844e-05 0)
(0.0668594 -4.55753e-05 0)
(0.0668495 -3.02922e-05 0)
(0.0668422 -1.69817e-05 0)
(0.0668373 -5.82892e-06 0)
(0.0668345 3.11943e-06 0)
(0.0668335 9.92978e-06 0)
(0.066834 1.47556e-05 0)
(0.0668355 1.78123e-05 0)
(0.0668378 1.93533e-05 0)
(0.0668406 1.965e-05 0)
(0.0668437 1.89738e-05 0)
(0.0668467 1.75829e-05 0)
(0.0668497 1.57114e-05 0)
(0.0668524 1.35635e-05 0)
(0.0668548 1.13091e-05 0)
(0.0668568 9.0833e-06 0)
(0.0668585 6.98718e-06 0)
(0.0668598 5.09082e-06 0)
(0.0668607 3.4369e-06 0)
(0.0668614 2.04518e-06 0)
(0.0668618 9.17062e-07 0)
(0.0668621 4.00866e-08 0)
(0.0668621 -6.07898e-07 0)
(0.066862 -1.0551e-06 0)
(0.0668619 -1.33271e-06 0)
(0.0668617 -1.47249e-06 0)
(0.0668615 -1.50488e-06 0)
(0.0668612 -1.45778e-06 0)
(0.066861 -1.35571e-06 0)
(0.0668607 -1.21944e-06 0)
(0.0668605 -1.06596e-06 0)
(0.0668604 -9.08128e-07 0)
(0.0668602 -7.60698e-07 0)
(0.0668601 -6.02215e-07 0)
(0.146526 -0.00182965 0)
(0.146277 -0.00225174 0)
(0.145968 -0.00263738 0)
(0.145635 -0.00297558 0)
(0.145298 -0.00327061 0)
(0.144965 -0.00353046 0)
(0.144632 -0.00376258 0)
(0.144297 -0.00397318 0)
(0.143955 -0.00416752 0)
(0.143602 -0.00435027 0)
(0.143232 -0.00452571 0)
(0.142844 -0.00469791 0)
(0.142433 -0.00487077 0)
(0.141998 -0.00504806 0)
(0.141536 -0.00523344 0)
(0.141043 -0.00543047 0)
(0.140517 -0.00564259 0)
(0.139955 -0.00587307 0)
(0.139353 -0.00612498 0)
(0.138707 -0.00640112 0)
(0.138012 -0.00670394 0)
(0.137263 -0.00703542 0)
(0.136454 -0.00739699 0)
(0.135576 -0.00778938 0)
(0.134623 -0.00821248 0)
(0.133584 -0.00866522 0)
(0.13245 -0.00914535 0)
(0.131207 -0.00964927 0)
(0.129842 -0.0101719 0)
(0.128341 -0.0107062 0)
(0.126685 -0.0112434 0)
(0.124857 -0.0117727 0)
(0.122835 -0.0122809 0)
(0.120596 -0.0127535 0)
(0.118117 -0.0131744 0)
(0.115373 -0.0135268 0)
(0.112338 -0.0137937 0)
(0.108989 -0.0139585 0)
(0.105306 -0.0140049 0)
(0.101277 -0.0139173 0)
(0.0968955 -0.0136812 0)
(0.0921714 -0.0132848 0)
(0.0871307 -0.0127216 0)
(0.0818224 -0.0119939 0)
(0.0763209 -0.0111152 0)
(0.0707254 -0.0101118 0)
(0.0651535 -0.00902163 0)
(0.0597322 -0.00789176 0)
(0.0545846 -0.00677337 0)
(0.0498171 -0.00571521 0)
(0.0455075 -0.00475628 0)
(0.0416998 -0.00392021 0)
(0.0384047 -0.00321361 0)
(0.035605 -0.00262847 0)
(0.0332646 -0.00214742 0)
(0.0313373 -0.00174946 0)
(0.029774 -0.00141439 0)
(0.0285279 -0.00112531 0)
(0.0275572 -0.000869259 0)
(0.0268264 -0.000636744 0)
(0.0263062 -0.000420764 0)
(0.0259727 -0.000215842 0)
(0.025807 -1.73372e-05 0)
(0.0257934 0.000178943 0)
(0.0259194 0.00037686 0)
(0.0261748 0.00057991 0)
(0.0265508 0.000791123 0)
(0.0270402 0.00101295 0)
(0.0276367 0.00124719 0)
(0.0283348 0.00149493 0)
(0.0291297 0.00175653 0)
(0.030017 0.00203168 0)
(0.0309925 0.00231937 0)
(0.0320522 0.00261802 0)
(0.0331921 0.00292549 0)
(0.034408 0.00323917 0)
(0.0356957 0.00355604 0)
(0.0370505 0.00387274 0)
(0.0384676 0.00418562 0)
(0.0399415 0.00449082 0)
(0.0414666 0.00478429 0)
(0.0430363 0.0050619 0)
(0.0446439 0.00531941 0)
(0.0462821 0.00555262 0)
(0.0479428 0.00575733 0)
(0.0496175 0.00592948 0)
(0.0512975 0.00606517 0)
(0.0529731 0.00616073 0)
(0.0546347 0.00621282 0)
(0.0562723 0.00621849 0)
(0.0578754 0.00617531 0)
(0.0594339 0.0060814 0)
(0.0609375 0.00593561 0)
(0.0623762 0.00573754 0)
(0.0637403 0.00548766 0)
(0.0650209 0.00518742 0)
(0.0662095 0.00483922 0)
(0.0672984 0.00444652 0)
(0.0682811 0.0040138 0)
(0.0691519 0.00354654 0)
(0.0699059 0.00305112 0)
(0.0705397 0.00253475 0)
(0.0710505 0.00200534 0)
(0.0714368 0.00147132 0)
(0.0716979 0.00094144 0)
(0.0718339 0.000424636 0)
(0.0718462 -7.02463e-05 0)
(0.071737 -0.000534644 0)
(0.0715095 -0.000960521 0)
(0.0711682 -0.0013406 0)
(0.0707193 -0.00166861 0)
(0.0701701 -0.00193952 0)
(0.0695302 -0.00214974 0)
(0.0688107 -0.00229732 0)
(0.0680249 -0.00238204 0)
(0.0671879 -0.00240545 0)
(0.0663161 -0.00237078 0)
(0.0654269 -0.00228278 0)
(0.0645381 -0.00214744 0)
(0.0636668 -0.00197161 0)
(0.0628293 -0.00176265 0)
(0.0620398 -0.00152806 0)
(0.0613103 -0.00127519 0)
(0.0606503 -0.00101099 0)
(0.0600664 -0.00074192 0)
(0.0595628 -0.000473827 0)
(0.0591412 -0.000211987 0)
(0.0588011 3.88976e-05 0)
(0.0585403 0.000274662 0)
(0.0583551 0.00049166 0)
(0.0582407 0.000686751 0)
(0.0581914 0.000857315 0)
(0.0582006 0.00100127 0)
(0.0582617 0.00111712 0)
(0.0583673 0.00120398 0)
(0.0585104 0.00126161 0)
(0.0586836 0.00129046 0)
(0.0588797 0.00129167 0)
(0.0590918 0.00126701 0)
(0.0593134 0.00121893 0)
(0.0595382 0.00115036 0)
(0.0597607 0.00106472 0)
(0.0599757 0.000965713 0)
(0.0601789 0.000857203 0)
(0.0603667 0.000743075 0)
(0.0605361 0.000627071 0)
(0.0606851 0.000512653 0)
(0.0608125 0.000402893 0)
(0.0609176 0.000300378 0)
(0.0610007 0.000207156 0)
(0.0610627 0.000124709 0)
(0.0611051 5.39545e-05 0)
(0.0611297 -4.72145e-06 0)
(0.0611388 -5.14142e-05 0)
(0.0611349 -8.66322e-05 0)
(0.0611205 -0.000111218 0)
(0.0610981 -0.000126269 0)
(0.0610702 -0.000133048 0)
(0.061039 -0.000132917 0)
(0.0610064 -0.000127255 0)
(0.0609742 -0.00011741 0)
(0.0609435 -0.00010464 0)
(0.0609156 -9.00851e-05 0)
(0.0608909 -7.47359e-05 0)
(0.06087 -5.94218e-05 0)
(0.060853 -4.48048e-05 0)
(0.0608398 -3.13827e-05 0)
(0.0608303 -1.94989e-05 0)
(0.060824 -9.35689e-06 0)
(0.0608205 -1.03866e-06 0)
(0.0608195 5.47456e-06 0)
(0.0608203 1.02812e-05 0)
(0.0608225 1.35384e-05 0)
(0.0608258 1.54421e-05 0)
(0.0608296 1.62096e-05 0)
(0.0608337 1.60644e-05 0)
(0.0608379 1.52238e-05 0)
(0.0608419 1.38894e-05 0)
(0.0608455 1.22405e-05 0)
(0.0608487 1.04302e-05 0)
(0.0608515 8.58353e-06 0)
(0.0608537 6.79756e-06 0)
(0.0608555 5.143e-06 0)
(0.0608568 3.6668e-06 0)
(0.0608578 2.39546e-06 0)
(0.0608583 1.33863e-06 0)
(0.0608587 4.92724e-07 0)
(0.0608588 -1.55563e-07 0)
(0.0608587 -6.26123e-07 0)
(0.0608585 -9.42722e-07 0)
(0.0608582 -1.13076e-06 0)
(0.0608579 -1.2155e-06 0)
(0.0608576 -1.22081e-06 0)
(0.0608573 -1.16825e-06 0)
(0.060857 -1.07661e-06 0)
(0.0608567 -9.61599e-07 0)
(0.0608565 -8.36139e-07 0)
(0.0608563 -7.09091e-07 0)
(0.0608561 -5.94053e-07 0)
(0.060856 -4.73683e-07 0)
(0.145985 -0.00158587 0)
(0.145609 -0.00194696 0)
(0.145151 -0.00228822 0)
(0.144627 -0.0025951 0)
(0.144051 -0.00286464 0)
(0.143429 -0.00309961 0)
(0.142763 -0.00330494 0)
(0.142055 -0.00348615 0)
(0.141304 -0.00364863 0)
(0.140509 -0.00379743 0)
(0.13967 -0.00393725 0)
(0.138787 -0.00407241 0)
(0.137857 -0.00420692 0)
(0.136879 -0.00434451 0)
(0.135852 -0.00448868 0)
(0.134772 -0.00464271 0)
(0.133637 -0.00480964 0)
(0.132442 -0.00499224 0)
(0.131182 -0.005193 0)
(0.129851 -0.00541402 0)
(0.128442 -0.00565693 0)
(0.126946 -0.00592282 0)
(0.125353 -0.0062121 0)
(0.123654 -0.00652437 0)
(0.121834 -0.00685831 0)
(0.119881 -0.00721149 0)
(0.117779 -0.00758023 0)
(0.115512 -0.00795942 0)
(0.113063 -0.00834227 0)
(0.110411 -0.00872012 0)
(0.107537 -0.0090822 0)
(0.10442 -0.00941547 0)
(0.101039 -0.00970465 0)
(0.0973715 -0.00993249 0)
(0.0933993 -0.0100805 0)
(0.0891082 -0.0101299 0)
(0.0844932 -0.0100629 0)
(0.0795628 -0.00986437 0)
(0.0743435 -0.00952254 0)
(0.0688846 -0.00903133 0)
(0.0632612 -0.00839359 0)
(0.0575746 -0.00762619 0)
(0.0519473 -0.00676386 0)
(0.0465111 -0.00585711 0)
(0.041392 -0.00496374 0)
(0.036696 -0.00413691 0)
(0.0324973 -0.00341495 0)
(0.0288311 -0.00281568 0)
(0.0256943 -0.00233681 0)
(0.0230519 -0.00196111 0)
(0.0208499 -0.00166423 0)
(0.0190269 -0.00142207 0)
(0.0175235 -0.00121585 0)
(0.0162874 -0.00103385 0)
(0.0152755 -0.00087051 0)
(0.0144539 -0.000724031 0)
(0.013797 -0.000593921 0)
(0.0132851 -0.000479348 0)
(0.0129031 -0.000378448 0)
(0.0126391 -0.000288337 0)
(0.0124835 -0.000205437 0)
(0.0124285 -0.000125859 0)
(0.0124678 -4.57163e-05 0)
(0.0125968 3.86491e-05 0)
(0.012812 0.00013052 0)
(0.013111 0.000232707 0)
(0.0134924 0.000347485 0)
(0.0139555 0.000476561 0)
(0.0145002 0.000621052 0)
(0.0151265 0.000781488 0)
(0.0158346 0.000957823 0)
(0.0166246 0.00114946 0)
(0.0174964 0.0013553 0)
(0.0184494 0.00157377 0)
(0.0194828 0.00180286 0)
(0.0205952 0.00204022 0)
(0.0217846 0.00228318 0)
(0.0230482 0.00252879 0)
(0.0243829 0.00277391 0)
(0.0257846 0.00301523 0)
(0.0272486 0.00324932 0)
(0.0287696 0.00347269 0)
(0.0303413 0.0036818 0)
(0.0319568 0.00387314 0)
(0.0336087 0.00404324 0)
(0.0352886 0.00418873 0)
(0.0369877 0.0043064 0)
(0.0386963 0.00439323 0)
(0.0404044 0.00444649 0)
(0.0421014 0.00446376 0)
(0.0437763 0.00444301 0)
(0.0454179 0.00438271 0)
(0.0470146 0.00428187 0)
(0.0485551 0.00414016 0)
(0.0500277 0.00395795 0)
(0.0514215 0.00373637 0)
(0.0527255 0.00347741 0)
(0.0539297 0.00318392 0)
(0.0550245 0.00285964 0)
(0.0560013 0.00250915 0)
(0.0568525 0.00213784 0)
(0.0575718 0.00175186 0)
(0.058154 0.00135792 0)
(0.0585955 0.000963221 0)
(0.0588941 0.000575225 0)
(0.0590496 0.000201457 0)
(0.0590635 -0.000150734 0)
(0.0589394 -0.000474434 0)
(0.0586834 -0.000763431 0)
(0.0583038 -0.00101249 0)
(0.0578117 -0.0012176 0)
(0.0572207 -0.00137618 0)
(0.0565466 -0.0014872 0)
(0.0558075 -0.00155121 0)
(0.0550229 -0.00157027 0)
(0.054213 -0.0015477 0)
(0.0533979 -0.00148781 0)
(0.0525971 -0.00139555 0)
(0.0518281 -0.00127613 0)
(0.0511065 -0.00113477 0)
(0.050445 -0.000976454 0)
(0.0498536 -0.000805824 0)
(0.0493393 -0.000627137 0)
(0.0489068 -0.00044429 0)
(0.048558 -0.000260866 0)
(0.0482929 -8.01873e-05 0)
(0.0481098 9.46444e-05 0)
(0.0480055 0.000260728 0)
(0.0479754 0.000415366 0)
(0.048014 0.000556094 0)
(0.0481152 0.000680714 0)
(0.048272 0.000787353 0)
(0.0484771 0.000874515 0)
(0.0487227 0.000941134 0)
(0.0490008 0.000986632 0)
(0.0493034 0.00101095 0)
(0.0496226 0.00101458 0)
(0.0499505 0.000998555 0)
(0.0502797 0.000964438 0)
(0.0506033 0.000914266 0)
(0.050915 0.000850476 0)
(0.0512092 0.000775809 0)
(0.0514813 0.000693187 0)
(0.0517276 0.000605594 0)
(0.0519455 0.000515943 0)
(0.0521333 0.000426965 0)
(0.0522904 0.000341099 0)
(0.0524172 0.000260422 0)
(0.0525149 0.000186588 0)
(0.0525855 0.000120813 0)
(0.0526315 6.38672e-05 0)
(0.0526559 1.61064e-05 0)
(0.0526619 -2.24897e-05 0)
(0.0526529 -5.22626e-05 0)
(0.0526322 -7.38124e-05 0)
(0.052603 -8.79347e-05 0)
(0.0525682 -9.55572e-05 0)
(0.0525303 -9.7682e-05 0)
(0.0524915 -9.5334e-05 0)
(0.0524538 -8.95167e-05 0)
(0.0524185 -8.11776e-05 0)
(0.0523866 -7.11805e-05 0)
(0.0523587 -6.02866e-05 0)
(0.0523353 -4.91432e-05 0)
(0.0523165 -3.82783e-05 0)
(0.052302 -2.81019e-05 0)
(0.0522916 -1.89107e-05 0)
(0.0522848 -1.08977e-05 0)
(0.0522812 -4.16407e-06 0)
(0.0522802 1.2671e-06 0)
(0.0522812 5.43633e-06 0)
(0.0522839 8.43292e-06 0)
(0.0522876 1.03808e-05 0)
(0.0522919 1.14257e-05 0)
(0.0522966 1.17234e-05 0)
(0.0523013 1.14303e-05 0)
(0.0523057 1.06957e-05 0)
(0.0523098 9.65611e-06 0)
(0.0523135 8.43134e-06 0)
(0.0523166 7.12234e-06 0)
(0.0523191 5.81048e-06 0)
(0.0523212 4.55803e-06 0)
(0.0523227 3.40941e-06 0)
(0.0523238 2.39326e-06 0)
(0.0523245 1.5247e-06 0)
(0.0523249 8.07844e-07 0)
(0.0523251 2.38303e-07 0)
(0.0523251 -1.9451e-07 0)
(0.0523249 -5.05276e-07 0)
(0.0523246 -7.10993e-07 0)
(0.0523243 -8.29507e-07 0)
(0.0523239 -8.78378e-07 0)
(0.0523236 -8.74055e-07 0)
(0.0523232 -8.31318e-07 0)
(0.0523229 -7.62981e-07 0)
(0.0523227 -6.79662e-07 0)
(0.0523224 -5.905e-07 0)
(0.0523222 -4.99934e-07 0)
(0.0523221 -4.20078e-07 0)
(0.0523219 -3.39122e-07 0)
(0.12658 -0.00129147 0)
(0.126039 -0.00156034 0)
(0.125389 -0.00181466 0)
(0.12464 -0.00204139 0)
(0.123799 -0.00223606 0)
(0.122876 -0.00239994 0)
(0.121876 -0.00253725 0)
(0.120805 -0.00265331 0)
(0.119667 -0.00275345 0)
(0.118465 -0.00284261 0)
(0.117201 -0.00292514 0)
(0.115878 -0.00300484 0)
(0.114496 -0.00308505 0)
(0.113054 -0.00316874 0)
(0.111551 -0.00325853 0)
(0.109984 -0.00335677 0)
(0.108349 -0.0034655 0)
(0.106639 -0.00358646 0)
(0.104848 -0.00372098 0)
(0.102968 -0.00386995 0)
(0.100988 -0.00403372 0)
(0.0988984 -0.00421197 0)
(0.0966853 -0.00440363 0)
(0.0943355 -0.00460672 0)
(0.0918339 -0.00481819 0)
(0.089165 -0.00503378 0)
(0.0863125 -0.00524783 0)
(0.0832602 -0.00545297 0)
(0.0799931 -0.00563994 0)
(0.0764978 -0.00579727 0)
(0.0727646 -0.00591121 0)
(0.0687898 -0.00596604 0)
(0.0645779 -0.00594529 0)
(0.0601457 -0.00583403 0)
(0.055525 -0.00562223 0)
(0.0507651 -0.00530807 0)
(0.0459343 -0.00490022 0)
(0.0411184 -0.00441808 0)
(0.0364186 -0.00388991 0)
(0.0319445 -0.00334918 0)
(0.0278001 -0.00283018 0)
(0.0240638 -0.00236295 0)
(0.0207735 -0.00196764 0)
(0.017926 -0.00165097 0)
(0.0154906 -0.00140679 0)
(0.0134235 -0.00121967 0)
(0.0116771 -0.00106969 0)
(0.010205 -0.000938109 0)
(0.00896403 -0.000812815 0)
(0.00791622 -0.00069069 0)
(0.00703042 -0.000575435 0)
(0.00628231 -0.000472998 0)
(0.00565321 -0.000387801 0)
(0.00512825 -0.00032129 0)
(0.00469484 -0.000272274 0)
(0.00434179 -0.000237941 0)
(0.0040591 -0.000214819 0)
(0.00383818 -0.000199428 0)
(0.003672 -0.000188629 0)
(0.00355531 -0.000179725 0)
(0.00348462 -0.000170413 0)
(0.00345808 -0.000158654 0)
(0.00347536 -0.000142564 0)
(0.00353742 -0.000120343 0)
(0.00364632 -9.02713e-05 0)
(0.003805 -5.07447e-05 0)
(0.00401705 -3.46047e-07 0)
(0.00428649 6.20857e-05 0)
(0.00461756 0.000137391 0)
(0.0050145 0.000226045 0)
(0.00548135 0.000328129 0)
(0.00602181 0.000443321 0)
(0.00663906 0.000570911 0)
(0.00733562 0.000709815 0)
(0.00811332 0.000858614 0)
(0.00897313 0.00101559 0)
(0.00991516 0.00117875 0)
(0.0109386 0.00134592 0)
(0.0120417 0.00151473 0)
(0.0132218 0.00168267 0)
(0.0144752 0.00184716 0)
(0.0157973 0.00200556 0)
(0.0171824 0.00215519 0)
(0.0186243 0.0022934 0)
(0.0201153 0.0024176 0)
(0.0216474 0.00252526 0)
(0.0232114 0.00261398 0)
(0.0247975 0.00268155 0)
(0.0263952 0.00272594 0)
(0.0279931 0.0027454 0)
(0.0295797 0.00273848 0)
(0.0311426 0.00270412 0)
(0.0326693 0.00264168 0)
(0.0341471 0.00255104 0)
(0.0355632 0.0024326 0)
(0.036905 0.0022874 0)
(0.0381601 0.0021171 0)
(0.0393169 0.00192406 0)
(0.0403644 0.0017113 0)
(0.0412927 0.0014825 0)
(0.0420932 0.00124195 0)
(0.0427588 0.000994447 0)
(0.0432844 0.000745176 0)
(0.0436671 0.000499541 0)
(0.0439062 0.000262968 0)
(0.0440039 4.06662e-05 0)
(0.043965 -0.000162615 0)
(0.0437977 -0.000342831 0)
(0.0435126 -0.000496857 0)
(0.0431234 -0.000622647 0)
(0.0426461 -0.000719307 0)
(0.0420984 -0.00078707 0)
(0.0414994 -0.000827164 0)
(0.0408683 -0.000841603 0)
(0.040224 -0.000832928 0)
(0.0395845 -0.000803939 0)
(0.0389658 -0.000757476 0)
(0.0383821 -0.000696259 0)
(0.0378449 -0.000622804 0)
(0.0373638 -0.000539408 0)
(0.0369457 -0.000448173 0)
(0.0365957 -0.000351059 0)
(0.0363166 -0.00024994 0)
(0.0361099 -0.000146648 0)
(0.0359753 -4.30027e-05 0)
(0.0359113 5.91746e-05 0)
(0.0359153 0.000158072 0)
(0.0359834 0.000251906 0)
(0.0361111 0.000338961 0)
(0.0362929 0.00041763 0)
(0.0365226 0.000486467 0)
(0.0367934 0.000544238 0)
(0.0370982 0.000589973 0)
(0.0374294 0.00062301 0)
(0.0377792 0.000643031 0)
(0.03814 0.000650089 0)
(0.0385042 0.000644612 0)
(0.0388646 0.000627398 0)
(0.0392143 0.000599581 0)
(0.0395475 0.00056259 0)
(0.0398588 0.000518079 0)
(0.040144 0.000467852 0)
(0.0403999 0.000413783 0)
(0.0406243 0.000357724 0)
(0.0408162 0.00030143 0)
(0.0409754 0.00024649 0)
(0.041103 0.000194275 0)
(0.0412006 0.0001459 0)
(0.0412707 0.000102206 0)
(0.041316 6.37643e-05 0)
(0.0413399 3.08852e-05 0)
(0.0413458 3.64454e-06 0)
(0.041337 -1.8085e-05 0)
(0.0413169 -3.45972e-05 0)
(0.0412887 -4.63151e-05 0)
(0.0412551 -5.37544e-05 0)
(0.0412186 -5.74891e-05 0)
(0.0411814 -5.81209e-05 0)
(0.0411452 -5.62526e-05 0)
(0.0411111 -5.24664e-05 0)
(0.0410803 -4.73053e-05 0)
(0.0410534 -4.1261e-05 0)
(0.0410306 -3.47637e-05 0)
(0.0410121 -2.81772e-05 0)
(0.0409977 -2.17967e-05 0)
(0.0409871 -1.585e-05 0)
(0.0409801 -1.05006e-05 0)
(0.0409761 -5.85332e-06 0)
(0.0409746 -1.96101e-06 0)
(0.0409751 1.16734e-06 0)
(0.0409772 3.55851e-06 0)
(0.0409805 5.26663e-06 0)
(0.0409844 6.36515e-06 0)
(0.0409887 6.93955e-06 0)
(0.0409931 7.08079e-06 0)
(0.0409973 6.87996e-06 0)
(0.0410013 6.42385e-06 0)
(0.0410048 5.79177e-06 0)
(0.0410079 5.05335e-06 0)
(0.0410106 4.26734e-06 0)
(0.0410127 3.48111e-06 0)
(0.0410143 2.731e-06 0)
(0.0410155 2.04302e-06 0)
(0.0410164 1.43396e-06 0)
(0.0410169 9.12776e-07 0)
(0.0410172 4.81957e-07 0)
(0.0410172 1.39e-07 0)
(0.0410171 -1.22263e-07 0)
(0.0410169 -3.10449e-07 0)
(0.0410167 -4.35577e-07 0)
(0.0410164 -5.08213e-07 0)
(0.041016 -5.38793e-07 0)
(0.0410157 -5.37131e-07 0)
(0.0410154 -5.12067e-07 0)
(0.0410151 -4.71381e-07 0)
(0.0410149 -4.21124e-07 0)
(0.0410147 -3.67889e-07 0)
(0.0410145 -3.11768e-07 0)
(0.0410144 -2.6268e-07 0)
(0.0410142 -2.16206e-07 0)
(0.0881388 -0.000850649 0)
(0.0874062 -0.00101634 0)
(0.0865454 -0.00115876 0)
(0.0855684 -0.00127017 0)
(0.0844907 -0.0013504 0)
(0.0833281 -0.00140424 0)
(0.0820943 -0.00143845 0)
(0.0808001 -0.00145974 0)
(0.0794538 -0.00147377 0)
(0.0780612 -0.00148484 0)
(0.0766255 -0.00149608 0)
(0.0751482 -0.00150972 0)
(0.0736289 -0.00152736 0)
(0.0720656 -0.00155014 0)
(0.0704548 -0.00157888 0)
(0.0687917 -0.00161412 0)
(0.0670703 -0.00165608 0)
(0.0652837 -0.00170466 0)
(0.0634237 -0.00175935 0)
(0.0614817 -0.0018192 0)
(0.0594483 -0.00188272 0)
(0.0573141 -0.00194786 0)
(0.0550699 -0.00201194 0)
(0.0527074 -0.00207162 0)
(0.0502195 -0.002123 0)
(0.047602 -0.00216163 0)
(0.0448543 -0.00218266 0)
(0.0419806 -0.00218113 0)
(0.0389925 -0.0021522 0)
(0.0359102 -0.00209164 0)
(0.0327642 -0.00199645 0)
(0.0295964 -0.00186571 0)
(0.0264578 -0.00170172 0)
(0.0234044 -0.0015112 0)
(0.0204903 -0.00130572 0)
(0.0177608 -0.00110083 0)
(0.0152476 -0.000914018 0)
(0.0129684 -0.000762302 0)
(0.0109289 -0.000657769 0)
(0.00912677 -0.000600311 0)
(0.00755484 -0.000572743 0)
(0.00620032 -0.000546801 0)
(0.00504399 -0.000498995 0)
(0.00406188 -0.000423351 0)
(0.00322865 -0.000331068 0)
(0.00252068 -0.000240192 0)
(0.00191807 -0.000165038 0)
(0.0014055 -0.000111619 0)
(0.000971615 -7.88706e-05 0)
(0.000607133 -6.21138e-05 0)
(0.000303059 -5.58926e-05 0)
(4.99919e-05 -5.54804e-05 0)
(-0.000161499 -5.75146e-05 0)
(-0.000340137 -6.01564e-05 0)
(-0.000493426 -6.28821e-05 0)
(-0.000627469 -6.60033e-05 0)
(-0.000747001 -7.01201e-05 0)
(-0.000855496 -7.5703e-05 0)
(-0.000955282 -8.28819e-05 0)
(-0.00104762 -9.14065e-05 0)
(-0.00113278 -0.000100702 0)
(-0.00121005 -0.000109952 0)
(-0.00127776 -0.000118181 0)
(-0.00133329 -0.000124323 0)
(-0.00137313 -0.000127278 0)
(-0.00139292 -0.000125967 0)
(-0.00138758 -0.000119374 0)
(-0.00135148 -0.000106598 0)
(-0.00127855 -8.68855e-05 0)
(-0.00116258 -5.96715e-05 0)
(-0.000997312 -2.46021e-05 0)
(-0.000776735 1.84459e-05 0)
(-0.000495226 6.93562e-05 0)
(-0.000147738 0.000127774 0)
(0.000270047 0.000193114 0)
(0.000761593 0.000264578 0)
(0.0013294 0.000341173 0)
(0.00197494 0.000421742 0)
(0.00269857 0.000504984 0)
(0.00349952 0.000589489 0)
(0.00437587 0.000673763 0)
(0.00532454 0.000756256 0)
(0.00634128 0.00083539 0)
(0.00742074 0.000909589 0)
(0.00855644 0.0009773 0)
(0.00974086 0.00103703 0)
(0.0109655 0.00108735 0)
(0.0122209 0.00112698 0)
(0.0134967 0.00115474 0)
(0.0147819 0.00116967 0)
(0.0160647 0.001171 0)
(0.017333 0.00115822 0)
(0.0185743 0.00113113 0)
(0.0197757 0.00108982 0)
(0.0209247 0.00103476 0)
(0.0220089 0.000966814 0)
(0.0230165 0.000887211 0)
(0.0239367 0.000797582 0)
(0.0247596 0.000699915 0)
(0.0254772 0.000596505 0)
(0.0260829 0.000489881 0)
(0.0265725 0.000382698 0)
(0.0269441 0.000277617 0)
(0.0271982 0.000177163 0)
(0.0273382 8.35908e-05 0)
(0.0273699 -1.2392e-06 0)
(0.0273016 -7.59526e-05 0)
(0.0271438 -0.000139704 0)
(0.0269088 -0.000192168 0)
(0.02661 -0.000233483 0)
(0.0262614 -0.000264147 0)
(0.0258774 -0.000284908 0)
(0.0254716 -0.000296644 0)
(0.0250569 -0.00030027 0)
(0.0246452 -0.000296664 0)
(0.0242467 -0.000286629 0)
(0.0238704 -0.000270881 0)
(0.0235239 -0.000250055 0)
(0.0232135 -0.000224719 0)
(0.0229441 -0.000195405 0)
(0.0227196 -0.000162636 0)
(0.0225429 -0.000126954 0)
(0.0224158 -8.89442e-05 0)
(0.0223392 -4.92497e-05 0)
(0.0223131 -8.57914e-06 0)
(0.0223367 3.22959e-05 0)
(0.0224082 7.25548e-05 0)
(0.022525 0.000111349 0)
(0.0226837 0.00014783 0)
(0.0228803 0.000181184 0)
(0.0231099 0.000210662 0)
(0.0233672 0.000235616 0)
(0.0236465 0.000255528 0)
(0.0239418 0.000270034 0)
(0.0242468 0.000278943 0)
(0.0245555 0.000282246 0)
(0.0248618 0.000280117 0)
(0.0251601 0.000272902 0)
(0.0254456 0.000261103 0)
(0.0257136 0.000245349 0)
(0.0259607 0.000226363 0)
(0.0261841 0.00020493 0)
(0.0263818 0.00018185 0)
(0.0265529 0.000157909 0)
(0.0266972 0.000133846 0)
(0.0268153 0.000110323 0)
(0.0269083 8.79098e-05 0)
(0.0269783 6.70681e-05 0)
(0.0270272 4.81505e-05 0)
(0.0270577 3.13991e-05 0)
(0.0270724 1.69526e-05 0)
(0.027074 4.85559e-06 0)
(0.0270651 -4.92918e-06 0)
(0.0270483 -1.2507e-05 0)
(0.0270259 -1.80375e-05 0)
(0.0269999 -2.17206e-05 0)
(0.0269721 -2.37837e-05 0)
(0.0269441 -2.44692e-05 0)
(0.026917 -2.40244e-05 0)
(0.0268917 -2.2692e-05 0)
(0.0268689 -2.07023e-05 0)
(0.026849 -1.8267e-05 0)
(0.0268323 -1.55753e-05 0)
(0.0268188 -1.27897e-05 0)
(0.0268083 -1.00456e-05 0)
(0.0268007 -7.45004e-06 0)
(0.0267956 -5.08281e-06 0)
(0.0267928 -2.99826e-06 0)
(0.0267919 -1.22772e-06 0)
(0.0267924 2.1752e-07 0)
(0.0267941 1.34277e-06 0)
(0.0267966 2.16652e-06 0)
(0.0267997 2.71695e-06 0)
(0.026803 3.02871e-06 0)
(0.0268063 3.14001e-06 0)
(0.0268096 3.09005e-06 0)
(0.0268127 2.91701e-06 0)
(0.0268154 2.65642e-06 0)
(0.0268178 2.34001e-06 0)
(0.0268199 1.99501e-06 0)
(0.0268215 1.64383e-06 0)
(0.0268228 1.30401e-06 0)
(0.0268238 9.88498e-07 0)
(0.0268244 7.06009e-07 0)
(0.0268249 4.61617e-07 0)
(0.0268251 2.57338e-07 0)
(0.0268252 9.27559e-08 0)
(0.0268251 -3.4372e-08 0)
(0.026825 -1.2756e-07 0)
(0.0268248 -1.91103e-07 0)
(0.0268245 -2.29674e-07 0)
(0.0268243 -2.47978e-07 0)
(0.026824 -2.50543e-07 0)
(0.0268238 -2.41418e-07 0)
(0.0268235 -2.24469e-07 0)
(0.0268233 -2.02032e-07 0)
(0.0268232 -1.78417e-07 0)
(0.026823 -1.51727e-07 0)
(0.0268229 -1.26878e-07 0)
(0.0268228 -1.10031e-07 0)
(0.0326044 -0.00025068 0)
(0.0319673 -0.000276413 0)
(0.0312613 -0.00028153 0)
(0.0305125 -0.000269845 0)
(0.0297412 -0.000248445 0)
(0.0289599 -0.000224477 0)
(0.0281749 -0.000203035 0)
(0.0273879 -0.000186654 0)
(0.0265986 -0.000175831 0)
(0.0258056 -0.000169895 0)
(0.025007 -0.000167748 0)
(0.0242005 -0.000168313 0)
(0.0233835 -0.000170719 0)
(0.0225534 -0.000174309 0)
(0.0217072 -0.000178571 0)
(0.0208417 -0.000183047 0)
(0.0199542 -0.000187258 0)
(0.0190418 -0.000190651 0)
(0.0181026 -0.000192585 0)
(0.0171352 -0.000192325 0)
(0.0161395 -0.00018908 0)
(0.0151165 -0.000182054 0)
(0.0140691 -0.000170546 0)
(0.0130017 -0.00015408 0)
(0.0119205 -0.000132593 0)
(0.0108335 -0.000106651 0)
(0.00974996 -7.76886e-05 0)
(0.00868011 -4.81973e-05 0)
(0.00763433 -2.17545e-05 0)
(0.00662256 -2.69278e-06 0)
(0.00565391 4.80601e-06 0)
(0.00473671 -1.73896e-06 0)
(0.00387902 -2.13235e-05 0)
(0.00308932 -4.84754e-05 0)
(0.00237649 -7.4204e-05 0)
(0.00174857 -8.90012e-05 0)
(0.0012104 -8.65659e-05 0)
(0.000760473 -6.63719e-05 0)
(0.000388574 -3.37172e-05 0)
(7.70457e-05 2.86846e-06 0)
(-0.000192573 3.52348e-05 0)
(-0.000431335 5.79748e-05 0)
(-0.000639971 6.88432e-05 0)
(-0.000813539 6.81962e-05 0)
(-0.000948859 5.83618e-05 0)
(-0.00104863 4.30626e-05 0)
(-0.00112051 2.66257e-05 0)
(-0.00117347 1.28811e-05 0)
(-0.00121481 4.09996e-06 0)
(-0.0012492 5.63399e-07 0)
(-0.00127927 9.83093e-07 0)
(-0.00130646 3.40924e-06 0)
(-0.00133178 6.06196e-06 0)
(-0.00135612 7.76853e-06 0)
(-0.00138049 8.01685e-06 0)
(-0.00140606 6.79153e-06 0)
(-0.00143413 4.35135e-06 0)
(-0.00146605 1.04054e-06 0)
(-0.00150304 -2.83141e-06 0)
(-0.00154608 -7.04176e-06 0)
(-0.00159582 -1.14552e-05 0)
(-0.0016525 -1.5996e-05 0)
(-0.0017159 -2.06105e-05 0)
(-0.00178529 -2.52354e-05 0)
(-0.00185939 -2.97757e-05 0)
(-0.00193636 -3.40964e-05 0)
(-0.00201378 -3.80234e-05 0)
(-0.00208867 -4.13529e-05 0)
(-0.00215755 -4.3864e-05 0)
(-0.00221651 -4.53349e-05 0)
(-0.0022613 -4.55579e-05 0)
(-0.00228746 -4.4354e-05 0)
(-0.00229045 -4.15848e-05 0)
(-0.00226578 -3.71623e-05 0)
(-0.00220919 -3.10547e-05 0)
(-0.00211671 -2.32901e-05 0)
(-0.0019849 -1.39559e-05 0)
(-0.00181085 -3.19729e-06 0)
(-0.00159237 8.78779e-06 0)
(-0.00132803 2.17548e-05 0)
(-0.00101724 3.54201e-05 0)
(-0.000660273 4.9469e-05 0)
(-0.000258334 6.35652e-05 0)
(0.000186472 7.73598e-05 0)
(0.000671124 9.05011e-05 0)
(0.00119172 0.000102645 0)
(0.0017435 0.000113464 0)
(0.00232096 0.00012266 0)
(0.00291785 0.000129973 0)
(0.00352736 0.000135191 0)
(0.00414216 0.000138163 0)
(0.00475461 0.000138804 0)
(0.00535688 0.000137107 0)
(0.00594115 0.000133142 0)
(0.00649979 0.000127064 0)
(0.0070256 0.000119102 0)
(0.007512 0.000109557 0)
(0.00795326 9.87801e-05 0)
(0.0083447 8.7158e-05 0)
(0.00868283 7.5085e-05 0)
(0.0089655 6.29379e-05 0)
(0.00919194 5.10522e-05 0)
(0.00936282 3.97022e-05 0)
(0.0094801 2.90908e-05 0)
(0.00954697 1.93482e-05 0)
(0.0095676 1.054e-05 0)
(0.00954693 2.68121e-06 0)
(0.00949043 -4.24691e-06 0)
(0.00940378 -1.02825e-05 0)
(0.00929272 -1.54728e-05 0)
(0.00916277 -1.98684e-05 0)
(0.00901915 -2.35206e-05 0)
(0.00886666 -2.64795e-05 0)
(0.00870967 -2.87901e-05 0)
(0.00855209 -3.0488e-05 0)
(0.00839745 -3.15939e-05 0)
(0.00824888 -3.21112e-05 0)
(0.00810921 -3.20263e-05 0)
(0.00798102 -3.13143e-05 0)
(0.00786661 -2.99463e-05 0)
(0.00776806 -2.78998e-05 0)
(0.00768722 -2.51671e-05 0)
(0.00762564 -2.17632e-05 0)
(0.00758457 -1.77296e-05 0)
(0.00756492 -1.31365e-05 0)
(0.00756716 -8.08154e-06 0)
(0.00759136 -2.6869e-06 0)
(0.00763709 2.90602e-06 0)
(0.00770346 8.54275e-06 0)
(0.00778908 1.40629e-05 0)
(0.00789215 1.93077e-05 0)
(0.00801042 2.41274e-05 0)
(0.00814134 2.83883e-05 0)
(0.00828207 3.19785e-05 0)
(0.00842962 3.48129e-05 0)
(0.00858092 3.68365e-05 0)
(0.00873294 3.80255e-05 0)
(0.00888278 3.83878e-05 0)
(0.00902777 3.79605e-05 0)
(0.00916553 3.68071e-05 0)
(0.00929405 3.50131e-05 0)
(0.00941175 3.26798e-05 0)
(0.00951745 2.99196e-05 0)
(0.00961043 2.68492e-05 0)
(0.00969039 2.35848e-05 0)
(0.00975739 2.02371e-05 0)
(0.00981187 1.69071e-05 0)
(0.00985452 1.36836e-05 0)
(0.00988628 1.0641e-05 0)
(0.00990825 7.83854e-06 0)
(0.00992165 5.31999e-06 0)
(0.00992773 3.11435e-06 0)
(0.00992777 1.23677e-06 0)
(0.00992301 -3.09969e-07 0)
(0.00991461 -1.5339e-06 0)
(0.00990366 -2.45207e-06 0)
(0.0098911 -3.08873e-06 0)
(0.00987776 -3.47357e-06 0)
(0.00986435 -3.63992e-06 0)
(0.00985142 -3.62317e-06 0)
(0.00983941 -3.4592e-06 0)
(0.00982862 -3.18309e-06 0)
(0.00981925 -2.82795e-06 0)
(0.0098114 -2.42398e-06 0)
(0.00980508 -1.99783e-06 0)
(0.00980025 -1.57208e-06 0)
(0.0097968 -1.16505e-06 0)
(0.00979459 -7.90731e-07 0)
(0.00979346 -4.59012e-07 0)
(0.00979321 -1.75945e-07 0)
(0.00979368 5.57976e-08 0)
(0.00979469 2.3641e-07 0)
(0.00979608 3.68397e-07 0)
(0.0097977 4.56003e-07 0)
(0.00979944 5.04669e-07 0)
(0.0098012 5.20528e-07 0)
(0.00980288 5.0997e-07 0)
(0.00980444 4.7927e-07 0)
(0.00980584 4.3431e-07 0)
(0.00980705 3.80363e-07 0)
(0.00980806 3.21967e-07 0)
(0.00980888 2.62857e-07 0)
(0.00980951 2.05952e-07 0)
(0.00980998 1.53392e-07 0)
(0.0098103 1.06609e-07 0)
(0.00981049 6.64107e-08 0)
(0.00981058 3.30922e-08 0)
(0.00981059 6.5362e-09 0)
(0.00981054 -1.36808e-08 0)
(0.00981044 -2.81927e-08 0)
(0.00981032 -3.77617e-08 0)
(0.00981018 -4.32015e-08 0)
(0.00981004 -4.53413e-08 0)
(0.0098099 -4.49202e-08 0)
(0.00980977 -4.27338e-08 0)
(0.00980965 -3.9145e-08 0)
(0.00980954 -3.51402e-08 0)
(0.00980944 -3.03832e-08 0)
(0.00980938 -2.44859e-08 0)
(0.00980929 -2.66901e-08 0)
)
;

boundaryField
{
    inlet
    {
        type            fixedProfile;
        profile         table
        
21
(
(0 (0 0 0))
(0.05 (0.0285 0 0))
(0.1 (0.054 0 0))
(0.15 (0.0765 0 0))
(0.2 (0.096 0 0))
(0.25 (0.1125 0 0))
(0.3 (0.126 0 0))
(0.35 (0.1365 0 0))
(0.4 (0.144 0 0))
(0.45 (0.1485 0 0))
(0.5 (0.15 0 0))
(0.55 (0.1485 0 0))
(0.6 (0.144 0 0))
(0.65 (0.1365 0 0))
(0.7 (0.126 0 0))
(0.75 (0.1125 0 0))
(0.8 (0.096 0 0))
(0.85 (0.0765 0 0))
(0.9 (0.054 0 0))
(0.95 (0.0285 0 0))
(1 (0 0 0))
)
;
        direction       (0 1 0);
        origin          1;
        value           nonuniform List<vector> 8((0.034875 0 0) (0.091125 0 0) (0.128625 0 0) (0.147375 0 0) (0.147375 0 0) (0.128625 0 0) (0.091125 0 0) (0.034875 0 0));
    }
    outlet
    {
        type            zeroGradient;
    }
    walls
    {
        type            noSlip;
    }
    symwall
    {
        type            empty;
    }
}


// ************************************************************************* //
