/*--------------------------------*- C++ -*----------------------------------*\
| =========                 |                                                 |
| \\      /  F ield         | OpenFOAM: The Open Source CFD Toolbox           |
|  \\    /   O peration     | Version:  4.1                                   |
|   \\  /    A nd           | Web:      www.OpenFOAM.org                      |
|    \\/     M anipulation  |                                                 |
\*---------------------------------------------------------------------------*/
FoamFile
{
    version     2.0;
    format      ascii;
    class       volVectorField;
    location    "476";
    object      U;
}
// * * * * * * * * * * * * * * * * * * * * * * * * * * * * * * * * * * * * * //

dimensions      [0 1 -1 0 0 0 0];

internalField   nonuniform List<vector> 
3264
(
(-2.61913e-06 -5.12395e-07 0)
(-0.000133066 3.05325e-05 0)
(-0.000389692 4.86378e-05 0)
(-0.000677062 5.09729e-05 0)
(-0.000979235 5.2699e-05 0)
(-0.00128563 5.21059e-05 0)
(-0.00159093 5.3412e-05 0)
(-0.00189655 5.40653e-05 0)
(-0.00219793 5.51852e-05 0)
(-0.00249585 5.58347e-05 0)
(-0.0027878 5.64264e-05 0)
(-0.00307407 5.67196e-05 0)
(-0.0033537 5.68816e-05 0)
(-0.0036269 5.68811e-05 0)
(-0.0038935 5.67999e-05 0)
(-0.00415379 5.66613e-05 0)
(-0.004408 5.65169e-05 0)
(-0.00465651 5.64007e-05 0)
(-0.00489973 5.63525e-05 0)
(-0.00513813 5.64061e-05 0)
(-0.00537218 5.65948e-05 0)
(-0.00560238 5.69484e-05 0)
(-0.00582918 5.74927e-05 0)
(-0.00605299 5.82483e-05 0)
(-0.00627415 5.92284e-05 0)
(-0.00649287 6.04366e-05 0)
(-0.00670921 6.18646e-05 0)
(-0.00692305 6.34897e-05 0)
(-0.00713401 6.52722e-05 0)
(-0.00734148 6.71532e-05 0)
(-0.00754451 6.90541e-05 0)
(-0.00774183 7.08752e-05 0)
(-0.00793184 7.24975e-05 0)
(-0.00811256 7.37842e-05 0)
(-0.00828166 7.45853e-05 0)
(-0.00843646 7.47419e-05 0)
(-0.00857402 7.40935e-05 0)
(-0.00869111 7.24847e-05 0)
(-0.00878432 6.97729e-05 0)
(-0.00885015 6.58362e-05 0)
(-0.00888504 6.05798e-05 0)
(-0.00888549 5.39421e-05 0)
(-0.00884817 4.58988e-05 0)
(-0.00876998 3.64658e-05 0)
(-0.00864813 2.56997e-05 0)
(-0.00848025 1.36979e-05 0)
(-0.00826446 5.95499e-07 0)
(-0.00799938 -1.34375e-05 0)
(-0.00768426 -2.82011e-05 0)
(-0.00731894 -4.34705e-05 0)
(-0.0069039 -5.90017e-05 0)
(-0.00644027 -7.45381e-05 0)
(-0.00592986 -8.98167e-05 0)
(-0.00537507 -0.000104574 0)
(-0.00477893 -0.000118553 0)
(-0.00414504 -0.000131508 0)
(-0.00347752 -0.000143213 0)
(-0.00278097 -0.000153462 0)
(-0.00206037 -0.000162079 0)
(-0.00132107 -0.000168921 0)
(-0.000568647 -0.000173879 0)
(0.00019113 -0.000176883 0)
(0.000952412 -0.000177905 0)
(0.00170936 -0.000176958 0)
(0.00245621 -0.000174097 0)
(0.00318741 -0.000169416 0)
(0.00389766 -0.000163049 0)
(0.00458203 -0.000155161 0)
(0.00523602 -0.000145947 0)
(0.00585562 -0.000135627 0)
(0.00643737 -0.000124434 0)
(0.00697842 -0.000112611 0)
(0.00747653 -0.000100403 0)
(0.00793008 -8.80486e-05 0)
(0.00833812 -7.57744e-05 0)
(0.00870026 -6.37872e-05 0)
(0.00901675 -5.22705e-05 0)
(0.00928835 -4.13798e-05 0)
(0.00951632 -3.12405e-05 0)
(0.00970233 -2.19465e-05 0)
(0.00984845 -1.35609e-05 0)
(0.00995701 -6.11714e-06 0)
(0.0100306 3.7835e-07 0)
(0.0100719 5.94283e-06 0)
(0.0100838 1.06133e-05 0)
(0.0100692 1.44426e-05 0)
(0.0100308 1.74948e-05 0)
(0.00997158 1.98416e-05 0)
(0.00989411 2.15585e-05 0)
(0.00980101 2.27219e-05 0)
(0.0096947 2.34061e-05 0)
(0.00957745 2.3682e-05 0)
(0.00945137 2.36151e-05 0)
(0.00931836 2.32648e-05 0)
(0.00918018 2.26841e-05 0)
(0.00903841 2.19194e-05 0)
(0.00889444 2.10109e-05 0)
(0.00874955 1.99929e-05 0)
(0.00860483 1.88942e-05 0)
(0.00846126 1.7739e-05 0)
(0.00831968 1.65474e-05 0)
(0.00818082 1.5336e-05 0)
(0.0080453 1.41185e-05 0)
(0.00791365 1.29061e-05 0)
(0.00778631 1.17082e-05 0)
(0.00766366 1.05324e-05 0)
(0.00754598 9.38495e-06 0)
(0.0074335 8.27123e-06 0)
(0.00732642 7.19556e-06 0)
(0.00722484 6.16151e-06 0)
(0.00712887 5.172e-06 0)
(0.00703855 4.22937e-06 0)
(0.00695388 3.33536e-06 0)
(0.00687486 2.49123e-06 0)
(0.00680144 1.69771e-06 0)
(0.00673356 9.55031e-07 0)
(0.00667114 2.62949e-07 0)
(0.00661408 -3.79252e-07 0)
(0.00656227 -9.72737e-07 0)
(0.00651558 -1.51909e-06 0)
(0.0064739 -2.02027e-06 0)
(0.00643708 -2.47858e-06 0)
(0.00640499 -2.89661e-06 0)
(0.00637749 -3.27717e-06 0)
(0.00635444 -3.62325e-06 0)
(0.00633569 -3.93793e-06 0)
(0.00632112 -4.22436e-06 0)
(0.00631059 -4.48571e-06 0)
(0.00630396 -4.7251e-06 0)
(0.00630112 -4.94556e-06 0)
(0.00630194 -5.15003e-06 0)
(0.00630632 -5.34134e-06 0)
(0.00631415 -5.52214e-06 0)
(0.00632534 -5.69496e-06 0)
(0.00633979 -5.86216e-06 0)
(0.00635742 -6.02598e-06 0)
(0.00637817 -6.18846e-06 0)
(0.00640196 -6.35152e-06 0)
(0.00642873 -6.51694e-06 0)
(0.00645844 -6.68635e-06 0)
(0.00649102 -6.86122e-06 0)
(0.00652645 -7.04287e-06 0)
(0.00656469 -7.23248e-06 0)
(0.00660569 -7.43104e-06 0)
(0.00664944 -7.63934e-06 0)
(0.00669589 -7.85795e-06 0)
(0.00674501 -8.08723e-06 0)
(0.00679678 -8.32725e-06 0)
(0.00685115 -8.57776e-06 0)
(0.00690808 -8.83822e-06 0)
(0.00696753 -9.10769e-06 0)
(0.00702943 -9.38486e-06 0)
(0.00709372 -9.66802e-06 0)
(0.00716031 -9.955e-06 0)
(0.0072291 -1.02432e-05 0)
(0.00729998 -1.05296e-05 0)
(0.00737282 -1.08108e-05 0)
(0.00744746 -1.1083e-05 0)
(0.00752373 -1.13419e-05 0)
(0.00760142 -1.15831e-05 0)
(0.00768033 -1.1802e-05 0)
(0.0077602 -1.19938e-05 0)
(0.00784077 -1.21537e-05 0)
(0.00792175 -1.2277e-05 0)
(0.00800281 -1.23592e-05 0)
(0.00808364 -1.23964e-05 0)
(0.00816388 -1.23847e-05 0)
(0.00824317 -1.23211e-05 0)
(0.00832114 -1.22031e-05 0)
(0.0083974 -1.20293e-05 0)
(0.00847158 -1.17986e-05 0)
(0.00854329 -1.15112e-05 0)
(0.00861217 -1.1168e-05 0)
(0.00867786 -1.07706e-05 0)
(0.00874002 -1.03219e-05 0)
(0.00879833 -9.82494e-06 0)
(0.00885253 -9.28386e-06 0)
(0.00890235 -8.70318e-06 0)
(0.0089476 -8.08785e-06 0)
(0.0089881 -7.44316e-06 0)
(0.00902375 -6.77457e-06 0)
(0.00905446 -6.0876e-06 0)
(0.00908023 -5.38771e-06 0)
(0.00910107 -4.6802e-06 0)
(0.00911706 -3.97011e-06 0)
(0.00912834 -3.26206e-06 0)
(0.00913507 -2.56003e-06 0)
(0.00913744 -1.86752e-06 0)
(0.0091357 -1.18567e-06 0)
(0.00913011 -5.17799e-07 0)
(0.00912095 1.48424e-07 0)
(0.00910847 7.90277e-07 0)
(0.00909302 1.50657e-06 0)
(0.00907448 2.10352e-06 0)
(0.00905413 3.1596e-06 0)
(0.00902848 3.65423e-06 0)
(0.00900681 5.71084e-06 0)
(0.00896468 7.3777e-06 0)
(0.00895314 8.48637e-06 0)
(0.00886796 2.7097e-05 0)
(-8.34103e-05 0.000136268 0)
(-0.00058333 0.000379195 0)
(-0.00131243 0.000518476 0)
(-0.00208805 0.000562838 0)
(-0.00286919 0.000584165 0)
(-0.00363911 0.000586315 0)
(-0.00438458 0.000586786 0)
(-0.00510859 0.000580727 0)
(-0.00580408 0.000572562 0)
(-0.00647339 0.000561309 0)
(-0.007114 0.000548792 0)
(-0.00772754 0.000535237 0)
(-0.00831388 0.000521414 0)
(-0.00887441 0.000507607 0)
(-0.00940992 0.000494154 0)
(-0.00992167 0.000481242 0)
(-0.0104107 0.00046903 0)
(-0.0108781 0.00045762 0)
(-0.0113248 0.000447076 0)
(-0.0117516 0.000437424 0)
(-0.0121594 0.00042865 0)
(-0.0125485 0.000420694 0)
(-0.0129192 0.000413447 0)
(-0.0132715 0.000406742 0)
(-0.013605 0.000400351 0)
(-0.0139191 0.000393979 0)
(-0.0142126 0.000387263 0)
(-0.0144839 0.000379771 0)
(-0.014731 0.000371009 0)
(-0.0149515 0.000360428 0)
(-0.0151424 0.000347437 0)
(-0.0153004 0.000331421 0)
(-0.0154216 0.000311758 0)
(-0.015502 0.000287845 0)
(-0.0155372 0.000259124 0)
(-0.0155226 0.0002251 0)
(-0.0154538 0.000185372 0)
(-0.015326 0.00013965 0)
(-0.015135 8.77736e-05 0)
(-0.0148764 2.97232e-05 0)
(-0.0145465 -3.43714e-05 0)
(-0.014142 -0.000104229 0)
(-0.0136599 -0.000179421 0)
(-0.0130982 -0.000259378 0)
(-0.0124552 -0.000343402 0)
(-0.0117301 -0.000430681 0)
(-0.010923 -0.000520304 0)
(-0.0100345 -0.000611285 0)
(-0.00906624 -0.000702575 0)
(-0.00802043 -0.000793089 0)
(-0.00690023 -0.000881719 0)
(-0.00570949 -0.000967359 0)
(-0.00445281 -0.00104892 0)
(-0.00313549 -0.00112535 0)
(-0.00176344 -0.00119564 0)
(-0.000343211 -0.00125888 0)
(0.00111816 -0.0013142 0)
(0.00261316 -0.00136088 0)
(0.00413387 -0.00139826 0)
(0.00567209 -0.00142585 0)
(0.00721939 -0.00144328 0)
(0.0087672 -0.00145031 0)
(0.0103069 -0.00144686 0)
(0.01183 -0.00143302 0)
(0.0133281 -0.00140901 0)
(0.0147931 -0.00137522 0)
(0.0162173 -0.00133218 0)
(0.0175932 -0.00128056 0)
(0.0189142 -0.00122115 0)
(0.020174 -0.00115484 0)
(0.0213673 -0.00108263 0)
(0.0224891 -0.00100556 0)
(0.0235357 -0.000924729 0)
(0.0245037 -0.000841239 0)
(0.0253908 -0.000756191 0)
(0.0261954 -0.000670655 0)
(0.0269169 -0.000585645 0)
(0.0275551 -0.000502102 0)
(0.0281109 -0.000420881 0)
(0.0285857 -0.000342734 0)
(0.0289814 -0.000268302 0)
(0.0293007 -0.000198114 0)
(0.0295466 -0.000132579 0)
(0.0297226 -7.19951e-05 0)
(0.0298325 -1.65504e-05 0)
(0.0298804 3.36673e-05 0)
(0.0298706 7.86609e-05 0)
(0.0298074 0.000118513 0)
(0.0296954 0.000153372 0)
(0.0295389 0.000183445 0)
(0.0293425 0.000208977 0)
(0.0291105 0.000230247 0)
(0.0288471 0.000247556 0)
(0.0285565 0.000261215 0)
(0.0282424 0.000271537 0)
(0.0279087 0.000278835 0)
(0.0275589 0.000283412 0)
(0.0271961 0.000285557 0)
(0.0268235 0.000285546 0)
(0.0264439 0.000283637 0)
(0.02606 0.000280068 0)
(0.025674 0.000275061 0)
(0.0252882 0.000268816 0)
(0.0249046 0.000261518 0)
(0.024525 0.000253332 0)
(0.0241509 0.000244409 0)
(0.0237839 0.000234883 0)
(0.0234251 0.000224875 0)
(0.0230757 0.000214492 0)
(0.0227367 0.000203831 0)
(0.0224089 0.000192975 0)
(0.0220932 0.000181999 0)
(0.02179 0.00017097 0)
(0.0214999 0.000159945 0)
(0.0212234 0.000148972 0)
(0.0209607 0.000138097 0)
(0.0207121 0.000127354 0)
(0.0204779 0.000116775 0)
(0.020258 0.000106386 0)
(0.0200526 9.62078e-05 0)
(0.0198617 8.62572e-05 0)
(0.0196851 7.65471e-05 0)
(0.0195228 6.70869e-05 0)
(0.0193747 5.78825e-05 0)
(0.0192406 4.8937e-05 0)
(0.0191203 4.02507e-05 0)
(0.0190135 3.18211e-05 0)
(0.0189201 2.36436e-05 0)
(0.0188398 1.57115e-05 0)
(0.0187722 8.01614e-06 0)
(0.0187172 5.47359e-07 0)
(0.0186745 -6.70629e-06 0)
(0.0186437 -1.37573e-05 0)
(0.0186247 -2.06188e-05 0)
(0.0186171 -2.73045e-05 0)
(0.0186207 -3.38281e-05 0)
(0.0186352 -4.02033e-05 0)
(0.0186604 -4.64431e-05 0)
(0.018696 -5.256e-05 0)
(0.0187418 -5.85655e-05 0)
(0.0187976 -6.44699e-05 0)
(0.0188631 -7.0282e-05 0)
(0.0189381 -7.60086e-05 0)
(0.0190225 -8.16548e-05 0)
(0.0191159 -8.72232e-05 0)
(0.0192183 -9.27141e-05 0)
(0.0193293 -9.81248e-05 0)
(0.0194487 -0.00010345 0)
(0.0195764 -0.00010868 0)
(0.0197121 -0.000113803 0)
(0.0198555 -0.000118803 0)
(0.0200064 -0.00012366 0)
(0.0201643 -0.000128351 0)
(0.0203291 -0.000132849 0)
(0.0205004 -0.000137123 0)
(0.0206776 -0.000141138 0)
(0.0208605 -0.000144859 0)
(0.0210485 -0.000148243 0)
(0.0212411 -0.00015125 0)
(0.0214377 -0.000153834 0)
(0.0216377 -0.000155952 0)
(0.0218404 -0.000157559 0)
(0.0220451 -0.000158609 0)
(0.0222511 -0.000159062 0)
(0.0224575 -0.000158879 0)
(0.0226635 -0.000158023 0)
(0.0228682 -0.000156465 0)
(0.0230707 -0.000154183 0)
(0.0232701 -0.000151158 0)
(0.0234653 -0.000147384 0)
(0.0236555 -0.000142861 0)
(0.0238396 -0.000137602 0)
(0.0240168 -0.000131626 0)
(0.0241861 -0.000124968 0)
(0.0243466 -0.000117671 0)
(0.0244975 -0.000109787 0)
(0.024638 -0.000101383 0)
(0.0247675 -9.2531e-05 0)
(0.0248853 -8.33136e-05 0)
(0.024991 -7.382e-05 0)
(0.0250841 -6.41446e-05 0)
(0.0251644 -5.43857e-05 0)
(0.0252317 -4.46427e-05 0)
(0.025286 -3.50146e-05 0)
(0.0253275 -2.55973e-05 0)
(0.0253564 -1.64813e-05 0)
(0.025373 -7.74943e-06 0)
(0.0253779 5.26145e-07 0)
(0.0253718 8.2859e-06 0)
(0.0253553 1.5486e-05 0)
(0.0253292 2.2112e-05 0)
(0.0252944 2.81292e-05 0)
(0.0252517 3.37236e-05 0)
(0.0252023 3.85039e-05 0)
(0.0251466 4.4e-05 0)
(0.0250857 4.70834e-05 0)
(0.0250213 5.53358e-05 0)
(0.024946 5.82495e-05 0)
(0.0248874 6.51442e-05 0)
(0.0247702 0.00010139 0)
(-0.000179055 0.000645463 0)
(-0.00104415 0.00125503 0)
(-0.00217023 0.00153453 0)
(-0.00330918 0.00157668 0)
(-0.00439967 0.0015728 0)
(-0.00543115 0.0015307 0)
(-0.006388 0.00148851 0)
(-0.00728137 0.00143784 0)
(-0.00810792 0.00138657 0)
(-0.00887587 0.0013331 0)
(-0.00958665 0.00128 0)
(-0.0102454 0.00122752 0)
(-0.0108548 0.00117653 0)
(-0.011418 0.00112729 0)
(-0.0119375 0.00108006 0)
(-0.0124156 0.0010349 0)
(-0.0128539 0.000991805 0)
(-0.013254 0.000950681 0)
(-0.013617 0.000911358 0)
(-0.0139435 0.000873598 0)
(-0.014234 0.000837085 0)
(-0.0144885 0.000801422 0)
(-0.0147067 0.000766124 0)
(-0.0148877 0.000730616 0)
(-0.0150307 0.000694233 0)
(-0.0151339 0.00065622 0)
(-0.0151955 0.000615743 0)
(-0.0152132 0.000571903 0)
(-0.0151845 0.000523755 0)
(-0.0151064 0.000470334 0)
(-0.0149758 0.000410683 0)
(-0.0147891 0.000343885 0)
(-0.014543 0.000269099 0)
(-0.0142339 0.000185592 0)
(-0.0138581 9.27725e-05 0)
(-0.0134124 -9.78351e-06 0)
(-0.0128934 -0.000122307 0)
(-0.0122982 -0.00024482 0)
(-0.0116243 -0.000377123 0)
(-0.0108693 -0.000518793 0)
(-0.0100318 -0.000669185 0)
(-0.00911047 -0.000827442 0)
(-0.0081048 -0.000992507 0)
(-0.00701484 -0.00116314 0)
(-0.00584128 -0.00133795 0)
(-0.00458545 -0.0015154 0)
(-0.00324937 -0.00169385 0)
(-0.00183571 -0.00187158 0)
(-0.000347778 -0.0020468 0)
(0.00121044 -0.00221769 0)
(0.00283435 -0.00238243 0)
(0.00451874 -0.00253923 0)
(0.00625784 -0.00268634 0)
(0.00804533 -0.00282206 0)
(0.00987439 -0.00294482 0)
(0.0117378 -0.00305314 0)
(0.0136278 -0.00314569 0)
(0.0155364 -0.0032213 0)
(0.0174555 -0.003279 0)
(0.0193765 -0.00331801 0)
(0.0212908 -0.00333776 0)
(0.02319 -0.00333792 0)
(0.0250653 -0.00331843 0)
(0.0269086 -0.00327945 0)
(0.0287115 -0.00322142 0)
(0.0304664 -0.00314501 0)
(0.0321658 -0.00305116 0)
(0.0338029 -0.00294101 0)
(0.0353713 -0.00281592 0)
(0.0368654 -0.00267744 0)
(0.0382802 -0.00252726 0)
(0.0396115 -0.00236719 0)
(0.0408557 -0.0021991 0)
(0.0420103 -0.00202491 0)
(0.0430731 -0.00184655 0)
(0.044043 -0.0016659 0)
(0.0449194 -0.00148476 0)
(0.0457025 -0.00130486 0)
(0.0463932 -0.00112776 0)
(0.0469927 -0.000954917 0)
(0.047503 -0.000787597 0)
(0.0479264 -0.000626906 0)
(0.0482657 -0.000473773 0)
(0.048524 -0.00032895 0)
(0.0487047 -0.000193022 0)
(0.0488115 -6.64071e-05 0)
(0.0488481 5.06259e-05 0)
(0.0488187 0.000157949 0)
(0.0487272 0.000255558 0)
(0.0485778 0.00034356 0)
(0.0483747 0.000422156 0)
(0.0481221 0.000491626 0)
(0.047824 0.000552313 0)
(0.0474847 0.000604614 0)
(0.0471081 0.000648961 0)
(0.0466981 0.000685811 0)
(0.0462584 0.000715642 0)
(0.0457929 0.000738933 0)
(0.0453049 0.000756166 0)
(0.0447979 0.000767816 0)
(0.0442752 0.000774345 0)
(0.0437398 0.0007762 0)
(0.0431947 0.000773811 0)
(0.0426427 0.000767584 0)
(0.0420865 0.000757905 0)
(0.0415284 0.000745139 0)
(0.0409708 0.000729627 0)
(0.040416 0.000711688 0)
(0.0398661 0.000691619 0)
(0.0393228 0.000669698 0)
(0.038788 0.000646181 0)
(0.0382633 0.000621307 0)
(0.0377503 0.000595295 0)
(0.0372504 0.00056835 0)
(0.0367647 0.000540659 0)
(0.0362945 0.000512394 0)
(0.0358408 0.000483712 0)
(0.0354045 0.000454757 0)
(0.0349864 0.000425659 0)
(0.0345871 0.000396535 0)
(0.0342074 0.000367491 0)
(0.0338476 0.000338618 0)
(0.0335081 0.000309998 0)
(0.0331893 0.000281702 0)
(0.0328914 0.000253789 0)
(0.0326145 0.000226309 0)
(0.0323587 0.000199302 0)
(0.0321239 0.000172799 0)
(0.0319101 0.000146823 0)
(0.0317172 0.000121391 0)
(0.031545 9.65106e-05 0)
(0.0313933 7.21845e-05 0)
(0.0312618 4.84105e-05 0)
(0.0311502 2.51815e-05 0)
(0.0310583 2.48694e-06 0)
(0.0309856 -1.96867e-05 0)
(0.0309318 -4.1355e-05 0)
(0.0308966 -6.25345e-05 0)
(0.0308795 -8.32422e-05 0)
(0.0308802 -0.000103495 0)
(0.0308983 -0.000123308 0)
(0.0309333 -0.000142695 0)
(0.0309848 -0.000161667 0)
(0.0310524 -0.00018023 0)
(0.0311357 -0.000198388 0)
(0.0312343 -0.000216139 0)
(0.0313477 -0.000233474 0)
(0.0314754 -0.000250379 0)
(0.0316169 -0.000266834 0)
(0.0317719 -0.000282811 0)
(0.0319398 -0.000298272 0)
(0.03212 -0.000313175 0)
(0.032312 -0.000327466 0)
(0.0325152 -0.000341085 0)
(0.032729 -0.000353964 0)
(0.0329528 -0.000366028 0)
(0.0331858 -0.000377193 0)
(0.0334273 -0.000387371 0)
(0.0336766 -0.000396467 0)
(0.0339328 -0.000404384 0)
(0.034195 -0.000411022 0)
(0.0344623 -0.000416281 0)
(0.0347336 -0.000420059 0)
(0.0350081 -0.000422262 0)
(0.0352846 -0.000422799 0)
(0.035562 -0.000421585 0)
(0.035839 -0.000418549 0)
(0.0361147 -0.000413628 0)
(0.0363876 -0.000406779 0)
(0.0366566 -0.000397971 0)
(0.0369203 -0.000387195 0)
(0.0371776 -0.000374464 0)
(0.0374271 -0.000359812 0)
(0.0376677 -0.000343298 0)
(0.037898 -0.000325007 0)
(0.038117 -0.000305051 0)
(0.0383234 -0.000283565 0)
(0.0385163 -0.000260712 0)
(0.0386947 -0.000236679 0)
(0.0388577 -0.000211676 0)
(0.0390047 -0.000185932 0)
(0.0391348 -0.000159694 0)
(0.0392478 -0.000133222 0)
(0.0393432 -0.000106783 0)
(0.039421 -8.06499e-05 0)
(0.0394811 -5.5091e-05 0)
(0.0395238 -3.03672e-05 0)
(0.0395493 -6.72297e-06 0)
(0.0395584 1.5618e-05 0)
(0.0395516 3.64683e-05 0)
(0.03953 5.56669e-05 0)
(0.0394945 7.31296e-05 0)
(0.0394463 8.88109e-05 0)
(0.0393867 0.000102673 0)
(0.0393169 0.000115376 0)
(0.0392388 0.000125401 0)
(0.0391523 0.000138309 0)
(0.0390608 0.000144547 0)
(0.0389687 0.000157636 0)
(0.0388433 0.000188291 0)
(-0.000305917 0.00126249 0)
(-0.001518 0.00231693 0)
(-0.0028733 0.00272601 0)
(-0.00414184 0.00273706 0)
(-0.00524225 0.00266631 0)
(-0.0062237 0.00253851 0)
(-0.00707229 0.00241123 0)
(-0.00782157 0.00227804 0)
(-0.00847296 0.00214994 0)
(-0.00904307 0.0020255 0)
(-0.00953699 0.00190703 0)
(-0.00996351 0.00179416 0)
(-0.0103272 0.00168702 0)
(-0.0106332 0.00158516 0)
(-0.0108846 0.00148817 0)
(-0.0110844 0.00139553 0)
(-0.0112346 0.00130669 0)
(-0.0113367 0.00122108 0)
(-0.0113916 0.00113807 0)
(-0.0113998 0.001057 0)
(-0.0113614 0.000977154 0)
(-0.0112761 0.000897742 0)
(-0.0111431 0.000817916 0)
(-0.0109614 0.000736751 0)
(-0.0107296 0.000653252 0)
(-0.0104462 0.000566362 0)
(-0.0101093 0.000474974 0)
(-0.00971669 0.000377952 0)
(-0.00926628 0.000274159 0)
(-0.0087557 0.000162481 0)
(-0.00818257 4.18681e-05 0)
(-0.00754451 -8.86363e-05 0)
(-0.0068392 -0.000229855 0)
(-0.00606445 -0.000382446 0)
(-0.00521824 -0.000546868 0)
(-0.00429879 -0.000723357 0)
(-0.00330461 -0.000911904 0)
(-0.00223453 -0.00111224 0)
(-0.00108777 -0.00132384 0)
(0.000136029 -0.0015459 0)
(0.0014368 -0.00177737 0)
(0.002814 -0.00201694 0)
(0.00426658 -0.00226309 0)
(0.00579298 -0.00251409 0)
(0.00739114 -0.00276801 0)
(0.00905844 -0.00302279 0)
(0.0107917 -0.00327622 0)
(0.0125874 -0.00352601 0)
(0.0144411 -0.00376981 0)
(0.0163481 -0.00400521 0)
(0.0183032 -0.00422983 0)
(0.0203007 -0.00444127 0)
(0.0223341 -0.00463725 0)
(0.024397 -0.00481553 0)
(0.0264821 -0.00497402 0)
(0.028582 -0.00511079 0)
(0.0306889 -0.00522407 0)
(0.0327948 -0.00531236 0)
(0.0348915 -0.00537436 0)
(0.0369706 -0.00540907 0)
(0.0390239 -0.0054158 0)
(0.041043 -0.00539419 0)
(0.0430198 -0.0053442 0)
(0.0449466 -0.00526617 0)
(0.0468159 -0.00516079 0)
(0.0486207 -0.00502911 0)
(0.0503544 -0.00487253 0)
(0.0520113 -0.00469275 0)
(0.0535862 -0.00449177 0)
(0.0550747 -0.00427185 0)
(0.0564732 -0.00403544 0)
(0.0577789 -0.00378514 0)
(0.0589897 -0.00352366 0)
(0.0601043 -0.00325373 0)
(0.0611223 -0.00297806 0)
(0.0620439 -0.00269933 0)
(0.0628698 -0.00242006 0)
(0.0636016 -0.00214264 0)
(0.0642411 -0.00186926 0)
(0.0647907 -0.0016019 0)
(0.0652531 -0.00134232 0)
(0.0656314 -0.00109203 0)
(0.0659288 -0.000852283 0)
(0.0661488 -0.000624122 0)
(0.0662949 -0.000408343 0)
(0.0663708 -0.000205533 0)
(0.06638 -1.60772e-05 0)
(0.0663264 0.000159818 0)
(0.0662136 0.000322105 0)
(0.066045 0.000470877 0)
(0.0658244 0.000606346 0)
(0.0655552 0.00072882 0)
(0.0652407 0.000838691 0)
(0.0648842 0.000936413 0)
(0.0644891 0.00102249 0)
(0.0640583 0.00109745 0)
(0.0635949 0.00116186 0)
(0.0631019 0.00121629 0)
(0.062582 0.00126131 0)
(0.0620381 0.00129749 0)
(0.0614729 0.00132539 0)
(0.0608888 0.00134555 0)
(0.0602885 0.00135851 0)
(0.0596743 0.00136477 0)
(0.0590486 0.00136481 0)
(0.0584138 0.0013591 0)
(0.057772 0.00134809 0)
(0.0571254 0.0013322 0)
(0.0564761 0.00131182 0)
(0.0558262 0.00128733 0)
(0.0551777 0.00125911 0)
(0.0545324 0.00122748 0)
(0.0538922 0.00119278 0)
(0.0532589 0.00115533 0)
(0.0526342 0.00111541 0)
(0.0520199 0.00107332 0)
(0.0514174 0.00102932 0)
(0.0508283 0.000983683 0)
(0.050254 0.000936653 0)
(0.0496959 0.000888468 0)
(0.0491553 0.000839352 0)
(0.0486333 0.00078952 0)
(0.048131 0.000739172 0)
(0.0476494 0.000688494 0)
(0.0471893 0.000637662 0)
(0.0467516 0.000586835 0)
(0.0463369 0.000536159 0)
(0.0459458 0.000485765 0)
(0.0455787 0.000435769 0)
(0.0452361 0.000386275 0)
(0.0449183 0.000337369 0)
(0.0446254 0.000289128 0)
(0.0443575 0.000241613 0)
(0.0441146 0.000194876 0)
(0.0438968 0.000148955 0)
(0.0437038 0.000103881 0)
(0.0435354 5.96774e-05 0)
(0.0433915 1.63594e-05 0)
(0.0432717 -2.60623e-05 0)
(0.0431756 -6.7581e-05 0)
(0.0431028 -0.000108192 0)
(0.0430529 -0.000147891 0)
(0.0430255 -0.000186675 0)
(0.0430199 -0.000224535 0)
(0.0430357 -0.000261462 0)
(0.0430723 -0.000297441 0)
(0.043129 -0.000332449 0)
(0.0432053 -0.00036646 0)
(0.0433005 -0.000399434 0)
(0.0434139 -0.000431327 0)
(0.0435448 -0.000462082 0)
(0.0436925 -0.000491632 0)
(0.0438562 -0.0005199 0)
(0.0440352 -0.000546796 0)
(0.0442285 -0.000572222 0)
(0.0444354 -0.000596067 0)
(0.0446549 -0.000618212 0)
(0.0448862 -0.000638528 0)
(0.0451282 -0.00065688 0)
(0.04538 -0.000673126 0)
(0.0456405 -0.000687122 0)
(0.0459087 -0.000698722 0)
(0.0461833 -0.000707779 0)
(0.0464633 -0.000714152 0)
(0.0467475 -0.000717706 0)
(0.0470346 -0.000718317 0)
(0.0473234 -0.000715873 0)
(0.0476126 -0.000710277 0)
(0.0479009 -0.000701456 0)
(0.048187 -0.000689355 0)
(0.0484696 -0.000673951 0)
(0.0487472 -0.000655245 0)
(0.0490186 -0.000633272 0)
(0.0492825 -0.000608104 0)
(0.0495375 -0.000579845 0)
(0.0497824 -0.000548641 0)
(0.0500161 -0.000514673 0)
(0.0502372 -0.000478165 0)
(0.0504447 -0.000439377 0)
(0.0506376 -0.000398608 0)
(0.0508149 -0.000356191 0)
(0.0509758 -0.000312492 0)
(0.0511197 -0.000267905 0)
(0.0512458 -0.000222847 0)
(0.0513537 -0.000177753 0)
(0.0514432 -0.000133066 0)
(0.0515141 -8.92327e-05 0)
(0.0515665 -4.66906e-05 0)
(0.0516004 -5.85994e-06 0)
(0.0516165 3.28658e-05 0)
(0.0516151 6.91422e-05 0)
(0.0515972 0.000102669 0)
(0.0515635 0.000133243 0)
(0.0515153 0.000160717 0)
(0.0514539 0.000185198 0)
(0.0513805 0.000206408 0)
(0.0512967 0.000226483 0)
(0.0512055 0.000240852 0)
(0.051107 0.000260719 0)
(0.0509883 0.000283127 0)
(-0.000405341 0.00247147 0)
(-0.00172002 0.00379917 0)
(-0.00298862 0.00414471 0)
(-0.00405162 0.00389403 0)
(-0.00482799 0.00362176 0)
(-0.00542853 0.00332022 0)
(-0.00585001 0.00305734 0)
(-0.00615181 0.00281199 0)
(-0.00634294 0.0025892 0)
(-0.00644929 0.00238271 0)
(-0.00647902 0.00219132 0)
(-0.00644372 0.00201252 0)
(-0.00634877 0.00184463 0)
(-0.00619973 0.00168601 0)
(-0.00599971 0.00153523 0)
(-0.00575141 0.00139097 0)
(-0.00545638 0.00125202 0)
(-0.0051157 0.00111725 0)
(-0.0047298 0.000985538 0)
(-0.00429873 0.000855808 0)
(-0.00382211 0.000726972 0)
(-0.00329923 0.000597923 0)
(-0.00272913 0.000467529 0)
(-0.00211058 0.000334622 0)
(-0.00144217 0.000198004 0)
(-0.000722343 5.6453e-05 0)
(5.05677e-05 -9.12595e-05 0)
(0.000878289 -0.000246352 0)
(0.00176256 -0.000410004 0)
(0.00270511 -0.000583329 0)
(0.00370755 -0.000767337 0)
(0.00477143 -0.000962905 0)
(0.0058981 -0.00117074 0)
(0.00708873 -0.00139135 0)
(0.00834424 -0.001625 0)
(0.0096653 -0.00187173 0)
(0.0110523 -0.00213126 0)
(0.0125052 -0.00240308 0)
(0.0140237 -0.00268636 0)
(0.0156071 -0.00297997 0)
(0.0172543 -0.00328254 0)
(0.0189639 -0.00359238 0)
(0.0207338 -0.0039076 0)
(0.0225617 -0.00422606 0)
(0.0244448 -0.0045454 0)
(0.0263797 -0.00486312 0)
(0.0283626 -0.00517655 0)
(0.0303894 -0.0054829 0)
(0.0324552 -0.00577933 0)
(0.0345549 -0.00606293 0)
(0.0366827 -0.00633078 0)
(0.0388325 -0.00657999 0)
(0.0409977 -0.00680774 0)
(0.0431714 -0.00701133 0)
(0.0453462 -0.0071882 0)
(0.0475144 -0.00733597 0)
(0.0496683 -0.00745252 0)
(0.0517996 -0.00753601 0)
(0.0539004 -0.0075849 0)
(0.0559624 -0.00759805 0)
(0.0579778 -0.00757468 0)
(0.0599385 -0.00751446 0)
(0.0618373 -0.00741751 0)
(0.0636671 -0.00728442 0)
(0.0654215 -0.00711627 0)
(0.0670945 -0.00691458 0)
(0.0686812 -0.00668133 0)
(0.0701773 -0.00641892 0)
(0.0715793 -0.00613011 0)
(0.0728848 -0.00581797 0)
(0.0740921 -0.00548581 0)
(0.0752005 -0.00513711 0)
(0.07621 -0.00477543 0)
(0.0771215 -0.00440437 0)
(0.0779365 -0.00402746 0)
(0.0786572 -0.00364808 0)
(0.0792862 -0.00326945 0)
(0.0798268 -0.00289457 0)
(0.0802823 -0.00252612 0)
(0.0806564 -0.00216654 0)
(0.080953 -0.0018179 0)
(0.081176 -0.001482 0)
(0.0813294 -0.0011603 0)
(0.0814171 -0.000853957 0)
(0.081443 -0.000563843 0)
(0.0814108 -0.000290569 0)
(0.0813242 -3.45033e-05 0)
(0.0811866 0.000204198 0)
(0.0810013 0.000425566 0)
(0.0807715 0.000629788 0)
(0.0805002 0.000817187 0)
(0.0801901 0.000988192 0)
(0.079844 0.00114332 0)
(0.0794644 0.00128314 0)
(0.0790537 0.0014083 0)
(0.0786141 0.00151944 0)
(0.0781477 0.00161724 0)
(0.0776566 0.00170238 0)
(0.0771428 0.00177554 0)
(0.076608 0.00183737 0)
(0.0760541 0.00188854 0)
(0.0754828 0.00192966 0)
(0.0748957 0.00196134 0)
(0.0742945 0.00198414 0)
(0.0736808 0.00199861 0)
(0.073056 0.00200526 0)
(0.0724217 0.00200459 0)
(0.0717794 0.00199705 0)
(0.0711306 0.00198307 0)
(0.0704768 0.00196308 0)
(0.0698195 0.00193744 0)
(0.0691601 0.00190654 0)
(0.0685001 0.00187073 0)
(0.067841 0.00183033 0)
(0.0671843 0.00178569 0)
(0.0665315 0.00173711 0)
(0.0658839 0.00168489 0)
(0.0652432 0.00162935 0)
(0.0646107 0.00157076 0)
(0.0639879 0.00150941 0)
(0.0633762 0.0014456 0)
(0.0627771 0.00137959 0)
(0.0621918 0.00131166 0)
(0.0616218 0.00124208 0)
(0.0610682 0.00117111 0)
(0.0605323 0.001099 0)
(0.0600152 0.001026 0)
(0.059518 0.000952346 0)
(0.0590418 0.000878267 0)
(0.0585873 0.000803976 0)
(0.0581555 0.000729673 0)
(0.0577471 0.000655546 0)
(0.0573627 0.000581768 0)
(0.0570028 0.000508497 0)
(0.0566678 0.000435876 0)
(0.0563581 0.000364037 0)
(0.056074 0.000293094 0)
(0.0558155 0.00022315 0)
(0.0555827 0.000154298 0)
(0.0553756 8.66188e-05 0)
(0.055194 2.01859e-05 0)
(0.0550377 -4.49346e-05 0)
(0.0549065 -0.000108681 0)
(0.0547999 -0.000170995 0)
(0.0547176 -0.000231818 0)
(0.054659 -0.000291093 0)
(0.0546236 -0.000348757 0)
(0.0546109 -0.000404746 0)
(0.05462 -0.000458986 0)
(0.0546504 -0.000511398 0)
(0.0547013 -0.000561893 0)
(0.0547719 -0.000610373 0)
(0.0548614 -0.000656728 0)
(0.0549688 -0.000700839 0)
(0.0550933 -0.000742573 0)
(0.0552339 -0.000781789 0)
(0.0553896 -0.000818334 0)
(0.0555595 -0.000852047 0)
(0.0557423 -0.000882758 0)
(0.0559372 -0.000910293 0)
(0.0561428 -0.000934473 0)
(0.0563582 -0.000955118 0)
(0.0565821 -0.000972051 0)
(0.0568133 -0.000985097 0)
(0.0570506 -0.000994092 0)
(0.0572928 -0.000998884 0)
(0.0575385 -0.000999337 0)
(0.0577867 -0.000995332 0)
(0.0580359 -0.000986779 0)
(0.0582849 -0.00097361 0)
(0.0585324 -0.000955793 0)
(0.0587772 -0.000933329 0)
(0.0590179 -0.000906258 0)
(0.0592535 -0.000874662 0)
(0.0594826 -0.000838667 0)
(0.0597042 -0.000798444 0)
(0.0599169 -0.000754215 0)
(0.0601199 -0.000706248 0)
(0.060312 -0.00065486 0)
(0.0604923 -0.000600416 0)
(0.0606599 -0.000543327 0)
(0.0608139 -0.000484048 0)
(0.0609536 -0.000423072 0)
(0.0610784 -0.00036093 0)
(0.0611877 -0.000298178 0)
(0.0612812 -0.000235394 0)
(0.0613584 -0.000173171 0)
(0.0614193 -0.000112104 0)
(0.0614638 -5.27806e-05 0)
(0.061492 4.2334e-06 0)
(0.061504 5.84036e-05 0)
(0.0615005 0.000109244 0)
(0.0614818 0.000156352 0)
(0.0614488 0.000199364 0)
(0.0614025 0.000238154 0)
(0.0613438 0.000272474 0)
(0.0612743 0.000302994 0)
(0.0611957 0.000327918 0)
(0.0611084 0.00035505 0)
(0.0610088 0.00037335 0)
(-0.000694072 0.00309546 0)
(-0.00209245 0.00472451 0)
(-0.00255408 0.00495395 0)
(-0.00279015 0.00450698 0)
(-0.00262205 0.00403462 0)
(-0.00236907 0.00356786 0)
(-0.00196906 0.00316364 0)
(-0.00150624 0.0028052 0)
(-0.000971489 0.00248804 0)
(-0.000389988 0.0022035 0)
(0.00023678 0.00194495 0)
(0.000900022 0.0017075 0)
(0.00159773 0.00148676 0)
(0.00232666 0.00127958 0)
(0.00308583 0.00108313 0)
(0.00387433 0.000895192 0)
(0.00469215 0.000713766 0)
(0.00553952 0.000537136 0)
(0.00641714 0.000363719 0)
(0.00732594 0.000192054 0)
(0.00826711 2.07409e-05 0)
(0.009242 -0.000151569 0)
(0.0102521 -0.000326203 0)
(0.0112991 -0.000504472 0)
(0.0123846 -0.00068767 0)
(0.0135104 -0.000877076 0)
(0.0146782 -0.00107394 0)
(0.0158895 -0.00127945 0)
(0.0171461 -0.00149474 0)
(0.0184493 -0.00172084 0)
(0.0198005 -0.00195866 0)
(0.0212007 -0.00220893 0)
(0.022651 -0.00247222 0)
(0.0241518 -0.00274887 0)
(0.0257037 -0.00303896 0)
(0.0273067 -0.00334232 0)
(0.0289606 -0.00365849 0)
(0.0306648 -0.00398671 0)
(0.0324183 -0.0043259 0)
(0.0342199 -0.0046747 0)
(0.0360679 -0.00503143 0)
(0.0379602 -0.00539412 0)
(0.0398943 -0.00576053 0)
(0.0418672 -0.00612818 0)
(0.0438755 -0.00649433 0)
(0.0459153 -0.00685605 0)
(0.0479823 -0.00721026 0)
(0.0500717 -0.0075537 0)
(0.0521782 -0.00788305 0)
(0.0542961 -0.00819489 0)
(0.0564192 -0.0084858 0)
(0.0585408 -0.00875239 0)
(0.060654 -0.00899135 0)
(0.0627514 -0.00919947 0)
(0.0648253 -0.00937376 0)
(0.0668678 -0.00951147 0)
(0.068871 -0.00961013 0)
(0.0708269 -0.00966765 0)
(0.0727275 -0.00968236 0)
(0.0745652 -0.00965305 0)
(0.0763326 -0.00957904 0)
(0.0780228 -0.0094602 0)
(0.0796296 -0.00929699 0)
(0.0811476 -0.00909048 0)
(0.082572 -0.00884235 0)
(0.0838993 -0.00855486 0)
(0.0851268 -0.00823082 0)
(0.0862529 -0.00787354 0)
(0.087277 -0.00748674 0)
(0.0881998 -0.00707451 0)
(0.0890228 -0.00664113 0)
(0.0897482 -0.00619105 0)
(0.0903793 -0.00572875 0)
(0.09092 -0.00525864 0)
(0.0913745 -0.00478498 0)
(0.0917475 -0.00431178 0)
(0.0920441 -0.00384277 0)
(0.0922692 -0.00338132 0)
(0.0924279 -0.00293043 0)
(0.0925253 -0.00249267 0)
(0.092566 -0.00207023 0)
(0.0925547 -0.00166489 0)
(0.0924956 -0.00127807 0)
(0.0923928 -0.000910786 0)
(0.0922498 -0.000563771 0)
(0.0920701 -0.000237442 0)
(0.0918567 6.80378e-05 0)
(0.0916122 0.00035273 0)
(0.0913393 0.000616884 0)
(0.09104 0.000860905 0)
(0.0907163 0.00108533 0)
(0.0903701 0.00129077 0)
(0.0900029 0.00147795 0)
(0.0896161 0.00164762 0)
(0.0892109 0.00180055 0)
(0.0887887 0.00193755 0)
(0.0883503 0.00205943 0)
(0.0878969 0.00216698 0)
(0.0874293 0.00226098 0)
(0.0869483 0.00234217 0)
(0.0864548 0.00241128 0)
(0.0859495 0.00246901 0)
(0.0854332 0.002516 0)
(0.0849067 0.00255286 0)
(0.0843706 0.00258018 0)
(0.0838256 0.00259849 0)
(0.0832726 0.00260829 0)
(0.0827122 0.00261006 0)
(0.0821453 0.00260422 0)
(0.0815725 0.00259119 0)
(0.0809947 0.00257134 0)
(0.0804127 0.00254502 0)
(0.0798273 0.00251258 0)
(0.0792395 0.00247432 0)
(0.0786502 0.00243055 0)
(0.0780603 0.00238156 0)
(0.0774709 0.00232763 0)
(0.0768829 0.00226904 0)
(0.0762974 0.00220605 0)
(0.0757155 0.00213894 0)
(0.0751384 0.00206799 0)
(0.0745671 0.00199345 0)
(0.0740029 0.00191561 0)
(0.0734469 0.00183474 0)
(0.0729003 0.00175111 0)
(0.0723643 0.00166502 0)
(0.07184 0.00157673 0)
(0.0713286 0.00148654 0)
(0.0708313 0.00139471 0)
(0.0703491 0.00130153 0)
(0.0698831 0.00120727 0)
(0.0694343 0.00111219 0)
(0.0690035 0.00101656 0)
(0.0685918 0.000920637 0)
(0.0681998 0.00082465 0)
(0.0678284 0.000728836 0)
(0.067478 0.000633415 0)
(0.0671493 0.000538597 0)
(0.0668427 0.000444578 0)
(0.0665586 0.000351545 0)
(0.0662972 0.000259674 0)
(0.0660586 0.00016913 0)
(0.065843 8.00707e-05 0)
(0.0656504 -7.35409e-06 0)
(0.0654805 -9.29998e-05 0)
(0.0653332 -0.000176726 0)
(0.0652083 -0.000258394 0)
(0.0651053 -0.000337865 0)
(0.0650238 -0.000414999 0)
(0.0649633 -0.000489655 0)
(0.0649232 -0.000561684 0)
(0.0649028 -0.000630932 0)
(0.0649015 -0.00069724 0)
(0.0649184 -0.00076044 0)
(0.0649527 -0.000820355 0)
(0.0650036 -0.000876802 0)
(0.0650701 -0.000929589 0)
(0.0651512 -0.00097852 0)
(0.065246 -0.00102339 0)
(0.0653534 -0.001064 0)
(0.0654724 -0.00110013 0)
(0.0656018 -0.00113158 0)
(0.0657406 -0.00115815 0)
(0.0658876 -0.00117965 0)
(0.0660417 -0.00119589 0)
(0.0662017 -0.00120671 0)
(0.0663664 -0.00121197 0)
(0.0665348 -0.00121153 0)
(0.0667056 -0.0012053 0)
(0.0668777 -0.00119322 0)
(0.06705 -0.00117526 0)
(0.0672213 -0.00115144 0)
(0.0673907 -0.00112181 0)
(0.067557 -0.00108648 0)
(0.0677192 -0.0010456 0)
(0.0678764 -0.000999374 0)
(0.0680276 -0.00094806 0)
(0.0681719 -0.000891972 0)
(0.0683086 -0.000831478 0)
(0.0684368 -0.000766998 0)
(0.0685558 -0.000699005 0)
(0.0686651 -0.000628022 0)
(0.0687639 -0.000554616 0)
(0.0688519 -0.000479395 0)
(0.0689285 -0.000403004 0)
(0.0689934 -0.000326114 0)
(0.0690464 -0.000249417 0)
(0.0690873 -0.000173615 0)
(0.0691159 -9.94101e-05 0)
(0.0691323 -2.74937e-05 0)
(0.0691365 4.14678e-05 0)
(0.0691288 0.000106847 0)
(0.0691096 0.00016807 0)
(0.0690792 0.000224629 0)
(0.0690382 0.000276142 0)
(0.0689876 0.000322245 0)
(0.0689283 0.000362941 0)
(0.0688615 0.000397582 0)
(0.0687883 0.000430765 0)
(0.0687087 0.000449635 0)
(-0.000179356 0.0056024 0)
(-0.000136838 0.00561776 0)
(0.00100519 0.00502335 0)
(0.0021953 0.00399901 0)
(0.00364646 0.00328587 0)
(0.00506183 0.00271766 0)
(0.00651671 0.00225472 0)
(0.00794151 0.00186803 0)
(0.00935457 0.00153 0)
(0.0107438 0.00123052 0)
(0.0121155 0.000958566 0)
(0.0134701 0.000708581 0)
(0.0148119 0.000475224 0)
(0.0161434 0.000254941 0)
(0.0174679 4.45681e-05 0)
(0.0187885 -0.000158361 0)
(0.020108 -0.000356021 0)
(0.0214292 -0.000550276 0)
(0.0227547 -0.000742817 0)
(0.0240873 -0.000935189 0)
(0.0254294 -0.00112885 0)
(0.0267835 -0.00132517 0)
(0.028152 -0.0015255 0)
(0.0295373 -0.00173113 0)
(0.0309417 -0.00194332 0)
(0.0323672 -0.00216329 0)
(0.033816 -0.00239219 0)
(0.0352898 -0.00263112 0)
(0.0367904 -0.00288109 0)
(0.0383193 -0.00314297 0)
(0.0398777 -0.00341752 0)
(0.0414668 -0.00370531 0)
(0.0430871 -0.00400671 0)
(0.0447393 -0.00432186 0)
(0.0464234 -0.00465065 0)
(0.0481392 -0.00499269 0)
(0.0498863 -0.00534729 0)
(0.0516636 -0.00571343 0)
(0.0534699 -0.00608979 0)
(0.0553035 -0.00647473 0)
(0.0571621 -0.00686626 0)
(0.0590432 -0.0072621 0)
(0.0609438 -0.00765965 0)
(0.0628602 -0.00805604 0)
(0.0647886 -0.00844813 0)
(0.0667244 -0.00883258 0)
(0.0686626 -0.00920581 0)
(0.0705978 -0.0095641 0)
(0.0725241 -0.00990362 0)
(0.074435 -0.0102204 0)
(0.0763238 -0.0105106 0)
(0.0781832 -0.0107703 0)
(0.0800057 -0.0109956 0)
(0.0817836 -0.011183 0)
(0.083509 -0.011329 0)
(0.0851739 -0.0114306 0)
(0.0867705 -0.0114852 0)
(0.0882911 -0.0114905 0)
(0.0897287 -0.011445 0)
(0.0910766 -0.0113476 0)
(0.0923291 -0.0111981 0)
(0.0934812 -0.0109969 0)
(0.0945293 -0.0107452 0)
(0.0954708 -0.0104448 0)
(0.0963045 -0.0100985 0)
(0.0970304 -0.00970976 0)
(0.09765 -0.00928246 0)
(0.0981661 -0.00882118 0)
(0.0985827 -0.00833087 0)
(0.0989048 -0.00781679 0)
(0.0991385 -0.00728431 0)
(0.0992903 -0.00673884 0)
(0.0993675 -0.00618567 0)
(0.0993773 -0.00562983 0)
(0.0993274 -0.00507606 0)
(0.099225 -0.00452865 0)
(0.0990772 -0.00399145 0)
(0.0988907 -0.0034678 0)
(0.0986715 -0.00296053 0)
(0.0984253 -0.00247198 0)
(0.0981569 -0.00200398 0)
(0.0978707 -0.00155791 0)
(0.0975702 -0.00113475 0)
(0.0972587 -0.0007351 0)
(0.0969385 -0.000359221 0)
(0.0966118 -7.11085e-06 0)
(0.0962801 0.000321474 0)
(0.0959445 0.000626966 0)
(0.0956058 0.000909954 0)
(0.0952647 0.00117114 0)
(0.0949214 0.00141133 0)
(0.094576 0.00163136 0)
(0.0942286 0.00183214 0)
(0.0938789 0.00201458 0)
(0.0935268 0.00217959 0)
(0.093172 0.00232808 0)
(0.0928142 0.00246094 0)
(0.092453 0.00257903 0)
(0.0920882 0.00268317 0)
(0.0917195 0.00277416 0)
(0.0913465 0.00285273 0)
(0.090969 0.00291959 0)
(0.0905869 0.0029754 0)
(0.0901999 0.00302076 0)
(0.0898079 0.00305624 0)
(0.0894108 0.00308237 0)
(0.0890086 0.00309963 0)
(0.0886013 0.00310847 0)
(0.0881889 0.00310929 0)
(0.0877715 0.00310246 0)
(0.0873493 0.00308834 0)
(0.0869225 0.00306723 0)
(0.0864913 0.00303944 0)
(0.0860562 0.00300523 0)
(0.0856173 0.00296486 0)
(0.0851751 0.00291858 0)
(0.0847302 0.00286663 0)
(0.084283 0.00280922 0)
(0.0838341 0.00274659 0)
(0.083384 0.00267895 0)
(0.0829336 0.00260654 0)
(0.0824835 0.00252958 0)
(0.0820345 0.00244831 0)
(0.0815874 0.00236296 0)
(0.081143 0.0022738 0)
(0.0807022 0.00218107 0)
(0.080266 0.00208504 0)
(0.0798352 0.00198598 0)
(0.0794107 0.00188418 0)
(0.0789937 0.00177992 0)
(0.0785849 0.00167349 0)
(0.0781853 0.00156518 0)
(0.0777959 0.0014553 0)
(0.0774175 0.00134413 0)
(0.077051 0.00123198 0)
(0.0766973 0.00111914 0)
(0.0763571 0.0010059 0)
(0.0760311 0.000892549 0)
(0.0757199 0.000779358 0)
(0.0754243 0.000666603 0)
(0.0751446 0.000554551 0)
(0.0748814 0.00044346 0)
(0.074635 0.000333582 0)
(0.0744056 0.000225163 0)
(0.0741935 0.000118441 0)
(0.0739988 1.36524e-05 0)
(0.0738214 -8.89727e-05 0)
(0.0736614 -0.000189206 0)
(0.0735185 -0.000286821 0)
(0.0733926 -0.000381591 0)
(0.0732833 -0.00047329 0)
(0.0731903 -0.000561687 0)
(0.0731132 -0.000646553 0)
(0.0730513 -0.000727652 0)
(0.0730041 -0.000804746 0)
(0.072971 -0.000877595 0)
(0.0729513 -0.000945955 0)
(0.0729441 -0.00100958 0)
(0.0729489 -0.00106823 0)
(0.0729646 -0.00112165 0)
(0.0729905 -0.0011696 0)
(0.0730256 -0.00121186 0)
(0.0730691 -0.00124819 0)
(0.07312 -0.00127839 0)
(0.0731773 -0.00130225 0)
(0.0732402 -0.00131961 0)
(0.0733077 -0.00133032 0)
(0.0733789 -0.00133424 0)
(0.0734527 -0.00133131 0)
(0.0735285 -0.00132146 0)
(0.0736052 -0.00130469 0)
(0.073682 -0.00128103 0)
(0.0737581 -0.00125057 0)
(0.0738327 -0.00121344 0)
(0.0739051 -0.00116984 0)
(0.0739746 -0.00112001 0)
(0.0740406 -0.00106426 0)
(0.0741025 -0.00100295 0)
(0.0741597 -0.00093649 0)
(0.0742118 -0.000865364 0)
(0.0742583 -0.0007901 0)
(0.0742989 -0.000711278 0)
(0.0743332 -0.000629527 0)
(0.0743609 -0.000545517 0)
(0.0743819 -0.000459955 0)
(0.0743959 -0.000373578 0)
(0.0744029 -0.000287144 0)
(0.0744028 -0.000201425 0)
(0.0743955 -0.000117195 0)
(0.0743811 -3.52221e-05 0)
(0.0743597 4.37445e-05 0)
(0.0743313 0.000118984 0)
(0.0742963 0.000189818 0)
(0.0742549 0.000255617 0)
(0.0742075 0.000315831 0)
(0.0741546 0.000369942 0)
(0.074097 0.000417636 0)
(0.0740356 0.000458388 0)
(0.0739717 0.000494811 0)
(0.0739076 0.000513785 0)
(0.00501077 0.002038 0)
(0.00751921 0.00307334 0)
(0.0124427 0.00261969 0)
(0.0156961 0.00200385 0)
(0.018787 0.00138029 0)
(0.0214428 0.000878245 0)
(0.0238758 0.000460075 0)
(0.0261185 0.000115883 0)
(0.0282224 -0.000179258 0)
(0.0302147 -0.000438242 0)
(0.0321175 -0.000672478 0)
(0.0339464 -0.000888885 0)
(0.0357141 -0.00109276 0)
(0.0374302 -0.00128775 0)
(0.0391028 -0.00147673 0)
(0.0407385 -0.00166192 0)
(0.0423433 -0.00184522 0)
(0.043922 -0.00202825 0)
(0.0454791 -0.00221249 0)
(0.0470187 -0.00239931 0)
(0.0485444 -0.00259 0)
(0.0500595 -0.00278578 0)
(0.0515672 -0.00298787 0)
(0.0530703 -0.0031974 0)
(0.0545714 -0.0034155 0)
(0.056073 -0.00364324 0)
(0.0575772 -0.00388162 0)
(0.0590861 -0.00413157 0)
(0.0606014 -0.00439392 0)
(0.0621244 -0.00466938 0)
(0.0636565 -0.00495849 0)
(0.0651984 -0.00526163 0)
(0.0667508 -0.00557895 0)
(0.0683139 -0.00591039 0)
(0.0698876 -0.0062556 0)
(0.0714714 -0.00661394 0)
(0.0730643 -0.00698447 0)
(0.0746651 -0.0073659 0)
(0.0762719 -0.00775662 0)
(0.0778826 -0.00815465 0)
(0.0794945 -0.00855768 0)
(0.0811043 -0.00896304 0)
(0.0827084 -0.00936773 0)
(0.0843025 -0.00976845 0)
(0.0858819 -0.0101616 0)
(0.0874414 -0.0105433 0)
(0.0889751 -0.0109096 0)
(0.0904768 -0.0112561 0)
(0.0919398 -0.0115784 0)
(0.0933569 -0.0118722 0)
(0.0947207 -0.0121329 0)
(0.0960233 -0.0123562 0)
(0.097257 -0.0125378 0)
(0.0984138 -0.0126737 0)
(0.099486 -0.0127604 0)
(0.100466 -0.0127947 0)
(0.101347 -0.012774 0)
(0.102123 -0.0126964 0)
(0.102788 -0.0125607 0)
(0.10334 -0.0123667 0)
(0.103775 -0.012115 0)
(0.104092 -0.0118071 0)
(0.104293 -0.0114456 0)
(0.10438 -0.0110339 0)
(0.104357 -0.0105763 0)
(0.104231 -0.0100777 0)
(0.104009 -0.00954377 0)
(0.1037 -0.00898061 0)
(0.103315 -0.00839452 0)
(0.102863 -0.00779188 0)
(0.102356 -0.00717902 0)
(0.101806 -0.00656198 0)
(0.101222 -0.00594641 0)
(0.100616 -0.00533746 0)
(0.0999966 -0.00473968 0)
(0.099373 -0.00415701 0)
(0.0987529 -0.00359273 0)
(0.0981427 -0.00304948 0)
(0.097548 -0.00252931 0)
(0.0969731 -0.00203368 0)
(0.0964214 -0.00156357 0)
(0.0958951 -0.0011195 0)
(0.095396 -0.000701641 0)
(0.0949246 -0.000309814 0)
(0.0944811 5.63978e-05 0)
(0.0940652 0.000397614 0)
(0.0936759 0.000714608 0)
(0.093312 0.00100827 0)
(0.0929721 0.00127955 0)
(0.0926544 0.00152946 0)
(0.0923573 0.00175904 0)
(0.0920787 0.00196931 0)
(0.0918169 0.00216129 0)
(0.0915699 0.00233599 0)
(0.0913359 0.00249435 0)
(0.0911131 0.00263731 0)
(0.0908998 0.00276573 0)
(0.0906944 0.00288046 0)
(0.0904953 0.00298227 0)
(0.0903011 0.00307189 0)
(0.0901105 0.00315 0)
(0.0899223 0.00321724 0)
(0.0897354 0.00327419 0)
(0.0895487 0.00332138 0)
(0.0893614 0.00335931 0)
(0.0891726 0.00338843 0)
(0.0889816 0.00340915 0)
(0.0887878 0.00342183 0)
(0.0885905 0.00342682 0)
(0.0883895 0.00342442 0)
(0.0881841 0.00341491 0)
(0.0879742 0.00339853 0)
(0.0877594 0.00337552 0)
(0.0875396 0.00334608 0)
(0.0873147 0.00331041 0)
(0.0870846 0.00326869 0)
(0.0868492 0.0032211 0)
(0.0866088 0.00316779 0)
(0.0863634 0.00310893 0)
(0.0861131 0.00304469 0)
(0.0858583 0.00297524 0)
(0.0855993 0.00290074 0)
(0.0853364 0.00282138 0)
(0.0850699 0.00273734 0)
(0.0848005 0.00264882 0)
(0.0845285 0.00255605 0)
(0.0842546 0.00245923 0)
(0.0839793 0.0023586 0)
(0.0837033 0.00225442 0)
(0.0834272 0.00214694 0)
(0.0831516 0.00203644 0)
(0.0828774 0.00192319 0)
(0.0826051 0.00180751 0)
(0.0823357 0.00168968 0)
(0.0820696 0.00157001 0)
(0.0818077 0.00144882 0)
(0.0815508 0.00132643 0)
(0.0812993 0.00120316 0)
(0.0810541 0.00107933 0)
(0.0808157 0.000955263 0)
(0.0805847 0.000831289 0)
(0.0803616 0.000707724 0)
(0.0801469 0.000584889 0)
(0.0799411 0.000463102 0)
(0.0797445 0.000342676 0)
(0.0795574 0.000223924 0)
(0.07938 0.000107157 0)
(0.0792125 -7.31792e-06 0)
(0.0790551 -0.000119193 0)
(0.0789077 -0.000228164 0)
(0.0787703 -0.000333924 0)
(0.0786428 -0.00043617 0)
(0.0785251 -0.000534597 0)
(0.0784168 -0.000628901 0)
(0.0783178 -0.000718778 0)
(0.0782277 -0.000803924 0)
(0.0781461 -0.00088404 0)
(0.0780725 -0.000958828 0)
(0.0780065 -0.001028 0)
(0.0779475 -0.00109126 0)
(0.0778949 -0.00114833 0)
(0.0778483 -0.00119897 0)
(0.0778071 -0.0012429 0)
(0.0777705 -0.00127992 0)
(0.077738 -0.00130981 0)
(0.077709 -0.00133238 0)
(0.0776829 -0.00134751 0)
(0.0776592 -0.00135506 0)
(0.0776371 -0.00135497 0)
(0.0776162 -0.00134722 0)
(0.077596 -0.0013318 0)
(0.077576 -0.0013088 0)
(0.0775558 -0.00127834 0)
(0.077535 -0.00124058 0)
(0.0775132 -0.00119577 0)
(0.0774901 -0.00114419 0)
(0.0774656 -0.0010862 0)
(0.0774393 -0.00102221 0)
(0.0774111 -0.000952682 0)
(0.0773809 -0.000878148 0)
(0.0773487 -0.000799183 0)
(0.0773143 -0.000716414 0)
(0.0772779 -0.000630513 0)
(0.0772393 -0.000542194 0)
(0.0771988 -0.000452201 0)
(0.0771562 -0.000361308 0)
(0.0771117 -0.000270307 0)
(0.0770654 -0.000180002 0)
(0.0770173 -9.1198e-05 0)
(0.0769677 -4.69594e-06 0)
(0.0769164 7.87197e-05 0)
(0.0768638 0.000158287 0)
(0.0768099 0.000233276 0)
(0.0767548 0.00030299 0)
(0.0766989 0.000366772 0)
(0.0766423 0.000423989 0)
(0.0765855 0.000474101 0)
(0.0765292 0.000516367 0)
(0.0764746 0.000552338 0)
(0.0764261 0.000567077 0)
(0.0344491 -1.88582e-06 0)
(0.0346039 -0.000146209 0)
(0.0349221 -0.000263863 0)
(0.035356 -0.000326359 0)
(0.0358526 -0.000364646 0)
(0.0364935 -0.000439583 0)
(0.0371557 -0.000319038 0)
(0.0378361 -0.000771431 0)
(0.0908646 -5.5486e-06 0)
(0.0906416 -0.000126783 0)
(0.0905749 -0.000289849 0)
(0.0906096 -0.000455625 0)
(0.0907546 -0.000634095 0)
(0.090985 -0.000811659 0)
(0.0913303 -0.00100688 0)
(0.0922053 -0.00167218 0)
(0.128437 -9.28146e-06 0)
(0.128259 -9.00627e-05 0)
(0.128172 -0.000213796 0)
(0.128132 -0.000371258 0)
(0.128121 -0.000554828 0)
(0.128139 -0.000768118 0)
(0.128227 -0.00109549 0)
(0.128225 -0.00151491 0)
(0.147212 -1.31923e-05 0)
(0.147034 -0.000100651 0)
(0.146936 -0.000215056 0)
(0.146873 -0.000356766 0)
(0.146822 -0.00052916 0)
(0.146779 -0.000750294 0)
(0.14672 -0.00101891 0)
(0.146653 -0.00137432 0)
(0.147217 -1.84899e-05 0)
(0.147038 -0.000108293 0)
(0.146928 -0.000207562 0)
(0.146841 -0.000326428 0)
(0.14675 -0.000475815 0)
(0.146637 -0.000662057 0)
(0.146491 -0.000900535 0)
(0.146284 -0.0011918 0)
(0.12845 -2.62437e-05 0)
(0.128254 -0.00012441 0)
(0.128113 -0.000210536 0)
(0.127975 -0.000304641 0)
(0.127815 -0.000421828 0)
(0.127615 -0.000573324 0)
(0.127361 -0.000762631 0)
(0.127033 -0.000989213 0)
(0.0908858 -4.02532e-05 0)
(0.0906066 -0.000103109 0)
(0.0903886 -0.000134278 0)
(0.0901703 -0.000176239 0)
(0.0899246 -0.000247583 0)
(0.089628 -0.00035229 0)
(0.0892583 -0.000487445 0)
(0.0887926 -0.000644441 0)
(0.0344546 -4.6325e-05 0)
(0.0343719 -2.52522e-05 0)
(0.0343194 6.63381e-06 0)
(0.0342649 5.3055e-06 0)
(0.0341506 -2.76092e-05 0)
(0.0339486 -7.99707e-05 0)
(0.0336436 -0.000138951 0)
(0.0332305 -0.000193984 0)
(0.0405128 -0.00350364 0)
(0.0434282 -0.00320347 0)
(0.0460752 -0.00289113 0)
(0.0486479 -0.00258744 0)
(0.0510092 -0.00244151 0)
(0.0532104 -0.00239125 0)
(0.0552732 -0.00240756 0)
(0.0572231 -0.00246265 0)
(0.0590794 -0.00254132 0)
(0.0608563 -0.00263432 0)
(0.0625645 -0.00273678 0)
(0.0642124 -0.002846 0)
(0.0658067 -0.00296069 0)
(0.0673528 -0.00308028 0)
(0.0688557 -0.00320466 0)
(0.0703193 -0.003334 0)
(0.0717475 -0.00346868 0)
(0.0731437 -0.00360918 0)
(0.0745109 -0.00375612 0)
(0.075852 -0.00391017 0)
(0.0771698 -0.00407208 0)
(0.0784665 -0.00424261 0)
(0.0797446 -0.00442259 0)
(0.0810061 -0.00461284 0)
(0.0822529 -0.00481418 0)
(0.0834867 -0.00502739 0)
(0.0847091 -0.00525324 0)
(0.0859213 -0.0054924 0)
(0.0871244 -0.00574547 0)
(0.0883191 -0.00601291 0)
(0.089506 -0.00629505 0)
(0.0906853 -0.00659201 0)
(0.0918569 -0.00690371 0)
(0.0930204 -0.00722981 0)
(0.0941748 -0.00756972 0)
(0.095319 -0.00792249 0)
(0.0964513 -0.0082869 0)
(0.0975697 -0.00866132 0)
(0.0986715 -0.00904379 0)
(0.0997536 -0.00943193 0)
(0.100813 -0.00982302 0)
(0.101844 -0.0102139 0)
(0.102844 -0.0106012 0)
(0.103806 -0.0109809 0)
(0.104725 -0.011349 0)
(0.105595 -0.011701 0)
(0.106409 -0.0120322 0)
(0.10716 -0.0123379 0)
(0.10784 -0.012613 0)
(0.108441 -0.0128526 0)
(0.108956 -0.0130518 0)
(0.109376 -0.0132057 0)
(0.109695 -0.01331 0)
(0.109904 -0.0133606 0)
(0.109998 -0.013354 0)
(0.109971 -0.0132874 0)
(0.109819 -0.0131589 0)
(0.10954 -0.0129676 0)
(0.109133 -0.0127135 0)
(0.1086 -0.0123981 0)
(0.107946 -0.0120236 0)
(0.107175 -0.0115937 0)
(0.106298 -0.011113 0)
(0.105324 -0.0105871 0)
(0.104267 -0.0100223 0)
(0.10314 -0.00942581 0)
(0.101959 -0.00880479 0)
(0.100739 -0.00816674 0)
(0.0994975 -0.00751897 0)
(0.0982485 -0.00686846 0)
(0.0970072 -0.00622164 0)
(0.095787 -0.00558427 0)
(0.0945999 -0.00496135 0)
(0.0934562 -0.00435704 0)
(0.0923646 -0.00377468 0)
(0.0913318 -0.00321681 0)
(0.0903628 -0.00268523 0)
(0.089461 -0.00218109 0)
(0.0886283 -0.00170496 0)
(0.0878654 -0.00125692 0)
(0.0871716 -0.000836673 0)
(0.0865455 -0.000443622 0)
(0.0859848 -7.69319e-05 0)
(0.0854868 0.000264392 0)
(0.0850481 0.000581452 0)
(0.0846652 0.000875413 0)
(0.0843344 0.00114747 0)
(0.0840517 0.0013988 0)
(0.0838134 0.00163059 0)
(0.0836156 0.00184395 0)
(0.0834545 0.00203999 0)
(0.0833266 0.00221971 0)
(0.0832284 0.00238411 0)
(0.0831566 0.00253409 0)
(0.0831082 0.00267051 0)
(0.0830802 0.00279416 0)
(0.0830699 0.00290578 0)
(0.0830749 0.00300605 0)
(0.0830927 0.0030956 0)
(0.0831211 0.00317501 0)
(0.0831583 0.00324481 0)
(0.0832023 0.00330549 0)
(0.0832514 0.00335748 0)
(0.0833042 0.00340119 0)
(0.0833591 0.00343698 0)
(0.0834149 0.00346518 0)
(0.0834705 0.00348607 0)
(0.0835247 0.00349992 0)
(0.0835767 0.00350697 0)
(0.0836254 0.00350741 0)
(0.0836702 0.00350144 0)
(0.0837104 0.00348922 0)
(0.0837453 0.00347089 0)
(0.0837743 0.00344659 0)
(0.0837971 0.00341643 0)
(0.0838132 0.00338052 0)
(0.0838223 0.00333897 0)
(0.083824 0.00329188 0)
(0.0838181 0.00323934 0)
(0.0838045 0.00318146 0)
(0.0837831 0.00311834 0)
(0.0837538 0.0030501 0)
(0.0837166 0.00297685 0)
(0.0836716 0.00289873 0)
(0.0836188 0.00281589 0)
(0.0835585 0.00272847 0)
(0.0834907 0.00263665 0)
(0.0834158 0.00254063 0)
(0.0833341 0.00244061 0)
(0.0832458 0.0023368 0)
(0.0831514 0.00222944 0)
(0.0830512 0.0021188 0)
(0.0829457 0.00200512 0)
(0.0828353 0.0018887 0)
(0.0827205 0.00176983 0)
(0.0826018 0.00164882 0)
(0.0824797 0.00152597 0)
(0.0823548 0.00140163 0)
(0.0822274 0.00127611 0)
(0.0820981 0.00114977 0)
(0.0819675 0.00102295 0)
(0.0818359 0.000895993 0)
(0.0817039 0.000769266 0)
(0.0815718 0.000643121 0)
(0.08144 0.000517919 0)
(0.0813089 0.000394021 0)
(0.0811789 0.000271789 0)
(0.0810502 0.000151587 0)
(0.080923 3.37783e-05 0)
(0.0807975 -8.12727e-05 0)
(0.080674 -0.000193202 0)
(0.0805524 -0.000301647 0)
(0.0804328 -0.000406245 0)
(0.0803153 -0.000506635 0)
(0.0801998 -0.00060246 0)
(0.0800862 -0.000693367 0)
(0.0799745 -0.000779006 0)
(0.0798645 -0.000859038 0)
(0.0797561 -0.000933132 0)
(0.0796489 -0.00100097 0)
(0.079543 -0.00106224 0)
(0.079438 -0.00111667 0)
(0.0793337 -0.00116399 0)
(0.0792299 -0.00120396 0)
(0.0791264 -0.00123638 0)
(0.079023 -0.00126106 0)
(0.0789194 -0.00127788 0)
(0.0788157 -0.00128674 0)
(0.0787116 -0.00128759 0)
(0.0786071 -0.00128044 0)
(0.0785021 -0.00126532 0)
(0.0783966 -0.00124235 0)
(0.0782908 -0.00121169 0)
(0.0781846 -0.00117357 0)
(0.0780782 -0.00112826 0)
(0.0779718 -0.0010761 0)
(0.0778657 -0.00101749 0)
(0.0777601 -0.000952898 0)
(0.0776553 -0.000882819 0)
(0.0775517 -0.000807819 0)
(0.0774495 -0.000728509 0)
(0.0773492 -0.000645542 0)
(0.077251 -0.00055961 0)
(0.0771554 -0.00047144 0)
(0.0770626 -0.000381784 0)
(0.076973 -0.000291414 0)
(0.0768868 -0.000201117 0)
(0.0768042 -0.000111686 0)
(0.0767255 -2.39124e-05 0)
(0.0766508 6.14217e-05 0)
(0.0765801 0.000143547 0)
(0.0765135 0.000221716 0)
(0.0764511 0.000295202 0)
(0.0763928 0.000363299 0)
(0.0763387 0.000425319 0)
(0.0762886 0.000480549 0)
(0.0762426 0.000528322 0)
(0.0762011 0.000567613 0)
(0.0761646 0.000599604 0)
(0.0761387 0.000605162 0)
(0.0928396 -0.00218072 0)
(0.0929022 -0.0026588 0)
(0.093209 -0.00293124 0)
(0.093676 -0.00311853 0)
(0.0942988 -0.00326338 0)
(0.0950173 -0.00339077 0)
(0.0957982 -0.00350937 0)
(0.0966166 -0.00362221 0)
(0.0974562 -0.00373057 0)
(0.0983056 -0.00383533 0)
(0.0991572 -0.00393755 0)
(0.100005 -0.00403837 0)
(0.100846 -0.00413902 0)
(0.101676 -0.00424072 0)
(0.102493 -0.00434464 0)
(0.103296 -0.00445191 0)
(0.104083 -0.00456357 0)
(0.104854 -0.00468065 0)
(0.105608 -0.00480412 0)
(0.106346 -0.00493492 0)
(0.107066 -0.00507399 0)
(0.107769 -0.00522221 0)
(0.108455 -0.00538048 0)
(0.109125 -0.00554962 0)
(0.109777 -0.00573045 0)
(0.110412 -0.00592372 0)
(0.111031 -0.0061301 0)
(0.111631 -0.0063502 0)
(0.112214 -0.00658447 0)
(0.112778 -0.00683326 0)
(0.113323 -0.00709671 0)
(0.113848 -0.00737478 0)
(0.11435 -0.00766717 0)
(0.114829 -0.00797333 0)
(0.115281 -0.00829239 0)
(0.115705 -0.00862313 0)
(0.116098 -0.00896397 0)
(0.116456 -0.00931296 0)
(0.116775 -0.00966771 0)
(0.117051 -0.0100254 0)
(0.117279 -0.0103828 0)
(0.117453 -0.0107363 0)
(0.117568 -0.0110818 0)
(0.117616 -0.0114149 0)
(0.117592 -0.0117308 0)
(0.117488 -0.0120246 0)
(0.117295 -0.0122909 0)
(0.117007 -0.0125244 0)
(0.116615 -0.0127196 0)
(0.116113 -0.0128714 0)
(0.115491 -0.0129745 0)
(0.114746 -0.0130242 0)
(0.113871 -0.0130164 0)
(0.112862 -0.0129476 0)
(0.111717 -0.0128153 0)
(0.110438 -0.012618 0)
(0.109027 -0.0123557 0)
(0.107489 -0.0120295 0)
(0.105833 -0.0116421 0)
(0.104072 -0.0111976 0)
(0.102218 -0.0107012 0)
(0.10029 -0.0101597 0)
(0.0983063 -0.00958022 0)
(0.096287 -0.008971 0)
(0.0942536 -0.0083404 0)
(0.0922274 -0.00769683 0)
(0.0902291 -0.00704841 0)
(0.088278 -0.0064027 0)
(0.0863919 -0.00576648 0)
(0.0845861 -0.00514559 0)
(0.0828732 -0.00454485 0)
(0.0812636 -0.00396802 0)
(0.0797643 -0.00341787 0)
(0.0783804 -0.00289619 0)
(0.077114 -0.00240397 0)
(0.0759655 -0.00194145 0)
(0.0749334 -0.00150834 0)
(0.0740145 -0.00110388 0)
(0.0732046 -0.000726992 0)
(0.0724988 -0.000376385 0)
(0.0718914 -5.06415e-05 0)
(0.0713764 0.000251716 0)
(0.0709475 0.000532165 0)
(0.0705985 0.000792148 0)
(0.0703233 0.00103305 0)
(0.0701157 0.00125616 0)
(0.0699701 0.0014627 0)
(0.0698809 0.00165378 0)
(0.0698429 0.00183045 0)
(0.0698511 0.00199365 0)
(0.069901 0.00214423 0)
(0.0699882 0.00228299 0)
(0.0701088 0.00241064 0)
(0.0702589 0.00252784 0)
(0.0704352 0.00263518 0)
(0.0706345 0.0027332 0)
(0.0708537 0.00282239 0)
(0.0710902 0.0029032 0)
(0.0713414 0.00297603 0)
(0.0716051 0.00304125 0)
(0.071879 0.0030992 0)
(0.0721612 0.00315017 0)
(0.0724499 0.00319442 0)
(0.0727435 0.00323221 0)
(0.0730402 0.00326373 0)
(0.0733389 0.00328919 0)
(0.073638 0.00330875 0)
(0.0739364 0.00332254 0)
(0.074233 0.00333069 0)
(0.0745267 0.00333332 0)
(0.0748166 0.00333051 0)
(0.0751018 0.00332234 0)
(0.0753815 0.00330886 0)
(0.0756548 0.00329015 0)
(0.0759212 0.00326624 0)
(0.07618 0.00323719 0)
(0.0764306 0.00320302 0)
(0.0766724 0.00316377 0)
(0.076905 0.0031195 0)
(0.0771279 0.00307024 0)
(0.0773409 0.00301604 0)
(0.0775434 0.00295696 0)
(0.0777352 0.00289307 0)
(0.0779161 0.00282444 0)
(0.0780858 0.00275118 0)
(0.0782443 0.00267339 0)
(0.0783913 0.0025912 0)
(0.0785268 0.00250474 0)
(0.0786508 0.00241418 0)
(0.0787633 0.00231969 0)
(0.0788643 0.00222147 0)
(0.0789539 0.00211972 0)
(0.0790322 0.00201469 0)
(0.0790994 0.00190661 0)
(0.0791557 0.00179577 0)
(0.0792013 0.00168242 0)
(0.0792364 0.00156688 0)
(0.0792613 0.00144944 0)
(0.0792763 0.00133044 0)
(0.0792816 0.00121021 0)
(0.0792777 0.00108909 0)
(0.0792647 0.000967432 0)
(0.079243 0.000845605 0)
(0.079213 0.000723977 0)
(0.0791748 0.000602923 0)
(0.0791289 0.000482827 0)
(0.0790755 0.000364075 0)
(0.0790149 0.000247057 0)
(0.0789474 0.000132166 0)
(0.0788731 1.97992e-05 0)
(0.0787924 -8.96478e-05 0)
(0.0787053 -0.000195778 0)
(0.0786122 -0.000298197 0)
(0.0785132 -0.00039651 0)
(0.0784084 -0.00049033 0)
(0.0782981 -0.000579275 0)
(0.0781822 -0.000662971 0)
(0.078061 -0.000741056 0)
(0.0779345 -0.000813181 0)
(0.077803 -0.000879016 0)
(0.0776665 -0.000938249 0)
(0.0775252 -0.000990595 0)
(0.0773793 -0.00103579 0)
(0.077229 -0.00107362 0)
(0.0770745 -0.00110389 0)
(0.0769161 -0.00112645 0)
(0.0767541 -0.00114119 0)
(0.0765888 -0.00114806 0)
(0.0764207 -0.00114704 0)
(0.0762503 -0.00113819 0)
(0.0760781 -0.0011216 0)
(0.0759046 -0.00109744 0)
(0.0757304 -0.00106592 0)
(0.0755564 -0.00102731 0)
(0.075383 -0.000981935 0)
(0.0752112 -0.000930189 0)
(0.0750417 -0.000872506 0)
(0.0748753 -0.000809374 0)
(0.0747127 -0.000741326 0)
(0.0745548 -0.000668939 0)
(0.0744024 -0.000592826 0)
(0.0742561 -0.000513635 0)
(0.0741166 -0.000432038 0)
(0.0739846 -0.000348734 0)
(0.0738607 -0.000264434 0)
(0.0737452 -0.000179862 0)
(0.0736387 -9.57458e-05 0)
(0.0735413 -1.28139e-05 0)
(0.0734533 6.82128e-05 0)
(0.0733748 0.000146624 0)
(0.0733058 0.000221726 0)
(0.0732461 0.00029284 0)
(0.0731956 0.000359307 0)
(0.073154 0.000420473 0)
(0.0731209 0.0004757 0)
(0.0730959 0.00052425 0)
(0.0730785 0.000565465 0)
(0.0730685 0.000598034 0)
(0.0730656 0.000623992 0)
(0.0730746 0.000618083 0)
(0.128153 -0.0021313 0)
(0.128102 -0.0026336 0)
(0.128033 -0.00300868 0)
(0.128011 -0.00328632 0)
(0.128038 -0.00350335 0)
(0.12811 -0.00368259 0)
(0.128216 -0.00383728 0)
(0.128346 -0.00397485 0)
(0.128492 -0.00409974 0)
(0.128646 -0.00421495 0)
(0.128804 -0.00432281 0)
(0.12896 -0.00442532 0)
(0.129111 -0.00452429 0)
(0.129255 -0.00462136 0)
(0.129388 -0.00471809 0)
(0.129508 -0.00481592 0)
(0.129615 -0.00491621 0)
(0.129705 -0.00502022 0)
(0.129778 -0.00512917 0)
(0.129834 -0.00524418 0)
(0.129869 -0.00536632 0)
(0.129884 -0.00549663 0)
(0.129878 -0.00563607 0)
(0.12985 -0.00578551 0)
(0.129797 -0.0059458 0)
(0.12972 -0.00611767 0)
(0.129617 -0.00630176 0)
(0.129486 -0.00649858 0)
(0.129326 -0.00670851 0)
(0.129134 -0.00693176 0)
(0.128908 -0.0071683 0)
(0.128647 -0.00741792 0)
(0.128347 -0.00768009 0)
(0.128004 -0.007954 0)
(0.127615 -0.00823849 0)
(0.127177 -0.00853202 0)
(0.126685 -0.00883265 0)
(0.126133 -0.00913797 0)
(0.125517 -0.00944516 0)
(0.12483 -0.0097509 0)
(0.124067 -0.0100514 0)
(0.12322 -0.0103424 0)
(0.122284 -0.0106194 0)
(0.121249 -0.0108772 0)
(0.12011 -0.0111105 0)
(0.118858 -0.0113138 0)
(0.117488 -0.0114816 0)
(0.115991 -0.0116081 0)
(0.114364 -0.0116881 0)
(0.112601 -0.0117166 0)
(0.1107 -0.0116892 0)
(0.108661 -0.0116022 0)
(0.106486 -0.0114532 0)
(0.104179 -0.0112407 0)
(0.10175 -0.0109649 0)
(0.0992101 -0.0106275 0)
(0.096574 -0.0102319 0)
(0.0938608 -0.00978285 0)
(0.0910922 -0.00928674 0)
(0.0882926 -0.00875111 0)
(0.0854882 -0.00818439 0)
(0.082706 -0.00759559 0)
(0.079973 -0.0069939 0)
(0.0773148 -0.00638831 0)
(0.0747553 -0.00578726 0)
(0.0723151 -0.00519828 0)
(0.0700114 -0.00462778 0)
(0.0678575 -0.00408085 0)
(0.0658626 -0.00356123 0)
(0.0640322 -0.0030713 0)
(0.0623679 -0.00261226 0)
(0.0608685 -0.00218426 0)
(0.0595302 -0.00178661 0)
(0.0583472 -0.00141804 0)
(0.0573122 -0.00107689 0)
(0.0564169 -0.000761269 0)
(0.0556527 -0.000469199 0)
(0.0550104 -0.000198735 0)
(0.0544812 5.19777e-05 0)
(0.0540563 0.00028466 0)
(0.0537272 0.000500877 0)
(0.0534861 0.000702037 0)
(0.0533254 0.000889392 0)
(0.0532381 0.00106405 0)
(0.0532177 0.00122698 0)
(0.0532582 0.00137906 0)
(0.0533539 0.00152103 0)
(0.0534997 0.00165357 0)
(0.0536909 0.00177728 0)
(0.053923 0.00189267 0)
(0.0541919 0.00200023 0)
(0.054494 0.00210036 0)
(0.0548258 0.00219345 0)
(0.0551841 0.00227983 0)
(0.0555659 0.00235981 0)
(0.0559686 0.00243365 0)
(0.0563895 0.0025016 0)
(0.0568265 0.00256388 0)
(0.0572772 0.0026207 0)
(0.0577396 0.00267222 0)
(0.058212 0.00271861 0)
(0.0586926 0.00276 0)
(0.0591796 0.00279652 0)
(0.0596717 0.00282828 0)
(0.0601674 0.00285537 0)
(0.0606653 0.00287785 0)
(0.0611642 0.00289581 0)
(0.061663 0.00290928 0)
(0.0621604 0.0029183 0)
(0.0626556 0.00292291 0)
(0.0631473 0.00292313 0)
(0.0636348 0.00291895 0)
(0.0641172 0.0029104 0)
(0.0645934 0.00289746 0)
(0.0650629 0.00288014 0)
(0.0655247 0.00285842 0)
(0.0659782 0.0028323 0)
(0.0664226 0.00280176 0)
(0.0668573 0.00276682 0)
(0.0672816 0.00272746 0)
(0.067695 0.00268371 0)
(0.0680968 0.00263557 0)
(0.0684866 0.00258308 0)
(0.0688638 0.00252627 0)
(0.069228 0.0024652 0)
(0.0695786 0.00239993 0)
(0.0699155 0.00233056 0)
(0.070238 0.00225718 0)
(0.070546 0.0021799 0)
(0.0708392 0.00209888 0)
(0.0711172 0.00201425 0)
(0.0713799 0.00192621 0)
(0.071627 0.00183493 0)
(0.0718585 0.00174063 0)
(0.0720743 0.00164355 0)
(0.0722741 0.00154393 0)
(0.072458 0.00144203 0)
(0.0726261 0.00133813 0)
(0.0727781 0.00123254 0)
(0.0729144 0.00112556 0)
(0.0730348 0.00101753 0)
(0.0731394 0.000908766 0)
(0.0732285 0.00079963 0)
(0.0733021 0.000690478 0)
(0.0733603 0.000581681 0)
(0.0734034 0.000473615 0)
(0.0734314 0.000366664 0)
(0.0734447 0.000261218 0)
(0.0734433 0.000157673 0)
(0.0734275 5.64265e-05 0)
(0.0733976 -4.21216e-05 0)
(0.0733537 -0.000137571 0)
(0.0732961 -0.000229524 0)
(0.0732251 -0.000317587 0)
(0.073141 -0.000401371 0)
(0.0730441 -0.000480499 0)
(0.0729348 -0.000554603 0)
(0.0728133 -0.000623332 0)
(0.0726802 -0.000686354 0)
(0.0725359 -0.000743359 0)
(0.0723809 -0.000794064 0)
(0.0722157 -0.000838215 0)
(0.072041 -0.000875593 0)
(0.0718574 -0.000906018 0)
(0.0716657 -0.00092935 0)
(0.0714667 -0.000945498 0)
(0.0712612 -0.000954415 0)
(0.0710503 -0.000956107 0)
(0.070835 -0.000950633 0)
(0.0706163 -0.000938105 0)
(0.0703953 -0.000918688 0)
(0.0701734 -0.000892601 0)
(0.0699518 -0.000860117 0)
(0.0697316 -0.000821556 0)
(0.0695143 -0.000777286 0)
(0.069301 -0.000727722 0)
(0.0690932 -0.000673315 0)
(0.0688921 -0.000614554 0)
(0.0686988 -0.000551958 0)
(0.0685145 -0.000486074 0)
(0.0683402 -0.00041747 0)
(0.0681771 -0.000346732 0)
(0.0680258 -0.000274458 0)
(0.0678872 -0.000201255 0)
(0.0677618 -0.000127736 0)
(0.0676502 -5.4511e-05 0)
(0.0675526 1.78093e-05 0)
(0.0674693 8.86221e-05 0)
(0.0674002 0.000157334 0)
(0.0673454 0.000223365 0)
(0.0673044 0.000286145 0)
(0.0672769 0.000345125 0)
(0.0672625 0.000399762 0)
(0.0672605 0.000449514 0)
(0.0672701 0.000493878 0)
(0.0672903 0.000532166 0)
(0.0673202 0.000563927 0)
(0.0673586 0.000587307 0)
(0.0674046 0.000607457 0)
(0.0674611 0.000593151 0)
(0.146521 -0.00177111 0)
(0.146271 -0.00217536 0)
(0.145963 -0.00254012 0)
(0.145633 -0.00285448 0)
(0.1453 -0.00312257 0)
(0.144972 -0.00335207 0)
(0.144646 -0.00354993 0)
(0.144319 -0.00372177 0)
(0.143987 -0.00387214 0)
(0.143645 -0.00400486 0)
(0.14329 -0.00412325 0)
(0.142919 -0.0042303 0)
(0.142531 -0.00432865 0)
(0.142122 -0.00442074 0)
(0.141692 -0.00450875 0)
(0.141238 -0.00459468 0)
(0.140761 -0.00468032 0)
(0.140258 -0.00476732 0)
(0.139729 -0.00485719 0)
(0.139172 -0.00495129 0)
(0.138587 -0.00505087 0)
(0.13797 -0.00515705 0)
(0.137323 -0.00527087 0)
(0.136642 -0.00539322 0)
(0.135926 -0.00552491 0)
(0.135173 -0.00566659 0)
(0.13438 -0.00581881 0)
(0.133545 -0.00598192 0)
(0.132666 -0.00615612 0)
(0.131739 -0.00634139 0)
(0.130761 -0.00653746 0)
(0.129727 -0.00674382 0)
(0.128633 -0.00695962 0)
(0.127476 -0.00718368 0)
(0.12625 -0.00741444 0)
(0.124949 -0.00764991 0)
(0.123568 -0.00788768 0)
(0.122101 -0.00812486 0)
(0.120542 -0.00835807 0)
(0.118884 -0.00858349 0)
(0.117121 -0.00879682 0)
(0.115246 -0.00899337 0)
(0.113254 -0.00916814 0)
(0.111138 -0.00931591 0)
(0.108894 -0.00943136 0)
(0.106517 -0.00950923 0)
(0.104007 -0.00954454 0)
(0.101362 -0.00953272 0)
(0.0985857 -0.00946984 0)
(0.095682 -0.00935282 0)
(0.0926598 -0.00917967 0)
(0.0895315 -0.00894965 0)
(0.0863132 -0.00866355 0)
(0.0830251 -0.00832381 0)
(0.0796913 -0.00793463 0)
(0.0763392 -0.007502 0)
(0.0729989 -0.00703352 0)
(0.0697017 -0.00653812 0)
(0.0664795 -0.00602554 0)
(0.0633628 -0.00550581 0)
(0.0603792 -0.00498863 0)
(0.0575529 -0.00448276 0)
(0.0549028 -0.00399558 0)
(0.0524429 -0.00353275 0)
(0.0501814 -0.00309811 0)
(0.0481218 -0.00269371 0)
(0.0462627 -0.00232007 0)
(0.0445991 -0.00197644 0)
(0.0431234 -0.00166119 0)
(0.0418256 -0.00137214 0)
(0.0406949 -0.00110689 0)
(0.0397196 -0.000862986 0)
(0.0388882 -0.0006381 0)
(0.0381893 -0.000430118 0)
(0.0376123 -0.000237167 0)
(0.0371468 -5.76161e-05 0)
(0.0367837 0.000109938 0)
(0.0365141 0.000266697 0)
(0.0363302 0.000413692 0)
(0.0362248 0.000551808 0)
(0.0361912 0.000681804 0)
(0.0362234 0.000804337 0)
(0.0363158 0.000919974 0)
(0.0364634 0.00102921 0)
(0.0366616 0.00113246 0)
(0.036906 0.00123011 0)
(0.0371927 0.00132246 0)
(0.0375182 0.0014098 0)
(0.0378791 0.00149238 0)
(0.0382723 0.00157039 0)
(0.0386949 0.00164402 0)
(0.0391443 0.00171344 0)
(0.0396181 0.00177878 0)
(0.0401138 0.00184017 0)
(0.0406294 0.00189772 0)
(0.0411629 0.00195152 0)
(0.0417123 0.00200165 0)
(0.042276 0.00204819 0)
(0.0428522 0.0020912 0)
(0.0434393 0.00213074 0)
(0.0440359 0.00216685 0)
(0.0446406 0.00219957 0)
(0.0452521 0.00222892 0)
(0.045869 0.00225494 0)
(0.0464902 0.00227763 0)
(0.0471145 0.002297 0)
(0.0477407 0.00231305 0)
(0.0483679 0.00232577 0)
(0.0489949 0.00233515 0)
(0.0496208 0.00234116 0)
(0.0502446 0.0023438 0)
(0.0508653 0.00234301 0)
(0.0514821 0.00233878 0)
(0.052094 0.00233107 0)
(0.0527001 0.00231984 0)
(0.0532997 0.00230505 0)
(0.0538918 0.00228668 0)
(0.0544756 0.00226468 0)
(0.0550503 0.00223903 0)
(0.0556152 0.0022097 0)
(0.0561694 0.00217669 0)
(0.0567123 0.00213998 0)
(0.0572429 0.00209957 0)
(0.0577608 0.00205548 0)
(0.0582651 0.00200773 0)
(0.0587551 0.00195637 0)
(0.0592303 0.00190145 0)
(0.05969 0.00184304 0)
(0.0601335 0.00178123 0)
(0.0605604 0.00171612 0)
(0.0609701 0.00164783 0)
(0.061362 0.00157651 0)
(0.0617358 0.00150231 0)
(0.0620908 0.00142542 0)
(0.0624268 0.00134602 0)
(0.0627434 0.00126434 0)
(0.0630402 0.0011806 0)
(0.0633168 0.00109504 0)
(0.0635731 0.00100795 0)
(0.0638089 0.000919581 0)
(0.0640238 0.000830243 0)
(0.0642178 0.00074024 0)
(0.0643907 0.000649893 0)
(0.0645425 0.000559534 0)
(0.0646731 0.000469503 0)
(0.0647825 0.000380153 0)
(0.0648708 0.000291841 0)
(0.0649381 0.000204932 0)
(0.0649845 0.000119794 0)
(0.0650101 3.67975e-05 0)
(0.0650152 -4.36862e-05 0)
(0.0650002 -0.000121289 0)
(0.0649652 -0.000195645 0)
(0.0649108 -0.0002664 0)
(0.0648374 -0.000333207 0)
(0.0647456 -0.000395733 0)
(0.0646359 -0.000453663 0)
(0.0645091 -0.000506702 0)
(0.0643659 -0.000554581 0)
(0.0642072 -0.000597058 0)
(0.064034 -0.000633923 0)
(0.0638473 -0.000665001 0)
(0.0636483 -0.000690158 0)
(0.0634381 -0.000709299 0)
(0.0632182 -0.000722376 0)
(0.0629899 -0.000729383 0)
(0.0627547 -0.000730366 0)
(0.0625143 -0.000725414 0)
(0.0622702 -0.000714666 0)
(0.0620241 -0.000698306 0)
(0.0617778 -0.000676561 0)
(0.061533 -0.000649699 0)
(0.0612914 -0.000618026 0)
(0.0610548 -0.000581882 0)
(0.0608247 -0.000541634 0)
(0.0606029 -0.000497674 0)
(0.0603908 -0.000450417 0)
(0.0601899 -0.000400289 0)
(0.0600016 -0.00034773 0)
(0.0598269 -0.000293189 0)
(0.0596671 -0.000237118 0)
(0.0595229 -0.000179973 0)
(0.0593951 -0.000122207 0)
(0.0592843 -6.4274e-05 0)
(0.0591908 -6.6249e-06 0)
(0.0591149 5.02945e-05 0)
(0.0590566 0.000106043 0)
(0.0590159 0.000160186 0)
(0.0589924 0.000212294 0)
(0.0589857 0.000261949 0)
(0.0589953 0.000308738 0)
(0.0590203 0.000352258 0)
(0.05906 0.00039213 0)
(0.0591134 0.000427916 0)
(0.0591791 0.000459358 0)
(0.0592561 0.000485788 0)
(0.0593425 0.000507546 0)
(0.0594363 0.000520935 0)
(0.0595372 0.000537098 0)
(0.0596483 0.000523515 0)
(0.145996 -0.00152953 0)
(0.145627 -0.00187425 0)
(0.145178 -0.0021963 0)
(0.144668 -0.00248112 0)
(0.144108 -0.0027257 0)
(0.143506 -0.00293255 0)
(0.142866 -0.00310625 0)
(0.142189 -0.00325178 0)
(0.141475 -0.00337391 0)
(0.140724 -0.00347695 0)
(0.139938 -0.00356474 0)
(0.139117 -0.00364062 0)
(0.138262 -0.00370754 0)
(0.137372 -0.00376806 0)
(0.136449 -0.00382444 0)
(0.135492 -0.00387868 0)
(0.134501 -0.00393251 0)
(0.133477 -0.00398748 0)
(0.132419 -0.00404497 0)
(0.131325 -0.00410619 0)
(0.130195 -0.00417218 0)
(0.129027 -0.00424386 0)
(0.12782 -0.00432203 0)
(0.126571 -0.00440733 0)
(0.125278 -0.00450027 0)
(0.123938 -0.00460123 0)
(0.122548 -0.00471041 0)
(0.121105 -0.00482785 0)
(0.119605 -0.00495337 0)
(0.118043 -0.00508658 0)
(0.116416 -0.00522684 0)
(0.114718 -0.00537322 0)
(0.112945 -0.00552448 0)
(0.11109 -0.00567902 0)
(0.109149 -0.00583489 0)
(0.107116 -0.00598974 0)
(0.104986 -0.00614078 0)
(0.102753 -0.00628485 0)
(0.100413 -0.00641835 0)
(0.0979599 -0.00653733 0)
(0.0953917 -0.00663752 0)
(0.0927056 -0.00671443 0)
(0.0899006 -0.0067635 0)
(0.0869778 -0.00678026 0)
(0.0839408 -0.00676052 0)
(0.0807958 -0.00670063 0)
(0.0775528 -0.00659777 0)
(0.0742251 -0.00645017 0)
(0.0708303 -0.00625741 0)
(0.06739 -0.00602063 0)
(0.0639296 -0.00574269 0)
(0.0604778 -0.00542828 0)
(0.0570657 -0.00508378 0)
(0.0537252 -0.00471708 0)
(0.0504881 -0.00433705 0)
(0.0473838 -0.00395294 0)
(0.0444382 -0.00357362 0)
(0.0416722 -0.00320685 0)
(0.0391012 -0.0028587 0)
(0.0367345 -0.0025333 0)
(0.0345756 -0.00223277 0)
(0.0326228 -0.00195751 0)
(0.0308702 -0.00170659 0)
(0.0293086 -0.00147821 0)
(0.0279269 -0.00127014 0)
(0.0267125 -0.00108005 0)
(0.0256529 -0.000905759 0)
(0.0247354 -0.000745325 0)
(0.0239483 -0.000597101 0)
(0.0232806 -0.000459701 0)
(0.0227222 -0.000331956 0)
(0.0222639 -0.000212859 0)
(0.0218974 -0.000101523 0)
(0.0216153 2.84155e-06 0)
(0.0214107 0.000100953 0)
(0.0212776 0.000193457 0)
(0.0212104 0.000280936 0)
(0.021204 0.000363903 0)
(0.0212539 0.000442809 0)
(0.0213559 0.000518041 0)
(0.0215062 0.000589926 0)
(0.0217012 0.000658736 0)
(0.0219379 0.000724697 0)
(0.0222132 0.00078799 0)
(0.0225244 0.000848759 0)
(0.0228691 0.000907121 0)
(0.0232449 0.000963163 0)
(0.0236497 0.00101695 0)
(0.0240814 0.00106854 0)
(0.0245382 0.00111797 0)
(0.0250182 0.00116526 0)
(0.0255199 0.00121043 0)
(0.0260415 0.0012535 0)
(0.0265816 0.00129447 0)
(0.0271387 0.00133335 0)
(0.0277116 0.00137013 0)
(0.0282988 0.00140482 0)
(0.0288991 0.00143741 0)
(0.0295113 0.00146789 0)
(0.0301342 0.00149625 0)
(0.0307668 0.00152248 0)
(0.0314078 0.00154657 0)
(0.0320563 0.0015685 0)
(0.0327112 0.00158825 0)
(0.0333715 0.0016058 0)
(0.0340362 0.00162111 0)
(0.0347043 0.00163416 0)
(0.0353749 0.00164491 0)
(0.036047 0.00165334 0)
(0.0367196 0.00165939 0)
(0.0373919 0.00166303 0)
(0.0380629 0.00166421 0)
(0.0387317 0.0016629 0)
(0.0393974 0.00165903 0)
(0.0400589 0.00165256 0)
(0.0407156 0.00164346 0)
(0.0413663 0.00163167 0)
(0.0420102 0.00161716 0)
(0.0426463 0.00159989 0)
(0.0432739 0.00157983 0)
(0.0438918 0.00155695 0)
(0.0444993 0.00153124 0)
(0.0450954 0.00150268 0)
(0.0456793 0.00147129 0)
(0.0462499 0.00143707 0)
(0.0468066 0.00140005 0)
(0.0473483 0.00136026 0)
(0.0478742 0.00131776 0)
(0.0483836 0.00127262 0)
(0.0488755 0.00122491 0)
(0.0493492 0.00117473 0)
(0.049804 0.0011222 0)
(0.050239 0.00106745 0)
(0.0506537 0.00101061 0)
(0.0510473 0.00095186 0)
(0.0514193 0.000891367 0)
(0.0517689 0.000829327 0)
(0.0520958 0.000765948 0)
(0.0523993 0.000701453 0)
(0.0526792 0.000636076 0)
(0.0529349 0.000570068 0)
(0.0531662 0.000503688 0)
(0.0533728 0.000437208 0)
(0.0535545 0.000370908 0)
(0.0537111 0.000305075 0)
(0.0538427 0.000240004 0)
(0.0539493 0.000175994 0)
(0.0540309 0.000113346 0)
(0.0540877 5.23621e-05 0)
(0.05412 -6.65679e-06 0)
(0.0541282 -6.34144e-05 0)
(0.0541128 -0.000117621 0)
(0.0540743 -0.000168997 0)
(0.0540135 -0.000217273 0)
(0.053931 -0.000262198 0)
(0.0538279 -0.000303537 0)
(0.053705 -0.00034108 0)
(0.0535637 -0.000374638 0)
(0.053405 -0.000404053 0)
(0.0532305 -0.000429196 0)
(0.0530414 -0.000449972 0)
(0.0528395 -0.000466321 0)
(0.0526264 -0.000478219 0)
(0.0524038 -0.000485678 0)
(0.0521736 -0.000488751 0)
(0.0519377 -0.000487523 0)
(0.0516979 -0.000482117 0)
(0.0514563 -0.000472688 0)
(0.0512147 -0.000459422 0)
(0.0509753 -0.00044253 0)
(0.0507397 -0.000422247 0)
(0.05051 -0.000398827 0)
(0.0502878 -0.000372537 0)
(0.0500749 -0.000343658 0)
(0.0498729 -0.000312475 0)
(0.0496832 -0.000279276 0)
(0.049507 -0.000244352 0)
(0.0493457 -0.000207992 0)
(0.0492002 -0.000170482 0)
(0.0490714 -0.000132105 0)
(0.0489598 -9.31403e-05 0)
(0.0488662 -5.38624e-05 0)
(0.0487908 -1.45447e-05 0)
(0.0487338 2.45423e-05 0)
(0.0486953 6.31287e-05 0)
(0.0486751 0.000100946 0)
(0.0486729 0.000137724 0)
(0.0486884 0.000173193 0)
(0.048721 0.000207086 0)
(0.0487699 0.000239131 0)
(0.0488343 0.000269069 0)
(0.0489133 0.000296628 0)
(0.0490058 0.000321578 0)
(0.0491106 0.000343645 0)
(0.0492263 0.000362757 0)
(0.0493514 0.000378139 0)
(0.0494844 0.00039219 0)
(0.0496212 0.000397013 0)
(0.0497626 0.000410822 0)
(0.0499213 0.000411295 0)
(0.126614 -0.00124006 0)
(0.126088 -0.00149505 0)
(0.125458 -0.00173321 0)
(0.124734 -0.0019415 0)
(0.123926 -0.00211538 0)
(0.123043 -0.00225594 0)
(0.122092 -0.00236713 0)
(0.121081 -0.00245384 0)
(0.120013 -0.00252089 0)
(0.118896 -0.00257262 0)
(0.117732 -0.00261271 0)
(0.116527 -0.0026442 0)
(0.115283 -0.00266962 0)
(0.114004 -0.0026911 0)
(0.112692 -0.0027104 0)
(0.111347 -0.00272903 0)
(0.109971 -0.00274826 0)
(0.108565 -0.00276921 0)
(0.107127 -0.00279279 0)
(0.105658 -0.00281979 0)
(0.104155 -0.00285085 0)
(0.102617 -0.00288648 0)
(0.101043 -0.00292706 0)
(0.0994285 -0.00297285 0)
(0.0977717 -0.00302394 0)
(0.0960691 -0.00308031 0)
(0.094317 -0.00314176 0)
(0.0925116 -0.00320792 0)
(0.0906488 -0.00327822 0)
(0.0887244 -0.00335189 0)
(0.0867339 -0.00342791 0)
(0.0846732 -0.003505 0)
(0.0825381 -0.00358162 0)
(0.0803248 -0.00365592 0)
(0.0780299 -0.00372578 0)
(0.0756509 -0.00378877 0)
(0.0731861 -0.00384223 0)
(0.0706351 -0.00388325 0)
(0.067999 -0.0039088 0)
(0.065281 -0.00391583 0)
(0.0624865 -0.00390143 0)
(0.0596233 -0.00386302 0)
(0.0567024 -0.00379862 0)
(0.0537376 -0.00370705 0)
(0.0507461 -0.00358823 0)
(0.0477478 -0.00344327 0)
(0.0447653 -0.00327461 0)
(0.041823 -0.00308592 0)
(0.0389464 -0.00288189 0)
(0.0361606 -0.00266794 0)
(0.0334895 -0.0024497 0)
(0.0309539 -0.00223265 0)
(0.0285707 -0.00202157 0)
(0.0263519 -0.00182028 0)
(0.0243042 -0.00163135 0)
(0.0224292 -0.00145615 0)
(0.0207245 -0.00129497 0)
(0.0191843 -0.00114728 0)
(0.0178004 -0.00101204 0)
(0.0165637 -0.000888009 0)
(0.0154642 -0.000773963 0)
(0.0144918 -0.00066883 0)
(0.0136369 -0.000571749 0)
(0.01289 -0.000482066 0)
(0.0122425 -0.000399274 0)
(0.0116861 -0.000322945 0)
(0.0112133 -0.000252655 0)
(0.0108174 -0.00018794 0)
(0.010492 -0.000128276 0)
(0.0102316 -7.30933e-05 0)
(0.010031 -2.1801e-05 0)
(0.00988568 2.61798e-05 0)
(0.00979153 7.13864e-05 0)
(0.00974486 0.000114295 0)
(0.00974239 0.000155308 0)
(0.00978119 0.000194758 0)
(0.00985863 0.000232903 0)
(0.00997235 0.000269943 0)
(0.0101203 0.000306023 0)
(0.0103004 0.000341249 0)
(0.0105111 0.00037569 0)
(0.0107507 0.00040939 0)
(0.0110178 0.000442371 0)
(0.011311 0.000474642 0)
(0.011629 0.000506197 0)
(0.0119707 0.000537024 0)
(0.0123348 0.000567102 0)
(0.0127203 0.000596407 0)
(0.0131262 0.00062491 0)
(0.0135515 0.000652582 0)
(0.0139951 0.00067939 0)
(0.0144561 0.000705303 0)
(0.0149336 0.000730288 0)
(0.0154267 0.000754313 0)
(0.0159345 0.000777347 0)
(0.0164561 0.00079936 0)
(0.0169906 0.000820322 0)
(0.0175373 0.000840203 0)
(0.0180952 0.000858977 0)
(0.0186635 0.000876613 0)
(0.0192413 0.000893084 0)
(0.0198279 0.000908361 0)
(0.0204225 0.000922415 0)
(0.0210241 0.000935216 0)
(0.021632 0.000946734 0)
(0.0222453 0.000956934 0)
(0.0228631 0.000965786 0)
(0.0234848 0.000973252 0)
(0.0241093 0.000979297 0)
(0.0247358 0.000983883 0)
(0.0253636 0.000986971 0)
(0.0259916 0.000988523 0)
(0.026619 0.000988497 0)
(0.0272448 0.000986854 0)
(0.0278683 0.000983555 0)
(0.0284884 0.000978562 0)
(0.0291042 0.000971839 0)
(0.0297147 0.000963353 0)
(0.030319 0.000953074 0)
(0.030916 0.000940977 0)
(0.0315049 0.000927042 0)
(0.0320846 0.000911255 0)
(0.0326541 0.000893609 0)
(0.0332123 0.000874106 0)
(0.0337584 0.000852754 0)
(0.0342913 0.000829573 0)
(0.0348101 0.000804592 0)
(0.0353136 0.000777851 0)
(0.0358011 0.0007494 0)
(0.0362714 0.000719304 0)
(0.0367238 0.000687635 0)
(0.0371574 0.000654482 0)
(0.0375712 0.000619942 0)
(0.0379645 0.000584128 0)
(0.0383365 0.000547161 0)
(0.0386865 0.000509177 0)
(0.0390139 0.000470322 0)
(0.039318 0.000430752 0)
(0.0395983 0.000390632 0)
(0.0398544 0.000350138 0)
(0.0400859 0.000309454 0)
(0.0402925 0.000268768 0)
(0.0404739 0.000228277 0)
(0.0406302 0.00018818 0)
(0.0407612 0.00014868 0)
(0.0408671 0.000109979 0)
(0.0409482 7.22802e-05 0)
(0.0410046 3.57834e-05 0)
(0.0410368 6.83736e-07 0)
(0.0410455 -3.28305e-05 0)
(0.0410312 -6.45798e-05 0)
(0.0409948 -9.43959e-05 0)
(0.0409372 -0.000122124 0)
(0.0408595 -0.000147624 0)
(0.0407628 -0.000170775 0)
(0.0406483 -0.000191474 0)
(0.0405175 -0.000209639 0)
(0.0403718 -0.000225211 0)
(0.0402129 -0.000238154 0)
(0.0400423 -0.000248455 0)
(0.0398618 -0.000256126 0)
(0.0396732 -0.000261199 0)
(0.0394782 -0.000263732 0)
(0.0392787 -0.000263802 0)
(0.0390766 -0.000261503 0)
(0.0388736 -0.000256947 0)
(0.0386715 -0.00025026 0)
(0.038472 -0.000241578 0)
(0.0382769 -0.000231045 0)
(0.0380877 -0.000218812 0)
(0.0379058 -0.00020503 0)
(0.0377328 -0.000189853 0)
(0.0375698 -0.000173433 0)
(0.0374181 -0.000155919 0)
(0.0372786 -0.000137457 0)
(0.0371523 -0.000118186 0)
(0.03704 -9.82426e-05 0)
(0.0369424 -7.77589e-05 0)
(0.0368598 -5.68629e-05 0)
(0.0367929 -3.56801e-05 0)
(0.0367418 -1.43346e-05 0)
(0.0367066 7.04928e-06 0)
(0.0366875 2.83464e-05 0)
(0.0366843 4.9429e-05 0)
(0.0366969 7.01658e-05 0)
(0.0367249 9.04213e-05 0)
(0.036768 0.000110055 0)
(0.0368255 0.000128924 0)
(0.0368969 0.000146878 0)
(0.0369815 0.000163771 0)
(0.0370783 0.00017944 0)
(0.0371865 0.000193767 0)
(0.0373049 0.000206599 0)
(0.0374325 0.000217737 0)
(0.0375682 0.000227792 0)
(0.0377098 0.000234284 0)
(0.0378579 0.000244708 0)
(0.0380072 0.000243854 0)
(0.0381533 0.00025479 0)
(0.0383364 0.000277628 0)
(0.088212 -0.000809835 0)
(0.0875075 -0.000965697 0)
(0.0866826 -0.00109699 0)
(0.0857503 -0.00119608 0)
(0.0847275 -0.00126285 0)
(0.0836313 -0.00130198 0)
(0.0824767 -0.00132004 0)
(0.0812764 -0.00132346 0)
(0.0800403 -0.00131755 0)
(0.0787765 -0.00130624 0)
(0.0774909 -0.0012923 0)
(0.0761879 -0.00127758 0)
(0.0748706 -0.00126332 0)
(0.073541 -0.00125038 0)
(0.0722002 -0.00123937 0)
(0.0708486 -0.00123071 0)
(0.0694857 -0.00122472 0)
(0.0681109 -0.00122162 0)
(0.0667228 -0.00122152 0)
(0.0653196 -0.00122448 0)
(0.0638993 -0.00123046 0)
(0.0624594 -0.00123935 0)
(0.0609975 -0.00125099 0)
(0.0595107 -0.0012651 0)
(0.0579962 -0.00128137 0)
(0.056451 -0.00129937 0)
(0.0548724 -0.00131859 0)
(0.0532577 -0.00133844 0)
(0.0516044 -0.00135822 0)
(0.0499104 -0.00137713 0)
(0.0481744 -0.00139429 0)
(0.0463953 -0.00140874 0)
(0.0445733 -0.00141945 0)
(0.0427094 -0.00142535 0)
(0.0408058 -0.00142537 0)
(0.0388661 -0.00141851 0)
(0.0368957 -0.00140386 0)
(0.0349013 -0.00138069 0)
(0.0328917 -0.00134853 0)
(0.030877 -0.00130723 0)
(0.0288691 -0.00125705 0)
(0.026881 -0.00119869 0)
(0.0249263 -0.00113331 0)
(0.0230188 -0.0010625 0)
(0.0211719 -0.000988192 0)
(0.0193977 -0.000912512 0)
(0.017707 -0.00083758 0)
(0.0161084 -0.00076528 0)
(0.0146084 -0.000697038 0)
(0.0132113 -0.000633642 0)
(0.0119194 -0.000575144 0)
(0.0107328 -0.000520918 0)
(0.0096503 -0.000469879 0)
(0.00866886 -0.000420858 0)
(0.00778437 -0.000373013 0)
(0.00699176 -0.00032612 0)
(0.00628533 -0.00028062 0)
(0.00565906 -0.000237407 0)
(0.00510684 -0.000197487 0)
(0.00462272 -0.000161644 0)
(0.00420098 -0.000130245 0)
(0.00383629 -0.0001032 0)
(0.00352369 -8.00618e-05 0)
(0.00325864 -6.01746e-05 0)
(0.00303701 -4.28287e-05 0)
(0.00285507 -2.737e-05 0)
(0.00270945 -1.3259e-05 0)
(0.00259717 -8.56593e-08 0)
(0.00251559 1.24426e-05 0)
(0.0024624 2.45262e-05 0)
(0.00243562 3.62993e-05 0)
(0.00243356 4.78535e-05 0)
(0.00245476 5.92534e-05 0)
(0.002498 7.05486e-05 0)
(0.00256224 8.17785e-05 0)
(0.00264662 9.29758e-05 0)
(0.00275037 0.000104166 0)
(0.00287285 0.00011537 0)
(0.00301347 0.000126599 0)
(0.00317173 0.000137858 0)
(0.00334716 0.000149146 0)
(0.00353933 0.000160454 0)
(0.00374781 0.000171768 0)
(0.00397222 0.000183068 0)
(0.00421215 0.000194332 0)
(0.00446721 0.000205534 0)
(0.00473701 0.000216645 0)
(0.00502115 0.000227636 0)
(0.00531921 0.000238477 0)
(0.00563077 0.000249138 0)
(0.00595541 0.000259589 0)
(0.00629266 0.000269802 0)
(0.00664209 0.000279747 0)
(0.00700321 0.000289399 0)
(0.00737554 0.000298731 0)
(0.00775858 0.000307721 0)
(0.00815183 0.000316344 0)
(0.00855476 0.00032458 0)
(0.00896684 0.000332407 0)
(0.00938752 0.000339805 0)
(0.00981625 0.000346756 0)
(0.0102524 0.000353239 0)
(0.0106955 0.000359237 0)
(0.0111449 0.000364732 0)
(0.0116 0.000369703 0)
(0.0120601 0.000374134 0)
(0.0125246 0.000378004 0)
(0.0129929 0.000381294 0)
(0.0134643 0.000383984 0)
(0.0139381 0.000386055 0)
(0.0144135 0.000387486 0)
(0.0148899 0.000388256 0)
(0.0153665 0.000388345 0)
(0.0158426 0.000387733 0)
(0.0163173 0.000386402 0)
(0.0167899 0.000384332 0)
(0.0172595 0.000381506 0)
(0.0177253 0.00037791 0)
(0.0181865 0.000373531 0)
(0.0186421 0.000368358 0)
(0.0190913 0.000362385 0)
(0.0195332 0.000355607 0)
(0.019967 0.000348025 0)
(0.0203917 0.000339644 0)
(0.0208064 0.000330474 0)
(0.0212103 0.000320529 0)
(0.0216025 0.00030983 0)
(0.021982 0.000298403 0)
(0.0223482 0.000286279 0)
(0.0227001 0.000273498 0)
(0.023037 0.000260101 0)
(0.0233582 0.00024614 0)
(0.0236629 0.000231669 0)
(0.0239505 0.000216751 0)
(0.0242204 0.00020145 0)
(0.0244721 0.000185838 0)
(0.0247051 0.00016999 0)
(0.024919 0.000153985 0)
(0.0251135 0.000137905 0)
(0.0252884 0.000121835 0)
(0.0254435 0.000105859 0)
(0.0255787 9.00652e-05 0)
(0.0256942 7.45387e-05 0)
(0.02579 5.93646e-05 0)
(0.0258665 4.46259e-05 0)
(0.0259238 3.04022e-05 0)
(0.0259626 1.67693e-05 0)
(0.0259832 3.79794e-06 0)
(0.0259864 -8.44702e-06 0)
(0.0259729 -1.99073e-05 0)
(0.0259436 -3.0532e-05 0)
(0.0258993 -4.02782e-05 0)
(0.025841 -4.91116e-05 0)
(0.0257698 -5.70065e-05 0)
(0.025687 -6.39465e-05 0)
(0.0255935 -6.99239e-05 0)
(0.0254908 -7.49401e-05 0)
(0.02538 -7.90046e-05 0)
(0.0252626 -8.21352e-05 0)
(0.0251396 -8.43566e-05 0)
(0.0250126 -8.57001e-05 0)
(0.0248828 -8.62022e-05 0)
(0.0247514 -8.59042e-05 0)
(0.0246197 -8.48506e-05 0)
(0.0244889 -8.30887e-05 0)
(0.0243601 -8.0667e-05 0)
(0.0242343 -7.7635e-05 0)
(0.0241127 -7.4042e-05 0)
(0.0239962 -6.99364e-05 0)
(0.0238856 -6.53653e-05 0)
(0.0237816 -6.03742e-05 0)
(0.0236851 -5.50061e-05 0)
(0.0235967 -4.9302e-05 0)
(0.0235169 -4.33003e-05 0)
(0.0234462 -3.70374e-05 0)
(0.023385 -3.05473e-05 0)
(0.0233337 -2.38627e-05 0)
(0.0232925 -1.70149e-05 0)
(0.0232617 -1.00345e-05 0)
(0.0232414 -2.95261e-06 0)
(0.0232317 4.19925e-06 0)
(0.0232326 1.13878e-05 0)
(0.0232441 1.85773e-05 0)
(0.0232661 2.57295e-05 0)
(0.0232984 3.28021e-05 0)
(0.0233407 3.97494e-05 0)
(0.0233928 4.65213e-05 0)
(0.0234543 5.30647e-05 0)
(0.0235246 5.93222e-05 0)
(0.0236034 6.52353e-05 0)
(0.02369 7.07542e-05 0)
(0.0237837 7.5784e-05 0)
(0.023884 8.04697e-05 0)
(0.0239895 8.41821e-05 0)
(0.0241003 8.88421e-05 0)
(0.0242147 8.98571e-05 0)
(0.0243306 9.79972e-05 0)
(0.0244572 9.7062e-05 0)
(0.024557 0.000103356 0)
(0.0247321 0.000145958 0)
(0.032714 -0.00023621 0)
(0.0321104 -0.000259402 0)
(0.0314449 -0.000261984 0)
(0.0307437 -0.000247833 0)
(0.0300278 -0.000223984 0)
(0.0293104 -0.000197455 0)
(0.0285984 -0.000173198 0)
(0.0278948 -0.00015363 0)
(0.0272003 -0.000139182 0)
(0.026515 -0.000129168 0)
(0.0258385 -0.00012251 0)
(0.0251702 -0.000118187 0)
(0.0245094 -0.00011542 0)
(0.0238551 -0.000113691 0)
(0.0232064 -0.000112687 0)
(0.0225618 -0.000112225 0)
(0.0219201 -0.00011219 0)
(0.0212797 -0.000112497 0)
(0.020639 -0.000113067 0)
(0.0199967 -0.000113817 0)
(0.0193512 -0.000114658 0)
(0.0187011 -0.000115492 0)
(0.0180453 -0.000116215 0)
(0.0173827 -0.000116718 0)
(0.0167123 -0.000116887 0)
(0.0160337 -0.000116605 0)
(0.0153464 -0.000115759 0)
(0.0146506 -0.000114242 0)
(0.0139464 -0.000111962 0)
(0.0132348 -0.000108849 0)
(0.0125168 -0.000104869 0)
(0.011794 -0.000100031 0)
(0.0110685 -9.4402e-05 0)
(0.0103428 -8.81141e-05 0)
(0.0096196 -8.1368e-05 0)
(0.00890211 -7.44291e-05 0)
(0.00819375 -6.76107e-05 0)
(0.00749811 -6.12436e-05 0)
(0.0068189 -5.56294e-05 0)
(0.00615981 -5.09837e-05 0)
(0.00552446 -4.73764e-05 0)
(0.00491627 -4.46858e-05 0)
(0.00433841 -4.25865e-05 0)
(0.00379367 -4.05845e-05 0)
(0.00328438 -3.81059e-05 0)
(0.00281221 -3.46242e-05 0)
(0.00237813 -2.9794e-05 0)
(0.00198227 -2.35537e-05 0)
(0.00162388 -1.61603e-05 0)
(0.00130147 -8.14632e-06 0)
(0.00101292 -2.04463e-07 0)
(0.000755817 6.96274e-06 0)
(0.000527755 1.27868e-05 0)
(0.000326553 1.69299e-05 0)
(0.000150363 1.93155e-05 0)
(-2.41246e-06 2.00989e-05 0)
(-0.000133298 1.95999e-05 0)
(-0.000243918 1.82231e-05 0)
(-0.000336085 1.63836e-05 0)
(-0.000411762 1.44483e-05 0)
(-0.000472942 1.26967e-05 0)
(-0.000521509 1.13025e-05 0)
(-0.000559114 1.03356e-05 0)
(-0.000587123 9.7788e-06 0)
(-0.000606615 9.55608e-06 0)
(-0.000618415 9.5635e-06 0)
(-0.000623151 9.69694e-06 0)
(-0.000621303 9.87176e-06 0)
(-0.00061324 1.00326e-05 0)
(-0.000599252 1.01544e-05 0)
(-0.000579557 1.0237e-05 0)
(-0.000554318 1.02974e-05 0)
(-0.000523648 1.0361e-05 0)
(-0.000487612 1.0455e-05 0)
(-0.000446236 1.06034e-05 0)
(-0.000399516 1.08246e-05 0)
(-0.000347419 1.11304e-05 0)
(-0.000289899 1.15263e-05 0)
(-0.000226898 1.20128e-05 0)
(-0.000158354 1.25862e-05 0)
(-8.42077e-05 1.32401e-05 0)
(-4.40634e-06 1.39665e-05 0)
(8.10925e-05 1.47565e-05 0)
(0.000172318 1.56009e-05 0)
(0.000269284 1.64905e-05 0)
(0.000371989 1.74165e-05 0)
(0.000480411 1.83706e-05 0)
(0.000594512 1.93448e-05 0)
(0.000714237 2.03315e-05 0)
(0.000839509 2.13239e-05 0)
(0.000970238 2.23155e-05 0)
(0.00110631 2.33001e-05 0)
(0.00124761 2.42721e-05 0)
(0.00139399 2.52263e-05 0)
(0.00154529 2.61578e-05 0)
(0.00170135 2.70623e-05 0)
(0.00186198 2.79357e-05 0)
(0.00202699 2.87741e-05 0)
(0.00219617 2.95743e-05 0)
(0.0023693 3.03331e-05 0)
(0.00254616 3.10475e-05 0)
(0.00272649 3.17148e-05 0)
(0.00291007 3.23327e-05 0)
(0.00309662 3.28986e-05 0)
(0.00328588 3.34103e-05 0)
(0.00347757 3.38656e-05 0)
(0.00367141 3.42624e-05 0)
(0.00386708 3.45984e-05 0)
(0.00406429 3.48716e-05 0)
(0.00426272 3.50799e-05 0)
(0.00446203 3.52212e-05 0)
(0.00466189 3.52934e-05 0)
(0.00486195 3.52946e-05 0)
(0.00506184 3.52227e-05 0)
(0.00526119 3.50762e-05 0)
(0.00545963 3.48532e-05 0)
(0.00565675 3.45526e-05 0)
(0.00585218 3.41732e-05 0)
(0.00604548 3.37144e-05 0)
(0.00623627 3.31758e-05 0)
(0.00642412 3.25576e-05 0)
(0.00660861 3.18607e-05 0)
(0.00678934 3.10863e-05 0)
(0.00696587 3.02365e-05 0)
(0.00713781 2.93139e-05 0)
(0.00730474 2.83219e-05 0)
(0.00746629 2.72646e-05 0)
(0.00762206 2.61468e-05 0)
(0.00777169 2.49741e-05 0)
(0.00791485 2.37526e-05 0)
(0.00805121 2.2489e-05 0)
(0.00818047 2.11907e-05 0)
(0.00830237 1.98655e-05 0)
(0.00841667 1.85215e-05 0)
(0.00852318 1.71669e-05 0)
(0.00862173 1.58104e-05 0)
(0.0087122 1.44604e-05 0)
(0.00879449 1.31251e-05 0)
(0.00886858 1.18126e-05 0)
(0.00893446 1.05306e-05 0)
(0.00899217 9.28623e-06 0)
(0.0090418 8.08584e-06 0)
(0.0090835 6.93521e-06 0)
(0.00911742 5.83926e-06 0)
(0.00914379 4.80203e-06 0)
(0.00916287 3.82669e-06 0)
(0.00917495 2.91549e-06 0)
(0.00918035 2.06982e-06 0)
(0.00917945 1.29023e-06 0)
(0.00917262 5.76514e-07 0)
(0.00916029 -7.22154e-08 0)
(0.0091429 -6.57417e-07 0)
(0.00912089 -1.18102e-06 0)
(0.00909473 -1.64533e-06 0)
(0.00906491 -2.05291e-06 0)
(0.00903188 -2.40649e-06 0)
(0.00899615 -2.70891e-06 0)
(0.00895817 -2.96304e-06 0)
(0.00891842 -3.17174e-06 0)
(0.00887735 -3.33784e-06 0)
(0.00883541 -3.46409e-06 0)
(0.00879301 -3.55318e-06 0)
(0.00875056 -3.6077e-06 0)
(0.00870844 -3.63012e-06 0)
(0.00866701 -3.6228e-06 0)
(0.0086266 -3.58794e-06 0)
(0.00858754 -3.52754e-06 0)
(0.00855009 -3.44339e-06 0)
(0.00851453 -3.33702e-06 0)
(0.0084811 -3.20965e-06 0)
(0.00845001 -3.06219e-06 0)
(0.00842146 -2.8952e-06 0)
(0.00839562 -2.7089e-06 0)
(0.00837266 -2.50318e-06 0)
(0.00835272 -2.2776e-06 0)
(0.00833591 -2.03149e-06 0)
(0.00832234 -1.76398e-06 0)
(0.00831212 -1.4741e-06 0)
(0.00830532 -1.16084e-06 0)
(0.00830201 -8.2332e-07 0)
(0.00830224 -4.60879e-07 0)
(0.00830604 -7.32173e-08 0)
(0.00831344 3.39467e-07 0)
(0.00832444 7.76336e-07 0)
(0.00833903 1.2358e-06 0)
(0.00835716 1.71539e-06 0)
(0.00837877 2.21181e-06 0)
(0.00840377 2.72052e-06 0)
(0.00843204 3.23762e-06 0)
(0.00846344 3.75435e-06 0)
(0.00849778 4.27815e-06 0)
(0.00853488 4.77065e-06 0)
(0.00857441 5.34519e-06 0)
(0.00861656 5.73097e-06 0)
(0.00865969 6.69896e-06 0)
(0.00870825 6.79763e-06 0)
(0.00874967 9.14994e-06 0)
(0.00881692 1.05576e-05 0)
(0.00883941 1.20638e-05 0)
(0.00896225 3.76277e-05 0)
)
;

boundaryField
{
    inlet
    {
        type            fixedProfile;
        profile         table
        
21
(
(0 (0 0 0))
(0.05 (0.0285 0 0))
(0.1 (0.054 0 0))
(0.15 (0.0765 0 0))
(0.2 (0.096 0 0))
(0.25 (0.1125 0 0))
(0.3 (0.126 0 0))
(0.35 (0.1365 0 0))
(0.4 (0.144 0 0))
(0.45 (0.1485 0 0))
(0.5 (0.15 0 0))
(0.55 (0.1485 0 0))
(0.6 (0.144 0 0))
(0.65 (0.1365 0 0))
(0.7 (0.126 0 0))
(0.75 (0.1125 0 0))
(0.8 (0.096 0 0))
(0.85 (0.0765 0 0))
(0.9 (0.054 0 0))
(0.95 (0.0285 0 0))
(1 (0 0 0))
)
;
        direction       (0 1 0);
        origin          1;
        value           nonuniform List<vector> 8((0.034875 0 0) (0.091125 0 0) (0.128625 0 0) (0.147375 0 0) (0.147375 0 0) (0.128625 0 0) (0.091125 0 0) (0.034875 0 0));
    }
    outlet
    {
        type            zeroGradient;
    }
    walls
    {
        type            noSlip;
    }
    symwall
    {
        type            empty;
    }
}


// ************************************************************************* //
