/*--------------------------------*- C++ -*----------------------------------*\
| =========                 |                                                 |
| \\      /  F ield         | OpenFOAM: The Open Source CFD Toolbox           |
|  \\    /   O peration     | Version:  4.1                                   |
|   \\  /    A nd           | Web:      www.OpenFOAM.org                      |
|    \\/     M anipulation  |                                                 |
\*---------------------------------------------------------------------------*/
FoamFile
{
    version     2.0;
    format      ascii;
    class       volVectorField;
    location    "181";
    object      U;
}
// * * * * * * * * * * * * * * * * * * * * * * * * * * * * * * * * * * * * * //

dimensions      [0 1 -1 0 0 0 0];

internalField   nonuniform List<vector> 
3264
(
(7.68314e-06 -1.02011e-05 0)
(-7.17101e-05 1.37661e-05 0)
(-0.000265823 3.05522e-05 0)
(-0.000503793 3.33146e-05 0)
(-0.000770097 3.51662e-05 0)
(-0.00105621 3.43034e-05 0)
(-0.00135673 3.56325e-05 0)
(-0.00167609 3.71635e-05 0)
(-0.00201321 4.04624e-05 0)
(-0.00237337 4.49246e-05 0)
(-0.00275863 5.12751e-05 0)
(-0.00317379 5.95782e-05 0)
(-0.00362196 7.02648e-05 0)
(-0.00410657 8.34962e-05 0)
(-0.00462949 9.94005e-05 0)
(-0.00519143 0.000117853 0)
(-0.00579105 0.000138501 0)
(-0.00642494 0.000160702 0)
(-0.00708725 0.000183548 0)
(-0.00776974 0.000205911 0)
(-0.00846189 0.000226531 0)
(-0.00915115 0.00024412 0)
(-0.00982339 0.000257475 0)
(-0.0104634 0.000265572 0)
(-0.0110557 0.000267636 0)
(-0.0115846 0.000263176 0)
(-0.0120354 0.000251994 0)
(-0.0123944 0.000234165 0)
(-0.0126494 0.00021 0)
(-0.01279 0.000180009 0)
(-0.0128078 0.00014486 0)
(-0.0126967 0.00010534 0)
(-0.0124524 6.23229e-05 0)
(-0.012073 1.67451e-05 0)
(-0.0115589 -3.04141e-05 0)
(-0.0109126 -7.81494e-05 0)
(-0.0101385 -0.000125442 0)
(-0.00924346 -0.000171271 0)
(-0.00823605 -0.000214625 0)
(-0.00712698 -0.000254513 0)
(-0.00592882 -0.000289982 0)
(-0.00465597 -0.00032013 0)
(-0.00332455 -0.000344135 0)
(-0.00195224 -0.000361281 0)
(-0.000558126 -0.000370991 0)
(0.000837543 -0.000372866 0)
(0.00221369 -0.000366727 0)
(0.00354877 -0.000352659 0)
(0.00482127 -0.000331051 0)
(0.00601026 -0.000302626 0)
(0.00709603 -0.000268457 0)
(0.00806086 -0.000229958 0)
(0.00888973 -0.000188837 0)
(0.00957111 -0.000147006 0)
(0.0100977 -0.000106434 0)
(0.0104668 -6.89526e-05 0)
(0.0106811 -3.60268e-05 0)
(0.0107482 -8.54529e-06 0)
(0.0106807 1.33113e-05 0)
(0.0104954 3.0044e-05 0)
(0.0102121 4.26179e-05 0)
(0.00985282 5.20985e-05 0)
(0.00943935 5.92793e-05 0)
(0.00899227 6.4475e-05 0)
(0.00852911 6.75888e-05 0)
(0.00806352 6.84179e-05 0)
(0.00760521 6.70411e-05 0)
(0.00716051 6.40945e-05 0)
(0.00673328 6.07862e-05 0)
(0.00632555 5.85948e-05 0)
(0.00593779 5.87493e-05 0)
(0.0055693 6.17416e-05 0)
(0.00521883 6.71435e-05 0)
(0.00488541 7.38234e-05 0)
(0.00456904 8.04003e-05 0)
(0.00427116 8.56652e-05 0)
(0.00399477 8.87896e-05 0)
(0.00374423 8.93186e-05 0)
(0.003525 8.70565e-05 0)
(0.00334318 8.19525e-05 0)
(0.00320508 7.40388e-05 0)
(0.00311666 6.34175e-05 0)
(0.00308315 5.02734e-05 0)
(0.00310869 3.48877e-05 0)
(0.00319608 1.76415e-05 0)
(0.00334659 -9.93283e-07 0)
(0.0035599 -2.04732e-05 0)
(0.00383401 -4.02064e-05 0)
(0.00416531 -5.95775e-05 0)
(0.00454855 -7.79705e-05 0)
(0.00497698 -9.47909e-05 0)
(0.00544245 -0.000109487 0)
(0.00593562 -0.00012157 0)
(0.00644619 -0.000130641 0)
(0.00696323 -0.000136407 0)
(0.00747559 -0.000138711 0)
(0.00797235 -0.000137545 0)
(0.00844331 -0.000133061 0)
(0.00887955 -0.000125571 0)
(0.00927381 -0.000115533 0)
(0.00962086 -0.000103518 0)
(0.0099177 -9.0169e-05 0)
(0.0101635 -7.61514e-05 0)
(0.0103596 -6.21031e-05 0)
(0.0105091 -4.85903e-05 0)
(0.0106162 -3.60758e-05 0)
(0.0106864 -2.49011e-05 0)
(0.0107256 -1.52827e-05 0)
(0.0107398 -7.31964e-06 0)
(0.0107345 -1.00917e-06 0)
(0.0107153 3.73327e-06 0)
(0.0106868 7.05266e-06 0)
(0.0106528 9.13359e-06 0)
(0.0106167 1.01816e-05 0)
(0.0105809 1.04071e-05 0)
(0.0105472 1.00126e-05 0)
(0.0105169 9.18342e-06 0)
(0.0104905 8.08123e-06 0)
(0.0104684 6.84065e-06 0)
(0.0104507 5.56836e-06 0)
(0.0104369 4.34411e-06 0)
(0.0104268 3.22311e-06 0)
(0.0104198 2.23935e-06 0)
(0.0104155 1.40936e-06 0)
(0.0104132 7.36095e-07 0)
(0.0104126 2.12557e-07 0)
(0.0104132 -1.74949e-07 0)
(0.0104146 -4.4405e-07 0)
(0.0104165 -6.14098e-07 0)
(0.0104187 -7.04494e-07 0)
(0.010421 -7.33502e-07 0)
(0.0104232 -7.1749e-07 0)
(0.0104252 -6.70518e-07 0)
(0.0104271 -6.04196e-07 0)
(0.0104287 -5.27737e-07 0)
(0.0104301 -4.48144e-07 0)
(0.0104312 -3.70475e-07 0)
(0.0104321 -2.98148e-07 0)
(0.0104329 -2.33248e-07 0)
(0.0104334 -1.76819e-07 0)
(0.0104338 -1.2913e-07 0)
(0.0104341 -8.99005e-08 0)
(0.0104343 -5.8489e-08 0)
(0.0104344 -3.40414e-08 0)
(0.0104345 -1.56056e-08 0)
(0.0104345 -2.21531e-09 0)
(0.0104345 7.05312e-09 0)
(0.0104344 1.30438e-08 0)
(0.0104344 1.65013e-08 0)
(0.0104343 1.80624e-08 0)
(0.0104343 1.82569e-08 0)
(0.0104342 1.7514e-08 0)
(0.0104342 1.6172e-08 0)
(0.0104342 1.44901e-08 0)
(0.0104341 1.26608e-08 0)
(0.0104341 1.08212e-08 0)
(0.0104341 9.06422e-09 0)
(0.010434 7.44845e-09 0)
(0.010434 6.00612e-09 0)
(0.010434 4.7503e-09 0)
(0.010434 3.68052e-09 0)
(0.010434 2.78725e-09 0)
(0.010434 2.05543e-09 0)
(0.010434 1.467e-09 0)
(0.010434 1.00289e-09 0)
(0.010434 6.44242e-10 0)
(0.010434 3.73319e-10 0)
(0.010434 1.74008e-10 0)
(0.010434 3.20784e-11 0)
(0.010434 -6.47444e-11 0)
(0.010434 -1.2682e-10 0)
(0.010434 -1.62732e-10 0)
(0.010434 -1.79454e-10 0)
(0.010434 -1.82557e-10 0)
(0.010434 -1.76402e-10 0)
(0.010434 -1.64335e-10 0)
(0.010434 -1.48867e-10 0)
(0.010434 -1.31833e-10 0)
(0.010434 -1.14528e-10 0)
(0.010434 -9.78323e-11 0)
(0.010434 -8.23004e-11 0)
(0.010434 -6.82504e-11 0)
(0.010434 -5.58255e-11 0)
(0.010434 -4.50469e-11 0)
(0.010434 -3.58533e-11 0)
(0.010434 -2.81322e-11 0)
(0.010434 -2.17408e-11 0)
(0.010434 -1.65243e-11 0)
(0.010434 -1.23272e-11 0)
(0.010434 -8.99962e-12 0)
(0.010434 -6.40255e-12 0)
(0.010434 -4.41516e-12 0)
(0.010434 -2.92448e-12 0)
(0.010434 -1.84976e-12 0)
(0.010434 -1.10124e-12 0)
(0.010434 -6.43322e-13 0)
(0.010434 -4.57093e-13 0)
(0.010434 -3.80898e-13 0)
(0.010434 -1.16816e-12 0)
(0.010434 -9.85263e-13 0)
(-6.77868e-05 7.39428e-05 0)
(-0.000495264 0.000275614 0)
(-0.00115212 0.000421435 0)
(-0.00189301 0.000492553 0)
(-0.002683 0.000544943 0)
(-0.00350923 0.000579819 0)
(-0.00435804 0.00061639 0)
(-0.00523495 0.000652266 0)
(-0.00613541 0.000693243 0)
(-0.00706445 0.000738902 0)
(-0.00802105 0.000790773 0)
(-0.00900645 0.000848131 0)
(-0.0100177 0.000910005 0)
(-0.0110504 0.000974236 0)
(-0.0120964 0.001038 0)
(-0.0131448 0.00109778 0)
(-0.0141814 0.00114963 0)
(-0.0151898 0.00118945 0)
(-0.0161516 0.00121324 0)
(-0.0170471 0.0012174 0)
(-0.0178563 0.00119898 0)
(-0.0185596 0.00115584 0)
(-0.0191383 0.00108673 0)
(-0.0195753 0.000991363 0)
(-0.0198553 0.000870313 0)
(-0.0199653 0.00072494 0)
(-0.0198947 0.000557251 0)
(-0.0196351 0.000369762 0)
(-0.0191807 0.000165364 0)
(-0.0185279 -5.27883e-05 0)
(-0.0176757 -0.00028137 0)
(-0.0166251 -0.000516954 0)
(-0.0153791 -0.000756061 0)
(-0.0139432 -0.000995191 0)
(-0.0123246 -0.00123085 0)
(-0.0105326 -0.00145954 0)
(-0.00857837 -0.00167781 0)
(-0.00647515 -0.00188223 0)
(-0.00423794 -0.00206941 0)
(-0.00188366 -0.00223604 0)
(0.000568882 -0.00237886 0)
(0.00309908 -0.00249477 0)
(0.0056845 -0.00258084 0)
(0.00830101 -0.00263438 0)
(0.0109229 -0.00265305 0)
(0.0135228 -0.00263495 0)
(0.0160725 -0.00257879 0)
(0.0185424 -0.00248394 0)
(0.0209027 -0.00235067 0)
(0.0231232 -0.00218024 0)
(0.0251742 -0.00197505 0)
(0.0270272 -0.00173875 0)
(0.0286551 -0.0014763 0)
(0.0300337 -0.00119398 0)
(0.0311418 -0.00089935 0)
(0.0319627 -0.000601057 0)
(0.0324853 -0.00030859 0)
(0.0327046 -3.1838e-05 0)
(0.0326234 0.000219509 0)
(0.0322531 0.00043677 0)
(0.0316145 0.000613265 0)
(0.0307375 0.000745372 0)
(0.0296603 0.000833393 0)
(0.0284277 0.000881782 0)
(0.0270882 0.000898341 0)
(0.0256909 0.000892351 0)
(0.0242821 0.000872255 0)
(0.0229024 0.000843974 0)
(0.0215836 0.000810652 0)
(0.0203475 0.000773648 0)
(0.0192057 0.000733794 0)
(0.0181627 0.000692004 0)
(0.0172186 0.000649106 0)
(0.0163723 0.000605382 0)
(0.0156235 0.000560259 0)
(0.0149731 0.000512314 0)
(0.014423 0.00045954 0)
(0.0139761 0.000399786 0)
(0.0136356 0.000331242 0)
(0.0134051 0.000252831 0)
(0.0132879 0.000164416 0)
(0.0132865 6.6799e-05 0)
(0.0134026 -3.84305e-05 0)
(0.0136361 -0.000149098 0)
(0.0139857 -0.000262649 0)
(0.0144478 -0.000376306 0)
(0.0150171 -0.000487194 0)
(0.0156863 -0.000592418 0)
(0.016446 -0.000689138 0)
(0.0172851 -0.000774623 0)
(0.0181902 -0.000846328 0)
(0.0191464 -0.000901976 0)
(0.0201371 -0.000939668 0)
(0.0211444 -0.000958017 0)
(0.0221493 -0.00095629 0)
(0.0231323 -0.000934539 0)
(0.0240746 -0.000893709 0)
(0.0249583 -0.00083567 0)
(0.0257677 -0.000763161 0)
(0.0264901 -0.000679632 0)
(0.0271168 -0.000588998 0)
(0.0276433 -0.000495327 0)
(0.0280694 -0.000402526 0)
(0.0283993 -0.000314054 0)
(0.0286403 -0.000232716 0)
(0.0288026 -0.000160543 0)
(0.028898 -9.87683e-05 0)
(0.0289387 -4.7881e-05 0)
(0.0289371 -7.7279e-06 0)
(0.0289044 2.23499e-05 0)
(0.0288507 4.33726e-05 0)
(0.0287846 5.65839e-05 0)
(0.0287129 6.33293e-05 0)
(0.0286411 6.49571e-05 0)
(0.0285729 6.27424e-05 0)
(0.028511 5.78352e-05 0)
(0.0284569 5.12274e-05 0)
(0.0284113 4.37392e-05 0)
(0.0283741 3.60174e-05 0)
(0.028345 2.85452e-05 0)
(0.0283232 2.16589e-05 0)
(0.0283077 1.55681e-05 0)
(0.0282975 1.03794e-05 0)
(0.0282917 6.11807e-06 0)
(0.0282892 2.75018e-06 0)
(0.0282892 2.01094e-07 0)
(0.028291 -1.62835e-06 0)
(0.0282939 -2.84891e-06 0)
(0.0282976 -3.57305e-06 0)
(0.0283015 -3.90786e-06 0)
(0.0283054 -3.95036e-06 0)
(0.0283091 -3.78489e-06 0)
(0.0283125 -3.48199e-06 0)
(0.0283155 -3.09852e-06 0)
(0.0283181 -2.67853e-06 0)
(0.0283202 -2.25466e-06 0)
(0.028322 -1.84979e-06 0)
(0.0283234 -1.47875e-06 0)
(0.0283245 -1.14999e-06 0)
(0.0283253 -8.67096e-07 0)
(0.0283259 -6.30098e-07 0)
(0.0283263 -4.36609e-07 0)
(0.0283266 -2.82704e-07 0)
(0.0283267 -1.63629e-07 0)
(0.0283268 -7.43217e-08 0)
(0.0283268 -9.78669e-09 0)
(0.0283268 3.46579e-08 0)
(0.0283267 6.32287e-08 0)
(0.0283267 7.9602e-08 0)
(0.0283266 8.68926e-08 0)
(0.0283265 8.76713e-08 0)
(0.0283264 8.40061e-08 0)
(0.0283264 7.75177e-08 0)
(0.0283263 6.94412e-08 0)
(0.0283262 6.0688e-08 0)
(0.0283262 5.19051e-08 0)
(0.0283262 4.35288e-08 0)
(0.0283261 3.58317e-08 0)
(0.0283261 2.89628e-08 0)
(0.0283261 2.2981e-08 0)
(0.0283261 1.7882e-08 0)
(0.028326 1.36193e-08 0)
(0.028326 1.0121e-08 0)
(0.028326 7.30141e-09 0)
(0.028326 5.07035e-09 0)
(0.028326 3.33893e-09 0)
(0.028326 2.02363e-09 0)
(0.028326 1.04861e-09 0)
(0.028326 3.46933e-10 0)
(0.028326 -1.39169e-10 0)
(0.028326 -4.58503e-10 0)
(0.028326 -6.51547e-10 0)
(0.028326 -7.51263e-10 0)
(0.028326 -7.84039e-10 0)
(0.028326 -7.70602e-10 0)
(0.028326 -7.26929e-10 0)
(0.028326 -6.65077e-10 0)
(0.028326 -5.93921e-10 0)
(0.028326 -5.19806e-10 0)
(0.028326 -4.4709e-10 0)
(0.028326 -3.78604e-10 0)
(0.028326 -3.16044e-10 0)
(0.028326 -2.60259e-10 0)
(0.028326 -2.11511e-10 0)
(0.028326 -1.69647e-10 0)
(0.028326 -1.34251e-10 0)
(0.028326 -1.04758e-10 0)
(0.028326 -8.05189e-11 0)
(0.028326 -6.08727e-11 0)
(0.028326 -4.51685e-11 0)
(0.028326 -3.2796e-11 0)
(0.028326 -2.32093e-11 0)
(0.028326 -1.59134e-11 0)
(0.028326 -1.05095e-11 0)
(0.028326 -6.59863e-12 0)
(0.028326 -3.99512e-12 0)
(0.028326 -2.42584e-12 0)
(0.028326 -1.50302e-12 0)
(0.028326 -3.06546e-12 0)
(0.028326 -2.78953e-12 0)
(-0.000173056 0.000541749 0)
(-0.00101478 0.00109813 0)
(-0.00213539 0.00141545 0)
(-0.00331114 0.00153592 0)
(-0.00448474 0.00162044 0)
(-0.0056452 0.00166874 0)
(-0.00677254 0.00171972 0)
(-0.00787473 0.00176783 0)
(-0.00894507 0.00182181 0)
(-0.00998755 0.00187917 0)
(-0.010998 0.00193984 0)
(-0.0119738 0.00200014 0)
(-0.0129076 0.00205596 0)
(-0.0137906 0.00210191 0)
(-0.0146109 0.00213224 0)
(-0.0153554 0.00214107 0)
(-0.0160094 0.00212291 0)
(-0.0165577 0.00207295 0)
(-0.0169854 0.00198734 0)
(-0.0172779 0.00186339 0)
(-0.0174221 0.00169963 0)
(-0.0174062 0.0014958 0)
(-0.0172201 0.00125278 0)
(-0.0168554 0.000972461 0)
(-0.0163059 0.000657597 0)
(-0.0155667 0.000311627 0)
(-0.0146352 -6.14808e-05 0)
(-0.0135099 -0.000457367 0)
(-0.0121913 -0.000871403 0)
(-0.0106812 -0.00129878 0)
(-0.00898293 -0.00173456 0)
(-0.00710129 -0.00217374 0)
(-0.00504249 -0.00261125 0)
(-0.00281419 -0.00304199 0)
(-0.000425548 -0.00346079 0)
(0.00211279 -0.00386247 0)
(0.00478864 -0.0042418 0)
(0.00758821 -0.00459352 0)
(0.0104961 -0.00491237 0)
(0.0134953 -0.00519308 0)
(0.0165671 -0.00543041 0)
(0.0196911 -0.00561925 0)
(0.0228453 -0.00575466 0)
(0.026006 -0.00583202 0)
(0.0291481 -0.00584714 0)
(0.032245 -0.00579643 0)
(0.0352692 -0.00567712 0)
(0.0381923 -0.00548747 0)
(0.0409853 -0.00522696 0)
(0.0436194 -0.00489652 0)
(0.0460659 -0.00449873 0)
(0.0482973 -0.00403793 0)
(0.0502872 -0.00352033 0)
(0.0520111 -0.00295402 0)
(0.0534465 -0.00234896 0)
(0.0545734 -0.00171687 0)
(0.0553747 -0.00107109 0)
(0.0558362 -0.00042641 0)
(0.0559475 0.00020117 0)
(0.0557023 0.000794796 0)
(0.0550998 0.00133729 0)
(0.0541461 0.001812 0)
(0.0528559 0.00220394 0)
(0.0512549 0.00250138 0)
(0.0493817 0.00269741 0)
(0.0472881 0.00279154 0)
(0.0450384 0.00279082 0)
(0.0427052 0.00271001 0)
(0.0403634 0.00257009 0)
(0.0380833 0.00239462 0)
(0.0359243 0.00220486 0)
(0.0339317 0.00201535 0)
(0.0321348 0.00183217 0)
(0.0305479 0.0016544 0)
(0.0291732 0.00147744 0)
(0.0280051 0.00129623 0)
(0.0270344 0.00110696 0)
(0.0262512 0.000907462 0)
(0.0256474 0.000696921 0)
(0.0252162 0.000475522 0)
(0.0249523 0.000244261 0)
(0.0248505 4.89075e-06 0)
(0.0249056 -0.000240113 0)
(0.0251116 -0.00048761 0)
(0.0254621 -0.000733901 0)
(0.0259494 -0.000974849 0)
(0.0265652 -0.00120601 0)
(0.0272997 -0.00142275 0)
(0.0281423 -0.00162033 0)
(0.0290809 -0.00179405 0)
(0.0301021 -0.00193929 0)
(0.031191 -0.00205171 0)
(0.0323309 -0.00212741 0)
(0.0335037 -0.00216322 0)
(0.0346897 -0.00215698 0)
(0.035868 -0.00210798 0)
(0.0370168 -0.00201724 0)
(0.0381143 -0.00188783 0)
(0.0391397 -0.00172494 0)
(0.0400744 -0.00153567 0)
(0.0409032 -0.00132869 0)
(0.0416153 -0.00111343 0)
(0.0422053 -0.000899348 0)
(0.0426735 -0.000695052 0)
(0.0430252 -0.000507637 0)
(0.0432707 -0.000342246 0)
(0.0434234 -0.00020193 0)
(0.0434986 -8.77584e-05 0)
(0.0435127 8.74749e-07 0)
(0.0434811 6.58511e-05 0)
(0.0434182 0.000109905 0)
(0.043336 0.000136239 0)
(0.0432447 0.000148205 0)
(0.0431519 0.000149058 0)
(0.0430633 0.000141797 0)
(0.0429825 0.000129053 0)
(0.0429119 0.000113038 0)
(0.0428523 9.55363e-05 0)
(0.0428038 7.79174e-05 0)
(0.0427659 6.11732e-05 0)
(0.0427376 4.59666e-05 0)
(0.0427174 3.26861e-05 0)
(0.0427042 2.15004e-05 0)
(0.0426965 1.24122e-05 0)
(0.0426932 5.30496e-06 0)
(0.042693 -1.50827e-08 0)
(0.0426951 -3.78535e-06 0)
(0.0426987 -6.26012e-06 0)
(0.0427031 -7.69068e-06 0)
(0.0427078 -8.31154e-06 0)
(0.0427126 -8.33184e-06 0)
(0.0427171 -7.93087e-06 0)
(0.0427211 -7.25678e-06 0)
(0.0427248 -6.42754e-06 0)
(0.0427279 -5.53346e-06 0)
(0.0427304 -4.64059e-06 0)
(0.0427325 -3.7945e-06 0)
(0.0427342 -3.02408e-06 0)
(0.0427355 -2.34514e-06 0)
(0.0427364 -1.76367e-06 0)
(0.0427371 -1.2786e-06 0)
(0.0427376 -8.841e-07 0)
(0.0427379 -5.71414e-07 0)
(0.0427381 -3.3029e-07 0)
(0.0427381 -1.50013e-07 0)
(0.0427382 -2.01387e-08 0)
(0.0427381 6.90286e-08 0)
(0.042738 1.26158e-07 0)
(0.042738 1.58758e-07 0)
(0.0427379 1.73161e-07 0)
(0.0427378 1.74563e-07 0)
(0.0427377 1.67128e-07 0)
(0.0427376 1.54106e-07 0)
(0.0427375 1.37964e-07 0)
(0.0427375 1.20514e-07 0)
(0.0427374 1.03038e-07 0)
(0.0427374 8.63951e-08 0)
(0.0427373 7.11206e-08 0)
(0.0427373 5.7503e-08 0)
(0.0427373 4.56533e-08 0)
(0.0427373 3.5558e-08 0)
(0.0427372 2.71216e-08 0)
(0.0427372 2.01989e-08 0)
(0.0427372 1.46187e-08 0)
(0.0427372 1.02014e-08 0)
(0.0427372 6.77062e-09 0)
(0.0427372 4.16101e-09 0)
(0.0427372 2.22277e-09 0)
(0.0427372 8.23814e-10 0)
(0.0427372 -1.49693e-10 0)
(0.0427372 -7.93858e-10 0)
(0.0427372 -1.18833e-09 0)
(0.0427372 -1.39798e-09 0)
(0.0427372 -1.47467e-09 0)
(0.0427372 -1.45921e-09 0)
(0.0427372 -1.38304e-09 0)
(0.0427372 -1.26991e-09 0)
(0.0427372 -1.13736e-09 0)
(0.0427372 -9.97917e-10 0)
(0.0427372 -8.60251e-10 0)
(0.0427372 -7.30026e-10 0)
(0.0427372 -6.10668e-10 0)
(0.0427372 -5.0395e-10 0)
(0.0427372 -4.10465e-10 0)
(0.0427372 -3.3001e-10 0)
(0.0427372 -2.61846e-10 0)
(0.0427372 -2.0493e-10 0)
(0.0427372 -1.58059e-10 0)
(0.0427372 -1.19975e-10 0)
(0.0427372 -8.94532e-11 0)
(0.0427372 -6.53364e-11 0)
(0.0427372 -4.65744e-11 0)
(0.0427372 -3.2231e-11 0)
(0.0427372 -2.15013e-11 0)
(0.0427372 -1.36645e-11 0)
(0.0427372 -8.24128e-12 0)
(0.0427372 -4.58699e-12 0)
(0.0427372 -2.58118e-12 0)
(0.0427372 -2.58161e-12 0)
(0.0427372 -2.1225e-12 0)
(-0.000314372 0.00116537 0)
(-0.00156484 0.00218381 0)
(-0.00297411 0.00266026 0)
(-0.00431076 0.00278413 0)
(-0.00549227 0.00283457 0)
(-0.00656501 0.00282467 0)
(-0.00751111 0.0028122 0)
(-0.00835942 0.00279359 0)
(-0.00910644 0.00278026 0)
(-0.00976249 0.00276892 0)
(-0.0103257 0.00275798 0)
(-0.0107963 0.00274187 0)
(-0.0111696 0.00271465 0)
(-0.0114405 0.00266946 0)
(-0.0116016 0.00259957 0)
(-0.0116452 0.00249857 0)
(-0.0115631 0.00236091 0)
(-0.011347 0.00218206 0)
(-0.0109895 0.00195879 0)
(-0.0104836 0.00168915 0)
(-0.00982326 0.00137254 0)
(-0.00900358 0.00100963 0)
(-0.0080206 0.000602209 0)
(-0.00687141 0.000153054 0)
(-0.00555414 -0.000334222 0)
(-0.00406785 -0.000855341 0)
(-0.00241259 -0.0014055 0)
(-0.000589328 -0.00197947 0)
(0.00139999 -0.00257175 0)
(0.00355242 -0.00317656 0)
(0.00586398 -0.00378792 0)
(0.00832955 -0.00439969 0)
(0.0109428 -0.00500556 0)
(0.0136962 -0.00559904 0)
(0.0165806 -0.0061735 0)
(0.0195856 -0.00672216 0)
(0.0226992 -0.00723809 0)
(0.0259078 -0.00771425 0)
(0.029196 -0.00814348 0)
(0.032547 -0.00851856 0)
(0.035942 -0.00883227 0)
(0.0393607 -0.00907746 0)
(0.0427813 -0.00924719 0)
(0.0461801 -0.00933487 0)
(0.0495325 -0.00933453 0)
(0.0528126 -0.00924099 0)
(0.0559938 -0.00905018 0)
(0.0590493 -0.00875945 0)
(0.0619524 -0.00836785 0)
(0.0646773 -0.0078764 0)
(0.0671995 -0.00728834 0)
(0.0694965 -0.00660917 0)
(0.0715476 -0.0058468 0)
(0.073335 -0.00501138 0)
(0.0748434 -0.00411517 0)
(0.0760597 -0.00317232 0)
(0.0769733 -0.00219855 0)
(0.0775756 -0.00121087 0)
(0.0778595 -0.000227264 0)
(0.077819 0.00073355 0)
(0.0774493 0.00165241 0)
(0.0767465 0.00250997 0)
(0.0757084 0.00328691 0)
(0.0743354 0.00396438 0)
(0.0726321 0.00452439 0)
(0.0706106 0.00495084 0)
(0.068293 0.00523093 0)
(0.065715 0.00535754 0)
(0.0629285 0.0053318 0)
(0.0600017 0.00516509 0)
(0.0570165 0.00487923 0)
(0.054062 0.00450408 0)
(0.0512254 0.00407296 0)
(0.0485823 0.00361686 0)
(0.0461899 0.0031594 0)
(0.0440833 0.00271404 0)
(0.0422768 0.00228446 0)
(0.0407681 0.00186761 0)
(0.0395437 0.0014576 0)
(0.0385842 0.00104906 0)
(0.0378684 0.000638877 0)
(0.0373759 0.000226684 0)
(0.0370883 -0.00018563 0)
(0.036989 -0.000594592 0)
(0.0370637 -0.000995764 0)
(0.0372987 -0.00138416 0)
(0.0376815 -0.00175446 0)
(0.0381995 -0.00210116 0)
(0.0388406 -0.00241859 0)
(0.0395921 -0.00270094 0)
(0.040441 -0.00294236 0)
(0.0413738 -0.00313701 0)
(0.042376 -0.00327928 0)
(0.0434322 -0.00336407 0)
(0.0445257 -0.00338722 0)
(0.0456384 -0.0033461 0)
(0.0467512 -0.00324017 0)
(0.047844 -0.00307162 0)
(0.0488962 -0.00284578 0)
(0.0498878 -0.00257129 0)
(0.0508002 -0.00225978 0)
(0.0516174 -0.00192516 0)
(0.0523272 -0.00158253 0)
(0.0529223 -0.00124677 0)
(0.0534004 -0.000931274 0)
(0.053765 -0.000646804 0)
(0.0540239 -0.000400818 0)
(0.0541891 -0.000197256 0)
(0.0542751 -3.67717e-05 0)
(0.0542977 8.26964e-05 0)
(0.0542726 0.000165194 0)
(0.0542142 0.000215984 0)
(0.0541355 0.000240859 0)
(0.0540467 0.000245599 0)
(0.0539561 0.000235585 0)
(0.0538695 0.000215557 0)
(0.0537909 0.000189497 0)
(0.0537225 0.000160599 0)
(0.0536653 0.0001313 0)
(0.0536193 0.000103357 0)
(0.0535837 7.79363e-05 0)
(0.0535575 5.57185e-05 0)
(0.0535393 3.70003e-05 0)
(0.0535277 2.17896e-05 0)
(0.0535214 9.89033e-06 0)
(0.0535191 9.75216e-07 0)
(0.0535197 -5.35608e-06 0)
(0.0535223 -9.53103e-06 0)
(0.0535262 -1.19708e-05 0)
(0.0535307 -1.30671e-05 0)
(0.0535354 -1.31681e-05 0)
(0.05354 -1.25715e-05 0)
(0.0535442 -1.15224e-05 0)
(0.053548 -1.02152e-05 0)
(0.0535514 -8.7985e-06 0)
(0.0535542 -7.38046e-06 0)
(0.0535565 -6.03552e-06 0)
(0.0535583 -4.8107e-06 0)
(0.0535597 -3.73167e-06 0)
(0.0535608 -2.80806e-06 0)
(0.0535616 -2.03811e-06 0)
(0.0535622 -1.41236e-06 0)
(0.0535625 -9.16725e-07 0)
(0.0535627 -5.34727e-07 0)
(0.0535629 -2.4921e-07 0)
(0.0535629 -4.34937e-08 0)
(0.0535629 9.78667e-08 0)
(0.0535628 1.88646e-07 0)
(0.0535627 2.4075e-07 0)
(0.0535626 2.6419e-07 0)
(0.0535625 2.6717e-07 0)
(0.0535625 2.56249e-07 0)
(0.0535624 2.36533e-07 0)
(0.0535623 2.11892e-07 0)
(0.0535622 1.85166e-07 0)
(0.0535622 1.58357e-07 0)
(0.0535621 1.32808e-07 0)
(0.0535621 1.09353e-07 0)
(0.0535621 8.84396e-08 0)
(0.053562 7.02426e-08 0)
(0.053562 5.47415e-08 0)
(0.053562 4.1789e-08 0)
(0.053562 3.11612e-08 0)
(0.053562 2.25942e-08 0)
(0.053562 1.58117e-08 0)
(0.053562 1.05422e-08 0)
(0.053562 6.53184e-09 0)
(0.053562 3.55044e-09 0)
(0.053562 1.3954e-09 0)
(0.053562 -1.07765e-10 0)
(0.053562 -1.10626e-09 0)
(0.053562 -1.72203e-09 0)
(0.053562 -2.0543e-09 0)
(0.053562 -2.18242e-09 0)
(0.053562 -2.16876e-09 0)
(0.053562 -2.0614e-09 0)
(0.053562 -1.89665e-09 0)
(0.053562 -1.70132e-09 0)
(0.053562 -1.4946e-09 0)
(0.053562 -1.28978e-09 0)
(0.053562 -1.09557e-09 0)
(0.053562 -9.17264e-10 0)
(0.053562 -7.57626e-10 0)
(0.053562 -6.17638e-10 0)
(0.053562 -4.97046e-10 0)
(0.053562 -3.94794e-10 0)
(0.053562 -3.09345e-10 0)
(0.053562 -2.38914e-10 0)
(0.053562 -1.81637e-10 0)
(0.053562 -1.35681e-10 0)
(0.053562 -9.93253e-11 0)
(0.053562 -7.09955e-11 0)
(0.053562 -4.9291e-11 0)
(0.053562 -3.29846e-11 0)
(0.053562 -2.10318e-11 0)
(0.053562 -1.25647e-11 0)
(0.053562 -6.77189e-12 0)
(0.053562 -3.3614e-12 0)
(0.053562 -1.26229e-12 0)
(0.053562 -7.33885e-13 0)
(-0.000419514 0.00242193 0)
(-0.00178683 0.00373377 0)
(-0.00310428 0.00414582 0)
(-0.00419476 0.00399825 0)
(-0.00497445 0.00383629 0)
(-0.00555354 0.0036401 0)
(-0.00592882 0.00347715 0)
(-0.00615746 0.00332764 0)
(-0.00624523 0.00319606 0)
(-0.00621332 0.00307332 0)
(-0.00606464 0.00295371 0)
(-0.00580484 0.00282902 0)
(-0.00543317 0.00269133 0)
(-0.00494894 0.00253262 0)
(-0.00434924 0.00234536 0)
(-0.00363109 0.00212287 0)
(-0.00279089 0.00185952 0)
(-0.00182523 0.00155099 0)
(-0.000730753 0.00119429 0)
(0.000495541 0.000787837 0)
(0.00185632 0.000331375 0)
(0.00335385 -0.000174115 0)
(0.00498997 -0.00072654 0)
(0.00676605 -0.00132283 0)
(0.00868295 -0.00195907 0)
(0.010741 -0.00263065 0)
(0.0129397 -0.00333236 0)
(0.0152781 -0.00405849 0)
(0.0177541 -0.00480288 0)
(0.0203648 -0.00555904 0)
(0.0231061 -0.00632007 0)
(0.0259729 -0.00707879 0)
(0.0289584 -0.00782764 0)
(0.0320547 -0.00855877 0)
(0.0352522 -0.00926399 0)
(0.0385394 -0.00993483 0)
(0.0419034 -0.0105626 0)
(0.0453293 -0.0111382 0)
(0.0488005 -0.0116527 0)
(0.0522985 -0.0120967 0)
(0.0558031 -0.012461 0)
(0.0592925 -0.0127362 0)
(0.0627432 -0.0129136 0)
(0.0661305 -0.0129846 0)
(0.0694288 -0.0129418 0)
(0.0726122 -0.0127786 0)
(0.0756549 -0.0124902 0)
(0.078532 -0.012074 0)
(0.0812205 -0.0115294 0)
(0.0836998 -0.0108588 0)
(0.0859528 -0.0100672 0)
(0.0879659 -0.00916287 0)
(0.0897293 -0.00815646 0)
(0.0912374 -0.00706128 0)
(0.0924876 -0.00589264 0)
(0.0934806 -0.00466744 0)
(0.0942187 -0.00340366 0)
(0.0947054 -0.00211998 0)
(0.0949443 -0.000835393 0)
(0.0949382 0.000431003 0)
(0.0946886 0.00166015 0)
(0.094195 0.00283313 0)
(0.0934552 0.0039312 0)
(0.092465 0.00493583 0)
(0.0912189 0.00582887 0)
(0.0897115 0.00659263 0)
(0.087938 0.00721037 0)
(0.0858973 0.00766697 0)
(0.0835948 0.00795015 0)
(0.0810457 0.00805209 0)
(0.0782794 0.00797127 0)
(0.0753417 0.00771423 0)
(0.0722956 0.00729677 0)
(0.0692179 0.00674381 0)
(0.0661932 0.00608753 0)
(0.0633051 0.00536347 0)
(0.0606268 0.00460564 0)
(0.0582141 0.00384209 0)
(0.0561017 0.00309227 0)
(0.0543041 0.00236695 0)
(0.0528185 0.00167005 0)
(0.0516302 0.00100147 0)
(0.0507175 0.000359756 0)
(0.0500556 -0.000256094 0)
(0.0496195 -0.000845687 0)
(0.0493854 -0.00140704 0)
(0.0493314 -0.00193678 0)
(0.0494375 -0.00243047 0)
(0.0496854 -0.00288287 0)
(0.0500581 -0.00328824 0)
(0.0505399 -0.00364046 0)
(0.0511153 -0.00393316 0)
(0.0517696 -0.00415999 0)
(0.0524881 -0.00431485 0)
(0.0532562 -0.00439237 0)
(0.0540592 -0.00438852 0)
(0.054882 -0.00430136 0)
(0.0557095 -0.00413179 0)
(0.0565266 -0.00388429 0)
(0.0573182 -0.00356733 0)
(0.0580699 -0.00319331 0)
(0.0587684 -0.00277808 0)
(0.0594018 -0.00233984 0)
(0.0599607 -0.00189768 0)
(0.0604384 -0.00147 0)
(0.0608316 -0.00107289 0)
(0.0611406 -0.000719018 0)
(0.0613691 -0.000416796 0)
(0.0615242 -0.000170281 0)
(0.0616152 2.05171e-05 0)
(0.0616531 0.000158925 0)
(0.0616494 0.00025068 0)
(0.0616154 0.000302975 0)
(0.0615613 0.000323575 0)
(0.0614961 0.000320124 0)
(0.0614268 0.000299637 0)
(0.0613588 0.000268196 0)
(0.0612958 0.000230804 0)
(0.0612403 0.000191374 0)
(0.0611932 0.000152793 0)
(0.061155 0.000117041 0)
(0.0611252 8.53404e-05 0)
(0.061103 5.83056e-05 0)
(0.0610875 3.60879e-05 0)
(0.0610774 1.85072e-05 0)
(0.0610718 5.16357e-06 0)
(0.0610695 -4.4708e-06 0)
(0.0610697 -1.09804e-05 0)
(0.0610716 -1.49531e-05 0)
(0.0610746 -1.69434e-05 0)
(0.0610781 -1.74494e-05 0)
(0.0610818 -1.69e-05 0)
(0.0610854 -1.56509e-05 0)
(0.0610888 -1.39867e-05 0)
(0.0610919 -1.21259e-05 0)
(0.0610945 -1.02294e-05 0)
(0.0610967 -8.40912e-06 0)
(0.0610985 -6.73724e-06 0)
(0.0611 -5.2547e-06 0)
(0.0611011 -3.97896e-06 0)
(0.0611019 -2.91053e-06 0)
(0.0611026 -2.03849e-06 0)
(0.061103 -1.34482e-06 0)
(0.0611033 -8.07732e-07 0)
(0.0611034 -4.04132e-07 0)
(0.0611035 -1.1134e-07 0)
(0.0611035 9.17885e-08 0)
(0.0611035 2.24203e-07 0)
(0.0611035 3.02341e-07 0)
(0.0611034 3.40068e-07 0)
(0.0611033 3.48775e-07 0)
(0.0611033 3.37592e-07 0)
(0.0611032 3.13648e-07 0)
(0.0611031 2.82362e-07 0)
(0.0611031 2.47723e-07 0)
(0.061103 2.12564e-07 0)
(0.061103 1.78797e-07 0)
(0.0611029 1.47625e-07 0)
(0.0611029 1.19715e-07 0)
(0.0611029 9.53478e-08 0)
(0.0611029 7.45312e-08 0)
(0.0611029 5.70928e-08 0)
(0.0611029 4.27497e-08 0)
(0.0611028 3.11606e-08 0)
(0.0611028 2.19624e-08 0)
(0.0611028 1.47968e-08 0)
(0.0611028 9.3261e-09 0)
(0.0611028 5.2435e-09 0)
(0.0611028 2.27799e-09 0)
(0.0611028 1.95632e-10 0)
(0.0611028 -1.20133e-09 0)
(0.0611028 -2.07698e-09 0)
(0.0611028 -2.56513e-09 0)
(0.0611028 -2.77295e-09 0)
(0.0611028 -2.78483e-09 0)
(0.0611028 -2.666e-09 0)
(0.0611028 -2.46584e-09 0)
(0.0611028 -2.22092e-09 0)
(0.0611028 -1.95757e-09 0)
(0.0611028 -1.69408e-09 0)
(0.0611028 -1.44258e-09 0)
(0.0611028 -1.21055e-09 0)
(0.0611028 -1.00202e-09 0)
(0.0611028 -8.18602e-10 0)
(0.0611028 -6.60174e-10 0)
(0.0611028 -5.25527e-10 0)
(0.0611028 -4.12761e-10 0)
(0.0611028 -3.19619e-10 0)
(0.0611028 -2.43715e-10 0)
(0.0611028 -1.82683e-10 0)
(0.0611028 -1.34288e-10 0)
(0.0611028 -9.64752e-11 0)
(0.0611028 -6.74089e-11 0)
(0.0611028 -4.54866e-11 0)
(0.0611028 -2.93181e-11 0)
(0.0611028 -1.77267e-11 0)
(0.0611028 -9.71666e-12 0)
(0.0611028 -4.58555e-12 0)
(0.0611028 -8.01566e-13 0)
(0.0611028 -2.75095e-14 0)
(-0.000710549 0.00306633 0)
(-0.00214909 0.00468449 0)
(-0.00261568 0.00495874 0)
(-0.00281747 0.00458019 0)
(-0.00257136 0.00418099 0)
(-0.00220122 0.00378248 0)
(-0.00164546 0.00344083 0)
(-0.000987735 0.00313889 0)
(-0.000216274 0.00287055 0)
(0.000647356 0.0026239 0)
(0.00160563 0.00238768 0)
(0.00265396 0.00215156 0)
(0.00379422 0.00190523 0)
(0.00502691 0.00163963 0)
(0.00635428 0.00134632 0)
(0.00777826 0.00101813 0)
(0.00930118 0.000649019 0)
(0.0109252 0.000234317 0)
(0.0126526 -0.000229294 0)
(0.0144854 -0.000743742 0)
(0.0164256 -0.00130963 0)
(0.0184748 -0.00192628 0)
(0.0206348 -0.00259184 0)
(0.0229065 -0.00330339 0)
(0.0252907 -0.00405701 0)
(0.0277875 -0.00484792 0)
(0.0303962 -0.00567056 0)
(0.033115 -0.00651866 0)
(0.0359414 -0.00738535 0)
(0.0388713 -0.00826318 0)
(0.0418995 -0.00914418 0)
(0.0450193 -0.0100199 0)
(0.0482225 -0.0108812 0)
(0.0514991 -0.0117187 0)
(0.0548374 -0.0125224 0)
(0.0582236 -0.0132818 0)
(0.0616421 -0.0139861 0)
(0.0650752 -0.0146241 0)
(0.0685032 -0.0151846 0)
(0.0719047 -0.015656 0)
(0.075256 -0.0160267 0)
(0.0785324 -0.0162854 0)
(0.0817076 -0.0164213 0)
(0.0847547 -0.0164243 0)
(0.0876468 -0.0162856 0)
(0.0903582 -0.0159987 0)
(0.0928651 -0.0155591 0)
(0.0951475 -0.0149656 0)
(0.0971895 -0.0142205 0)
(0.0989809 -0.0133296 0)
(0.100518 -0.0123026 0)
(0.101802 -0.0111525 0)
(0.102841 -0.00989523 0)
(0.103648 -0.00854907 0)
(0.104239 -0.00713356 0)
(0.104634 -0.00566891 0)
(0.10485 -0.00417523 0)
(0.104908 -0.002672 0)
(0.104822 -0.00117772 0)
(0.104606 0.00029021 0)
(0.104269 0.00171542 0)
(0.103816 0.00308239 0)
(0.103246 0.00437613 0)
(0.102555 0.00558186 0)
(0.101734 0.00668475 0)
(0.100772 0.00766973 0)
(0.0996541 0.00852155 0)
(0.098365 0.00922505 0)
(0.0968898 0.00976583 0)
(0.095216 0.0101311 0)
(0.0933364 0.0103108 0)
(0.091252 0.0102989 0)
(0.0889746 0.0100948 0)
(0.0865296 0.00970464 0)
(0.0839571 0.00914229 0)
(0.0813102 0.00842923 0)
(0.0786526 0.00759358 0)
(0.076052 0.0066678 0)
(0.0735736 0.00568554 0)
(0.071274 0.00467834 0)
(0.0691961 0.00367298 0)
(0.0673671 0.00269009 0)
(0.065799 0.00174405 0)
(0.0644906 0.000843998 0)
(0.0634311 -4.64701e-06 0)
(0.062603 -0.000798583 0)
(0.0619852 -0.00153535 0)
(0.0615548 -0.00221244 0)
(0.0612891 -0.00282683 0)
(0.0611657 -0.00337475 0)
(0.0611635 -0.0038517 0)
(0.0612629 -0.00425259 0)
(0.0614453 -0.00457195 0)
(0.0616936 -0.00480431 0)
(0.0619924 -0.00494472 0)
(0.0623273 -0.0049894 0)
(0.0626857 -0.00493654 0)
(0.0630565 -0.00478721 0)
(0.0634303 -0.00454606 0)
(0.0637992 -0.00422186 0)
(0.0641568 -0.00382756 0)
(0.0644979 -0.00337976 0)
(0.064818 -0.0028978 0)
(0.065113 -0.00240229 0)
(0.0653794 -0.0019136 0)
(0.0656138 -0.00145026 0)
(0.0658135 -0.00102768 0)
(0.0659767 -0.000657243 0)
(0.0661028 -0.000345883 0)
(0.0661931 -9.61404e-05 0)
(0.0662499 9.33659e-05 0)
(0.0662773 0.000227172 0)
(0.0662802 0.000312048 0)
(0.0662641 0.000356056 0)
(0.0662343 0.000367696 0)
(0.066196 0.000355222 0)
(0.0661537 0.000326134 0)
(0.0661108 0.000286877 0)
(0.0660701 0.0002427 0)
(0.0660333 0.000197642 0)
(0.0660016 0.000154618 0)
(0.0659753 0.000115556 0)
(0.0659544 8.15688e-05 0)
(0.0659386 5.31229e-05 0)
(0.0659273 3.0207e-05 0)
(0.0659198 1.24774e-05 0)
(0.0659153 -6.17995e-07 0)
(0.0659132 -9.74066e-06 0)
(0.065913 -1.55859e-05 0)
(0.0659139 -1.88289e-05 0)
(0.0659157 -2.0089e-05 0)
(0.0659179 -1.9909e-05 0)
(0.0659202 -1.87457e-05 0)
(0.0659226 -1.69694e-05 0)
(0.0659249 -1.4869e-05 0)
(0.0659269 -1.26603e-05 0)
(0.0659286 -1.04966e-05 0)
(0.0659301 -8.4798e-06 0)
(0.0659314 -6.67076e-06 0)
(0.0659323 -5.09922e-06 0)
(0.0659331 -3.7721e-06 0)
(0.0659337 -2.68058e-06 0)
(0.0659341 -1.80575e-06 0)
(0.0659344 -1.12305e-06 0)
(0.0659346 -6.05496e-07 0)
(0.0659347 -2.2603e-07 0)
(0.0659348 4.09332e-08 0)
(0.0659348 2.18564e-07 0)
(0.0659348 3.27134e-07 0)
(0.0659347 3.83858e-07 0)
(0.0659347 4.02974e-07 0)
(0.0659347 3.95957e-07 0)
(0.0659346 3.71827e-07 0)
(0.0659346 3.3748e-07 0)
(0.0659345 2.9804e-07 0)
(0.0659345 2.57176e-07 0)
(0.0659345 2.174e-07 0)
(0.0659344 1.80324e-07 0)
(0.0659344 1.46883e-07 0)
(0.0659344 1.1751e-07 0)
(0.0659344 9.22878e-08 0)
(0.0659344 7.10619e-08 0)
(0.0659344 5.3529e-08 0)
(0.0659343 3.93037e-08 0)
(0.0659343 2.79658e-08 0)
(0.0659343 1.90938e-08 0)
(0.0659343 1.22868e-08 0)
(0.0659343 7.17771e-09 0)
(0.0659343 3.44031e-09 0)
(0.0659343 7.9165e-10 0)
(0.0659343 -1.00849e-09 0)
(0.0659343 -2.1602e-09 0)
(0.0659343 -2.82723e-09 0)
(0.0659343 -3.14122e-09 0)
(0.0659343 -3.20621e-09 0)
(0.0659343 -3.10293e-09 0)
(0.0659343 -2.89281e-09 0)
(0.0659343 -2.62155e-09 0)
(0.0659343 -2.32229e-09 0)
(0.0659343 -2.01825e-09 0)
(0.0659343 -1.72505e-09 0)
(0.0659343 -1.45249e-09 0)
(0.0659343 -1.20611e-09 0)
(0.0659343 -9.88353e-10 0)
(0.0659343 -7.99504e-10 0)
(0.0659343 -6.38423e-10 0)
(0.0659343 -5.03078e-10 0)
(0.0659343 -3.90942e-10 0)
(0.0659343 -2.99283e-10 0)
(0.0659343 -2.2536e-10 0)
(0.0659343 -1.66555e-10 0)
(0.0659343 -1.20453e-10 0)
(0.0659343 -8.48807e-11 0)
(0.0659343 -5.79268e-11 0)
(0.0659343 -3.7935e-11 0)
(0.0659343 -2.34942e-11 0)
(0.0659343 -1.33981e-11 0)
(0.0659343 -6.68036e-12 0)
(0.0659343 -1.72339e-12 0)
(0.0659343 -4.49617e-13 0)
(-0.000182534 0.00563307 0)
(-0.000131837 0.00560114 0)
(0.00104819 0.00499907 0)
(0.00230866 0.00398848 0)
(0.00387171 0.00329747 0)
(0.00543849 0.00275203 0)
(0.00708563 0.0023072 0)
(0.00874524 0.00193189 0)
(0.010438 0.0015955 0)
(0.0121557 0.00128419 0)
(0.0139079 0.000982529 0)
(0.0156989 0.000679884 0)
(0.0175356 0.00036561 0)
(0.0194237 3.07541e-05 0)
(0.0213685 -0.00033294 0)
(0.0233747 -0.000732535 0)
(0.0254463 -0.00117402 0)
(0.0275867 -0.00166215 0)
(0.0297989 -0.0022004 0)
(0.0320854 -0.00279092 0)
(0.0344484 -0.00343456 0)
(0.0368894 -0.00413085 0)
(0.0394097 -0.00487807 0)
(0.0420099 -0.00567328 0)
(0.0446899 -0.00651238 0)
(0.0474487 -0.00739021 0)
(0.0502843 -0.00830062 0)
(0.0531935 -0.00923655 0)
(0.0561717 -0.0101901 0)
(0.0592128 -0.0111528 0)
(0.0623092 -0.0121152 0)
(0.0654517 -0.0130674 0)
(0.0686293 -0.0139988 0)
(0.071829 -0.014898 0)
(0.0750358 -0.0157528 0)
(0.0782324 -0.0165507 0)
(0.0813991 -0.0172782 0)
(0.0845141 -0.0179219 0)
(0.0875531 -0.0184676 0)
(0.0904897 -0.0189015 0)
(0.0932959 -0.0192094 0)
(0.0959426 -0.0193778 0)
(0.0984001 -0.0193943 0)
(0.10064 -0.0192479 0)
(0.102636 -0.0189301 0)
(0.104366 -0.018436 0)
(0.105814 -0.0177643 0)
(0.106972 -0.0169188 0)
(0.107841 -0.0159081 0)
(0.108432 -0.0147456 0)
(0.108763 -0.0134489 0)
(0.108862 -0.0120389 0)
(0.108764 -0.0105387 0)
(0.108504 -0.00897227 0)
(0.108123 -0.00736291 0)
(0.107656 -0.00573269 0)
(0.107138 -0.00410155 0)
(0.106596 -0.00248699 0)
(0.106054 -0.000904104 0)
(0.105526 0.000634222 0)
(0.105022 0.00211682 0)
(0.104544 0.00353374 0)
(0.104089 0.00487565 0)
(0.103649 0.00613337 0)
(0.10321 0.00729736 0)
(0.102756 0.00835743 0)
(0.102266 0.00930245 0)
(0.101719 0.0101204 0)
(0.10109 0.0107986 0)
(0.100355 0.0113242 0)
(0.0994905 0.0116846 0)
(0.0984773 0.0118691 0)
(0.0973003 0.0118692 0)
(0.0959519 0.0116809 0)
(0.0944339 0.0113052 0)
(0.0927588 0.0107496 0)
(0.0909508 0.0100288 0)
(0.0890448 0.00916374 0)
(0.0870838 0.00818113 0)
(0.0851159 0.00711115 0)
(0.0831893 0.00598517 0)
(0.0813483 0.00483352 0)
(0.0796297 0.00368351 0)
(0.0780607 0.00255828 0)
(0.076658 0.00147643 0)
(0.0754284 0.000452239 0)
(0.0743702 -0.000503612 0)
(0.0734747 -0.0013831 0)
(0.0727287 -0.00218 0)
(0.0721156 -0.00288909 0)
(0.0716171 -0.00350567 0)
(0.0712144 -0.00402524 0)
(0.070889 -0.00444341 0)
(0.0706234 -0.00475614 0)
(0.070402 -0.0049601 0)
(0.0702112 -0.00505334 0)
(0.0700401 -0.00503605 0)
(0.0698809 -0.00491141 0)
(0.0697289 -0.00468627 0)
(0.0695825 -0.0043715 0)
(0.069443 -0.00398187 0)
(0.0693133 -0.00353539 0)
(0.0691973 -0.0030522 0)
(0.0690988 -0.00255315 0)
(0.0690202 -0.00205839 0)
(0.0689623 -0.00158606 0)
(0.0689238 -0.00115127 0)
(0.0689016 -0.000765407 0)
(0.0688915 -0.000435891 0)
(0.0688889 -0.000166165 0)
(0.0688894 4.39485e-05 0)
(0.0688894 0.000197689 0)
(0.0688864 0.00030064 0)
(0.0688792 0.000359954 0)
(0.0688675 0.000383581 0)
(0.0688518 0.000379599 0)
(0.0688332 0.000355663 0)
(0.068813 0.000318617 0)
(0.0687923 0.000274255 0)
(0.0687724 0.000227224 0)
(0.0687542 0.000181029 0)
(0.0687381 0.000138124 0)
(0.0687246 0.000100054 0)
(0.0687137 6.76158e-05 0)
(0.0687052 4.10248e-05 0)
(0.0686991 2.00767e-05 0)
(0.0686949 4.28528e-06 0)
(0.0686924 -7.00065e-06 0)
(0.0686912 -1.45053e-05 0)
(0.0686909 -1.89574e-05 0)
(0.0686913 -2.10428e-05 0)
(0.0686922 -2.13748e-05 0)
(0.0686933 -2.04788e-05 0)
(0.0686946 -1.87872e-05 0)
(0.0686958 -1.66424e-05 0)
(0.068697 -1.43045e-05 0)
(0.0686981 -1.19621e-05 0)
(0.068699 -9.74355e-06 0)
(0.0686998 -7.72906e-06 0)
(0.0687005 -5.96139e-06 0)
(0.068701 -4.4556e-06 0)
(0.0687014 -3.20724e-06 0)
(0.0687017 -2.19901e-06 0)
(0.068702 -1.40601e-06 0)
(0.0687021 -7.99684e-07 0)
(0.0687022 -3.50677e-07 0)
(0.0687023 -3.07754e-08 0)
(0.0687023 1.85881e-07 0)
(0.0687023 3.22129e-07 0)
(0.0687023 3.97519e-07 0)
(0.0687023 4.28331e-07 0)
(0.0687023 4.27774e-07 0)
(0.0687023 4.06299e-07 0)
(0.0687022 3.71954e-07 0)
(0.0687022 3.30762e-07 0)
(0.0687022 2.87081e-07 0)
(0.0687022 2.43931e-07 0)
(0.0687022 2.03289e-07 0)
(0.0687021 1.66339e-07 0)
(0.0687021 1.33675e-07 0)
(0.0687021 1.05474e-07 0)
(0.0687021 8.16256e-08 0)
(0.0687021 6.18385e-08 0)
(0.0687021 4.5715e-08 0)
(0.0687021 3.28088e-08 0)
(0.0687021 2.26642e-08 0)
(0.0687021 1.48427e-08 0)
(0.0687021 8.93944e-09 0)
(0.0687021 4.59217e-09 0)
(0.0687021 1.48506e-09 0)
(0.0687021 -6.51341e-10 0)
(0.0687021 -2.04242e-09 0)
(0.0687021 -2.87333e-09 0)
(0.0687021 -3.29355e-09 0)
(0.0687021 -3.42164e-09 0)
(0.0687021 -3.35e-09 0)
(0.0687021 -3.14928e-09 0)
(0.0687021 -2.8723e-09 0)
(0.0687021 -2.55761e-09 0)
(0.0687021 -2.23249e-09 0)
(0.0687021 -1.91546e-09 0)
(0.0687021 -1.61839e-09 0)
(0.0687021 -1.34819e-09 0)
(0.0687021 -1.10818e-09 0)
(0.0687021 -8.99161e-10 0)
(0.0687021 -7.20212e-10 0)
(0.0687021 -5.69348e-10 0)
(0.0687021 -4.43964e-10 0)
(0.0687021 -3.41167e-10 0)
(0.0687021 -2.58013e-10 0)
(0.0687021 -1.91663e-10 0)
(0.0687021 -1.39479e-10 0)
(0.0687021 -9.90749e-11 0)
(0.0687021 -6.83426e-11 0)
(0.0687021 -4.54519e-11 0)
(0.0687021 -2.88348e-11 0)
(0.0687021 -1.71512e-11 0)
(0.0687021 -9.28647e-12 0)
(0.0687021 -3.71895e-12 0)
(0.0687021 -1.89993e-12 0)
(0.00509447 0.00197463 0)
(0.00766666 0.00297137 0)
(0.0126759 0.00250307 0)
(0.0160254 0.00187741 0)
(0.0192343 0.00124229 0)
(0.0220393 0.000723524 0)
(0.0246537 0.000281866 0)
(0.0271146 -9.51144e-05 0)
(0.0294769 -0.000434919 0)
(0.0317716 -0.000754066 0)
(0.0340248 -0.00106795 0)
(0.0362556 -0.00138807 0)
(0.0384796 -0.00172443 0)
(0.0407092 -0.0020855 0)
(0.0429543 -0.0024787 0)
(0.0452232 -0.00291047 0)
(0.0475222 -0.00338623 0)
(0.0498565 -0.00391037 0)
(0.0522299 -0.00448616 0)
(0.0546454 -0.00511568 0)
(0.0571052 -0.00579977 0)
(0.0596103 -0.00653799 0)
(0.0621613 -0.00732857 0)
(0.0647575 -0.00816842 0)
(0.0673975 -0.00905315 0)
(0.0700786 -0.00997706 0)
(0.0727967 -0.0109332 0)
(0.0755464 -0.0119137 0)
(0.0783203 -0.0129093 0)
(0.0811095 -0.0139101 0)
(0.083903 -0.0149052 0)
(0.0866878 -0.0158829 0)
(0.0894491 -0.0168306 0)
(0.0921694 -0.0177347 0)
(0.094829 -0.0185804 0)
(0.0974052 -0.0193521 0)
(0.0998721 -0.0200335 0)
(0.102201 -0.0206075 0)
(0.104362 -0.0210571 0)
(0.10632 -0.0213652 0)
(0.108042 -0.0215152 0)
(0.109496 -0.0214921 0)
(0.11065 -0.0212828 0)
(0.11148 -0.0208782 0)
(0.111966 -0.0202736 0)
(0.112103 -0.0194702 0)
(0.111897 -0.0184757 0)
(0.111367 -0.0173046 0)
(0.110546 -0.0159775 0)
(0.109483 -0.0145201 0)
(0.108231 -0.0129613 0)
(0.106853 -0.0113312 0)
(0.105411 -0.00965898 0)
(0.103965 -0.00797152 0)
(0.10257 -0.00629171 0)
(0.10127 -0.00463805 0)
(0.100099 -0.00302454 0)
(0.0990821 -0.00146116 0)
(0.0982317 4.53445e-05 0)
(0.0975522 0.00149053 0)
(0.09704 0.00287129 0)
(0.0966848 0.00418493 0)
(0.0964717 0.00542852 0)
(0.0963818 0.0065983 0)
(0.0963937 0.00768929 0)
(0.0964836 0.00869516 0)
(0.0966267 0.00960809 0)
(0.0967966 0.0104188 0)
(0.0969662 0.0111169 0)
(0.097108 0.011691 0)
(0.0971944 0.012129 0)
(0.0971986 0.0124194 0)
(0.0970957 0.0125511 0)
(0.0968637 0.0125155 0)
(0.0964854 0.0123069 0)
(0.0959499 0.0119238 0)
(0.0952539 0.0113703 0)
(0.0944028 0.0106564 0)
(0.093411 0.00979823 0)
(0.0923007 0.00881741 0)
(0.0911001 0.0077398 0)
(0.0898415 0.00659381 0)
(0.0885576 0.00540864 0)
(0.0872793 0.00421249 0)
(0.086033 0.00303126 0)
(0.0848395 0.00188769 0)
(0.0837128 0.000801077 0)
(0.0826603 -0.000212678 0)
(0.0816837 -0.00114067 0)
(0.0807795 -0.0019725 0)
(0.0799406 -0.00269978 0)
(0.0791572 -0.00331572 0)
(0.0784185 -0.00381495 0)
(0.0777135 -0.00419353 0)
(0.0770323 -0.00444922 0)
(0.076367 -0.00458198 0)
(0.0757128 -0.00459462 0)
(0.0750681 -0.00449339 0)
(0.0744349 -0.00428844 0)
(0.0738188 -0.00399381 0)
(0.0732278 -0.00362694 0)
(0.0726717 -0.00320762 0)
(0.0721603 -0.00275666 0)
(0.071702 -0.00229444 0)
(0.0713031 -0.00183959 0)
(0.0709664 -0.00140808 0)
(0.0706915 -0.00101257 0)
(0.0704749 -0.000662281 0)
(0.0703105 -0.000362969 0)
(0.0701905 -0.000117196 0)
(0.0701066 7.53305e-05 0)
(0.0700506 0.000217311 0)
(0.0700147 0.000313345 0)
(0.0699929 0.000369382 0)
(0.0699799 0.000392161 0)
(0.0699722 0.000388689 0)
(0.0699672 0.000365782 0)
(0.0699634 0.000329699 0)
(0.0699599 0.000285898 0)
(0.0699565 0.00023888 0)
(0.0699529 0.000192156 0)
(0.0699495 0.000148272 0)
(0.0699462 0.000108909 0)
(0.0699432 7.50079e-05 0)
(0.0699407 4.69169e-05 0)
(0.0699387 2.45359e-05 0)
(0.0699372 7.45221e-06 0)
(0.0699362 -4.94134e-06 0)
(0.0699355 -1.33508e-05 0)
(0.0699352 -1.85065e-05 0)
(0.0699352 -2.11096e-05 0)
(0.0699353 -2.17974e-05 0)
(0.0699356 -2.11228e-05 0)
(0.0699359 -1.95464e-05 0)
(0.0699363 -1.7437e-05 0)
(0.0699367 -1.50782e-05 0)
(0.069937 -1.26777e-05 0)
(0.0699373 -1.03795e-05 0)
(0.0699376 -8.27569e-06 0)
(0.0699378 -6.41738e-06 0)
(0.069938 -4.82543e-06 0)
(0.0699381 -3.49892e-06 0)
(0.0699382 -2.4224e-06 0)
(0.0699383 -1.57158e-06 0)
(0.0699384 -9.17705e-07 0)
(0.0699384 -4.30644e-07 0)
(0.0699385 -8.11206e-08 0)
(0.0699385 1.57923e-07 0)
(0.0699385 3.10532e-07 0)
(0.0699385 3.97401e-07 0)
(0.0699385 4.35838e-07 0)
(0.0699385 4.3995e-07 0)
(0.0699385 4.20939e-07 0)
(0.0699385 3.87474e-07 0)
(0.0699384 3.46068e-07 0)
(0.0699384 3.01465e-07 0)
(0.0699384 2.56973e-07 0)
(0.0699384 2.14785e-07 0)
(0.0699384 1.76233e-07 0)
(0.0699384 1.42014e-07 0)
(0.0699384 1.12368e-07 0)
(0.0699384 8.72224e-08 0)
(0.0699384 6.63006e-08 0)
(0.0699384 4.92072e-08 0)
(0.0699384 3.54886e-08 0)
(0.0699384 2.46761e-08 0)
(0.0699384 1.63152e-08 0)
(0.0699384 9.9841e-09 0)
(0.0699384 5.30361e-09 0)
(0.0699384 1.94203e-09 0)
(0.0699384 -3.84455e-10 0)
(0.0699384 -1.91392e-09 0)
(0.0699384 -2.84242e-09 0)
(0.0699384 -3.32861e-09 0)
(0.0699384 -3.49865e-09 0)
(0.0699384 -3.45114e-09 0)
(0.0699384 -3.26161e-09 0)
(0.0699384 -2.98679e-09 0)
(0.0699384 -2.66819e-09 0)
(0.0699384 -2.33535e-09 0)
(0.0699384 -2.00846e-09 0)
(0.0699384 -1.70057e-09 0)
(0.0699384 -1.41945e-09 0)
(0.0699384 -1.16894e-09 0)
(0.0699384 -9.50208e-10 0)
(0.0699384 -7.62513e-10 0)
(0.0699384 -6.03949e-10 0)
(0.0699384 -4.71912e-10 0)
(0.0699384 -3.63463e-10 0)
(0.0699384 -2.75583e-10 0)
(0.0699384 -2.05337e-10 0)
(0.0699384 -1.49989e-10 0)
(0.0699384 -1.07059e-10 0)
(0.0699384 -7.43498e-11 0)
(0.0699384 -4.99494e-11 0)
(0.0699384 -3.22225e-11 0)
(0.0699384 -1.97804e-11 0)
(0.0699384 -1.14618e-11 0)
(0.0699384 -5.93739e-12 0)
(0.0699384 -3.81181e-12 0)
(0.0344488 -3.67759e-06 0)
(0.0346126 -0.000152656 0)
(0.0349446 -0.000273577 0)
(0.035397 -0.000338911 0)
(0.0359171 -0.000379581 0)
(0.0365881 -0.000459974 0)
(0.0372955 -0.000344814 0)
(0.0380128 -0.000791314 0)
(0.0908638 -7.24413e-06 0)
(0.0906428 -0.000135338 0)
(0.0905817 -0.000305734 0)
(0.0906257 -0.000479455 0)
(0.0907846 -0.000667116 0)
(0.0910354 -0.000856967 0)
(0.0914041 -0.00106391 0)
(0.0923196 -0.00175411 0)
(0.128437 -1.05923e-05 0)
(0.128259 -9.80199e-05 0)
(0.128174 -0.000229614 0)
(0.128138 -0.00039647 0)
(0.128132 -0.000591606 0)
(0.128158 -0.000818614 0)
(0.128258 -0.0011647 0)
(0.128271 -0.00160824 0)
(0.147212 -1.43599e-05 0)
(0.147034 -0.000108373 0)
(0.146937 -0.000230731 0)
(0.146874 -0.00038223 0)
(0.146824 -0.000566595 0)
(0.146783 -0.000802933 0)
(0.146727 -0.00109057 0)
(0.146662 -0.0014709 0)
(0.147217 -1.9655e-05 0)
(0.147038 -0.000115996 0)
(0.146928 -0.000223198 0)
(0.14684 -0.000351778 0)
(0.146748 -0.000513172 0)
(0.146632 -0.000714246 0)
(0.146481 -0.000971371 0)
(0.146269 -0.00128613 0)
(0.128451 -2.75473e-05 0)
(0.128254 -0.000132308 0)
(0.12811 -0.000226242 0)
(0.127969 -0.000329663 0)
(0.127803 -0.000458041 0)
(0.127595 -0.000623196 0)
(0.127328 -0.000829331 0)
(0.126983 -0.00107672 0)
(0.0908866 -4.19316e-05 0)
(0.0906054 -0.000111602 0)
(0.0903818 -0.000150031 0)
(0.0901542 -0.000199861 0)
(0.0898944 -0.000280122 0)
(0.089578 -0.000395353 0)
(0.0891812 -0.000543231 0)
(0.0886794 -0.000715667 0)
(0.0344548 -4.80948e-05 0)
(0.0343633 -3.16993e-05 0)
(0.0342969 -3.06491e-06 0)
(0.034224 -6.97398e-06 0)
(0.0340861 -4.25021e-05 0)
(0.033854 -9.79857e-05 0)
(0.0335108 -0.000160838 0)
(0.0330494 -0.00022053 0)
(0.04078 -0.00360313 0)
(0.0437571 -0.00336274 0)
(0.0464757 -0.00309247 0)
(0.0491332 -0.00282467 0)
(0.051596 -0.00271354 0)
(0.0539182 -0.00270313 0)
(0.056125 -0.00276774 0)
(0.0582449 -0.00288287 0)
(0.0603005 -0.00303637 0)
(0.0623093 -0.00322234 0)
(0.0642855 -0.0034395 0)
(0.0662404 -0.00368916 0)
(0.0681837 -0.00397413 0)
(0.0701232 -0.00429804 0)
(0.0720657 -0.00466481 0)
(0.0740165 -0.00507834 0)
(0.0759801 -0.00554216 0)
(0.0779598 -0.00605929 0)
(0.079958 -0.00663196 0)
(0.081976 -0.0072615 0)
(0.0840143 -0.0079482 0)
(0.0860724 -0.00869114 0)
(0.0881488 -0.00948816 0)
(0.0902411 -0.0103357 0)
(0.0923453 -0.0112287 0)
(0.0944562 -0.0121606 0)
(0.0965669 -0.0131235 0)
(0.0986685 -0.0141077 0)
(0.10075 -0.0151026 0)
(0.102797 -0.0160961 0)
(0.104795 -0.0170752 0)
(0.106724 -0.0180258 0)
(0.108562 -0.0189326 0)
(0.110287 -0.0197789 0)
(0.111869 -0.0205464 0)
(0.113277 -0.0212153 0)
(0.114476 -0.0217649 0)
(0.115427 -0.0221739 0)
(0.11609 -0.0224217 0)
(0.116427 -0.0224884 0)
(0.1164 -0.0223567 0)
(0.115981 -0.0220127 0)
(0.11515 -0.0214478 0)
(0.113901 -0.0206607 0)
(0.112249 -0.0196588 0)
(0.110224 -0.0184588 0)
(0.10788 -0.0170865 0)
(0.105287 -0.015575 0)
(0.102528 -0.0139624 0)
(0.0996969 -0.0122886 0)
(0.0968859 -0.0105914 0)
(0.0941833 -0.00890402 0)
(0.0916659 -0.00725307 0)
(0.0893951 -0.00565762 0)
(0.0874144 -0.00412929 0)
(0.0857494 -0.00267313 0)
(0.0844094 -0.00128905 0)
(0.08339 2.64289e-05 0)
(0.0826767 0.0012785 0)
(0.0822476 0.00247257 0)
(0.0820768 0.00361315 0)
(0.0821361 0.00470313 0)
(0.0823968 0.00574338 0)
(0.0828302 0.00673265 0)
(0.0834086 0.00766757 0)
(0.0841048 0.00854281 0)
(0.0848926 0.0093513 0)
(0.0857459 0.0100845 0)
(0.0866393 0.0107324 0)
(0.087547 0.0112844 0)
(0.0884435 0.0117291 0)
(0.0893031 0.0120549 0)
(0.0901006 0.0122507 0)
(0.0908114 0.0123063 0)
(0.0914128 0.0122136 0)
(0.0918845 0.0119672 0)
(0.0922102 0.0115655 0)
(0.0923786 0.0110115 0)
(0.0923846 0.0103135 0)
(0.0922293 0.00948469 0)
(0.0919202 0.00854347 0)
(0.0914707 0.00751215 0)
(0.0908982 0.00641593 0)
(0.0902228 0.00528144 0)
(0.0894651 0.00413539 0)
(0.0886447 0.00300338 0)
(0.087779 0.00190898 0)
(0.0868818 0.000873179 0)
(0.0859633 -8.58873e-05 0)
(0.0850303 -0.000952958 0)
(0.0840864 -0.00171556 0)
(0.083133 -0.00236387 0)
(0.0821702 -0.00289071 0)
(0.0811982 -0.00329155 0)
(0.0802179 -0.00356484 0)
(0.0792324 -0.00371227 0)
(0.0782474 -0.00373924 0)
(0.0772717 -0.00365511 0)
(0.0763169 -0.00347316 0)
(0.0753967 -0.00321009 0)
(0.0745255 -0.00288506 0)
(0.0737171 -0.00251834 0)
(0.0729832 -0.00212983 0)
(0.0723323 -0.00173779 0)
(0.071769 -0.00135785 0)
(0.0712939 -0.00100253 0)
(0.0709039 -0.000681121 0)
(0.070593 -0.000399859 0)
(0.0703531 -0.000162252 0)
(0.0701747 3.05603e-05 0)
(0.0700475 0.000179452 0)
(0.0699618 0.00028696 0)
(0.0699083 0.000356943 0)
(0.0698787 0.000394227 0)
(0.069866 0.000404244 0)
(0.0698647 0.000392666 0)
(0.0698703 0.000365078 0)
(0.0698796 0.000326686 0)
(0.0698903 0.000282097 0)
(0.069901 0.000235181 0)
(0.0699107 0.000189003 0)
(0.0699191 0.000145819 0)
(0.069926 0.000107142 0)
(0.0699314 7.38265e-05 0)
(0.0699354 4.6191e-05 0)
(0.0699383 2.41376e-05 0)
(0.0699402 7.27258e-06 0)
(0.0699414 -4.98701e-06 0)
(0.069942 -1.33232e-05 0)
(0.0699422 -1.8446e-05 0)
(0.0699421 -2.1041e-05 0)
(0.0699418 -2.17339e-05 0)
(0.0699415 -2.10703e-05 0)
(0.069941 -1.95064e-05 0)
(0.0699406 -1.74085e-05 0)
(0.0699402 -1.50591e-05 0)
(0.0699398 -1.26657e-05 0)
(0.0699395 -1.03727e-05 0)
(0.0699392 -8.27217e-06 0)
(0.069939 -6.41595e-06 0)
(0.0699388 -4.82519e-06 0)
(0.0699387 -3.49927e-06 0)
(0.0699386 -2.42298e-06 0)
(0.0699385 -1.57219e-06 0)
(0.0699384 -9.1824e-07 0)
(0.0699384 -4.3107e-07 0)
(0.0699384 -8.14354e-08 0)
(0.0699383 1.57704e-07 0)
(0.0699383 3.10389e-07 0)
(0.0699383 3.97313e-07 0)
(0.0699383 4.35788e-07 0)
(0.0699383 4.39925e-07 0)
(0.0699383 4.20929e-07 0)
(0.0699384 3.87472e-07 0)
(0.0699384 3.46071e-07 0)
(0.0699384 3.01469e-07 0)
(0.0699384 2.56978e-07 0)
(0.0699384 2.14789e-07 0)
(0.0699384 1.76236e-07 0)
(0.0699384 1.42016e-07 0)
(0.0699384 1.1237e-07 0)
(0.0699384 8.72236e-08 0)
(0.0699384 6.63014e-08 0)
(0.0699384 4.92077e-08 0)
(0.0699384 3.54889e-08 0)
(0.0699384 2.46762e-08 0)
(0.0699384 1.63153e-08 0)
(0.0699384 9.98414e-09 0)
(0.0699384 5.30362e-09 0)
(0.0699384 1.94203e-09 0)
(0.0699384 -3.84465e-10 0)
(0.0699384 -1.91393e-09 0)
(0.0699384 -2.84243e-09 0)
(0.0699384 -3.32862e-09 0)
(0.0699384 -3.49866e-09 0)
(0.0699384 -3.45114e-09 0)
(0.0699384 -3.26162e-09 0)
(0.0699384 -2.98679e-09 0)
(0.0699384 -2.66819e-09 0)
(0.0699384 -2.33535e-09 0)
(0.0699384 -2.00846e-09 0)
(0.0699384 -1.70057e-09 0)
(0.0699384 -1.41945e-09 0)
(0.0699384 -1.16895e-09 0)
(0.0699384 -9.50214e-10 0)
(0.0699384 -7.62525e-10 0)
(0.0699384 -6.03967e-10 0)
(0.0699384 -4.71937e-10 0)
(0.0699384 -3.63499e-10 0)
(0.0699384 -2.75633e-10 0)
(0.0699384 -2.05409e-10 0)
(0.0699384 -1.50093e-10 0)
(0.0699384 -1.07207e-10 0)
(0.0699384 -7.45634e-11 0)
(0.0699384 -5.02607e-11 0)
(0.0699384 -3.26792e-11 0)
(0.0699384 -2.04574e-11 0)
(0.0699384 -1.24674e-11 0)
(0.0699384 -7.65404e-12 0)
(0.0699384 -5.64991e-12 0)
(0.0930031 -0.00230255 0)
(0.093112 -0.002826 0)
(0.0934659 -0.00314557 0)
(0.093987 -0.00338151 0)
(0.0946743 -0.00357838 0)
(0.0954703 -0.00376357 0)
(0.0963438 -0.00394865 0)
(0.0972711 -0.00413967 0)
(0.0982377 -0.00434116 0)
(0.0992339 -0.00455749 0)
(0.100254 -0.00479339 0)
(0.101293 -0.00505395 0)
(0.10235 -0.00534441 0)
(0.103422 -0.00567001 0)
(0.104508 -0.00603578 0)
(0.105607 -0.00644637 0)
(0.106718 -0.00690587 0)
(0.107839 -0.00741766 0)
(0.108969 -0.00798425 0)
(0.110105 -0.00860711 0)
(0.111243 -0.00928659 0)
(0.112382 -0.0100217 0)
(0.113514 -0.0108101 0)
(0.114635 -0.0116478 0)
(0.115737 -0.0125289 0)
(0.116811 -0.013446 0)
(0.117846 -0.0143892 0)
(0.118827 -0.0153472 0)
(0.119738 -0.0163067 0)
(0.120559 -0.0172528 0)
(0.121264 -0.0181694 0)
(0.121825 -0.0190388 0)
(0.122211 -0.0198417 0)
(0.122385 -0.0205568 0)
(0.122308 -0.0211602 0)
(0.121936 -0.0216265 0)
(0.121225 -0.0219294 0)
(0.12013 -0.0220442 0)
(0.11861 -0.0219484 0)
(0.116633 -0.0216243 0)
(0.11418 -0.0210603 0)
(0.11125 -0.0202539 0)
(0.107866 -0.0192139 0)
(0.104078 -0.0179615 0)
(0.0999619 -0.0165298 0)
(0.0956209 -0.0149615 0)
(0.091178 -0.0133055 0)
(0.0867669 -0.0116129 0)
(0.0825214 -0.00993284 0)
(0.0785629 -0.00830802 0)
(0.0749901 -0.00677126 0)
(0.0718722 -0.00534266 0)
(0.0692466 -0.00402911 0)
(0.0671211 -0.00282582 0)
(0.0654801 -0.0017196 0)
(0.0642919 -0.000692753 0)
(0.0635154 0.000273228 0)
(0.063106 0.00119496 0)
(0.06302 0.00208556 0)
(0.0632164 0.00295406 0)
(0.0636579 0.00380544 0)
(0.0643119 0.00464113 0)
(0.0651492 0.00545954 0)
(0.0661439 0.0062567 0)
(0.0672726 0.00702677 0)
(0.0685137 0.00776239 0)
(0.0698464 0.00845509 0)
(0.0712509 0.00909544 0)
(0.0727071 0.00967336 0)
(0.0741947 0.0101783 0)
(0.075693 0.0105993 0)
(0.0771805 0.0109255 0)
(0.0786352 0.0111465 0)
(0.0800346 0.0112525 0)
(0.0813561 0.011235 0)
(0.0825778 0.0110877 0)
(0.083679 0.010807 0)
(0.0846414 0.0103924 0)
(0.0854498 0.00984781 0)
(0.086093 0.00918127 0)
(0.0865646 0.0084053 0)
(0.0868628 0.00753649 0)
(0.0869904 0.00659494 0)
(0.0869543 0.00560321 0)
(0.0867641 0.00458538 0)
(0.0864317 0.00356581 0)
(0.0859698 0.00256825 0)
(0.0853912 0.00161488 0)
(0.0847082 0.000725704 0)
(0.0839324 -8.19037e-05 0)
(0.0830747 -0.00079355 0)
(0.0821457 -0.00139804 0)
(0.0811564 -0.00188756 0)
(0.0801189 -0.00225792 0)
(0.0790466 -0.00250881 0)
(0.0779555 -0.00264394 0)
(0.0768632 -0.00267118 0)
(0.0757893 -0.00260226 0)
(0.0747535 -0.00245218 0)
(0.0737748 -0.00223811 0)
(0.0728693 -0.00197817 0)
(0.0720495 -0.00169008 0)
(0.0713236 -0.00139002 0)
(0.0706947 -0.00109196 0)
(0.070162 -0.000807192 0)
(0.0697214 -0.000544402 0)
(0.069366 -0.000309788 0)
(0.0690873 -0.000107366 0)
(0.0688761 6.07466e-05 0)
(0.0687228 0.000194066 0)
(0.0686177 0.000293513 0)
(0.0685518 0.000361197 0)
(0.0685165 0.000400197 0)
(0.0685045 0.000414323 0)
(0.068509 0.00040786 0)
(0.0685245 0.000385297 0)
(0.0685466 0.000351071 0)
(0.0685717 0.000309339 0)
(0.0685974 0.000263791 0)
(0.0686216 0.000217534 0)
(0.0686434 0.000173017 0)
(0.0686621 0.000132033 0)
(0.0686775 9.57505e-05 0)
(0.0686896 6.47924e-05 0)
(0.0686987 3.93272e-05 0)
(0.0687053 1.91738e-05 0)
(0.0687096 3.90297e-06 0)
(0.0687122 -7.0706e-06 0)
(0.0687134 -1.44095e-05 0)
(0.0687136 -1.87916e-05 0)
(0.0687131 -2.08642e-05 0)
(0.0687121 -2.12137e-05 0)
(0.068711 -2.03477e-05 0)
(0.0687097 -1.86883e-05 0)
(0.0687084 -1.65724e-05 0)
(0.0687072 -1.42581e-05 0)
(0.0687061 -1.19333e-05 0)
(0.0687051 -9.72714e-06 0)
(0.0687043 -7.72082e-06 0)
(0.0687037 -5.95818e-06 0)
(0.0687031 -4.45522e-06 0)
(0.0687027 -3.20826e-06 0)
(0.0687024 -2.20055e-06 0)
(0.0687022 -1.40757e-06 0)
(0.068702 -8.01043e-07 0)
(0.0687019 -3.51751e-07 0)
(0.0687019 -3.15662e-08 0)
(0.0687019 1.85333e-07 0)
(0.0687018 3.21771e-07 0)
(0.0687019 3.973e-07 0)
(0.0687019 4.28207e-07 0)
(0.0687019 4.27712e-07 0)
(0.0687019 4.06274e-07 0)
(0.0687019 3.7195e-07 0)
(0.068702 3.30769e-07 0)
(0.068702 2.87091e-07 0)
(0.068702 2.43941e-07 0)
(0.068702 2.03299e-07 0)
(0.068702 1.66347e-07 0)
(0.068702 1.33681e-07 0)
(0.0687021 1.05478e-07 0)
(0.0687021 8.16285e-08 0)
(0.0687021 6.18404e-08 0)
(0.0687021 4.57162e-08 0)
(0.0687021 3.28095e-08 0)
(0.0687021 2.26646e-08 0)
(0.0687021 1.48429e-08 0)
(0.0687021 8.93954e-09 0)
(0.0687021 4.59221e-09 0)
(0.0687021 1.48505e-09 0)
(0.0687021 -6.51368e-10 0)
(0.0687021 -2.04246e-09 0)
(0.0687021 -2.87337e-09 0)
(0.0687021 -3.29358e-09 0)
(0.0687021 -3.42166e-09 0)
(0.0687021 -3.35002e-09 0)
(0.0687021 -3.14929e-09 0)
(0.0687021 -2.8723e-09 0)
(0.0687021 -2.55761e-09 0)
(0.0687021 -2.23249e-09 0)
(0.0687021 -1.91546e-09 0)
(0.0687021 -1.61839e-09 0)
(0.0687021 -1.34819e-09 0)
(0.0687021 -1.10819e-09 0)
(0.0687021 -8.99181e-10 0)
(0.0687021 -7.20246e-10 0)
(0.0687021 -5.69401e-10 0)
(0.0687021 -4.44039e-10 0)
(0.0687021 -3.41271e-10 0)
(0.0687021 -2.5816e-10 0)
(0.0687021 -1.91872e-10 0)
(0.0687021 -1.39776e-10 0)
(0.0687021 -9.94997e-11 0)
(0.0687021 -6.8955e-11 0)
(0.0687021 -4.63418e-11 0)
(0.0687021 -3.01318e-11 0)
(0.0687021 -1.9067e-11 0)
(0.0687021 -1.21104e-11 0)
(0.0687021 -8.57518e-12 0)
(0.0687021 -7.10615e-12 0)
(0.128215 -0.00226011 0)
(0.128178 -0.00280694 0)
(0.128124 -0.00323166 0)
(0.12812 -0.00356308 0)
(0.128169 -0.00383863 0)
(0.128268 -0.00408292 0)
(0.128409 -0.00431151 0)
(0.12858 -0.00453457 0)
(0.128776 -0.00475961 0)
(0.128988 -0.004993 0)
(0.129212 -0.00524067 0)
(0.129443 -0.00550841 0)
(0.129677 -0.00580194 0)
(0.12991 -0.0061268 0)
(0.13014 -0.00648827 0)
(0.130361 -0.00689118 0)
(0.130572 -0.00733979 0)
(0.130766 -0.00783757 0)
(0.130939 -0.0083871 0)
(0.131086 -0.00898988 0)
(0.131199 -0.00964614 0)
(0.131273 -0.0103547 0)
(0.131296 -0.0111129 0)
(0.131261 -0.0119159 0)
(0.131153 -0.0127571 0)
(0.13096 -0.0136273 0)
(0.130663 -0.0145143 0)
(0.130239 -0.0154034 0)
(0.129664 -0.016277 0)
(0.128904 -0.0171149 0)
(0.127925 -0.0178957 0)
(0.126686 -0.018596 0)
(0.125145 -0.0191909 0)
(0.123259 -0.0196534 0)
(0.120981 -0.0199543 0)
(0.118268 -0.0200643 0)
(0.115077 -0.0199569 0)
(0.111374 -0.0196109 0)
(0.107142 -0.0190136 0)
(0.102388 -0.0181624 0)
(0.0971568 -0.0170669 0)
(0.0915316 -0.0157501 0)
(0.0856374 -0.0142502 0)
(0.0796355 -0.0126214 0)
(0.073711 -0.0109315 0)
(0.0680538 -0.00925628 0)
(0.0628355 -0.00766919 0)
(0.0581896 -0.00622936 0)
(0.0541978 -0.00497184 0)
(0.0508887 -0.0039037 0)
(0.0482448 -0.00300732 0)
(0.0462172 -0.00224883 0)
(0.0447393 -0.00158813 0)
(0.0437397 -0.000987111 0)
(0.0431505 -0.000414485 0)
(0.0429113 0.000152458 0)
(0.0429718 0.000728273 0)
(0.0432906 0.00132077 0)
(0.0438347 0.00193266 0)
(0.0445772 0.00256301 0)
(0.0454964 0.00320836 0)
(0.046574 0.00386356 0)
(0.0477942 0.0045222 0)
(0.0491425 0.00517706 0)
(0.0506054 0.00582025 0)
(0.0521694 0.00644337 0)
(0.0538212 0.00703762 0)
(0.0555467 0.00759386 0)
(0.0573312 0.0081027 0)
(0.0591588 0.00855457 0)
(0.0610129 0.00893988 0)
(0.0628753 0.00924917 0)
(0.0647271 0.00947334 0)
(0.0665478 0.00960394 0)
(0.0683164 0.00963359 0)
(0.0700114 0.00955642 0)
(0.0716112 0.0093686 0)
(0.0730949 0.0090689 0)
(0.074443 0.00865915 0)
(0.0756384 0.00814466 0)
(0.0766666 0.00753435 0)
(0.0775168 0.00684073 0)
(0.0781822 0.00607952 0)
(0.0786596 0.00526912 0)
(0.0789497 0.00442979 0)
(0.0790569 0.00358274 0)
(0.0789883 0.00274922 0)
(0.0787538 0.0019496 0)
(0.0783655 0.00120256 0)
(0.0778376 0.000524426 0)
(0.0771862 -7.14411e-05 0)
(0.0764294 -0.000575087 0)
(0.0755875 -0.000980341 0)
(0.0746827 -0.00128505 0)
(0.0737389 -0.00149114 0)
(0.0727808 -0.00160441 0)
(0.0718329 -0.00163401 0)
(0.0709182 -0.00159163 0)
(0.0700561 -0.00149049 0)
(0.0692624 -0.00134435 0)
(0.0685476 -0.00116661 0)
(0.0679178 -0.00096967 0)
(0.0673745 -0.000764551 0)
(0.066916 -0.000560718 0)
(0.0665379 -0.000366036 0)
(0.0662341 -0.000186787 0)
(0.0659977 -2.7731e-05 0)
(0.065821 0.000107836 0)
(0.0656964 0.000218006 0)
(0.065616 0.000302173 0)
(0.0655723 0.000360917 0)
(0.0655581 0.000395846 0)
(0.0655666 0.000409415 0)
(0.0655916 0.000404704 0)
(0.0656275 0.000385182 0)
(0.0656697 0.000354468 0)
(0.0657143 0.000316109 0)
(0.0657582 0.00027339 0)
(0.0657992 0.000229186 0)
(0.065836 0.000185871 0)
(0.0658675 0.000145271 0)
(0.0658936 0.000108663 0)
(0.0659143 7.68231e-05 0)
(0.06593 5.00864e-05 0)
(0.0659413 2.8432e-05 0)
(0.0659488 1.15711e-05 0)
(0.0659533 -9.68448e-07 0)
(0.0659553 -9.76616e-06 0)
(0.0659557 -1.54453e-05 0)
(0.0659547 -1.86237e-05 0)
(0.065953 -1.98785e-05 0)
(0.0659508 -1.97234e-05 0)
(0.0659484 -1.85967e-05 0)
(0.065946 -1.68581e-05 0)
(0.0659438 -1.47908e-05 0)
(0.0659418 -1.26086e-05 0)
(0.06594 -1.04647e-05 0)
(0.0659385 -8.46173e-06 0)
(0.0659373 -6.66179e-06 0)
(0.0659363 -5.09583e-06 0)
(0.0659356 -3.77184e-06 0)
(0.065935 -2.68184e-06 0)
(0.0659346 -1.80757e-06 0)
(0.0659343 -1.12488e-06 0)
(0.0659341 -6.07086e-07 0)
(0.065934 -2.27286e-07 0)
(0.0659339 4.00076e-08 0)
(0.0659339 2.17922e-07 0)
(0.0659339 3.26713e-07 0)
(0.0659339 3.83599e-07 0)
(0.065934 4.02827e-07 0)
(0.065934 3.95883e-07 0)
(0.0659341 3.71796e-07 0)
(0.0659341 3.37475e-07 0)
(0.0659341 2.98048e-07 0)
(0.0659342 2.57188e-07 0)
(0.0659342 2.17413e-07 0)
(0.0659342 1.80336e-07 0)
(0.0659343 1.46892e-07 0)
(0.0659343 1.17517e-07 0)
(0.0659343 9.2293e-08 0)
(0.0659343 7.10655e-08 0)
(0.0659343 5.35314e-08 0)
(0.0659343 3.93052e-08 0)
(0.0659343 2.79667e-08 0)
(0.0659343 1.90943e-08 0)
(0.0659343 1.22871e-08 0)
(0.0659343 7.17784e-09 0)
(0.0659343 3.44035e-09 0)
(0.0659343 7.91644e-10 0)
(0.0659343 -1.00852e-09 0)
(0.0659343 -2.16024e-09 0)
(0.0659343 -2.82727e-09 0)
(0.0659343 -3.14125e-09 0)
(0.0659343 -3.20624e-09 0)
(0.0659343 -3.10295e-09 0)
(0.0659343 -2.89283e-09 0)
(0.0659343 -2.62156e-09 0)
(0.0659343 -2.32229e-09 0)
(0.0659343 -2.01825e-09 0)
(0.0659343 -1.72505e-09 0)
(0.0659343 -1.45249e-09 0)
(0.0659343 -1.20612e-09 0)
(0.0659343 -9.88372e-10 0)
(0.0659343 -7.99538e-10 0)
(0.0659343 -6.38477e-10 0)
(0.0659343 -5.03157e-10 0)
(0.0659343 -3.91056e-10 0)
(0.0659343 -2.99445e-10 0)
(0.0659343 -2.25588e-10 0)
(0.0659343 -1.66878e-10 0)
(0.0659343 -1.20908e-10 0)
(0.0659343 -8.55294e-11 0)
(0.0659343 -5.88558e-11 0)
(0.0659343 -3.92746e-11 0)
(0.0659343 -2.54279e-11 0)
(0.0659343 -1.62284e-11 0)
(0.0659343 -1.07578e-11 0)
(0.0659343 -8.83837e-12 0)
(0.0659343 -8.11554e-12 0)
(0.146533 -0.00189981 0)
(0.146284 -0.00234313 0)
(0.145974 -0.00275322 0)
(0.145637 -0.00311886 0)
(0.145297 -0.00344467 0)
(0.144959 -0.00373947 0)
(0.144623 -0.004012 0)
(0.144284 -0.0042701 0)
(0.143937 -0.00452099 0)
(0.143577 -0.00477149 0)
(0.1432 -0.00502824 0)
(0.142801 -0.00529768 0)
(0.142375 -0.00558609 0)
(0.141917 -0.00589945 0)
(0.141422 -0.00624335 0)
(0.140885 -0.0066228 0)
(0.140297 -0.00704213 0)
(0.139652 -0.00750478 0)
(0.138941 -0.00801314 0)
(0.138152 -0.00856834 0)
(0.137276 -0.00917013 0)
(0.136297 -0.00981652 0)
(0.135202 -0.0105036 0)
(0.133971 -0.0112251 0)
(0.132585 -0.0119716 0)
(0.13102 -0.0127306 0)
(0.129251 -0.0134852 0)
(0.127245 -0.014215 0)
(0.124969 -0.0148963 0)
(0.122381 -0.0155036 0)
(0.119437 -0.0160112 0)
(0.116091 -0.0163934 0)
(0.112295 -0.0166241 0)
(0.108005 -0.0166755 0)
(0.103185 -0.016517 0)
(0.0978094 -0.0161169 0)
(0.0918842 -0.0154497 0)
(0.0854601 -0.0145048 0)
(0.0786452 -0.0132948 0)
(0.0716057 -0.0118603 0)
(0.0645563 -0.0102732 0)
(0.057738 -0.00863312 0)
(0.0513845 -0.00705366 0)
(0.0456866 -0.00563876 0)
(0.0407654 -0.00445962 0)
(0.0366622 -0.00354114 0)
(0.0333486 -0.00286368 0)
(0.0307492 -0.00237779 0)
(0.0287674 -0.00202323 0)
(0.0273034 -0.00174402 0)
(0.0262673 -0.00149636 0)
(0.0255834 -0.00125018 0)
(0.0251926 -0.000987015 0)
(0.0250507 -0.000696573 0)
(0.0251256 -0.000373665 0)
(0.0253945 -1.61698e-05 0)
(0.025841 0.000376058 0)
(0.0264532 0.000801661 0)
(0.0272214 0.00125798 0)
(0.0281377 0.00174119 0)
(0.0291949 0.00224642 0)
(0.0303857 0.00276795 0)
(0.0317032 0.00329935 0)
(0.0331397 0.00383368 0)
(0.0346872 0.00436359 0)
(0.0363368 0.00488143 0)
(0.0380786 0.00537934 0)
(0.0399019 0.00584932 0)
(0.0417946 0.00628326 0)
(0.0437434 0.00667307 0)
(0.0457336 0.00701073 0)
(0.0477492 0.00728843 0)
(0.0497727 0.00749875 0)
(0.0517855 0.00763485 0)
(0.0537676 0.0076908 0)
(0.0556982 0.00766188 0)
(0.0575562 0.00754496 0)
(0.05932 0.00733893 0)
(0.060969 0.00704503 0)
(0.0624836 0.00666718 0)
(0.0638463 0.00621216 0)
(0.0650421 0.00568958 0)
(0.0660594 0.00511172 0)
(0.0668901 0.00449309 0)
(0.0675303 0.00384988 0)
(0.0679803 0.00319918 0)
(0.0682446 0.00255818 0)
(0.0683319 0.00194335 0)
(0.0682551 0.00136956 0)
(0.0680305 0.000849463 0)
(0.0676779 0.000392828 0)
(0.0672197 6.22632e-06 0)
(0.0666801 -0.000307111 0)
(0.0660841 -0.000547154 0)
(0.065456 -0.00071668 0)
(0.0648188 -0.00082071 0)
(0.0641926 -0.000865893 0)
(0.0635939 -0.000859938 0)
(0.0630357 -0.000811177 0)
(0.0625273 -0.000728245 0)
(0.0620747 -0.000619838 0)
(0.0616812 -0.000494486 0)
(0.0613476 -0.000360316 0)
(0.0610733 -0.000224792 0)
(0.060856 -9.44654e-05 0)
(0.0606921 2.52262e-05 0)
(0.0605773 0.0001301 0)
(0.0605062 0.00021728 0)
(0.0604732 0.000285178 0)
(0.060472 0.000333399 0)
(0.0604964 0.0003626 0)
(0.0605401 0.000374302 0)
(0.0605973 0.000370689 0)
(0.0606626 0.000354385 0)
(0.0607312 0.000328242 0)
(0.0607994 0.00029514 0)
(0.060864 0.000257818 0)
(0.0609228 0.000218732 0)
(0.0609745 0.000179962 0)
(0.0610183 0.000143161 0)
(0.061054 0.000109535 0)
(0.0610821 7.98672e-05 0)
(0.0611032 5.45583e-05 0)
(0.0611181 3.36913e-05 0)
(0.0611278 1.70987e-05 0)
(0.0611334 4.43355e-06 0)
(0.0611356 -4.76559e-06 0)
(0.0611355 -1.10184e-05 0)
(0.0611337 -1.48571e-05 0)
(0.0611308 -1.67925e-05 0)
(0.0611274 -1.72903e-05 0)
(0.0611238 -1.67571e-05 0)
(0.0611202 -1.55345e-05 0)
(0.0611168 -1.38984e-05 0)
(0.0611138 -1.2063e-05 0)
(0.0611112 -1.01871e-05 0)
(0.061109 -8.38248e-06 0)
(0.0611072 -6.72174e-06 0)
(0.0611057 -5.24667e-06 0)
(0.0611046 -3.97561e-06 0)
(0.0611037 -2.90989e-06 0)
(0.0611031 -2.03924e-06 0)
(0.0611027 -1.34614e-06 0)
(0.0611024 -8.09147e-07 0)
(0.0611022 -4.05402e-07 0)
(0.0611022 -1.1237e-07 0)
(0.0611021 9.10127e-08 0)
(0.0611022 2.23653e-07 0)
(0.0611022 3.01973e-07 0)
(0.0611023 3.39835e-07 0)
(0.0611023 3.48639e-07 0)
(0.0611024 3.3752e-07 0)
(0.0611025 3.13616e-07 0)
(0.0611025 2.82352e-07 0)
(0.0611026 2.47726e-07 0)
(0.0611026 2.12572e-07 0)
(0.0611027 1.78807e-07 0)
(0.0611027 1.47634e-07 0)
(0.0611028 1.19723e-07 0)
(0.0611028 9.5354e-08 0)
(0.0611028 7.45358e-08 0)
(0.0611028 5.7096e-08 0)
(0.0611028 4.27519e-08 0)
(0.0611028 3.1162e-08 0)
(0.0611028 2.19633e-08 0)
(0.0611028 1.47974e-08 0)
(0.0611028 9.3264e-09 0)
(0.0611028 5.24366e-09 0)
(0.0611028 2.27805e-09 0)
(0.0611028 1.95642e-10 0)
(0.0611028 -1.20134e-09 0)
(0.0611028 -2.07701e-09 0)
(0.0611028 -2.56516e-09 0)
(0.0611028 -2.77298e-09 0)
(0.0611028 -2.78486e-09 0)
(0.0611028 -2.66602e-09 0)
(0.0611028 -2.46586e-09 0)
(0.0611028 -2.22094e-09 0)
(0.0611028 -1.95758e-09 0)
(0.0611028 -1.69409e-09 0)
(0.0611028 -1.44259e-09 0)
(0.0611028 -1.21056e-09 0)
(0.0611028 -1.00204e-09 0)
(0.0611028 -8.18625e-10 0)
(0.0611028 -6.60215e-10 0)
(0.0611028 -5.25589e-10 0)
(0.0611028 -4.12855e-10 0)
(0.0611028 -3.19758e-10 0)
(0.0611028 -2.43913e-10 0)
(0.0611028 -1.82964e-10 0)
(0.0611028 -1.34683e-10 0)
(0.0611028 -9.70326e-11 0)
(0.0611028 -6.81991e-11 0)
(0.0611028 -4.66034e-11 0)
(0.0611028 -3.09144e-11 0)
(0.0611028 -1.99978e-11 0)
(0.0611028 -1.30071e-11 0)
(0.0611028 -9.0827e-12 0)
(0.0611028 -8.78724e-12 0)
(0.0611028 -8.74594e-12 0)
(0.145972 -0.00165331 0)
(0.145587 -0.00203382 0)
(0.145118 -0.00239775 0)
(0.144579 -0.00273047 0)
(0.143984 -0.0030293 0)
(0.143339 -0.00329771 0)
(0.142646 -0.00354172 0)
(0.141906 -0.00376824 0)
(0.141116 -0.00398437 0)
(0.140274 -0.00419706 0)
(0.139377 -0.00441301 0)
(0.138423 -0.00463857 0)
(0.137407 -0.00487971 0)
(0.136322 -0.00514189 0)
(0.135162 -0.00542994 0)
(0.133919 -0.00574797 0)
(0.132582 -0.00609919 0)
(0.131138 -0.00648575 0)
(0.129575 -0.00690852 0)
(0.127875 -0.00736699 0)
(0.126019 -0.00785903 0)
(0.123987 -0.00838068 0)
(0.121755 -0.00892589 0)
(0.119297 -0.00948605 0)
(0.116586 -0.0100495 0)
(0.113589 -0.0106005 0)
(0.110272 -0.0111187 0)
(0.106593 -0.0115783 0)
(0.102508 -0.0119487 0)
(0.097968 -0.0121961 0)
(0.0929324 -0.0122859 0)
(0.0873749 -0.0121847 0)
(0.0812964 -0.011861 0)
(0.0747371 -0.0112849 0)
(0.0677906 -0.0104371 0)
(0.0606156 -0.009331 0)
(0.0534309 -0.00803099 0)
(0.0464868 -0.00664734 0)
(0.0400294 -0.00530971 0)
(0.0342617 -0.00413473 0)
(0.0293082 -0.00319849 0)
(0.0251977 -0.00252207 0)
(0.0218775 -0.00207622 0)
(0.0192472 -0.0018012 0)
(0.0171885 -0.00163082 0)
(0.0155855 -0.00151196 0)
(0.0143368 -0.00141357 0)
(0.0133631 -0.00132376 0)
(0.0126079 -0.00124 0)
(0.0120344 -0.00116021 0)
(0.0116205 -0.00107875 0)
(0.0113535 -0.000986928 0)
(0.0112263 -0.000875222 0)
(0.0112349 -0.000735366 0)
(0.0113775 -0.00056146 0)
(0.0116532 -0.000350257 0)
(0.0120618 -0.000100965 0)
(0.0126037 0.000185163 0)
(0.013279 0.000505256 0)
(0.0140875 0.000855228 0)
(0.0150283 0.0012301 0)
(0.0160994 0.00162425 0)
(0.0172981 0.00203165 0)
(0.0186202 0.00244598 0)
(0.0200604 0.00286073 0)
(0.0216121 0.00326932 0)
(0.0232672 0.0036651 0)
(0.0250165 0.00404142 0)
(0.0268491 0.00439169 0)
(0.0287527 0.0047094 0)
(0.0307138 0.0049882 0)
(0.0327172 0.005222 0)
(0.0347463 0.0054051 0)
(0.0367833 0.00553234 0)
(0.0388092 0.00559928 0)
(0.0408041 0.0056025 0)
(0.0427473 0.00553981 0)
(0.0446183 0.00541053 0)
(0.0463964 0.00521579 0)
(0.0480624 0.00495865 0)
(0.0495983 0.00464428 0)
(0.0509886 0.00427992 0)
(0.0522208 0.00387468 0)
(0.0532859 0.00343924 0)
(0.0541787 0.00298539 0)
(0.0548987 0.00252539 0)
(0.0554492 0.00207139 0)
(0.0558381 0.00163479 0)
(0.0560768 0.00122567 0)
(0.0561797 0.000852433 0)
(0.0561638 0.000521538 0)
(0.0560476 0.000237484 0)
(0.05585 2.87454e-06 0)
(0.05559 -0.000181437 0)
(0.0552858 -0.000316204 0)
(0.0549544 -0.000403673 0)
(0.0546114 -0.000447493 0)
(0.0542706 -0.000452586 0)
(0.0539443 -0.00042494 0)
(0.0536426 -0.0003713 0)
(0.053374 -0.000298772 0)
(0.0531445 -0.0002144 0)
(0.052958 -0.000124768 0)
(0.052816 -3.56857e-05 0)
(0.052718 4.80229e-05 0)
(0.0526619 0.000122625 0)
(0.0526436 0.000185495 0)
(0.0526583 0.00023506 0)
(0.0527002 0.000270705 0)
(0.0527634 0.000292643 0)
(0.0528417 0.000301768 0)
(0.0529294 0.0002995 0)
(0.0530213 0.000287625 0)
(0.0531129 0.000268139 0)
(0.0532006 0.000243106 0)
(0.0532815 0.000214524 0)
(0.0533538 0.000184227 0)
(0.0534163 0.000153804 0)
(0.0534686 0.00012455 0)
(0.0535108 9.74507e-05 0)
(0.0535437 7.31807e-05 0)
(0.0535681 5.21319e-05 0)
(0.0535852 3.44501e-05 0)
(0.0535961 2.00817e-05 0)
(0.0536021 8.82259e-06 0)
(0.0536043 3.65665e-07 0)
(0.0536037 -5.65684e-06 0)
(0.0536012 -9.63744e-06 0)
(0.0535975 -1.19653e-05 0)
(0.0535931 -1.30056e-05 0)
(0.0535884 -1.30862e-05 0)
(0.0535839 -1.24896e-05 0)
(0.0535797 -1.14508e-05 0)
(0.0535759 -1.01579e-05 0)
(0.0535726 -8.75566e-06 0)
(0.0535698 -7.3503e-06 0)
(0.0535675 -6.01552e-06 0)
(0.0535657 -4.7983e-06 0)
(0.0535643 -3.72461e-06 0)
(0.0535632 -2.80455e-06 0)
(0.0535624 -2.03678e-06 0)
(0.0535618 -1.41227e-06 0)
(0.0535615 -9.17243e-07 0)
(0.0535612 -5.35471e-07 0)
(0.0535611 -2.49964e-07 0)
(0.0535611 -4.41515e-08 0)
(0.0535611 9.73432e-08 0)
(0.0535612 1.88257e-07 0)
(0.0535613 2.40477e-07 0)
(0.0535613 2.64009e-07 0)
(0.0535614 2.67058e-07 0)
(0.0535615 2.56184e-07 0)
(0.0535616 2.365e-07 0)
(0.0535617 2.11878e-07 0)
(0.0535617 1.85163e-07 0)
(0.0535618 1.5836e-07 0)
(0.0535618 1.32814e-07 0)
(0.0535619 1.09358e-07 0)
(0.0535619 8.84448e-08 0)
(0.0535619 7.02469e-08 0)
(0.053562 5.47448e-08 0)
(0.053562 4.17915e-08 0)
(0.053562 3.11629e-08 0)
(0.053562 2.25954e-08 0)
(0.053562 1.58124e-08 0)
(0.053562 1.05427e-08 0)
(0.053562 6.53212e-09 0)
(0.053562 3.55059e-09 0)
(0.053562 1.39547e-09 0)
(0.053562 -1.07732e-10 0)
(0.053562 -1.10626e-09 0)
(0.053562 -1.72204e-09 0)
(0.053562 -2.05432e-09 0)
(0.053562 -2.18245e-09 0)
(0.053562 -2.16879e-09 0)
(0.053562 -2.06143e-09 0)
(0.053562 -1.89668e-09 0)
(0.053562 -1.70134e-09 0)
(0.053562 -1.49462e-09 0)
(0.053562 -1.2898e-09 0)
(0.053562 -1.09559e-09 0)
(0.053562 -9.17277e-10 0)
(0.053562 -7.57642e-10 0)
(0.053562 -6.17664e-10 0)
(0.053562 -4.97088e-10 0)
(0.053562 -3.94862e-10 0)
(0.053562 -3.09446e-10 0)
(0.053562 -2.39061e-10 0)
(0.053562 -1.81846e-10 0)
(0.053562 -1.35978e-10 0)
(0.053562 -9.9741e-11 0)
(0.053562 -7.15772e-11 0)
(0.053562 -5.01062e-11 0)
(0.053562 -3.41268e-11 0)
(0.053562 -2.26352e-11 0)
(0.053562 -1.47841e-11 0)
(0.053562 -1.00138e-11 0)
(0.053562 -7.32685e-12 0)
(0.053562 -8.31837e-12 0)
(0.053562 -8.75762e-12 0)
(0.126539 -0.00135303 0)
(0.125981 -0.00163842 0)
(0.125307 -0.00191195 0)
(0.124527 -0.00216063 0)
(0.123649 -0.00238028 0)
(0.122679 -0.00257276 0)
(0.121622 -0.00274324 0)
(0.120483 -0.0028982 0)
(0.119262 -0.00304439 0)
(0.11796 -0.00318824 0)
(0.116576 -0.00333566 0)
(0.115106 -0.00349191 0)
(0.113547 -0.00366159 0)
(0.11189 -0.00384857 0)
(0.110125 -0.00405595 0)
(0.108242 -0.0042859 0)
(0.106224 -0.00453952 0)
(0.104055 -0.0048167 0)
(0.101715 -0.0051159 0)
(0.0991794 -0.00543402 0)
(0.0964244 -0.00576611 0)
(0.0934219 -0.00610505 0)
(0.0901425 -0.00644101 0)
(0.0865556 -0.00676053 0)
(0.0826305 -0.00704503 0)
(0.0783392 -0.00726907 0)
(0.0736603 -0.00739923 0)
(0.0685853 -0.00739642 0)
(0.0631288 -0.00722372 0)
(0.0573382 -0.00685841 0)
(0.0513006 -0.00630267 0)
(0.0451452 -0.00558727 0)
(0.0390468 -0.00476622 0)
(0.0332235 -0.00390829 0)
(0.0279025 -0.00309144 0)
(0.0232499 -0.0023908 0)
(0.0193206 -0.00185602 0)
(0.0160762 -0.0014963 0)
(0.0134348 -0.00128185 0)
(0.0113022 -0.00115641 0)
(0.00958277 -0.00106084 0)
(0.00818439 -0.000959532 0)
(0.00702729 -0.000850036 0)
(0.00605065 -0.000750248 0)
(0.00521326 -0.000678993 0)
(0.00448917 -0.000645211 0)
(0.00386152 -0.000647225 0)
(0.00331757 -0.000676277 0)
(0.00284665 -0.000720124 0)
(0.00244075 -0.000765726 0)
(0.00209592 -0.000801186 0)
(0.00181285 -0.000816946 0)
(0.00159652 -0.000806201 0)
(0.00145506 -0.000764702 0)
(0.00139839 -0.000690285 0)
(0.00143699 -0.000582382 0)
(0.00158102 -0.000441655 0)
(0.0018396 -0.00026975 0)
(0.00222044 -6.9138e-05 0)
(0.00272955 0.000157018 0)
(0.00337114 0.000404983 0)
(0.00414754 0.000670569 0)
(0.00505921 0.00094925 0)
(0.00610475 0.00123626 0)
(0.00728096 0.00152669 0)
(0.00858289 0.00181555 0)
(0.0100038 0.00209782 0)
(0.0115355 0.00236852 0)
(0.0131678 0.00262271 0)
(0.0148892 0.0028556 0)
(0.0166866 0.00306255 0)
(0.0185453 0.00323915 0)
(0.0204493 0.00338135 0)
(0.0223814 0.0034855 0)
(0.024323 0.00354856 0)
(0.0262549 0.00356818 0)
(0.0281573 0.00354292 0)
(0.03001 0.00347239 0)
(0.0317934 0.00335742 0)
(0.0334885 0.00320015 0)
(0.0350776 0.00300408 0)
(0.0365451 0.00277406 0)
(0.0378778 0.00251614 0)
(0.0390656 0.00223738 0)
(0.0401015 0.00194555 0)
(0.0409823 0.00164879 0)
(0.0417083 0.00135525 0)
(0.0422833 0.00107273 0)
(0.0427145 0.000808345 0)
(0.0430121 0.000568242 0)
(0.0431887 0.00035734 0)
(0.043259 0.000179123 0)
(0.0432393 3.54968e-05 0)
(0.0431471 -7.32679e-05 0)
(0.0430003 -0.000148474 0)
(0.0428166 -0.000192808 0)
(0.0426129 -0.000210032 0)
(0.0424049 -0.000204623 0)
(0.042206 -0.000181383 0)
(0.0420271 -0.00014511 0)
(0.0418765 -0.000100338 0)
(0.0417595 -5.11534e-05 0)
(0.0416787 -1.09766e-06 0)
(0.0416343 4.68902e-05 0)
(0.0416246 9.04862e-05 0)
(0.041646 0.000127973 0)
(0.0416943 0.000158213 0)
(0.0417641 0.000180611 0)
(0.0418501 0.000195056 0)
(0.0419469 0.00020186 0)
(0.0420493 0.000201676 0)
(0.0421529 0.000195418 0)
(0.0422536 0.000184174 0)
(0.0423485 0.000169117 0)
(0.0424351 0.00015143 0)
(0.0425119 0.000132235 0)
(0.0425782 0.000112542 0)
(0.0426336 9.32106e-05 0)
(0.0426785 7.49257e-05 0)
(0.0427136 5.81945e-05 0)
(0.04274 4.33509e-05 0)
(0.0427587 3.05716e-05 0)
(0.042771 1.98996e-05 0)
(0.0427781 1.12699e-05 0)
(0.0427812 4.53768e-06 0)
(0.0427812 -4.95821e-07 0)
(0.0427791 -4.06007e-06 0)
(0.0427755 -6.3955e-06 0)
(0.0427712 -7.73814e-06 0)
(0.0427665 -8.30832e-06 0)
(0.0427618 -8.3033e-06 0)
(0.0427573 -7.89311e-06 0)
(0.0427532 -7.21912e-06 0)
(0.0427497 -6.39471e-06 0)
(0.0427466 -5.50722e-06 0)
(0.042744 -4.621e-06 0)
(0.0427419 -3.78072e-06 0)
(0.0427403 -3.01495e-06 0)
(0.042739 -2.33948e-06 0)
(0.042738 -1.76046e-06 0)
(0.0427373 -1.277e-06 0)
(0.0427369 -8.83496e-07 0)
(0.0427366 -5.71372e-07 0)
(0.0427364 -3.30526e-07 0)
(0.0427363 -1.50351e-07 0)
(0.0427363 -2.04807e-08 0)
(0.0427363 6.87305e-08 0)
(0.0427364 1.25921e-07 0)
(0.0427365 1.58583e-07 0)
(0.0427366 1.73038e-07 0)
(0.0427367 1.74481e-07 0)
(0.0427368 1.67078e-07 0)
(0.0427369 1.54077e-07 0)
(0.0427369 1.37949e-07 0)
(0.042737 1.20508e-07 0)
(0.042737 1.03036e-07 0)
(0.0427371 8.63966e-08 0)
(0.0427371 7.11231e-08 0)
(0.0427371 5.75057e-08 0)
(0.0427372 4.56557e-08 0)
(0.0427372 3.556e-08 0)
(0.0427372 2.71232e-08 0)
(0.0427372 2.02001e-08 0)
(0.0427372 1.46196e-08 0)
(0.0427372 1.0202e-08 0)
(0.0427372 6.77098e-09 0)
(0.0427372 4.16124e-09 0)
(0.0427372 2.22291e-09 0)
(0.0427372 8.23893e-10 0)
(0.0427372 -1.49656e-10 0)
(0.0427372 -7.93846e-10 0)
(0.0427372 -1.18834e-09 0)
(0.0427372 -1.39799e-09 0)
(0.0427372 -1.4747e-09 0)
(0.0427372 -1.45924e-09 0)
(0.0427372 -1.38306e-09 0)
(0.0427372 -1.26994e-09 0)
(0.0427372 -1.13738e-09 0)
(0.0427372 -9.97935e-10 0)
(0.0427372 -8.60265e-10 0)
(0.0427372 -7.30039e-10 0)
(0.0427372 -6.10682e-10 0)
(0.0427372 -5.03967e-10 0)
(0.0427372 -4.10492e-10 0)
(0.0427372 -3.30051e-10 0)
(0.0427372 -2.61908e-10 0)
(0.0427372 -2.05023e-10 0)
(0.0427372 -1.5819e-10 0)
(0.0427372 -1.20161e-10 0)
(0.0427372 -8.9715e-11 0)
(0.0427372 -6.57017e-11 0)
(0.0427372 -4.70851e-11 0)
(0.0427372 -3.29378e-11 0)
(0.0427372 -2.24761e-11 0)
(0.0427372 -1.50337e-11 0)
(0.0427372 -9.96652e-12 0)
(0.0427372 -7.29463e-12 0)
(0.0427372 -5.32924e-12 0)
(0.0427372 -6.87086e-12 0)
(0.0427372 -7.71377e-12 0)
(0.0880511 -0.000899561 0)
(0.0872848 -0.00107701 0)
(0.0863813 -0.0012328 0)
(0.0853509 -0.00135916 0)
(0.0842079 -0.00145614 0)
(0.0829661 -0.00152898 0)
(0.0816371 -0.00158516 0)
(0.080229 -0.00163224 0)
(0.0787465 -0.00167674 0)
(0.0771908 -0.00172381 0)
(0.0755598 -0.00177717 0)
(0.0738484 -0.00183939 0)
(0.0720485 -0.00191195 0)
(0.0701496 -0.00199537 0)
(0.0681389 -0.00208918 0)
(0.0660016 -0.00219181 0)
(0.0637215 -0.00230052 0)
(0.0612815 -0.00241125 0)
(0.058664 -0.00251855 0)
(0.0558526 -0.00261566 0)
(0.0528328 -0.00269456 0)
(0.0495947 -0.00274627 0)
(0.0461356 -0.00276117 0)
(0.0424645 -0.0027294 0)
(0.0386079 -0.00264138 0)
(0.0346173 -0.0024886 0)
(0.0305745 -0.00226556 0)
(0.0265885 -0.00197473 0)
(0.0227787 -0.00163322 0)
(0.0192476 -0.00127414 0)
(0.016061 -0.00094187 0)
(0.0132437 -0.000686563 0)
(0.0107917 -0.000550985 0)
(0.00869186 -0.000539425 0)
(0.00692972 -0.000595331 0)
(0.00547849 -0.00063044 0)
(0.00429345 -0.000587428 0)
(0.00332103 -0.000470687 0)
(0.00251085 -0.000323946 0)
(0.00182391 -0.00019183 0)
(0.00123566 -9.98847e-05 0)
(0.000731788 -5.49654e-05 0)
(0.000299491 -5.2335e-05 0)
(-7.82737e-05 -8.12034e-05 0)
(-0.00042199 -0.000128759 0)
(-0.000751398 -0.000183953 0)
(-0.00108211 -0.000239956 0)
(-0.00142434 -0.000294067 0)
(-0.00178283 -0.000345758 0)
(-0.00215719 -0.000394574 0)
(-0.00254243 -0.000439009 0)
(-0.0029296 -0.000476455 0)
(-0.00330679 -0.00050371 0)
(-0.00366001 -0.000517593 0)
(-0.00397414 -0.000515406 0)
(-0.00423372 -0.000495195 0)
(-0.0044236 -0.00045585 0)
(-0.00452949 -0.000397102 0)
(-0.00453843 -0.000319454 0)
(-0.00443912 -0.000224087 0)
(-0.00422226 -0.000112748 0)
(-0.00388061 1.23666e-05 0)
(-0.00340923 0.000148713 0)
(-0.0028054 0.000293497 0)
(-0.0020687 0.000443756 0)
(-0.0012009 0.000596426 0)
(-0.000205991 0.000748394 0)
(0.000909979 0.000896549 0)
(0.00213892 0.00103782 0)
(0.00347083 0.0011692 0)
(0.00489385 0.00128783 0)
(0.0063944 0.00139101 0)
(0.00795731 0.00147625 0)
(0.00956599 0.00154138 0)
(0.0112026 0.00158458 0)
(0.0128484 0.00160452 0)
(0.0144839 0.00160041 0)
(0.0160894 0.00157213 0)
(0.0176454 0.00152026 0)
(0.019133 0.00144622 0)
(0.0205347 0.00135219 0)
(0.0218346 0.00124118 0)
(0.0230194 0.00111684 0)
(0.0240785 0.000983412 0)
(0.0250046 0.000845429 0)
(0.0257941 0.000707523 0)
(0.0264469 0.000574116 0)
(0.0269668 0.000449152 0)
(0.0273611 0.000335854 0)
(0.0276401 0.000236551 0)
(0.0278169 0.000152608 0)
(0.0279064 8.44489e-05 0)
(0.0279248 3.16823e-05 0)
(0.0278887 -6.71737e-06 0)
(0.0278143 -3.22016e-05 0)
(0.0277165 -4.64578e-05 0)
(0.0276089 -5.12595e-05 0)
(0.0275025 -4.83679e-05 0)
(0.0274065 -3.94763e-05 0)
(0.0273276 -2.61829e-05 0)
(0.02727 -9.97625e-06 0)
(0.0272363 7.77853e-06 0)
(0.0272272 2.58577e-05 0)
(0.0272417 4.31999e-05 0)
(0.0272778 5.89274e-05 0)
(0.0273328 7.23608e-05 0)
(0.027403 8.30274e-05 0)
(0.0274847 9.06581e-05 0)
(0.027574 9.5176e-05 0)
(0.0276672 9.66752e-05 0)
(0.0277609 9.53934e-05 0)
(0.0278521 9.16799e-05 0)
(0.0279384 8.59611e-05 0)
(0.0280178 7.87058e-05 0)
(0.028089 7.03932e-05 0)
(0.0281513 6.14845e-05 0)
(0.0282044 5.23996e-05 0)
(0.0282484 4.35004e-05 0)
(0.0282838 3.50804e-05 0)
(0.0283113 2.736e-05 0)
(0.0283318 2.04877e-05 0)
(0.0283462 1.45455e-05 0)
(0.0283556 9.55748e-06 0)
(0.028361 5.4999e-06 0)
(0.0283631 2.31271e-06 0)
(0.0283629 -8.95657e-08 0)
(0.028361 -1.80768e-06 0)
(0.028358 -2.9489e-06 0)
(0.0283544 -3.62001e-06 0)
(0.0283505 -3.92188e-06 0)
(0.0283466 -3.94585e-06 0)
(0.0283429 -3.77155e-06 0)
(0.0283395 -3.46586e-06 0)
(0.0283365 -3.08302e-06 0)
(0.028334 -2.66532e-06 0)
(0.0283318 -2.24428e-06 0)
(0.02833 -1.84214e-06 0)
(0.0283286 -1.47344e-06 0)
(0.0283275 -1.14652e-06 0)
(0.0283267 -8.64976e-07 0)
(0.0283261 -6.28917e-07 0)
(0.0283257 -4.36039e-07 0)
(0.0283255 -2.82506e-07 0)
(0.0283253 -1.63636e-07 0)
(0.0283252 -7.44271e-08 0)
(0.0283252 -9.92484e-09 0)
(0.0283252 3.45227e-08 0)
(0.0283253 6.31132e-08 0)
(0.0283254 7.95114e-08 0)
(0.0283255 8.68262e-08 0)
(0.0283255 8.76254e-08 0)
(0.0283256 8.39762e-08 0)
(0.0283257 7.74995e-08 0)
(0.0283257 6.9431e-08 0)
(0.0283258 6.0683e-08 0)
(0.0283259 5.19033e-08 0)
(0.0283259 4.35287e-08 0)
(0.0283259 3.58325e-08 0)
(0.028326 2.89639e-08 0)
(0.028326 2.29821e-08 0)
(0.028326 1.7883e-08 0)
(0.028326 1.36201e-08 0)
(0.028326 1.01216e-08 0)
(0.028326 7.30186e-09 0)
(0.028326 5.07067e-09 0)
(0.028326 3.33915e-09 0)
(0.028326 2.02377e-09 0)
(0.028326 1.0487e-09 0)
(0.028326 3.46983e-10 0)
(0.028326 -1.39145e-10 0)
(0.028326 -4.58498e-10 0)
(0.028326 -6.5155e-10 0)
(0.028326 -7.51275e-10 0)
(0.028326 -7.84055e-10 0)
(0.028326 -7.70618e-10 0)
(0.028326 -7.26945e-10 0)
(0.028326 -6.6509e-10 0)
(0.028326 -5.93933e-10 0)
(0.028326 -5.19818e-10 0)
(0.028326 -4.47097e-10 0)
(0.028326 -3.78613e-10 0)
(0.028326 -3.16052e-10 0)
(0.028326 -2.60271e-10 0)
(0.028326 -2.11528e-10 0)
(0.028326 -1.69671e-10 0)
(0.028326 -1.34291e-10 0)
(0.028326 -1.04815e-10 0)
(0.028326 -8.06035e-11 0)
(0.028326 -6.0993e-11 0)
(0.028326 -4.5336e-11 0)
(0.028326 -3.30329e-11 0)
(0.028326 -2.35344e-11 0)
(0.028326 -1.63663e-11 0)
(0.028326 -1.10879e-11 0)
(0.028326 -7.47127e-12 0)
(0.028326 -4.86627e-12 0)
(0.028326 -3.95198e-12 0)
(0.028326 -2.72864e-12 0)
(0.028326 -3.53318e-12 0)
(0.028326 -4.88502e-12 0)
(0.0324728 -0.000268044 0)
(0.0317954 -0.00029685 0)
(0.031041 -0.000305103 0)
(0.0302346 -0.000296636 0)
(0.0293958 -0.000278737 0)
(0.0285358 -0.000258861 0)
(0.0276586 -0.00024241 0)
(0.0267638 -0.000232111 0)
(0.0258481 -0.000228477 0)
(0.0249069 -0.000230639 0)
(0.0239352 -0.000237081 0)
(0.0229277 -0.000246082 0)
(0.0218795 -0.000255889 0)
(0.0207862 -0.000264727 0)
(0.0196448 -0.000270717 0)
(0.0184536 -0.000271823 0)
(0.0172139 -0.000265854 0)
(0.0159296 -0.000250586 0)
(0.0146083 -0.000224042 0)
(0.0132616 -0.000184944 0)
(0.0119044 -0.000133378 0)
(0.0105544 -7.16419e-05 0)
(0.0092304 -5.23011e-06 0)
(0.00795039 5.63237e-05 0)
(0.0067289 9.95533e-05 0)
(0.00557602 0.000109677 0)
(0.00449883 7.71645e-05 0)
(0.00350615 6.47967e-06 0)
(0.00261248 -8.01013e-05 0)
(0.0018372 -0.000150171 0)
(0.00119827 -0.000177163 0)
(0.000700472 -0.000153643 0)
(0.000322938 -9.27941e-05 0)
(2.12277e-05 -1.78789e-05 0)
(-0.000248041 5.01542e-05 0)
(-0.000500298 9.78059e-05 0)
(-0.000721877 0.000118768 0)
(-0.000892947 0.000113348 0)
(-0.00100784 8.83212e-05 0)
(-0.00107696 5.5217e-05 0)
(-0.00111728 2.5926e-05 0)
(-0.00114434 7.73613e-06 0)
(-0.00117029 1.32616e-06 0)
(-0.00120465 2.58672e-06 0)
(-0.00125488 6.00168e-06 0)
(-0.00132642 7.16332e-06 0)
(-0.00142308 3.69508e-06 0)
(-0.00154775 -4.92804e-06 0)
(-0.00170272 -1.79885e-05 0)
(-0.00188948 -3.41543e-05 0)
(-0.00210806 -5.19526e-05 0)
(-0.00235647 -7.00458e-05 0)
(-0.00263053 -8.73309e-05 0)
(-0.00292387 -0.000102927 0)
(-0.00322826 -0.000116122 0)
(-0.00353398 -0.000126316 0)
(-0.00383034 -0.000133009 0)
(-0.00410607 -0.000135798 0)
(-0.00434981 -0.000134402 0)
(-0.00455055 -0.00012868 0)
(-0.00469798 -0.000118647 0)
(-0.00478285 -0.000104474 0)
(-0.00479722 -8.6481e-05 0)
(-0.0047347 -6.51191e-05 0)
(-0.00459058 -4.09487e-05 0)
(-0.00436193 -1.46172e-05 0)
(-0.00404769 1.31637e-05 0)
(-0.00364866 4.16399e-05 0)
(-0.00316746 7.00347e-05 0)
(-0.00260858 9.75694e-05 0)
(-0.00197819 0.000123482 0)
(-0.00128415 0.00014705 0)
(-0.0005358 0.000167608 0)
(0.000256148 0.000184578 0)
(0.00107985 0.000197491 0)
(0.00192259 0.000206014 0)
(0.00277107 0.000209975 0)
(0.00361177 0.000209383 0)
(0.00443137 0.000204438 0)
(0.00521721 0.000195535 0)
(0.00595772 0.000183241 0)
(0.00664289 0.000168266 0)
(0.00726464 0.000151411 0)
(0.00781719 0.000133504 0)
(0.00829719 0.000115335 0)
(0.00870382 9.75933e-05 0)
(0.00903869 8.08301e-05 0)
(0.0093056 6.54349e-05 0)
(0.00951011 5.16444e-05 0)
(0.00965918 3.95692e-05 0)
(0.00976061 2.92297e-05 0)
(0.00982257 2.05911e-05 0)
(0.00985319 1.35878e-05 0)
(0.00986023 8.13455e-06 0)
(0.00985078 4.12852e-06 0)
(0.00983116 1.44735e-06 0)
(0.00980678 -5.16297e-08 0)
(0.00978218 -5.28186e-07 0)
(0.00976096 -1.52796e-07 0)
(0.00974588 9.00627e-07 0)
(0.00973887 2.46086e-06 0)
(0.00974107 4.36347e-06 0)
(0.00975297 6.45346e-06 0)
(0.00977443 8.58722e-06 0)
(0.00980477 1.06349e-05 0)
(0.00984293 1.24836e-05 0)
(0.00988751 1.40401e-05 0)
(0.00993692 1.52347e-05 0)
(0.00998949 1.60224e-05 0)
(0.0100435 1.63846e-05 0)
(0.0100975 1.6327e-05 0)
(0.0101498 1.58779e-05 0)
(0.0101995 1.50839e-05 0)
(0.0102454 1.40053e-05 0)
(0.0102869 1.27107e-05 0)
(0.0103235 1.12718e-05 0)
(0.010355 9.75878e-06 0)
(0.0103815 8.23618e-06 0)
(0.0104031 6.7599e-06 0)
(0.0104203 5.37525e-06 0)
(0.0104333 4.11602e-06 0)
(0.0104428 3.0045e-06 0)
(0.0104492 2.05225e-06 0)
(0.0104532 1.26146e-06 0)
(0.0104551 6.26642e-07 0)
(0.0104555 1.36457e-07 0)
(0.0104548 -2.24435e-07 0)
(0.0104534 -4.73699e-07 0)
(0.0104514 -6.29874e-07 0)
(0.0104492 -7.11199e-07 0)
(0.0104469 -7.34739e-07 0)
(0.0104447 -7.1579e-07 0)
(0.0104427 -6.67545e-07 0)
(0.0104408 -6.00956e-07 0)
(0.0104392 -5.24774e-07 0)
(0.0104379 -4.45697e-07 0)
(0.0104367 -3.68598e-07 0)
(0.0104358 -2.96795e-07 0)
(0.0104351 -2.32328e-07 0)
(0.0104345 -1.76231e-07 0)
(0.0104341 -1.28781e-07 0)
(0.0104338 -8.97134e-08 0)
(0.0104336 -5.8405e-08 0)
(0.0104335 -3.40182e-08 0)
(0.0104335 -1.56147e-08 0)
(0.0104335 -2.23854e-09 0)
(0.0104335 7.02629e-09 0)
(0.0104335 1.30189e-08 0)
(0.0104336 1.64807e-08 0)
(0.0104336 1.80467e-08 0)
(0.0104337 1.82457e-08 0)
(0.0104337 1.75064e-08 0)
(0.0104337 1.61671e-08 0)
(0.0104338 1.44873e-08 0)
(0.0104338 1.26593e-08 0)
(0.0104339 1.08205e-08 0)
(0.0104339 9.06403e-09 0)
(0.0104339 7.44853e-09 0)
(0.0104339 6.00632e-09 0)
(0.0104339 4.75054e-09 0)
(0.010434 3.68074e-09 0)
(0.010434 2.78744e-09 0)
(0.010434 2.05557e-09 0)
(0.010434 1.46712e-09 0)
(0.010434 1.00297e-09 0)
(0.010434 6.44298e-10 0)
(0.010434 3.73355e-10 0)
(0.010434 1.74028e-10 0)
(0.010434 3.20882e-11 0)
(0.010434 -6.47419e-11 0)
(0.010434 -1.26822e-10 0)
(0.010434 -1.62736e-10 0)
(0.010434 -1.79461e-10 0)
(0.010434 -1.82563e-10 0)
(0.010434 -1.76408e-10 0)
(0.010434 -1.64339e-10 0)
(0.010434 -1.48871e-10 0)
(0.010434 -1.31837e-10 0)
(0.010434 -1.14531e-10 0)
(0.010434 -9.78351e-11 0)
(0.010434 -8.23019e-11 0)
(0.010434 -6.82521e-11 0)
(0.010434 -5.58298e-11 0)
(0.010434 -4.50504e-11 0)
(0.010434 -3.58605e-11 0)
(0.010434 -2.81418e-11 0)
(0.010434 -2.17555e-11 0)
(0.010434 -1.65467e-11 0)
(0.010434 -1.23558e-11 0)
(0.010434 -9.04063e-12 0)
(0.010434 -6.45895e-12 0)
(0.010434 -4.48865e-12 0)
(0.010434 -3.02814e-12 0)
(0.010434 -1.96069e-12 0)
(0.010434 -1.27397e-12 0)
(0.010434 -7.44489e-13 0)
(0.010434 -6.45432e-13 0)
(0.010434 -3.75047e-13 0)
(0.010434 -2.26272e-13 0)
(0.010434 -1.03125e-12 0)
)
;

boundaryField
{
    inlet
    {
        type            fixedProfile;
        profile         table
        
21
(
(0 (0 0 0))
(0.05 (0.0285 0 0))
(0.1 (0.054 0 0))
(0.15 (0.0765 0 0))
(0.2 (0.096 0 0))
(0.25 (0.1125 0 0))
(0.3 (0.126 0 0))
(0.35 (0.1365 0 0))
(0.4 (0.144 0 0))
(0.45 (0.1485 0 0))
(0.5 (0.15 0 0))
(0.55 (0.1485 0 0))
(0.6 (0.144 0 0))
(0.65 (0.1365 0 0))
(0.7 (0.126 0 0))
(0.75 (0.1125 0 0))
(0.8 (0.096 0 0))
(0.85 (0.0765 0 0))
(0.9 (0.054 0 0))
(0.95 (0.0285 0 0))
(1 (0 0 0))
)
;
        direction       (0 1 0);
        origin          1;
        value           nonuniform List<vector> 8((0.034875 0 0) (0.091125 0 0) (0.128625 0 0) (0.147375 0 0) (0.147375 0 0) (0.128625 0 0) (0.091125 0 0) (0.034875 0 0));
    }
    outlet
    {
        type            zeroGradient;
    }
    walls
    {
        type            noSlip;
    }
    symwall
    {
        type            empty;
    }
}


// ************************************************************************* //
