/*--------------------------------*- C++ -*----------------------------------*\
| =========                 |                                                 |
| \\      /  F ield         | OpenFOAM: The Open Source CFD Toolbox           |
|  \\    /   O peration     | Version:  4.1                                   |
|   \\  /    A nd           | Web:      www.OpenFOAM.org                      |
|    \\/     M anipulation  |                                                 |
\*---------------------------------------------------------------------------*/
FoamFile
{
    version     2.0;
    format      ascii;
    class       volVectorField;
    location    "106";
    object      U;
}
// * * * * * * * * * * * * * * * * * * * * * * * * * * * * * * * * * * * * * //

dimensions      [0 1 -1 0 0 0 0];

internalField   nonuniform List<vector> 
3264
(
(8.82717e-05 -0.000103484 0)
(0.000187635 -8.49041e-05 0)
(9.82353e-05 -5.13524e-05 0)
(-0.000156267 -2.48733e-05 0)
(-0.00056293 8.60594e-07 0)
(-0.00110269 2.78579e-05 0)
(-0.00175769 6.14666e-05 0)
(-0.00251484 9.99233e-05 0)
(-0.0033581 0.000142474 0)
(-0.00427508 0.00018638 0)
(-0.00525089 0.000229908 0)
(-0.00627127 0.000271243 0)
(-0.00731994 0.000308971 0)
(-0.00837974 0.000341699 0)
(-0.00943193 0.000368143 0)
(-0.0104568 0.000387137 0)
(-0.0114341 0.000397731 0)
(-0.0123433 0.000399264 0)
(-0.0131648 0.000391402 0)
(-0.01388 0.00037415 0)
(-0.0144721 0.00034783 0)
(-0.0149264 0.00031304 0)
(-0.0152307 0.000270607 0)
(-0.0153755 0.000221546 0)
(-0.0153543 0.000167014 0)
(-0.0151633 0.000108285 0)
(-0.0148019 4.67226e-05 0)
(-0.0142724 -1.62436e-05 0)
(-0.0135801 -7.9135e-05 0)
(-0.0127333 -0.000140445 0)
(-0.0117434 -0.000198661 0)
(-0.0106243 -0.000252289 0)
(-0.009393 -0.000299893 0)
(-0.0080689 -0.000340129 0)
(-0.00667379 -0.000371806 0)
(-0.00523149 -0.000393945 0)
(-0.00376733 -0.000405853 0)
(-0.00230764 -0.000407203 0)
(-0.000878936 -0.00039811 0)
(0.000493001 -0.000379191 0)
(0.00178412 -0.000351593 0)
(0.00297323 -0.000316966 0)
(0.00404304 -0.000277366 0)
(0.00498108 -0.000235086 0)
(0.00578039 -0.000192418 0)
(0.0064398 -0.000151403 0)
(0.00696391 -0.000113618 0)
(0.00736259 -8.01012e-05 0)
(0.00765019 -5.14159e-05 0)
(0.00784448 -2.78582e-05 0)
(0.00796545 -9.67034e-06 0)
(0.008034 2.8594e-06 0)
(0.00807084 9.47083e-06 0)
(0.00809536 1.01202e-05 0)
(0.00812495 5.15269e-06 0)
(0.0081742 -4.64352e-06 0)
(0.00825445 -1.81101e-05 0)
(0.00837317 -3.38547e-05 0)
(0.00853368 -5.03823e-05 0)
(0.00873501 -6.62077e-05 0)
(0.00897222 -7.99685e-05 0)
(0.00923711 -9.05562e-05 0)
(0.00951933 -9.72456e-05 0)
(0.00980771 -9.97807e-05 0)
(0.0100916 -9.83781e-05 0)
(0.0103619 -9.36416e-05 0)
(0.0106118 -8.64129e-05 0)
(0.0108369 -7.76067e-05 0)
(0.0110352 -6.80707e-05 0)
(0.0112064 -5.84968e-05 0)
(0.0113519 -4.93851e-05 0)
(0.0114735 -4.10502e-05 0)
(0.011574 -3.36529e-05 0)
(0.0116559 -2.72396e-05 0)
(0.011722 -2.17816e-05 0)
(0.0117746 -1.72061e-05 0)
(0.0118161 -1.34193e-05 0)
(0.0118483 -1.03215e-05 0)
(0.0118729 -7.81508e-06 0)
(0.0118915 -5.80995e-06 0)
(0.0119052 -4.22489e-06 0)
(0.0119151 -2.98821e-06 0)
(0.0119221 -2.03744e-06 0)
(0.0119268 -1.31874e-06 0)
(0.0119297 -7.86125e-07 0)
(0.0119315 -4.0075e-07 0)
(0.0119323 -1.30176e-07 0)
(0.0119325 5.23593e-08 0)
(0.0119323 1.68634e-07 0)
(0.0119318 2.36115e-07 0)
(0.0119312 2.68592e-07 0)
(0.0119305 2.7677e-07 0)
(0.0119299 2.68803e-07 0)
(0.0119292 2.50779e-07 0)
(0.0119286 2.27137e-07 0)
(0.0119281 2.01019e-07 0)
(0.0119276 1.74576e-07 0)
(0.0119272 1.49208e-07 0)
(0.0119268 1.2576e-07 0)
(0.0119265 1.0468e-07 0)
(0.0119263 8.61405e-08 0)
(0.0119261 7.01249e-08 0)
(0.0119259 5.64998e-08 0)
(0.0119258 4.50625e-08 0)
(0.0119257 3.55768e-08 0)
(0.0119256 2.77964e-08 0)
(0.0119255 2.14811e-08 0)
(0.0119255 1.64065e-08 0)
(0.0119254 1.2369e-08 0)
(0.0119254 9.18852e-09 0)
(0.0119254 6.70876e-09 0)
(0.0119254 4.79609e-09 0)
(0.0119253 3.3379e-09 0)
(0.0119253 2.24043e-09 0)
(0.0119253 1.42648e-09 0)
(0.0119253 8.33121e-10 0)
(0.0119253 4.09585e-10 0)
(0.0119253 1.1528e-10 0)
(0.0119253 -8.19349e-11 0)
(0.0119253 -2.07261e-10 0)
(0.0119253 -2.80269e-10 0)
(0.0119253 -3.15996e-10 0)
(0.0119253 -3.25869e-10 0)
(0.0119253 -3.1845e-10 0)
(0.0119253 -3.00069e-10 0)
(0.0119253 -2.75326e-10 0)
(0.0119253 -2.47488e-10 0)
(0.0119253 -2.18823e-10 0)
(0.0119253 -1.90841e-10 0)
(0.0119253 -1.64499e-10 0)
(0.0119253 -1.40349e-10 0)
(0.0119253 -1.18654e-10 0)
(0.0119253 -9.94829e-11 0)
(0.0119253 -8.27706e-11 0)
(0.0119253 -6.83708e-11 0)
(0.0119253 -5.60906e-11 0)
(0.0119253 -4.57119e-11 0)
(0.0119253 -3.70122e-11 0)
(0.0119253 -2.97747e-11 0)
(0.0119253 -2.37961e-11 0)
(0.0119253 -1.88928e-11 0)
(0.0119253 -1.48951e-11 0)
(0.0119253 -1.16584e-11 0)
(0.0119253 -9.05617e-12 0)
(0.0119253 -6.97641e-12 0)
(0.0119253 -5.32636e-12 0)
(0.0119253 -4.02367e-12 0)
(0.0119253 -3.00341e-12 0)
(0.0119253 -2.21049e-12 0)
(0.0119253 -1.59824e-12 0)
(0.0119253 -1.13094e-12 0)
(0.0119253 -7.76098e-13 0)
(0.0119253 -5.10505e-13 0)
(0.0119253 -3.13851e-13 0)
(0.0119253 -1.71724e-13 0)
(0.0119253 -7.15335e-14 0)
(0.0119253 -3.28069e-15 0)
(0.0119253 4.16173e-14 0)
(0.0119253 6.73773e-14 0)
(0.0119253 8.00088e-14 0)
(0.0119253 8.35421e-14 0)
(0.0119253 8.21168e-14 0)
(0.0119253 7.88448e-14 0)
(0.0119253 7.38551e-14 0)
(0.0119253 6.80918e-14 0)
(0.0119253 6.19205e-14 0)
(0.0119253 5.68115e-14 0)
(0.0119253 5.20729e-14 0)
(0.0119253 4.72712e-14 0)
(0.0119253 4.15175e-14 0)
(0.0119253 3.53191e-14 0)
(0.0119253 2.98599e-14 0)
(0.0119253 2.54318e-14 0)
(0.0119253 2.1223e-14 0)
(0.0119253 1.65039e-14 0)
(0.0119253 1.19505e-14 0)
(0.0119253 7.89143e-15 0)
(0.0119253 4.04793e-15 0)
(0.0119253 3.33976e-16 0)
(0.0119253 -3.66359e-15 0)
(0.0119253 -7.23993e-15 0)
(0.0119253 -1.05151e-14 0)
(0.0119253 -1.22796e-14 0)
(0.0119253 -1.28695e-14 0)
(0.0119253 -1.21972e-14 0)
(0.0119253 -1.10393e-14 0)
(0.0119253 -8.10721e-15 0)
(0.0119253 -4.75174e-15 0)
(0.0119253 -1.05694e-15 0)
(0.0119253 3.99529e-15 0)
(0.0119253 1.02058e-14 0)
(0.0119253 1.43499e-14 0)
(0.0119253 2.13558e-14 0)
(0.0119253 1.10633e-16 0)
(0.0119253 -1.59707e-14 0)
(0.0119253 -1.4712e-13 0)
(0.0119253 -3.96701e-13 0)
(0.0119253 -6.50012e-13 0)
(0.0119253 -2.83715e-12 0)
(0.0119253 -1.94339e-12 0)
(-4.07387e-05 -0.000167759 0)
(-0.000530904 8.28405e-05 0)
(-0.001472 0.000420857 0)
(-0.00271565 0.00072577 0)
(-0.00420744 0.00100049 0)
(-0.00586939 0.00123049 0)
(-0.00762821 0.00142314 0)
(-0.00942918 0.00157592 0)
(-0.0112242 0.00169475 0)
(-0.0129796 0.0017812 0)
(-0.0146654 0.00183729 0)
(-0.0162573 0.00186299 0)
(-0.0177321 0.00185773 0)
(-0.019069 0.00182056 0)
(-0.0202481 0.00175072 0)
(-0.0212511 0.00164798 0)
(-0.0220616 0.00151285 0)
(-0.0226651 0.00134665 0)
(-0.0230495 0.00115145 0)
(-0.023205 0.000930005 0)
(-0.0231246 0.000685628 0)
(-0.0228037 0.000422057 0)
(-0.0222404 0.000143355 0)
(-0.0214356 -0.000146174 0)
(-0.0203928 -0.000442048 0)
(-0.0191181 -0.000739642 0)
(-0.0176204 -0.00103422 0)
(-0.0159115 -0.00132097 0)
(-0.0140057 -0.00159499 0)
(-0.0119204 -0.0018514 0)
(-0.00967558 -0.00208528 0)
(-0.00729434 -0.00229186 0)
(-0.00480248 -0.00246648 0)
(-0.00222858 -0.00260485 0)
(0.000396229 -0.0027031 0)
(0.00303854 -0.00275804 0)
(0.00566318 -0.00276739 0)
(0.00823383 -0.00273006 0)
(0.010714 -0.00264637 0)
(0.0130684 -0.00251834 0)
(0.0152639 -0.00234978 0)
(0.0172716 -0.00214634 0)
(0.0190683 -0.00191538 0)
(0.020638 -0.00166569 0)
(0.0219729 -0.00140709 0)
(0.0230741 -0.00114992 0)
(0.0239515 -0.000904459 0)
(0.0246227 -0.000680281 0)
(0.0251118 -0.000485518 0)
(0.0254474 -0.000326153 0)
(0.0256613 -0.000205479 0)
(0.0257866 -0.000123925 0)
(0.0258568 -7.93931e-05 0)
(0.025904 -6.7994e-05 0)
(0.0259574 -8.48179e-05 0)
(0.0260416 -0.000124389 0)
(0.026175 -0.000180728 0)
(0.0263693 -0.000247269 0)
(0.0266288 -0.000316961 0)
(0.0269506 -0.0003827 0)
(0.0273256 -0.000438043 0)
(0.02774 -0.000478 0)
(0.0281768 -0.000499644 0)
(0.0286184 -0.00050238 0)
(0.0290485 -0.000487776 0)
(0.029454 -0.000459017 0)
(0.0298254 -0.000420151 0)
(0.0301574 -0.000375348 0)
(0.030448 -0.000328314 0)
(0.0306979 -0.000281966 0)
(0.0309097 -0.00023834 0)
(0.031087 -0.000198661 0)
(0.0312335 -0.000163506 0)
(0.0313534 -0.000132991 0)
(0.0314505 -0.000106937 0)
(0.0315282 -8.49929e-05 0)
(0.0315898 -6.67322e-05 0)
(0.0316378 -5.17054e-05 0)
(0.0316748 -3.94749e-05 0)
(0.0317029 -2.96321e-05 0)
(0.0317237 -2.1805e-05 0)
(0.0317389 -1.56612e-05 0)
(0.0317496 -1.0907e-05 0)
(0.031757 -7.28688e-06 0)
(0.0317617 -4.58039e-06 0)
(0.0317646 -2.60015e-06 0)
(0.0317661 -1.18879e-06 0)
(0.0317667 -2.15959e-07 0)
(0.0317666 4.24741e-07 0)
(0.0317661 8.18881e-07 0)
(0.0317654 1.03421e-06 0)
(0.0317646 1.12349e-06 0)
(0.0317637 1.12709e-06 0)
(0.0317628 1.07532e-06 0)
(0.031762 9.9046e-07 0)
(0.0317613 8.88467e-07 0)
(0.0317606 7.80439e-07 0)
(0.0317601 6.73788e-07 0)
(0.0317596 5.7319e-07 0)
(0.0317592 4.81339e-07 0)
(0.0317588 3.99524e-07 0)
(0.0317585 3.28076e-07 0)
(0.0317583 2.66697e-07 0)
(0.0317581 2.14707e-07 0)
(0.031758 1.71213e-07 0)
(0.0317578 1.35233e-07 0)
(0.0317577 1.05776e-07 0)
(0.0317577 8.18943e-08 0)
(0.0317576 6.27159e-08 0)
(0.0317576 4.74571e-08 0)
(0.0317575 3.54299e-08 0)
(0.0317575 2.60407e-08 0)
(0.0317575 1.87844e-08 0)
(0.0317575 1.32368e-08 0)
(0.0317575 9.04577e-09 0)
(0.0317575 5.92169e-09 0)
(0.0317575 3.62898e-09 0)
(0.0317575 1.97762e-09 0)
(0.0317575 8.15758e-10 0)
(0.0317575 2.30846e-11 0)
(0.0317575 -4.94827e-10 0)
(0.0317575 -8.11419e-10 0)
(0.0317575 -9.83242e-10 0)
(0.0317575 -1.05339e-09 0)
(0.0317575 -1.0543e-09 0)
(0.0317575 -1.01007e-09 0)
(0.0317575 -9.38342e-10 0)
(0.0317575 -8.51767e-10 0)
(0.0317575 -7.59225e-10 0)
(0.0317575 -6.66745e-10 0)
(0.0317575 -5.78245e-10 0)
(0.0317575 -4.96106e-10 0)
(0.0317575 -4.216e-10 0)
(0.0317575 -3.55234e-10 0)
(0.0317575 -2.96985e-10 0)
(0.0317575 -2.4649e-10 0)
(0.0317575 -2.03188e-10 0)
(0.0317575 -1.66402e-10 0)
(0.0317575 -1.35417e-10 0)
(0.0317575 -1.09519e-10 0)
(0.0317575 -8.80239e-11 0)
(0.0317575 -7.0306e-11 0)
(0.0317575 -5.57962e-11 0)
(0.0317575 -4.39928e-11 0)
(0.0317575 -3.44488e-11 0)
(0.0317575 -2.67765e-11 0)
(0.0317575 -2.06462e-11 0)
(0.0317575 -1.5777e-11 0)
(0.0317575 -1.19356e-11 0)
(0.0317575 -8.92744e-12 0)
(0.0317575 -6.58907e-12 0)
(0.0317575 -4.7855e-12 0)
(0.0317575 -3.4078e-12 0)
(0.0317575 -2.3634e-12 0)
(0.0317575 -1.58158e-12 0)
(0.0317575 -1.00482e-12 0)
(0.0317575 -5.85787e-13 0)
(0.0317575 -2.87966e-13 0)
(0.0317575 -8.06754e-14 0)
(0.0317575 5.82794e-14 0)
(0.0317575 1.45655e-13 0)
(0.0317575 1.96542e-13 0)
(0.0317575 2.21273e-13 0)
(0.0317575 2.30675e-13 0)
(0.0317575 2.28071e-13 0)
(0.0317575 2.17237e-13 0)
(0.0317575 2.02679e-13 0)
(0.0317575 1.84016e-13 0)
(0.0317575 1.66013e-13 0)
(0.0317575 1.47646e-13 0)
(0.0317575 1.29408e-13 0)
(0.0317575 1.11349e-13 0)
(0.0317575 9.34206e-14 0)
(0.0317575 7.7401e-14 0)
(0.0317575 5.99518e-14 0)
(0.0317575 4.29021e-14 0)
(0.0317575 2.50005e-14 0)
(0.0317575 7.7125e-15 0)
(0.0317575 -1.00242e-14 0)
(0.0317575 -2.72543e-14 0)
(0.0317575 -4.19762e-14 0)
(0.0317575 -5.53727e-14 0)
(0.0317575 -6.334e-14 0)
(0.0317575 -6.99508e-14 0)
(0.0317575 -7.32024e-14 0)
(0.0317575 -7.09511e-14 0)
(0.0317575 -6.53887e-14 0)
(0.0317575 -5.52021e-14 0)
(0.0317575 -4.02323e-14 0)
(0.0317575 -1.92433e-14 0)
(0.0317575 1.19233e-14 0)
(0.0317575 5.03962e-14 0)
(0.0317575 1.06636e-13 0)
(0.0317575 1.27913e-13 0)
(0.0317575 2.11985e-13 0)
(0.0317575 3.32543e-14 0)
(0.0317575 -1.86033e-13 0)
(0.0317575 -4.1973e-13 0)
(0.0317575 -4.89649e-12 0)
(0.0317575 -4.10218e-12 0)
(-0.000231215 0.000459736 0)
(-0.00149464 0.00134191 0)
(-0.00328756 0.00209724 0)
(-0.00524845 0.00263993 0)
(-0.00726084 0.00305523 0)
(-0.00922566 0.00331982 0)
(-0.0110772 0.00347694 0)
(-0.0127847 0.0035418 0)
(-0.0143255 0.00353932 0)
(-0.0156896 0.00347969 0)
(-0.016867 0.00337073 0)
(-0.0178503 0.0032153 0)
(-0.0186317 0.00301498 0)
(-0.0192041 0.00277045 0)
(-0.0195609 0.00248259 0)
(-0.0196962 0.00215279 0)
(-0.0196052 0.00178319 0)
(-0.0192841 0.00137673 0)
(-0.0187306 0.000937067 0)
(-0.0179436 0.000468533 0)
(-0.0169236 -2.39989e-05 0)
(-0.0156722 -0.000535194 0)
(-0.0141931 -0.00105932 0)
(-0.0124913 -0.00159031 0)
(-0.0105738 -0.00212175 0)
(-0.00844946 -0.00264695 0)
(-0.00612934 -0.00315886 0)
(-0.00362673 -0.00365019 0)
(-0.000957421 -0.00411332 0)
(0.00186013 -0.00454043 0)
(0.00480464 -0.0049235 0)
(0.00785184 -0.00525443 0)
(0.0109743 -0.00552522 0)
(0.0141414 -0.00572816 0)
(0.0173193 -0.00585611 0)
(0.0204712 -0.00590295 0)
(0.0235573 -0.00586405 0)
(0.0265361 -0.0057369 0)
(0.0293648 -0.00552174 0)
(0.0320008 -0.00522223 0)
(0.0344037 -0.00484598 0)
(0.0365373 -0.00440471 0)
(0.038372 -0.00391413 0)
(0.0398874 -0.00339311 0)
(0.041074 -0.0028624 0)
(0.0419356 -0.00234274 0)
(0.0424892 -0.00185297 0)
(0.0427655 -0.00140842 0)
(0.0428074 -0.00102019 0)
(0.0426669 -0.000695575 0)
(0.0424008 -0.000439063 0)
(0.0420663 -0.000253314 0)
(0.0417149 -0.000139168 0)
(0.0413891 -9.47456e-05 0)
(0.0411217 -0.000114309 0)
(0.0409366 -0.000187791 0)
(0.0408505 -0.000301436 0)
(0.0408733 -0.000439258 0)
(0.0410073 -0.000584702 0)
(0.0412466 -0.00072211 0)
(0.0415772 -0.000838001 0)
(0.0419785 -0.000922253 0)
(0.0424259 -0.000969063 0)
(0.0428934 -0.00097738 0)
(0.0433573 -0.000950562 0)
(0.0437984 -0.000895259 0)
(0.0442033 -0.000819834 0)
(0.0445645 -0.00073279 0)
(0.0448796 -0.000641561 0)
(0.0451496 -0.000551874 0)
(0.045378 -0.000467612 0)
(0.0455692 -0.000391029 0)
(0.0457279 -0.00032313 0)
(0.0458585 -0.000264057 0)
(0.0459651 -0.000213428 0)
(0.0460514 -0.000170578 0)
(0.0461205 -0.000134718 0)
(0.0461752 -0.000105029 0)
(0.0462178 -8.07157e-05 0)
(0.0462506 -6.10298e-05 0)
(0.0462754 -4.52832e-05 0)
(0.0462937 -3.28521e-05 0)
(0.046307 -2.31784e-05 0)
(0.0463163 -1.57689e-05 0)
(0.0463226 -1.01941e-05 0)
(0.0463267 -6.08469e-06 0)
(0.046329 -3.12846e-06 0)
(0.0463302 -1.06513e-06 0)
(0.0463306 3.18822e-07 0)
(0.0463305 1.19572e-06 0)
(0.04633 1.70247e-06 0)
(0.0463293 1.94596e-06 0)
(0.0463285 2.00828e-06 0)
(0.0463277 1.95126e-06 0)
(0.046327 1.82055e-06 0)
(0.0463263 1.64906e-06 0)
(0.0463256 1.45988e-06 0)
(0.046325 1.26864e-06 0)
(0.0463246 1.0854e-06 0)
(0.0463241 9.16195e-07 0)
(0.0463238 7.64152e-07 0)
(0.0463235 6.30427e-07 0)
(0.0463233 5.14853e-07 0)
(0.0463231 4.16431e-07 0)
(0.0463229 3.33688e-07 0)
(0.0463228 2.64921e-07 0)
(0.0463227 2.08367e-07 0)
(0.0463226 1.62311e-07 0)
(0.0463225 1.25154e-07 0)
(0.0463225 9.54503e-08 0)
(0.0463224 7.19183e-08 0)
(0.0463224 5.34465e-08 0)
(0.0463224 3.90842e-08 0)
(0.0463224 2.80291e-08 0)
(0.0463224 1.96117e-08 0)
(0.0463224 1.32797e-08 0)
(0.0463224 8.58128e-09 0)
(0.0463224 5.15076e-09 0)
(0.0463224 2.69448e-09 0)
(0.0463223 9.78729e-10 0)
(0.0463223 -1.80845e-10 0)
(0.0463223 -9.284e-10 0)
(0.0463223 -1.37561e-09 0)
(0.0463223 -1.60814e-09 0)
(0.0463224 -1.69098e-09 0)
(0.0463224 -1.67289e-09 0)
(0.0463224 -1.5899e-09 0)
(0.0463224 -1.46825e-09 0)
(0.0463224 -1.32665e-09 0)
(0.0463224 -1.17813e-09 0)
(0.0463224 -1.03146e-09 0)
(0.0463224 -8.92232e-10 0)
(0.0463224 -7.63789e-10 0)
(0.0463224 -6.47828e-10 0)
(0.0463224 -5.44922e-10 0)
(0.0463224 -4.54885e-10 0)
(0.0463224 -3.77045e-10 0)
(0.0463224 -3.10442e-10 0)
(0.0463224 -2.53972e-10 0)
(0.0463224 -2.06484e-10 0)
(0.0463224 -1.66851e-10 0)
(0.0463224 -1.34003e-10 0)
(0.0463224 -1.06962e-10 0)
(0.0463224 -8.48402e-11 0)
(0.0463224 -6.68559e-11 0)
(0.0463224 -5.23232e-11 0)
(0.0463224 -4.06476e-11 0)
(0.0463224 -3.13242e-11 0)
(0.0463224 -2.39271e-11 0)
(0.0463224 -1.80992e-11 0)
(0.0463224 -1.35386e-11 0)
(0.0463224 -1.00001e-11 0)
(0.0463224 -7.27664e-12 0)
(0.0463224 -5.20002e-12 0)
(0.0463224 -3.62932e-12 0)
(0.0463224 -2.45124e-12 0)
(0.0463224 -1.5797e-12 0)
(0.0463224 -9.41944e-13 0)
(0.0463224 -4.83956e-13 0)
(0.0463224 -1.61091e-13 0)
(0.0463224 6.07118e-14 0)
(0.0463224 2.04328e-13 0)
(0.0463224 2.9158e-13 0)
(0.0463224 3.37124e-13 0)
(0.0463224 3.54151e-13 0)
(0.0463224 3.52212e-13 0)
(0.0463224 3.34405e-13 0)
(0.0463224 3.09242e-13 0)
(0.0463224 2.78878e-13 0)
(0.0463224 2.47348e-13 0)
(0.0463224 2.18017e-13 0)
(0.0463224 1.86919e-13 0)
(0.0463224 1.57169e-13 0)
(0.0463224 1.25947e-13 0)
(0.0463224 9.3729e-14 0)
(0.0463224 6.2344e-14 0)
(0.0463224 2.92114e-14 0)
(0.0463224 -3.2347e-15 0)
(0.0463224 -3.3197e-14 0)
(0.0463224 -6.07067e-14 0)
(0.0463224 -8.32184e-14 0)
(0.0463224 -1.01178e-13 0)
(0.0463224 -1.17093e-13 0)
(0.0463224 -1.25638e-13 0)
(0.0463224 -1.31542e-13 0)
(0.0463224 -1.31908e-13 0)
(0.0463224 -1.29819e-13 0)
(0.0463224 -1.23064e-13 0)
(0.0463224 -1.08439e-13 0)
(0.0463224 -8.27172e-14 0)
(0.0463224 -3.96892e-14 0)
(0.0463224 2.75883e-14 0)
(0.0463224 1.2197e-13 0)
(0.0463224 2.41319e-13 0)
(0.0463224 4.26539e-13 0)
(0.0463224 4.69738e-13 0)
(0.0463224 8.06039e-13 0)
(0.0463224 5.04525e-13 0)
(0.0463224 -9.56369e-13 0)
(0.0463224 -2.00958e-13 0)
(-0.000388836 0.00141945 0)
(-0.00207016 0.00305122 0)
(-0.0040624 0.00405922 0)
(-0.00593161 0.00457851 0)
(-0.00755494 0.00486764 0)
(-0.00893404 0.00494674 0)
(-0.0100583 0.00490247 0)
(-0.0109534 0.00476249 0)
(-0.0116264 0.00455841 0)
(-0.01209 0.00430018 0)
(-0.0123487 0.0039946 0)
(-0.0124064 0.00364301 0)
(-0.0122641 0.00324583 0)
(-0.0119218 0.00280288 0)
(-0.0113786 0.00231454 0)
(-0.0106334 0.00178191 0)
(-0.00968497 0.00120704 0)
(-0.00853232 0.000592938 0)
(-0.00717485 -5.64711e-05 0)
(-0.00561255 -0.00073645 0)
(-0.00384626 -0.00144151 0)
(-0.00187776 -0.0021655 0)
(0.000289926 -0.00290162 0)
(0.00265237 -0.00364251 0)
(0.00520351 -0.00438016 0)
(0.0079354 -0.00510602 0)
(0.010838 -0.00581089 0)
(0.0138988 -0.00648497 0)
(0.0171029 -0.00711787 0)
(0.0204323 -0.00769865 0)
(0.0238661 -0.00821588 0)
(0.0273801 -0.00865771 0)
(0.0309464 -0.00901212 0)
(0.0345336 -0.0092671 0)
(0.0381064 -0.00941109 0)
(0.0416254 -0.00943348 0)
(0.0450479 -0.00932536 0)
(0.0483278 -0.00908042 0)
(0.0514171 -0.00869602 0)
(0.0542664 -0.0081743 0)
(0.0568274 -0.00752319 0)
(0.0590539 -0.00675723 0)
(0.0609048 -0.00589788 0)
(0.0623455 -0.00497339 0)
(0.063351 -0.00401797 0)
(0.0639078 -0.00307025 0)
(0.0640171 -0.00217108 0)
(0.0636979 -0.00136043 0)
(0.062989 -0.000673507 0)
(0.06195 -0.000136188 0)
(0.0606604 0.000239224 0)
(0.0592139 0.000456175 0)
(0.0577113 0.000532066 0)
(0.0562511 0.000492358 0)
(0.0549193 0.000363321 0)
(0.0537809 0.000167521 0)
(0.0528753 -7.59913e-05 0)
(0.0522171 -0.000348558 0)
(0.0518015 -0.000629319 0)
(0.0516103 -0.000895311 0)
(0.0516151 -0.00112407 0)
(0.0517802 -0.00129728 0)
(0.0520648 -0.00140384 0)
(0.0524266 -0.00144142 0)
(0.052826 -0.0014161 0)
(0.0532294 -0.00134017 0)
(0.0536126 -0.00122901 0)
(0.0539601 -0.00109801 0)
(0.0542651 -0.000960253 0)
(0.0545266 -0.000825379 0)
(0.0547476 -0.000699541 0)
(0.0549327 -0.000585966 0)
(0.0550868 -0.000485795 0)
(0.0552148 -0.000398868 0)
(0.0553206 -0.000324335 0)
(0.0554076 -0.000261051 0)
(0.0554786 -0.000207799 0)
(0.0555361 -0.000163394 0)
(0.0555821 -0.000126732 0)
(0.0556184 -9.67892e-05 0)
(0.0556466 -7.26249e-05 0)
(0.0556682 -5.33783e-05 0)
(0.0556845 -3.82669e-05 0)
(0.0556964 -2.65868e-05 0)
(0.055705 -1.77139e-05 0)
(0.0557109 -1.11037e-05 0)
(0.0557149 -6.28863e-06 0)
(0.0557174 -2.87477e-06 0)
(0.0557189 -5.35663e-07 0)
(0.0557196 9.94429e-07 0)
(0.0557197 1.92811e-06 0)
(0.0557196 2.43256e-06 0)
(0.0557192 2.63693e-06 0)
(0.0557188 2.63919e-06 0)
(0.0557183 2.51222e-06 0)
(0.0557177 2.30905e-06 0)
(0.0557173 2.06733e-06 0)
(0.0557168 1.81295e-06 0)
(0.0557164 1.563e-06 0)
(0.055716 1.32813e-06 0)
(0.0557157 1.11434e-06 0)
(0.0557154 9.24388e-07 0)
(0.0557152 7.58848e-07 0)
(0.055715 6.16875e-07 0)
(0.0557149 4.96775e-07 0)
(0.0557148 3.96399e-07 0)
(0.0557147 3.13417e-07 0)
(0.0557146 2.45502e-07 0)
(0.0557145 1.90444e-07 0)
(0.0557145 1.46215e-07 0)
(0.0557144 1.11003e-07 0)
(0.0557144 8.32196e-08 0)
(0.0557144 6.14991e-08 0)
(0.0557144 4.46806e-08 0)
(0.0557144 3.17902e-08 0)
(0.0557143 2.20204e-08 0)
(0.0557143 1.47077e-08 0)
(0.0557143 9.31222e-09 0)
(0.0557143 5.39863e-09 0)
(0.0557143 2.61884e-09 0)
(0.0557143 6.96946e-10 0)
(0.0557143 -5.83868e-10 0)
(0.0557143 -1.39246e-09 0)
(0.0557143 -1.85911e-09 0)
(0.0557143 -2.08333e-09 0)
(0.0557143 -2.14028e-09 0)
(0.0557143 -2.08604e-09 0)
(0.0557143 -1.96184e-09 0)
(0.0557143 -1.7975e-09 0)
(0.0557143 -1.6141e-09 0)
(0.0557143 -1.42615e-09 0)
(0.0557143 -1.24328e-09 0)
(0.0557143 -1.07153e-09 0)
(0.0557143 -9.14322e-10 0)
(0.0557143 -7.73282e-10 0)
(0.0557143 -6.48759e-10 0)
(0.0557143 -5.40273e-10 0)
(0.0557143 -4.46825e-10 0)
(0.0557143 -3.67122e-10 0)
(0.0557143 -2.99738e-10 0)
(0.0557143 -2.43219e-10 0)
(0.0557143 -1.96162e-10 0)
(0.0557143 -1.5725e-10 0)
(0.0557143 -1.25283e-10 0)
(0.0557143 -9.91837e-11 0)
(0.0557143 -7.80024e-11 0)
(0.0557143 -6.0915e-11 0)
(0.0557143 -4.72142e-11 0)
(0.0557143 -3.6297e-11 0)
(0.0557143 -2.76569e-11 0)
(0.0557143 -2.08696e-11 0)
(0.0557143 -1.55766e-11 0)
(0.0557143 -1.14798e-11 0)
(0.0557143 -8.33364e-12 0)
(0.0557143 -5.93713e-12 0)
(0.0557143 -4.12519e-12 0)
(0.0557143 -2.76869e-12 0)
(0.0557143 -1.76503e-12 0)
(0.0557143 -1.03054e-12 0)
(0.0557143 -5.02521e-13 0)
(0.0557143 -1.30209e-13 0)
(0.0557143 1.21817e-13 0)
(0.0557143 2.83577e-13 0)
(0.0557143 3.80097e-13 0)
(0.0557143 4.29317e-13 0)
(0.0557143 4.45261e-13 0)
(0.0557143 4.37497e-13 0)
(0.0557143 4.1389e-13 0)
(0.0557143 3.82239e-13 0)
(0.0557143 3.46428e-13 0)
(0.0557143 3.08563e-13 0)
(0.0557143 2.69656e-13 0)
(0.0557143 2.27355e-13 0)
(0.0557143 1.83885e-13 0)
(0.0557143 1.38028e-13 0)
(0.0557143 8.93844e-14 0)
(0.0557143 3.92835e-14 0)
(0.0557143 -1.0506e-14 0)
(0.0557143 -5.72553e-14 0)
(0.0557143 -9.80385e-14 0)
(0.0557143 -1.31413e-13 0)
(0.0557143 -1.58411e-13 0)
(0.0557143 -1.7649e-13 0)
(0.0557143 -1.88973e-13 0)
(0.0557143 -1.96035e-13 0)
(0.0557143 -2.00634e-13 0)
(0.0557143 -2.03044e-13 0)
(0.0557143 -2.01426e-13 0)
(0.0557143 -1.91938e-13 0)
(0.0557143 -1.67804e-13 0)
(0.0557143 -1.22156e-13 0)
(0.0557143 -4.6333e-14 0)
(0.0557143 7.25982e-14 0)
(0.0557143 2.54098e-13 0)
(0.0557143 5.08536e-13 0)
(0.0557143 8.55786e-13 0)
(0.0557143 1.46579e-12 0)
(0.0557143 1.69072e-12 0)
(0.0557143 3.71575e-12 0)
(0.0557143 4.29043e-12 0)
(-0.000407107 0.00286064 0)
(-0.00179001 0.00492473 0)
(-0.00319155 0.00586345 0)
(-0.00429239 0.00601094 0)
(-0.0049933 0.00596932 0)
(-0.00538643 0.0057479 0)
(-0.00549608 0.00545291 0)
(-0.00538614 0.00509222 0)
(-0.00507595 0.00468846 0)
(-0.00458941 0.00424341 0)
(-0.0039341 0.00375872 0)
(-0.00311641 0.00323238 0)
(-0.00213719 0.00266238 0)
(-0.00099609 0.00204695 0)
(0.000309076 0.00138522 0)
(0.00178099 0.000677413 0)
(0.00342273 -7.50365e-05 0)
(0.00523723 -0.000869494 0)
(0.00722703 -0.00170216 0)
(0.00939392 -0.00256816 0)
(0.0117387 -0.00346157 0)
(0.0142608 -0.00437553 0)
(0.0169582 -0.00530225 0)
(0.0198273 -0.00623306 0)
(0.0228622 -0.00715839 0)
(0.0260552 -0.00806775 0)
(0.0293961 -0.00894974 0)
(0.0328719 -0.00979201 0)
(0.036467 -0.0105813 0)
(0.0401627 -0.0113035 0)
(0.0439371 -0.0119437 0)
(0.0477646 -0.0124861 0)
(0.051616 -0.0129145 0)
(0.0554581 -0.0132123 0)
(0.0592536 -0.0133633 0)
(0.062961 -0.013352 0)
(0.0665355 -0.0131648 0)
(0.0699293 -0.0127913 0)
(0.0730937 -0.0122259 0)
(0.0759803 -0.011469 0)
(0.0785436 -0.0105288 0)
(0.0807427 -0.0094217 0)
(0.082543 -0.00817272 0)
(0.0839171 -0.00681512 0)
(0.084845 -0.00538925 0)
(0.0853133 -0.00394105 0)
(0.0853149 -0.0025204 0)
(0.0848481 -0.00117929 0)
(0.0839177 3.00661e-05 0)
(0.0825378 0.00105764 0)
(0.0807366 0.00185891 0)
(0.0785633 0.00239952 0)
(0.0760947 0.00266124 0)
(0.0734372 0.00264839 0)
(0.0707221 0.00239166 0)
(0.0680922 0.00194551 0)
(0.0656818 0.0013776 0)
(0.0635975 0.000755089 0)
(0.0619037 0.000134854 0)
(0.0606196 -0.000438713 0)
(0.0597253 -0.00093173 0)
(0.059174 -0.00131946 0)
(0.0589036 -0.00158738 0)
(0.0588464 -0.00173321 0)
(0.0589366 -0.00176725 0)
(0.0591162 -0.0017101 0)
(0.0593389 -0.00158795 0)
(0.0595717 -0.00142734 0)
(0.0597938 -0.00125097 0)
(0.0599947 -0.00107553 0)
(0.0601706 -0.000911447 0)
(0.0603218 -0.000763971 0)
(0.0604505 -0.000634731 0)
(0.0605597 -0.000523222 0)
(0.0606518 -0.000427926 0)
(0.0607294 -0.000347015 0)
(0.0607943 -0.000278707 0)
(0.0608482 -0.0002214 0)
(0.0608924 -0.000173694 0)
(0.0609284 -0.000134349 0)
(0.0609572 -0.000102256 0)
(0.06098 -7.64037e-05 0)
(0.0609977 -5.58648e-05 0)
(0.0610112 -3.97921e-05 0)
(0.0610214 -2.74202e-05 0)
(0.061029 -1.80682e-05 0)
(0.0610344 -1.11413e-05 0)
(0.0610382 -6.13001e-06 0)
(0.0610408 -2.60596e-06 0)
(0.0610424 -2.15942e-07 0)
(0.0610434 1.32601e-06 0)
(0.0610439 2.24729e-06 0)
(0.0610442 2.72555e-06 0)
(0.0610441 2.89707e-06 0)
(0.061044 2.86448e-06 0)
(0.0610438 2.70354e-06 0)
(0.0610435 2.46896e-06 0)
(0.0610432 2.19919e-06 0)
(0.061043 1.92041e-06 0)
(0.0610427 1.64966e-06 0)
(0.0610425 1.39733e-06 0)
(0.0610423 1.16909e-06 0)
(0.0610421 9.67316e-07 0)
(0.0610419 7.92203e-07 0)
(0.0610418 6.42553e-07 0)
(0.0610417 5.16351e-07 0)
(0.0610416 4.11166e-07 0)
(0.0610415 3.24428e-07 0)
(0.0610415 2.53604e-07 0)
(0.0610414 1.96314e-07 0)
(0.0610414 1.50389e-07 0)
(0.0610414 1.139e-07 0)
(0.0610414 8.51694e-08 0)
(0.0610413 6.27538e-08 0)
(0.0610413 4.54335e-08 0)
(0.0610413 3.2188e-08 0)
(0.0610413 2.21729e-08 0)
(0.0610413 1.46964e-08 0)
(0.0610413 9.19655e-09 0)
(0.0610413 5.22137e-09 0)
(0.0610413 2.41014e-09 0)
(0.0610413 4.77492e-10 0)
(0.0610413 -8.00358e-10 0)
(0.0610413 -1.59735e-09 0)
(0.0610413 -2.0474e-09 0)
(0.0610413 -2.25257e-09 0)
(0.0610413 -2.28976e-09 0)
(0.0610413 -2.2162e-09 0)
(0.0610413 -2.07383e-09 0)
(0.0610413 -1.89285e-09 0)
(0.0610413 -1.69454e-09 0)
(0.0610413 -1.49347e-09 0)
(0.0610413 -1.2992e-09 0)
(0.0610413 -1.11765e-09 0)
(0.0610413 -9.52125e-10 0)
(0.0610413 -8.04075e-10 0)
(0.0610413 -6.7369e-10 0)
(0.0610413 -5.60336e-10 0)
(0.0610413 -4.6287e-10 0)
(0.0610413 -3.79873e-10 0)
(0.0610413 -3.09807e-10 0)
(0.0610413 -2.5112e-10 0)
(0.0610413 -2.02321e-10 0)
(0.0610413 -1.62015e-10 0)
(0.0610413 -1.28939e-10 0)
(0.0610413 -1.01962e-10 0)
(0.0610413 -8.00939e-11 0)
(0.0610413 -6.2475e-11 0)
(0.0610413 -4.83684e-11 0)
(0.0610413 -3.71466e-11 0)
(0.0610413 -2.82798e-11 0)
(0.0610413 -2.13219e-11 0)
(0.0610413 -1.59003e-11 0)
(0.0610413 -1.17062e-11 0)
(0.0610413 -8.48499e-12 0)
(0.0610413 -6.03093e-12 0)
(0.0610413 -4.17736e-12 0)
(0.0610413 -2.78933e-12 0)
(0.0610413 -1.76297e-12 0)
(0.0610413 -1.01491e-12 0)
(0.0610413 -4.80389e-13 0)
(0.0610413 -1.07928e-13 0)
(0.0610413 1.44133e-13 0)
(0.0610413 3.04719e-13 0)
(0.0610413 3.99327e-13 0)
(0.0610413 4.46565e-13 0)
(0.0610413 4.6065e-13 0)
(0.0610413 4.54778e-13 0)
(0.0610413 4.33263e-13 0)
(0.0610413 4.02847e-13 0)
(0.0610413 3.66406e-13 0)
(0.0610413 3.25077e-13 0)
(0.0610413 2.80534e-13 0)
(0.0610413 2.30003e-13 0)
(0.0610413 1.74729e-13 0)
(0.0610413 1.14106e-13 0)
(0.0610413 5.09036e-14 0)
(0.0610413 -1.10098e-14 0)
(0.0610413 -6.97684e-14 0)
(0.0610413 -1.22045e-13 0)
(0.0610413 -1.66695e-13 0)
(0.0610413 -2.02151e-13 0)
(0.0610413 -2.27799e-13 0)
(0.0610413 -2.46566e-13 0)
(0.0610413 -2.59609e-13 0)
(0.0610413 -2.71537e-13 0)
(0.0610413 -2.82895e-13 0)
(0.0610413 -2.90977e-13 0)
(0.0610413 -2.93023e-13 0)
(0.0610413 -2.81665e-13 0)
(0.0610413 -2.48111e-13 0)
(0.0610413 -1.80302e-13 0)
(0.0610413 -5.61638e-14 0)
(0.0610413 1.38984e-13 0)
(0.0610413 4.56535e-13 0)
(0.0610413 9.51495e-13 0)
(0.0610413 1.73404e-12 0)
(0.0610413 2.67279e-12 0)
(0.0610413 6.30232e-12 0)
(0.0610413 6.72927e-12 0)
(-0.000633153 0.00330823 0)
(-0.001698 0.00562468 0)
(-0.00173572 0.00642404 0)
(-0.00149333 0.00629471 0)
(-0.000767144 0.0059589 0)
(0.000113132 0.0054885 0)
(0.0011928 0.00498453 0)
(0.00238782 0.00445182 0)
(0.00370361 0.00389723 0)
(0.00512326 0.00331616 0)
(0.00665004 0.00270242 0)
(0.00828466 0.00205003 0)
(0.0100325 0.00135356 0)
(0.0118992 0.000609143 0)
(0.013891 -0.000185629 0)
(0.0160143 -0.00103147 0)
(0.018275 -0.00192749 0)
(0.0206783 -0.00287115 0)
(0.0232281 -0.00385841 0)
(0.0259271 -0.00488377 0)
(0.0287761 -0.00594036 0)
(0.031774 -0.00702009 0)
(0.0349178 -0.00811367 0)
(0.0382022 -0.00921072 0)
(0.0416195 -0.0102997 0)
(0.0451599 -0.0113681 0)
(0.0488108 -0.0124018 0)
(0.0525571 -0.013386 0)
(0.0563805 -0.0143042 0)
(0.0602597 -0.015139 0)
(0.0641697 -0.0158718 0)
(0.0680819 -0.0164828 0)
(0.0719636 -0.0169511 0)
(0.0757776 -0.0172553 0)
(0.0794825 -0.0173739 0)
(0.0830333 -0.0172865 0)
(0.0863819 -0.0169751 0)
(0.0894798 -0.0164264 0)
(0.0922804 -0.0156335 0)
(0.094742 -0.0145984 0)
(0.0968312 -0.0133332 0)
(0.0985246 -0.0118606 0)
(0.0998101 -0.0102138 0)
(0.100686 -0.00843466 0)
(0.101159 -0.00657147 0)
(0.101242 -0.00467663 0)
(0.100949 -0.0028041 0)
(0.100292 -0.00100746 0)
(0.0992822 0.000661458 0)
(0.0979232 0.00215331 0)
(0.0962154 0.00342151 0)
(0.0941571 0.00442246 0)
(0.0917513 0.00511678 0)
(0.089015 0.00547263 0)
(0.0859912 0.00547236 0)
(0.0827596 0.00512195 0)
(0.0794397 0.00446021 0)
(0.0761813 0.00356162 0)
(0.0731411 0.00252797 0)
(0.0704543 0.00146979 0)
(0.0682095 0.000486132 0)
(0.0664388 -0.000349187 0)
(0.0651221 -0.000992578 0)
(0.0642022 -0.00142995 0)
(0.0636036 -0.00167278 0)
(0.0632477 -0.00175159 0)
(0.0630637 -0.00170744 0)
(0.062994 -0.00158301 0)
(0.0629955 -0.00141568 0)
(0.0630379 -0.0012337 0)
(0.0631016 -0.00105557 0)
(0.0631739 -0.000891485 0)
(0.0632475 -0.000745704 0)
(0.0633178 -0.000618882 0)
(0.0633827 -0.000509844 0)
(0.0634407 -0.000416729 0)
(0.0634916 -0.000337611 0)
(0.0635353 -0.000270739 0)
(0.0635723 -0.0002146 0)
(0.063603 -0.000167874 0)
(0.0636282 -0.000129387 0)
(0.0636485 -9.80666e-05 0)
(0.0636647 -7.2917e-05 0)
(0.0636773 -5.3015e-05 0)
(0.0636871 -3.75115e-05 0)
(0.0636946 -2.56378e-05 0)
(0.0637002 -1.67115e-05 0)
(0.0637043 -1.01396e-05 0)
(0.0637072 -5.41665e-06 0)
(0.0637093 -2.12085e-06 0)
(0.0637107 9.33046e-08 0)
(0.0637116 1.5036e-06 0)
(0.0637122 2.32944e-06 0)
(0.0637125 2.74109e-06 0)
(0.0637126 2.86835e-06 0)
(0.0637126 2.80837e-06 0)
(0.0637126 2.6324e-06 0)
(0.0637124 2.39154e-06 0)
(0.0637123 2.12146e-06 0)
(0.0637122 1.84623e-06 0)
(0.063712 1.58134e-06 0)
(0.0637119 1.33606e-06 0)
(0.0637118 1.11527e-06 0)
(0.0637117 9.20854e-07 0)
(0.0637116 7.52672e-07 0)
(0.0637115 6.09345e-07 0)
(0.0637115 4.88771e-07 0)
(0.0637114 3.88498e-07 0)
(0.0637114 3.05979e-07 0)
(0.0637113 2.3873e-07 0)
(0.0637113 1.84431e-07 0)
(0.0637113 1.40981e-07 0)
(0.0637112 1.06522e-07 0)
(0.0637112 7.9438e-08 0)
(0.0637112 5.83471e-08 0)
(0.0637112 4.20828e-08 0)
(0.0637112 2.96716e-08 0)
(0.0637112 2.03097e-08 0)
(0.0637112 1.33397e-08 0)
(0.0637112 8.22866e-09 0)
(0.0637112 4.54868e-09 0)
(0.0637112 1.95881e-09 0)
(0.0637112 1.89828e-10 0)
(0.0637112 -9.69024e-10 0)
(0.0637112 -1.68125e-09 0)
(0.0637112 -2.0725e-09 0)
(0.0637112 -2.23829e-09 0)
(0.0637112 -2.25044e-09 0)
(0.0637112 -2.16225e-09 0)
(0.0637112 -2.01265e-09 0)
(0.0637112 -1.82957e-09 0)
(0.0637112 -1.63259e-09 0)
(0.0637112 -1.43502e-09 0)
(0.0637112 -1.24552e-09 0)
(0.0637112 -1.06936e-09 0)
(0.0637112 -9.09389e-10 0)
(0.0637112 -7.66763e-10 0)
(0.0637112 -6.41483e-10 0)
(0.0637112 -5.32809e-10 0)
(0.0637112 -4.3955e-10 0)
(0.0637112 -3.60274e-10 0)
(0.0637112 -2.93457e-10 0)
(0.0637112 -2.37573e-10 0)
(0.0637112 -1.91168e-10 0)
(0.0637112 -1.5289e-10 0)
(0.0637112 -1.2152e-10 0)
(0.0637112 -9.59709e-11 0)
(0.0637112 -7.52917e-11 0)
(0.0637112 -5.86581e-11 0)
(0.0637112 -4.5361e-11 0)
(0.0637112 -3.47977e-11 0)
(0.0637112 -2.64588e-11 0)
(0.0637112 -1.99187e-11 0)
(0.0637112 -1.48237e-11 0)
(0.0637112 -1.0881e-11 0)
(0.0637112 -7.8552e-12 0)
(0.0637112 -5.55237e-12 0)
(0.0637112 -3.81706e-12 0)
(0.0637112 -2.52494e-12 0)
(0.0637112 -1.575e-12 0)
(0.0637112 -8.88773e-13 0)
(0.0637112 -4.02572e-13 0)
(0.0637112 -6.6446e-14 0)
(0.0637112 1.58014e-13 0)
(0.0637112 3.01154e-13 0)
(0.0637112 3.85738e-13 0)
(0.0637112 4.2854e-13 0)
(0.0637112 4.42573e-13 0)
(0.0637112 4.36881e-13 0)
(0.0637112 4.19087e-13 0)
(0.0637112 3.91305e-13 0)
(0.0637112 3.55386e-13 0)
(0.0637112 3.11926e-13 0)
(0.0637112 2.60223e-13 0)
(0.0637112 2.01775e-13 0)
(0.0637112 1.3716e-13 0)
(0.0637112 6.94321e-14 0)
(0.0637112 2.14345e-16 0)
(0.0637112 -6.76783e-14 0)
(0.0637112 -1.29804e-13 0)
(0.0637112 -1.84504e-13 0)
(0.0637112 -2.2768e-13 0)
(0.0637112 -2.62807e-13 0)
(0.0637112 -2.92114e-13 0)
(0.0637112 -3.17145e-13 0)
(0.0637112 -3.4179e-13 0)
(0.0637112 -3.68225e-13 0)
(0.0637112 -3.93386e-13 0)
(0.0637112 -4.14115e-13 0)
(0.0637112 -4.22976e-13 0)
(0.0637112 -4.12118e-13 0)
(0.0637112 -3.69591e-13 0)
(0.0637112 -2.78175e-13 0)
(0.0637112 -1.08702e-13 0)
(0.0637112 1.88514e-13 0)
(0.0637112 6.78374e-13 0)
(0.0637112 1.50869e-12 0)
(0.0637112 2.70119e-12 0)
(0.0637112 6.36765e-12 0)
(0.0637112 6.74648e-12 0)
(-0.000151266 0.00561859 0)
(0.000223612 0.00598303 0)
(0.00194476 0.00582888 0)
(0.00380996 0.0050633 0)
(0.00602161 0.00444519 0)
(0.00824499 0.00385149 0)
(0.0105406 0.00326973 0)
(0.0128437 0.00268698 0)
(0.0151709 0.00208423 0)
(0.0175215 0.00145253 0)
(0.0199079 0.000781543 0)
(0.0223406 6.41554e-05 0)
(0.0248315 -0.000705621 0)
(0.0273913 -0.0015318 0)
(0.0300302 -0.00241666 0)
(0.0327569 -0.00336062 0)
(0.0355787 -0.00436222 0)
(0.0385013 -0.00541817 0)
(0.0415285 -0.00652333 0)
(0.0446618 -0.00767086 0)
(0.0479006 -0.00885234 0)
(0.0512416 -0.0100579 0)
(0.0546793 -0.0112764 0)
(0.0582055 -0.0124956 0)
(0.0618098 -0.0137019 0)
(0.0654792 -0.0148805 0)
(0.0691982 -0.0160149 0)
(0.0729482 -0.0170874 0)
(0.0767075 -0.0180784 0)
(0.0804506 -0.0189668 0)
(0.0841479 -0.0197298 0)
(0.0877653 -0.0203427 0)
(0.0912635 -0.0207793 0)
(0.0945987 -0.0210125 0)
(0.097723 -0.0210151 0)
(0.100586 -0.020762 0)
(0.103138 -0.0202322 0)
(0.105334 -0.0194124 0)
(0.107138 -0.0182996 0)
(0.108527 -0.0169038 0)
(0.109496 -0.0152487 0)
(0.110059 -0.0133711 0)
(0.110245 -0.0113184 0)
(0.110093 -0.00914502 0)
(0.10965 -0.00690847 0)
(0.108962 -0.00466566 0)
(0.108068 -0.00247046 0)
(0.106999 -0.00037235 0)
(0.10577 0.00158381 0)
(0.104386 0.00335723 0)
(0.102838 0.00491025 0)
(0.101106 0.00620732 0)
(0.0991649 0.00721417 0)
(0.0969847 0.00789776 0)
(0.0945407 0.00822794 0)
(0.0918229 0.00818215 0)
(0.0888486 0.00775418 0)
(0.0856754 0.00696553 0)
(0.0824054 0.00587557 0)
(0.0791758 0.00458347 0)
(0.0761352 0.003217 0)
(0.073413 0.00190929 0)
(0.071095 0.000771896 0)
(0.069213 -0.000124691 0)
(0.0677517 -0.000757376 0)
(0.0666637 -0.00114391 0)
(0.0658862 -0.00132853 0)
(0.0653544 -0.00136585 0)
(0.065009 -0.00130796 0)
(0.0647996 -0.00119694 0)
(0.0646856 -0.00106259 0)
(0.0646356 -0.000923709 0)
(0.0646264 -0.000790743 0)
(0.064641 -0.000668708 0)
(0.064668 -0.000559448 0)
(0.0646998 -0.000463172 0)
(0.0647318 -0.000379341 0)
(0.0647615 -0.000307123 0)
(0.0647877 -0.000245582 0)
(0.0648098 -0.000193746 0)
(0.0648282 -0.000150631 0)
(0.0648431 -0.000115247 0)
(0.0648549 -8.66178e-05 0)
(0.0648642 -6.37937e-05 0)
(0.0648714 -4.58779e-05 0)
(0.0648769 -3.2043e-05 0)
(0.0648811 -2.15443e-05 0)
(0.0648842 -1.37285e-05 0)
(0.0648865 -8.0343e-06 0)
(0.0648882 -3.99013e-06 0)
(0.0648894 -1.20724e-06 0)
(0.0648902 6.28928e-07 0)
(0.0648907 1.76847e-06 0)
(0.0648911 2.40688e-06 0)
(0.0648913 2.6944e-06 0)
(0.0648914 2.74451e-06 0)
(0.0648914 2.64136e-06 0)
(0.0648914 2.4461e-06 0)
(0.0648913 2.20214e-06 0)
(0.0648913 1.93941e-06 0)
(0.0648912 1.67779e-06 0)
(0.0648911 1.4298e-06 0)
(0.0648911 1.20267e-06 0)
(0.064891 9.99923e-07 0)
(0.064891 8.22579e-07 0)
(0.0648909 6.7002e-07 0)
(0.0648909 5.40626e-07 0)
(0.0648909 4.32233e-07 0)
(0.0648908 3.42435e-07 0)
(0.0648908 2.68797e-07 0)
(0.0648908 2.08986e-07 0)
(0.0648908 1.6085e-07 0)
(0.0648908 1.22455e-07 0)
(0.0648907 9.21027e-08 0)
(0.0648907 6.83251e-08 0)
(0.0648907 4.98732e-08 0)
(0.0648907 3.56966e-08 0)
(0.0648907 2.49226e-08 0)
(0.0648907 1.68326e-08 0)
(0.0648907 1.0841e-08 0)
(0.0648907 6.4749e-09 0)
(0.0648907 3.35537e-09 0)
(0.0648907 1.1816e-09 0)
(0.0648907 -2.83225e-10 0)
(0.0648907 -1.22389e-09 0)
(0.0648907 -1.78328e-09 0)
(0.0648907 -2.07074e-09 0)
(0.0648907 -2.16913e-09 0)
(0.0648907 -2.14043e-09 0)
(0.0648907 -2.03038e-09 0)
(0.0648907 -1.87222e-09 0)
(0.0648907 -1.68958e-09 0)
(0.0648907 -1.49887e-09 0)
(0.0648907 -1.31109e-09 0)
(0.0648907 -1.13323e-09 0)
(0.0648907 -9.69414e-10 0)
(0.0648907 -8.21719e-10 0)
(0.0648907 -6.90794e-10 0)
(0.0648907 -5.76343e-10 0)
(0.0648907 -4.77472e-10 0)
(0.0648907 -3.92931e-10 0)
(0.0648907 -3.213e-10 0)
(0.0648907 -2.61103e-10 0)
(0.0648907 -2.10893e-10 0)
(0.0648907 -1.69309e-10 0)
(0.0648907 -1.35096e-10 0)
(0.0648907 -1.07131e-10 0)
(0.0648907 -8.44128e-11 0)
(0.0648907 -6.60701e-11 0)
(0.0648907 -5.13499e-11 0)
(0.0648907 -3.96062e-11 0)
(0.0648907 -3.02934e-11 0)
(0.0648907 -2.29525e-11 0)
(0.0648907 -1.72034e-11 0)
(0.0648907 -1.27328e-11 0)
(0.0648907 -9.28325e-12 0)
(0.0648907 -6.64578e-12 0)
(0.0648907 -4.65013e-12 0)
(0.0648907 -3.15736e-12 0)
(0.0648907 -2.0548e-12 0)
(0.0648907 -1.25191e-12 0)
(0.0648907 -6.77199e-13 0)
(0.0648907 -2.744e-13 0)
(0.0648907 1.17511e-15 0)
(0.0648907 1.83863e-13 0)
(0.0648907 2.99748e-13 0)
(0.0648907 3.67489e-13 0)
(0.0648907 4.00119e-13 0)
(0.0648907 4.10063e-13 0)
(0.0648907 4.03758e-13 0)
(0.0648907 3.85502e-13 0)
(0.0648907 3.56206e-13 0)
(0.0648907 3.164e-13 0)
(0.0648907 2.67865e-13 0)
(0.0648907 2.11907e-13 0)
(0.0648907 1.49825e-13 0)
(0.0648907 8.27066e-14 0)
(0.0648907 1.28995e-14 0)
(0.0648907 -5.73549e-14 0)
(0.0648907 -1.23098e-13 0)
(0.0648907 -1.81486e-13 0)
(0.0648907 -2.32847e-13 0)
(0.0648907 -2.78184e-13 0)
(0.0648907 -3.20547e-13 0)
(0.0648907 -3.62318e-13 0)
(0.0648907 -4.05147e-13 0)
(0.0648907 -4.50607e-13 0)
(0.0648907 -4.99401e-13 0)
(0.0648907 -5.46823e-13 0)
(0.0648907 -5.87776e-13 0)
(0.0648907 -6.1541e-13 0)
(0.0648907 -6.20423e-13 0)
(0.0648907 -5.90099e-13 0)
(0.0648907 -4.99779e-13 0)
(0.0648907 -3.06935e-13 0)
(0.0648907 5.23229e-14 0)
(0.0648907 7.10309e-13 0)
(0.0648907 1.71752e-12 0)
(0.0648907 4.50446e-12 0)
(0.0648907 4.77438e-12 0)
(0.00518543 0.00178548 0)
(0.00779935 0.00291873 0)
(0.0131091 0.002665 0)
(0.0168869 0.00218741 0)
(0.0206211 0.00160593 0)
(0.0240103 0.00105476 0)
(0.0272398 0.000506626 0)
(0.0303391 -4.4695e-05 0)
(0.0333555 -0.000619853 0)
(0.0363187 -0.00123235 0)
(0.0392535 -0.00189389 0)
(0.0421797 -0.00261275 0)
(0.0451134 -0.00339481 0)
(0.0480679 -0.00424365 0)
(0.0510538 -0.00516076 0)
(0.0540797 -0.00614566 0)
(0.0571518 -0.00719585 0)
(0.0602744 -0.00830682 0)
(0.0634496 -0.00947206 0)
(0.066677 -0.0106831 0)
(0.0699535 -0.0119297 0)
(0.0732733 -0.0132 0)
(0.0766276 -0.0144807 0)
(0.0800047 -0.0157575 0)
(0.0833906 -0.0170145 0)
(0.0867685 -0.0182346 0)
(0.0901186 -0.0193986 0)
(0.0934173 -0.0204851 0)
(0.0966365 -0.0214704 0)
(0.0997429 -0.0223287 0)
(0.102698 -0.0230312 0)
(0.105456 -0.0235467 0)
(0.107969 -0.0238421 0)
(0.110182 -0.0238836 0)
(0.11204 -0.0236392 0)
(0.113492 -0.023081 0)
(0.114495 -0.0221905 0)
(0.115024 -0.0209623 0)
(0.115077 -0.0194082 0)
(0.114678 -0.0175583 0)
(0.113881 -0.0154595 0)
(0.112759 -0.0131717 0)
(0.111399 -0.0107608 0)
(0.109892 -0.00829362 0)
(0.108317 -0.00583146 0)
(0.106743 -0.00342747 0)
(0.105216 -0.00112519 0)
(0.103762 0.00104077 0)
(0.102388 0.00304283 0)
(0.101081 0.00485789 0)
(0.0998134 0.00646469 0)
(0.0985461 0.00784142 0)
(0.0972306 0.0089639 0)
(0.0958133 0.00980468 0)
(0.0942396 0.0103334 0)
(0.0924592 0.0105192 0)
(0.0904346 0.0103366 0)
(0.0881511 0.00977552 0)
(0.0856283 0.00885317 0)
(0.0829269 0.00762555 0)
(0.0801468 0.00619012 0)
(0.0774126 0.00467554 0)
(0.0748497 0.00321844 0)
(0.072561 0.00193471 0)
(0.0706119 0.000897227 0)
(0.0690266 0.000128678 0)
(0.0677941 -0.000390031 0)
(0.0668784 -0.000702747 0)
(0.0662293 -0.000860987 0)
(0.0657921 -0.000912205 0)
(0.0655146 -0.000894395 0)
(0.065351 -0.000835333 0)
(0.0652643 -0.000754132 0)
(0.0652264 -0.000663443 0)
(0.0652172 -0.000571409 0)
(0.0652233 -0.000483129 0)
(0.065236 -0.000401648 0)
(0.0652506 -0.000328613 0)
(0.0652643 -0.000264708 0)
(0.0652761 -0.00020995 0)
(0.0652857 -0.000163909 0)
(0.0652932 -0.000125873 0)
(0.0652989 -9.49726e-05 0)
(0.0653032 -7.02731e-05 0)
(0.0653063 -5.08457e-05 0)
(0.0653086 -3.58127e-05 0)
(0.0653103 -2.4376e-05 0)
(0.0653115 -1.58326e-05 0)
(0.0653124 -9.57862e-06 0)
(0.065313 -5.107e-06 0)
(0.0653134 -2.00037e-06 0)
(0.0653137 7.87648e-08 0)
(0.065314 1.39868e-06 0)
(0.0653141 2.16926e-06 0)
(0.0653142 2.55207e-06 0)
(0.0653142 2.6695e-06 0)
(0.0653142 2.61267e-06 0)
(0.0653142 2.44816e-06 0)
(0.0653142 2.22358e-06 0)
(0.0653142 1.97207e-06 0)
(0.0653142 1.71594e-06 0)
(0.0653142 1.46955e-06 0)
(0.0653142 1.24147e-06 0)
(0.0653141 1.03621e-06 0)
(0.0653141 8.55498e-07 0)
(0.0653141 6.99187e-07 0)
(0.0653141 5.65989e-07 0)
(0.0653141 4.53944e-07 0)
(0.0653141 3.60772e-07 0)
(0.0653141 2.84102e-07 0)
(0.0653141 2.21624e-07 0)
(0.0653141 1.71183e-07 0)
(0.065314 1.30825e-07 0)
(0.065314 9.88214e-08 0)
(0.065314 7.36711e-08 0)
(0.065314 5.40895e-08 0)
(0.065314 3.89922e-08 0)
(0.065314 2.74743e-08 0)
(0.065314 1.87886e-08 0)
(0.065314 1.23242e-08 0)
(0.065314 7.58596e-09 0)
(0.065314 4.17614e-09 0)
(0.065314 1.77802e-09 0)
(0.065314 1.41521e-10 0)
(0.065314 -9.29085e-10 0)
(0.065314 -1.58563e-09 0)
(0.065314 -1.94474e-09 0)
(0.065314 -2.09509e-09 0)
(0.065314 -2.10331e-09 0)
(0.065314 -2.01885e-09 0)
(0.065314 -1.87778e-09 0)
(0.065314 -1.70601e-09 0)
(0.065314 -1.52164e-09 0)
(0.065314 -1.33699e-09 0)
(0.065314 -1.16006e-09 0)
(0.065314 -9.95688e-10 0)
(0.065314 -8.46501e-10 0)
(0.065314 -7.13545e-10 0)
(0.065314 -5.968e-10 0)
(0.065314 -4.95563e-10 0)
(0.065314 -4.08713e-10 0)
(0.065314 -3.34906e-10 0)
(0.065314 -2.72715e-10 0)
(0.065314 -2.20717e-10 0)
(0.065314 -1.77555e-10 0)
(0.065314 -1.4197e-10 0)
(0.065314 -1.12824e-10 0)
(0.065314 -8.91015e-11 0)
(0.065314 -6.99088e-11 0)
(0.065314 -5.44714e-11 0)
(0.065314 -4.21253e-11 0)
(0.065314 -3.23096e-11 0)
(0.065314 -2.45529e-11 0)
(0.065314 -1.84626e-11 0)
(0.065314 -1.37163e-11 0)
(0.065314 -1.00461e-11 0)
(0.065314 -7.23394e-12 0)
(0.065314 -5.10249e-12 0)
(0.065314 -3.50467e-12 0)
(0.065314 -2.32192e-12 0)
(0.065314 -1.45753e-12 0)
(0.065314 -8.35908e-13 0)
(0.065314 -3.9715e-13 0)
(0.065314 -9.45289e-14 0)
(0.065314 1.09287e-13 0)
(0.065314 2.41314e-13 0)
(0.065314 3.22315e-13 0)
(0.065314 3.66403e-13 0)
(0.065314 3.8474e-13 0)
(0.065314 3.84264e-13 0)
(0.065314 3.70739e-13 0)
(0.065314 3.45978e-13 0)
(0.065314 3.10893e-13 0)
(0.065314 2.66466e-13 0)
(0.065314 2.14501e-13 0)
(0.065314 1.56572e-13 0)
(0.065314 9.25429e-14 0)
(0.065314 2.55025e-14 0)
(0.065314 -4.15603e-14 0)
(0.065314 -1.06152e-13 0)
(0.065314 -1.66412e-13 0)
(0.065314 -2.24288e-13 0)
(0.065314 -2.79432e-13 0)
(0.065314 -3.34634e-13 0)
(0.065314 -3.92775e-13 0)
(0.065314 -4.55864e-13 0)
(0.065314 -5.23984e-13 0)
(0.065314 -5.98232e-13 0)
(0.065314 -6.76598e-13 0)
(0.065314 -7.56073e-13 0)
(0.065314 -8.34392e-13 0)
(0.065314 -9.08142e-13 0)
(0.065314 -9.70384e-13 0)
(0.065314 -1.00666e-12 0)
(0.065314 -9.88556e-13 0)
(0.065314 -8.73333e-13 0)
(0.065314 -5.71397e-13 0)
(0.065314 -4.49679e-14 0)
(0.065314 1.50061e-12 0)
(0.065314 1.56092e-12 0)
(0.0344485 -6.00843e-06 0)
(0.0346239 -0.000161218 0)
(0.0349743 -0.000286612 0)
(0.0354513 -0.00035577 0)
(0.0360026 -0.000399525 0)
(0.0367136 -0.000486986 0)
(0.0374791 -0.000377307 0)
(0.0382424 -0.000818488 0)
(0.0908627 -9.44751e-06 0)
(0.0906444 -0.000146567 0)
(0.0905905 -0.000326712 0)
(0.0906467 -0.000510996 0)
(0.0908239 -0.000710838 0)
(0.0911014 -0.000916516 0)
(0.0915011 -0.00113823 0)
(0.0924693 -0.00185891 0)
(0.128436 -1.22998e-05 0)
(0.12826 -0.000108439 0)
(0.128177 -0.000250425 0)
(0.128145 -0.000429754 0)
(0.128147 -0.00064018 0)
(0.128183 -0.000885216 0)
(0.1283 -0.00125542 0)
(0.128333 -0.0017302 0)
(0.147211 -1.5884e-05 0)
(0.147034 -0.000118483 0)
(0.146937 -0.000251354 0)
(0.146875 -0.000415853 0)
(0.146827 -0.000616138 0)
(0.146789 -0.000872607 0)
(0.146737 -0.00118536 0)
(0.146677 -0.00159813 0)
(0.147217 -2.11788e-05 0)
(0.147038 -0.000126109 0)
(0.146928 -0.000243839 0)
(0.146838 -0.000385398 0)
(0.146744 -0.000562885 0)
(0.146626 -0.000783859 0)
(0.146471 -0.00106592 0)
(0.146252 -0.00141196 0)
(0.128451 -2.92557e-05 0)
(0.128254 -0.000142732 0)
(0.128108 -0.000247108 0)
(0.127962 -0.000363103 0)
(0.127789 -0.000506668 0)
(0.12757 -0.000690409 0)
(0.127287 -0.000919495 0)
(0.12692 -0.00119537 0)
(0.0908876 -4.41356e-05 0)
(0.0906039 -0.000122906 0)
(0.0903731 -0.000171204 0)
(0.0901333 -0.00023188 0)
(0.0898549 -0.00032454 0)
(0.0895122 -0.000454499 0)
(0.0890793 -0.000620319 0)
(0.0885292 -0.000814832 0)
(0.0344552 -5.0428e-05 0)
(0.0343519 -4.04349e-05 0)
(0.0342666 -1.64303e-05 0)
(0.0341685 -2.41171e-05 0)
(0.0339979 -6.34915e-05 0)
(0.0337239 -0.000123565 0)
(0.0333271 -0.00019218 0)
(0.0327976 -0.000259045 0)
(0.0411287 -0.00373388 0)
(0.0441452 -0.00352371 0)
(0.0469598 -0.00323173 0)
(0.049804 -0.00294054 0)
(0.052534 -0.00284294 0)
(0.0551912 -0.00289996 0)
(0.0577899 -0.00308971 0)
(0.0603503 -0.00338806 0)
(0.0628887 -0.00378111 0)
(0.065418 -0.00426118 0)
(0.0679485 -0.00482485 0)
(0.0704879 -0.00547084 0)
(0.0730423 -0.00619868 0)
(0.075616 -0.00700778 0)
(0.0782117 -0.00789682 0)
(0.0808311 -0.00886332 0)
(0.0834741 -0.00990327 0)
(0.0861395 -0.0110108 0)
(0.088824 -0.012178 0)
(0.0915225 -0.0133946 0)
(0.0942268 -0.014648 0)
(0.0969257 -0.0159237 0)
(0.0996044 -0.0172056 0)
(0.102245 -0.0184765 0)
(0.104825 -0.0197177 0)
(0.107322 -0.0209089 0)
(0.109704 -0.0220265 0)
(0.111937 -0.0230436 0)
(0.113978 -0.0239301 0)
(0.115779 -0.0246522 0)
(0.117285 -0.0251728 0)
(0.118435 -0.0254525 0)
(0.119167 -0.025451 0)
(0.119422 -0.0251301 0)
(0.119147 -0.0244572 0)
(0.118311 -0.0234116 0)
(0.116913 -0.021991 0)
(0.11499 -0.0202167 0)
(0.112623 -0.0181351 0)
(0.109929 -0.0158138 0)
(0.107049 -0.0133331 0)
(0.104131 -0.0107756 0)
(0.101308 -0.00821667 0)
(0.0986887 -0.00571762 0)
(0.0963487 -0.00332326 0)
(0.0943281 -0.00106266 0)
(0.0926361 0.00104753 0)
(0.091257 0.0029988 0)
(0.090157 0.00478661 0)
(0.0892899 0.00640693 0)
(0.0886015 0.00785364 0)
(0.0880329 0.00911671 0)
(0.087522 0.0101807 0)
(0.0870047 0.011024 0)
(0.0864163 0.0116183 0)
(0.0856935 0.0119299 0)
(0.0847792 0.0119237 0)
(0.0836283 0.011571 0)
(0.0822176 0.010861 0)
(0.0805543 0.00981447 0)
(0.0786821 0.00849289 0)
(0.0766796 0.00699711 0)
(0.0746497 0.00545207 0)
(0.0727021 0.0039814 0)
(0.0709343 0.00268223 0)
(0.069416 0.0016106 0)
(0.0681815 0.000781405 0)
(0.0672304 0.000178818 0)
(0.0665359 -0.000230016 0)
(0.0660552 -0.000483724 0)
(0.0657401 -0.000619673 0)
(0.0655455 -0.0006706 0)
(0.0654328 -0.000663489 0)
(0.0653725 -0.000619595 0)
(0.0653435 -0.000554985 0)
(0.0653315 -0.000481271 0)
(0.0653277 -0.000406406 0)
(0.0653273 -0.000335465 0)
(0.0653276 -0.000271359 0)
(0.0653275 -0.000215445 0)
(0.0653268 -0.000168027 0)
(0.0653256 -0.000128744 0)
(0.065324 -9.68537e-05 0)
(0.0653223 -7.14348e-05 0)
(0.0653206 -5.15188e-05 0)
(0.0653191 -3.61734e-05 0)
(0.0653178 -2.45486e-05 0)
(0.0653168 -1.58993e-05 0)
(0.0653159 -9.59077e-06 0)
(0.0653153 -5.09464e-06 0)
(0.0653148 -1.97984e-06 0)
(0.0653144 9.9406e-08 0)
(0.0653142 1.41611e-06 0)
(0.065314 2.18262e-06 0)
(0.0653139 2.56166e-06 0)
(0.0653139 2.67604e-06 0)
(0.0653138 2.61695e-06 0)
(0.0653138 2.45085e-06 0)
(0.0653138 2.2252e-06 0)
(0.0653139 1.973e-06 0)
(0.0653139 1.71645e-06 0)
(0.0653139 1.46981e-06 0)
(0.0653139 1.24159e-06 0)
(0.0653139 1.03626e-06 0)
(0.0653139 8.55507e-07 0)
(0.065314 6.9918e-07 0)
(0.065314 5.65977e-07 0)
(0.065314 4.53932e-07 0)
(0.065314 3.60762e-07 0)
(0.065314 2.84094e-07 0)
(0.065314 2.21619e-07 0)
(0.065314 1.71179e-07 0)
(0.065314 1.30823e-07 0)
(0.065314 9.882e-08 0)
(0.065314 7.36704e-08 0)
(0.065314 5.40891e-08 0)
(0.065314 3.8992e-08 0)
(0.065314 2.74742e-08 0)
(0.065314 1.87886e-08 0)
(0.065314 1.23243e-08 0)
(0.065314 7.586e-09 0)
(0.065314 4.17616e-09 0)
(0.065314 1.77803e-09 0)
(0.065314 1.41524e-10 0)
(0.065314 -9.29089e-10 0)
(0.065314 -1.58563e-09 0)
(0.065314 -1.94474e-09 0)
(0.065314 -2.09509e-09 0)
(0.065314 -2.10332e-09 0)
(0.065314 -2.01885e-09 0)
(0.065314 -1.8778e-09 0)
(0.065314 -1.70602e-09 0)
(0.065314 -1.52165e-09 0)
(0.065314 -1.337e-09 0)
(0.065314 -1.16006e-09 0)
(0.065314 -9.95681e-10 0)
(0.065314 -8.46491e-10 0)
(0.065314 -7.13532e-10 0)
(0.065314 -5.96788e-10 0)
(0.065314 -4.95552e-10 0)
(0.065314 -4.08703e-10 0)
(0.065314 -3.34899e-10 0)
(0.065314 -2.72709e-10 0)
(0.065314 -2.20714e-10 0)
(0.065314 -1.77555e-10 0)
(0.065314 -1.41974e-10 0)
(0.065314 -1.1283e-10 0)
(0.065314 -8.9106e-11 0)
(0.065314 -6.99112e-11 0)
(0.065314 -5.44698e-11 0)
(0.065314 -4.21187e-11 0)
(0.065314 -3.22975e-11 0)
(0.065314 -2.45363e-11 0)
(0.065314 -1.84451e-11 0)
(0.065314 -1.36985e-11 0)
(0.065314 -1.00316e-11 0)
(0.065314 -7.22347e-12 0)
(0.065314 -5.09405e-12 0)
(0.065314 -3.49969e-12 0)
(0.065314 -2.319e-12 0)
(0.065314 -1.4581e-12 0)
(0.065314 -8.3876e-13 0)
(0.065314 -4.01023e-13 0)
(0.065314 -9.9484e-14 0)
(0.065314 1.02607e-13 0)
(0.065314 2.3185e-13 0)
(0.065314 3.10689e-13 0)
(0.065314 3.55175e-13 0)
(0.065314 3.73055e-13 0)
(0.065314 3.72852e-13 0)
(0.065314 3.57894e-13 0)
(0.065314 3.32863e-13 0)
(0.065314 2.99838e-13 0)
(0.065314 2.58511e-13 0)
(0.065314 2.1017e-13 0)
(0.065314 1.55001e-13 0)
(0.065314 9.65394e-14 0)
(0.065314 3.5729e-14 0)
(0.065314 -2.59673e-14 0)
(0.065314 -8.8253e-14 0)
(0.065314 -1.50935e-13 0)
(0.065314 -2.12552e-13 0)
(0.065314 -2.74972e-13 0)
(0.065314 -3.40966e-13 0)
(0.065314 -4.13108e-13 0)
(0.065314 -4.94529e-13 0)
(0.065314 -5.84997e-13 0)
(0.065314 -6.83575e-13 0)
(0.065314 -7.92627e-13 0)
(0.065314 -9.13378e-13 0)
(0.065314 -1.04945e-12 0)
(0.065314 -1.20307e-12 0)
(0.065314 -1.37708e-12 0)
(0.065314 -1.57137e-12 0)
(0.065314 -1.7794e-12 0)
(0.065314 -1.9837e-12 0)
(0.065314 -2.15421e-12 0)
(0.065314 -2.26517e-12 0)
(0.065314 -2.03543e-12 0)
(0.065314 -2.29486e-12 0)
(0.0932144 -0.00246085 0)
(0.0933859 -0.00302528 0)
(0.0938161 -0.0033697 0)
(0.0944438 -0.00363363 0)
(0.0952757 -0.0038817 0)
(0.0962538 -0.00415629 0)
(0.0973433 -0.00447841 0)
(0.098518 -0.00485915 0)
(0.099761 -0.00530505 0)
(0.101061 -0.00582056 0)
(0.102411 -0.00640913 0)
(0.103805 -0.00707341 0)
(0.105238 -0.0078152 0)
(0.106705 -0.00863528 0)
(0.108201 -0.00953319 0)
(0.10972 -0.010507 0)
(0.111255 -0.011553 0)
(0.112798 -0.0126653 0)
(0.114341 -0.0138353 0)
(0.11587 -0.0150514 0)
(0.117373 -0.0162987 0)
(0.11883 -0.0175596 0)
(0.120215 -0.0188146 0)
(0.121498 -0.0200423 0)
(0.122643 -0.0212199 0)
(0.123607 -0.022321 0)
(0.124342 -0.0233143 0)
(0.124791 -0.0241635 0)
(0.124892 -0.0248285 0)
(0.124577 -0.0252669 0)
(0.123777 -0.0254332 0)
(0.12242 -0.0252814 0)
(0.120442 -0.0247691 0)
(0.1178 -0.0238646 0)
(0.11449 -0.022554 0)
(0.110567 -0.0208507 0)
(0.106149 -0.0188006 0)
(0.10142 -0.0164813 0)
(0.0966028 -0.0139922 0)
(0.0919279 -0.0114398 0)
(0.0875992 -0.00892101 0)
(0.0837676 -0.00650951 0)
(0.0805201 -0.00425008 0)
(0.0778839 -0.00216001 0)
(0.075839 -0.000236239 0)
(0.0743347 0.00153552 0)
(0.0733038 0.00317275 0)
(0.0726737 0.00469055 0)
(0.072372 0.0060986 0)
(0.0723304 0.00740005 0)
(0.0724848 0.00859146 0)
(0.0727752 0.00966307 0)
(0.0731444 0.010599 0)
(0.0735369 0.0113769 0)
(0.0738976 0.0119678 0)
(0.0741721 0.0123363 0)
(0.0743073 0.0124428 0)
(0.0742557 0.0122493 0)
(0.0739807 0.0117294 0)
(0.0734649 0.010881 0)
(0.0727178 0.00973735 0)
(0.07178 0.00837008 0)
(0.0707201 0.00688063 0)
(0.0696238 0.00538112 0)
(0.0685769 0.00397287 0)
(0.0676485 0.00273076 0)
(0.0668799 0.00169738 0)
(0.0662831 0.000885575 0)
(0.0658461 0.0002854 0)
(0.0655426 -0.000127919 0)
(0.0653413 -0.000386862 0)
(0.0652125 -0.000525984 0)
(0.0651316 -0.000577919 0)
(0.0650803 -0.000570917 0)
(0.0650463 -0.000527718 0)
(0.0650216 -0.00046543 0)
(0.0650019 -0.000396076 0)
(0.064985 -0.000327483 0)
(0.0649698 -0.000264264 0)
(0.064956 -0.000208726 0)
(0.0649437 -0.000161633 0)
(0.0649329 -0.000122797 0)
(0.0649236 -9.1496e-05 0)
(0.0649159 -6.67635e-05 0)
(0.0649095 -4.75699e-05 0)
(0.0649044 -3.29288e-05 0)
(0.0649005 -2.19518e-05 0)
(0.0648974 -1.38715e-05 0)
(0.0648951 -8.04461e-06 0)
(0.0648934 -3.94369e-06 0)
(0.0648922 -1.14462e-06 0)
(0.0648913 6.8837e-07 0)
(0.0648908 1.81727e-06 0)
(0.0648904 2.44365e-06 0)
(0.0648902 2.72047e-06 0)
(0.0648901 2.76213e-06 0)
(0.06489 2.65277e-06 0)
(0.06489 2.45321e-06 0)
(0.0648901 2.20639e-06 0)
(0.0648901 1.94184e-06 0)
(0.0648902 1.67911e-06 0)
(0.0648903 1.43046e-06 0)
(0.0648903 1.20297e-06 0)
(0.0648904 1.00003e-06 0)
(0.0648904 8.22591e-07 0)
(0.0648905 6.69993e-07 0)
(0.0648905 5.4059e-07 0)
(0.0648906 4.32199e-07 0)
(0.0648906 3.42407e-07 0)
(0.0648906 2.68776e-07 0)
(0.0648906 2.08972e-07 0)
(0.0648907 1.60841e-07 0)
(0.0648907 1.22449e-07 0)
(0.0648907 9.20993e-08 0)
(0.0648907 6.83232e-08 0)
(0.0648907 4.98722e-08 0)
(0.0648907 3.56963e-08 0)
(0.0648907 2.49225e-08 0)
(0.0648907 1.68326e-08 0)
(0.0648907 1.08411e-08 0)
(0.0648907 6.47501e-09 0)
(0.0648907 3.35545e-09 0)
(0.0648907 1.18164e-09 0)
(0.0648907 -2.83211e-10 0)
(0.0648907 -1.2239e-09 0)
(0.0648907 -1.78329e-09 0)
(0.0648907 -2.07076e-09 0)
(0.0648907 -2.16915e-09 0)
(0.0648907 -2.14044e-09 0)
(0.0648907 -2.0304e-09 0)
(0.0648907 -1.87225e-09 0)
(0.0648907 -1.68961e-09 0)
(0.0648907 -1.4989e-09 0)
(0.0648907 -1.3111e-09 0)
(0.0648907 -1.13322e-09 0)
(0.0648907 -9.69398e-10 0)
(0.0648907 -8.21693e-10 0)
(0.0648907 -6.90762e-10 0)
(0.0648907 -5.76311e-10 0)
(0.0648907 -4.77443e-10 0)
(0.0648907 -3.92907e-10 0)
(0.0648907 -3.2128e-10 0)
(0.0648907 -2.61087e-10 0)
(0.0648907 -2.10884e-10 0)
(0.0648907 -1.69306e-10 0)
(0.0648907 -1.351e-10 0)
(0.0648907 -1.07138e-10 0)
(0.0648907 -8.44202e-11 0)
(0.0648907 -6.60737e-11 0)
(0.0648907 -5.13445e-11 0)
(0.0648907 -3.95893e-11 0)
(0.0648907 -3.02646e-11 0)
(0.0648907 -2.29146e-11 0)
(0.0648907 -1.71613e-11 0)
(0.0648907 -1.26917e-11 0)
(0.0648907 -9.24837e-12 0)
(0.0648907 -6.61894e-12 0)
(0.0648907 -4.63071e-12 0)
(0.0648907 -3.1445e-12 0)
(0.0648907 -2.04912e-12 0)
(0.0648907 -1.25386e-12 0)
(0.0648907 -6.85742e-13 0)
(0.0648907 -2.87986e-13 0)
(0.0648907 -1.71478e-14 0)
(0.0648907 1.60116e-13 0)
(0.0648907 2.70895e-13 0)
(0.0648907 3.34911e-13 0)
(0.0648907 3.67447e-13 0)
(0.0648907 3.76866e-13 0)
(0.0648907 3.69675e-13 0)
(0.0648907 3.49879e-13 0)
(0.0648907 3.21274e-13 0)
(0.0648907 2.86423e-13 0)
(0.0648907 2.46163e-13 0)
(0.0648907 2.00447e-13 0)
(0.0648907 1.50941e-13 0)
(0.0648907 9.82892e-14 0)
(0.0648907 4.27112e-14 0)
(0.0648907 -1.46409e-14 0)
(0.0648907 -7.39663e-14 0)
(0.0648907 -1.35383e-13 0)
(0.0648907 -1.98951e-13 0)
(0.0648907 -2.67409e-13 0)
(0.0648907 -3.41533e-13 0)
(0.0648907 -4.25157e-13 0)
(0.0648907 -5.19341e-13 0)
(0.0648907 -6.25294e-13 0)
(0.0648907 -7.44961e-13 0)
(0.0648907 -8.808e-13 0)
(0.0648907 -1.03985e-12 0)
(0.0648907 -1.23075e-12 0)
(0.0648907 -1.46453e-12 0)
(0.0648907 -1.75477e-12 0)
(0.0648907 -2.11561e-12 0)
(0.0648907 -2.5668e-12 0)
(0.0648907 -3.12028e-12 0)
(0.0648907 -3.81535e-12 0)
(0.0648907 -4.63086e-12 0)
(0.0648907 -5.766e-12 0)
(0.0648907 -6.41028e-12 0)
(0.1283 -0.00242574 0)
(0.128284 -0.00302223 0)
(0.12826 -0.00349762 0)
(0.128302 -0.00388596 0)
(0.128418 -0.00423592 0)
(0.128605 -0.00458382 0)
(0.12885 -0.00495481 0)
(0.12914 -0.00536602 0)
(0.129463 -0.0058294 0)
(0.129811 -0.00635356 0)
(0.130175 -0.00694479 0)
(0.130547 -0.00760753 0)
(0.130921 -0.00834456 0)
(0.131289 -0.00915713 0)
(0.131642 -0.0100449 0)
(0.131971 -0.011006 0)
(0.132267 -0.0120364 0)
(0.132517 -0.01313 0)
(0.132706 -0.0142773 0)
(0.132818 -0.0154645 0)
(0.132828 -0.0166725 0)
(0.132704 -0.017877 0)
(0.132403 -0.0190496 0)
(0.131875 -0.0201602 0)
(0.131066 -0.0211772 0)
(0.129914 -0.0220655 0)
(0.128358 -0.0227839 0)
(0.126324 -0.0232871 0)
(0.123732 -0.0235284 0)
(0.120492 -0.0234595 0)
(0.116521 -0.0230307 0)
(0.111757 -0.0221982 0)
(0.106201 -0.0209362 0)
(0.0999482 -0.0192503 0)
(0.0932081 -0.0171884 0)
(0.086287 -0.0148481 0)
(0.0795425 -0.0123714 0)
(0.0733151 -0.0099173 0)
(0.0678631 -0.00762085 0)
(0.063327 -0.0055617 0)
(0.0597311 -0.0037567 0)
(0.0570146 -0.00217496 0)
(0.0550701 -0.000762746 0)
(0.0537765 0.000534544 0)
(0.0530194 0.00175978 0)
(0.0527002 0.00294038 0)
(0.052738 0.00408988 0)
(0.0530669 0.00521135 0)
(0.0536331 0.00630063 0)
(0.0543904 0.0073486 0)
(0.0552977 0.00834243 0)
(0.0563166 0.00926595 0)
(0.0574097 0.0100993 0)
(0.0585398 0.0108183 0)
(0.059669 0.011393 0)
(0.0607583 0.0117878 0)
(0.0617681 0.0119625 0)
(0.0626602 0.0118763 0)
(0.0634008 0.0114967 0)
(0.0639663 0.0108096 0)
(0.0643495 0.00983093 0)
(0.0645627 0.00861086 0)
(0.0646375 0.00723049 0)
(0.0646172 0.00578892 0)
(0.0645463 0.00438609 0)
(0.0644604 0.00310689 0)
(0.0643809 0.00201073 0)
(0.0643157 0.00112793 0)
(0.0642637 0.000462 0)
(0.0642196 -4.34558e-06 0)
(0.0641782 -0.00030149 0)
(0.0641359 -0.000465513 0)
(0.0640917 -0.000532261 0)
(0.0640461 -0.000533433 0)
(0.0640003 -0.000494645 0)
(0.0639561 -0.000435029 0)
(0.0639148 -0.000367825 0)
(0.0638774 -0.000301457 0)
(0.0638445 -0.000240729 0)
(0.0638163 -0.000187916 0)
(0.0637927 -0.000143657 0)
(0.0637732 -0.000107616 0)
(0.0637575 -7.89469e-05 0)
(0.0637451 -5.65987e-05 0)
(0.0637354 -3.94944e-05 0)
(0.063728 -2.66328e-05 0)
(0.0637224 -1.71342e-05 0)
(0.0637182 -1.02557e-05 0)
(0.0637153 -5.3862e-06 0)
(0.0637132 -2.03393e-06 0)
(0.0637117 1.90202e-07 0)
(0.0637108 1.58957e-06 0)
(0.0637102 2.39752e-06 0)
(0.0637099 2.79122e-06 0)
(0.0637098 2.90331e-06 0)
(0.0637098 2.83168e-06 0)
(0.0637098 2.64732e-06 0)
(0.0637099 2.40072e-06 0)
(0.0637101 2.12689e-06 0)
(0.0637102 1.84929e-06 0)
(0.0637103 1.58297e-06 0)
(0.0637105 1.33686e-06 0)
(0.0637106 1.11561e-06 0)
(0.0637107 9.2096e-07 0)
(0.0637108 7.52668e-07 0)
(0.0637108 6.09299e-07 0)
(0.0637109 4.88716e-07 0)
(0.063711 3.8845e-07 0)
(0.063711 3.05941e-07 0)
(0.0637111 2.38702e-07 0)
(0.0637111 1.84412e-07 0)
(0.0637111 1.40969e-07 0)
(0.0637111 1.06515e-07 0)
(0.0637111 7.94339e-08 0)
(0.0637112 5.83449e-08 0)
(0.0637112 4.20818e-08 0)
(0.0637112 2.96713e-08 0)
(0.0637112 2.03097e-08 0)
(0.0637112 1.33398e-08 0)
(0.0637112 8.22885e-09 0)
(0.0637112 4.54885e-09 0)
(0.0637112 1.95893e-09 0)
(0.0637112 1.89903e-10 0)
(0.0637112 -9.6899e-10 0)
(0.0637112 -1.68125e-09 0)
(0.0637112 -2.07251e-09 0)
(0.0637112 -2.23831e-09 0)
(0.0637112 -2.25047e-09 0)
(0.0637112 -2.16228e-09 0)
(0.0637112 -2.01268e-09 0)
(0.0637112 -1.8296e-09 0)
(0.0637112 -1.63262e-09 0)
(0.0637112 -1.43504e-09 0)
(0.0637112 -1.24553e-09 0)
(0.0637112 -1.06935e-09 0)
(0.0637112 -9.09371e-10 0)
(0.0637112 -7.66733e-10 0)
(0.0637112 -6.41448e-10 0)
(0.0637112 -5.32773e-10 0)
(0.0637112 -4.39519e-10 0)
(0.0637112 -3.60249e-10 0)
(0.0637112 -2.93436e-10 0)
(0.0637112 -2.37555e-10 0)
(0.0637112 -1.9115e-10 0)
(0.0637112 -1.52875e-10 0)
(0.0637112 -1.21509e-10 0)
(0.0637112 -9.59641e-11 0)
(0.0637112 -7.52866e-11 0)
(0.0637112 -5.86516e-11 0)
(0.0637112 -4.53491e-11 0)
(0.0637112 -3.47792e-11 0)
(0.0637112 -2.64329e-11 0)
(0.0637112 -1.98861e-11 0)
(0.0637112 -1.4786e-11 0)
(0.0637112 -1.0843e-11 0)
(0.0637112 -7.81951e-12 0)
(0.0637112 -5.52083e-12 0)
(0.0637112 -3.79257e-12 0)
(0.0637112 -2.50834e-12 0)
(0.0637112 -1.56789e-12 0)
(0.0637112 -8.91659e-13 0)
(0.0637112 -4.15029e-13 0)
(0.0637112 -8.88263e-14 0)
(0.0637112 1.26678e-13 0)
(0.0637112 2.63134e-13 0)
(0.0637112 3.42456e-13 0)
(0.0637112 3.83359e-13 0)
(0.0637112 3.96484e-13 0)
(0.0637112 3.90707e-13 0)
(0.0637112 3.72619e-13 0)
(0.0637112 3.44271e-13 0)
(0.0637112 3.11104e-13 0)
(0.0637112 2.72682e-13 0)
(0.0637112 2.31007e-13 0)
(0.0637112 1.87914e-13 0)
(0.0637112 1.41309e-13 0)
(0.0637112 9.29026e-14 0)
(0.0637112 4.13351e-14 0)
(0.0637112 -1.2052e-14 0)
(0.0637112 -6.83501e-14 0)
(0.0637112 -1.26708e-13 0)
(0.0637112 -1.90774e-13 0)
(0.0637112 -2.6092e-13 0)
(0.0637112 -3.38539e-13 0)
(0.0637112 -4.26803e-13 0)
(0.0637112 -5.25208e-13 0)
(0.0637112 -6.38466e-13 0)
(0.0637112 -7.69527e-13 0)
(0.0637112 -9.23885e-13 0)
(0.0637112 -1.11348e-12 0)
(0.0637112 -1.34976e-12 0)
(0.0637112 -1.65343e-12 0)
(0.0637112 -2.04699e-12 0)
(0.0637112 -2.56054e-12 0)
(0.0637112 -3.23755e-12 0)
(0.0637112 -4.11708e-12 0)
(0.0637112 -5.31865e-12 0)
(0.0637112 -6.81124e-12 0)
(0.0637112 -9.44368e-12 0)
(0.0637112 -1.04837e-11 0)
(0.146553 -0.00206818 0)
(0.146308 -0.00255955 0)
(0.146004 -0.00302434 0)
(0.145679 -0.00345521 0)
(0.145357 -0.0038639 0)
(0.145043 -0.00426758 0)
(0.144734 -0.00468297 0)
(0.144421 -0.0051246 0)
(0.144094 -0.0056046 0)
(0.143742 -0.00613282 0)
(0.143354 -0.00671696 0)
(0.142919 -0.00736266 0)
(0.142423 -0.00807359 0)
(0.141855 -0.00885143 0)
(0.141198 -0.00969598 0)
(0.140434 -0.010605 0)
(0.139545 -0.011574 0)
(0.138506 -0.0125949 0)
(0.137293 -0.013655 0)
(0.135874 -0.0147339 0)
(0.134213 -0.0158026 0)
(0.132265 -0.0168247 0)
(0.129975 -0.0177621 0)
(0.127276 -0.0185796 0)
(0.124091 -0.0192443 0)
(0.120336 -0.0197189 0)
(0.11591 -0.0199539 0)
(0.110699 -0.0198863 0)
(0.104603 -0.0194452 0)
(0.0975921 -0.0185619 0)
(0.0897492 -0.0171875 0)
(0.0813095 -0.015332 0)
(0.0726638 -0.013109 0)
(0.0643037 -0.0107314 0)
(0.0567103 -0.0084496 0)
(0.0502349 -0.00647194 0)
(0.0450248 -0.00489968 0)
(0.0410373 -0.00370823 0)
(0.0381157 -0.00278774 0)
(0.0360648 -0.00200902 0)
(0.0346994 -0.0012706 0)
(0.0338673 -0.00051345 0)
(0.0334551 0.000285788 0)
(0.0333839 0.00112854 0)
(0.0336006 0.00200615 0)
(0.0340689 0.0029071 0)
(0.0347621 0.00381999 0)
(0.0356581 0.00473418 0)
(0.0367368 0.00563913 0)
(0.0379784 0.00652364 0)
(0.0393623 0.00737487 0)
(0.0408673 0.00817752 0)
(0.0424711 0.00891288 0)
(0.0441504 0.00955772 0)
(0.0458808 0.0100833 0)
(0.047636 0.0104552 0)
(0.0493882 0.0106343 0)
(0.0511075 0.010581 0)
(0.0527628 0.0102626 0)
(0.0543236 0.00966321 0)
(0.0557624 0.00879354 0)
(0.0570575 0.00769641 0)
(0.0581937 0.00644445 0)
(0.0591624 0.00512959 0)
(0.0599604 0.00384719 0)
(0.06059 0.00268003 0)
(0.0610591 0.00168663 0)
(0.0613822 0.000896416 0)
(0.0615794 0.000311456 0)
(0.0616753 -8.71275e-05 0)
(0.0616957 -0.000330794 0)
(0.0616649 -0.000455639 0)
(0.0616036 -0.00049635 0)
(0.0615276 -0.000482571 0)
(0.0614484 -0.000437425 0)
(0.0613731 -0.000377546 0)
(0.0613056 -0.000313983 0)
(0.0612476 -0.000253425 0)
(0.0611993 -0.000199413 0)
(0.0611601 -0.000153384 0)
(0.0611289 -0.000115469 0)
(0.0611045 -8.50687e-05 0)
(0.0610859 -6.12377e-05 0)
(0.0610717 -4.2925e-05 0)
(0.0610612 -2.91127e-05 0)
(0.0610536 -1.88861e-05 0)
(0.0610481 -1.14617e-05 0)
(0.0610443 -6.1903e-06 0)
(0.0610418 -2.54708e-06 0)
(0.0610401 -1.15865e-07 0)
(0.0610391 1.42808e-06 0)
(0.0610386 2.33459e-06 0)
(0.0610384 2.79334e-06 0)
(0.0610384 2.94638e-06 0)
(0.0610386 2.89859e-06 0)
(0.0610388 2.72615e-06 0)
(0.0610391 2.48337e-06 0)
(0.0610394 2.20803e-06 0)
(0.0610396 1.92561e-06 0)
(0.0610399 1.65258e-06 0)
(0.0610401 1.39888e-06 0)
(0.0610403 1.16985e-06 0)
(0.0610405 9.67635e-07 0)
(0.0610406 7.92299e-07 0)
(0.0610408 6.42546e-07 0)
(0.0610409 5.16305e-07 0)
(0.061041 4.11113e-07 0)
(0.061041 3.24381e-07 0)
(0.0610411 2.53568e-07 0)
(0.0610411 1.96288e-07 0)
(0.0610412 1.50371e-07 0)
(0.0610412 1.13889e-07 0)
(0.0610412 8.51629e-08 0)
(0.0610412 6.27502e-08 0)
(0.0610413 4.54316e-08 0)
(0.0610413 3.21872e-08 0)
(0.0610413 2.21727e-08 0)
(0.0610413 1.46964e-08 0)
(0.0610413 9.19673e-09 0)
(0.0610413 5.22157e-09 0)
(0.0610413 2.41031e-09 0)
(0.0610413 4.77626e-10 0)
(0.0610413 -8.00267e-10 0)
(0.0610413 -1.5973e-09 0)
(0.0610413 -2.04738e-09 0)
(0.0610413 -2.25257e-09 0)
(0.0610413 -2.28978e-09 0)
(0.0610413 -2.21623e-09 0)
(0.0610413 -2.07385e-09 0)
(0.0610413 -1.89287e-09 0)
(0.0610413 -1.69456e-09 0)
(0.0610413 -1.49348e-09 0)
(0.0610413 -1.29921e-09 0)
(0.0610413 -1.11765e-09 0)
(0.0610413 -9.52122e-10 0)
(0.0610413 -8.04063e-10 0)
(0.0610413 -6.7367e-10 0)
(0.0610413 -5.60312e-10 0)
(0.0610413 -4.62847e-10 0)
(0.0610413 -3.79854e-10 0)
(0.0610413 -3.09791e-10 0)
(0.0610413 -2.51104e-10 0)
(0.0610413 -2.023e-10 0)
(0.0610413 -1.61987e-10 0)
(0.0610413 -1.28905e-10 0)
(0.0610413 -1.01925e-10 0)
(0.0610413 -8.00584e-11 0)
(0.0610413 -6.24458e-11 0)
(0.0610413 -4.83478e-11 0)
(0.0610413 -3.71353e-11 0)
(0.0610413 -2.82742e-11 0)
(0.0610413 -2.1318e-11 0)
(0.0610413 -1.58945e-11 0)
(0.0610413 -1.16954e-11 0)
(0.0610413 -8.46892e-12 0)
(0.0610413 -6.00868e-12 0)
(0.0610413 -4.15154e-12 0)
(0.0610413 -2.7646e-12 0)
(0.0610413 -1.74295e-12 0)
(0.0610413 -1.00345e-12 0)
(0.0610413 -4.78317e-13 0)
(0.0610413 -1.17741e-13 0)
(0.0610413 1.21496e-13 0)
(0.0610413 2.72606e-13 0)
(0.0610413 3.60002e-13 0)
(0.0610413 4.03826e-13 0)
(0.0610413 4.17326e-13 0)
(0.0610413 4.10598e-13 0)
(0.0610413 3.90019e-13 0)
(0.0610413 3.59867e-13 0)
(0.0610413 3.24398e-13 0)
(0.0610413 2.85255e-13 0)
(0.0610413 2.45093e-13 0)
(0.0610413 2.03468e-13 0)
(0.0610413 1.60985e-13 0)
(0.0610413 1.18343e-13 0)
(0.0610413 7.43745e-14 0)
(0.0610413 2.91923e-14 0)
(0.0610413 -1.82444e-14 0)
(0.0610413 -6.75414e-14 0)
(0.0610413 -1.21116e-13 0)
(0.0610413 -1.79559e-13 0)
(0.0610413 -2.45324e-13 0)
(0.0610413 -3.19018e-13 0)
(0.0610413 -4.01585e-13 0)
(0.0610413 -4.97031e-13 0)
(0.0610413 -6.0707e-13 0)
(0.0610413 -7.38988e-13 0)
(0.0610413 -9.01719e-13 0)
(0.0610413 -1.10773e-12 0)
(0.0610413 -1.37414e-12 0)
(0.0610413 -1.7257e-12 0)
(0.0610413 -2.19157e-12 0)
(0.0610413 -2.81497e-12 0)
(0.0610413 -3.66624e-12 0)
(0.0610413 -4.78848e-12 0)
(0.0610413 -6.40677e-12 0)
(0.0610413 -8.37618e-12 0)
(0.0610413 -1.26824e-11 0)
(0.0610413 -1.40884e-11 0)
(0.145945 -0.00181808 0)
(0.145545 -0.00224579 0)
(0.145056 -0.00266612 0)
(0.144495 -0.00306742 0)
(0.143874 -0.00345214 0)
(0.143196 -0.00383009 0)
(0.142459 -0.00421369 0)
(0.141656 -0.00461544 0)
(0.140777 -0.00504659 0)
(0.139811 -0.00551646 0)
(0.138742 -0.00603206 0)
(0.137555 -0.00659793 0)
(0.13623 -0.00721611 0)
(0.134745 -0.00788618 0)
(0.133074 -0.00860545 0)
(0.131188 -0.00936912 0)
(0.129055 -0.0101702 0)
(0.126641 -0.0109987 0)
(0.123906 -0.0118402 0)
(0.120809 -0.0126718 0)
(0.117295 -0.0134587 0)
(0.113283 -0.0141533 0)
(0.108667 -0.0146992 0)
(0.103328 -0.0150386 0)
(0.0971642 -0.015111 0)
(0.0901119 -0.0148359 0)
(0.0821734 -0.0141077 0)
(0.0734749 -0.0128548 0)
(0.0643217 -0.0111226 0)
(0.0551838 -0.00908888 0)
(0.0466198 -0.00702065 0)
(0.0391303 -0.00522216 0)
(0.0329845 -0.00392908 0)
(0.028194 -0.00318643 0)
(0.0246215 -0.00284473 0)
(0.0220567 -0.00267725 0)
(0.0202584 -0.00250145 0)
(0.0190072 -0.00222804 0)
(0.0181431 -0.00184382 0)
(0.017572 -0.00137075 0)
(0.0172492 -0.000834947 0)
(0.0171585 -0.000254386 0)
(0.0172945 0.000361164 0)
(0.0176541 0.00100639 0)
(0.0182328 0.00167727 0)
(0.0190241 0.00236933 0)
(0.02002 0.00307708 0)
(0.0212119 0.00379377 0)
(0.0225907 0.00451122 0)
(0.0241462 0.00521951 0)
(0.0258679 0.0059066 0)
(0.0277439 0.00655766 0)
(0.0297609 0.00715437 0)
(0.0319038 0.00767409 0)
(0.0341547 0.00808944 0)
(0.0364917 0.00836851 0)
(0.0388868 0.00847692 0)
(0.0413048 0.00838209 0)
(0.0437016 0.0080602 0)
(0.0460248 0.00750457 0)
(0.0482163 0.00673294 0)
(0.0502175 0.00579024 0)
(0.0519756 0.00474447 0)
(0.0534515 0.00367594 0)
(0.0546251 0.00266298 0)
(0.0554988 0.00176861 0)
(0.0560962 0.00103221 0)
(0.0564578 0.000467716 0)
(0.0566331 6.73778e-05 0)
(0.0566735 -0.000191129 0)
(0.0566256 -0.000337112 0)
(0.0565275 -0.000400617 0)
(0.0564073 -0.000408405 0)
(0.0562842 -0.00038204 0)
(0.0561693 -0.000337549 0)
(0.0560686 -0.00028599 0)
(0.055984 -0.000234414 0)
(0.0559153 -0.000186888 0)
(0.0558608 -0.000145396 0)
(0.0558186 -0.000110566 0)
(0.0557865 -8.22101e-05 0)
(0.0557625 -5.97015e-05 0)
(0.055745 -4.22233e-05 0)
(0.0557323 -2.89227e-05 0)
(0.0557235 -1.89982e-05 0)
(0.0557174 -1.17414e-05 0)
(0.0557135 -6.55246e-06 0)
(0.055711 -2.93865e-06 0)
(0.0557096 -5.04447e-07 0)
(0.055709 1.06152e-06 0)
(0.0557088 2.0004e-06 0)
(0.055709 2.49623e-06 0)
(0.0557094 2.68742e-06 0)
(0.0557099 2.67657e-06 0)
(0.0557104 2.5385e-06 0)
(0.0557109 2.32675e-06 0)
(0.0557114 2.0788e-06 0)
(0.0557119 1.82011e-06 0)
(0.0557123 1.56731e-06 0)
(0.0557126 1.33061e-06 0)
(0.0557129 1.1157e-06 0)
(0.0557132 9.25085e-07 0)
(0.0557134 7.59171e-07 0)
(0.0557136 6.16999e-07 0)
(0.0557138 4.96801e-07 0)
(0.0557139 3.96383e-07 0)
(0.055714 3.13387e-07 0)
(0.0557141 2.45473e-07 0)
(0.0557141 1.9042e-07 0)
(0.0557142 1.46197e-07 0)
(0.0557142 1.1099e-07 0)
(0.0557143 8.32117e-08 0)
(0.0557143 6.14944e-08 0)
(0.0557143 4.46779e-08 0)
(0.0557143 3.17889e-08 0)
(0.0557143 2.20199e-08 0)
(0.0557143 1.47076e-08 0)
(0.0557143 9.31228e-09 0)
(0.0557143 5.39876e-09 0)
(0.0557143 2.61899e-09 0)
(0.0557143 6.97075e-10 0)
(0.0557143 -5.83765e-10 0)
(0.0557143 -1.39238e-09 0)
(0.0557143 -1.85906e-09 0)
(0.0557143 -2.0833e-09 0)
(0.0557143 -2.14027e-09 0)
(0.0557143 -2.08604e-09 0)
(0.0557143 -1.96186e-09 0)
(0.0557143 -1.79751e-09 0)
(0.0557143 -1.61411e-09 0)
(0.0557143 -1.42616e-09 0)
(0.0557143 -1.24328e-09 0)
(0.0557143 -1.07153e-09 0)
(0.0557143 -9.14323e-10 0)
(0.0557143 -7.73283e-10 0)
(0.0557143 -6.48758e-10 0)
(0.0557143 -5.4027e-10 0)
(0.0557143 -4.4682e-10 0)
(0.0557143 -3.67117e-10 0)
(0.0557143 -2.99731e-10 0)
(0.0557143 -2.43209e-10 0)
(0.0557143 -1.96145e-10 0)
(0.0557143 -1.57223e-10 0)
(0.0557143 -1.25243e-10 0)
(0.0557143 -9.91327e-11 0)
(0.0557143 -7.79467e-11 0)
(0.0557143 -6.08633e-11 0)
(0.0557143 -4.71748e-11 0)
(0.0557143 -3.62762e-11 0)
(0.0557143 -2.7656e-11 0)
(0.0557143 -2.08838e-11 0)
(0.0557143 -1.55988e-11 0)
(0.0557143 -1.15029e-11 0)
(0.0557143 -8.35032e-12 0)
(0.0557143 -5.94306e-12 0)
(0.0557143 -4.1202e-12 0)
(0.0557143 -2.75473e-12 0)
(0.0557143 -1.74564e-12 0)
(0.0557143 -1.01013e-12 0)
(0.0557143 -4.86971e-13 0)
(0.0557143 -1.23649e-13 0)
(0.0557143 1.19445e-13 0)
(0.0557143 2.72112e-13 0)
(0.0557143 3.61926e-13 0)
(0.0557143 4.05743e-13 0)
(0.0557143 4.19206e-13 0)
(0.0557143 4.10839e-13 0)
(0.0557143 3.87504e-13 0)
(0.0557143 3.56681e-13 0)
(0.0557143 3.19375e-13 0)
(0.0557143 2.80868e-13 0)
(0.0557143 2.40651e-13 0)
(0.0557143 2.00262e-13 0)
(0.0557143 1.61756e-13 0)
(0.0557143 1.23579e-13 0)
(0.0557143 8.64296e-14 0)
(0.0557143 4.88446e-14 0)
(0.0557143 1.09775e-14 0)
(0.0557143 -2.72484e-14 0)
(0.0557143 -6.83126e-14 0)
(0.0557143 -1.13026e-13 0)
(0.0557143 -1.62161e-13 0)
(0.0557143 -2.1617e-13 0)
(0.0557143 -2.78056e-13 0)
(0.0557143 -3.48609e-13 0)
(0.0557143 -4.31033e-13 0)
(0.0557143 -5.30453e-13 0)
(0.0557143 -6.53552e-13 0)
(0.0557143 -8.1272e-13 0)
(0.0557143 -1.01866e-12 0)
(0.0557143 -1.29248e-12 0)
(0.0557143 -1.65444e-12 0)
(0.0557143 -2.14714e-12 0)
(0.0557143 -2.80346e-12 0)
(0.0557143 -3.72073e-12 0)
(0.0557143 -4.96777e-12 0)
(0.0557143 -6.82682e-12 0)
(0.0557143 -8.76196e-12 0)
(0.0557143 -1.46902e-11 0)
(0.0557143 -1.64575e-11 0)
(0.126446 -0.00150682 0)
(0.125847 -0.00183499 0)
(0.125121 -0.0021604 0)
(0.124275 -0.00247279 0)
(0.123313 -0.00277205 0)
(0.122237 -0.00306489 0)
(0.121043 -0.00336129 0)
(0.119724 -0.00367176 0)
(0.118268 -0.00400557 0)
(0.11666 -0.00436983 0)
(0.11488 -0.00476888 0)
(0.112905 -0.00520417 0)
(0.110706 -0.00567432 0)
(0.108249 -0.00617538 0)
(0.105496 -0.00670119 0)
(0.102402 -0.00724357 0)
(0.0989149 -0.00779183 0)
(0.0949791 -0.00833063 0)
(0.0905313 -0.00883321 0)
(0.0855035 -0.00924784 0)
(0.0798272 -0.00948595 0)
(0.0734541 -0.00943579 0)
(0.0663966 -0.00901188 0)
(0.058756 -0.0082044 0)
(0.0507353 -0.00707644 0)
(0.042679 -0.00572532 0)
(0.0350843 -0.00429346 0)
(0.0284298 -0.00301169 0)
(0.0229266 -0.00212699 0)
(0.0185473 -0.00174184 0)
(0.0151931 -0.00174431 0)
(0.0127071 -0.00189902 0)
(0.0108606 -0.00201221 0)
(0.00941868 -0.00201487 0)
(0.00821466 -0.00192467 0)
(0.00717141 -0.00177832 0)
(0.00627848 -0.00159969 0)
(0.00555499 -0.00139668 0)
(0.00502178 -0.00116674 0)
(0.00469082 -0.000903176 0)
(0.00456648 -0.000599958 0)
(0.00464999 -0.000254132 0)
(0.00494239 0.000133575 0)
(0.00544517 0.000559383 0)
(0.0061599 0.00101752 0)
(0.00708752 0.0015012 0)
(0.00822784 0.00200312 0)
(0.00957923 0.00251561 0)
(0.0111384 0.00303036 0)
(0.0129003 0.00353799 0)
(0.0148575 0.00402753 0)
(0.0169999 0.00448585 0)
(0.019314 0.0048971 0)
(0.0217815 0.00524248 0)
(0.0243778 0.00550033 0)
(0.0270703 0.00564721 0)
(0.0298163 0.00566025 0)
(0.0325616 0.00552114 0)
(0.035241 0.00522125 0)
(0.0377812 0.00476676 0)
(0.0401073 0.00418177 0)
(0.0421515 0.00350723 0)
(0.0438631 0.00279525 0)
(0.0452164 0.00209994 0)
(0.0462146 0.00146784 0)
(0.0468879 0.000931013 0)
(0.047286 0.000504517 0)
(0.0474692 0.000188128 0)
(0.0474986 -2.93563e-05 0)
(0.0474286 -0.00016511 0)
(0.0473032 -0.000238036 0)
(0.0471544 -0.00026588 0)
(0.0470038 -0.000263696 0)
(0.0468642 -0.000243321 0)
(0.0467421 -0.00021348 0)
(0.0466396 -0.000180211 0)
(0.0465565 -0.000147401 0)
(0.0464908 -0.00011732 0)
(0.0464402 -9.10867e-05 0)
(0.0464019 -6.90562e-05 0)
(0.0463735 -5.11068e-05 0)
(0.046353 -3.68533e-05 0)
(0.0463385 -2.57911e-05 0)
(0.0463285 -1.73885e-05 0)
(0.0463219 -1.11406e-05 0)
(0.0463178 -6.59807e-06 0)
(0.0463154 -3.37771e-06 0)
(0.0463142 -1.16301e-06 0)
(0.0463139 3.00854e-07 0)
(0.0463141 1.21489e-06 0)
(0.0463146 1.73478e-06 0)
(0.0463154 1.97916e-06 0)
(0.0463161 2.03698e-06 0)
(0.046317 1.97382e-06 0)
(0.0463177 1.83718e-06 0)
(0.0463184 1.66074e-06 0)
(0.0463191 1.46775e-06 0)
(0.0463197 1.27375e-06 0)
(0.0463202 1.08861e-06 0)
(0.0463206 9.18131e-07 0)
(0.0463209 7.65277e-07 0)
(0.0463212 6.31051e-07 0)
(0.0463215 5.15179e-07 0)
(0.0463217 4.16588e-07 0)
(0.0463218 3.33753e-07 0)
(0.0463219 2.6494e-07 0)
(0.046322 2.08365e-07 0)
(0.0463221 1.62301e-07 0)
(0.0463222 1.25144e-07 0)
(0.0463222 9.54412e-08 0)
(0.0463223 7.19114e-08 0)
(0.0463223 5.34418e-08 0)
(0.0463223 3.90812e-08 0)
(0.0463223 2.80273e-08 0)
(0.0463223 1.96108e-08 0)
(0.0463223 1.32792e-08 0)
(0.0463224 8.58111e-09 0)
(0.0463224 5.15074e-09 0)
(0.0463224 2.69452e-09 0)
(0.0463224 9.78793e-10 0)
(0.0463224 -1.80782e-10 0)
(0.0463224 -9.28346e-10 0)
(0.0463224 -1.37557e-09 0)
(0.0463224 -1.60811e-09 0)
(0.0463224 -1.69097e-09 0)
(0.0463224 -1.67288e-09 0)
(0.0463224 -1.58989e-09 0)
(0.0463224 -1.46825e-09 0)
(0.0463224 -1.32665e-09 0)
(0.0463224 -1.17813e-09 0)
(0.0463224 -1.03145e-09 0)
(0.0463224 -8.92227e-10 0)
(0.0463224 -7.63785e-10 0)
(0.0463224 -6.47828e-10 0)
(0.0463224 -5.44926e-10 0)
(0.0463224 -4.54892e-10 0)
(0.0463224 -3.77052e-10 0)
(0.0463224 -3.10445e-10 0)
(0.0463224 -2.53969e-10 0)
(0.0463224 -2.06476e-10 0)
(0.0463224 -1.66836e-10 0)
(0.0463224 -1.33982e-10 0)
(0.0463224 -1.06933e-10 0)
(0.0463224 -8.48057e-11 0)
(0.0463224 -6.68167e-11 0)
(0.0463224 -5.22824e-11 0)
(0.0463224 -4.06116e-11 0)
(0.0463224 -3.13005e-11 0)
(0.0463224 -2.39191e-11 0)
(0.0463224 -1.81066e-11 0)
(0.0463224 -1.35612e-11 0)
(0.0463224 -1.00315e-11 0)
(0.0463224 -7.31016e-12 0)
(0.0463224 -5.22733e-12 0)
(0.0463224 -3.6463e-12 0)
(0.0463224 -2.4583e-12 0)
(0.0463224 -1.57543e-12 0)
(0.0463224 -9.29104e-13 0)
(0.0463224 -4.66316e-13 0)
(0.0463224 -1.41992e-13 0)
(0.0463224 7.59193e-14 0)
(0.0463224 2.16576e-13 0)
(0.0463224 3.00189e-13 0)
(0.0463224 3.42018e-13 0)
(0.0463224 3.55611e-13 0)
(0.0463224 3.48739e-13 0)
(0.0463224 3.30043e-13 0)
(0.0463224 3.01669e-13 0)
(0.0463224 2.68348e-13 0)
(0.0463224 2.33951e-13 0)
(0.0463224 1.9854e-13 0)
(0.0463224 1.64877e-13 0)
(0.0463224 1.31617e-13 0)
(0.0463224 1.00677e-13 0)
(0.0463224 7.27102e-14 0)
(0.0463224 4.58623e-14 0)
(0.0463224 2.10895e-14 0)
(0.0463224 -3.36838e-15 0)
(0.0463224 -2.88239e-14 0)
(0.0463224 -5.52829e-14 0)
(0.0463224 -8.46829e-14 0)
(0.0463224 -1.18017e-13 0)
(0.0463224 -1.56247e-13 0)
(0.0463224 -2.00643e-13 0)
(0.0463224 -2.54557e-13 0)
(0.0463224 -3.19503e-13 0)
(0.0463224 -4.02124e-13 0)
(0.0463224 -5.09022e-13 0)
(0.0463224 -6.47555e-13 0)
(0.0463224 -8.31372e-13 0)
(0.0463224 -1.07207e-12 0)
(0.0463224 -1.39978e-12 0)
(0.0463224 -1.82747e-12 0)
(0.0463224 -2.44549e-12 0)
(0.0463224 -3.26447e-12 0)
(0.0463224 -4.35326e-12 0)
(0.0463224 -6.47068e-12 0)
(0.0463224 -7.35895e-12 0)
(0.0463224 -1.41757e-11 0)
(0.0463224 -1.64e-11 0)
(0.0878371 -0.00102585 0)
(0.086988 -0.00123636 0)
(0.0859782 -0.00143235 0)
(0.0848127 -0.00160804 0)
(0.0834984 -0.00176618 0)
(0.082039 -0.00191494 0)
(0.0804325 -0.0020641 0)
(0.0786707 -0.00222214 0)
(0.0767389 -0.00239445 0)
(0.0746165 -0.00258251 0)
(0.0722782 -0.00278363 0)
(0.0696944 -0.00299097 0)
(0.0668325 -0.00319384 0)
(0.0636581 -0.00337839 0)
(0.0601372 -0.00352858 0)
(0.0562386 -0.00362733 0)
(0.051939 -0.00365731 0)
(0.0472328 -0.00360165 0)
(0.0421497 -0.00344205 0)
(0.0367918 -0.003149 0)
(0.0313753 -0.00268644 0)
(0.0262048 -0.00206016 0)
(0.0215446 -0.00135948 0)
(0.017506 -0.00073903 0)
(0.0140672 -0.000367739 0)
(0.0111818 -0.000337789 0)
(0.00884255 -0.000560786 0)
(0.00701739 -0.000815104 0)
(0.00558801 -0.000939419 0)
(0.00439051 -0.000923616 0)
(0.00329219 -0.000835934 0)
(0.00223343 -0.000746203 0)
(0.00121611 -0.0007031 0)
(0.000260711 -0.000723072 0)
(-0.000621371 -0.000787703 0)
(-0.00142682 -0.00085977 0)
(-0.00215063 -0.000905226 0)
(-0.00278151 -0.000905144 0)
(-0.0033027 -0.000855313 0)
(-0.00369443 -0.000759931 0)
(-0.00393647 -0.000625644 0)
(-0.00400982 -0.000458438 0)
(-0.00389779 -0.000262981 0)
(-0.00358654 -4.30786e-05 0)
(-0.00306542 0.000197707 0)
(-0.00232692 0.000455639 0)
(-0.00136666 0.000726574 0)
(-0.000183385 0.00100581 0)
(0.00122092 0.00128794 0)
(0.00284072 0.00156668 0)
(0.00466639 0.00183469 0)
(0.00668348 0.0020834 0)
(0.00887171 0.00230296 0)
(0.0112038 0.00248237 0)
(0.0136442 0.00260992 0)
(0.0161481 0.0026742 0)
(0.0186612 0.0026657 0)
(0.0211207 0.00257887 0)
(0.0234584 0.00241431 0)
(0.0256065 0.0021803 0)
(0.0275049 0.00189285 0)
(0.0291092 0.00157375 0)
(0.0303967 0.00124716 0)
(0.0313692 0.000935575 0)
(0.0320509 0.000656573 0)
(0.0324826 0.000421148 0)
(0.032714 0.00023367 0)
(0.0327962 9.30666e-05 0)
(0.032776 -5.4797e-06 0)
(0.0326924 -6.88342e-05 0)
(0.0325754 -0.000104527 0)
(0.0324464 -0.000119779 0)
(0.0323197 -0.000120921 0)
(0.0322036 -0.000113126 0)
(0.0321024 -0.000100358 0)
(0.0320175 -8.5478e-05 0)
(0.0319483 -7.04077e-05 0)
(0.0318936 -5.63309e-05 0)
(0.0318512 -4.38831e-05 0)
(0.0318192 -3.33175e-05 0)
(0.0317955 -2.46392e-05 0)
(0.0317785 -1.77072e-05 0)
(0.0317666 -1.23066e-05 0)
(0.0317585 -8.19679e-06 0)
(0.0317534 -5.14161e-06 0)
(0.0317503 -2.92604e-06 0)
(0.0317487 -1.36384e-06 0)
(0.0317481 -2.99446e-07 0)
(0.0317482 3.93396e-07 0)
(0.0317487 8.148e-07 0)
(0.0317495 1.04255e-06 0)
(0.0317503 1.13599e-06 0)
(0.0317512 1.13957e-06 0)
(0.0317521 1.08597e-06 0)
(0.0317529 9.98782e-07 0)
(0.0317536 8.94583e-07 0)
(0.0317543 7.84728e-07 0)
(0.0317549 6.76678e-07 0)
(0.0317554 5.7507e-07 0)
(0.0317558 4.8252e-07 0)
(0.0317561 4.0024e-07 0)
(0.0317564 3.28494e-07 0)
(0.0317566 2.66931e-07 0)
(0.0317568 2.14831e-07 0)
(0.031757 1.71274e-07 0)
(0.0317571 1.35259e-07 0)
(0.0317572 1.05784e-07 0)
(0.0317573 8.1895e-08 0)
(0.0317573 6.27134e-08 0)
(0.0317574 4.74538e-08 0)
(0.0317574 3.5427e-08 0)
(0.0317574 2.60385e-08 0)
(0.0317574 1.87829e-08 0)
(0.0317574 1.32359e-08 0)
(0.0317575 9.04518e-09 0)
(0.0317575 5.92137e-09 0)
(0.0317575 3.62883e-09 0)
(0.0317575 1.97757e-09 0)
(0.0317575 8.15752e-10 0)
(0.0317575 2.30989e-11 0)
(0.0317575 -4.94809e-10 0)
(0.0317575 -8.11403e-10 0)
(0.0317575 -9.83232e-10 0)
(0.0317575 -1.05338e-09 0)
(0.0317575 -1.05429e-09 0)
(0.0317575 -1.01006e-09 0)
(0.0317575 -9.3833e-10 0)
(0.0317575 -8.51759e-10 0)
(0.0317575 -7.5922e-10 0)
(0.0317575 -6.6674e-10 0)
(0.0317575 -5.7824e-10 0)
(0.0317575 -4.96101e-10 0)
(0.0317575 -4.21597e-10 0)
(0.0317575 -3.55232e-10 0)
(0.0317575 -2.96982e-10 0)
(0.0317575 -2.46489e-10 0)
(0.0317575 -2.03186e-10 0)
(0.0317575 -1.66398e-10 0)
(0.0317575 -1.35412e-10 0)
(0.0317575 -1.09511e-10 0)
(0.0317575 -8.80179e-11 0)
(0.0317575 -7.0303e-11 0)
(0.0317575 -5.57967e-11 0)
(0.0317575 -4.3993e-11 0)
(0.0317575 -3.44433e-11 0)
(0.0317575 -2.67655e-11 0)
(0.0317575 -2.06322e-11 0)
(0.0317575 -1.57636e-11 0)
(0.0317575 -1.19279e-11 0)
(0.0317575 -8.9264e-12 0)
(0.0317575 -6.59465e-12 0)
(0.0317575 -4.79731e-12 0)
(0.0317575 -3.42379e-12 0)
(0.0317575 -2.3804e-12 0)
(0.0317575 -1.59812e-12 0)
(0.0317575 -1.01612e-12 0)
(0.0317575 -5.91293e-13 0)
(0.0317575 -2.86993e-13 0)
(0.0317575 -7.28252e-14 0)
(0.0317575 7.03091e-14 0)
(0.0317575 1.6248e-13 0)
(0.0317575 2.15998e-13 0)
(0.0317575 2.41176e-13 0)
(0.0317575 2.49098e-13 0)
(0.0317575 2.41965e-13 0)
(0.0317575 2.27328e-13 0)
(0.0317575 2.06567e-13 0)
(0.0317575 1.8228e-13 0)
(0.0317575 1.5831e-13 0)
(0.0317575 1.3311e-13 0)
(0.0317575 1.10431e-13 0)
(0.0317575 8.85502e-14 0)
(0.0317575 6.81886e-14 0)
(0.0317575 5.21325e-14 0)
(0.0317575 3.57714e-14 0)
(0.0317575 2.27998e-14 0)
(0.0317575 1.1066e-14 0)
(0.0317575 -9.05492e-18 0)
(0.0317575 -1.07091e-14 0)
(0.0317575 -2.416e-14 0)
(0.0317575 -4.04177e-14 0)
(0.0317575 -5.84497e-14 0)
(0.0317575 -8.18999e-14 0)
(0.0317575 -1.10676e-13 0)
(0.0317575 -1.44933e-13 0)
(0.0317575 -1.9051e-13 0)
(0.0317575 -2.44944e-13 0)
(0.0317575 -3.15399e-13 0)
(0.0317575 -4.08955e-13 0)
(0.0317575 -5.30313e-13 0)
(0.0317575 -6.90947e-13 0)
(0.0317575 -9.05838e-13 0)
(0.0317575 -1.20209e-12 0)
(0.0317575 -1.57908e-12 0)
(0.0317575 -2.27399e-12 0)
(0.0317575 -2.67668e-12 0)
(0.0317575 -4.83761e-12 0)
(0.0317575 -4.46813e-12 0)
(0.0317575 -9.24139e-12 0)
(0.0317575 -1.23122e-11 0)
(0.0321348 -0.000315257 0)
(0.0313492 -0.000354369 0)
(0.0304603 -0.000374842 0)
(0.0294873 -0.000381178 0)
(0.0284422 -0.000381423 0)
(0.0273267 -0.000383287 0)
(0.026135 -0.000391335 0)
(0.0248571 -0.00040601 0)
(0.0234835 -0.000424009 0)
(0.0220078 -0.000439211 0)
(0.0204303 -0.000443577 0)
(0.0187597 -0.000428042 0)
(0.0170154 -0.00038379 0)
(0.0152271 -0.000304159 0)
(0.0134331 -0.000186875 0)
(0.0116763 -3.64112e-05 0)
(0.00999873 0.000132614 0)
(0.00843219 0.000289891 0)
(0.00698711 0.000385302 0)
(0.00565046 0.000361138 0)
(0.00441238 0.000195745 0)
(0.00329832 -5.19202e-05 0)
(0.00236545 -0.000265648 0)
(0.00166385 -0.000356637 0)
(0.00118446 -0.000315839 0)
(0.000840486 -0.000189251 0)
(0.000525752 -3.23145e-05 0)
(0.000193867 0.000103517 0)
(-0.000140005 0.0001748 0)
(-0.000458815 0.000163724 0)
(-0.00077198 8.89277e-05 0)
(-0.00109983 -8.99663e-06 0)
(-0.00146003 -9.49015e-05 0)
(-0.0018663 -0.000154181 0)
(-0.00232604 -0.000189359 0)
(-0.00283606 -0.000209626 0)
(-0.00338202 -0.000223151 0)
(-0.00394239 -0.000234092 0)
(-0.00449314 -0.000242862 0)
(-0.0050108 -0.000247741 0)
(-0.00547353 -0.000246472 0)
(-0.00586114 -0.000237254 0)
(-0.00615495 -0.000219122 0)
(-0.00633786 -0.000191922 0)
(-0.00639471 -0.000156113 0)
(-0.00631259 -0.000112538 0)
(-0.0060812 -6.2281e-05 0)
(-0.00569314 -6.586e-06 0)
(-0.00514423 5.31424e-05 0)
(-0.00443389 0.000115307 0)
(-0.00356563 0.000178072 0)
(-0.00254763 0.000239328 0)
(-0.00139335 0.000296688 0)
(-0.000122229 0.000347534 0)
(0.00123989 0.000389146 0)
(0.00266067 0.00041892 0)
(0.00410192 0.000434679 0)
(0.00552123 0.000435044 0)
(0.00687481 0.000419785 0)
(0.00812131 0.000390045 0)
(0.00922617 0.000348334 0)
(0.0101653 0.000298252 0)
(0.0109275 0.000243982 0)
(0.0115146 0.000189686 0)
(0.0119396 0.000138941 0)
(0.0122236 9.43578e-05 0)
(0.0123921 5.74295e-05 0)
(0.0124715 2.85996e-05 0)
(0.0124865 7.48082e-06 0)
(0.0124585 -6.8637e-06 0)
(0.0124048 -1.56491e-05 0)
(0.0123386 -2.01525e-05 0)
(0.0122692 -2.1565e-05 0)
(0.0122026 -2.09087e-05 0)
(0.0121426 -1.90023e-05 0)
(0.0120908 -1.64617e-05 0)
(0.0120477 -1.3721e-05 0)
(0.0120129 -1.10632e-05 0)
(0.0119856 -8.65429e-06 0)
(0.0119647 -6.57476e-06 0)
(0.0119491 -4.84697e-06 0)
(0.0119379 -3.45676e-06 0)
(0.01193 -2.36962e-06 0)
(0.0119247 -1.54195e-06 0)
(0.0119213 -9.28484e-07 0)
(0.0119194 -4.86579e-07 0)
(0.0119184 -1.78541e-07 0)
(0.0119181 2.75362e-08 0)
(0.0119183 1.57763e-07 0)
(0.0119188 2.32937e-07 0)
(0.0119194 2.69237e-07 0)
(0.0119201 2.78987e-07 0)
(0.0119208 2.71383e-07 0)
(0.0119214 2.53144e-07 0)
(0.011922 2.29067e-07 0)
(0.0119226 2.02484e-07 0)
(0.0119231 1.75631e-07 0)
(0.0119235 1.49935e-07 0)
(0.0119238 1.26243e-07 0)
(0.0119241 1.0499e-07 0)
(0.0119244 8.6333e-08 0)
(0.0119246 7.02402e-08 0)
(0.0119248 5.65662e-08 0)
(0.0119249 4.50991e-08 0)
(0.011925 3.55957e-08 0)
(0.0119251 2.78054e-08 0)
(0.0119251 2.14848e-08 0)
(0.0119252 1.64075e-08 0)
(0.0119252 1.23688e-08 0)
(0.0119253 9.18795e-09 0)
(0.0119253 6.70814e-09 0)
(0.0119253 4.79556e-09 0)
(0.0119253 3.33751e-09 0)
(0.0119253 2.24016e-09 0)
(0.0119253 1.4263e-09 0)
(0.0119253 8.33016e-10 0)
(0.0119253 4.09525e-10 0)
(0.0119253 1.15247e-10 0)
(0.0119253 -8.195e-11 0)
(0.0119253 -2.07267e-10 0)
(0.0119253 -2.80273e-10 0)
(0.0119253 -3.16001e-10 0)
(0.0119253 -3.25871e-10 0)
(0.0119253 -3.18447e-10 0)
(0.0119253 -3.00064e-10 0)
(0.0119253 -2.7532e-10 0)
(0.0119253 -2.47483e-10 0)
(0.0119253 -2.1882e-10 0)
(0.0119253 -1.90839e-10 0)
(0.0119253 -1.64498e-10 0)
(0.0119253 -1.40348e-10 0)
(0.0119253 -1.18653e-10 0)
(0.0119253 -9.9482e-11 0)
(0.0119253 -8.27684e-11 0)
(0.0119253 -6.83698e-11 0)
(0.0119253 -5.60901e-11 0)
(0.0119253 -4.57112e-11 0)
(0.0119253 -3.70123e-11 0)
(0.0119253 -2.9775e-11 0)
(0.0119253 -2.37994e-11 0)
(0.0119253 -1.88989e-11 0)
(0.0119253 -1.49041e-11 0)
(0.0119253 -1.16691e-11 0)
(0.0119253 -9.06262e-12 0)
(0.0119253 -6.97975e-12 0)
(0.0119253 -5.32526e-12 0)
(0.0119253 -4.02037e-12 0)
(0.0119253 -2.99807e-12 0)
(0.0119253 -2.20282e-12 0)
(0.0119253 -1.59205e-12 0)
(0.0119253 -1.12728e-12 0)
(0.0119253 -7.75334e-13 0)
(0.0119253 -5.12196e-13 0)
(0.0119253 -3.19646e-13 0)
(0.0119253 -1.7883e-13 0)
(0.0119253 -7.89674e-14 0)
(0.0119253 -8.44458e-15 0)
(0.0119253 3.89853e-14 0)
(0.0119253 6.76733e-14 0)
(0.0119253 8.48479e-14 0)
(0.0119253 9.15425e-14 0)
(0.0119253 9.3518e-14 0)
(0.0119253 9.01281e-14 0)
(0.0119253 8.29668e-14 0)
(0.0119253 7.57144e-14 0)
(0.0119253 6.57473e-14 0)
(0.0119253 5.72773e-14 0)
(0.0119253 4.98069e-14 0)
(0.0119253 4.13899e-14 0)
(0.0119253 3.45923e-14 0)
(0.0119253 2.70741e-14 0)
(0.0119253 2.15176e-14 0)
(0.0119253 1.70367e-14 0)
(0.0119253 1.25851e-14 0)
(0.0119253 9.0599e-15 0)
(0.0119253 6.72552e-15 0)
(0.0119253 5.99771e-15 0)
(0.0119253 4.49563e-15 0)
(0.0119253 2.6999e-15 0)
(0.0119253 -3.40902e-16 0)
(0.0119253 -4.61157e-15 0)
(0.0119253 -8.64827e-15 0)
(0.0119253 -1.52154e-14 0)
(0.0119253 -2.22039e-14 0)
(0.0119253 -3.19885e-14 0)
(0.0119253 -4.27665e-14 0)
(0.0119253 -5.62031e-14 0)
(0.0119253 -7.41151e-14 0)
(0.0119253 -9.44197e-14 0)
(0.0119253 -1.23787e-13 0)
(0.0119253 -1.61894e-13 0)
(0.0119253 -2.13613e-13 0)
(0.0119253 -2.95482e-13 0)
(0.0119253 -3.70425e-13 0)
(0.0119253 -5.95296e-13 0)
(0.0119253 -5.93949e-13 0)
(0.0119253 -1.30379e-12 0)
(0.0119253 -1.00186e-12 0)
(0.0119253 -1.71097e-12 0)
(0.0119253 -3.27402e-12 0)
)
;

boundaryField
{
    inlet
    {
        type            fixedProfile;
        profile         table
        
21
(
(0 (0 0 0))
(0.05 (0.0285 0 0))
(0.1 (0.054 0 0))
(0.15 (0.0765 0 0))
(0.2 (0.096 0 0))
(0.25 (0.1125 0 0))
(0.3 (0.126 0 0))
(0.35 (0.1365 0 0))
(0.4 (0.144 0 0))
(0.45 (0.1485 0 0))
(0.5 (0.15 0 0))
(0.55 (0.1485 0 0))
(0.6 (0.144 0 0))
(0.65 (0.1365 0 0))
(0.7 (0.126 0 0))
(0.75 (0.1125 0 0))
(0.8 (0.096 0 0))
(0.85 (0.0765 0 0))
(0.9 (0.054 0 0))
(0.95 (0.0285 0 0))
(1 (0 0 0))
)
;
        direction       (0 1 0);
        origin          1;
        value           nonuniform List<vector> 8((0.034875 0 0) (0.091125 0 0) (0.128625 0 0) (0.147375 0 0) (0.147375 0 0) (0.128625 0 0) (0.091125 0 0) (0.034875 0 0));
    }
    outlet
    {
        type            zeroGradient;
    }
    walls
    {
        type            noSlip;
    }
    symwall
    {
        type            empty;
    }
}


// ************************************************************************* //
