/*--------------------------------*- C++ -*----------------------------------*\
| =========                 |                                                 |
| \\      /  F ield         | OpenFOAM: The Open Source CFD Toolbox           |
|  \\    /   O peration     | Version:  4.1                                   |
|   \\  /    A nd           | Web:      www.OpenFOAM.org                      |
|    \\/     M anipulation  |                                                 |
\*---------------------------------------------------------------------------*/
FoamFile
{
    version     2.0;
    format      ascii;
    class       volVectorField;
    location    "175";
    object      U;
}
// * * * * * * * * * * * * * * * * * * * * * * * * * * * * * * * * * * * * * //

dimensions      [0 1 -1 0 0 0 0];

internalField   nonuniform List<vector> 
3264
(
(9.95672e-06 -1.25982e-05 0)
(-6.14287e-05 1.05564e-05 0)
(-0.000247476 2.74615e-05 0)
(-0.000480471 3.06233e-05 0)
(-0.000744921 3.28384e-05 0)
(-0.00103247 3.23505e-05 0)
(-0.00133767 3.41388e-05 0)
(-0.00166516 3.62875e-05 0)
(-0.00201405 4.04008e-05 0)
(-0.00238977 4.59047e-05 0)
(-0.00279445 5.35368e-05 0)
(-0.00323286 6.33657e-05 0)
(-0.00370785 7.58015e-05 0)
(-0.00422245 9.09581e-05 0)
(-0.00477785 0.000108877 0)
(-0.00537387 0.000129313 0)
(-0.00600806 0.00015176 0)
(-0.00667571 0.000175408 0)
(-0.00736956 0.00019919 0)
(-0.00807993 0.000221849 0)
(-0.00879487 0.000242044 0)
(-0.00950061 0.000258466 0)
(-0.010182 0.000269948 0)
(-0.010823 0.000275557 0)
(-0.0114078 0.00027464 0)
(-0.0119205 0.000266851 0)
(-0.0123465 0.000252137 0)
(-0.0126725 0.000230711 0)
(-0.012887 0.000203009 0)
(-0.0129804 0.000169646 0)
(-0.0129451 0.000131377 0)
(-0.0127759 8.90601e-05 0)
(-0.0124697 4.36293e-05 0)
(-0.0120258 -3.93062e-06 0)
(-0.0114455 -5.25999e-05 0)
(-0.0107325 -0.000101338 0)
(-0.00989262 -0.000149097 0)
(-0.00893372 -0.000194828 0)
(-0.00786579 -0.000237499 0)
(-0.00670079 -0.000276105 0)
(-0.00545261 -0.000309682 0)
(-0.00413702 -0.000337338 0)
(-0.00277146 -0.000358273 0)
(-0.00137495 -0.000371815 0)
(3.21512e-05 -0.000377461 0)
(0.00142846 -0.000374923 0)
(0.00279191 -0.00036417 0)
(0.00410025 -0.000345478 0)
(0.0053316 -0.000319469 0)
(0.0064651 -0.000287128 0)
(0.00748171 -0.000249806 0)
(0.00836498 -0.000209177 0)
(0.00910192 -0.000167148 0)
(0.00968374 -0.000125715 0)
(0.0101065 -8.67666e-05 0)
(0.0103716 -5.18527e-05 0)
(0.0104859 -2.19736e-05 0)
(0.0104613 2.54651e-06 0)
(0.0103142 2.20308e-05 0)
(0.0100645 3.72392e-05 0)
(0.00973394 4.90308e-05 0)
(0.00934469 5.8039e-05 0)
(0.00891723 6.45172e-05 0)
(0.0084691 6.84377e-05 0)
(0.00801403 6.97915e-05 0)
(0.00756203 6.89286e-05 0)
(0.00711994 6.67538e-05 0)
(0.00669227 6.46374e-05 0)
(0.0062816 6.40244e-05 0)
(0.00588901 6.58935e-05 0)
(0.00551451 7.03542e-05 0)
(0.00515785 7.66164e-05 0)
(0.00481933 8.33345e-05 0)
(0.00450045 8.90968e-05 0)
(0.00420415 9.27952e-05 0)
(0.00393481 9.37544e-05 0)
(0.00369793 9.16693e-05 0)
(0.00349978 8.6473e-05 0)
(0.00334687 7.82308e-05 0)
(0.00324545 6.70898e-05 0)
(0.00320104 5.32728e-05 0)
(0.00321807 3.70889e-05 0)
(0.00329954 1.89417e-05 0)
(0.00344685 -6.73061e-07 0)
(0.00365968 -2.11815e-05 0)
(0.00393593 -4.19528e-05 0)
(0.00427172 -6.23238e-05 0)
(0.00466142 -8.16236e-05 0)
(0.00509778 -9.9199e-05 0)
(0.00557201 -0.00011444 0)
(0.00607404 -0.000126808 0)
(0.00659279 -0.000135863 0)
(0.00711656 -0.000141297 0)
(0.00763349 -0.000142958 0)
(0.00813209 -0.000140878 0)
(0.00860185 -0.000135276 0)
(0.00903375 -0.000126557 0)
(0.00942073 -0.000115283 0)
(0.00975805 -0.000102129 0)
(0.0100434 -8.78266e-05 0)
(0.0102767 -7.31066e-05 0)
(0.0104601 -5.86385e-05 0)
(0.0105974 -4.49886e-05 0)
(0.0106937 -3.25923e-05 0)
(0.0107549 -2.17443e-05 0)
(0.0107869 -1.26029e-05 0)
(0.010796 -5.2062e-06 0)
(0.0107878 5.05884e-07 0)
(0.0107674 4.66724e-06 0)
(0.0107391 7.46126e-06 0)
(0.0107067 9.09904e-06 0)
(0.0106731 9.8008e-06 0)
(0.0106402 9.78118e-06 0)
(0.0106097 9.23832e-06 0)
(0.0105825 8.34669e-06 0)
(0.0105591 7.25309e-06 0)
(0.0105397 6.07536e-06 0)
(0.0105241 4.9033e-06 0)
(0.0105121 3.80097e-06 0)
(0.0105033 2.81012e-06 0)
(0.0104972 1.95395e-06 0)
(0.0104933 1.24107e-06 0)
(0.0104912 6.69248e-07 0)
(0.0104905 2.28682e-07 0)
(0.0104907 -9.51114e-08 0)
(0.0104917 -3.19036e-07 0)
(0.0104931 -4.60658e-07 0)
(0.0104947 -5.36948e-07 0)
(0.0104964 -5.63441e-07 0)
(0.0104981 -5.53755e-07 0)
(0.0104997 -5.19369e-07 0)
(0.0105011 -4.69613e-07 0)
(0.0105023 -4.1179e-07 0)
(0.0105034 -3.51383e-07 0)
(0.0105043 -2.92312e-07 0)
(0.010505 -2.372e-07 0)
(0.0105056 -1.87635e-07 0)
(0.0105061 -1.44406e-07 0)
(0.0105064 -1.07717e-07 0)
(0.0105066 -7.73586e-08 0)
(0.0105068 -5.28558e-08 0)
(0.0105069 -3.35769e-08 0)
(0.010507 -1.88201e-08 0)
(0.010507 -7.87395e-09 0)
(0.010507 -5.90467e-11 0)
(0.010507 5.24568e-09 0)
(0.010507 8.58878e-09 0)
(0.010507 1.04407e-08 0)
(0.0105069 1.11946e-08 0)
(0.0105069 1.11708e-08 0)
(0.0105069 1.06241e-08 0)
(0.0105068 9.75198e-09 0)
(0.0105068 8.70333e-09 0)
(0.0105068 7.58685e-09 0)
(0.0105068 6.47877e-09 0)
(0.0105068 5.42969e-09 0)
(0.0105068 4.47056e-09 0)
(0.0105067 3.61766e-09 0)
(0.0105067 2.87665e-09 0)
(0.0105067 2.24581e-09 0)
(0.0105067 1.71866e-09 0)
(0.0105067 1.2858e-09 0)
(0.0105067 9.36431e-10 0)
(0.0105067 6.59296e-10 0)
(0.0105067 4.43431e-10 0)
(0.0105067 2.78592e-10 0)
(0.0105067 1.55518e-10 0)
(0.0105067 6.60528e-11 0)
(0.0105067 3.17019e-12 0)
(0.0105067 -3.90648e-11 0)
(0.0105067 -6.5573e-11 0)
(0.0105067 -8.03679e-11 0)
(0.0105067 -8.66701e-11 0)
(0.0105067 -8.70178e-11 0)
(0.0105067 -8.3378e-11 0)
(0.0105067 -7.72433e-11 0)
(0.0105067 -6.97219e-11 0)
(0.0105067 -6.16147e-11 0)
(0.0105067 -5.34817e-11 0)
(0.0105067 -4.56964e-11 0)
(0.0105067 -3.84918e-11 0)
(0.0105067 -3.19953e-11 0)
(0.0105067 -2.62596e-11 0)
(0.0105067 -2.12873e-11 0)
(0.0105067 -1.70435e-11 0)
(0.0105067 -1.34734e-11 0)
(0.0105067 -1.05099e-11 0)
(0.0105067 -8.0818e-12 0)
(0.0105067 -6.11803e-12 0)
(0.0105067 -4.55106e-12 0)
(0.0105067 -3.31828e-12 0)
(0.0105067 -2.36608e-12 0)
(0.0105067 -1.64253e-12 0)
(0.0105067 -1.11897e-12 0)
(0.0105067 -7.48662e-13 0)
(0.0105067 -5.37725e-13 0)
(0.0105067 -4.94576e-13 0)
(0.0105067 -4.84637e-13 0)
(0.0105067 -1.3323e-12 0)
(0.0105067 -1.07664e-12 0)
(-6.56612e-05 6.38421e-05 0)
(-0.000486141 0.000261932 0)
(-0.00113945 0.000411212 0)
(-0.00188392 0.000488358 0)
(-0.00268505 0.000547134 0)
(-0.00352974 0.000588483 0)
(-0.0044037 0.000631639 0)
(-0.00531184 0.000674323 0)
(-0.00624891 0.00072226 0)
(-0.00721904 0.000774879 0)
(-0.00822007 0.000833433 0)
(-0.00925182 0.000896865 0)
(-0.0103097 0.000963808 0)
(-0.0113873 0.00103169 0)
(-0.0124744 0.00109729 0)
(-0.0135582 0.00115676 0)
(-0.0146227 0.00120592 0)
(-0.0156498 0.00124058 0)
(-0.0166198 0.00125678 0)
(-0.0175121 0.00125115 0)
(-0.0183065 0.00122105 0)
(-0.0189832 0.00116477 0)
(-0.0195238 0.00108155 0)
(-0.0199119 0.000971568 0)
(-0.0201331 0.000835876 0)
(-0.0201753 0.000676246 0)
(-0.020029 0.000495034 0)
(-0.0196871 0.000295045 0)
(-0.0191448 7.93949e-05 0)
(-0.0183998 -0.000148586 0)
(-0.0174522 -0.000385438 0)
(-0.0163043 -0.000627629 0)
(-0.0149602 -0.00087159 0)
(-0.0134266 -0.00111374 0)
(-0.0117119 -0.00135052 0)
(-0.00982658 -0.00157835 0)
(-0.00778317 -0.00179371 0)
(-0.00559611 -0.00199308 0)
(-0.00328179 -0.00217299 0)
(-0.000858552 -0.00233005 0)
(0.00165333 -0.00246094 0)
(0.00423166 -0.00256252 0)
(0.0068524 -0.00263184 0)
(0.00948973 -0.00266626 0)
(0.0121162 -0.00266356 0)
(0.0147028 -0.00262207 0)
(0.0172196 -0.00254081 0)
(0.0196355 -0.00241966 0)
(0.0219194 -0.00225954 0)
(0.0240401 -0.00206255 0)
(0.0259672 -0.00183211 0)
(0.0276722 -0.00157305 0)
(0.0291288 -0.00129169 0)
(0.0303142 -0.000995717 0)
(0.0312101 -0.000694089 0)
(0.0318038 -0.000396704 0)
(0.0320893 -0.000113935 0)
(0.032069 0.000144054 0)
(0.0317542 0.000368212 0)
(0.0311659 0.000551694 0)
(0.0303347 0.000690962 0)
(0.0292998 0.000786584 0)
(0.028107 0.000843258 0)
(0.0268056 0.000868741 0)
(0.0254454 0.000871813 0)
(0.0240734 0.000860074 0)
(0.0227301 0.000838626 0)
(0.0214466 0.000810173 0)
(0.0202441 0.000776095 0)
(0.019134 0.000737458 0)
(0.0181213 0.000695325 0)
(0.0172076 0.000650466 0)
(0.0163938 0.000602953 0)
(0.0156819 0.000552002 0)
(0.0150743 0.000496102 0)
(0.0145745 0.000433368 0)
(0.0141862 0.000362016 0)
(0.0139131 0.000280822 0)
(0.0137586 0.000189434 0)
(0.0137252 8.84725e-05 0)
(0.0138147 -2.05539e-05 0)
(0.0140269 -0.000135445 0)
(0.0143604 -0.000253525 0)
(0.0148114 -0.000371839 0)
(0.0153743 -0.000487291 0)
(0.0160414 -0.000596751 0)
(0.0168026 -0.000697136 0)
(0.0176458 -0.000785479 0)
(0.0185569 -0.000859019 0)
(0.0195198 -0.000915301 0)
(0.0205166 -0.00095231 0)
(0.021528 -0.000968629 0)
(0.0225337 -0.000963608 0)
(0.0235132 -0.000937507 0)
(0.0244468 -0.000891605 0)
(0.0253161 -0.000828203 0)
(0.0261058 -0.000750524 0)
(0.0268038 -0.000662492 0)
(0.0274027 -0.000568418 0)
(0.0278997 -0.000472639 0)
(0.0282963 -0.000379173 0)
(0.0285983 -0.000291431 0)
(0.0288148 -0.000212035 0)
(0.0289568 -0.000142737 0)
(0.0290366 -8.44451e-05 0)
(0.0290668 -3.73156e-05 0)
(0.0290592 -8.93225e-07 0)
(0.0290247 2.57289e-05 0)
(0.0289726 4.37526e-05 0)
(0.0289107 5.45336e-05 0)
(0.0288451 5.94657e-05 0)
(0.0287803 5.98903e-05 0)
(0.0287195 5.70339e-05 0)
(0.028665 5.19686e-05 0)
(0.0286176 4.55918e-05 0)
(0.028578 3.86234e-05 0)
(0.0285459 3.16128e-05 0)
(0.0285208 2.4955e-05 0)
(0.028502 1.89118e-05 0)
(0.0284885 1.3634e-05 0)
(0.0284796 9.18521e-06 0)
(0.0284743 5.5633e-06 0)
(0.0284718 2.71996e-06 0)
(0.0284713 5.77251e-07 0)
(0.0284724 -9.58891e-07 0)
(0.0284744 -1.98829e-06 0)
(0.028477 -2.60892e-06 0)
(0.0284799 -2.91169e-06 0)
(0.0284828 -2.97736e-06 0)
(0.0284855 -2.87494e-06 0)
(0.0284881 -2.66139e-06 0)
(0.0284904 -2.38205e-06 0)
(0.0284924 -2.07174e-06 0)
(0.028494 -1.75604e-06 0)
(0.0284954 -1.45282e-06 0)
(0.0284965 -1.17361e-06 0)
(0.0284974 -9.25037e-07 0)
(0.0284981 -7.09993e-07 0)
(0.0284986 -5.2868e-07 0)
(0.0284989 -3.79464e-07 0)
(0.0284992 -2.59558e-07 0)
(0.0284993 -1.65549e-07 0)
(0.0284994 -9.37826e-08 0)
(0.0284995 -4.06427e-08 0)
(0.0284995 -2.72997e-09 0)
(0.0284994 2.30268e-08 0)
(0.0284994 3.93154e-08 0)
(0.0284994 4.84251e-08 0)
(0.0284993 5.22567e-08 0)
(0.0284993 5.23527e-08 0)
(0.0284992 4.99346e-08 0)
(0.0284992 4.59467e-08 0)
(0.0284991 4.10994e-08 0)
(0.0284991 3.59103e-08 0)
(0.0284991 3.07424e-08 0)
(0.0284991 2.5837e-08 0)
(0.028499 2.1342e-08 0)
(0.028499 1.73362e-08 0)
(0.028499 1.3848e-08 0)
(0.028499 1.08712e-08 0)
(0.028499 8.37664e-09 0)
(0.028499 6.32174e-09 0)
(0.028499 4.65686e-09 0)
(0.028499 3.33024e-09 0)
(0.028499 2.29122e-09 0)
(0.028499 1.4924e-09 0)
(0.028499 8.90808e-10 0)
(0.028499 4.48542e-10 0)
(0.028499 1.32867e-10 0)
(0.028499 -8.393e-11 0)
(0.028499 -2.24907e-10 0)
(0.028499 -3.08932e-10 0)
(0.028499 -3.51191e-10 0)
(0.028499 -3.63721e-10 0)
(0.028499 -3.55889e-10 0)
(0.028499 -3.34857e-10 0)
(0.028499 -3.05991e-10 0)
(0.028499 -2.73211e-10 0)
(0.028499 -2.39303e-10 0)
(0.028499 -2.06166e-10 0)
(0.028499 -1.75022e-10 0)
(0.028499 -1.46597e-10 0)
(0.028499 -1.21243e-10 0)
(0.028499 -9.90655e-11 0)
(0.028499 -7.99837e-11 0)
(0.028499 -6.38046e-11 0)
(0.028499 -5.0275e-11 0)
(0.028499 -3.91024e-11 0)
(0.028499 -2.99965e-11 0)
(0.028499 -2.26672e-11 0)
(0.028499 -1.68406e-11 0)
(0.028499 -1.22805e-11 0)
(0.028499 -8.75945e-12 0)
(0.028499 -6.12111e-12 0)
(0.028499 -4.15989e-12 0)
(0.028499 -2.87362e-12 0)
(0.028499 -2.11484e-12 0)
(0.028499 -1.62136e-12 0)
(0.028499 -3.43932e-12 0)
(0.028499 -3.04366e-12 0)
(-0.000173053 0.000529097 0)
(-0.0010179 0.00108472 0)
(-0.00214765 0.00141265 0)
(-0.0033391 0.00154772 0)
(-0.00453469 0.00164694 0)
(-0.00572216 0.00170904 0)
(-0.00688024 0.00177266 0)
(-0.00801548 0.00183226 0)
(-0.0091199 0.00189635 0)
(-0.010196 0.00196208 0)
(-0.0112381 0.00202886 0)
(-0.0122419 0.00209251 0)
(-0.0131985 0.00214847 0)
(-0.0140976 0.00219103 0)
(-0.014926 0.00221427 0)
(-0.0156694 0.00221236 0)
(-0.0163126 0.00218003 0)
(-0.01684 0.00211287 0)
(-0.0172366 0.00200757 0)
(-0.0174883 0.00186205 0)
(-0.0175823 0.00167549 0)
(-0.0175077 0.00144827 0)
(-0.0172552 0.00118188 0)
(-0.0168174 0.000878756 0)
(-0.0161888 0.000542118 0)
(-0.0153657 0.000175785 0)
(-0.0143461 -0.000215964 0)
(-0.0131296 -0.000628531 0)
(-0.0117174 -0.0010571 0)
(-0.0101122 -0.0014967 0)
(-0.00831804 -0.00194229 0)
(-0.00634058 -0.00238872 0)
(-0.00418684 -0.00283083 0)
(-0.00186536 -0.00326338 0)
(0.000613824 -0.00368108 0)
(0.00323909 -0.00407861 0)
(0.00599723 -0.00445057 0)
(0.00887337 -0.00479153 0)
(0.011851 -0.00509604 0)
(0.0149117 -0.00535864 0)
(0.0180355 -0.00557392 0)
(0.0212006 -0.00573661 0)
(0.0243834 -0.00584166 0)
(0.0275587 -0.00588438 0)
(0.0306996 -0.00586065 0)
(0.033778 -0.00576707 0)
(0.0367647 -0.00560122 0)
(0.0396296 -0.00536191 0)
(0.0423425 -0.00504941 0)
(0.044873 -0.0046657 0)
(0.0471916 -0.00421467 0)
(0.04927 -0.00370222 0)
(0.0510814 -0.00313639 0)
(0.0526011 -0.00252731 0)
(0.053807 -0.00188714 0)
(0.0546802 -0.00122995 0)
(0.0552048 -0.000571481 0)
(0.0553691 7.11369e-05 0)
(0.0551663 0.000679822 0)
(0.0545954 0.0012362 0)
(0.0536634 0.00172259 0)
(0.0523869 0.00212331 0)
(0.0507946 0.00242632 0)
(0.0489286 0.002625 0)
(0.0468455 0.00271974 0)
(0.0446133 0.00271909 0)
(0.042308 0.00263948 0)
(0.0400057 0.0025031 0)
(0.0377767 0.00233353 0)
(0.0356789 0.00215049 0)
(0.0337552 0.00196605 0)
(0.0320324 0.00178394 0)
(0.0305226 0.00160189 0)
(0.0292265 0.00141523 0)
(0.0281382 0.00121974 0)
(0.0272488 0.00101284 0)
(0.0265499 0.000793662 0)
(0.0260341 0.000562587 0)
(0.0256952 0.000320901 0)
(0.0255279 7.06209e-05 0)
(0.0255266 -0.000185567 0)
(0.0256852 -0.000444341 0)
(0.0259967 -0.000701811 0)
(0.0264532 -0.000953616 0)
(0.0270458 -0.00119503 0)
(0.0277644 -0.00142108 0)
(0.0285973 -0.00162666 0)
(0.0295319 -0.0018066 0)
(0.0305534 -0.00195589 0)
(0.0316458 -0.00206978 0)
(0.0327911 -0.00214408 0)
(0.0339691 -0.00217547 0)
(0.0351585 -0.00216193 0)
(0.0363363 -0.00210314 0)
(0.0374791 -0.00200088 0)
(0.0385637 -0.00185924 0)
(0.0395686 -0.00168464 0)
(0.0404753 -0.00148543 0)
(0.0412696 -0.00127132 0)
(0.0419428 -0.00105247 0)
(0.0424917 -0.000838562 0)
(0.0429193 -0.000637986 0)
(0.0432336 -0.000457216 0)
(0.0434469 -0.00030053 0)
(0.0435741 -0.000170026 0)
(0.0436312 -6.58726e-05 0)
(0.0436344 1.329e-05 0)
(0.0435984 6.98974e-05 0)
(0.0435366 0.000107032 0)
(0.0434598 0.000128057 0)
(0.0433767 0.000136327 0)
(0.043294 0.000134987 0)
(0.043216 0.000126844 0)
(0.0431459 0.000114291 0)
(0.043085 9.92861e-05 0)
(0.0430342 8.33642e-05 0)
(0.042993 6.76657e-05 0)
(0.0429609 5.29861e-05 0)
(0.0429369 3.98296e-05 0)
(0.0429198 2.8465e-05 0)
(0.0429085 1.89797e-05 0)
(0.0429017 1.13284e-05 0)
(0.0428984 5.37583e-06 0)
(0.0428978 9.31528e-07 0)
(0.042899 -2.22201e-06 0)
(0.0429014 -4.30837e-06 0)
(0.0429046 -5.54224e-06 0)
(0.042908 -6.11964e-06 0)
(0.0429115 -6.21233e-06 0)
(0.0429148 -5.9654e-06 0)
(0.0429179 -5.49732e-06 0)
(0.0429206 -4.90147e-06 0)
(0.0429229 -4.2488e-06 0)
(0.0429249 -3.59089e-06 0)
(0.0429265 -2.96325e-06 0)
(0.0429278 -2.38845e-06 0)
(0.0429288 -1.87901e-06 0)
(0.0429296 -1.43998e-06 0)
(0.0429301 -1.07104e-06 0)
(0.0429305 -7.68311e-07 0)
(0.0429308 -5.25671e-07 0)
(0.042931 -3.35864e-07 0)
(0.0429311 -1.91246e-07 0)
(0.0429311 -8.43327e-08 0)
(0.0429311 -8.14366e-09 0)
(0.0429311 4.35871e-08 0)
(0.0429311 7.63159e-08 0)
(0.042931 9.46687e-08 0)
(0.042931 1.02473e-07 0)
(0.0429309 1.02824e-07 0)
(0.0429309 9.81654e-08 0)
(0.0429308 9.03808e-08 0)
(0.0429308 8.08841e-08 0)
(0.0429307 7.07034e-08 0)
(0.0429307 6.05578e-08 0)
(0.0429307 5.09245e-08 0)
(0.0429307 4.20958e-08 0)
(0.0429306 3.42267e-08 0)
(0.0429306 2.7373e-08 0)
(0.0429306 2.15223e-08 0)
(0.0429306 1.66175e-08 0)
(0.0429306 1.25749e-08 0)
(0.0429306 9.29687e-09 0)
(0.0429306 6.68207e-09 0)
(0.0429306 4.63124e-09 0)
(0.0429306 3.05153e-09 0)
(0.0429306 1.85886e-09 0)
(0.0429306 9.79047e-10 0)
(0.0429306 3.48066e-10 0)
(0.0429306 -8.83049e-11 0)
(0.0429306 -3.75182e-10 0)
(0.0429306 -5.49501e-10 0)
(0.0429306 -6.41016e-10 0)
(0.0429306 -6.73307e-10 0)
(0.0429306 -6.64769e-10 0)
(0.0429306 -6.29482e-10 0)
(0.0429306 -5.78019e-10 0)
(0.0429306 -5.18135e-10 0)
(0.0429306 -4.55349e-10 0)
(0.0429306 -3.93459e-10 0)
(0.0429306 -3.34938e-10 0)
(0.0429306 -2.81276e-10 0)
(0.0429306 -2.33239e-10 0)
(0.0429306 -1.91075e-10 0)
(0.0429306 -1.54692e-10 0)
(0.0429306 -1.23765e-10 0)
(0.0429306 -9.7834e-11 0)
(0.0429306 -7.63741e-11 0)
(0.0429306 -5.88313e-11 0)
(0.0429306 -4.46697e-11 0)
(0.0429306 -3.33803e-11 0)
(0.0429306 -2.45014e-11 0)
(0.0429306 -1.76205e-11 0)
(0.0429306 -1.23872e-11 0)
(0.0429306 -8.46657e-12 0)
(0.0429306 -5.71266e-12 0)
(0.0429306 -3.73356e-12 0)
(0.0429306 -2.66746e-12 0)
(0.0429306 -3.06429e-12 0)
(0.0429306 -2.46113e-12 0)
(-0.00031605 0.00115803 0)
(-0.00157585 0.00218208 0)
(-0.00299879 0.00267433 0)
(-0.00435059 0.00281674 0)
(-0.00554815 0.00288453 0)
(-0.00663659 0.00288962 0)
(-0.0075975 0.00288967 0)
(-0.00845874 0.00288121 0)
(-0.00921615 0.00287548 0)
(-0.00987913 0.00286883 0)
(-0.0104449 0.00285924 0)
(-0.010913 0.00284075 0)
(-0.011278 0.00280713 0)
(-0.0115341 0.00275142 0)
(-0.0116736 0.00266694 0)
(-0.0116885 0.00254757 0)
(-0.0115707 0.00238818 0)
(-0.0113123 0.00218484 0)
(-0.0109059 0.00193493 0)
(-0.0103451 0.00163723 0)
(-0.00962451 0.00129182 0)
(-0.00873969 0.000900002 0)
(-0.00768725 0.000464175 0)
(-0.00646483 -1.23625e-05 0)
(-0.00507106 -0.000525561 0)
(-0.0035055 -0.00107077 0)
(-0.00176865 -0.0016429 0)
(0.000138027 -0.00223647 0)
(0.00221212 -0.00284575 0)
(0.00445018 -0.00346479 0)
(0.00684767 -0.00408743 0)
(0.00939888 -0.00470735 0)
(0.0120968 -0.00531804 0)
(0.0149331 -0.00591282 0)
(0.017898 -0.00648484 0)
(0.0209801 -0.00702708 0)
(0.0241664 -0.00753235 0)
(0.0274421 -0.00799333 0)
(0.030791 -0.00840257 0)
(0.0341948 -0.00875257 0)
(0.0376336 -0.00903579 0)
(0.0410857 -0.00924484 0)
(0.0445278 -0.00937255 0)
(0.0479348 -0.00941223 0)
(0.0512806 -0.0093579 0)
(0.0545379 -0.00920456 0)
(0.0576788 -0.00894854 0)
(0.0606752 -0.00858785 0)
(0.0634998 -0.00812249 0)
(0.0661258 -0.00755472 0)
(0.0685286 -0.00688934 0)
(0.0706851 -0.0061337 0)
(0.0725752 -0.00529776 0)
(0.0741811 -0.00439393 0)
(0.0754878 -0.00343686 0)
(0.0764828 -0.00244311 0)
(0.0771557 -0.00143085 0)
(0.0774982 -0.000419464 0)
(0.0775032 0.000570743 0)
(0.0771652 0.00151891 0)
(0.0764799 0.00240392 0)
(0.075445 0.00320471 0)
(0.0740616 0.0039007 0)
(0.072336 0.00447241 0)
(0.0702826 0.00490265 0)
(0.0679277 0.00517839 0)
(0.0653126 0.00529339 0)
(0.0624957 0.0052509 0)
(0.0595522 0.00506527 0)
(0.0565699 0.00476138 0)
(0.0536417 0.00437138 0)
(0.050855 0.00392936 0)
(0.0482831 0.0034654 0)
(0.0459781 0.00300083 0)
(0.0439694 0.00254652 0)
(0.042266 0.00210424 0)
(0.0408617 0.00167037 0)
(0.0397403 0.00123977 0)
(0.0388815 0.000808681 0)
(0.038264 0.000375931 0)
(0.0378677 -5.7077e-05 0)
(0.0376748 -0.000486979 0)
(0.0376692 -0.00090915 0)
(0.0378366 -0.00131823 0)
(0.0381634 -0.00170846 0)
(0.0386366 -0.00207378 0)
(0.039243 -0.00240793 0)
(0.0399696 -0.00270449 0)
(0.0408025 -0.00295688 0)
(0.0417272 -0.00315858 0)
(0.0427279 -0.00330331 0)
(0.0437876 -0.00338549 0)
(0.0448875 -0.00340076 0)
(0.0460075 -0.00334673 0)
(0.0471259 -0.00322366 0)
(0.0482201 -0.00303516 0)
(0.0492675 -0.0027885 0)
(0.0502465 -0.00249455 0)
(0.0511379 -0.00216717 0)
(0.0519262 -0.00182213 0)
(0.0526006 -0.00147565 0)
(0.0531562 -0.00114287 0)
(0.0535937 -0.000836555 0)
(0.0539193 -0.000566115 0)
(0.0541438 -0.000337247 0)
(0.0542809 -0.000152035 0)
(0.0543463 -9.45789e-06 0)
(0.0543561 9.38577e-05 0)
(0.0543253 0.000162824 0)
(0.0542675 0.000203136 0)
(0.0541941 0.000220654 0)
(0.0541141 0.000220954 0)
(0.0540342 0.000209032 0)
(0.0539591 0.000189155 0)
(0.0538919 0.000164798 0)
(0.0538341 0.000138669 0)
(0.0537861 0.000112771 0)
(0.0537477 8.84922e-05 0)
(0.0537181 6.6708e-05 0)
(0.0536964 4.78839e-05 0)
(0.0536812 3.21724e-05 0)
(0.0536714 1.94993e-05 0)
(0.0536659 9.63807e-06 0)
(0.0536636 2.27021e-06 0)
(0.0536636 -2.96721e-06 0)
(0.0536653 -6.44612e-06 0)
(0.0536679 -8.52253e-06 0)
(0.0536711 -9.52043e-06 0)
(0.0536744 -9.72284e-06 0)
(0.0536778 -9.36812e-06 0)
(0.0536809 -8.65029e-06 0)
(0.0536837 -7.72188e-06 0)
(0.0536861 -6.69842e-06 0)
(0.0536882 -5.6637e-06 0)
(0.05369 -4.67526e-06 0)
(0.0536914 -3.76956e-06 0)
(0.0536925 -2.96682e-06 0)
(0.0536933 -2.27518e-06 0)
(0.053694 -1.69418e-06 0)
(0.0536944 -1.21762e-06 0)
(0.0536948 -8.35794e-07 0)
(0.053695 -5.37165e-07 0)
(0.0536951 -3.09628e-07 0)
(0.0536952 -1.41343e-07 0)
(0.0536952 -2.12952e-08 0)
(0.0536952 6.03898e-08 0)
(0.0536951 1.12293e-07 0)
(0.0536951 1.41677e-07 0)
(0.053695 1.54541e-07 0)
(0.053695 1.55729e-07 0)
(0.0536949 1.4906e-07 0)
(0.0536949 1.37475e-07 0)
(0.0536949 1.23178e-07 0)
(0.0536948 1.07771e-07 0)
(0.0536948 9.23729e-08 0)
(0.0536948 7.77283e-08 0)
(0.0536947 6.42927e-08 0)
(0.0536947 5.23089e-08 0)
(0.0536947 4.18663e-08 0)
(0.0536947 3.29483e-08 0)
(0.0536947 2.54694e-08 0)
(0.0536947 1.93027e-08 0)
(0.0536947 1.43002e-08 0)
(0.0536947 1.03077e-08 0)
(0.0536947 7.17397e-09 0)
(0.0536947 4.75785e-09 0)
(0.0536947 2.93134e-09 0)
(0.0536947 1.58155e-09 0)
(0.0536947 6.11058e-10 0)
(0.0536947 -6.2626e-11 0)
(0.0536947 -5.08137e-10 0)
(0.0536947 -7.81662e-10 0)
(0.0536947 -9.28463e-10 0)
(0.0536947 -9.84435e-10 0)
(0.0536947 -9.77569e-10 0)
(0.0536947 -9.29319e-10 0)
(0.0536947 -8.55801e-10 0)
(0.0536947 -7.68847e-10 0)
(0.0536947 -6.76912e-10 0)
(0.0536947 -5.85816e-10 0)
(0.0536947 -4.99375e-10 0)
(0.0536947 -4.19904e-10 0)
(0.0536947 -3.48615e-10 0)
(0.0536947 -2.85943e-10 0)
(0.0536947 -2.31785e-10 0)
(0.0536947 -1.85688e-10 0)
(0.0536947 -1.46994e-10 0)
(0.0536947 -1.14931e-10 0)
(0.0536947 -8.86904e-11 0)
(0.0536947 -6.74782e-11 0)
(0.0536947 -5.05457e-11 0)
(0.0536947 -3.72053e-11 0)
(0.0536947 -2.68424e-11 0)
(0.0536947 -1.89141e-11 0)
(0.0536947 -1.29597e-11 0)
(0.0536947 -8.60125e-12 0)
(0.0536947 -5.42699e-12 0)
(0.0536947 -3.49429e-12 0)
(0.0536947 -1.95071e-12 0)
(0.0536947 -1.23121e-12 0)
(-0.00042045 0.00242095 0)
(-0.00179198 0.00374244 0)
(-0.00311408 0.00417067 0)
(-0.00420663 0.00403999 0)
(-0.00498555 0.00389323 0)
(-0.00556066 0.00370958 0)
(-0.0059291 0.00355651 0)
(-0.0061479 0.00341416 0)
(-0.00622277 0.00328681 0)
(-0.00617463 0.00316499 0)
(-0.00600616 0.00304257 0)
(-0.00572275 0.00291103 0)
(-0.00532348 0.00276226 0)
(-0.00480756 0.00258823 0)
(-0.00417209 0.00238161 0)
(-0.0034141 0.00213608 0)
(-0.00253017 0.00184655 0)
(-0.00151702 0.00150928 0)
(-0.000371524 0.00112197 0)
(0.000909134 0.000683721 0)
(0.00232743 0.000194922 0)
(0.00388543 -0.000342824 0)
(0.00558481 -0.000926867 0)
(0.00742677 -0.00155364 0)
(0.00941197 -0.00221881 0)
(0.0115405 -0.00291738 0)
(0.0138117 -0.00364381 0)
(0.0162243 -0.0043921 0)
(0.0187757 -0.00515583 0)
(0.0214626 -0.00592823 0)
(0.0242805 -0.00670215 0)
(0.0272234 -0.00747011 0)
(0.0302841 -0.00822427 0)
(0.0334536 -0.00895646 0)
(0.0367215 -0.00965817 0)
(0.0400753 -0.0103206 0)
(0.0435011 -0.0109346 0)
(0.0469827 -0.0114909 0)
(0.0505023 -0.0119799 0)
(0.0540402 -0.0123921 0)
(0.0575749 -0.0127176 0)
(0.0610831 -0.0129471 0)
(0.0645402 -0.0130712 0)
(0.0679201 -0.0130814 0)
(0.0711961 -0.0129702 0)
(0.0743413 -0.0127314 0)
(0.0773292 -0.0123608 0)
(0.0801349 -0.0118566 0)
(0.0827354 -0.0112195 0)
(0.0851108 -0.0104535 0)
(0.087245 -0.00956552 0)
(0.0891255 -0.00856587 0)
(0.0907443 -0.00746759 0)
(0.0920969 -0.00628629 0)
(0.0931821 -0.00503961 0)
(0.0940013 -0.0037467 0)
(0.0945572 -0.00242768 0)
(0.094853 -0.00110328 0)
(0.0948913 0.000205576 0)
(0.0946737 0.00147793 0)
(0.0941996 0.00269298 0)
(0.093467 0.00383013 0)
(0.0924718 0.00486909 0)
(0.0912085 0.00579 0)
(0.0896717 0.00657361 0)
(0.0878574 0.00720181 0)
(0.0857655 0.0076585 0)
(0.0834036 0.00793102 0)
(0.0807911 0.00801194 0)
(0.0779627 0.00790109 0)
(0.0749711 0.0076074 0)
(0.0718864 0.00714988 0)
(0.0687913 0.00655701 0)
(0.0657743 0.00586399 0)
(0.0629193 0.00510824 0)
(0.0602967 0.00432409 0)
(0.0579573 0.00353864 0)
(0.0559296 0.00276977 0)
(0.0542223 0.00202687 0)
(0.0528278 0.00131316 0)
(0.0517284 0.000628667 0)
(0.0509005 -2.72958e-05 0)
(0.0503187 -0.000654578 0)
(0.0499581 -0.00125153 0)
(0.0497955 -0.00181494 0)
(0.0498093 -0.00234026 0)
(0.0499801 -0.00282195 0)
(0.05029 -0.00325365 0)
(0.0507223 -0.00362844 0)
(0.0512607 -0.00393906 0)
(0.0518895 -0.00417811 0)
(0.052593 -0.00433858 0)
(0.053355 -0.00441439 0)
(0.0541591 -0.00440125 0)
(0.0549879 -0.00429764 0)
(0.0558242 -0.00410572 0)
(0.05665 -0.00383209 0)
(0.057448 -0.00348796 0)
(0.0582017 -0.00308891 0)
(0.0588964 -0.00265375 0)
(0.0595197 -0.00220307 0)
(0.0600623 -0.00175736 0)
(0.0605187 -0.00133517 0)
(0.0608875 -0.000951656 0)
(0.0611711 -0.000617568 0)
(0.0613756 -0.000338938 0)
(0.0615098 -0.000117315 0)
(0.0615844 4.95397e-05 0)
(0.0616113 0.000166698 0)
(0.0616021 0.000241031 0)
(0.0615675 0.000280257 0)
(0.0615169 0.000292157 0)
(0.0614583 0.000284004 0)
(0.0613975 0.000262202 0)
(0.061339 0.000232106 0)
(0.0612856 0.000197974 0)
(0.0612391 0.000163023 0)
(0.0612 0.000129537 0)
(0.0611685 9.90121e-05 0)
(0.0611441 7.2302e-05 0)
(0.0611259 4.97682e-05 0)
(0.0611131 3.14098e-05 0)
(0.0611048 1.6978e-05 0)
(0.0610999 6.0694e-06 0)
(0.0610978 -1.80024e-06 0)
(0.0610975 -7.14068e-06 0)
(0.0610986 -1.0448e-05 0)
(0.0611006 -1.21787e-05 0)
(0.061103 -1.27351e-05 0)
(0.0611056 -1.24584e-05 0)
(0.0611082 -1.16279e-05 0)
(0.0611107 -1.04646e-05 0)
(0.0611129 -9.13723e-06 0)
(0.0611148 -7.76895e-06 0)
(0.0611164 -6.4454e-06 0)
(0.0611178 -5.22189e-06 0)
(0.0611189 -4.13019e-06 0)
(0.0611197 -3.18451e-06 0)
(0.0611204 -2.38645e-06 0)
(0.0611209 -1.7291e-06 0)
(0.0611212 -1.20028e-06 0)
(0.0611215 -7.84934e-07 0)
(0.0611216 -4.66971e-07 0)
(0.0611217 -2.3047e-07 0)
(0.0611218 -6.05105e-08 0)
(0.0611218 5.63496e-08 0)
(0.0611218 1.3184e-07 0)
(0.0611218 1.75919e-07 0)
(0.0611217 1.9684e-07 0)
(0.0611217 2.01279e-07 0)
(0.0611216 1.94519e-07 0)
(0.0611216 1.80637e-07 0)
(0.0611216 1.62702e-07 0)
(0.0611215 1.42954e-07 0)
(0.0611215 1.22969e-07 0)
(0.0611215 1.03802e-07 0)
(0.0611215 8.61119e-08 0)
(0.0611214 7.02607e-08 0)
(0.0611214 5.63964e-08 0)
(0.0611214 4.45188e-08 0)
(0.0611214 3.45297e-08 0)
(0.0611214 2.62715e-08 0)
(0.0611214 1.95551e-08 0)
(0.0611214 1.41804e-08 0)
(0.0611214 9.95008e-09 0)
(0.0611214 6.6782e-09 0)
(0.0611214 4.19571e-09 0)
(0.0611214 2.35297e-09 0)
(0.0611214 1.02046e-09 0)
(0.0611214 8.82554e-11 0)
(0.0611214 -5.35314e-10 0)
(0.0611214 -9.25439e-10 0)
(0.0611214 -1.14283e-09 0)
(0.0611214 -1.23574e-09 0)
(0.0611214 -1.24187e-09 0)
(0.0611214 -1.19023e-09 0)
(0.0611214 -1.10265e-09 0)
(0.0611214 -9.95243e-10 0)
(0.0611214 -8.79571e-10 0)
(0.0611214 -7.63659e-10 0)
(0.0611214 -6.52824e-10 0)
(0.0611214 -5.50347e-10 0)
(0.0611214 -4.58016e-10 0)
(0.0611214 -3.76553e-10 0)
(0.0611214 -3.05938e-10 0)
(0.0611214 -2.45673e-10 0)
(0.0611214 -1.94959e-10 0)
(0.0611214 -1.52835e-10 0)
(0.0611214 -1.18285e-10 0)
(0.0611214 -9.02905e-11 0)
(0.0611214 -6.78907e-11 0)
(0.0611214 -5.01959e-11 0)
(0.0611214 -3.64048e-11 0)
(0.0611214 -2.58172e-11 0)
(0.0611214 -1.78147e-11 0)
(0.0611214 -1.18677e-11 0)
(0.0611214 -7.51101e-12 0)
(0.0611214 -4.48303e-12 0)
(0.0611214 -1.53748e-12 0)
(0.0611214 -6.23938e-13 0)
(-0.000710616 0.00306426 0)
(-0.00214644 0.00469099 0)
(-0.0026062 0.00497908 0)
(-0.00279736 0.00461373 0)
(-0.0025365 0.00422589 0)
(-0.00214808 0.00383635 0)
(-0.00157099 0.00350145 0)
(-0.000889067 0.00320379 0)
(-9.07605e-05 0.002937 0)
(0.000802352 0.00268874 0)
(0.00179265 0.00244734 0)
(0.00287549 0.00220217 0)
(0.00405265 0.00194274 0)
(0.00532455 0.00165997 0)
(0.00669332 0.0013456 0)
(0.00816082 0.000992767 0)
(0.00972933 0.000595878 0)
(0.011401 0.000150805 0)
(0.0131781 -0.000345173 0)
(0.0150626 -0.000893367 0)
(0.0170566 -0.00149376 0)
(0.019162 -0.00214507 0)
(0.0213802 -0.00284489 0)
(0.0237124 -0.00358974 0)
(0.0261591 -0.00437524 0)
(0.0287204 -0.00519612 0)
(0.0313951 -0.00604641 0)
(0.0341813 -0.00691944 0)
(0.0370757 -0.00780796 0)
(0.0400739 -0.00870413 0)
(0.0431699 -0.0095996 0)
(0.0463563 -0.0104855 0)
(0.0496239 -0.0113523 0)
(0.0529617 -0.0121902 0)
(0.056357 -0.0129886 0)
(0.0597949 -0.0137367 0)
(0.0632583 -0.0144232 0)
(0.0667284 -0.0150365 0)
(0.070184 -0.0155648 0)
(0.0736022 -0.015996 0)
(0.0769582 -0.0163183 0)
(0.0802258 -0.0165198 0)
(0.0833775 -0.0165895 0)
(0.0863856 -0.0165174 0)
(0.0892227 -0.016295 0)
(0.0918629 -0.0159162 0)
(0.0942834 -0.0153777 0)
(0.0964652 -0.0146798 0)
(0.0983948 -0.0138265 0)
(0.100065 -0.0128258 0)
(0.101474 -0.0116899 0)
(0.102627 -0.0104343 0)
(0.103535 -0.00907723 0)
(0.104214 -0.00763925 0)
(0.104682 -0.00614185 0)
(0.104958 -0.00460687 0)
(0.105062 -0.0030558 0)
(0.105011 -0.00150922 0)
(0.10482 1.3363e-05 0)
(0.104498 0.00149358 0)
(0.104051 0.00291403 0)
(0.10348 0.00425798 0)
(0.102781 0.00550905 0)
(0.101945 0.00665091 0)
(0.10096 0.00766711 0)
(0.099812 0.00854114 0)
(0.0984843 0.00925679 0)
(0.096962 0.00979885 0)
(0.0952327 0.0101541 0)
(0.0932902 0.0103123 0)
(0.0911373 0.0102682 0)
(0.0887894 0.0100224 0)
(0.0862764 0.00958325 0)
(0.0836433 0.00896745 0)
(0.0809488 0.00819986 0)
(0.0782604 0.00731193 0)
(0.0756481 0.00633884 0)
(0.0731771 0.00531601 0)
(0.0709015 0.00427566 0)
(0.0688604 0.00324439 0)
(0.0670767 0.00224211 0)
(0.065558 0.00128243 0)
(0.0642996 0.000373916 0)
(0.063288 -0.000478154 0)
(0.062504 -0.00127023 0)
(0.0619257 -0.00199923 0)
(0.0615301 -0.00266175 0)
(0.0612943 -0.0032536 0)
(0.0611967 -0.00376971 0)
(0.0612164 -0.00420418 0)
(0.0613344 -0.00455052 0)
(0.0615326 -0.00480219 0)
(0.0617945 -0.00495324 0)
(0.0621048 -0.00499923 0)
(0.0624495 -0.00493838 0)
(0.062816 -0.00477261 0)
(0.0631933 -0.00450844 0)
(0.0635718 -0.00415739 0)
(0.063943 -0.00373575 0)
(0.0642997 -0.00326363 0)
(0.0646355 -0.00276341 0)
(0.0649446 -0.00225798 0)
(0.0652222 -0.00176874 0)
(0.0654641 -0.00131408 0)
(0.0656675 -0.000908098 0)
(0.0658312 -0.000560094 0)
(0.0659554 -0.000274475 0)
(0.0660426 -5.12311e-05 0)
(0.0660963 0.000113267 0)
(0.0661215 0.000225279 0)
(0.0661238 0.00029267 0)
(0.0661089 0.000323981 0)
(0.0660821 0.000327661 0)
(0.0660484 0.000311512 0)
(0.0660117 0.00028233 0)
(0.0659751 0.000245733 0)
(0.0659407 0.000206128 0)
(0.06591 0.00016678 0)
(0.0658837 0.000129941 0)
(0.0658621 9.70149e-05 0)
(0.0658451 6.87291e-05 0)
(0.0658322 4.53e-05 0)
(0.0658229 2.65793e-05 0)
(0.0658166 1.21795e-05 0)
(0.0658128 1.57479e-06 0)
(0.0658109 -5.82193e-06 0)
(0.0658104 -1.06023e-05 0)
(0.0658108 -1.33241e-05 0)
(0.065812 -1.44879e-05 0)
(0.0658134 -1.45245e-05 0)
(0.0658151 -1.37914e-05 0)
(0.0658167 -1.2575e-05 0)
(0.0658183 -1.10967e-05 0)
(0.0658198 -9.52071e-06 0)
(0.065821 -7.96326e-06 0)
(0.0658221 -6.50157e-06 0)
(0.065823 -5.18219e-06 0)
(0.0658237 -4.02846e-06 0)
(0.0658243 -3.04693e-06 0)
(0.0658248 -2.23251e-06 0)
(0.0658251 -1.5727e-06 0)
(0.0658253 -1.0508e-06 0)
(0.0658255 -6.48199e-07 0)
(0.0658256 -3.46113e-07 0)
(0.0658257 -1.26672e-07 0)
(0.0658257 2.64004e-08 0)
(0.0658257 1.27425e-07 0)
(0.0658257 1.88648e-07 0)
(0.0658257 2.20279e-07 0)
(0.0658257 2.3063e-07 0)
(0.0658257 2.26311e-07 0)
(0.0658256 2.12458e-07 0)
(0.0658256 1.9296e-07 0)
(0.0658256 1.70682e-07 0)
(0.0658256 1.47656e-07 0)
(0.0658256 1.25268e-07 0)
(0.0658255 1.044e-07 0)
(0.0658255 8.55572e-08 0)
(0.0658255 6.89744e-08 0)
(0.0658255 5.46929e-08 0)
(0.0658255 4.26257e-08 0)
(0.0658255 3.26063e-08 0)
(0.0658255 2.44236e-08 0)
(0.0658255 1.78486e-08 0)
(0.0658255 1.26512e-08 0)
(0.0658255 8.61273e-09 0)
(0.0658255 5.53268e-09 0)
(0.0658255 3.23237e-09 0)
(0.0658255 1.55639e-09 0)
(0.0658255 3.72258e-10 0)
(0.0658255 -4.30979e-10 0)
(0.0658255 -9.44666e-10 0)
(0.0658255 -1.24282e-09 0)
(0.0658255 -1.3845e-09 0)
(0.0658255 -1.41605e-09 0)
(0.0658255 -1.37323e-09 0)
(0.0658255 -1.28313e-09 0)
(0.0658255 -1.16584e-09 0)
(0.0658255 -1.0359e-09 0)
(0.0658255 -9.03478e-10 0)
(0.0658255 -7.75422e-10 0)
(0.0658255 -6.56044e-10 0)
(0.0658255 -5.47798e-10 0)
(0.0658255 -4.51796e-10 0)
(0.0658255 -3.68216e-10 0)
(0.0658255 -2.9661e-10 0)
(0.0658255 -2.36141e-10 0)
(0.0658255 -1.85753e-10 0)
(0.0658255 -1.44293e-10 0)
(0.0658255 -1.10599e-10 0)
(0.0658255 -8.35533e-11 0)
(0.0658255 -6.21198e-11 0)
(0.0658255 -4.53607e-11 0)
(0.0658255 -3.24434e-11 0)
(0.0658255 -2.26362e-11 0)
(0.0658255 -1.53072e-11 0)
(0.0658255 -9.88943e-12 0)
(0.0658255 -5.94194e-12 0)
(0.0658255 -2.20442e-12 0)
(0.0658255 -9.77381e-13 0)
(-0.000182864 0.00563093 0)
(-0.000129125 0.00560053 0)
(0.00105965 0.00500629 0)
(0.00233317 0.00400388 0)
(0.00391387 0.00331997 0)
(0.00550202 0.00278015 0)
(0.00717394 0.00233919 0)
(0.00886153 0.0019657 0)
(0.0105852 0.00162873 0)
(0.0123367 0.00131398 0)
(0.0141253 0.00100567 0)
(0.015955 0.000692809 0)
(0.0178327 0.000364554 0)
(0.0197637 1.188e-05 0)
(0.0217532 -0.000373389 0)
(0.0238057 -0.000798102 0)
(0.025925 -0.00126791 0)
(0.0281146 -0.00178711 0)
(0.0303773 -0.00235868 0)
(0.0327158 -0.00298419 0)
(0.0351322 -0.00366389 0)
(0.0376282 -0.00439671 0)
(0.0402049 -0.0051803 0)
(0.0428628 -0.00601112 0)
(0.0456018 -0.00688447 0)
(0.0484204 -0.00779461 0)
(0.0513163 -0.00873483 0)
(0.0542857 -0.00969754 0)
(0.0573234 -0.0106744 0)
(0.0604226 -0.0116563 0)
(0.0635748 -0.0126334 0)
(0.0667699 -0.0135953 0)
(0.0699958 -0.0145307 0)
(0.0732384 -0.0154277 0)
(0.0764812 -0.0162735 0)
(0.0797057 -0.017055 0)
(0.0828906 -0.0177581 0)
(0.0860123 -0.0183688 0)
(0.089045 -0.0188725 0)
(0.0919609 -0.0192546 0)
(0.0947304 -0.0195008 0)
(0.0973232 -0.0195971 0)
(0.0997092 -0.0195311 0)
(0.10186 -0.0192923 0)
(0.10375 -0.0188731 0)
(0.105359 -0.0182699 0)
(0.106676 -0.0174836 0)
(0.107695 -0.0165202 0)
(0.108423 -0.0153912 0)
(0.108876 -0.0141127 0)
(0.109079 -0.0127053 0)
(0.109063 -0.0111923 0)
(0.108867 -0.00959887 0)
(0.108529 -0.00795027 0)
(0.108089 -0.00627086 0)
(0.107584 -0.00458312 0)
(0.107044 -0.00290711 0)
(0.106494 -0.00126031 0)
(0.105954 0.000342242 0)
(0.105434 0.00188755 0)
(0.104938 0.00336411 0)
(0.104463 0.00476132 0)
(0.104003 0.00606889 0)
(0.103543 0.0072763 0)
(0.103067 0.00837242 0)
(0.102554 0.00934527 0)
(0.101979 0.010182 0)
(0.101318 0.0108691 0)
(0.100544 0.0113931 0)
(0.0996353 0.0117411 0)
(0.0985699 0.011902 0)
(0.0973333 0.011868 0)
(0.0959191 0.0116358 0)
(0.0943307 0.0112083 0)
(0.0925838 0.0105954 0)
(0.0907058 0.00981452 0)
(0.0887351 0.00889 0)
(0.086718 0.00785142 0)
(0.0847044 0.00673148 0)
(0.0827435 0.00556334 0)
(0.0808787 0.0043783 0)
(0.0791453 0.00320398 0)
(0.0775678 0.00206335 0)
(0.0761603 0.000974594 0)
(0.074927 -4.83734e-05 0)
(0.073864 -0.000995042 0)
(0.0729611 -0.00185728 0)
(0.0722038 -0.00262838 0)
(0.0715751 -0.00330238 0)
(0.0710569 -0.00387353 0)
(0.0706307 -0.00433623 0)
(0.0702792 -0.00468516 0)
(0.0699862 -0.00491587 0)
(0.0697381 -0.0050256 0)
(0.0695235 -0.00501437 0)
(0.0693344 -0.00488603 0)
(0.0691658 -0.00464907 0)
(0.0690157 -0.00431688 0)
(0.0688844 -0.00390732 0)
(0.0687736 -0.00344167 0)
(0.0686853 -0.00294303 0)
(0.0686207 -0.00243453 0)
(0.0685794 -0.00193764 0)
(0.0685592 -0.00147076 0)
(0.0685563 -0.00104836 0)
(0.0685658 -0.00068043 0)
(0.0685823 -0.000372491 0)
(0.0686009 -0.00012591 0)
(0.0686176 6.14848e-05 0)
(0.0686294 0.000194626 0)
(0.068635 0.000280345 0)
(0.0686341 0.000326529 0)
(0.0686272 0.000341377 0)
(0.0686154 0.000332792 0)
(0.0686004 0.000307938 0)
(0.0685835 0.000272971 0)
(0.0685661 0.000232907 0)
(0.0685494 0.000191618 0)
(0.068534 0.000151904 0)
(0.0685206 0.000115631 0)
(0.0685093 8.38837e-05 0)
(0.0685003 5.71383e-05 0)
(0.0684933 3.54154e-05 0)
(0.0684882 1.84215e-05 0)
(0.0684847 5.66709e-06 0)
(0.0684825 -3.44067e-06 0)
(0.0684813 -9.5269e-06 0)
(0.068481 -1.31992e-05 0)
(0.0684811 -1.50148e-05 0)
(0.0684816 -1.54624e-05 0)
(0.0684824 -1.49535e-05 0)
(0.0684832 -1.38227e-05 0)
(0.0684841 -1.23321e-05 0)
(0.0684849 -1.06791e-05 0)
(0.0684857 -9.00612e-06 0)
(0.0684864 -7.40986e-06 0)
(0.0684869 -5.95102e-06 0)
(0.0684874 -4.66257e-06 0)
(0.0684878 -3.55708e-06 0)
(0.0684881 -2.63282e-06 0)
(0.0684884 -1.87865e-06 0)
(0.0684885 -1.27785e-06 0)
(0.0684887 -8.10922e-07 0)
(0.0684888 -4.57644e-07 0)
(0.0684888 -1.9846e-07 0)
(0.0684889 -1.53437e-08 0)
(0.0684889 1.07722e-07 0)
(0.0684889 1.84538e-07 0)
(0.0684889 2.2669e-07 0)
(0.0684889 2.43668e-07 0)
(0.0684889 2.43067e-07 0)
(0.0684888 2.30824e-07 0)
(0.0684888 2.11467e-07 0)
(0.0684888 1.88355e-07 0)
(0.0684888 1.639e-07 0)
(0.0684888 1.39763e-07 0)
(0.0684888 1.17025e-07 0)
(0.0684888 9.63276e-08 0)
(0.0684888 7.79937e-08 0)
(0.0684888 6.2117e-08 0)
(0.0684888 4.86368e-08 0)
(0.0684888 3.73943e-08 0)
(0.0684888 2.81739e-08 0)
(0.0684888 2.07342e-08 0)
(0.0684888 1.48283e-08 0)
(0.0684888 1.02186e-08 0)
(0.0684887 6.68537e-09 0)
(0.0684887 4.03148e-09 0)
(0.0684887 2.08449e-09 0)
(0.0684887 6.96673e-10 0)
(0.0684887 -2.56191e-10 0)
(0.0684887 -8.76803e-10 0)
(0.0684887 -1.24871e-09 0)
(0.0684887 -1.43881e-09 0)
(0.0684887 -1.49981e-09 0)
(0.0684887 -1.47259e-09 0)
(0.0684887 -1.38822e-09 0)
(0.0684887 -1.26992e-09 0)
(0.0684887 -1.13455e-09 0)
(0.0684887 -9.94059e-10 0)
(0.0684887 -8.56562e-10 0)
(0.0684887 -7.27278e-10 0)
(0.0684887 -6.09278e-10 0)
(0.0684887 -5.04071e-10 0)
(0.0684887 -4.12069e-10 0)
(0.0684887 -3.32941e-10 0)
(0.0684887 -2.65887e-10 0)
(0.0684887 -2.09832e-10 0)
(0.0684887 -1.6357e-10 0)
(0.0684887 -1.25862e-10 0)
(0.0684887 -9.55055e-11 0)
(0.0684887 -7.13793e-11 0)
(0.0684887 -5.24612e-11 0)
(0.0684887 -3.78399e-11 0)
(0.0684887 -2.67138e-11 0)
(0.0684887 -1.83838e-11 0)
(0.0684887 -1.22289e-11 0)
(0.0684887 -7.72084e-12 0)
(0.0684887 -3.75893e-12 0)
(0.0684887 -2.246e-12 0)
(0.00509906 0.00196802 0)
(0.00767283 0.00296357 0)
(0.0126877 0.00249796 0)
(0.0160458 0.0018756 0)
(0.0192671 0.00124317 0)
(0.0220882 0.000726077 0)
(0.024722 0.000284787 0)
(0.0272059 -9.34894e-05 0)
(0.0295946 -0.000436594 0)
(0.0319192 -0.000761455 0)
(0.0342053 -0.00108383 0)
(0.0364721 -0.00141553 0)
(0.0387349 -0.0017668 0)
(0.0410058 -0.00214624 0)
(0.0432945 -0.00256128 0)
(0.0456088 -0.00301824 0)
(0.0479549 -0.00352232 0)
(0.0503376 -0.00407758 0)
(0.0527608 -0.00468685 0)
(0.0552272 -0.00535173 0)
(0.0577386 -0.00607247 0)
(0.0602961 -0.00684803 0)
(0.0629 -0.00767599 0)
(0.0655494 -0.00855256 0)
(0.0682423 -0.00947265 0)
(0.0709758 -0.0104299 0)
(0.0737451 -0.0114166 0)
(0.076544 -0.0124241 0)
(0.0793644 -0.0134427 0)
(0.0821962 -0.0144617 0)
(0.0850274 -0.0154698 0)
(0.087844 -0.0164544 0)
(0.0906297 -0.0174023 0)
(0.0933657 -0.018299 0)
(0.0960305 -0.0191289 0)
(0.0985993 -0.0198756 0)
(0.101045 -0.020522 0)
(0.103335 -0.0210504 0)
(0.105439 -0.0214431 0)
(0.107321 -0.0216825 0)
(0.108946 -0.0217519 0)
(0.110281 -0.0216364 0)
(0.111296 -0.021324 0)
(0.11197 -0.0208067 0)
(0.112288 -0.0200822 0)
(0.11225 -0.0191548 0)
(0.11187 -0.0180355 0)
(0.111175 -0.0167426 0)
(0.110209 -0.0153002 0)
(0.109024 -0.0137372 0)
(0.107684 -0.0120846 0)
(0.106252 -0.010374 0)
(0.104793 -0.008635 0)
(0.103366 -0.00689387 0)
(0.102021 -0.00517246 0)
(0.100798 -0.00348786 0)
(0.0997252 -0.0018527 0)
(0.0988194 -0.000275836 0)
(0.0980878 0.00123671 0)
(0.0975282 0.00268068 0)
(0.0971316 0.00405261 0)
(0.096883 0.00534897 0)
(0.0967633 0.00656558 0)
(0.09675 0.0076971 0)
(0.0968186 0.00873678 0)
(0.0969425 0.00967637 0)
(0.0970939 0.0105062 0)
(0.0972441 0.0112152 0)
(0.0973636 0.0117914 0)
(0.0974233 0.0122225 0)
(0.0973946 0.0124964 0)
(0.0972514 0.0126022 0)
(0.0969708 0.0125312 0)
(0.0965354 0.0122787 0)
(0.0959348 0.0118447 0)
(0.095167 0.0112352 0)
(0.0942394 0.0104628 0)
(0.0931685 0.00954636 0)
(0.0919791 0.00851023 0)
(0.0907016 0.0073828 0)
(0.0893697 0.00619454 0)
(0.088017 0.00497605 0)
(0.0866741 0.00375635 0)
(0.085367 0.0025617 0)
(0.084115 0.00141485 0)
(0.0829309 0.000334962 0)
(0.0818207 -0.000662159 0)
(0.0807849 -0.00156356 0)
(0.0798194 -0.0023586 0)
(0.0789169 -0.00303844 0)
(0.0780682 -0.0035958 0)
(0.0772636 -0.00402501 0)
(0.0764944 -0.00432238 0)
(0.0757537 -0.00448687 0)
(0.0750374 -0.004521 0)
(0.0743451 -0.00443162 0)
(0.0736798 -0.00423036 0)
(0.0730477 -0.00393353 0)
(0.0724573 -0.00356117 0)
(0.0719175 -0.00313574 0)
(0.0714365 -0.00268027 0)
(0.0710203 -0.00221672 0)
(0.0706715 -0.0017646 0)
(0.0703893 -0.00134003 0)
(0.0701694 -0.000955323 0)
(0.070005 -0.000618901 0)
(0.0698874 -0.000335467 0)
(0.0698074 -0.000106379 0)
(0.0697561 6.98692e-05 0)
(0.0697252 0.000197083 0)
(0.0697081 0.000280753 0)
(0.0696994 0.000327429 0)
(0.0696953 0.000344139 0)
(0.0696932 0.000337869 0)
(0.0696916 0.000315151 0)
(0.0696898 0.000281771 0)
(0.0696874 0.000242594 0)
(0.0696846 0.000201494 0)
(0.0696814 0.000161376 0)
(0.0696782 0.000124253 0)
(0.0696752 9.13746e-05 0)
(0.0696725 6.33633e-05 0)
(0.0696702 4.03612e-05 0)
(0.0696684 2.21644e-05 0)
(0.0696671 8.34074e-06 0)
(0.0696661 -1.67194e-06 0)
(0.0696655 -8.48979e-06 0)
(0.0696652 -1.27268e-05 0)
(0.0696651 -1.49568e-05 0)
(0.0696651 -1.56899e-05 0)
(0.0696653 -1.53615e-05 0)
(0.0696655 -1.43291e-05 0)
(0.0696658 -1.28756e-05 0)
(0.069666 -1.12166e-05 0)
(0.0696663 -9.50916e-06 0)
(0.0696665 -7.86158e-06 0)
(0.0696667 -6.34328e-06 0)
(0.0696669 -4.99348e-06 0)
(0.069667 -3.82897e-06 0)
(0.0696671 -2.85064e-06 0)
(0.0696672 -2.04876e-06 0)
(0.0696672 -1.40716e-06 0)
(0.0696673 -9.06271e-07 0)
(0.0696673 -5.25437e-07 0)
(0.0696674 -2.44437e-07 0)
(0.0696674 -4.44766e-08 0)
(0.0696674 9.12439e-08 0)
(0.0696674 1.77277e-07 0)
(0.0696674 2.25892e-07 0)
(0.0696674 2.47177e-07 0)
(0.0696674 2.49239e-07 0)
(0.0696674 2.3844e-07 0)
(0.0696674 2.1965e-07 0)
(0.0696674 1.965e-07 0)
(0.0696674 1.71611e-07 0)
(0.0696674 1.46803e-07 0)
(0.0696674 1.23272e-07 0)
(0.0696674 1.01744e-07 0)
(0.0696674 8.25949e-08 0)
(0.0696674 6.59551e-08 0)
(0.0696673 5.17844e-08 0)
(0.0696673 3.99335e-08 0)
(0.0696673 3.0189e-08 0)
(0.0696673 2.23064e-08 0)
(0.0696673 1.60329e-08 0)
(0.0696673 1.11231e-08 0)
(0.0696673 7.34883e-09 0)
(0.0696673 4.50443e-09 0)
(0.0696673 2.40938e-09 0)
(0.0696673 9.08572e-10 0)
(0.0696673 -1.28801e-10 0)
(0.0696673 -8.11138e-10 0)
(0.0696673 -1.22684e-09 0)
(0.0696673 -1.44685e-09 0)
(0.0696673 -1.52723e-09 0)
(0.0696673 -1.51152e-09 0)
(0.0696673 -1.43297e-09 0)
(0.0696673 -1.31644e-09 0)
(0.0696673 -1.18012e-09 0)
(0.0696673 -1.03691e-09 0)
(0.0696673 -8.95676e-10 0)
(0.0696673 -7.62149e-10 0)
(0.0696673 -6.39771e-10 0)
(0.0696673 -5.30299e-10 0)
(0.0696673 -4.34303e-10 0)
(0.0696673 -3.51544e-10 0)
(0.0696673 -2.81264e-10 0)
(0.0696673 -2.22399e-10 0)
(0.0696673 -1.73729e-10 0)
(0.0696673 -1.33992e-10 0)
(0.0696673 -1.01952e-10 0)
(0.0696673 -7.64499e-11 0)
(0.0696673 -5.64309e-11 0)
(0.0696673 -4.09504e-11 0)
(0.0696673 -2.91784e-11 0)
(0.0696673 -2.03935e-11 0)
(0.0696673 -1.39649e-11 0)
(0.0696673 -9.35073e-12 0)
(0.0696673 -5.68857e-12 0)
(0.0696673 -4.05611e-12 0)
(0.0344488 -3.78265e-06 0)
(0.0346131 -0.000153036 0)
(0.0349459 -0.00027415 0)
(0.0353994 -0.000339652 0)
(0.0359209 -0.000380462 0)
(0.0365937 -0.000461184 0)
(0.0373037 -0.000346324 0)
(0.0380232 -0.000792555 0)
(0.0908637 -7.34352e-06 0)
(0.0906429 -0.00013584 0)
(0.0905821 -0.000306668 0)
(0.0906267 -0.000480856 0)
(0.0907864 -0.000669059 0)
(0.0910383 -0.000859631 0)
(0.0914084 -0.00106726 0)
(0.0923262 -0.00175891 0)
(0.128437 -1.06692e-05 0)
(0.128259 -9.84869e-05 0)
(0.128174 -0.000230543 0)
(0.128138 -0.000397951 0)
(0.128133 -0.000593767 0)
(0.128159 -0.000821581 0)
(0.12826 -0.00116876 0)
(0.128273 -0.00161372 0)
(0.147212 -1.44283e-05 0)
(0.147034 -0.000108826 0)
(0.146937 -0.000231651 0)
(0.146874 -0.000383726 0)
(0.146824 -0.000568795 0)
(0.146783 -0.000806026 0)
(0.146727 -0.00109478 0)
(0.146663 -0.00147658 0)
(0.147217 -1.97233e-05 0)
(0.147038 -0.000116448 0)
(0.146928 -0.000224116 0)
(0.14684 -0.000353268 0)
(0.146747 -0.000515369 0)
(0.146631 -0.000717315 0)
(0.146481 -0.000975537 0)
(0.146268 -0.00129168 0)
(0.128451 -2.76237e-05 0)
(0.128254 -0.000132772 0)
(0.12811 -0.000227165 0)
(0.127969 -0.000331136 0)
(0.127802 -0.000460174 0)
(0.127594 -0.000626134 0)
(0.127326 -0.000833261 0)
(0.12698 -0.00108188 0)
(0.0908866 -4.20301e-05 0)
(0.0906054 -0.000112102 0)
(0.0903814 -0.000150959 0)
(0.0901533 -0.000201254 0)
(0.0898927 -0.000282043 0)
(0.0895751 -0.000397898 0)
(0.0891767 -0.00054653 0)
(0.0886727 -0.000719883 0)
(0.0344548 -4.81987e-05 0)
(0.0343628 -3.20795e-05 0)
(0.0342956 -3.63849e-06 0)
(0.0342216 -7.70181e-06 0)
(0.0340823 -4.33862e-05 0)
(0.0338484 -9.90565e-05 0)
(0.0335029 -0.000162141 0)
(0.0330387 -0.000222114 0)
(0.0407958 -0.00360932 0)
(0.0437758 -0.00337214 0)
(0.0464976 -0.00310319 0)
(0.0491601 -0.0028358 0)
(0.05163 -0.00272508 0)
(0.0539617 -0.00271579 0)
(0.0561803 -0.00278267 0)
(0.0583148 -0.00290165 0)
(0.0603877 -0.00306091 0)
(0.0624167 -0.00325487 0)
(0.064416 -0.0034826 0)
(0.0663969 -0.00374565 0)
(0.0683689 -0.00404704 0)
(0.0703399 -0.00439053 0)
(0.0723162 -0.00478007 0)
(0.074303 -0.00521947 0)
(0.0763045 -0.00571211 0)
(0.0783237 -0.00626071 0)
(0.0803627 -0.00686716 0)
(0.0824224 -0.00753234 0)
(0.084503 -0.00825599 0)
(0.0866037 -0.00903661 0)
(0.0887226 -0.00987134 0)
(0.0908565 -0.0107559 0)
(0.0930012 -0.0116844 0)
(0.0951506 -0.0126495 0)
(0.0972969 -0.0136422 0)
(0.0994301 -0.0146522 0)
(0.101538 -0.0156679 0)
(0.103605 -0.0166765 0)
(0.105614 -0.0176642 0)
(0.107545 -0.0186161 0)
(0.109374 -0.0195158 0)
(0.111075 -0.0203456 0)
(0.112618 -0.0210858 0)
(0.113967 -0.0217155 0)
(0.115086 -0.0222131 0)
(0.115933 -0.0225567 0)
(0.116467 -0.0227252 0)
(0.116648 -0.0226988 0)
(0.116443 -0.022461 0)
(0.115824 -0.0219994 0)
(0.114779 -0.0213082 0)
(0.11331 -0.02039 0)
(0.11144 -0.0192569 0)
(0.109216 -0.0179308 0)
(0.106701 -0.0164423 0)
(0.103977 -0.014829 0)
(0.101136 -0.0131318 0)
(0.0982774 -0.0113916 0)
(0.0954953 -0.00964544 0)
(0.0928756 -0.00792469 0)
(0.0904889 -0.00625297 0)
(0.0883874 -0.00464596 0)
(0.0866041 -0.00311196 0)
(0.0851538 -0.00165323 0)
(0.0840355 -0.000267753 0)
(0.0832366 0.00104892 0)
(0.0827358 0.00230194 0)
(0.0825065 0.0034959 0)
(0.0825194 0.00463384 0)
(0.0827442 0.00571683 0)
(0.0831508 0.00674369 0)
(0.0837095 0.00771105 0)
(0.0843915 0.00861344 0)
(0.0851688 0.00944354 0)
(0.0860138 0.0101924 0)
(0.086899 0.0108498 0)
(0.0877973 0.0114046 0)
(0.0886812 0.0118448 0)
(0.0895235 0.0121586 0)
(0.0902972 0.0123346 0)
(0.0909763 0.0123627 0)
(0.0915369 0.0122351 0)
(0.0919579 0.0119472 0)
(0.092223 0.0114987 0)
(0.0923211 0.0108943 0)
(0.0922481 0.0101443 0)
(0.0920066 0.00926449 0)
(0.0916059 0.00827548 0)
(0.0910609 0.00720184 0)
(0.0903906 0.00607064 0)
(0.0896163 0.00490997 0)
(0.0887593 0.00374754 0)
(0.0878397 0.0026095 0)
(0.0868747 0.0015197 0)
(0.0858782 0.000499195 0)
(0.0848603 -0.000433902 0)
(0.083828 -0.00126437 0)
(0.0827856 -0.0019798 0)
(0.081736 -0.0025706 0)
(0.0806816 -0.00303012 0)
(0.0796256 -0.00335504 0)
(0.0785733 -0.00354592 0)
(0.0775325 -0.00360776 0)
(0.0765143 -0.00355038 0)
(0.0755322 -0.00338828 0)
(0.0746009 -0.00313992 0)
(0.0737356 -0.00282634 0)
(0.072949 -0.00246944 0)
(0.072251 -0.0020903 0)
(0.0716469 -0.00170782 0)
(0.0711376 -0.00133783 0)
(0.0707199 -0.000992805 0)
(0.0703873 -0.00068186 0)
(0.0701307 -0.000411005 0)
(0.0699395 -0.000183488 0)
(0.069803 -1.4468e-07 0)
(0.0697102 0.000140247 0)
(0.0696514 0.000240598 0)
(0.0696177 0.00030512 0)
(0.0696019 0.000338916 0)
(0.0695981 0.000347565 0)
(0.0696018 0.000336737 0)
(0.0696095 0.000311853 0)
(0.069619 0.000277818 0)
(0.0696288 0.000238847 0)
(0.0696379 0.000198364 0)
(0.0696458 0.000158987 0)
(0.0696524 0.000122567 0)
(0.0696577 9.02739e-05 0)
(0.0696618 6.27084e-05 0)
(0.0696648 4.00198e-05 0)
(0.069667 2.20266e-05 0)
(0.0696684 8.32329e-06 0)
(0.0696693 -1.62722e-06 0)
(0.0696698 -8.42043e-06 0)
(0.0696699 -1.26548e-05 0)
(0.0696699 -1.48933e-05 0)
(0.0696698 -1.56393e-05 0)
(0.0696695 -1.5324e-05 0)
(0.0696692 -1.43031e-05 0)
(0.069669 -1.28588e-05 0)
(0.0696687 -1.12065e-05 0)
(0.0696684 -9.50359e-06 0)
(0.0696682 -7.85896e-06 0)
(0.069668 -6.34242e-06 0)
(0.0696678 -4.99356e-06 0)
(0.0696677 -3.82948e-06 0)
(0.0696676 -2.85128e-06 0)
(0.0696675 -2.04937e-06 0)
(0.0696674 -1.40767e-06 0)
(0.0696674 -9.06661e-07 0)
(0.0696674 -5.25717e-07 0)
(0.0696673 -2.44627e-07 0)
(0.0696673 -4.45982e-08 0)
(0.0696673 9.1171e-08 0)
(0.0696673 1.77237e-07 0)
(0.0696673 2.25872e-07 0)
(0.0696673 2.4717e-07 0)
(0.0696673 2.49239e-07 0)
(0.0696673 2.38442e-07 0)
(0.0696673 2.19654e-07 0)
(0.0696673 1.96504e-07 0)
(0.0696673 1.71614e-07 0)
(0.0696673 1.46806e-07 0)
(0.0696673 1.23274e-07 0)
(0.0696673 1.01745e-07 0)
(0.0696673 8.25959e-08 0)
(0.0696673 6.59557e-08 0)
(0.0696673 5.17848e-08 0)
(0.0696673 3.99337e-08 0)
(0.0696673 3.01891e-08 0)
(0.0696673 2.23065e-08 0)
(0.0696673 1.60329e-08 0)
(0.0696673 1.11231e-08 0)
(0.0696673 7.34884e-09 0)
(0.0696673 4.50443e-09 0)
(0.0696673 2.40938e-09 0)
(0.0696673 9.08565e-10 0)
(0.0696673 -1.28808e-10 0)
(0.0696673 -8.11145e-10 0)
(0.0696673 -1.22684e-09 0)
(0.0696673 -1.44686e-09 0)
(0.0696673 -1.52723e-09 0)
(0.0696673 -1.51152e-09 0)
(0.0696673 -1.43297e-09 0)
(0.0696673 -1.31644e-09 0)
(0.0696673 -1.18011e-09 0)
(0.0696673 -1.03691e-09 0)
(0.0696673 -8.95676e-10 0)
(0.0696673 -7.62151e-10 0)
(0.0696673 -6.39775e-10 0)
(0.0696673 -5.30306e-10 0)
(0.0696673 -4.34313e-10 0)
(0.0696673 -3.5156e-10 0)
(0.0696673 -2.81287e-10 0)
(0.0696673 -2.22428e-10 0)
(0.0696673 -1.73769e-10 0)
(0.0696673 -1.34046e-10 0)
(0.0696673 -1.02029e-10 0)
(0.0696673 -7.65612e-11 0)
(0.0696673 -5.65899e-11 0)
(0.0696673 -4.11805e-11 0)
(0.0696673 -2.95134e-11 0)
(0.0696673 -2.08837e-11 0)
(0.0696673 -1.46893e-11 0)
(0.0696673 -1.04224e-11 0)
(0.0696673 -7.51163e-12 0)
(0.0696673 -6.00805e-12 0)
(0.0930125 -0.00230986 0)
(0.093124 -0.00283588 0)
(0.0934806 -0.00315767 0)
(0.0940051 -0.00339561 0)
(0.0946968 -0.00359464 0)
(0.0954985 -0.00378256 0)
(0.0963791 -0.00397136 0)
(0.0973151 -0.00416751 0)
(0.0982919 -0.00437591 0)
(0.0993 -0.00460127 0)
(0.100333 -0.00484867 0)
(0.101388 -0.00512345 0)
(0.102462 -0.00543107 0)
(0.103552 -0.00577689 0)
(0.104659 -0.006166 0)
(0.105779 -0.00660298 0)
(0.106913 -0.00709178 0)
(0.108058 -0.0076355 0)
(0.109212 -0.0082363 0)
(0.110372 -0.00889523 0)
(0.111536 -0.00961207 0)
(0.112697 -0.0103852 0)
(0.113853 -0.0112116 0)
(0.114995 -0.0120863 0)
(0.116115 -0.0130026 0)
(0.117204 -0.0139518 0)
(0.118248 -0.0149231 0)
(0.119233 -0.015904 0)
(0.12014 -0.01688 0)
(0.120944 -0.0178353 0)
(0.121621 -0.0187528 0)
(0.122137 -0.0196136 0)
(0.12246 -0.020397 0)
(0.122551 -0.0210798 0)
(0.122365 -0.0216365 0)
(0.121858 -0.0220401 0)
(0.120983 -0.0222641 0)
(0.119694 -0.0222836 0)
(0.117952 -0.0220773 0)
(0.11573 -0.0216292 0)
(0.113015 -0.0209314 0)
(0.109818 -0.0199865 0)
(0.106176 -0.0188096 0)
(0.102154 -0.0174289 0)
(0.0978463 -0.0158838 0)
(0.0933732 -0.0142226 0)
(0.0888709 -0.0124976 0)
(0.0844815 -0.0107615 0)
(0.0803398 -0.00906279 0)
(0.0765606 -0.00744089 0)
(0.0732294 -0.00592283 0)
(0.0703974 -0.00452147 0)
(0.0680829 -0.00323626 0)
(0.0662763 -0.0020563 0)
(0.064948 -0.000964443 0)
(0.0640565 5.84258e-05 0)
(0.0635553 0.00103012 0)
(0.0633975 0.00196506 0)
(0.0635389 0.00287339 0)
(0.0639398 0.00376091 0)
(0.0645644 0.00462952 0)
(0.0653817 0.00547787 0)
(0.0663637 0.00630197 0)
(0.0674853 0.0070958 0)
(0.0687234 0.00785174 0)
(0.0700559 0.00856096 0)
(0.0714616 0.00921364 0)
(0.072919 0.00979926 0)
(0.0744066 0.0103068 0)
(0.0759021 0.0107251 0)
(0.0773827 0.0110428 0)
(0.0788247 0.0112492 0)
(0.0802043 0.0113346 0)
(0.0814975 0.0112907 0)
(0.0826812 0.0111115 0)
(0.083734 0.0107943 0)
(0.0846369 0.01034 0)
(0.0853749 0.00975389 0)
(0.0859373 0.0090458 0)
(0.0863184 0.00823023 0)
(0.0865178 0.00732577 0)
(0.0865397 0.0063543 0)
(0.0863922 0.00533996 0)
(0.0860867 0.00430802 0)
(0.0856362 0.00328369 0)
(0.0850548 0.00229118 0)
(0.0843565 0.00135285 0)
(0.0835551 0.000488592 0)
(0.0826639 -0.000284553 0)
(0.0816962 -0.000952765 0)
(0.0806654 -0.00150574 0)
(0.0795863 -0.00193705 0)
(0.0784753 -0.00224459 0)
(0.0773511 -0.00243093 0)
(0.0762342 -0.00250345 0)
(0.0751465 -0.00247409 0)
(0.0741096 -0.00235847 0)
(0.0731427 -0.00217452 0)
(0.0722614 -0.00194099 0)
(0.0714763 -0.00167593 0)
(0.0707925 -0.00139566 0)
(0.0702103 -0.00111414 0)
(0.0697258 -0.00084272 0)
(0.069332 -0.000590288 0)
(0.0690203 -0.000363403 0)
(0.0687806 -0.000166542 0)
(0.0686029 -2.28154e-06 0)
(0.0684771 0.000128522 0)
(0.0683937 0.000226555 0)
(0.0683438 0.000293839 0)
(0.0683195 0.000333467 0)
(0.0683141 0.000349316 0)
(0.0683216 0.00034572 0)
(0.0683374 0.00032716 0)
(0.0683578 0.000297979 0)
(0.0683799 0.00026215 0)
(0.0684018 0.000223112 0)
(0.0684221 0.000183673 0)
(0.06844 0.000145977 0)
(0.0684552 0.00011153 0)
(0.0684675 8.12626e-05 0)
(0.0684772 5.56185e-05 0)
(0.0684845 3.46547e-05 0)
(0.0684898 1.8144e-05 0)
(0.0684933 5.66809e-06 0)
(0.0684954 -3.30145e-06 0)
(0.0684965 -9.33817e-06 0)
(0.0684968 -1.30116e-05 0)
(0.0684965 -1.48533e-05 0)
(0.068496 -1.53355e-05 0)
(0.0684952 -1.48608e-05 0)
(0.0684943 -1.37591e-05 0)
(0.0684934 -1.22912e-05 0)
(0.0684926 -1.06548e-05 0)
(0.0684918 -8.99298e-06 0)
(0.0684911 -7.40386e-06 0)
(0.0684905 -5.94923e-06 0)
(0.0684901 -4.66301e-06 0)
(0.0684897 -3.5585e-06 0)
(0.0684894 -2.6345e-06 0)
(0.0684891 -1.88023e-06 0)
(0.068489 -1.27915e-06 0)
(0.0684888 -8.11913e-07 0)
(0.0684887 -4.58352e-07 0)
(0.0684887 -1.98939e-07 0)
(0.0684886 -1.56489e-08 0)
(0.0684886 1.07539e-07 0)
(0.0684886 1.84438e-07 0)
(0.0684886 2.26642e-07 0)
(0.0684886 2.43651e-07 0)
(0.0684886 2.43066e-07 0)
(0.0684887 2.30831e-07 0)
(0.0684887 2.11477e-07 0)
(0.0684887 1.88365e-07 0)
(0.0684887 1.63909e-07 0)
(0.0684887 1.3977e-07 0)
(0.0684887 1.17029e-07 0)
(0.0684887 9.63311e-08 0)
(0.0684887 7.79961e-08 0)
(0.0684887 6.21185e-08 0)
(0.0684887 4.86378e-08 0)
(0.0684887 3.73948e-08 0)
(0.0684887 2.81743e-08 0)
(0.0684887 2.07344e-08 0)
(0.0684887 1.48284e-08 0)
(0.0684887 1.02186e-08 0)
(0.0684887 6.68538e-09 0)
(0.0684887 4.03147e-09 0)
(0.0684887 2.08447e-09 0)
(0.0684887 6.96656e-10 0)
(0.0684887 -2.56209e-10 0)
(0.0684887 -8.76818e-10 0)
(0.0684887 -1.24872e-09 0)
(0.0684887 -1.43881e-09 0)
(0.0684887 -1.49981e-09 0)
(0.0684887 -1.47258e-09 0)
(0.0684887 -1.38822e-09 0)
(0.0684887 -1.26991e-09 0)
(0.0684887 -1.13454e-09 0)
(0.0684887 -9.94051e-10 0)
(0.0684887 -8.56558e-10 0)
(0.0684887 -7.27281e-10 0)
(0.0684887 -6.09289e-10 0)
(0.0684887 -5.0409e-10 0)
(0.0684887 -4.12099e-10 0)
(0.0684887 -3.32986e-10 0)
(0.0684887 -2.65951e-10 0)
(0.0684887 -2.09919e-10 0)
(0.0684887 -1.63686e-10 0)
(0.0684887 -1.26023e-10 0)
(0.0684887 -9.57315e-11 0)
(0.0684887 -7.17001e-11 0)
(0.0684887 -5.29194e-11 0)
(0.0684887 -3.84995e-11 0)
(0.0684887 -2.76705e-11 0)
(0.0684887 -1.97744e-11 0)
(0.0684887 -1.42781e-11 0)
(0.0684887 -1.07304e-11 0)
(0.0684887 -8.92e-12 0)
(0.0684887 -7.78164e-12 0)
(0.128219 -0.00226767 0)
(0.128182 -0.00281702 0)
(0.128129 -0.00324439 0)
(0.128126 -0.00357855 0)
(0.128177 -0.00385712 0)
(0.128279 -0.00410498 0)
(0.128422 -0.00433803 0)
(0.128598 -0.00456681 0)
(0.128798 -0.0047992 0)
(0.129016 -0.00504191 0)
(0.129246 -0.00530119 0)
(0.129483 -0.00558315 0)
(0.129724 -0.0058937 0)
(0.129965 -0.00623854 0)
(0.130202 -0.00662301 0)
(0.130431 -0.00705191 0)
(0.130648 -0.00752935 0)
(0.130848 -0.00805857 0)
(0.131027 -0.00864179 0)
(0.131177 -0.00928004 0)
(0.131292 -0.00997301 0)
(0.131363 -0.0107189 0)
(0.131383 -0.011514 0)
(0.131338 -0.0123528 0)
(0.131216 -0.0132273 0)
(0.131001 -0.0141269 0)
(0.130674 -0.0150379 0)
(0.130209 -0.0159437 0)
(0.129577 -0.016825 0)
(0.128743 -0.0176603 0)
(0.127669 -0.0184268 0)
(0.126312 -0.0190997 0)
(0.124628 -0.0196524 0)
(0.12257 -0.0200558 0)
(0.120091 -0.0202792 0)
(0.117144 -0.0202931 0)
(0.113688 -0.0200722 0)
(0.109693 -0.019598 0)
(0.105151 -0.0188618 0)
(0.100087 -0.0178665 0)
(0.0945649 -0.0166281 0)
(0.0886937 -0.0151782 0)
(0.0826248 -0.0135648 0)
(0.0765429 -0.0118524 0)
(0.0706488 -0.0101178 0)
(0.0651358 -0.00844139 0)
(0.0601651 -0.0068941 0)
(0.055847 -0.0055249 0)
(0.0522333 -0.00435306 0)
(0.0493219 -0.00336865 0)
(0.0470702 -0.00254022 0)
(0.0454114 -0.00182595 0)
(0.0442697 -0.00118378 0)
(0.0435707 -0.000578175 0)
(0.0432479 1.71413e-05 0)
(0.0432451 0.000619143 0)
(0.0435165 0.00123701 0)
(0.0440254 0.00187403 0)
(0.0447426 0.00252932 0)
(0.0456444 0.00319922 0)
(0.046711 0.00387818 0)
(0.0479255 0.0045594 0)
(0.0492725 0.00523523 0)
(0.0507374 0.00589737 0)
(0.0523062 0.00653702 0)
(0.0539644 0.00714501 0)
(0.055697 0.00771183 0)
(0.0574883 0.00822772 0)
(0.0593216 0.00868281 0)
(0.0611788 0.00906721 0)
(0.0630407 0.00937122 0)
(0.064887 0.00958559 0)
(0.0666959 0.00970187 0)
(0.0684453 0.00971281 0)
(0.0701123 0.00961289 0)
(0.0716743 0.00939891 0)
(0.0731098 0.0090705 0)
(0.0743988 0.00863064 0)
(0.0755242 0.00808597 0)
(0.0764721 0.00744693 0)
(0.0772325 0.00672755 0)
(0.0777996 0.00594506 0)
(0.0781719 0.00511913 0)
(0.0783521 0.00427108 0)
(0.0783463 0.00342281 0)
(0.0781642 0.00259593 0)
(0.0778181 0.0018108 0)
(0.077323 0.00108574 0)
(0.0766963 0.000436344 0)
(0.075958 -0.000125152 0)
(0.0751304 -0.000590392 0)
(0.0742382 -0.000955299 0)
(0.0733077 -0.00122024 0)
(0.072366 -0.00138985 0)
(0.0714391 -0.00147244 0)
(0.0705507 -0.00147901 0)
(0.0697202 -0.00142218 0)
(0.0689619 -0.0013151 0)
(0.0682847 -0.00117063 0)
(0.0676923 -0.00100083 0)
(0.0671845 -0.00081669 0)
(0.0667581 -0.000627991 0)
(0.0664078 -0.000443251 0)
(0.0661272 -0.000269642 0)
(0.0659093 -0.000112912 0)
(0.0657469 2.26969e-05 0)
(0.0656326 0.000134485 0)
(0.065559 0.000221267 0)
(0.065519 0.000283264 0)
(0.0655057 0.000321923 0)
(0.0655128 0.000339666 0)
(0.0655343 0.000339607 0)
(0.0655653 0.000325255 0)
(0.0656015 0.00030023 0)
(0.0656394 0.000268021 0)
(0.0656765 0.000231786 0)
(0.065711 0.000194227 0)
(0.0657415 0.000157507 0)
(0.0657676 0.000123239 0)
(0.065789 9.25095e-05 0)
(0.065806 6.5934e-05 0)
(0.0658188 4.37387e-05 0)
(0.0658281 2.58454e-05 0)
(0.0658343 1.19575e-05 0)
(0.0658381 1.63751e-06 0)
(0.06584 -5.62613e-06 0)
(0.0658406 -1.03667e-05 0)
(0.0658401 -1.31004e-05 0)
(0.065839 -1.43e-05 0)
(0.0658376 -1.43792e-05 0)
(0.0658359 -1.36864e-05 0)
(0.0658343 -1.25037e-05 0)
(0.0658327 -1.10513e-05 0)
(0.0658312 -9.4939e-06 0)
(0.06583 -7.94901e-06 0)
(0.0658289 -6.49525e-06 0)
(0.065828 -5.18051e-06 0)
(0.0658272 -4.02921e-06 0)
(0.0658267 -3.04872e-06 0)
(0.0658262 -2.23455e-06 0)
(0.0658259 -1.57459e-06 0)
(0.0658256 -1.05234e-06 0)
(0.0658255 -6.49373e-07 0)
(0.0658254 -3.46952e-07 0)
(0.0658253 -1.27239e-07 0)
(0.0658253 2.60378e-08 0)
(0.0658252 1.27207e-07 0)
(0.0658252 1.88528e-07 0)
(0.0658253 2.20221e-07 0)
(0.0658253 2.30608e-07 0)
(0.0658253 2.26309e-07 0)
(0.0658253 2.12466e-07 0)
(0.0658254 1.92972e-07 0)
(0.0658254 1.70693e-07 0)
(0.0658254 1.47666e-07 0)
(0.0658254 1.25276e-07 0)
(0.0658254 1.04406e-07 0)
(0.0658254 8.55615e-08 0)
(0.0658255 6.89774e-08 0)
(0.0658255 5.46948e-08 0)
(0.0658255 4.26269e-08 0)
(0.0658255 3.2607e-08 0)
(0.0658255 2.44241e-08 0)
(0.0658255 1.78488e-08 0)
(0.0658255 1.26513e-08 0)
(0.0658255 8.61279e-09 0)
(0.0658255 5.53269e-09 0)
(0.0658255 3.23236e-09 0)
(0.0658255 1.55638e-09 0)
(0.0658255 3.72238e-10 0)
(0.0658255 -4.30999e-10 0)
(0.0658255 -9.44684e-10 0)
(0.0658255 -1.24284e-09 0)
(0.0658255 -1.38452e-09 0)
(0.0658255 -1.41606e-09 0)
(0.0658255 -1.37323e-09 0)
(0.0658255 -1.28313e-09 0)
(0.0658255 -1.16584e-09 0)
(0.0658255 -1.03589e-09 0)
(0.0658255 -9.03475e-10 0)
(0.0658255 -7.7542e-10 0)
(0.0658255 -6.5605e-10 0)
(0.0658255 -5.47814e-10 0)
(0.0658255 -4.51827e-10 0)
(0.0658255 -3.68265e-10 0)
(0.0658255 -2.96682e-10 0)
(0.0658255 -2.3624e-10 0)
(0.0658255 -1.85888e-10 0)
(0.0658255 -1.44478e-10 0)
(0.0658255 -1.10852e-10 0)
(0.0658255 -8.39049e-11 0)
(0.0658255 -6.26126e-11 0)
(0.0658255 -4.60604e-11 0)
(0.0658255 -3.34433e-11 0)
(0.0658255 -2.40753e-11 0)
(0.0658255 -1.73792e-11 0)
(0.0658255 -1.29166e-11 0)
(0.0658255 -1.02932e-11 0)
(0.0658255 -9.779e-12 0)
(0.0658255 -9.1425e-12 0)
(0.146534 -0.00190737 0)
(0.146284 -0.00235293 0)
(0.145974 -0.00276555 0)
(0.145638 -0.00313403 0)
(0.145298 -0.00346308 0)
(0.14496 -0.00376174 0)
(0.144624 -0.00403899 0)
(0.144285 -0.00430301 0)
(0.143939 -0.00456131 0)
(0.143579 -0.00482106 0)
(0.143202 -0.00508917 0)
(0.142803 -0.00537238 0)
(0.142375 -0.00567716 0)
(0.141915 -0.00600966 0)
(0.141416 -0.0063755 0)
(0.140872 -0.00677967 0)
(0.140276 -0.00722635 0)
(0.139618 -0.00771869 0)
(0.138891 -0.00825873 0)
(0.138082 -0.00884709 0)
(0.137179 -0.00948288 0)
(0.136168 -0.0101633 0)
(0.135031 -0.0108835 0)
(0.13375 -0.0116358 0)
(0.132302 -0.0124092 0)
(0.130663 -0.013189 0)
(0.128804 -0.013956 0)
(0.126691 -0.0146875 0)
(0.124284 -0.0153579 0)
(0.121542 -0.0159407 0)
(0.118415 -0.0164094 0)
(0.114853 -0.0167376 0)
(0.11081 -0.0168977 0)
(0.106239 -0.0168589 0)
(0.101106 -0.0165879 0)
(0.0953939 -0.0160529 0)
(0.0891283 -0.0152327 0)
(0.0823889 -0.0141267 0)
(0.0753186 -0.0127613 0)
(0.0681188 -0.0111949 0)
(0.0610328 -0.00951984 0)
(0.0543156 -0.00785238 0)
(0.0481949 -0.00631153 0)
(0.0428358 -0.00499184 0)
(0.0383197 -0.00394241 0)
(0.034645 -0.00316072 0)
(0.0317482 -0.00260333 0)
(0.0295317 -0.0022063 0)
(0.0278884 -0.00190488 0)
(0.0267176 -0.00164589 0)
(0.0259332 -0.001392 0)
(0.0254667 -0.00112036 0)
(0.0252667 -0.000818789 0)
(0.0252963 -0.000481789 0)
(0.0255294 -0.000107693 0)
(0.0259478 0.00030296 0)
(0.0265382 0.000748151 0)
(0.0272903 0.00122466 0)
(0.0281955 0.00172819 0)
(0.0292462 0.00225347 0)
(0.0304349 0.00279443 0)
(0.0317538 0.00334432 0)
(0.0331951 0.00389586 0)
(0.0347499 0.00444143 0)
(0.0364088 0.00497308 0)
(0.0381614 0.00548268 0)
(0.0399961 0.00596197 0)
(0.0419 0.0064026 0)
(0.0438588 0.00679625 0)
(0.0458571 0.00713473 0)
(0.0478777 0.00741008 0)
(0.0499022 0.00761481 0)
(0.0519107 0.00774212 0)
(0.0538823 0.00778622 0)
(0.0557952 0.00774266 0)
(0.0576273 0.0076088 0)
(0.0593567 0.00738415 0)
(0.0609621 0.00707077 0)
(0.0624242 0.00667353 0)
(0.0637257 0.00620026 0)
(0.0648526 0.00566165 0)
(0.0657946 0.00507097 0)
(0.0665454 0.00444358 0)
(0.0671035 0.00379627 0)
(0.0674717 0.00314643 0)
(0.0676577 0.00251116 0)
(0.0676736 0.00190647 0)
(0.0675356 0.00134637 0)
(0.0672639 0.000842293 0)
(0.0668814 0.000402554 0)
(0.066413 3.21847e-05 0)
(0.0658841 -0.000266952 0)
(0.0653195 -0.000495774 0)
(0.0647418 -0.000657431 0)
(0.0641702 -0.000756747 0)
(0.0636205 -0.000799776 0)
(0.0631044 -0.000793529 0)
(0.0626304 -0.000745794 0)
(0.062204 -0.000664977 0)
(0.0618288 -0.000559867 0)
(0.0615065 -0.000439306 0)
(0.0612372 -0.000311781 0)
(0.06102 -0.000185012 0)
(0.0608526 -6.5594e-05 0)
(0.0607317 4.12583e-05 0)
(0.0606529 0.000131838 0)
(0.0606109 0.000203952 0)
(0.0605999 0.000256821 0)
(0.060614 0.000290899 0)
(0.0606469 0.000307639 0)
(0.060693 0.00030923 0)
(0.0607471 0.00029833 0)
(0.0608047 0.000277811 0)
(0.0608621 0.000250537 0)
(0.0609165 0.000219182 0)
(0.060966 0.000186095 0)
(0.0610094 0.000153224 0)
(0.061046 0.000122069 0)
(0.0610758 9.3697e-05 0)
(0.0610992 6.87669e-05 0)
(0.0611167 4.75909e-05 0)
(0.0611292 3.01992e-05 0)
(0.0611375 1.64103e-05 0)
(0.0611424 5.8975e-06 0)
(0.0611446 -1.75204e-06 0)
(0.061145 -6.98915e-06 0)
(0.0611439 -1.02649e-05 0)
(0.061142 -1.2004e-05 0)
(0.0611397 -1.25874e-05 0)
(0.0611371 -1.23433e-05 0)
(0.0611345 -1.1544e-05 0)
(0.0611321 -1.0407e-05 0)
(0.0611299 -9.10007e-06 0)
(0.061128 -7.74664e-06 0)
(0.0611264 -6.43324e-06 0)
(0.061125 -5.21624e-06 0)
(0.0611239 -4.12844e-06 0)
(0.0611231 -3.18486e-06 0)
(0.0611224 -2.38775e-06 0)
(0.0611219 -1.73069e-06 0)
(0.0611216 -1.20179e-06 0)
(0.0611213 -7.86202e-07 0)
(0.0611212 -4.67954e-07 0)
(0.0611211 -2.31186e-07 0)
(0.061121 -6.10038e-08 0)
(0.061121 5.60278e-08 0)
(0.061121 1.31642e-07 0)
(0.061121 1.75807e-07 0)
(0.0611211 1.96782e-07 0)
(0.0611211 2.01255e-07 0)
(0.0611212 1.94514e-07 0)
(0.0611212 1.80642e-07 0)
(0.0611212 1.62711e-07 0)
(0.0611213 1.42963e-07 0)
(0.0611213 1.22977e-07 0)
(0.0611213 1.03809e-07 0)
(0.0611213 8.61172e-08 0)
(0.0611213 7.02645e-08 0)
(0.0611214 5.63991e-08 0)
(0.0611214 4.45206e-08 0)
(0.0611214 3.45309e-08 0)
(0.0611214 2.62722e-08 0)
(0.0611214 1.95555e-08 0)
(0.0611214 1.41807e-08 0)
(0.0611214 9.95023e-09 0)
(0.0611214 6.67828e-09 0)
(0.0611214 4.19575e-09 0)
(0.0611214 2.35298e-09 0)
(0.0611214 1.02046e-09 0)
(0.0611214 8.82466e-11 0)
(0.0611214 -5.35326e-10 0)
(0.0611214 -9.25454e-10 0)
(0.0611214 -1.14285e-09 0)
(0.0611214 -1.23576e-09 0)
(0.0611214 -1.24189e-09 0)
(0.0611214 -1.19025e-09 0)
(0.0611214 -1.10267e-09 0)
(0.0611214 -9.95252e-10 0)
(0.0611214 -8.79576e-10 0)
(0.0611214 -7.63661e-10 0)
(0.0611214 -6.52826e-10 0)
(0.0611214 -5.50354e-10 0)
(0.0611214 -4.58034e-10 0)
(0.0611214 -3.76586e-10 0)
(0.0611214 -3.05995e-10 0)
(0.0611214 -2.45758e-10 0)
(0.0611214 -1.95079e-10 0)
(0.0611214 -1.53002e-10 0)
(0.0611214 -1.18512e-10 0)
(0.0611214 -9.06037e-11 0)
(0.0611214 -6.83226e-11 0)
(0.0611214 -5.07988e-11 0)
(0.0611214 -3.72547e-11 0)
(0.0611214 -2.70158e-11 0)
(0.0611214 -1.9526e-11 0)
(0.0611214 -1.42989e-11 0)
(0.0611214 -1.10296e-11 0)
(0.0611214 -9.29176e-12 0)
(0.0611214 -1.00621e-11 0)
(0.0611214 -9.93277e-12 0)
(0.14597 -0.00166058 0)
(0.145585 -0.00204317 0)
(0.145114 -0.0024095 0)
(0.144575 -0.002745 0)
(0.143978 -0.00304706 0)
(0.143331 -0.00331931 0)
(0.142635 -0.003568 0)
(0.141892 -0.00380029 0)
(0.141098 -0.00402355 0)
(0.140251 -0.00424501 0)
(0.139349 -0.00447163 0)
(0.138387 -0.00470998 0)
(0.13736 -0.00496618 0)
(0.136262 -0.00524575 0)
(0.135085 -0.00555353 0)
(0.13382 -0.00589351 0)
(0.132456 -0.00626864 0)
(0.130979 -0.0066807 0)
(0.129373 -0.0071301 0)
(0.127622 -0.00761569 0)
(0.125705 -0.00813462 0)
(0.123599 -0.00868202 0)
(0.121279 -0.00925075 0)
(0.118718 -0.00983079 0)
(0.115886 -0.0104086 0)
(0.112748 -0.010966 0)
(0.109266 -0.0114795 0)
(0.105394 -0.01192 0)
(0.101082 -0.0122537 0)
(0.0962821 -0.0124445 0)
(0.0909535 -0.0124565 0)
(0.085079 -0.0122557 0)
(0.0786748 -0.0118085 0)
(0.0718051 -0.0110853 0)
(0.0645986 -0.0100777 0)
(0.0572538 -0.00882479 0)
(0.0500212 -0.00742169 0)
(0.0431668 -0.00600015 0)
(0.0369325 -0.00469507 0)
(0.0314937 -0.00361161 0)
(0.0269279 -0.00280147 0)
(0.0232142 -0.002257 0)
(0.0202648 -0.00192532 0)
(0.0179606 -0.00173369 0)
(0.0161764 -0.00161477 0)
(0.0147968 -0.00152325 0)
(0.0137274 -0.00143841 0)
(0.0128989 -0.00135497 0)
(0.0122657 -0.00127167 0)
(0.0118006 -0.0011845 0)
(0.0114887 -0.00108578 0)
(0.0113222 -0.000966223 0)
(0.0112972 -0.000817374 0)
(0.0114116 -0.000633112 0)
(0.0116646 -0.000410107 0)
(0.012056 -0.000147657 0)
(0.0125856 0.000152751 0)
(0.0132533 0.000487933 0)
(0.0140587 0.000853447 0)
(0.0150004 0.00124396 0)
(0.0160762 0.00165351 0)
(0.0172829 0.00207576 0)
(0.018616 0.0025041 0)
(0.0200696 0.00293176 0)
(0.0216367 0.00335194 0)
(0.0233086 0.00375776 0)
(0.0250755 0.00414242 0)
(0.0269258 0.00449915 0)
(0.0288467 0.00482129 0)
(0.0308237 0.0051024 0)
(0.0328408 0.00533632 0)
(0.0348808 0.00551733 0)
(0.0369251 0.00564031 0)
(0.0389539 0.00570097 0)
(0.0409466 0.00569608 0)
(0.0428822 0.00562377 0)
(0.0447395 0.0054838 0)
(0.0464983 0.00527777 0)
(0.0481394 0.00500933 0)
(0.0496456 0.00468424 0)
(0.0510025 0.00431028 0)
(0.052199 0.003897 0)
(0.0532282 0.00345536 0)
(0.0540869 0.00299717 0)
(0.0547769 0.0025345 0)
(0.0553038 0.00207908 0)
(0.0556772 0.00164169 0)
(0.05591 0.00123184 0)
(0.0560172 0.000857454 0)
(0.0560156 0.000524835 0)
(0.0559224 0.000238679 0)
(0.0557549 2.10221e-06 0)
(0.0555296 -0.00018338 0)
(0.0552626 -0.000317958 0)
(0.0549689 -0.000403629 0)
(0.0546627 -0.000444226 0)
(0.0543572 -0.000445258 0)
(0.0540643 -0.000413562 0)
(0.0537945 -0.000356785 0)
(0.0535561 -0.0002828 0)
(0.0533551 -0.000199156 0)
(0.0531953 -0.000112632 0)
(0.0530776 -2.8939e-05 0)
(0.0530008 4.74352e-05 0)
(0.052962 0.000113263 0)
(0.0529567 0.000166527 0)
(0.0529793 0.000206302 0)
(0.0530239 0.000232612 0)
(0.0530846 0.000246249 0)
(0.0531556 0.000248591 0)
(0.0532316 0.000241411 0)
(0.0533084 0.000226697 0)
(0.0533824 0.000206492 0)
(0.0534509 0.000182756 0)
(0.053512 0.000157258 0)
(0.0535649 0.000131505 0)
(0.0536091 0.000106704 0)
(0.0536448 8.3748e-05 0)
(0.0536725 6.32345e-05 0)
(0.0536932 4.54937e-05 0)
(0.0537078 3.06332e-05 0)
(0.0537174 1.85856e-05 0)
(0.0537229 9.15621e-06 0)
(0.0537252 2.06738e-06 0)
(0.0537253 -3.00376e-06 0)
(0.0537238 -6.39446e-06 0)
(0.0537212 -8.43325e-06 0)
(0.0537181 -9.42378e-06 0)
(0.0537148 -9.63491e-06 0)
(0.0537115 -9.29586e-06 0)
(0.0537084 -8.59511e-06 0)
(0.0537056 -7.68229e-06 0)
(0.0537032 -6.67165e-06 0)
(0.0537011 -5.64672e-06 0)
(0.0536994 -4.66527e-06 0)
(0.053698 -3.7643e-06 0)
(0.0536969 -2.96455e-06 0)
(0.053696 -2.27466e-06 0)
(0.0536954 -1.69458e-06 0)
(0.0536949 -1.21841e-06 0)
(0.0536946 -8.36658e-07 0)
(0.0536944 -5.37955e-07 0)
(0.0536942 -3.10277e-07 0)
(0.0536942 -1.41839e-07 0)
(0.0536942 -2.16521e-08 0)
(0.0536942 6.01466e-08 0)
(0.0536942 1.12136e-07 0)
(0.0536943 1.41582e-07 0)
(0.0536943 1.54488e-07 0)
(0.0536944 1.55703e-07 0)
(0.0536944 1.4905e-07 0)
(0.0536944 1.37474e-07 0)
(0.0536945 1.23181e-07 0)
(0.0536945 1.07776e-07 0)
(0.0536946 9.2378e-08 0)
(0.0536946 7.77328e-08 0)
(0.0536946 6.42964e-08 0)
(0.0536946 5.23117e-08 0)
(0.0536946 4.18683e-08 0)
(0.0536946 3.29497e-08 0)
(0.0536947 2.54704e-08 0)
(0.0536947 1.93033e-08 0)
(0.0536947 1.43006e-08 0)
(0.0536947 1.03079e-08 0)
(0.0536947 7.17412e-09 0)
(0.0536947 4.75794e-09 0)
(0.0536947 2.93139e-09 0)
(0.0536947 1.58158e-09 0)
(0.0536947 6.11072e-10 0)
(0.0536947 -6.26216e-11 0)
(0.0536947 -5.08143e-10 0)
(0.0536947 -7.81675e-10 0)
(0.0536947 -9.28483e-10 0)
(0.0536947 -9.8446e-10 0)
(0.0536947 -9.77597e-10 0)
(0.0536947 -9.29346e-10 0)
(0.0536947 -8.55823e-10 0)
(0.0536947 -7.68864e-10 0)
(0.0536947 -6.76922e-10 0)
(0.0536947 -5.85822e-10 0)
(0.0536947 -4.99382e-10 0)
(0.0536947 -4.19915e-10 0)
(0.0536947 -3.48636e-10 0)
(0.0536947 -2.85981e-10 0)
(0.0536947 -2.31845e-10 0)
(0.0536947 -1.85779e-10 0)
(0.0536947 -1.4712e-10 0)
(0.0536947 -1.15105e-10 0)
(0.0536947 -8.89286e-11 0)
(0.0536947 -6.78062e-11 0)
(0.0536947 -5.09985e-11 0)
(0.0536947 -3.78321e-11 0)
(0.0536947 -2.77178e-11 0)
(0.0536947 -2.01382e-11 0)
(0.0536947 -1.46762e-11 0)
(0.0536947 -1.0979e-11 0)
(0.0536947 -8.89579e-12 0)
(0.0536947 -7.74858e-12 0)
(0.0536947 -9.51648e-12 0)
(0.0536947 -9.83285e-12 0)
(0.126535 -0.00135968 0)
(0.125974 -0.00164687 0)
(0.125299 -0.00192249 0)
(0.124515 -0.0021736 0)
(0.123633 -0.00239612 0)
(0.122658 -0.00259203 0)
(0.121596 -0.00276669 0)
(0.120449 -0.00292678 0)
(0.119219 -0.00307927 0)
(0.117906 -0.00323081 0)
(0.116508 -0.00338746 0)
(0.11502 -0.00355462 0)
(0.113439 -0.00373695 0)
(0.111754 -0.00393828 0)
(0.109956 -0.00416157 0)
(0.10803 -0.00440874 0)
(0.105961 -0.00468053 0)
(0.103729 -0.0049763 0)
(0.101313 -0.00529392 0)
(0.0986873 -0.00562949 0)
(0.0958255 -0.00597714 0)
(0.0926978 -0.00632856 0)
(0.0892725 -0.00667233 0)
(0.0855173 -0.00699259 0)
(0.0814004 -0.00726727 0)
(0.0768939 -0.00746596 0)
(0.0719788 -0.00754983 0)
(0.0666538 -0.00747649 0)
(0.0609468 -0.0072113 0)
(0.0549246 -0.00674084 0)
(0.0486972 -0.0060817 0)
(0.0424215 -0.00527939 0)
(0.0363048 -0.00439933 0)
(0.0305904 -0.0035199 0)
(0.0254969 -0.00272557 0)
(0.0211415 -0.00208656 0)
(0.0175238 -0.00163529 0)
(0.0145725 -0.00135909 0)
(0.0121924 -0.00120784 0)
(0.0102831 -0.00111451 0)
(0.0087444 -0.00102643 0)
(0.00748412 -0.000926481 0)
(0.00642827 -0.000827548 0)
(0.00552487 -0.000750982 0)
(0.00474155 -0.00071018 0)
(0.00405903 -0.000706589 0)
(0.00346452 -0.000732723 0)
(0.00294781 -0.000776247 0)
(0.00250096 -0.000823192 0)
(0.0021196 -0.000860361 0)
(0.00180403 -0.000876943 0)
(0.00155899 -0.000865234 0)
(0.0013927 -0.000820547 0)
(0.00131531 -0.00074068 0)
(0.00133763 -0.000625297 0)
(0.00147005 -0.000475427 0)
(0.00172184 -0.000293125 0)
(0.00210073 -8.12601e-05 0)
(0.00261264 0.000156644 0)
(0.00326158 0.00041653 0)
(0.00404961 0.000693931 0)
(0.00497683 0.000984075 0)
(0.00604147 0.00128199 0)
(0.00723988 0.00158257 0)
(0.00856662 0.00188066 0)
(0.0100145 0.00217111 0)
(0.0115747 0.00244881 0)
(0.0132365 0.00270873 0)
(0.0149879 0.00294598 0)
(0.0168151 0.00315584 0)
(0.0187029 0.00333389 0)
(0.0206347 0.00347604 0)
(0.0225926 0.00357867 0)
(0.0245578 0.00363879 0)
(0.0265107 0.00365415 0)
(0.028431 0.00362346 0)
(0.0302985 0.0035465 0)
(0.0320937 0.0034243 0)
(0.0337976 0.00325923 0)
(0.0353932 0.003055 0)
(0.0368653 0.00281664 0)
(0.0382014 0.00255035 0)
(0.0393921 0.00226328 0)
(0.040431 0.0019633 0)
(0.0413154 0.00165863 0)
(0.0420456 0.00135756 0)
(0.0426255 0.00106815 0)
(0.0430618 0.000797824 0)
(0.043364 0.000553122 0)
(0.0435444 0.000339303 0)
(0.0436171 0.000160061 0)
(0.0435986 1.728e-05 0)
(0.0435066 -8.90457e-05 0)
(0.0433598 -0.000160715 0)
(0.0431767 -0.000201035 0)
(0.0429752 -0.000214399 0)
(0.0427715 -0.000205821 0)
(0.0425791 -0.000180488 0)
(0.0424089 -0.000143417 0)
(0.0422682 -9.9205e-05 0)
(0.0421616 -5.18857e-05 0)
(0.0420904 -4.85461e-06 0)
(0.0420539 3.91567e-05 0)
(0.0420494 7.80784e-05 0)
(0.0420727 0.00011048 0)
(0.0421189 0.000135531 0)
(0.0421827 0.000152944 0)
(0.0422587 0.000162905 0)
(0.0423418 0.000165986 0)
(0.0424275 0.000163047 0)
(0.042512 0.00015514 0)
(0.0425921 0.000143412 0)
(0.0426656 0.000129016 0)
(0.042731 0.000113043 0)
(0.0427874 9.64637e-05 0)
(0.0428346 8.00929e-05 0)
(0.0428729 6.45726e-05 0)
(0.042903 5.03685e-05 0)
(0.0429256 3.77805e-05 0)
(0.0429419 2.69615e-05 0)
(0.0429528 1.79423e-05 0)
(0.0429593 1.06585e-05 0)
(0.0429624 4.97713e-06 0)
(0.0429631 7.2084e-07 0)
(0.0429619 -2.31071e-06 0)
(0.0429595 -4.32407e-06 0)
(0.0429565 -5.51905e-06 0)
(0.0429531 -6.0798e-06 0)
(0.0429496 -6.16919e-06 0)
(0.0429463 -5.92611e-06 0)
(0.0429433 -5.46498e-06 0)
(0.0429406 -4.87675e-06 0)
(0.0429383 -4.23103e-06 0)
(0.0429363 -3.57886e-06 0)
(0.0429347 -2.9556e-06 0)
(0.0429334 -2.38394e-06 0)
(0.0429324 -1.87663e-06 0)
(0.0429316 -1.43894e-06 0)
(0.0429311 -1.0708e-06 0)
(0.0429307 -7.68482e-07 0)
(0.0429304 -5.2602e-07 0)
(0.0429302 -3.36252e-07 0)
(0.0429301 -1.91602e-07 0)
(0.0429301 -8.46252e-08 0)
(0.0429301 -8.36736e-09 0)
(0.0429301 4.34259e-08 0)
(0.0429301 7.62059e-08 0)
(0.0429302 9.45978e-08 0)
(0.0429302 1.0243e-07 0)
(0.0429303 1.028e-07 0)
(0.0429303 9.81535e-08 0)
(0.0429304 9.03763e-08 0)
(0.0429304 8.08837e-08 0)
(0.0429305 7.0705e-08 0)
(0.0429305 6.05601e-08 0)
(0.0429305 5.09269e-08 0)
(0.0429305 4.2098e-08 0)
(0.0429305 3.42284e-08 0)
(0.0429306 2.73743e-08 0)
(0.0429306 2.15233e-08 0)
(0.0429306 1.66182e-08 0)
(0.0429306 1.25753e-08 0)
(0.0429306 9.29718e-09 0)
(0.0429306 6.68228e-09 0)
(0.0429306 4.63137e-09 0)
(0.0429306 3.05161e-09 0)
(0.0429306 1.85891e-09 0)
(0.0429306 9.7908e-10 0)
(0.0429306 3.48085e-10 0)
(0.0429306 -8.82985e-11 0)
(0.0429306 -3.75187e-10 0)
(0.0429306 -5.49515e-10 0)
(0.0429306 -6.41034e-10 0)
(0.0429306 -6.7333e-10 0)
(0.0429306 -6.64794e-10 0)
(0.0429306 -6.29507e-10 0)
(0.0429306 -5.78042e-10 0)
(0.0429306 -5.18152e-10 0)
(0.0429306 -4.55361e-10 0)
(0.0429306 -3.93469e-10 0)
(0.0429306 -3.3495e-10 0)
(0.0429306 -2.81292e-10 0)
(0.0429306 -2.33261e-10 0)
(0.0429306 -1.91111e-10 0)
(0.0429306 -1.54746e-10 0)
(0.0429306 -1.23842e-10 0)
(0.0429306 -9.79439e-11 0)
(0.0429306 -7.65241e-11 0)
(0.0429306 -5.90378e-11 0)
(0.0429306 -4.49561e-11 0)
(0.0429306 -3.3776e-11 0)
(0.0429306 -2.50527e-11 0)
(0.0429306 -1.83793e-11 0)
(0.0429306 -1.34324e-11 0)
(0.0429306 -9.93305e-12 0)
(0.0429306 -7.56605e-12 0)
(0.0429306 -6.63895e-12 0)
(0.0429306 -5.62481e-12 0)
(0.0429306 -7.70686e-12 0)
(0.0429306 -8.48949e-12 0)
(0.0880416 -0.000904879 0)
(0.0872717 -0.00108363 0)
(0.0863636 -0.00124092 0)
(0.0853275 -0.00136903 0)
(0.0841774 -0.00146805 0)
(0.0829269 -0.00154335 0)
(0.0815873 -0.00160252 0)
(0.0801662 -0.00165326 0)
(0.0786676 -0.00170221 0)
(0.077092 -0.00175457 0)
(0.0754365 -0.00181409 0)
(0.0736949 -0.00188327 0)
(0.071858 -0.00196342 0)
(0.0699141 -0.00205481 0)
(0.0678491 -0.00215656 0)
(0.0656471 -0.0022666 0)
(0.0632906 -0.00238154 0)
(0.0607614 -0.00249654 0)
(0.0580415 -0.00260535 0)
(0.0551138 -0.00270028 0)
(0.0519647 -0.0027725 0)
(0.0485857 -0.00281225 0)
(0.0449775 -0.00280928 0)
(0.0411558 -0.00275327 0)
(0.0371577 -0.00263434 0)
(0.0330505 -0.00244415 0)
(0.0289346 -0.0021792 0)
(0.0249343 -0.00184804 0)
(0.0211717 -0.00147713 0)
(0.0177385 -0.00110865 0)
(0.0146815 -0.000794438 0)
(0.0120076 -0.000588051 0)
(0.00970415 -0.00052001 0)
(0.00775717 -0.000561604 0)
(0.00614672 -0.000626113 0)
(0.00483409 -0.000628038 0)
(0.00376482 -0.000541158 0)
(0.00288212 -0.000398392 0)
(0.0021382 -0.000251283 0)
(0.00150062 -0.000137271 0)
(0.000951151 -7.21782e-05 0)
(0.000477011 -5.61135e-05 0)
(6.22882e-05 -7.98946e-05 0)
(-0.000313633 -0.000129655 0)
(-0.00067197 -0.000191486 0)
(-0.00103013 -0.000255402 0)
(-0.00139966 -0.00031654 0)
(-0.00178604 -0.000373543 0)
(-0.00218905 -0.000426007 0)
(-0.00260342 -0.000472758 0)
(-0.00301955 -0.000511424 0)
(-0.00342462 -0.000538869 0)
(-0.00380364 -0.00055187 0)
(-0.0041405 -0.000547674 0)
(-0.00441889 -0.000524322 0)
(-0.004623 -0.000480772 0)
(-0.00473806 -0.000416882 0)
(-0.00475081 -0.000333331 0)
(-0.00464985 -0.000231496 0)
(-0.00442589 -0.000113328 0)
(-0.00407188 1.87771e-05 0)
(-0.00358308 0.00016209 0)
(-0.00295716 0.00031365 0)
(-0.00219408 0.000470347 0)
(-0.00129611 0.000628985 0)
(-0.000267706 0.00078634 0)
(0.000884516 0.000939202 0)
(0.00215191 0.00108441 0)
(0.00352388 0.00121891 0)
(0.00498796 0.00133977 0)
(0.00653 0.00144424 0)
(0.00813421 0.00152982 0)
(0.00978341 0.00159432 0)
(0.0114592 0.00163594 0)
(0.0131423 0.00165338 0)
(0.0148128 0.00164592 0)
(0.0164506 0.00161353 0)
(0.0180357 0.00155694 0)
(0.0195491 0.00147771 0)
(0.020973 0.00137822 0)
(0.0222914 0.00126167 0)
(0.0234908 0.00113198 0)
(0.0245606 0.000993581 0)
(0.0254936 0.00085125 0)
(0.0262861 0.000709786 0)
(0.0269383 0.000573726 0)
(0.0274542 0.000447039 0)
(0.0278415 0.000332876 0)
(0.0281113 0.000233408 0)
(0.0282774 0.000149782 0)
(0.0283557 8.21823e-05 0)
(0.0283634 3.00058e-05 0)
(0.0283177 -7.92817e-06 0)
(0.0282356 -3.31576e-05 0)
(0.0281323 -4.7397e-05 0)
(0.0280213 -5.24105e-05 0)
(0.0279135 -4.99381e-05 0)
(0.0278175 -4.16582e-05 0)
(0.0277393 -2.91672e-05 0)
(0.0276827 -1.39614e-05 0)
(0.0276494 2.58713e-06 0)
(0.0276394 1.92583e-05 0)
(0.0276513 3.50132e-05 0)
(0.0276827 4.90181e-05 0)
(0.0277305 6.06593e-05 0)
(0.0277911 6.95465e-05 0)
(0.0278607 7.55035e-05 0)
(0.0279357 7.85487e-05 0)
(0.0280126 7.8865e-05 0)
(0.0280886 7.67641e-05 0)
(0.0281612 7.26477e-05 0)
(0.0282285 6.69678e-05 0)
(0.0282892 6.01905e-05 0)
(0.0283424 5.27648e-05 0)
(0.0283878 4.50973e-05 0)
(0.0284256 3.75359e-05 0)
(0.028456 3.0359e-05 0)
(0.0284798 2.37729e-05 0)
(0.0284976 1.79139e-05 0)
(0.0285103 1.28553e-05 0)
(0.0285188 8.61618e-06 0)
(0.0285238 5.17296e-06 0)
(0.0285262 2.47003e-06 0)
(0.0285265 4.30487e-07 0)
(0.0285255 -1.03456e-06 0)
(0.0285234 -2.01823e-06 0)
(0.0285209 -2.61185e-06 0)
(0.028518 -2.90058e-06 0)
(0.0285151 -2.96057e-06 0)
(0.0285124 -2.85743e-06 0)
(0.0285098 -2.64575e-06 0)
(0.0285075 -2.36935e-06 0)
(0.0285056 -2.06213e-06 0)
(0.0285039 -1.74921e-06 0)
(0.0285025 -1.44823e-06 0)
(0.0285014 -1.17072e-06 0)
(0.0285006 -9.23359e-07 0)
(0.0284999 -7.09124e-07 0)
(0.0284994 -5.28318e-07 0)
(0.028499 -3.79395e-07 0)
(0.0284988 -2.59639e-07 0)
(0.0284986 -1.65691e-07 0)
(0.0284985 -9.39356e-08 0)
(0.0284985 -4.07803e-08 0)
(0.0284985 -2.84192e-09 0)
(0.0284985 2.2942e-08 0)
(0.0284986 3.9255e-08 0)
(0.0284986 4.83842e-08 0)
(0.0284986 5.22307e-08 0)
(0.0284987 5.23371e-08 0)
(0.0284987 4.99261e-08 0)
(0.0284988 4.59427e-08 0)
(0.0284988 4.1098e-08 0)
(0.0284988 3.59104e-08 0)
(0.0284989 3.07432e-08 0)
(0.0284989 2.58379e-08 0)
(0.0284989 2.1343e-08 0)
(0.0284989 1.73371e-08 0)
(0.0284989 1.38487e-08 0)
(0.028499 1.08717e-08 0)
(0.028499 8.37702e-09 0)
(0.028499 6.32201e-09 0)
(0.028499 4.65705e-09 0)
(0.028499 3.33037e-09 0)
(0.028499 2.29131e-09 0)
(0.028499 1.49246e-09 0)
(0.028499 8.90848e-10 0)
(0.028499 4.48567e-10 0)
(0.028499 1.3288e-10 0)
(0.028499 -8.39239e-11 0)
(0.028499 -2.24909e-10 0)
(0.028499 -3.08937e-10 0)
(0.028499 -3.51202e-10 0)
(0.028499 -3.63736e-10 0)
(0.028499 -3.55904e-10 0)
(0.028499 -3.34875e-10 0)
(0.028499 -3.06007e-10 0)
(0.028499 -2.73226e-10 0)
(0.028499 -2.39318e-10 0)
(0.028499 -2.06176e-10 0)
(0.028499 -1.75033e-10 0)
(0.028499 -1.46606e-10 0)
(0.028499 -1.21257e-10 0)
(0.028499 -9.90852e-11 0)
(0.028499 -8.00106e-11 0)
(0.028499 -6.38485e-11 0)
(0.028499 -5.03376e-11 0)
(0.028499 -3.91944e-11 0)
(0.028499 -3.01277e-11 0)
(0.028499 -2.28486e-11 0)
(0.028499 -1.70978e-11 0)
(0.028499 -1.26307e-11 0)
(0.028499 -9.24884e-12 0)
(0.028499 -6.74557e-12 0)
(0.028499 -5.0978e-12 0)
(0.028499 -3.81458e-12 0)
(0.028499 -3.76246e-12 0)
(0.028499 -2.9537e-12 0)
(0.028499 -4.00842e-12 0)
(0.028499 -5.34971e-12 0)
(0.0324585 -0.000269953 0)
(0.0317767 -0.000299118 0)
(0.0310169 -0.000307761 0)
(0.0302041 -0.000299734 0)
(0.0293575 -0.000282364 0)
(0.0284882 -0.000263151 0)
(0.0275999 -0.000247531 0)
(0.0266916 -0.000238234 0)
(0.0257596 -0.000235736 0)
(0.0247989 -0.000239093 0)
(0.0238041 -0.000246667 0)
(0.0227697 -0.00025658 0)
(0.0216906 -0.000266886 0)
(0.0205627 -0.000275581 0)
(0.0193834 -0.000280533 0)
(0.018152 -0.000279444 0)
(0.0168709 -0.000269888 0)
(0.0155459 -0.000249499 0)
(0.0141868 -0.000216336 0)
(0.0128075 -0.000169467 0)
(0.011425 -0.000109772 0)
(0.010059 -4.09555e-05 0)
(0.00872906 2.93481e-05 0)
(0.00745263 8.88658e-05 0)
(0.00624249 0.000121634 0)
(0.00510661 0.00011266 0)
(0.00405173 5.69912e-05 0)
(0.00308917 -3.15848e-05 0)
(0.00223711 -0.000121664 0)
(0.0015169 -0.000178414 0)
(0.000943105 -0.000181701 0)
(0.000508697 -0.000135204 0)
(0.000176831 -6.04708e-05 0)
(-0.000103574 1.75353e-05 0)
(-0.000365276 8.02506e-05 0)
(-0.000605835 0.000117108 0)
(-0.000803277 0.000124733 0)
(-0.000943225 0.000106979 0)
(-0.00103011 7.43029e-05 0)
(-0.00108028 4.01477e-05 0)
(-0.00111158 1.51065e-05 0)
(-0.00113879 2.88783e-06 0)
(-0.00117372 7.76688e-07 0)
(-0.00122576 3.08476e-06 0)
(-0.00130167 4.47398e-06 0)
(-0.00140579 1.59723e-06 0)
(-0.00154092 -6.73185e-06 0)
(-0.00170898 -2.00831e-05 0)
(-0.00191106 -3.71137e-05 0)
(-0.00214687 -5.61647e-05 0)
(-0.00241413 -7.56519e-05 0)
(-0.0027082 -9.42469e-05 0)
(-0.00302211 -0.000110905 0)
(-0.00334694 -0.000124815 0)
(-0.00367221 -0.000135341 0)
(-0.00398644 -0.000141979 0)
(-0.00427768 -0.000144352 0)
(-0.00453396 -0.000142217 0)
(-0.00474379 -0.000135484 0)
(-0.00489651 -0.000124219 0)
(-0.00498267 -0.000108651 0)
(-0.00499424 -8.91532e-05 0)
(-0.00492486 -6.62314e-05 0)
(-0.00476995 -4.04972e-05 0)
(-0.00452682 -1.26456e-05 0)
(-0.00419473 1.65684e-05 0)
(-0.00377483 4.6352e-05 0)
(-0.00327021 7.58948e-05 0)
(-0.0026858 0.00010439 0)
(-0.00202832 0.000131052 0)
(-0.00130615 0.000155143 0)
(-0.0005292 0.000175989 0)
(0.000291262 0.000193015 0)
(0.00114285 0.00020576 0)
(0.0020123 0.000213916 0)
(0.00288583 0.000217345 0)
(0.00374951 0.000216102 0)
(0.00458967 0.000210445 0)
(0.00539341 0.000200829 0)
(0.00614902 0.000187882 0)
(0.00684647 0.000172367 0)
(0.00747781 0.000155119 0)
(0.00803747 0.000136977 0)
(0.00852243 0.000118715 0)
(0.00893228 0.000100983 0)
(0.00926904 8.42713e-05 0)
(0.00953693 6.89106e-05 0)
(0.0097419 5.50873e-05 0)
(0.00989119 4.28824e-05 0)
(0.0099928 3.2311e-05 0)
(0.010055 2.33521e-05 0)
(0.0100859 1.59645e-05 0)
(0.0100933 1.00887e-05 0)
(0.0100841 5.64304e-06 0)
(0.0100646 2.51986e-06 0)
(0.0100401 5.87093e-07 0)
(0.010015 -3.06124e-07 0)
(0.00999283 -3.21811e-07 0)
(0.0099763 3.7336e-07 0)
(0.00996724 1.61235e-06 0)
(0.00996674 3.23036e-06 0)
(0.00997517 5.06723e-06 0)
(0.00999231 6.97088e-06 0)
(0.0100174 8.80213e-06 0)
(0.0100494 1.04403e-05 0)
(0.0100869 1.17889e-05 0)
(0.0101282 1.27794e-05 0)
(0.0101719 1.33735e-05 0)
(0.0102163 1.35627e-05 0)
(0.01026 1.33652e-05 0)
(0.0103019 1.28218e-05 0)
(0.010341 1.19892e-05 0)
(0.0103764 1.09347e-05 0)
(0.0104078 9.7288e-06 0)
(0.010435 8.44084e-06 0)
(0.0104578 7.13397e-06 0)
(0.0104765 5.86222e-06 0)
(0.0104914 4.66865e-06 0)
(0.0105028 3.58466e-06 0)
(0.0105111 2.63034e-06 0)
(0.0105168 1.81551e-06 0)
(0.0105204 1.14128e-06 0)
(0.0105224 6.01855e-07 0)
(0.010523 1.8639e-07 0)
(0.0105227 -1.19223e-07 0)
(0.0105217 -3.30819e-07 0)
(0.0105203 -4.64674e-07 0)
(0.0105187 -5.36511e-07 0)
(0.010517 -5.60808e-07 0)
(0.0105153 -5.50351e-07 0)
(0.0105137 -5.16013e-07 0)
(0.0105123 -4.66711e-07 0)
(0.0105111 -4.09487e-07 0)
(0.01051 -3.49675e-07 0)
(0.0105091 -2.91118e-07 0)
(0.0105084 -2.36415e-07 0)
(0.0105078 -1.87151e-07 0)
(0.0105074 -1.44133e-07 0)
(0.010507 -1.07582e-07 0)
(0.0105068 -7.73082e-08 0)
(0.0105066 -5.28526e-08 0)
(0.0105065 -3.35969e-08 0)
(0.0105064 -1.88485e-08 0)
(0.0105064 -7.90246e-09 0)
(0.0105064 -8.37878e-11 0)
(0.0105064 5.22607e-09 0)
(0.0105064 8.57425e-09 0)
(0.0105065 1.04306e-08 0)
(0.0105065 1.11879e-08 0)
(0.0105065 1.11667e-08 0)
(0.0105065 1.06217e-08 0)
(0.0105066 9.75072e-09 0)
(0.0105066 8.70279e-09 0)
(0.0105066 7.58673e-09 0)
(0.0105066 6.47885e-09 0)
(0.0105067 5.42987e-09 0)
(0.0105067 4.47077e-09 0)
(0.0105067 3.61785e-09 0)
(0.0105067 2.87681e-09 0)
(0.0105067 2.24594e-09 0)
(0.0105067 1.71875e-09 0)
(0.0105067 1.28587e-09 0)
(0.0105067 9.36482e-10 0)
(0.0105067 6.59332e-10 0)
(0.0105067 4.43457e-10 0)
(0.0105067 2.78609e-10 0)
(0.0105067 1.55529e-10 0)
(0.0105067 6.60563e-11 0)
(0.0105067 3.17095e-12 0)
(0.0105067 -3.90661e-11 0)
(0.0105067 -6.5575e-11 0)
(0.0105067 -8.03718e-11 0)
(0.0105067 -8.66767e-11 0)
(0.0105067 -8.70247e-11 0)
(0.0105067 -8.33864e-11 0)
(0.0105067 -7.72516e-11 0)
(0.0105067 -6.97298e-11 0)
(0.0105067 -6.16229e-11 0)
(0.0105067 -5.34873e-11 0)
(0.0105067 -4.57012e-11 0)
(0.0105067 -3.84946e-11 0)
(0.0105067 -3.19974e-11 0)
(0.0105067 -2.6263e-11 0)
(0.0105067 -2.12896e-11 0)
(0.0105067 -1.70488e-11 0)
(0.0105067 -1.34814e-11 0)
(0.0105067 -1.05235e-11 0)
(0.0105067 -8.10408e-12 0)
(0.0105067 -6.14838e-12 0)
(0.0105067 -4.59508e-12 0)
(0.0105067 -3.37924e-12 0)
(0.0105067 -2.44534e-12 0)
(0.0105067 -1.75461e-12 0)
(0.0105067 -1.23893e-12 0)
(0.0105067 -9.37357e-13 0)
(0.0105067 -6.50737e-13 0)
(0.0105067 -7.06234e-13 0)
(0.0105067 -4.86252e-13 0)
(0.0105067 -3.49136e-13 0)
(0.0105067 -1.1525e-12 0)
)
;

boundaryField
{
    inlet
    {
        type            fixedProfile;
        profile         table
        
21
(
(0 (0 0 0))
(0.05 (0.0285 0 0))
(0.1 (0.054 0 0))
(0.15 (0.0765 0 0))
(0.2 (0.096 0 0))
(0.25 (0.1125 0 0))
(0.3 (0.126 0 0))
(0.35 (0.1365 0 0))
(0.4 (0.144 0 0))
(0.45 (0.1485 0 0))
(0.5 (0.15 0 0))
(0.55 (0.1485 0 0))
(0.6 (0.144 0 0))
(0.65 (0.1365 0 0))
(0.7 (0.126 0 0))
(0.75 (0.1125 0 0))
(0.8 (0.096 0 0))
(0.85 (0.0765 0 0))
(0.9 (0.054 0 0))
(0.95 (0.0285 0 0))
(1 (0 0 0))
)
;
        direction       (0 1 0);
        origin          1;
        value           nonuniform List<vector> 8((0.034875 0 0) (0.091125 0 0) (0.128625 0 0) (0.147375 0 0) (0.147375 0 0) (0.128625 0 0) (0.091125 0 0) (0.034875 0 0));
    }
    outlet
    {
        type            zeroGradient;
    }
    walls
    {
        type            noSlip;
    }
    symwall
    {
        type            empty;
    }
}


// ************************************************************************* //
