/*--------------------------------*- C++ -*----------------------------------*\
| =========                 |                                                 |
| \\      /  F ield         | OpenFOAM: The Open Source CFD Toolbox           |
|  \\    /   O peration     | Version:  4.1                                   |
|   \\  /    A nd           | Web:      www.OpenFOAM.org                      |
|    \\/     M anipulation  |                                                 |
\*---------------------------------------------------------------------------*/
FoamFile
{
    version     2.0;
    format      ascii;
    class       volVectorField;
    location    "249";
    object      U;
}
// * * * * * * * * * * * * * * * * * * * * * * * * * * * * * * * * * * * * * //

dimensions      [0 1 -1 0 0 0 0];

internalField   nonuniform List<vector> 
3264
(
(-1.96583e-06 -6.77575e-07 0)
(-0.000124514 2.88877e-05 0)
(-0.000369112 4.63644e-05 0)
(-0.000645153 4.82956e-05 0)
(-0.000936816 4.95284e-05 0)
(-0.00123403 4.82251e-05 0)
(-0.00153136 4.87678e-05 0)
(-0.00183109 4.87114e-05 0)
(-0.00212969 4.9304e-05 0)
(-0.00242955 4.97081e-05 0)
(-0.00273 5.0464e-05 0)
(-0.00303357 5.14704e-05 0)
(-0.00334177 5.30558e-05 0)
(-0.00365749 5.5361e-05 0)
(-0.00398332 5.86441e-05 0)
(-0.00432226 6.30969e-05 0)
(-0.00467699 6.89151e-05 0)
(-0.00504993 7.62328e-05 0)
(-0.00544282 8.51205e-05 0)
(-0.00585662 9.55476e-05 0)
(-0.00629112 0.000107363 0)
(-0.00674488 0.000120272 0)
(-0.00721493 0.000133832 0)
(-0.00769676 0.000147462 0)
(-0.00818428 0.000160463 0)
(-0.0086699 0.000172066 0)
(-0.00914467 0.00018148 0)
(-0.00959861 0.000187953 0)
(-0.010021 0.000190823 0)
(-0.0104006 0.000189567 0)
(-0.0107264 0.000183823 0)
(-0.0109876 0.000173411 0)
(-0.0111742 0.000158329 0)
(-0.0112771 0.000138746 0)
(-0.0112884 0.000114977 0)
(-0.0112019 8.74683e-05 0)
(-0.0110126 5.67654e-05 0)
(-0.0107174 2.34961e-05 0)
(-0.0103147 -1.16532e-05 0)
(-0.00980471 -4.79558e-05 0)
(-0.0091893 -8.46609e-05 0)
(-0.00847195 -0.000121009 0)
(-0.00765775 -0.000156242 0)
(-0.00675335 -0.00018962 0)
(-0.00576682 -0.000220429 0)
(-0.00470763 -0.000247997 0)
(-0.00358653 -0.0002717 0)
(-0.00241538 -0.000290987 0)
(-0.0012071 -0.000305385 0)
(2.4589e-05 -0.000314521 0)
(0.00126528 -0.000318135 0)
(0.00250011 -0.000316095 0)
(0.00371405 -0.000308416 0)
(0.00489208 -0.000295263 0)
(0.00601957 -0.000276961 0)
(0.0070825 -0.000253998 0)
(0.00806782 -0.000227017 0)
(0.00896374 -0.000196806 0)
(0.00976002 -0.000164279 0)
(0.0104482 -0.000130449 0)
(0.011022 -9.6396e-05 0)
(0.0114772 -6.32265e-05 0)
(0.0118122 -3.20281e-05 0)
(0.0120277 -3.81485e-06 0)
(0.012127 2.05349e-05 0)
(0.0121159 4.0346e-05 0)
(0.0120024 5.52168e-05 0)
(0.0117966 6.50821e-05 0)
(0.0115101 7.02546e-05 0)
(0.011156 7.1424e-05 0)
(0.0107479 6.95958e-05 0)
(0.0102999 6.5956e-05 0)
(0.00982556 6.1673e-05 0)
(0.00933785 5.7673e-05 0)
(0.00884861 5.44559e-05 0)
(0.00836816 5.20257e-05 0)
(0.00790499 4.99753e-05 0)
(0.0074655 4.77046e-05 0)
(0.00705392 4.46843e-05 0)
(0.00667247 4.06643e-05 0)
(0.00632184 3.5761e-05 0)
(0.00600168 3.04174e-05 0)
(0.00571093 2.52696e-05 0)
(0.00544806 2.09669e-05 0)
(0.00521101 1.79967e-05 0)
(0.0049972 1.65685e-05 0)
(0.00480368 1.65993e-05 0)
(0.00462731 1.77955e-05 0)
(0.00446509 1.97853e-05 0)
(0.00431433 2.22338e-05 0)
(0.00417288 2.48976e-05 0)
(0.00403925 2.76164e-05 0)
(0.00391276 3.02689e-05 0)
(0.00379352 3.27268e-05 0)
(0.00368249 3.48294e-05 0)
(0.0035814 3.6381e-05 0)
(0.00349262 3.7168e-05 0)
(0.003419 3.69835e-05 0)
(0.0033637 3.5652e-05 0)
(0.00332999 3.30494e-05 0)
(0.00332108 2.91154e-05 0)
(0.00333993 2.38588e-05 0)
(0.00338911 1.7356e-05 0)
(0.00347063 9.7454e-06 0)
(0.00358588 1.21831e-06 0)
(0.00373551 -7.99229e-06 0)
(0.00391939 -1.76235e-05 0)
(0.00413658 -2.73948e-05 0)
(0.00438535 -3.70199e-05 0)
(0.00466318 -4.62187e-05 0)
(0.00496682 -5.47279e-05 0)
(0.00529239 -6.23113e-05 0)
(0.00563543 -6.87692e-05 0)
(0.00599106 -7.39454e-05 0)
(0.00635406 -7.77335e-05 0)
(0.00671908 -8.00798e-05 0)
(0.00708076 -8.09841e-05 0)
(0.00743388 -8.04973e-05 0)
(0.00777357 -7.87159e-05 0)
(0.00809542 -7.5774e-05 0)
(0.00839562 -7.18339e-05 0)
(0.0086711 -6.70748e-05 0)
(0.00891956 -6.16835e-05 0)
(0.00913953 -5.58446e-05 0)
(0.00933038 -4.97343e-05 0)
(0.00949225 -4.35155e-05 0)
(0.009626 -3.73351e-05 0)
(0.00973311 -3.13222e-05 0)
(0.00981555 -2.55882e-05 0)
(0.00987568 -2.02256e-05 0)
(0.00991608 -1.53085e-05 0)
(0.00993952 -1.08926e-05 0)
(0.00994878 -7.01544e-06 0)
(0.0099466 -3.69838e-06 0)
(0.0099356 -9.47482e-07 0)
(0.00991825 1.24456e-06 0)
(0.00989677 2.89698e-06 0)
(0.00987317 4.03974e-06 0)
(0.00984916 4.71259e-06 0)
(0.00982617 4.96404e-06 0)
(0.00980534 4.85027e-06 0)
(0.00978754 4.43347e-06 0)
(0.00977333 3.77981e-06 0)
(0.00976304 2.95691e-06 0)
(0.00975674 2.03115e-06 0)
(0.00975433 1.06496e-06 0)
(0.00975552 1.14353e-07 0)
(0.00975989 -7.72994e-07 0)
(0.00976694 -1.55915e-06 0)
(0.0097761 -2.21664e-06 0)
(0.00978679 -2.72846e-06 0)
(0.00979844 -3.0876e-06 0)
(0.00981052 -3.29593e-06 0)
(0.00982254 -3.36289e-06 0)
(0.0098341 -3.3038e-06 0)
(0.00984487 -3.13817e-06 0)
(0.00985461 -2.88796e-06 0)
(0.00986314 -2.57606e-06 0)
(0.00987039 -2.22485e-06 0)
(0.00987633 -1.85513e-06 0)
(0.00988098 -1.48522e-06 0)
(0.00988444 -1.13042e-06 0)
(0.00988682 -8.02723e-07 0)
(0.00988826 -5.10757e-07 0)
(0.00988889 -2.59922e-07 0)
(0.00988888 -5.27113e-08 0)
(0.00988837 1.10889e-07 0)
(0.00988749 2.32916e-07 0)
(0.00988638 3.16937e-07 0)
(0.00988513 3.67561e-07 0)
(0.00988384 3.89994e-07 0)
(0.00988256 3.89649e-07 0)
(0.00988136 3.71826e-07 0)
(0.00988027 3.41469e-07 0)
(0.00987931 3.0299e-07 0)
(0.00987849 2.60164e-07 0)
(0.00987782 2.16083e-07 0)
(0.00987728 1.73154e-07 0)
(0.00987687 1.3314e-07 0)
(0.00987658 9.72232e-08 0)
(0.00987638 6.60844e-08 0)
(0.00987626 3.9994e-08 0)
(0.0098762 1.88995e-08 0)
(0.0098762 2.51085e-09 0)
(0.00987623 -9.62358e-09 0)
(0.00987629 -1.80514e-08 0)
(0.00987636 -2.33625e-08 0)
(0.00987644 -2.61465e-08 0)
(0.00987653 -2.69627e-08 0)
(0.00987661 -2.63182e-08 0)
(0.00987668 -2.46559e-08 0)
(0.00987675 -2.23484e-08 0)
(0.00987681 -1.96989e-08 0)
(0.00987686 -1.69388e-08 0)
(0.0098769 -1.42492e-08 0)
(0.00987694 -1.1721e-08 0)
(0.00987697 -9.46776e-09 0)
(0.00987699 -7.42253e-09 0)
(0.00987701 -5.44062e-09 0)
(0.00987702 -4.67009e-09 0)
(-8.05609e-05 0.000126944 0)
(-0.000563289 0.000359451 0)
(-0.00127055 0.000496539 0)
(-0.00202873 0.000542735 0)
(-0.00279869 0.000567031 0)
(-0.00356553 0.000572537 0)
(-0.00431667 0.000577392 0)
(-0.00505705 0.000577603 0)
(-0.0057818 0.000578384 0)
(-0.00649612 0.000579418 0)
(-0.00720048 0.000583107 0)
(-0.00789965 0.00059015 0)
(-0.00859639 0.000601634 0)
(-0.00929456 0.000617943 0)
(-0.00999663 0.000639227 0)
(-0.0107044 0.000665141 0)
(-0.0114182 0.000694926 0)
(-0.0121365 0.000727349 0)
(-0.0128559 0.000760735 0)
(-0.0135709 0.000792998 0)
(-0.0142739 0.000821726 0)
(-0.0149552 0.00084428 0)
(-0.0156035 0.000857937 0)
(-0.0162059 0.000860044 0)
(-0.0167486 0.000848175 0)
(-0.0172175 0.000820273 0)
(-0.0175981 0.000774771 0)
(-0.0178766 0.000710666 0)
(-0.01804 0.000627564 0)
(-0.0180763 0.00052567 0)
(-0.0179754 0.000405758 0)
(-0.0177283 0.000269103 0)
(-0.0173282 0.000117409 0)
(-0.01677 -4.7278e-05 0)
(-0.0160505 -0.000222644 0)
(-0.0151683 -0.000406184 0)
(-0.014124 -0.000595261 0)
(-0.0129198 -0.000787162 0)
(-0.0115598 -0.000979134 0)
(-0.0100499 -0.00116843 0)
(-0.00839729 -0.00135231 0)
(-0.00661101 -0.00152811 0)
(-0.00470152 -0.00169321 0)
(-0.00268071 -0.0018451 0)
(-0.000561862 -0.00198138 0)
(0.00164045 -0.00209979 0)
(0.00391043 -0.00219822 0)
(0.00623119 -0.00227479 0)
(0.00858482 -0.00232784 0)
(0.0109526 -0.00235604 0)
(0.0133151 -0.00235834 0)
(0.0156523 -0.00233411 0)
(0.0179441 -0.00228314 0)
(0.0201703 -0.00220566 0)
(0.0223109 -0.00210243 0)
(0.0243464 -0.00197469 0)
(0.0262581 -0.00182422 0)
(0.0280285 -0.00165326 0)
(0.0296413 -0.00146456 0)
(0.0310817 -0.00126125 0)
(0.0323369 -0.00104686 0)
(0.033396 -0.000825216 0)
(0.0342501 -0.000600361 0)
(0.0348928 -0.000376507 0)
(0.0353198 -0.000157933 0)
(0.0355297 5.10929e-05 0)
(0.0355238 0.000246423 0)
(0.0353061 0.000424144 0)
(0.0348841 0.000580714 0)
(0.0342686 0.000713113 0)
(0.033474 0.000819018 0)
(0.0325187 0.000896981 0)
(0.0314247 0.000946619 0)
(0.0302176 0.00096879 0)
(0.0289256 0.000965737 0)
(0.027579 0.000941101 0)
(0.0262079 0.000899703 0)
(0.0248415 0.000847015 0)
(0.0235059 0.000788359 0)
(0.0222236 0.00072807 0)
(0.0210122 0.000668952 0)
(0.0198844 0.000612297 0)
(0.0188474 0.000558415 0)
(0.017904 0.000507343 0)
(0.0170527 0.000459352 0)
(0.0162892 0.000415042 0)
(0.0156076 0.000375131 0)
(0.0150014 0.000340153 0)
(0.0144639 0.000310231 0)
(0.0139893 0.000284981 0)
(0.0135725 0.000263517 0)
(0.0132095 0.000244533 0)
(0.0128975 0.000226456 0)
(0.0126349 0.000207627 0)
(0.0124216 0.000186482 0)
(0.0122585 0.000161694 0)
(0.0121475 0.000132256 0)
(0.0120911 9.75219e-05 0)
(0.0120922 5.72081e-05 0)
(0.0121535 1.13717e-05 0)
(0.0122775 -3.96187e-05 0)
(0.0124662 -9.51191e-05 0)
(0.0127209 -0.00015425 0)
(0.0130417 -0.000215937 0)
(0.013428 -0.00027896 0)
(0.0138781 -0.00034199 0)
(0.0143893 -0.000403641 0)
(0.0149575 -0.000462508 0)
(0.0155779 -0.000517212 0)
(0.0162445 -0.000566439 0)
(0.0169506 -0.000608979 0)
(0.0176885 -0.000643765 0)
(0.0184498 -0.000669907 0)
(0.0192258 -0.000686729 0)
(0.0200071 -0.000693798 0)
(0.0207842 -0.00069095 0)
(0.0215477 -0.000678312 0)
(0.0222883 -0.000656307 0)
(0.0229971 -0.000625648 0)
(0.0236661 -0.000587327 0)
(0.0242878 -0.00054257 0)
(0.0248563 -0.000492792 0)
(0.0253667 -0.000439527 0)
(0.0258157 -0.00038436 0)
(0.0262017 -0.000328842 0)
(0.0265245 -0.00027442 0)
(0.0267857 -0.000222376 0)
(0.0269882 -0.000173774 0)
(0.0271363 -0.000129444 0)
(0.0272354 -8.99676e-05 0)
(0.0272916 -5.56931e-05 0)
(0.0273116 -2.67597e-05 0)
(0.027302 -3.12659e-06 0)
(0.0272697 1.53944e-05 0)
(0.027221 2.9109e-05 0)
(0.0271616 3.84135e-05 0)
(0.0270968 4.37717e-05 0)
(0.027031 4.56949e-05 0)
(0.0269679 4.4724e-05 0)
(0.0269102 4.14122e-05 0)
(0.0268601 3.63093e-05 0)
(0.026819 2.99461e-05 0)
(0.0267875 2.28207e-05 0)
(0.0267657 1.53856e-05 0)
(0.0267534 8.03755e-06 0)
(0.0267499 1.1095e-06 0)
(0.026754 -5.1342e-06 0)
(0.0267647 -1.04997e-05 0)
(0.0267806 -1.48625e-05 0)
(0.0268004 -1.81634e-05 0)
(0.0268227 -2.04016e-05 0)
(0.0268464 -2.16269e-05 0)
(0.0268705 -2.19294e-05 0)
(0.0268938 -2.14289e-05 0)
(0.0269158 -2.02648e-05 0)
(0.0269358 -1.85858e-05 0)
(0.0269535 -1.65412e-05 0)
(0.0269687 -1.42731e-05 0)
(0.0269812 -1.19103e-05 0)
(0.0269911 -9.56462e-06 0)
(0.0269987 -7.32751e-06 0)
(0.027004 -5.26948e-06 0)
(0.0270073 -3.44012e-06 0)
(0.0270091 -1.8695e-06 0)
(0.0270094 -5.70308e-07 0)
(0.0270088 4.59518e-07 0)
(0.0270073 1.23379e-06 0)
(0.0270053 1.77509e-06 0)
(0.0270031 2.11186e-06 0)
(0.0270006 2.27579e-06 0)
(0.0269982 2.29961e-06 0)
(0.0269959 2.21522e-06 0)
(0.0269938 2.05227e-06 0)
(0.026992 1.83727e-06 0)
(0.0269903 1.59291e-06 0)
(0.026989 1.33785e-06 0)
(0.0269879 1.08672e-06 0)
(0.0269871 8.50376e-07 0)
(0.0269865 6.36219e-07 0)
(0.0269861 4.48709e-07 0)
(0.0269858 2.89858e-07 0)
(0.0269857 1.59743e-07 0)
(0.0269856 5.69992e-08 0)
(0.0269856 -2.07375e-08 0)
(0.0269857 -7.64504e-08 0)
(0.0269859 -1.13424e-07 0)
(0.026986 -1.34995e-07 0)
(0.0269861 -1.44367e-07 0)
(0.0269863 -1.44478e-07 0)
(0.0269864 -1.37927e-07 0)
(0.0269865 -1.26926e-07 0)
(0.0269866 -1.13298e-07 0)
(0.0269867 -9.84898e-08 0)
(0.0269868 -8.35933e-08 0)
(0.0269869 -6.9421e-08 0)
(0.0269869 -5.64163e-08 0)
(0.026987 -4.50651e-08 0)
(0.026987 -3.50024e-08 0)
(0.026987 -2.65757e-08 0)
(0.0269871 -1.97186e-08 0)
(-0.000177073 0.00062482 0)
(-0.00102992 0.00121575 0)
(-0.00214224 0.00149505 0)
(-0.00327463 0.00154686 0)
(-0.00436783 0.00155646 0)
(-0.00541292 0.00152978 0)
(-0.00639426 0.00150567 0)
(-0.00732391 0.00147713 0)
(-0.00819936 0.00145321 0)
(-0.00902995 0.0014331 0)
(-0.00981794 0.00141979 0)
(-0.010569 0.00141354 0)
(-0.0112854 0.0014147 0)
(-0.0119693 0.00142249 0)
(-0.0126208 0.00143548 0)
(-0.0132385 0.00145144 0)
(-0.0138192 0.00146748 0)
(-0.0143576 0.00148016 0)
(-0.0148472 0.00148563 0)
(-0.0152795 0.00147981 0)
(-0.015645 0.00145862 0)
(-0.0159333 0.00141817 0)
(-0.0161333 0.00135499 0)
(-0.0162339 0.00126619 0)
(-0.0162241 0.00114958 0)
(-0.0160938 0.00100378 0)
(-0.0158333 0.00082827 0)
(-0.0154345 0.000623323 0)
(-0.0148903 0.000390011 0)
(-0.0141949 0.000130104 0)
(-0.0133442 -0.000154021 0)
(-0.0123353 -0.000459486 0)
(-0.0111668 -0.000783009 0)
(-0.00983875 -0.001121 0)
(-0.00835252 -0.00146965 0)
(-0.0067108 -0.00182498 0)
(-0.00491762 -0.0021829 0)
(-0.00297827 -0.00253929 0)
(-0.000899337 -0.00288997 0)
(0.00131137 -0.00323079 0)
(0.0036448 -0.0035576 0)
(0.00609065 -0.00386634 0)
(0.00863746 -0.00415298 0)
(0.0112725 -0.00441364 0)
(0.0139821 -0.00464454 0)
(0.0167512 -0.00484211 0)
(0.0195638 -0.00500299 0)
(0.0224031 -0.00512409 0)
(0.0252512 -0.00520272 0)
(0.0280897 -0.00523658 0)
(0.0308994 -0.00522392 0)
(0.0336611 -0.00516358 0)
(0.0363552 -0.00505505 0)
(0.0389625 -0.00489858 0)
(0.0414641 -0.00469521 0)
(0.0438419 -0.00444677 0)
(0.0460787 -0.00415588 0)
(0.0481587 -0.00382592 0)
(0.0500672 -0.00346097 0)
(0.0517914 -0.0030657 0)
(0.0533199 -0.00264526 0)
(0.0546429 -0.00220519 0)
(0.0557524 -0.00175128 0)
(0.0566418 -0.00128951 0)
(0.0573059 -0.000825926 0)
(0.0577409 -0.000366627 0)
(0.0579442 8.23056e-05 0)
(0.0579146 0.000514805 0)
(0.0576521 0.000924826 0)
(0.0571582 0.00130635 0)
(0.0564361 0.00165338 0)
(0.0554914 0.00196003 0)
(0.0543322 0.00222064 0)
(0.05297 0.00243005 0)
(0.0514203 0.00258401 0)
(0.0497035 0.00267974 0)
(0.0478451 0.00271658 0)
(0.045876 0.00269646 0)
(0.0438318 0.00262418 0)
(0.0417519 0.00250731 0)
(0.0396771 0.00235563 0)
(0.0376473 0.00218034 0)
(0.0356984 0.00199289 0)
(0.0338602 0.00180378 0)
(0.0321549 0.00162137 0)
(0.0305969 0.00145114 0)
(0.029193 0.00129564 0)
(0.0279438 0.00115501 0)
(0.0268447 0.00102789 0)
(0.0258883 0.000912181 0)
(0.0250654 0.00080557 0)
(0.0243667 0.000705637 0)
(0.0237836 0.000609888 0)
(0.023309 0.000515781 0)
(0.0229371 0.000420845 0)
(0.0226635 0.000322851 0)
(0.022485 0.000219992 0)
(0.0223993 0.00011101 0)
(0.0224047 -4.72838e-06 0)
(0.0224995 -0.000127224 0)
(0.0226824 -0.000255881 0)
(0.0229516 -0.000389573 0)
(0.023305 -0.000526731 0)
(0.02374 -0.000665438 0)
(0.0242532 -0.000803523 0)
(0.0248405 -0.000938646 0)
(0.025497 -0.00106838 0)
(0.0262171 -0.0011903 0)
(0.0269944 -0.001302 0)
(0.0278216 -0.00140122 0)
(0.0286909 -0.00148587 0)
(0.0295938 -0.00155407 0)
(0.0305213 -0.00160423 0)
(0.0314639 -0.0016351 0)
(0.0324119 -0.00164583 0)
(0.0333554 -0.00163599 0)
(0.0342845 -0.00160563 0)
(0.0351895 -0.00155533 0)
(0.036061 -0.00148617 0)
(0.0368901 -0.00139977 0)
(0.0376687 -0.00129826 0)
(0.0383894 -0.00118422 0)
(0.0390462 -0.00106062 0)
(0.0396341 -0.000930693 0)
(0.0401496 -0.000797864 0)
(0.0405907 -0.00066556 0)
(0.0409571 -0.000537084 0)
(0.0412501 -0.000415456 0)
(0.0414728 -0.000303277 0)
(0.0416299 -0.000202618 0)
(0.0417272 -0.000114949 0)
(0.041772 -4.11123e-05 0)
(0.0417722 1.86568e-05 0)
(0.0417364 6.46736e-05 0)
(0.0416732 9.77142e-05 0)
(0.0415908 0.000118912 0)
(0.041497 0.000129654 0)
(0.0413987 0.000131478 0)
(0.0413017 0.00012599 0)
(0.0412108 0.000114792 0)
(0.0411295 9.94257e-05 0)
(0.0410604 8.133e-05 0)
(0.0410049 6.18062e-05 0)
(0.0409635 4.19944e-05 0)
(0.040936 2.28569e-05 0)
(0.0409216 5.16914e-06 0)
(0.0409189 -1.04832e-05 0)
(0.0409264 -2.36992e-05 0)
(0.0409421 -3.42523e-05 0)
(0.0409641 -4.20736e-05 0)
(0.0409907 -4.72314e-05 0)
(0.0410199 -4.99066e-05 0)
(0.0410502 -5.03669e-05 0)
(0.0410802 -4.89399e-05 0)
(0.0411088 -4.5988e-05 0)
(0.0411351 -4.18846e-05 0)
(0.0411586 -3.6994e-05 0)
(0.0411788 -3.16543e-05 0)
(0.0411956 -2.61658e-05 0)
(0.041209 -2.07818e-05 0)
(0.0412191 -1.57049e-05 0)
(0.0412264 -1.1086e-05 0)
(0.041231 -7.02608e-06 0)
(0.0412334 -3.58125e-06 0)
(0.041234 -7.68168e-07 0)
(0.0412332 1.42874e-06 0)
(0.0412314 3.05003e-06 0)
(0.0412289 4.15411e-06 0)
(0.041226 4.81054e-06 0)
(0.0412229 5.09427e-06 0)
(0.0412198 5.0807e-06 0)
(0.0412168 4.84185e-06 0)
(0.0412141 4.44353e-06 0)
(0.0412117 3.9435e-06 0)
(0.0412097 3.39048e-06 0)
(0.041208 2.82379e-06 0)
(0.0412067 2.27369e-06 0)
(0.0412056 1.76203e-06 0)
(0.0412049 1.30323e-06 0)
(0.0412044 9.05415e-07 0)
(0.041204 5.71598e-07 0)
(0.0412039 3.00824e-07 0)
(0.0412038 8.92581e-08 0)
(0.0412039 -6.88659e-08 0)
(0.041204 -1.80435e-07 0)
(0.0412042 -2.52805e-07 0)
(0.0412044 -2.93292e-07 0)
(0.0412045 -3.08805e-07 0)
(0.0412047 -3.05602e-07 0)
(0.0412049 -2.89141e-07 0)
(0.041205 -2.64028e-07 0)
(0.0412052 -2.34009e-07 0)
(0.0412053 -2.02023e-07 0)
(0.0412054 -1.70278e-07 0)
(0.0412055 -1.40349e-07 0)
(0.0412055 -1.13221e-07 0)
(0.0412056 -8.96256e-08 0)
(0.0412056 -6.92863e-08 0)
(0.0412056 -5.3072e-08 0)
(0.0412056 -3.88856e-08 0)
(-0.000307503 0.00123728 0)
(-0.00152359 0.00227101 0)
(-0.00288272 0.00268422 0)
(-0.00415843 0.00271304 0)
(-0.00526966 0.00266509 0)
(-0.00626613 0.00256187 0)
(-0.0071329 0.00246137 0)
(-0.00790284 0.00235864 0)
(-0.00857629 0.00226578 0)
(-0.00916869 0.00218193 0)
(-0.00968357 0.00210937 0)
(-0.0101276 0.00204707 0)
(-0.0105029 0.00199385 0)
(-0.0108109 0.00194732 0)
(-0.0110508 0.00190443 0)
(-0.0112207 0.00186143 0)
(-0.0113171 0.00181406 0)
(-0.0113354 0.00175769 0)
(-0.01127 0.00168753 0)
(-0.0111146 0.00159883 0)
(-0.0108626 0.00148708 0)
(-0.0105072 0.00134827 0)
(-0.0100415 0.00117904 0)
(-0.00945927 0.000976801 0)
(-0.00875456 0.000739864 0)
(-0.00792217 0.000467462 0)
(-0.0069577 0.000159758 0)
(-0.00585759 -0.000182202 0)
(-0.00461923 -0.000556554 0)
(-0.0032409 -0.000960712 0)
(-0.00172182 -0.00139147 0)
(-6.21724e-05 -0.00184509 0)
(0.00173695 -0.00231742 0)
(0.00367351 -0.00280398 0)
(0.0057445 -0.0033 0)
(0.00794596 -0.00380054 0)
(0.0102729 -0.00430046 0)
(0.0127194 -0.00479453 0)
(0.0152782 -0.00527742 0)
(0.0179413 -0.00574376 0)
(0.0206993 -0.00618814 0)
(0.0235417 -0.00660517 0)
(0.0264568 -0.00698949 0)
(0.0294318 -0.00733586 0)
(0.0324527 -0.00763914 0)
(0.0355046 -0.00789441 0)
(0.0385713 -0.00809702 0)
(0.0416357 -0.00824269 0)
(0.0446802 -0.00832763 0)
(0.0476864 -0.00834865 0)
(0.0506354 -0.00830328 0)
(0.0535085 -0.00818994 0)
(0.0562872 -0.008008 0)
(0.0589535 -0.00775794 0)
(0.0614904 -0.00744136 0)
(0.0638822 -0.00706102 0)
(0.0661147 -0.00662081 0)
(0.0681757 -0.00612566 0)
(0.0700548 -0.00558139 0)
(0.0717435 -0.00499458 0)
(0.0732356 -0.00437233 0)
(0.0745263 -0.00372209 0)
(0.0756127 -0.00305147 0)
(0.0764932 -0.00236803 0)
(0.077167 -0.00167924 0)
(0.0776344 -0.000992332 0)
(0.0778958 -0.000314284 0)
(0.0779521 0.000348162 0)
(0.0778042 0.000988477 0)
(0.0774528 0.00160027 0)
(0.0768988 0.00217724 0)
(0.0761429 0.00271306 0)
(0.0751861 0.0032014 0)
(0.07403 0.00363588 0)
(0.0726769 0.00401019 0)
(0.0711308 0.00431828 0)
(0.0693982 0.00455463 0)
(0.0674889 0.00471466 0)
(0.0654173 0.00479519 0)
(0.0632031 0.00479506 0)
(0.0608726 0.00471573 0)
(0.0584582 0.00456191 0)
(0.0559982 0.00434194 0)
(0.053535 0.00406771 0)
(0.0511134 0.00375388 0)
(0.0487768 0.00341642 0)
(0.0465649 0.00307089 0)
(0.0445101 0.00273068 0)
(0.0426365 0.00240571 0)
(0.0409589 0.00210187 0)
(0.0394834 0.00182104 0)
(0.038209 0.00156184 0)
(0.0371294 0.00132065 0)
(0.0362347 0.00109278 0)
(0.0355135 0.000873413 0)
(0.0349539 0.000658251 0)
(0.0345447 0.000443909 0)
(0.0342753 0.000228029 0)
(0.0341364 9.2702e-06 0)
(0.0341198 -0.000212766 0)
(0.0342179 -0.000437646 0)
(0.0344236 -0.000664216 0)
(0.0347304 -0.00089072 0)
(0.0351316 -0.00111492 0)
(0.0356206 -0.0013342 0)
(0.0361904 -0.00154572 0)
(0.0368337 -0.00174644 0)
(0.0375432 -0.0019333 0)
(0.0383107 -0.00210328 0)
(0.0391278 -0.00225347 0)
(0.039986 -0.00238117 0)
(0.040876 -0.00248395 0)
(0.0417885 -0.00255976 0)
(0.0427141 -0.00260698 0)
(0.0436432 -0.00262449 0)
(0.0445663 -0.00261174 0)
(0.0454742 -0.00256882 0)
(0.0463579 -0.00249647 0)
(0.0472092 -0.00239611 0)
(0.0480204 -0.00226985 0)
(0.0487845 -0.00212043 0)
(0.0494957 -0.00195119 0)
(0.050149 -0.001766 0)
(0.0507404 -0.00156912 0)
(0.051267 -0.00136509 0)
(0.0517272 -0.00115862 0)
(0.0521201 -0.000954416 0)
(0.0524461 -0.000757022 0)
(0.0527067 -0.000570666 0)
(0.0529044 -0.000399091 0)
(0.0530429 -0.00024541 0)
(0.0531268 -0.000111975 0)
(0.0531618 -2.86097e-07 0)
(0.0531545 8.90476e-05 0)
(0.0531119 0.000156294 0)
(0.0530418 0.000202526 0)
(0.0529517 0.000229496 0)
(0.0528491 0.000239484 0)
(0.0527409 0.000235122 0)
(0.0526333 0.000219218 0)
(0.0525313 0.000194606 0)
(0.052439 0.000164008 0)
(0.0523594 0.000129933 0)
(0.0522943 9.46032e-05 0)
(0.0522445 5.991e-05 0)
(0.05221 2.73856e-05 0)
(0.0521899 -1.79998e-06 0)
(0.0521829 -2.68291e-05 0)
(0.0521872 -4.72141e-05 0)
(0.052201 -6.27648e-05 0)
(0.052222 -7.35488e-05 0)
(0.0522481 -7.98467e-05 0)
(0.0522775 -8.21043e-05 0)
(0.0523083 -8.08838e-05 0)
(0.0523389 -7.68179e-05 0)
(0.0523683 -7.05664e-05 0)
(0.0523952 -6.27787e-05 0)
(0.0524192 -5.40625e-05 0)
(0.0524398 -4.49611e-05 0)
(0.0524567 -3.59361e-05 0)
(0.0524701 -2.73596e-05 0)
(0.0524802 -1.95112e-05 0)
(0.0524871 -1.25816e-05 0)
(0.0524913 -6.6802e-06 0)
(0.0524933 -1.8454e-06 0)
(0.0524935 1.94273e-06 0)
(0.0524923 4.74939e-06 0)
(0.05249 6.67217e-06 0)
(0.0524872 7.82905e-06 0)
(0.0524839 8.34793e-06 0)
(0.0524806 8.35785e-06 0)
(0.0524773 7.98221e-06 0)
(0.0524743 7.3337e-06 0)
(0.0524716 6.51108e-06 0)
(0.0524692 5.59743e-06 0)
(0.0524672 4.65969e-06 0)
(0.0524656 3.74914e-06 0)
(0.0524644 2.90267e-06 0)
(0.0524634 2.14449e-06 0)
(0.0524628 1.4881e-06 0)
(0.0524623 9.38325e-07 0)
(0.0524621 4.9337e-07 0)
(0.052462 1.46613e-07 0)
(0.0524621 -1.11749e-07 0)
(0.0524622 -2.93334e-07 0)
(0.0524623 -4.10478e-07 0)
(0.0524625 -4.75392e-07 0)
(0.0524627 -4.99554e-07 0)
(0.0524629 -4.93313e-07 0)
(0.0524631 -4.6566e-07 0)
(0.0524633 -4.24137e-07 0)
(0.0524634 -3.74859e-07 0)
(0.0524635 -3.22595e-07 0)
(0.0524636 -2.70908e-07 0)
(0.0524637 -2.22318e-07 0)
(0.0524638 -1.78461e-07 0)
(0.0524639 -1.40336e-07 0)
(0.0524639 -1.08035e-07 0)
(0.0524639 -8.25403e-08 0)
(0.0524639 -6.05651e-08 0)
(-0.000410422 0.00245939 0)
(-0.00174211 0.00376887 0)
(-0.0030256 0.00411732 0)
(-0.00409839 0.00388224 0)
(-0.00487813 0.00363081 0)
(-0.00547564 0.00335144 0)
(-0.00588657 0.00311193 0)
(-0.00616912 0.00289216 0)
(-0.00633038 0.00269788 0)
(-0.00639407 0.00252303 0)
(-0.00636568 0.00236596 0)
(-0.00625381 0.00222311 0)
(-0.00606046 0.00209109 0)
(-0.0057875 0.00196593 0)
(-0.00543409 0.00184323 0)
(-0.00499876 0.00171822 0)
(-0.00447883 0.00158582 0)
(-0.00387114 0.00144081 0)
(-0.00317202 0.00127802 0)
(-0.00237768 0.00109249 0)
(-0.00148423 0.000879703 0)
(-0.000487958 0.000635745 0)
(0.000614647 0.000357465 0)
(0.00182673 4.25858e-05 0)
(0.00315104 -0.000310233 0)
(0.00458983 -0.000701372 0)
(0.00614485 -0.00113027 0)
(0.00781734 -0.00159545 0)
(0.00960794 -0.00209464 0)
(0.0115167 -0.00262481 0)
(0.013543 -0.00318227 0)
(0.0156857 -0.00376278 0)
(0.0179427 -0.00436162 0)
(0.0203113 -0.00497366 0)
(0.0227878 -0.00559342 0)
(0.0253679 -0.00621514 0)
(0.028046 -0.00683279 0)
(0.0308157 -0.00744012 0)
(0.0336692 -0.0080307 0)
(0.0365979 -0.00859796 0)
(0.0395916 -0.00913519 0)
(0.0426391 -0.00963567 0)
(0.0457278 -0.0100926 0)
(0.048844 -0.0104994 0)
(0.0519726 -0.0108495 0)
(0.0550976 -0.0111365 0)
(0.0582018 -0.0113545 0)
(0.0612674 -0.0114981 0)
(0.0642758 -0.0115623 0)
(0.0672083 -0.0115432 0)
(0.0700459 -0.0114379 0)
(0.0727706 -0.0112446 0)
(0.0753649 -0.0109631 0)
(0.0778133 -0.0105946 0)
(0.0801016 -0.0101419 0)
(0.0822185 -0.0096093 0)
(0.0841548 -0.00900282 0)
(0.0859045 -0.00832959 0)
(0.0874641 -0.00759787 0)
(0.0888327 -0.00681664 0)
(0.0900117 -0.00599531 0)
(0.0910046 -0.00514342 0)
(0.091816 -0.00427032 0)
(0.0924516 -0.00338496 0)
(0.0929175 -0.00249578 0)
(0.0932198 -0.00161057 0)
(0.093364 -0.000736508 0)
(0.0933549 0.000119787 0)
(0.0931963 0.000952146 0)
(0.0928909 0.00175471 0)
(0.0924401 0.00252176 0)
(0.0918442 0.0032476 0)
(0.0911024 0.00392637 0)
(0.090213 0.00455206 0)
(0.0891736 0.0051184 0)
(0.0879818 0.00561904 0)
(0.0866351 0.00604761 0)
(0.0851319 0.00639801 0)
(0.083472 0.00666466 0)
(0.0816576 0.00684284 0)
(0.0796941 0.00692911 0)
(0.0775911 0.00692176 0)
(0.0753633 0.00682137 0)
(0.0730314 0.00663125 0)
(0.0706227 0.0063578 0)
(0.0681705 0.0060106 0)
(0.0657132 0.00560209 0)
(0.0632927 0.00514693 0)
(0.0609515 0.00466099 0)
(0.0587297 0.00415993 0)
(0.0566627 0.00365786 0)
(0.0547786 0.00316601 0)
(0.0530969 0.002692 0)
(0.0516284 0.00223972 0)
(0.0503762 0.00180976 0)
(0.0493366 0.00140033 0)
(0.0485011 0.0010083 0)
(0.0478581 0.000630203 0)
(0.0473944 0.000262953 0)
(0.0470963 -9.5662e-05 0)
(0.04695 -0.000446779 0)
(0.0469424 -0.000790438 0)
(0.0470611 -0.00112569 0)
(0.0472943 -0.00145077 0)
(0.0476308 -0.00176325 0)
(0.0480597 -0.00206026 0)
(0.0485705 -0.00233863 0)
(0.0491528 -0.00259502 0)
(0.0497962 -0.00282609 0)
(0.0504903 -0.00302857 0)
(0.0512248 -0.00319943 0)
(0.0519891 -0.00333595 0)
(0.0527728 -0.00343582 0)
(0.0535658 -0.0034973 0)
(0.0543577 -0.00351926 0)
(0.055139 -0.00350129 0)
(0.0559005 -0.0034438 0)
(0.0566336 -0.003348 0)
(0.0573307 -0.00321599 0)
(0.0579852 -0.00305071 0)
(0.0585916 -0.00285587 0)
(0.0591458 -0.00263587 0)
(0.0596449 -0.00239568 0)
(0.0600872 -0.00214067 0)
(0.0604725 -0.00187646 0)
(0.0608013 -0.00160873 0)
(0.0610754 -0.00134304 0)
(0.0612972 -0.00108472 0)
(0.0614697 -0.000838707 0)
(0.0615961 -0.000609407 0)
(0.0616801 -0.00040062 0)
(0.0617256 -0.000215426 0)
(0.0617365 -5.61055e-05 0)
(0.0617169 7.59286e-05 0)
(0.0616713 0.000180176 0)
(0.0616041 0.000257055 0)
(0.0615201 0.000307866 0)
(0.0614241 0.000334705 0)
(0.0613211 0.000340329 0)
(0.0612156 0.000327986 0)
(0.061112 0.000301221 0)
(0.0610141 0.000263682 0)
(0.0609251 0.000218934 0)
(0.0608474 0.000170305 0)
(0.0607826 0.000120761 0)
(0.0607315 7.28209e-05 0)
(0.0606943 2.85078e-05 0)
(0.0606703 -1.0665e-05 0)
(0.0606586 -4.36837e-05 0)
(0.0606577 -6.99992e-05 0)
(0.0606658 -8.94767e-05 0)
(0.0606811 -0.000102333 0)
(0.0607017 -0.000109069 0)
(0.0607257 -0.000110396 0)
(0.0607517 -0.000107167 0)
(0.060778 -0.000100307 0)
(0.0608034 -9.0759e-05 0)
(0.0608271 -7.94271e-05 0)
(0.0608484 -6.714e-05 0)
(0.0608667 -5.46204e-05 0)
(0.0608819 -4.24668e-05 0)
(0.0608939 -3.11449e-05 0)
(0.060903 -2.09892e-05 0)
(0.0609093 -1.221e-05 0)
(0.0609132 -4.90806e-06 0)
(0.060915 9.09248e-07 0)
(0.0609152 5.30835e-06 0)
(0.0609141 8.4105e-06 0)
(0.0609122 1.03735e-05 0)
(0.0609096 1.13751e-05 0)
(0.0609068 1.15996e-05 0)
(0.0609038 1.12262e-05 0)
(0.0609009 1.04208e-05 0)
(0.0608983 9.33081e-06 0)
(0.0608959 8.08127e-06 0)
(0.0608938 6.77412e-06 0)
(0.0608921 5.48835e-06 0)
(0.0608907 4.28161e-06 0)
(0.0608896 3.19259e-06 0)
(0.0608889 2.24381e-06 0)
(0.0608883 1.44468e-06 0)
(0.060888 7.94392e-07 0)
(0.0608878 2.84703e-07 0)
(0.0608878 -9.76282e-08 0)
(0.0608878 -3.68788e-07 0)
(0.0608879 -5.46236e-07 0)
(0.0608881 -6.47423e-07 0)
(0.0608883 -6.8886e-07 0)
(0.0608885 -6.85499e-07 0)
(0.0608886 -6.50376e-07 0)
(0.0608888 -5.94459e-07 0)
(0.0608889 -5.26657e-07 0)
(0.0608891 -4.5394e-07 0)
(0.0608892 -3.81527e-07 0)
(0.0608893 -3.13133e-07 0)
(0.0608893 -2.51201e-07 0)
(0.0608894 -1.97189e-07 0)
(0.0608894 -1.516e-07 0)
(0.0608895 -1.15431e-07 0)
(0.0608895 -8.45044e-08 0)
(-0.000701801 0.00309199 0)
(-0.00212141 0.00470693 0)
(-0.00259299 0.00493424 0)
(-0.00282765 0.00449403 0)
(-0.00264437 0.00403228 0)
(-0.00236362 0.00357636 0)
(-0.00192223 0.00318271 0)
(-0.00140335 0.002835 0)
(-0.000795679 0.00252897 0)
(-0.000121916 0.00225584 0)
(0.00061945 0.00200826 0)
(0.00142285 0.00178012 0)
(0.00228974 0.00156528 0)
(0.00322044 0.00135828 0)
(0.00421752 0.00115349 0)
(0.00528353 0.000945481 0)
(0.00642169 0.00072873 0)
(0.00763521 0.000497857 0)
(0.00892733 0.000247638 0)
(0.0103011 -2.68122e-05 0)
(0.0117594 -0.000329908 0)
(0.0133046 -0.000665437 0)
(0.0149391 -0.00103644 0)
(0.0166646 -0.00144512 0)
(0.0184824 -0.00189275 0)
(0.0203938 -0.00237966 0)
(0.0223993 -0.00290525 0)
(0.0244992 -0.00346799 0)
(0.0266931 -0.00406547 0)
(0.0289803 -0.00469449 0)
(0.0313594 -0.00535109 0)
(0.0338283 -0.00603065 0)
(0.0363842 -0.00672797 0)
(0.0390235 -0.00743731 0)
(0.0417415 -0.00815245 0)
(0.0445326 -0.00886678 0)
(0.0473903 -0.00957327 0)
(0.0503067 -0.0102646 0)
(0.0532727 -0.010933 0)
(0.056278 -0.0115706 0)
(0.0593108 -0.0121693 0)
(0.062358 -0.0127207 0)
(0.0654052 -0.0132166 0)
(0.0684363 -0.0136487 0)
(0.0714345 -0.0140089 0)
(0.0743816 -0.0142895 0)
(0.0772586 -0.0144831 0)
(0.0800461 -0.0145832 0)
(0.0827246 -0.0145841 0)
(0.0852747 -0.0144813 0)
(0.0876784 -0.0142722 0)
(0.0899191 -0.0139555 0)
(0.0919826 -0.0135323 0)
(0.0938579 -0.0130057 0)
(0.0955374 -0.0123811 0)
(0.0970174 -0.0116658 0)
(0.0982983 -0.0108691 0)
(0.0993843 -0.0100017 0)
(0.100283 -0.00907516 0)
(0.101005 -0.00810168 0)
(0.101563 -0.00709335 0)
(0.101971 -0.00606183 0)
(0.102244 -0.00501796 0)
(0.102395 -0.00397152 0)
(0.102439 -0.00293112 0)
(0.102387 -0.00190417 0)
(0.102249 -0.000896969 0)
(0.102034 8.51183e-05 0)
(0.101748 0.00103746 0)
(0.101394 0.00195592 0)
(0.100973 0.00283662 0)
(0.100486 0.00367568 0)
(0.0999306 0.00446908 0)
(0.0993021 0.00521246 0)
(0.0985956 0.00590102 0)
(0.0978045 0.00652953 0)
(0.0969214 0.00709229 0)
(0.0959386 0.00758332 0)
(0.0948483 0.00799647 0)
(0.0936433 0.0083257 0)
(0.0923178 0.00856543 0)
(0.090868 0.00871091 0)
(0.0892929 0.00875869 0)
(0.0875949 0.00870712 0)
(0.0857813 0.00855673 0)
(0.0838643 0.00831057 0)
(0.0818616 0.0079743 0)
(0.0797968 0.00755618 0)
(0.0776983 0.00706683 0)
(0.0755989 0.00651875 0)
(0.0735338 0.00592568 0)
(0.0715387 0.00530171 0)
(0.0696477 0.00466044 0)
(0.0678909 0.00401403 0)
(0.066293 0.00337261 0)
(0.0648718 0.00274387 0)
(0.0636384 0.00213303 0)
(0.0625969 0.00154314 0)
(0.0617457 0.000975617 0)
(0.0610787 0.000430828 0)
(0.0605863 -9.12748e-05 0)
(0.0602564 -0.000590686 0)
(0.0600761 -0.00106701 0)
(0.0600312 -0.00151928 0)
(0.0601078 -0.0019459 0)
(0.0602919 -0.00234472 0)
(0.0605697 -0.00271308 0)
(0.0609278 -0.00304803 0)
(0.0613531 -0.00334641 0)
(0.0618327 -0.00360508 0)
(0.062354 -0.003821 0)
(0.0629046 -0.00399149 0)
(0.0634727 -0.0041143 0)
(0.0640467 -0.0041878 0)
(0.0646156 -0.00421113 0)
(0.0651693 -0.00418429 0)
(0.0656981 -0.00410828 0)
(0.0661938 -0.00398511 0)
(0.0666491 -0.00381789 0)
(0.0670583 -0.00361072 0)
(0.0674169 -0.00336864 0)
(0.0677221 -0.00309753 0)
(0.0679728 -0.00280383 0)
(0.0681691 -0.00249442 0)
(0.068313 -0.0021763 0)
(0.0684074 -0.0018564 0)
(0.0684564 -0.00154133 0)
(0.0684649 -0.00123717 0)
(0.0684384 -0.000949337 0)
(0.0683826 -0.000682467 0)
(0.0683029 -0.000440337 0)
(0.0682049 -0.000225843 0)
(0.0680933 -4.10005e-05 0)
(0.0679723 0.000113049 0)
(0.0678457 0.000236009 0)
(0.0677165 0.000328405 0)
(0.0675872 0.000391539 0)
(0.06746 0.000427439 0)
(0.0673369 0.000438776 0)
(0.0672195 0.000428757 0)
(0.0671095 0.000400982 0)
(0.0670082 0.000359293 0)
(0.0669168 0.000307592 0)
(0.0668365 0.000249679 0)
(0.0667677 0.000189091 0)
(0.066711 0.000128977 0)
(0.0666663 7.19997e-05 0)
(0.0666332 2.0276e-05 0)
(0.066611 -2.46476e-05 0)
(0.0665988 -6.17858e-05 0)
(0.0665952 -9.06789e-05 0)
(0.0665989 -0.000111335 0)
(0.0666084 -0.000124155 0)
(0.0666223 -0.000129854 0)
(0.0666392 -0.000129371 0)
(0.0666577 -0.000123787 0)
(0.0666768 -0.000114245 0)
(0.0666955 -0.000101883 0)
(0.066713 -8.77709e-05 0)
(0.0667287 -7.28723e-05 0)
(0.0667424 -5.80087e-05 0)
(0.0667538 -4.38439e-05 0)
(0.0667629 -3.08783e-05 0)
(0.0667698 -1.94534e-05 0)
(0.0667746 -9.76534e-06 0)
(0.0667776 -1.88305e-06 0)
(0.0667791 4.22867e-06 0)
(0.0667793 8.6856e-06 0)
(0.0667786 1.16604e-05 0)
(0.0667772 1.33611e-05 0)
(0.0667753 1.40115e-05 0)
(0.0667732 1.38361e-05 0)
(0.066771 1.30476e-05 0)
(0.0667689 1.18381e-05 0)
(0.0667669 1.0374e-05 0)
(0.0667652 8.79304e-06 0)
(0.0667637 7.20421e-06 0)
(0.0667624 5.68885e-06 0)
(0.0667614 4.30341e-06 0)
(0.0667606 3.08278e-06 0)
(0.0667601 2.04402e-06 0)
(0.0667597 1.19014e-06 0)
(0.0667595 5.13661e-07 0)
(0.0667594 -1.24686e-10 0)
(0.0667593 -3.7041e-07 0)
(0.0667594 -6.18595e-07 0)
(0.0667595 -7.66511e-07 0)
(0.0667596 -8.35116e-07 0)
(0.0667597 -8.43603e-07 0)
(0.0667599 -8.0886e-07 0)
(0.06676 -7.45212e-07 0)
(0.0667601 -6.64382e-07 0)
(0.0667602 -5.75619e-07 0)
(0.0667603 -4.85914e-07 0)
(0.0667604 -4.00295e-07 0)
(0.0667605 -3.22142e-07 0)
(0.0667605 -2.53508e-07 0)
(0.0667605 -1.95343e-07 0)
(0.0667606 -1.48676e-07 0)
(0.0667606 -1.08381e-07 0)
(-0.000179061 0.00562997 0)
(-0.000129663 0.00562057 0)
(0.0010266 0.00500779 0)
(0.00223914 0.00397223 0)
(0.00372557 0.00325213 0)
(0.00518941 0.00267858 0)
(0.00670745 0.00220943 0)
(0.00821143 0.00181534 0)
(0.00972161 0.00146809 0)
(0.0112284 0.00115693 0)
(0.0127408 0.000869881 0)
(0.0142625 0.000600051 0)
(0.0158007 0.000340373 0)
(0.0173616 8.51565e-05 0)
(0.0189516 -0.000171266 0)
(0.0205767 -0.000434187 0)
(0.0222427 -0.000708832 0)
(0.0239548 -0.00100023 0)
(0.0257176 -0.0013132 0)
(0.0275353 -0.00165222 0)
(0.0294113 -0.00202136 0)
(0.0313486 -0.00242409 0)
(0.0333495 -0.00286321 0)
(0.0354157 -0.00334075 0)
(0.0375486 -0.00385786 0)
(0.0397486 -0.00441481 0)
(0.0420161 -0.0050109 0)
(0.0443506 -0.00564448 0)
(0.0467511 -0.00631301 0)
(0.0492158 -0.00701301 0)
(0.0517424 -0.00774018 0)
(0.0543276 -0.00848942 0)
(0.0569671 -0.00925494 0)
(0.0596559 -0.0100302 0)
(0.0623877 -0.0108083 0)
(0.0651549 -0.0115815 0)
(0.0679491 -0.0123416 0)
(0.0707602 -0.0130801 0)
(0.0735769 -0.0137879 0)
(0.0763862 -0.0144555 0)
(0.079174 -0.0150732 0)
(0.081924 -0.0156308 0)
(0.084619 -0.0161183 0)
(0.0872399 -0.0165257 0)
(0.089767 -0.0168433 0)
(0.0921794 -0.0170619 0)
(0.094456 -0.017173 0)
(0.096576 -0.0171692 0)
(0.0985197 -0.0170448 0)
(0.100269 -0.0167957 0)
(0.101809 -0.0164206 0)
(0.10313 -0.0159206 0)
(0.104223 -0.0152999 0)
(0.10509 -0.0145658 0)
(0.105735 -0.0137283 0)
(0.106169 -0.0127998 0)
(0.106407 -0.0117945 0)
(0.10647 -0.0107279 0)
(0.106382 -0.00961564 0)
(0.106168 -0.0084731 0)
(0.105853 -0.00731452 0)
(0.105463 -0.00615261 0)
(0.105021 -0.00499821 0)
(0.104548 -0.00386018 0)
(0.104062 -0.00274545 0)
(0.103577 -0.00165921 0)
(0.103103 -0.000605167 0)
(0.102648 0.000414066 0)
(0.102215 0.00139665 0)
(0.101806 0.00234116 0)
(0.101418 0.00324625 0)
(0.101049 0.00411042 0)
(0.100692 0.00493178 0)
(0.10034 0.00570789 0)
(0.0999846 0.00643569 0)
(0.0996151 0.00711143 0)
(0.0992212 0.00773072 0)
(0.0987914 0.00828854 0)
(0.0983139 0.00877943 0)
(0.0977768 0.00919756 0)
(0.0971685 0.00953702 0)
(0.0964782 0.00979203 0)
(0.0956961 0.0099573 0)
(0.0948147 0.0100284 0)
(0.0938287 0.0100023 0)
(0.0927365 0.00987727 0)
(0.0915401 0.00965391 0)
(0.0902463 0.00933485 0)
(0.0888664 0.00892508 0)
(0.0874164 0.00843188 0)
(0.0859167 0.00786463 0)
(0.0843915 0.00723436 0)
(0.082867 0.00655325 0)
(0.0813708 0.00583398 0)
(0.07993 0.00508914 0)
(0.0785696 0.00433059 0)
(0.0773113 0.00356908 0)
(0.0761727 0.00281391 0)
(0.0751661 0.00207283 0)
(0.0742993 0.00135214 0)
(0.0735747 0.000656865 0)
(0.072991 -8.96202e-06 0)
(0.0725429 -0.000641971 0)
(0.0722225 -0.00123918 0)
(0.0720198 -0.00179774 0)
(0.0719231 -0.00231484 0)
(0.0719198 -0.00278754 0)
(0.0719967 -0.00321284 0)
(0.0721404 -0.0035877 0)
(0.0723374 -0.00390914 0)
(0.0725743 -0.0041744 0)
(0.0728381 -0.00438106 0)
(0.0731162 -0.00452727 0)
(0.0733968 -0.00461188 0)
(0.0736689 -0.00463464 0)
(0.0739223 -0.00459635 0)
(0.0741482 -0.00449895 0)
(0.0743392 -0.00434564 0)
(0.0744894 -0.00414083 0)
(0.0745944 -0.00389012 0)
(0.0746515 -0.00360018 0)
(0.0746596 -0.00327854 0)
(0.0746195 -0.00293333 0)
(0.074533 -0.00257305 0)
(0.0744036 -0.00220623 0)
(0.0742357 -0.00184114 0)
(0.0740346 -0.00148551 0)
(0.0738064 -0.00114631 0)
(0.0735575 -0.000829511 0)
(0.0732944 -0.00054002 0)
(0.0730236 -0.000281558 0)
(0.0727513 -5.66797e-05 0)
(0.0724831 0.000133195 0)
(0.0722237 0.000287691 0)
(0.0719772 0.000407376 0)
(0.0717466 0.00049364 0)
(0.0715339 0.000548579 0)
(0.0713404 0.000574882 0)
(0.0711665 0.000575723 0)
(0.071012 0.000554656 0)
(0.0708765 0.000515498 0)
(0.0707589 0.000462215 0)
(0.0706583 0.000398791 0)
(0.0705735 0.000329101 0)
(0.0705033 0.00025678 0)
(0.0704464 0.000185106 0)
(0.0704017 0.000116907 0)
(0.0703679 5.44893e-05 0)
(0.0703439 -4.05235e-07 0)
(0.0703283 -4.66065e-05 0)
(0.0703199 -8.34985e-05 0)
(0.0703175 -0.000110974 0)
(0.07032 -0.00012937 0)
(0.0703261 -0.000139387 0)
(0.0703349 -0.000142003 0)
(0.0703454 -0.00013838 0)
(0.0703568 -0.000129783 0)
(0.0703684 -0.000117492 0)
(0.0703796 -0.00010274 0)
(0.07039 -8.66568e-05 0)
(0.0703993 -7.02266e-05 0)
(0.0704073 -5.42648e-05 0)
(0.070414 -3.9406e-05 0)
(0.0704192 -2.61043e-05 0)
(0.0704231 -1.46449e-05 0)
(0.0704258 -5.16222e-06 0)
(0.0704274 2.33647e-06 0)
(0.0704281 7.94489e-06 0)
(0.0704282 1.18312e-05 0)
(0.0704277 1.42126e-05 0)
(0.0704268 1.5333e-05 0)
(0.0704256 1.54433e-05 0)
(0.0704244 1.47867e-05 0)
(0.0704231 1.35869e-05 0)
(0.0704219 1.20406e-05 0)
(0.0704207 1.03137e-05 0)
(0.0704197 8.53943e-06 0)
(0.0704189 6.8195e-06 0)
(0.0704181 5.2264e-06 0)
(0.0704176 3.80701e-06 0)
(0.0704172 2.58665e-06 0)
(0.0704169 1.57338e-06 0)
(0.0704167 7.62186e-07 0)
(0.0704165 1.38709e-07 0)
(0.0704165 -3.17377e-07 0)
(0.0704165 -6.2963e-07 0)
(0.0704165 -8.22646e-07 0)
(0.0704166 -9.20421e-07 0)
(0.0704167 -9.45202e-07 0)
(0.0704168 -9.16763e-07 0)
(0.0704168 -8.52032e-07 0)
(0.0704169 -7.64985e-07 0)
(0.070417 -6.66738e-07 0)
(0.070417 -5.65785e-07 0)
(0.0704171 -4.68307e-07 0)
(0.0704171 -3.78528e-07 0)
(0.0704172 -2.99086e-07 0)
(0.0704172 -2.31336e-07 0)
(0.0704172 -1.76345e-07 0)
(0.0704172 -1.28119e-07 0)
(0.00505481 0.00201119 0)
(0.00760256 0.00302866 0)
(0.0125745 0.00256236 0)
(0.015877 0.00193312 0)
(0.0190222 0.00129427 0)
(0.0217429 0.000774277 0)
(0.0242518 0.000335383 0)
(0.0265838 -3.28687e-05 0)
(0.0287924 -0.000355903 0)
(0.0309068 -0.0006475 0)
(0.0329519 -0.000920148 0)
(0.0349458 -0.00118219 0)
(0.0369037 -0.0014406 0)
(0.0388384 -0.00170106 0)
(0.0407605 -0.00196867 0)
(0.0426795 -0.00224817 0)
(0.0446034 -0.00254408 0)
(0.0465394 -0.00286075 0)
(0.0484936 -0.00320231 0)
(0.0504713 -0.00357261 0)
(0.0524768 -0.00397513 0)
(0.0545136 -0.00441286 0)
(0.0565846 -0.0048882 0)
(0.0586916 -0.00540285 0)
(0.0608359 -0.0059577 0)
(0.0630179 -0.00655279 0)
(0.0652375 -0.00718722 0)
(0.0674934 -0.00785913 0)
(0.0697839 -0.00856567 0)
(0.0721063 -0.00930299 0)
(0.0744567 -0.0100663 0)
(0.0768303 -0.0108499 0)
(0.0792212 -0.0116472 0)
(0.0816221 -0.0124507 0)
(0.0840244 -0.0132525 0)
(0.0864181 -0.0140435 0)
(0.0887916 -0.0148144 0)
(0.0911319 -0.015555 0)
(0.0934243 -0.0162546 0)
(0.0956523 -0.0169016 0)
(0.0977977 -0.0174844 0)
(0.0998405 -0.0179908 0)
(0.101759 -0.0184086 0)
(0.10353 -0.0187259 0)
(0.105131 -0.0189314 0)
(0.106539 -0.0190147 0)
(0.10773 -0.0189668 0)
(0.108686 -0.0187806 0)
(0.10939 -0.0184518 0)
(0.109832 -0.0179793 0)
(0.110006 -0.0173657 0)
(0.109916 -0.0166178 0)
(0.109574 -0.0157462 0)
(0.108998 -0.0147654 0)
(0.108216 -0.0136927 0)
(0.107261 -0.0125477 0)
(0.10617 -0.0113506 0)
(0.104985 -0.0101217 0)
(0.103745 -0.00887953 0)
(0.102488 -0.00764082 0)
(0.101251 -0.00641934 0)
(0.100062 -0.00522579 0)
(0.0989474 -0.00406783 0)
(0.0979262 -0.00295028 0)
(0.097012 -0.00187559 0)
(0.0962133 -0.000844283 0)
(0.0955338 0.00014441 0)
(0.0949732 0.00109207 0)
(0.0945278 0.0020006 0)
(0.0941914 0.0028718 0)
(0.0939556 0.00370708 0)
(0.0938103 0.00450722 0)
(0.0937443 0.0052722 0)
(0.0937457 0.00600111 0)
(0.0938016 0.00669212 0)
(0.0938989 0.0073425 0)
(0.0940241 0.0079487 0)
(0.0941635 0.00850636 0)
(0.0943034 0.0090105 0)
(0.0944297 0.00945565 0)
(0.0945289 0.00983599 0)
(0.0945875 0.0101456 0)
(0.0945926 0.0103785 0)
(0.0945323 0.0105294 0)
(0.0943958 0.0105933 0)
(0.0941743 0.0105665 0)
(0.093861 0.0104463 0)
(0.093452 0.0102317 0)
(0.0929469 0.00992341 0)
(0.0923485 0.00952412 0)
(0.0916636 0.00903857 0)
(0.0909028 0.00847347 0)
(0.0900799 0.00783735 0)
(0.0892116 0.00714023 0)
(0.0883166 0.00639326 0)
(0.0874144 0.00560823 0)
(0.0865245 0.00479711 0)
(0.0856652 0.0039716 0)
(0.0848529 0.00314281 0)
(0.084101 0.00232098 0)
(0.0834196 0.00151537 0)
(0.0828155 0.000734234 0)
(0.0822919 -1.51332e-05 0)
(0.081849 -0.000726254 0)
(0.0814839 -0.00139335 0)
(0.0811912 -0.00201119 0)
(0.0809637 -0.00257502 0)
(0.0807924 -0.00308048 0)
(0.0806675 -0.00352359 0)
(0.0805783 -0.0039008 0)
(0.0805138 -0.0042091 0)
(0.0804631 -0.00444613 0)
(0.0804158 -0.00461035 0)
(0.080362 -0.00470118 0)
(0.0802929 -0.00471921 0)
(0.0802008 -0.00466631 0)
(0.0800797 -0.00454575 0)
(0.0799249 -0.00436219 0)
(0.0797336 -0.00412171 0)
(0.0795047 -0.00383162 0)
(0.0792387 -0.00350032 0)
(0.0789374 -0.00313701 0)
(0.0786041 -0.0027514 0)
(0.0782429 -0.00235336 0)
(0.0778588 -0.00195259 0)
(0.0774572 -0.00155832 0)
(0.0770438 -0.00117898 0)
(0.0766244 -0.000822008 0)
(0.0762048 -0.000493661 0)
(0.0757903 -0.000198873 0)
(0.0753863 5.87881e-05 0)
(0.0749974 0.000277126 0)
(0.0746279 0.000455262 0)
(0.0742813 0.000593534 0)
(0.0739607 0.000693356 0)
(0.0736681 0.000757051 0)
(0.0734048 0.00078768 0)
(0.0731713 0.000788859 0)
(0.0729673 0.000764599 0)
(0.0727917 0.000719154 0)
(0.0726429 0.00065688 0)
(0.0725189 0.000582116 0)
(0.0724172 0.000499066 0)
(0.0723354 0.000411697 0)
(0.0722709 0.000323643 0)
(0.0722212 0.000238117 0)
(0.0721841 0.000157845 0)
(0.0721573 8.50128e-05 0)
(0.0721389 2.12389e-05 0)
(0.0721272 -3.2428e-05 0)
(0.0721207 -7.54887e-05 0)
(0.0721182 -0.000107949 0)
(0.0721186 -0.000130256 0)
(0.072121 -0.000143221 0)
(0.0721247 -0.000147933 0)
(0.0721292 -0.000145666 0)
(0.0721339 -0.000137793 0)
(0.0721387 -0.000125706 0)
(0.0721433 -0.000110743 0)
(0.0721474 -9.41324e-05 0)
(0.0721511 -7.69519e-05 0)
(0.0721542 -6.0099e-05 0)
(0.0721568 -4.42796e-05 0)
(0.0721588 -3.00081e-05 0)
(0.0721603 -1.76176e-05 0)
(0.0721614 -7.27835e-06 0)
(0.072162 9.77401e-07 0)
(0.0721624 7.22885e-06 0)
(0.0721625 1.16385e-05 0)
(0.0721623 1.44252e-05 0)
(0.0721621 1.58404e-05 0)
(0.0721617 1.61465e-05 0)
(0.0721613 1.56006e-05 0)
(0.0721609 1.44419e-05 0)
(0.0721605 1.28824e-05 0)
(0.0721601 1.11025e-05 0)
(0.0721597 9.2486e-06 0)
(0.0721594 7.43355e-06 0)
(0.0721592 5.73908e-06 0)
(0.072159 4.21917e-06 0)
(0.0721588 2.90437e-06 0)
(0.0721587 1.80618e-06 0)
(0.0721586 9.21557e-07 0)
(0.0721586 2.36935e-07 0)
(0.0721585 -2.68139e-07 0)
(0.0721585 -6.18004e-07 0)
(0.0721585 -8.38459e-07 0)
(0.0721586 -9.54934e-07 0)
(0.0721586 -9.91192e-07 0)
(0.0721586 -9.68493e-07 0)
(0.0721586 -9.05141e-07 0)
(0.0721587 -8.16327e-07 0)
(0.0721587 -7.14206e-07 0)
(0.0721587 -6.08118e-07 0)
(0.0721587 -5.04909e-07 0)
(0.0721587 -4.09307e-07 0)
(0.0721588 -3.24302e-07 0)
(0.0721588 -2.51499e-07 0)
(0.0721588 -1.9198e-07 0)
(0.0721588 -1.39258e-07 0)
(0.0344489 -2.81542e-06 0)
(0.0346084 -0.000149552 0)
(0.0349338 -0.000268899 0)
(0.0353772 -0.000332864 0)
(0.035886 -0.000372382 0)
(0.0365425 -0.000450124 0)
(0.0372281 -0.000332386 0)
(0.0379276 -0.000781529 0)
(0.0908642 -6.42835e-06 0)
(0.0906422 -0.000131221 0)
(0.0905784 -0.000298088 0)
(0.090618 -0.000467984 0)
(0.0907702 -0.000651216 0)
(0.0910111 -0.00083515 0)
(0.0913686 -0.00103644 0)
(0.0922647 -0.00171465 0)
(0.128437 -9.96162e-06 0)
(0.128259 -9.4191e-05 0)
(0.128173 -0.000222002 0)
(0.128135 -0.000384335 0)
(0.128127 -0.000573905 0)
(0.128149 -0.00079431 0)
(0.128243 -0.0011314 0)
(0.128248 -0.0015633 0)
(0.147212 -1.37981e-05 0)
(0.147034 -0.000104657 0)
(0.146937 -0.000223188 0)
(0.146873 -0.000369976 0)
(0.146823 -0.000548579 0)
(0.146781 -0.000777601 0)
(0.146724 -0.00105608 0)
(0.146658 -0.00142442 0)
(0.147217 -1.90944e-05 0)
(0.147038 -0.00011229 0)
(0.146928 -0.000215674 0)
(0.14684 -0.000339578 0)
(0.146749 -0.000495194 0)
(0.146634 -0.000689129 0)
(0.146486 -0.000937282 0)
(0.146276 -0.00124074 0)
(0.12845 -2.69201e-05 0)
(0.128254 -0.000128508 0)
(0.128111 -0.000218684 0)
(0.127972 -0.00031762 0)
(0.127809 -0.000440611 0)
(0.127605 -0.000599191 0)
(0.127344 -0.000797228 0)
(0.127007 -0.00103461 0)
(0.0908862 -4.11241e-05 0)
(0.090606 -0.000107515 0)
(0.0903851 -0.000142448 0)
(0.090162 -0.000188488 0)
(0.0899089 -0.000264454 0)
(0.089602 -0.000374617 0)
(0.0892183 -0.00051637 0)
(0.0887339 -0.000681377 0)
(0.0344547 -4.72432e-05 0)
(0.0343674 -2.85951e-05 0)
(0.0343077 1.60679e-06 0)
(0.0342437 -1.0576e-06 0)
(0.0341172 -3.53258e-05 0)
(0.0338996 -8.93054e-05 0)
(0.0335748 -0.000150294 0)
(0.0331366 -0.000207742 0)
(0.0406508 -0.00355436 0)
(0.0435999 -0.00328478 0)
(0.0462871 -0.0029959 0)
(0.0489058 -0.00271444 0)
(0.05132 -0.00259117 0)
(0.0535816 -0.00256632 0)
(0.0557138 -0.00261178 0)
(0.0577432 -0.00270076 0)
(0.0596907 -0.00281894 0)
(0.0615719 -0.00295803 0)
(0.0633994 -0.00311428 0)
(0.0651833 -0.00328639 0)
(0.0669324 -0.00347467 0)
(0.0686541 -0.00368041 0)
(0.0703552 -0.00390555 0)
(0.0720418 -0.00415254 0)
(0.0737192 -0.00442408 0)
(0.0753923 -0.00472309 0)
(0.0770654 -0.00505251 0)
(0.0787422 -0.00541519 0)
(0.0804258 -0.00581376 0)
(0.0821184 -0.00625049 0)
(0.0838217 -0.00672718 0)
(0.0855367 -0.00724499 0)
(0.0872637 -0.00780437 0)
(0.0890019 -0.00840494 0)
(0.0907499 -0.00904537 0)
(0.0925054 -0.00972337 0)
(0.0942651 -0.0104355 0)
(0.0960245 -0.0111774 0)
(0.0977778 -0.0119434 0)
(0.0995181 -0.0127268 0)
(0.101237 -0.0135199 0)
(0.102923 -0.0143139 0)
(0.104565 -0.0150991 0)
(0.10615 -0.0158651 0)
(0.10766 -0.0166005 0)
(0.10908 -0.0172932 0)
(0.110388 -0.0179301 0)
(0.111564 -0.0184975 0)
(0.112583 -0.0189809 0)
(0.11342 -0.0193657 0)
(0.114048 -0.0196376 0)
(0.114442 -0.0197827 0)
(0.114576 -0.019789 0)
(0.114428 -0.0196462 0)
(0.113981 -0.0193472 0)
(0.113226 -0.0188884 0)
(0.11216 -0.0182708 0)
(0.110793 -0.0175006 0)
(0.109146 -0.0165897 0)
(0.10725 -0.0155551 0)
(0.105149 -0.0144184 0)
(0.102892 -0.0132044 0)
(0.100536 -0.0119394 0)
(0.0981386 -0.0106496 0)
(0.095758 -0.00935902 0)
(0.0934472 -0.00808856 0)
(0.0912531 -0.00685486 0)
(0.0892146 -0.00566994 0)
(0.0873614 -0.00454131 0)
(0.0857141 -0.00347231 0)
(0.0842848 -0.00246289 0)
(0.0830782 -0.00151033 0)
(0.0820923 -0.000610135 0)
(0.0813205 0.000243193 0)
(0.0807523 0.00105546 0)
(0.0803746 0.00183223 0)
(0.080173 0.0025784 0)
(0.0801318 0.00329796 0)
(0.0802352 0.00399377 0)
(0.0804676 0.00466751 0)
(0.0808133 0.00531968 0)
(0.0812573 0.00594964 0)
(0.0817849 0.00655566 0)
(0.0823817 0.00713505 0)
(0.0830339 0.00768424 0)
(0.0837276 0.00819891 0)
(0.0844493 0.00867413 0)
(0.0851857 0.00910446 0)
(0.0859235 0.00948411 0)
(0.0866495 0.00980711 0)
(0.0873509 0.0100674 0)
(0.0880151 0.0102592 0)
(0.0886299 0.010377 0)
(0.0891841 0.0104159 0)
(0.0896676 0.0103719 0)
(0.0900716 0.0102419 0)
(0.0903891 0.0100243 0)
(0.0906155 0.00971891 0)
(0.0907486 0.00932717 0)
(0.0907888 0.00885241 0)
(0.0907395 0.00829972 0)
(0.0906066 0.00767594 0)
(0.0903987 0.00698949 0)
(0.0901261 0.00625011 0)
(0.0898008 0.00546856 0)
(0.0894353 0.00465625 0)
(0.0890422 0.00382487 0)
(0.0886333 0.0029861 0)
(0.0882193 0.00215126 0)
(0.087809 0.00133116 0)
(0.0874089 0.000535946 0)
(0.0870236 -0.000225017 0)
(0.086655 -0.00094313 0)
(0.0863033 -0.00161058 0)
(0.0859662 -0.00222032 0)
(0.0856403 -0.00276607 0)
(0.0853206 -0.00324238 0)
(0.0850013 -0.00364463 0)
(0.0846763 -0.00396917 0)
(0.0843394 -0.00421343 0)
(0.0839849 -0.00437608 0)
(0.0836077 -0.00445717 0)
(0.0832042 -0.00445825 0)
(0.0827718 -0.0043825 0)
(0.0823099 -0.00423471 0)
(0.0818193 -0.00402126 0)
(0.0813024 -0.00374996 0)
(0.080763 -0.00342984 0)
(0.0802062 -0.00307082 0)
(0.0796377 -0.00268341 0)
(0.0790638 -0.00227835 0)
(0.0784908 -0.00186619 0)
(0.0779248 -0.00145701 0)
(0.0773715 -0.00106015 0)
(0.076836 -0.0006839 0)
(0.0763224 -0.000335401 0)
(0.0758345 -2.04755e-05 0)
(0.075375 0.000256435 0)
(0.0749461 0.000492297 0)
(0.0745496 0.000685471 0)
(0.0741865 0.000835656 0)
(0.0738574 0.000943789 0)
(0.0735627 0.00101191 0)
(0.073302 0.00104301 0)
(0.0730746 0.00104081 0)
(0.0728794 0.00100963 0)
(0.0727146 0.000954113 0)
(0.0725783 0.00087911 0)
(0.0724679 0.000789468 0)
(0.0723807 0.000689898 0)
(0.0723138 0.000584847 0)
(0.0722641 0.000478388 0)
(0.0722287 0.000374137 0)
(0.0722047 0.000275187 0)
(0.0721894 0.000184061 0)
(0.0721807 0.000102684 0)
(0.0721764 3.23815e-05 0)
(0.072175 -2.61028e-05 0)
(0.0721752 -7.25709e-05 0)
(0.0721761 -0.000107312 0)
(0.0721769 -0.000131031 0)
(0.0721773 -0.000144762 0)
(0.072177 -0.000149784 0)
(0.0721761 -0.000147525 0)
(0.0721746 -0.000139479 0)
(0.0721726 -0.000127126 0)
(0.0721702 -0.000111867 0)
(0.0721678 -9.49729e-05 0)
(0.0721653 -7.75432e-05 0)
(0.072163 -6.04866e-05 0)
(0.0721609 -4.45109e-05 0)
(0.0721591 -3.01265e-05 0)
(0.0721577 -1.76598e-05 0)
(0.0721567 -7.2734e-06 0)
(0.072156 1.00811e-06 0)
(0.0721555 7.27052e-06 0)
(0.0721554 1.16817e-05 0)
(0.0721554 1.44647e-05 0)
(0.0721556 1.58735e-05 0)
(0.0721559 1.61725e-05 0)
(0.0721563 1.56201e-05 0)
(0.0721567 1.44557e-05 0)
(0.0721571 1.28917e-05 0)
(0.0721575 1.11084e-05 0)
(0.0721578 9.25204e-06 0)
(0.0721581 7.43533e-06 0)
(0.0721584 5.7398e-06 0)
(0.0721586 4.21927e-06 0)
(0.0721587 2.90413e-06 0)
(0.0721589 1.8058e-06 0)
(0.0721589 9.2115e-07 0)
(0.072159 2.36564e-07 0)
(0.072159 -2.68448e-07 0)
(0.072159 -6.18243e-07 0)
(0.072159 -8.38633e-07 0)
(0.072159 -9.55053e-07 0)
(0.072159 -9.91269e-07 0)
(0.0721589 -9.68539e-07 0)
(0.0721589 -9.05165e-07 0)
(0.0721589 -8.16337e-07 0)
(0.0721589 -7.14208e-07 0)
(0.0721588 -6.08115e-07 0)
(0.0721588 -5.04905e-07 0)
(0.0721588 -4.09302e-07 0)
(0.0721588 -3.24298e-07 0)
(0.0721588 -2.51496e-07 0)
(0.0721588 -1.91978e-07 0)
(0.0721588 -1.39257e-07 0)
(0.0929249 -0.00224346 0)
(0.0930119 -0.00274487 0)
(0.0933438 -0.00304256 0)
(0.0938393 -0.00325694 0)
(0.0944951 -0.00343136 0)
(0.0952523 -0.00359149 0)
(0.0960783 -0.00374688 0)
(0.0969486 -0.00390146 0)
(0.0978477 -0.00405752 0)
(0.0987652 -0.00421703 0)
(0.099694 -0.00438231 0)
(0.100629 -0.00455592 0)
(0.101568 -0.00474073 0)
(0.102509 -0.00493977 0)
(0.10345 -0.00515619 0)
(0.104391 -0.00539325 0)
(0.105331 -0.00565424 0)
(0.10627 -0.00594239 0)
(0.107208 -0.00626086 0)
(0.108145 -0.00661258 0)
(0.10908 -0.00700019 0)
(0.110012 -0.00742592 0)
(0.11094 -0.00789145 0)
(0.111862 -0.00839782 0)
(0.112776 -0.00894526 0)
(0.113679 -0.00953313 0)
(0.114566 -0.0101598 0)
(0.115433 -0.0108224 0)
(0.116273 -0.0115169 0)
(0.117079 -0.0122381 0)
(0.117842 -0.0129791 0)
(0.118551 -0.013732 0)
(0.119195 -0.0144873 0)
(0.119757 -0.0152345 0)
(0.12022 -0.0159616 0)
(0.120566 -0.016656 0)
(0.120771 -0.0173037 0)
(0.120812 -0.0178898 0)
(0.120661 -0.0183985 0)
(0.120293 -0.0188127 0)
(0.119676 -0.019115 0)
(0.118783 -0.0192884 0)
(0.117586 -0.019317 0)
(0.116064 -0.0191875 0)
(0.1142 -0.0188903 0)
(0.111987 -0.0184203 0)
(0.109433 -0.0177781 0)
(0.106556 -0.016971 0)
(0.10339 -0.0160133 0)
(0.0999844 -0.0149261 0)
(0.0964026 -0.0137363 0)
(0.0927175 -0.0124748 0)
(0.0890089 -0.0111743 0)
(0.0853579 -0.00986692 0)
(0.0818414 -0.00858192 0)
(0.0785274 -0.00734415 0)
(0.0754711 -0.00617253 0)
(0.0727131 -0.00507941 0)
(0.0702786 -0.00407055 0)
(0.0681787 -0.00314575 0)
(0.0664128 -0.0023001 0)
(0.0649708 -0.00152529 0)
(0.063836 -0.000811104 0)
(0.0629879 -0.000146671 0)
(0.0624039 0.000478569 0)
(0.0620607 0.00107417 0)
(0.0619358 0.00164828 0)
(0.0620075 0.00220744 0)
(0.0622557 0.00275652 0)
(0.0626619 0.0032988 0)
(0.0632092 0.00383607 0)
(0.0638819 0.00436878 0)
(0.0646657 0.00489617 0)
(0.0655472 0.00541642 0)
(0.066514 0.0059268 0)
(0.0675542 0.00642382 0)
(0.0686563 0.00690329 0)
(0.0698093 0.0073605 0)
(0.0710019 0.00779028 0)
(0.0722233 0.00818713 0)
(0.0734622 0.00854529 0)
(0.0747074 0.0088589 0)
(0.0759477 0.00912207 0)
(0.0771714 0.00932902 0)
(0.0783673 0.00947425 0)
(0.0795239 0.00955264 0)
(0.0806302 0.00955969 0)
(0.0816759 0.00949164 0)
(0.0826511 0.0093457 0)
(0.0835474 0.00912024 0)
(0.0843575 0.00881494 0)
(0.0850758 0.00843096 0)
(0.0856986 0.00797108 0)
(0.0862241 0.00743968 0)
(0.0866525 0.00684277 0)
(0.0869858 0.00618789 0)
(0.0872279 0.00548392 0)
(0.087384 0.00474086 0)
(0.0874603 0.00396956 0)
(0.0874634 0.00318142 0)
(0.0874001 0.0023881 0)
(0.087277 0.00160126 0)
(0.0870996 0.000832287 0)
(0.0868729 9.21209e-05 0)
(0.0866005 -0.000608912 0)
(0.0862848 -0.00126124 0)
(0.0859273 -0.00185615 0)
(0.0855283 -0.00238592 0)
(0.0850878 -0.00284391 0)
(0.0846052 -0.00322474 0)
(0.0840802 -0.00352439 0)
(0.0835129 -0.00374038 0)
(0.0829042 -0.00387192 0)
(0.0822563 -0.00392003 0)
(0.0815729 -0.00388757 0)
(0.080859 -0.00377928 0)
(0.0801212 -0.00360163 0)
(0.0793675 -0.00336265 0)
(0.0786068 -0.00307164 0)
(0.0778484 -0.0027388 0)
(0.0771018 -0.00237488 0)
(0.076376 -0.00199072 0)
(0.0756792 -0.00159696 0)
(0.0750185 -0.00120367 0)
(0.0743993 -0.000820127 0)
(0.0738259 -0.000454604 0)
(0.0733009 -0.00011426 0)
(0.0728256 0.000194954 0)
(0.0724002 0.000468337 0)
(0.0720237 0.00070246 0)
(0.0716946 0.000895166 0)
(0.0714105 0.00104554 0)
(0.0711688 0.00115387 0)
(0.0709666 0.00122157 0)
(0.0708007 0.00125107 0)
(0.070668 0.00124568 0)
(0.0705651 0.00120943 0)
(0.0704886 0.00114688 0)
(0.0704353 0.00106293 0)
(0.0704016 0.000962594 0)
(0.0703842 0.000850875 0)
(0.0703799 0.000732549 0)
(0.0703854 0.000612048 0)
(0.0703979 0.00049334 0)
(0.0704145 0.000379846 0)
(0.070433 0.000274384 0)
(0.0704514 0.000179138 0)
(0.0704682 9.5649e-05 0)
(0.0704821 2.4838e-05 0)
(0.0704925 -3.29562e-05 0)
(0.0704991 -7.79178e-05 0)
(0.0705019 -0.00011068 0)
(0.0705011 -0.000132241 0)
(0.0704971 -0.000143872 0)
(0.0704907 -0.000147026 0)
(0.0704824 -0.000143246 0)
(0.0704729 -0.00013409 0)
(0.0704628 -0.000121053 0)
(0.0704528 -0.000105515 0)
(0.0704433 -8.86996e-05 0)
(0.0704346 -7.16413e-05 0)
(0.0704269 -5.51755e-05 0)
(0.0704206 -3.9936e-05 0)
(0.0704154 -2.63641e-05 0)
(0.0704116 -1.47257e-05 0)
(0.0704089 -5.13463e-06 0)
(0.0704072 2.42123e-06 0)
(0.0704065 8.0521e-06 0)
(0.0704064 1.19392e-05 0)
(0.0704069 1.43095e-05 0)
(0.0704077 1.54134e-05 0)
(0.0704088 1.55062e-05 0)
(0.0704101 1.48334e-05 0)
(0.0704114 1.36199e-05 0)
(0.0704126 1.20628e-05 0)
(0.0704137 1.03277e-05 0)
(0.0704147 8.54764e-06 0)
(0.0704156 6.82377e-06 0)
(0.0704163 5.22814e-06 0)
(0.0704168 3.80725e-06 0)
(0.0704173 2.58609e-06 0)
(0.0704176 1.57248e-06 0)
(0.0704178 7.61211e-07 0)
(0.0704179 1.37814e-07 0)
(0.0704179 -3.18124e-07 0)
(0.0704179 -6.3021e-07 0)
(0.0704179 -8.23071e-07 0)
(0.0704178 -9.20714e-07 0)
(0.0704178 -9.45392e-07 0)
(0.0704177 -9.16878e-07 0)
(0.0704176 -8.52094e-07 0)
(0.0704175 -7.65012e-07 0)
(0.0704174 -6.66744e-07 0)
(0.0704174 -5.6578e-07 0)
(0.0704173 -4.68297e-07 0)
(0.0704173 -3.78518e-07 0)
(0.0704173 -2.99076e-07 0)
(0.0704172 -2.31328e-07 0)
(0.0704172 -1.76341e-07 0)
(0.0704172 -1.28117e-07 0)
(0.128185 -0.00219807 0)
(0.128141 -0.00272357 0)
(0.12808 -0.00312488 0)
(0.128068 -0.00343142 0)
(0.128106 -0.00368021 0)
(0.128191 -0.00389466 0)
(0.128312 -0.00408875 0)
(0.12846 -0.00427078 0)
(0.128627 -0.00444618 0)
(0.128806 -0.00461905 0)
(0.128992 -0.00479299 0)
(0.129179 -0.0049714 0)
(0.129366 -0.00515766 0)
(0.129548 -0.00535519 0)
(0.129723 -0.00556743 0)
(0.129889 -0.00579783 0)
(0.130043 -0.00604984 0)
(0.130184 -0.00632679 0)
(0.130308 -0.00663189 0)
(0.130414 -0.00696808 0)
(0.130498 -0.00733798 0)
(0.130557 -0.00774373 0)
(0.130587 -0.00818686 0)
(0.130582 -0.00866823 0)
(0.130539 -0.00918781 0)
(0.13045 -0.0097446 0)
(0.130309 -0.0103364 0)
(0.130106 -0.0109598 0)
(0.129831 -0.0116099 0)
(0.129474 -0.0122801 0)
(0.12902 -0.0129622 0)
(0.128453 -0.013646 0)
(0.127755 -0.0143196 0)
(0.126904 -0.0149694 0)
(0.125877 -0.0155803 0)
(0.124646 -0.016136 0)
(0.123184 -0.0166194 0)
(0.121462 -0.0170121 0)
(0.119452 -0.0172955 0)
(0.117126 -0.0174505 0)
(0.11446 -0.017459 0)
(0.111435 -0.0173056 0)
(0.10804 -0.0169791 0)
(0.104276 -0.0164743 0)
(0.100159 -0.0157932 0)
(0.0957259 -0.0149449 0)
(0.091035 -0.0139464 0)
(0.0861644 -0.0128223 0)
(0.0812098 -0.0116046 0)
(0.076279 -0.0103316 0)
(0.0714829 -0.00904518 0)
(0.0669265 -0.00778758 0)
(0.0626987 -0.00659618 0)
(0.0588665 -0.00549961 0)
(0.0554706 -0.00451516 0)
(0.052527 -0.00364832 0)
(0.0500307 -0.00289434 0)
(0.0479609 -0.00224118 0)
(0.0462872 -0.00167271 0)
(0.0449743 -0.00117157 0)
(0.0439864 -0.00072121 0)
(0.0432889 -0.000306934 0)
(0.0428503 8.36062e-05 0)
(0.0426426 0.000460427 0)
(0.0426413 0.000831411 0)
(0.0428252 0.00120256 0)
(0.043176 0.00157824 0)
(0.0436779 0.00196139 0)
(0.0443172 0.00235368 0)
(0.0450817 0.00275564 0)
(0.0459607 0.00316679 0)
(0.0469444 0.00358576 0)
(0.048024 0.00401038 0)
(0.049191 0.00443776 0)
(0.0504373 0.00486443 0)
(0.051755 0.0052864 0)
(0.0531363 0.00569924 0)
(0.0545731 0.00609818 0)
(0.0560571 0.00647815 0)
(0.0575798 0.0068339 0)
(0.0591323 0.00716003 0)
(0.0607053 0.00745108 0)
(0.062289 0.00770162 0)
(0.0638732 0.00790631 0)
(0.0654474 0.00806005 0)
(0.0670008 0.00815803 0)
(0.0685224 0.00819591 0)
(0.0700011 0.00816993 0)
(0.0714262 0.00807705 0)
(0.072787 0.00791515 0)
(0.0740735 0.00768315 0)
(0.0752767 0.00738117 0)
(0.0763883 0.00701068 0)
(0.0774014 0.00657456 0)
(0.0783104 0.00607715 0)
(0.0791111 0.00552429 0)
(0.0798009 0.00492316 0)
(0.0803784 0.00428226 0)
(0.0808437 0.00361112 0)
(0.0811978 0.00292016 0)
(0.0814426 0.00222037 0)
(0.0815806 0.0015231 0)
(0.0816148 0.000839744 0)
(0.0815482 0.000181527 0)
(0.0813841 -0.000440783 0)
(0.0811258 -0.00101709 0)
(0.0807767 -0.00153819 0)
(0.0803404 -0.00199601 0)
(0.0798213 -0.00238385 0)
(0.0792243 -0.00269651 0)
(0.0785556 -0.0029306 0)
(0.0778228 -0.00308463 0)
(0.0770347 -0.00315911 0)
(0.0762021 -0.00315664 0)
(0.0753372 -0.00308178 0)
(0.0744532 -0.00294092 0)
(0.0735642 -0.00274193 0)
(0.0726847 -0.00249388 0)
(0.0718283 -0.00220656 0)
(0.0710078 -0.00189008 0)
(0.0702345 -0.00155448 0)
(0.0695175 -0.0012094 0)
(0.0688638 -0.000863823 0)
(0.068278 -0.000525928 0)
(0.0677628 -0.000202957 0)
(0.0673186 9.88118e-05 0)
(0.0669441 0.000374093 0)
(0.0666368 0.000618594 0)
(0.0663928 0.000829022 0)
(0.0662073 0.00100308 0)
(0.0660751 0.00113949 0)
(0.0659904 0.00123797 0)
(0.0659473 0.00129922 0)
(0.06594 0.0013249 0)
(0.0659624 0.00131754 0)
(0.066009 0.00128046 0)
(0.0660742 0.00121757 0)
(0.066153 0.00113329 0)
(0.0662407 0.00103229 0)
(0.0663328 0.000919328 0)
(0.0664257 0.000799085 0)
(0.0665158 0.000675975 0)
(0.0666004 0.000554014 0)
(0.0666773 0.000436714 0)
(0.0667447 0.000326999 0)
(0.0668014 0.000227165 0)
(0.066847 0.000138865 0)
(0.0668815 6.3121e-05 0)
(0.0669051 3.6861e-07 0)
(0.0669187 -4.94898e-05 0)
(0.0669235 -8.70073e-05 0)
(0.0669207 -0.000113108 0)
(0.0669118 -0.000128997 0)
(0.0668984 -0.000136066 0)
(0.0668818 -0.000135813 0)
(0.0668634 -0.000129755 0)
(0.0668443 -0.000119363 0)
(0.0668257 -0.000106008 0)
(0.0668081 -9.09158e-05 0)
(0.0667923 -7.51399e-05 0)
(0.0667786 -5.95466e-05 0)
(0.0667672 -4.48112e-05 0)
(0.0667581 -3.14247e-05 0)
(0.0667512 -1.97076e-05 0)
(0.0667464 -9.83048e-06 0)
(0.0667434 -1.83687e-06 0)
(0.066742 4.33121e-06 0)
(0.0667418 8.80814e-06 0)
(0.0667425 1.17809e-05 0)
(0.0667439 1.34677e-05 0)
(0.0667458 1.40994e-05 0)
(0.0667479 1.39047e-05 0)
(0.0667501 1.30986e-05 0)
(0.0667522 1.18743e-05 0)
(0.0667542 1.03985e-05 0)
(0.0667559 8.80873e-06 0)
(0.0667574 7.21357e-06 0)
(0.0667587 5.69387e-06 0)
(0.0667597 4.30561e-06 0)
(0.0667605 3.08327e-06 0)
(0.066761 2.04356e-06 0)
(0.0667614 1.18924e-06 0)
(0.0667616 5.12639e-07 0)
(0.0667617 -1.09007e-09 0)
(0.0667618 -3.71233e-07 0)
(0.0667617 -6.19246e-07 0)
(0.0667616 -7.66995e-07 0)
(0.0667615 -8.35456e-07 0)
(0.0667614 -8.43828e-07 0)
(0.0667612 -8.08999e-07 0)
(0.0667611 -7.45289e-07 0)
(0.066761 -6.64419e-07 0)
(0.0667609 -5.7563e-07 0)
(0.0667608 -4.85911e-07 0)
(0.0667607 -4.00286e-07 0)
(0.0667607 -3.22131e-07 0)
(0.0667606 -2.53499e-07 0)
(0.0667606 -1.95336e-07 0)
(0.0667605 -1.48673e-07 0)
(0.0667605 -1.08381e-07 0)
(0.146527 -0.00183787 0)
(0.146278 -0.00226246 0)
(0.145969 -0.00265103 0)
(0.145635 -0.00299254 0)
(0.145298 -0.00329128 0)
(0.144964 -0.00355529 0)
(0.14463 -0.00379207 0)
(0.144295 -0.00400796 0)
(0.143951 -0.00420835 0)
(0.143596 -0.00439807 0)
(0.143225 -0.00458159 0)
(0.142835 -0.00476319 0)
(0.142422 -0.00494701 0)
(0.141984 -0.00513708 0)
(0.141517 -0.00533733 0)
(0.141019 -0.00555156 0)
(0.140487 -0.00578347 0)
(0.139917 -0.00603652 0)
(0.139304 -0.00631393 0)
(0.138645 -0.00661859 0)
(0.137934 -0.00695292 0)
(0.137164 -0.00731878 0)
(0.136328 -0.00771735 0)
(0.135419 -0.00814894 0)
(0.134426 -0.0086129 0)
(0.133339 -0.00910738 0)
(0.132147 -0.00962914 0)
(0.130834 -0.0101734 0)
(0.129386 -0.0107334 0)
(0.127786 -0.0113004 0)
(0.126013 -0.0118635 0)
(0.124047 -0.0124094 0)
(0.121863 -0.0129226 0)
(0.119436 -0.0133864 0)
(0.116738 -0.0137828 0)
(0.113743 -0.0140936 0)
(0.110422 -0.0143007 0)
(0.106752 -0.0143866 0)
(0.102716 -0.0143338 0)
(0.0983032 -0.0141256 0)
(0.093518 -0.0137478 0)
(0.088382 -0.0131907 0)
(0.0829419 -0.0124541 0)
(0.0772732 -0.01155 0)
(0.0714801 -0.010505 0)
(0.0656894 -0.00935925 0)
(0.0600407 -0.00816432 0)
(0.0546715 -0.00697774 0)
(0.0497014 -0.00585527 0)
(0.0452185 -0.00484191 0)
(0.0412727 -0.00396503 0)
(0.0378754 -0.00323199 0)
(0.0350071 -0.00263309 0)
(0.0326269 -0.00214785 0)
(0.0306833 -0.0017519 0)
(0.0291221 -0.00142215 0)
(0.0278921 -0.00113955 0)
(0.0269482 -0.000889694 0)
(0.0262526 -0.000662066 0)
(0.0257743 -0.000448845 0)
(0.0254884 -0.000243825 0)
(0.0253752 -4.16857e-05 0)
(0.0254188 0.000162341 0)
(0.0256063 0.000372535 0)
(0.0259274 0.000592603 0)
(0.0263734 0.000825551 0)
(0.026937 0.00107358 0)
(0.027612 0.00133801 0)
(0.028393 0.00161929 0)
(0.029275 0.00191701 0)
(0.0302537 0.00222999 0)
(0.0313245 0.00255631 0)
(0.0324833 0.00289344 0)
(0.0337256 0.0032383 0)
(0.0350469 0.00358737 0)
(0.0364422 0.00393674 0)
(0.0379063 0.00428222 0)
(0.0394333 0.00461937 0)
(0.041017 0.00494357 0)
(0.0426505 0.00525009 0)
(0.0443262 0.00553412 0)
(0.046036 0.00579087 0)
(0.0477712 0.00601556 0)
(0.0495224 0.00620356 0)
(0.0512795 0.00635039 0)
(0.053032 0.00645188 0)
(0.0547689 0.00650418 0)
(0.0564789 0.00650395 0)
(0.0581502 0.00644842 0)
(0.0597712 0.00633553 0)
(0.0613302 0.00616409 0)
(0.0628157 0.00593387 0)
(0.0642169 0.00564576 0)
(0.0655233 0.00530184 0)
(0.0667255 0.00490547 0)
(0.0678151 0.00446131 0)
(0.0687846 0.00397529 0)
(0.069628 0.00345458 0)
(0.0703404 0.00290741 0)
(0.0709184 0.00234297 0)
(0.0713598 0.00177112 0)
(0.0716635 0.00120219 0)
(0.07183 0.000646698 0)
(0.0718607 0.000115062 0)
(0.0717586 -0.000382717 0)
(0.071528 -0.00083735 0)
(0.0711748 -0.00124057 0)
(0.0707064 -0.00158542 0)
(0.0701323 -0.00186655 0)
(0.069464 -0.00208043 0)
(0.0687151 -0.0022255 0)
(0.0679012 -0.00230231 0)
(0.0670395 -0.00231342 0)
(0.0661485 -0.00226327 0)
(0.0652473 -0.00215789 0)
(0.0643547 -0.00200453 0)
(0.0634886 -0.00181121 0)
(0.0626651 -0.0015863 0)
(0.0618981 -0.00133815 0)
(0.0611986 -0.0010748 0)
(0.060575 -0.000803741 0)
(0.0600325 -0.000531833 0)
(0.0595739 -0.00026526 0)
(0.0591995 -9.52028e-06 0)
(0.0589075 0.000230548 0)
(0.0586946 0.000450754 0)
(0.0585557 0.000647551 0)
(0.0584852 0.00081805 0)
(0.0584762 0.000960048 0)
(0.0585215 0.00107207 0)
(0.0586134 0.0011534 0)
(0.058744 0.00120413 0)
(0.0589057 0.00122513 0)
(0.0590905 0.00121807 0)
(0.0592912 0.00118534 0)
(0.0595007 0.00112995 0)
(0.0597126 0.00105542 0)
(0.059921 0.000965653 0)
(0.0601209 0.000864705 0)
(0.0603079 0.000756662 0)
(0.0604788 0.000645455 0)
(0.060631 0.000534719 0)
(0.0607628 0.000427672 0)
(0.0608733 0.000327026 0)
(0.0609625 0.000234933 0)
(0.0610311 0.000152962 0)
(0.0610803 8.21102e-05 0)
(0.061112 2.28327e-05 0)
(0.0611281 -2.48997e-05 0)
(0.061131 -6.15323e-05 0)
(0.0611233 -8.78474e-05 0)
(0.0611073 -0.000104882 0)
(0.0610854 -0.000113843 0)
(0.0610597 -0.000116033 0)
(0.0610322 -0.00011278 0)
(0.0610045 -0.000105373 0)
(0.0609778 -9.50217e-05 0)
(0.0609531 -8.28137e-05 0)
(0.0609312 -6.96935e-05 0)
(0.0609124 -5.64478e-05 0)
(0.0608969 -4.37019e-05 0)
(0.0608846 -3.19237e-05 0)
(0.0608755 -2.14346e-05 0)
(0.0608692 -1.24254e-05 0)
(0.0608654 -4.9745e-06 0)
(0.0608636 9.31478e-07 0)
(0.0608634 5.37691e-06 0)
(0.0608646 8.49741e-06 0)
(0.0608666 1.04616e-05 0)
(0.0608691 1.14549e-05 0)
(0.060872 1.16669e-05 0)
(0.060875 1.12798e-05 0)
(0.0608779 1.04617e-05 0)
(0.0608806 9.36061e-06 0)
(0.060883 8.10208e-06 0)
(0.060885 6.78796e-06 0)
(0.0608867 5.49702e-06 0)
(0.0608881 4.28661e-06 0)
(0.0608892 3.1951e-06 0)
(0.06089 2.24474e-06 0)
(0.0608905 1.44467e-06 0)
(0.0608908 7.93892e-07 0)
(0.060891 2.84005e-07 0)
(0.060891 -9.83484e-08 0)
(0.060891 -3.69435e-07 0)
(0.0608909 -5.46768e-07 0)
(0.0608907 -6.47833e-07 0)
(0.0608905 -6.89157e-07 0)
(0.0608904 -6.85702e-07 0)
(0.0608902 -6.50506e-07 0)
(0.06089 -5.94536e-07 0)
(0.0608899 -5.26698e-07 0)
(0.0608898 -4.53956e-07 0)
(0.0608897 -3.81531e-07 0)
(0.0608896 -3.13129e-07 0)
(0.0608895 -2.51194e-07 0)
(0.0608894 -1.97183e-07 0)
(0.0608894 -1.51595e-07 0)
(0.0608894 -1.15429e-07 0)
(0.0608893 -8.45049e-08 0)
(0.145984 -0.00159378 0)
(0.145606 -0.00195716 0)
(0.145147 -0.00230111 0)
(0.144622 -0.00261105 0)
(0.144043 -0.00288404 0)
(0.143418 -0.00312288 0)
(0.142749 -0.00333257 0)
(0.142036 -0.00351871 0)
(0.14128 -0.0036868 0)
(0.14048 -0.00384207 0)
(0.139634 -0.00398936 0)
(0.138742 -0.00413319 0)
(0.137801 -0.00427777 0)
(0.136812 -0.00442705 0)
(0.13577 -0.00458474 0)
(0.134674 -0.00475432 0)
(0.133518 -0.004939 0)
(0.132298 -0.00514169 0)
(0.131008 -0.00536491 0)
(0.129642 -0.00561076 0)
(0.12819 -0.00588075 0)
(0.126643 -0.00617571 0)
(0.12499 -0.00649566 0)
(0.123218 -0.00683967 0)
(0.121314 -0.00720568 0)
(0.119261 -0.00759035 0)
(0.117044 -0.00798886 0)
(0.114642 -0.00839466 0)
(0.112037 -0.00879922 0)
(0.109207 -0.00919178 0)
(0.106128 -0.00955905 0)
(0.102779 -0.00988516 0)
(0.0991334 -0.0101518 0)
(0.0951696 -0.0103391 0)
(0.0908685 -0.0104261 0)
(0.0862196 -0.0103929 0)
(0.081226 -0.0102216 0)
(0.0759094 -0.00989773 0)
(0.0703158 -0.00941194 0)
(0.0645202 -0.00876378 0)
(0.0586281 -0.00796804 0)
(0.0527711 -0.00706023 0)
(0.0470943 -0.00609556 0)
(0.0417394 -0.00513939 0)
(0.0368271 -0.00425335 0)
(0.0324435 -0.00348268 0)
(0.0286304 -0.00284903 0)
(0.025385 -0.00235017 0)
(0.0226683 -0.0019661 0)
(0.0204195 -0.00166833 0)
(0.0185703 -0.00142899 0)
(0.0170549 -0.00122686 0)
(0.015816 -0.00104931 0)
(0.0148071 -0.000890899 0)
(0.0139924 -0.000750255 0)
(0.013345 -0.00062711 0)
(0.0128449 -0.000520401 0)
(0.0124769 -0.000427617 0)
(0.012229 -0.000344958 0)
(0.0120918 -0.000267839 0)
(0.0120578 -0.000191413 0)
(0.0121211 -0.000110987 0)
(0.0122776 -2.23014e-05 0)
(0.0125245 7.82922e-05 0)
(0.0128602 0.00019373 0)
(0.0132839 0.00032619 0)
(0.0137955 0.000477078 0)
(0.0143953 0.000647042 0)
(0.0150838 0.000836006 0)
(0.0158612 0.00104322 0)
(0.0167277 0.00126732 0)
(0.0176829 0.0015064 0)
(0.0187261 0.00175805 0)
(0.0198557 0.00201949 0)
(0.0210697 0.00228757 0)
(0.0223653 0.00255888 0)
(0.023739 0.00282977 0)
(0.0251862 0.00309646 0)
(0.026702 0.00335502 0)
(0.0282803 0.00360148 0)
(0.0299143 0.00383181 0)
(0.0315965 0.00404203 0)
(0.0333183 0.0042282 0)
(0.0350706 0.00438652 0)
(0.0368433 0.00451333 0)
(0.0386259 0.00460522 0)
(0.0404068 0.00465909 0)
(0.0421743 0.00467223 0)
(0.0439158 0.00464239 0)
(0.0456186 0.00456794 0)
(0.0472698 0.00444792 0)
(0.0488562 0.00428216 0)
(0.0503649 0.00407142 0)
(0.0517834 0.00381742 0)
(0.0530997 0.00352296 0)
(0.0543025 0.00319191 0)
(0.0553814 0.00282922 0)
(0.0563274 0.00244089 0)
(0.0571329 0.00203386 0)
(0.0577916 0.00161584 0)
(0.0582992 0.00119514 0)
(0.0586533 0.000780414 0)
(0.0588536 0.000380405 0)
(0.0589023 3.60072e-06 0)
(0.0588038 -0.000342075 0)
(0.0585655 -0.000649602 0)
(0.0581974 -0.000913186 0)
(0.0577126 -0.00112854 0)
(0.0571268 -0.00129309 0)
(0.0564579 -0.00140607 0)
(0.0557262 -0.00146854 0)
(0.0549529 -0.00148315 0)
(0.0541596 -0.00145394 0)
(0.0533675 -0.00138591 0)
(0.0525964 -0.00128466 0)
(0.0518639 -0.00115602 0)
(0.051185 -0.00100576 0)
(0.0505716 -0.000839369 0)
(0.0500328 -0.000661978 0)
(0.0495746 -0.000478318 0)
(0.0492002 -0.000292737 0)
(0.0489105 -0.000109239 0)
(0.0487044 6.84855e-05 0)
(0.0485788 0.000237041 0)
(0.0485295 0.000393334 0)
(0.0485508 0.000534601 0)
(0.0486362 0.000658448 0)
(0.0487784 0.000762906 0)
(0.0489694 0.000846494 0)
(0.049201 0.000908269 0)
(0.0494648 0.000947878 0)
(0.049752 0.000965582 0)
(0.0500543 0.000962265 0)
(0.0503636 0.000939407 0)
(0.0506722 0.00089903 0)
(0.0509731 0.000843611 0)
(0.0512603 0.000775971 0)
(0.0515285 0.000699142 0)
(0.0517735 0.000616228 0)
(0.0519923 0.000530269 0)
(0.0521827 0.000444112 0)
(0.052344 0.000360304 0)
(0.0524762 0.000281016 0)
(0.0525801 0.000207988 0)
(0.0526577 0.000142506 0)
(0.0527111 8.54105e-05 0)
(0.0527432 3.71163e-05 0)
(0.0527571 -2.33986e-06 0)
(0.0527558 -3.32457e-05 0)
(0.0527426 -5.61512e-05 0)
(0.0527206 -7.18041e-05 0)
(0.0526925 -8.10876e-05 0)
(0.0526608 -8.49613e-05 0)
(0.0526276 -8.44103e-05 0)
(0.0525948 -8.04007e-05 0)
(0.0525636 -7.38442e-05 0)
(0.0525351 -6.55715e-05 0)
(0.0525101 -5.63132e-05 0)
(0.0524887 -4.66888e-05 0)
(0.0524712 -3.72023e-05 0)
(0.0524575 -2.8244e-05 0)
(0.0524473 -2.00959e-05 0)
(0.0524403 -1.29422e-05 0)
(0.0524361 -6.88074e-06 0)
(0.0524341 -1.93733e-06 0)
(0.052434 1.92015e-06 0)
(0.0524353 4.7676e-06 0)
(0.0524376 6.71131e-06 0)
(0.0524405 7.87607e-06 0)
(0.0524437 8.39479e-06 0)
(0.0524471 8.40012e-06 0)
(0.0524503 8.01783e-06 0)
(0.0524534 7.36217e-06 0)
(0.0524561 6.53281e-06 0)
(0.0524585 5.6133e-06 0)
(0.0524605 4.67076e-06 0)
(0.0524621 3.75647e-06 0)
(0.0524634 2.90722e-06 0)
(0.0524643 2.14707e-06 0)
(0.0524649 1.48935e-06 0)
(0.0524654 9.3874e-07 0)
(0.0524656 4.93298e-07 0)
(0.0524657 1.46295e-07 0)
(0.0524657 -1.12156e-07 0)
(0.0524655 -2.93739e-07 0)
(0.0524654 -4.10834e-07 0)
(0.0524652 -4.75679e-07 0)
(0.052465 -4.99771e-07 0)
(0.0524648 -4.93468e-07 0)
(0.0524646 -4.65763e-07 0)
(0.0524644 -4.24203e-07 0)
(0.0524643 -3.74897e-07 0)
(0.0524642 -3.22614e-07 0)
(0.0524641 -2.70916e-07 0)
(0.052464 -2.22319e-07 0)
(0.0524639 -1.78459e-07 0)
(0.0524639 -1.40334e-07 0)
(0.0524638 -1.08033e-07 0)
(0.0524638 -8.25402e-08 0)
(0.0524638 -6.05664e-08 0)
(0.126575 -0.00129868 0)
(0.126032 -0.00156949 0)
(0.12538 -0.00182607 0)
(0.124626 -0.00205537 0)
(0.123781 -0.00225292 0)
(0.122852 -0.00242002 0)
(0.121846 -0.00256096 0)
(0.120767 -0.00268111 0)
(0.119619 -0.00278594 0)
(0.118405 -0.00288047 0)
(0.117128 -0.0029692 0)
(0.115788 -0.00305609 0)
(0.114387 -0.00314463 0)
(0.112922 -0.00323792 0)
(0.111392 -0.00333874 0)
(0.109793 -0.00344954 0)
(0.108119 -0.00357243 0)
(0.106364 -0.00370915 0)
(0.10452 -0.00386096 0)
(0.102577 -0.00402859 0)
(0.100523 -0.0042121 0)
(0.0983464 -0.00441075 0)
(0.0960321 -0.00462289 0)
(0.0935646 -0.00484579 0)
(0.0909272 -0.00507543 0)
(0.0881023 -0.00530634 0)
(0.0850721 -0.00553133 0)
(0.0818192 -0.00574111 0)
(0.0783275 -0.00592399 0)
(0.0745841 -0.00606556 0)
(0.0705815 -0.0061488 0)
(0.0663202 -0.00615504 0)
(0.0618127 -0.00606633 0)
(0.0570879 -0.00586916 0)
(0.0521934 -0.00555868 0)
(0.0471983 -0.00514179 0)
(0.0421923 -0.004638 0)
(0.0372839 -0.00407762 0)
(0.0325944 -0.00349774 0)
(0.0282431 -0.00293747 0)
(0.0243231 -0.00243227 0)
(0.0208812 -0.00200697 0)
(0.0179163 -0.00167074 0)
(0.0153945 -0.00141718 0)
(0.0132668 -0.00122823 0)
(0.0114801 -0.00108001 0)
(0.00998252 -0.000950063 0)
(0.00872579 -0.000824344 0)
(0.00766797 -0.000700004 0)
(0.00677516 -0.000582329 0)
(0.00602156 -0.000478922 0)
(0.00538772 -0.0003952 0)
(0.00485829 -0.000332848 0)
(0.00442018 -0.000290363 0)
(0.00406165 -0.000264324 0)
(0.00377219 -0.000250521 0)
(0.00354286 -0.000244726 0)
(0.00336664 -0.00024309 0)
(0.00323859 -0.00024227 0)
(0.0031559 -0.000239367 0)
(0.00311771 -0.000231811 0)
(0.00312488 -0.000217255 0)
(0.00317974 -0.000193522 0)
(0.00328576 -0.000158632 0)
(0.00344728 -0.000110853 0)
(0.00366916 -4.8785e-05 0)
(0.00395655 2.85733e-05 0)
(0.00431459 0.000121769 0)
(0.00474816 0.000230867 0)
(0.00526171 0.000355445 0)
(0.00585905 0.000494615 0)
(0.00654322 0.000647053 0)
(0.00731637 0.000811045 0)
(0.00817971 0.000984541 0)
(0.00913341 0.00116521 0)
(0.0101766 0.00135048 0)
(0.0113073 0.00153762 0)
(0.0125225 0.00172373 0)
(0.013818 0.00190587 0)
(0.0151888 0.002081 0)
(0.0166284 0.0022461 0)
(0.0181297 0.00239816 0)
(0.0196844 0.00253424 0)
(0.0212831 0.00265149 0)
(0.0229158 0.00274721 0)
(0.0245712 0.0028189 0)
(0.0262377 0.0028643 0)
(0.0279024 0.00288148 0)
(0.0295523 0.00286888 0)
(0.0311735 0.00282539 0)
(0.0327519 0.00275046 0)
(0.0342734 0.00264415 0)
(0.0357236 0.00250722 0)
(0.0370885 0.00234117 0)
(0.0383548 0.00214834 0)
(0.0395097 0.00193187 0)
(0.0405417 0.00169571 0)
(0.0414408 0.00144457 0)
(0.0421986 0.00118381 0)
(0.0428091 0.000919302 0)
(0.0432685 0.000657184 0)
(0.0435761 0.000403658 0)
(0.043734 0.000164684 0)
(0.0437478 -5.43104e-05 0)
(0.0436261 -0.000248717 0)
(0.0433811 -0.000414993 0)
(0.0430277 -0.000550828 0)
(0.0425833 -0.00065521 0)
(0.0420672 -0.00072838 0)
(0.0414999 -0.000771672 0)
(0.0409018 -0.000787268 0)
(0.0402929 -0.000777919 0)
(0.0396915 -0.000746674 0)
(0.0391143 -0.000696653 0)
(0.0385754 -0.000630896 0)
(0.0380863 -0.000552276 0)
(0.0376562 -0.000463484 0)
(0.0372916 -0.000367045 0)
(0.0369969 -0.000265349 0)
(0.0367743 -0.000160695 0)
(0.0366244 -5.53095e-05 0)
(0.036546 4.86345e-05 0)
(0.0365366 0.000149029 0)
(0.0365923 0.000243851 0)
(0.0367083 0.000331201 0)
(0.0368788 0.000409347 0)
(0.0370973 0.000476778 0)
(0.0373564 0.000532262 0)
(0.0376484 0.000574891 0)
(0.0379654 0.000604132 0)
(0.0382992 0.000619853 0)
(0.0386419 0.000622339 0)
(0.0389855 0.000612285 0)
(0.039323 0.000590768 0)
(0.0396478 0.000559197 0)
(0.039954 0.000519243 0)
(0.040237 0.000472755 0)
(0.040493 0.000421666 0)
(0.0407197 0.000367903 0)
(0.0409154 0.000313302 0)
(0.0410798 0.000259529 0)
(0.0412136 0.00020803 0)
(0.0413182 0.000159987 0)
(0.0413958 0.000116304 0)
(0.041449 7.76072e-05 0)
(0.0414808 4.42542e-05 0)
(0.0414945 1.63628e-05 0)
(0.0414935 -6.15753e-06 0)
(0.0414807 -2.35688e-05 0)
(0.0414594 -3.62663e-05 0)
(0.0414322 -4.47413e-05 0)
(0.0414015 -4.95462e-05 0)
(0.0413694 -5.12633e-05 0)
(0.0413376 -5.04775e-05 0)
(0.0413073 -4.7754e-05 0)
(0.0412795 -4.36205e-05 0)
(0.0412549 -3.85536e-05 0)
(0.0412338 -3.29699e-05 0)
(0.0412164 -2.72207e-05 0)
(0.0412026 -2.15907e-05 0)
(0.0411921 -1.62987e-05 0)
(0.0411847 -1.15023e-05 0)
(0.04118 -7.30282e-06 0)
(0.0411775 -3.75293e-06 0)
(0.0411769 -8.64207e-07 0)
(0.0411777 1.38457e-06 0)
(0.0411796 3.03938e-06 0)
(0.0411821 4.1634e-06 0)
(0.0411851 4.83022e-06 0)
(0.0411882 5.11792e-06 0)
(0.0411913 5.10431e-06 0)
(0.0411943 4.86315e-06 0)
(0.041197 4.46147e-06 0)
(0.0411994 3.95781e-06 0)
(0.0412014 3.40136e-06 0)
(0.0412031 2.83169e-06 0)
(0.0412044 2.27915e-06 0)
(0.0412055 1.76561e-06 0)
(0.0412062 1.30542e-06 0)
(0.0412067 9.06631e-07 0)
(0.0412071 5.72166e-07 0)
(0.0412072 3.0099e-07 0)
(0.0412073 8.91969e-08 0)
(0.0412072 -6.90369e-08 0)
(0.0412071 -1.80642e-07 0)
(0.0412069 -2.53005e-07 0)
(0.0412068 -2.93464e-07 0)
(0.0412066 -3.08942e-07 0)
(0.0412064 -3.05704e-07 0)
(0.0412062 -2.89213e-07 0)
(0.0412061 -2.64075e-07 0)
(0.0412059 -2.34038e-07 0)
(0.0412058 -2.0204e-07 0)
(0.0412057 -1.70286e-07 0)
(0.0412057 -1.40353e-07 0)
(0.0412056 -1.13222e-07 0)
(0.0412055 -8.96254e-08 0)
(0.0412055 -6.92857e-08 0)
(0.0412055 -5.3072e-08 0)
(0.0412055 -3.88867e-08 0)
(0.0881285 -0.000856372 0)
(0.0873919 -0.00102343 0)
(0.0865262 -0.0011674 0)
(0.0855428 -0.00128052 0)
(0.0844575 -0.00136263 0)
(0.0832857 -0.00141851 0)
(0.0820408 -0.00145498 0)
(0.0807335 -0.00147881 0)
(0.0793718 -0.00149572 0)
(0.0779611 -0.00151011 0)
(0.0765043 -0.00152516 0)
(0.0750023 -0.00154319 0)
(0.073454 -0.00156584 0)
(0.0718567 -0.00159429 0)
(0.0702061 -0.00162936 0)
(0.0684966 -0.00167152 0)
(0.0667211 -0.00172089 0)
(0.0648715 -0.00177718 0)
(0.0629386 -0.00183959 0)
(0.0609126 -0.00190681 0)
(0.0587833 -0.00197684 0)
(0.0565402 -0.00204704 0)
(0.0541737 -0.00211404 0)
(0.0516751 -0.00217375 0)
(0.0490383 -0.00222146 0)
(0.0462603 -0.00225193 0)
(0.0433431 -0.00225965 0)
(0.0402961 -0.00223913 0)
(0.0371373 -0.0021853 0)
(0.0338966 -0.00209417 0)
(0.0306163 -0.00196372 0)
(0.0273509 -0.00179518 0)
(0.024162 -0.00159463 0)
(0.0211113 -0.00137398 0)
(0.018251 -0.00115028 0)
(0.0156188 -0.000943604 0)
(0.0132352 -0.000774398 0)
(0.0111068 -0.000658683 0)
(0.0092312 -0.000599089 0)
(0.00760066 -0.000577372 0)
(0.00620176 -0.000560042 0)
(0.00501361 -0.000517611 0)
(0.00400952 -0.000441333 0)
(0.00316119 -0.000343678 0)
(0.00244243 -0.000245848 0)
(0.0018316 -0.000164817 0)
(0.00131263 -0.000107818 0)
(0.000873977 -7.38626e-05 0)
(0.000506206 -5.78017e-05 0)
(0.000199781 -5.35611e-05 0)
(-5.56348e-05 -5.58555e-05 0)
(-0.000270574 -6.09591e-05 0)
(-0.000454815 -6.69185e-05 0)
(-0.000616746 -7.32847e-05 0)
(-0.000763132 -8.05031e-05 0)
(-0.000899119 -8.92467e-05 0)
(-0.00102833 -9.99349e-05 0)
(-0.00115293 -0.000112518 0)
(-0.00127377 -0.000126464 0)
(-0.00139036 -0.000140855 0)
(-0.00150099 -0.000154508 0)
(-0.00160274 -0.000166086 0)
(-0.00169153 -0.000174193 0)
(-0.00176226 -0.000177455 0)
(-0.00180892 -0.000174586 0)
(-0.00182479 -0.000164449 0)
(-0.00180268 -0.000146106 0)
(-0.00173517 -0.000118861 0)
(-0.00161486 -8.22883e-05 0)
(-0.00143462 -3.62522e-05 0)
(-0.00118784 1.90869e-05 0)
(-0.000868597 8.32795e-05 0)
(-0.000471866 0.000155603 0)
(6.35726e-06 0.000235085 0)
(0.000568939 0.000320533 0)
(0.00121753 0.00041057 0)
(0.00195251 0.000503663 0)
(0.00277295 0.000598165 0)
(0.00367661 0.000692341 0)
(0.00465993 0.000784403 0)
(0.00571805 0.000872542 0)
(0.00684484 0.000954955 0)
(0.00803296 0.00102988 0)
(0.00927386 0.00109561 0)
(0.0105579 0.00115055 0)
(0.0118743 0.00119325 0)
(0.0132116 0.00122241 0)
(0.0145571 0.00123697 0)
(0.0158978 0.00123613 0)
(0.01722 0.00121938 0)
(0.0185096 0.0011866 0)
(0.0197524 0.00113804 0)
(0.0209347 0.00107441 0)
(0.0220429 0.00099688 0)
(0.0230644 0.000907072 0)
(0.0239877 0.000807068 0)
(0.0248031 0.000699344 0)
(0.0255027 0.00058669 0)
(0.0260808 0.000472092 0)
(0.0265345 0.000358591 0)
(0.0268639 0.000249122 0)
(0.0270717 0.000146345 0)
(0.0271638 5.25001e-05 0)
(0.0271489 -3.0704e-05 0)
(0.027038 -0.000102148 0)
(0.0268441 -0.000161303 0)
(0.0265817 -0.000208164 0)
(0.026266 -0.000243155 0)
(0.0259122 -0.000267002 0)
(0.0255351 -0.000280607 0)
(0.0251486 -0.000284946 0)
(0.0247653 -0.000280991 0)
(0.0243963 -0.000269669 0)
(0.0240512 -0.000251842 0)
(0.0237379 -0.000228311 0)
(0.023463 -0.000199833 0)
(0.0232314 -0.000167145 0)
(0.023047 -0.00013099 0)
(0.0229123 -9.21367e-05 0)
(0.0228285 -5.13958e-05 0)
(0.0227959 -9.62724e-06 0)
(0.0228137 3.2264e-05 0)
(0.02288 7.33425e-05 0)
(0.022992 0.000112665 0)
(0.023146 0.000149311 0)
(0.0233376 0.000182417 0)
(0.0235615 0.000211214 0)
(0.0238121 0.000235059 0)
(0.0240833 0.000253469 0)
(0.0243686 0.000266144 0)
(0.0246617 0.000272977 0)
(0.0249563 0.000274067 0)
(0.0252465 0.000269705 0)
(0.0255267 0.000260362 0)
(0.0257923 0.000246657 0)
(0.0260391 0.000229322 0)
(0.0262641 0.000209164 0)
(0.026465 0.000187022 0)
(0.0266404 0.000163723 0)
(0.0267899 0.000140051 0)
(0.0269138 0.000116713 0)
(0.0270132 9.43179e-05 0)
(0.0270897 7.33656e-05 0)
(0.0271453 5.42392e-05 0)
(0.0271823 3.72065e-05 0)
(0.0272034 2.24262e-05 0)
(0.0272112 9.95878e-06 0)
(0.0272081 -2.20954e-07 0)
(0.0271967 -8.20946e-06 0)
(0.0271792 -1.41597e-05 0)
(0.0271577 -1.82666e-05 0)
(0.0271338 -2.07535e-05 0)
(0.0271092 -2.18595e-05 0)
(0.0270849 -2.18285e-05 0)
(0.027062 -2.08998e-05 0)
(0.0270411 -1.93e-05 0)
(0.0270226 -1.72371e-05 0)
(0.0270068 -1.48956e-05 0)
(0.0269938 -1.24343e-05 0)
(0.0269834 -9.98421e-06 0)
(0.0269756 -7.6487e-06 0)
(0.0269702 -5.50463e-06 0)
(0.0269667 -3.60418e-06 0)
(0.0269649 -1.97761e-06 0)
(0.0269645 -6.36304e-07 0)
(0.0269651 4.23769e-07 0)
(0.0269666 1.21866e-06 0)
(0.0269685 1.77313e-06 0)
(0.0269708 2.11756e-06 0)
(0.0269733 2.28528e-06 0)
(0.0269757 2.31032e-06 0)
(0.026978 2.22556e-06 0)
(0.0269801 2.06141e-06 0)
(0.026982 1.84482e-06 0)
(0.0269836 1.59883e-06 0)
(0.0269849 1.34227e-06 0)
(0.026986 1.08988e-06 0)
(0.0269868 8.52516e-07 0)
(0.0269875 6.37588e-07 0)
(0.0269879 4.49522e-07 0)
(0.0269881 2.90288e-07 0)
(0.0269883 1.59926e-07 0)
(0.0269883 5.70338e-08 0)
(0.0269883 -2.07831e-08 0)
(0.0269882 -7.65314e-08 0)
(0.0269881 -1.13513e-07 0)
(0.026988 -1.35078e-07 0)
(0.0269878 -1.44435e-07 0)
(0.0269877 -1.44531e-07 0)
(0.0269875 -1.37965e-07 0)
(0.0269874 -1.26952e-07 0)
(0.0269873 -1.13315e-07 0)
(0.0269872 -9.85003e-08 0)
(0.0269871 -8.35992e-08 0)
(0.0269871 -6.94239e-08 0)
(0.026987 -5.64174e-08 0)
(0.026987 -4.50656e-08 0)
(0.0269869 -3.50022e-08 0)
(0.0269869 -2.6575e-08 0)
(0.0269869 -1.97187e-08 0)
(0.032589 -0.000252707 0)
(0.0319472 -0.000278791 0)
(0.0312356 -0.000284256 0)
(0.0304801 -0.000272909 0)
(0.029701 -0.000251847 0)
(0.0289109 -0.000228239 0)
(0.0281156 -0.000207209 0)
(0.0273169 -0.000191313 0)
(0.0265143 -0.000181065 0)
(0.0257059 -0.000175795 0)
(0.0248897 -0.000174397 0)
(0.0240631 -0.00017577 0)
(0.0232232 -0.000179008 0)
(0.0223671 -0.0001834 0)
(0.0214914 -0.00018836 0)
(0.0205929 -0.000193333 0)
(0.0196687 -0.000197718 0)
(0.0187162 -0.000200823 0)
(0.0177336 -0.000201848 0)
(0.0167202 -0.000199899 0)
(0.0156767 -0.000194043 0)
(0.0146055 -0.000183393 0)
(0.0135107 -0.000167253 0)
(0.0123987 -0.000145309 0)
(0.0112775 -0.000117889 0)
(0.0101569 -8.62452e-05 0)
(0.00904799 -5.28352e-05 0)
(0.00796194 -2.14696e-05 0)
(0.00690964 2.88741e-06 0)
(0.00590092 1.49644e-05 0)
(0.0049445 1.08908e-05 0)
(0.00404867 -9.51661e-06 0)
(0.00322226 -4.10482e-05 0)
(0.00247497 -7.3595e-05 0)
(0.00181633 -9.54372e-05 0)
(0.00125298 -9.79304e-05 0)
(0.000784944 -7.91322e-05 0)
(0.000402106 -4.44023e-05 0)
(8.47752e-05 -3.53005e-06 0)
(-0.000188829 3.37164e-05 0)
(-0.000432237 6.06374e-05 0)
(-0.000646388 7.4214e-05 0)
(-0.000824893 7.44991e-05 0)
(-0.000963169 6.39567e-05 0)
(-0.00106363 4.68512e-05 0)
(-0.00113457 2.83063e-05 0)
(-0.00118586 1.29019e-05 0)
(-0.00122543 3.31756e-06 0)
(-0.00125832 -1.9069e-07 0)
(-0.00128733 7.69852e-07 0)
(-0.00131415 3.86046e-06 0)
(-0.00133999 7.00196e-06 0)
(-0.00136607 8.86412e-06 0)
(-0.00139376 8.89758e-06 0)
(-0.00142464 7.12244e-06 0)
(-0.00146047 3.86159e-06 0)
(-0.00150298 -4.76524e-07 0)
(-0.00155367 -5.53017e-06 0)
(-0.00161368 -1.10357e-05 0)
(-0.00168363 -1.68209e-05 0)
(-0.00176355 -2.2769e-05 0)
(-0.00185282 -2.87757e-05 0)
(-0.00195008 -3.47154e-05 0)
(-0.0020533 -4.04214e-05 0)
(-0.00215969 -4.56822e-05 0)
(-0.00226576 -5.02491e-05 0)
(-0.0023674 -5.38512e-05 0)
(-0.00245998 -5.62154e-05 0)
(-0.00253844 -5.70858e-05 0)
(-0.00259746 -5.62432e-05 0)
(-0.00263165 -5.35201e-05 0)
(-0.00263569 -4.88122e-05 0)
(-0.00260452 -4.20857e-05 0)
(-0.00253348 -3.33806e-05 0)
(-0.00241852 -2.28091e-05 0)
(-0.00225626 -1.05519e-05 0)
(-0.00204416 3.14792e-06 0)
(-0.00178058 1.7994e-05 0)
(-0.00146488 3.36457e-05 0)
(-0.0010974 4.97284e-05 0)
(-0.000679584 6.58442e-05 0)
(-0.000213887 8.15832e-05 0)
(0.000296174 9.65344e-05 0)
(0.000846078 0.000110298 0)
(0.00143035 0.000122496 0)
(0.00204264 0.000132786 0)
(0.0026758 0.000140873 0)
(0.00332204 0.000146522 0)
(0.00397304 0.000149572 0)
(0.00462014 0.000149941 0)
(0.00525452 0.000147641 0)
(0.00586744 0.000142779 0)
(0.00645049 0.000135559 0)
(0.00699582 0.000126274 0)
(0.0074964 0.00011529 0)
(0.0079463 0.000103033 0)
(0.00834087 8.99532e-05 0)
(0.00867692 7.65012e-05 0)
(0.00895285 6.30953e-05 0)
(0.00916867 5.00961e-05 0)
(0.00932594 3.77895e-05 0)
(0.00942767 2.63793e-05 0)
(0.00947808 1.59911e-05 0)
(0.00948236 6.6848e-06 0)
(0.00944635 -1.52907e-06 0)
(0.00937628 -8.67246e-06 0)
(0.00927848 -1.47861e-05 0)
(0.00915913 -1.99197e-05 0)
(0.00902413 -2.41254e-05 0)
(0.00887896 -2.7453e-05 0)
(0.00872863 -2.99452e-05 0)
(0.00857769 -3.16341e-05 0)
(0.00843021 -3.25383e-05 0)
(0.00828983 -3.26638e-05 0)
(0.00815982 -3.20076e-05 0)
(0.00804306 -3.0565e-05 0)
(0.0079421 -2.83375e-05 0)
(0.00785911 -2.53417e-05 0)
(0.00779591 -2.16162e-05 0)
(0.00775388 -1.72258e-05 0)
(0.00773398 -1.22636e-05 0)
(0.00773669 -6.84922e-06 0)
(0.00776196 -1.12593e-06 0)
(0.00780923 4.74529e-06 0)
(0.00787741 1.05926e-05 0)
(0.0079649 1.62414e-05 0)
(0.0080696 2.15222e-05 0)
(0.00818905 2.62795e-05 0)
(0.00832043 3.03787e-05 0)
(0.00846069 3.37127e-05 0)
(0.00860666 3.62066e-05 0)
(0.00875515 3.78204e-05 0)
(0.00890305 3.85501e-05 0)
(0.00904749 3.84257e-05 0)
(0.00918587 3.75084e-05 0)
(0.00931594 3.58851e-05 0)
(0.00943592 3.36629e-05 0)
(0.00954443 3.09616e-05 0)
(0.00964059 2.79073e-05 0)
(0.00972394 2.46257e-05 0)
(0.00979445 2.12366e-05 0)
(0.00985243 1.78493e-05 0)
(0.00989853 1.45595e-05 0)
(0.00993362 1.14471e-05 0)
(0.00995876 8.57531e-06 0)
(0.00997514 5.99049e-06 0)
(0.00998401 3.72313e-06 0)
(0.00998664 1.78895e-06 0)
(0.00998424 1.90571e-07 0)
(0.00997799 -1.08065e-06 0)
(0.00996895 -2.04266e-06 0)
(0.0099581 -2.72073e-06 0)
(0.00994624 -3.14554e-06 0)
(0.0099341 -3.35126e-06 0)
(0.00992222 -3.3739e-06 0)
(0.00991105 -3.24969e-06 0)
(0.00990091 -3.01377e-06 0)
(0.009892 -2.69901e-06 0)
(0.00988442 -2.33514e-06 0)
(0.00987822 -1.94812e-06 0)
(0.00987335 -1.55971e-06 0)
(0.00986973 -1.18738e-06 0)
(0.00986724 -8.44282e-07 0)
(0.00986573 -5.39558e-07 0)
(0.00986505 -2.78675e-07 0)
(0.00986503 -6.39184e-08 0)
(0.00986553 1.05073e-07 0)
(0.0098664 2.30739e-07 0)
(0.00986752 3.17044e-07 0)
(0.00986877 3.68954e-07 0)
(0.00987007 3.91979e-07 0)
(0.00987135 3.91771e-07 0)
(0.00987256 3.73815e-07 0)
(0.00987365 3.43185e-07 0)
(0.00987462 3.04382e-07 0)
(0.00987544 2.61236e-07 0)
(0.00987611 2.16869e-07 0)
(0.00987665 1.73704e-07 0)
(0.00987706 1.33505e-07 0)
(0.00987736 9.745e-08 0)
(0.00987756 6.62138e-08 0)
(0.00987768 4.00582e-08 0)
(0.00987773 1.89227e-08 0)
(0.00987774 2.51037e-09 0)
(0.00987771 -9.63602e-09 0)
(0.00987765 -1.80684e-08 0)
(0.00987757 -2.33796e-08 0)
(0.00987749 -2.61617e-08 0)
(0.00987741 -2.69749e-08 0)
(0.00987733 -2.63274e-08 0)
(0.00987725 -2.46625e-08 0)
(0.00987719 -2.23528e-08 0)
(0.00987713 -1.97017e-08 0)
(0.00987708 -1.69404e-08 0)
(0.00987703 -1.42501e-08 0)
(0.009877 -1.17213e-08 0)
(0.00987697 -9.46789e-09 0)
(0.00987695 -7.42244e-09 0)
(0.00987693 -5.43997e-09 0)
(0.00987692 -4.66988e-09 0)
)
;

boundaryField
{
    inlet
    {
        type            fixedProfile;
        profile         table
        
21
(
(0 (0 0 0))
(0.05 (0.0285 0 0))
(0.1 (0.054 0 0))
(0.15 (0.0765 0 0))
(0.2 (0.096 0 0))
(0.25 (0.1125 0 0))
(0.3 (0.126 0 0))
(0.35 (0.1365 0 0))
(0.4 (0.144 0 0))
(0.45 (0.1485 0 0))
(0.5 (0.15 0 0))
(0.55 (0.1485 0 0))
(0.6 (0.144 0 0))
(0.65 (0.1365 0 0))
(0.7 (0.126 0 0))
(0.75 (0.1125 0 0))
(0.8 (0.096 0 0))
(0.85 (0.0765 0 0))
(0.9 (0.054 0 0))
(0.95 (0.0285 0 0))
(1 (0 0 0))
)
;
        direction       (0 1 0);
        origin          1;
        value           nonuniform List<vector> 8((0.034875 0 0) (0.091125 0 0) (0.128625 0 0) (0.147375 0 0) (0.147375 0 0) (0.128625 0 0) (0.091125 0 0) (0.034875 0 0));
    }
    outlet
    {
        type            zeroGradient;
    }
    walls
    {
        type            noSlip;
    }
    symwall
    {
        type            empty;
    }
}


// ************************************************************************* //
