/*--------------------------------*- C++ -*----------------------------------*\
| =========                 |                                                 |
| \\      /  F ield         | OpenFOAM: The Open Source CFD Toolbox           |
|  \\    /   O peration     | Version:  4.1                                   |
|   \\  /    A nd           | Web:      www.OpenFOAM.org                      |
|    \\/     M anipulation  |                                                 |
\*---------------------------------------------------------------------------*/
FoamFile
{
    version     2.0;
    format      ascii;
    class       volVectorField;
    location    "500";
    object      U;
}
// * * * * * * * * * * * * * * * * * * * * * * * * * * * * * * * * * * * * * //

dimensions      [0 1 -1 0 0 0 0];

internalField   nonuniform List<vector> 
3264
(
(-2.62558e-06 -5.08171e-07 0)
(-0.000133086 3.05371e-05 0)
(-0.000389716 4.86421e-05 0)
(-0.000677073 5.09783e-05 0)
(-0.000979213 5.27047e-05 0)
(-0.00128554 5.21119e-05 0)
(-0.00159075 5.34176e-05 0)
(-0.00189623 5.40697e-05 0)
(-0.00219742 5.51875e-05 0)
(-0.00249509 5.58334e-05 0)
(-0.0027867 5.64196e-05 0)
(-0.00307253 5.67044e-05 0)
(-0.00335159 5.68538e-05 0)
(-0.00362406 5.68347e-05 0)
(-0.00388973 5.67267e-05 0)
(-0.00414885 5.65501e-05 0)
(-0.00440157 5.63532e-05 0)
(-0.00464823 5.61657e-05 0)
(-0.00488915 5.60232e-05 0)
(-0.00512473 5.59548e-05 0)
(-0.00535538 5.5989e-05 0)
(-0.00558149 5.61509e-05 0)
(-0.00580345 5.64628e-05 0)
(-0.00602162 5.69423e-05 0)
(-0.00623628 5.76016e-05 0)
(-0.00644762 5.84453e-05 0)
(-0.00665571 5.94689e-05 0)
(-0.00686048 6.06568e-05 0)
(-0.00706165 6.19798e-05 0)
(-0.00725875 6.33942e-05 0)
(-0.00745102 6.48396e-05 0)
(-0.00763746 6.62388e-05 0)
(-0.00781677 6.74978e-05 0)
(-0.00798733 6.8507e-05 0)
(-0.00814722 6.91438e-05 0)
(-0.00829422 6.92759e-05 0)
(-0.00842583 6.87662e-05 0)
(-0.00853931 6.74785e-05 0)
(-0.00863172 6.52833e-05 0)
(-0.00869998 6.20643e-05 0)
(-0.00874093 5.77249e-05 0)
(-0.00875143 5.2193e-05 0)
(-0.00872841 4.54262e-05 0)
(-0.00866894 3.74152e-05 0)
(-0.00857036 2.81853e-05 0)
(-0.0084303 1.77974e-05 0)
(-0.00824678 6.34711e-06 0)
(-0.00801825 -6.03713e-06 0)
(-0.00774367 -1.91974e-05 0)
(-0.00742253 -3.29501e-05 0)
(-0.00705486 -4.70908e-05 0)
(-0.0066413 -6.13991e-05 0)
(-0.00618306 -7.56445e-05 0)
(-0.00568195 -8.95917e-05 0)
(-0.00514032 -0.000103006 0)
(-0.00456109 -0.00011566 0)
(-0.00394767 -0.000127338 0)
(-0.00330395 -0.000137839 0)
(-0.00263423 -0.000146986 0)
(-0.00194314 -0.000154628 0)
(-0.00123564 -0.000160642 0)
(-0.000516872 -0.000164937 0)
(0.000207872 -0.000167459 0)
(0.000933237 -0.000168189 0)
(0.00165389 -0.000167145 0)
(0.0023646 -0.000164382 0)
(0.00306032 -0.000159989 0)
(0.00373627 -0.00015409 0)
(0.00438798 -0.000146835 0)
(0.00501142 -0.0001384 0)
(0.00560298 -0.00012898 0)
(0.00615956 -0.000118783 0)
(0.0066786 -0.000108024 0)
(0.0071581 -9.69201e-05 0)
(0.00759664 -8.56799e-05 0)
(0.00799334 -7.45024e-05 0)
(0.00834789 -6.35693e-05 0)
(0.00866049 -5.30418e-05 0)
(0.00893182 -4.30569e-05 0)
(0.009163 -3.37256e-05 0)
(0.00935554 -2.51319e-05 0)
(0.00951127 -1.73332e-05 0)
(0.00963227 -1.03616e-05 0)
(0.00972086 -4.22571e-06 0)
(0.00977947 1.08618e-06 0)
(0.00981064 5.60309e-06 0)
(0.00981694 9.36781e-06 0)
(0.00980094 1.24334e-05 0)
(0.00976515 1.48599e-05 0)
(0.00971201 1.67112e-05 0)
(0.00964385 1.80524e-05 0)
(0.00956288 1.89475e-05 0)
(0.00947116 1.94581e-05 0)
(0.0093706 1.96414e-05 0)
(0.00926295 1.95502e-05 0)
(0.00914981 1.92317e-05 0)
(0.00903263 1.87281e-05 0)
(0.0089127 1.8076e-05 0)
(0.00879118 1.73072e-05 0)
(0.00866909 1.64489e-05 0)
(0.00854731 1.55241e-05 0)
(0.00842664 1.45523e-05 0)
(0.00830774 1.35499e-05 0)
(0.00819119 1.25305e-05 0)
(0.00807748 1.15056e-05 0)
(0.00796703 1.04846e-05 0)
(0.00786017 9.47545e-06 0)
(0.00775718 8.48476e-06 0)
(0.00765829 7.51795e-06 0)
(0.00756366 6.5795e-06 0)
(0.00747343 5.67306e-06 0)
(0.0073877 4.80156e-06 0)
(0.00730651 3.96732e-06 0)
(0.00722991 3.17206e-06 0)
(0.00715788 2.41704e-06 0)
(0.00709043 1.70303e-06 0)
(0.00702751 1.0304e-06 0)
(0.00696907 3.9913e-07 0)
(0.00691505 -1.91134e-07 0)
(0.00686538 -7.41072e-07 0)
(0.00681997 -1.25165e-06 0)
(0.00677873 -1.72409e-06 0)
(0.00674157 -2.15984e-06 0)
(0.00670838 -2.56055e-06 0)
(0.00667907 -2.92805e-06 0)
(0.00665353 -3.26429e-06 0)
(0.00663167 -3.57136e-06 0)
(0.00661336 -3.8514e-06 0)
(0.00659852 -4.10664e-06 0)
(0.00658704 -4.33931e-06 0)
(0.00657883 -4.55166e-06 0)
(0.00657379 -4.74592e-06 0)
(0.00657183 -4.9243e-06 0)
(0.00657286 -5.08892e-06 0)
(0.00657681 -5.24186e-06 0)
(0.00658359 -5.38512e-06 0)
(0.00659314 -5.5206e-06 0)
(0.00660538 -5.65011e-06 0)
(0.00662025 -5.77536e-06 0)
(0.0066377 -5.89795e-06 0)
(0.00665768 -6.01939e-06 0)
(0.00668012 -6.14105e-06 0)
(0.006705 -6.2642e-06 0)
(0.00673227 -6.39001e-06 0)
(0.00676189 -6.51949e-06 0)
(0.00679383 -6.65357e-06 0)
(0.00682806 -6.79302e-06 0)
(0.00686455 -6.93847e-06 0)
(0.00690327 -7.09041e-06 0)
(0.00694418 -7.24915e-06 0)
(0.00698727 -7.41486e-06 0)
(0.00703249 -7.5875e-06 0)
(0.00707982 -7.76682e-06 0)
(0.0071292 -7.95239e-06 0)
(0.00718061 -8.14351e-06 0)
(0.00723399 -8.33927e-06 0)
(0.00728927 -8.5385e-06 0)
(0.0073464 -8.73978e-06 0)
(0.00740529 -8.9414e-06 0)
(0.00746586 -9.14144e-06 0)
(0.007528 -9.3377e-06 0)
(0.0075916 -9.52775e-06 0)
(0.00765653 -9.70897e-06 0)
(0.00772264 -9.87854e-06 0)
(0.00778977 -1.00335e-05 0)
(0.00785775 -1.01709e-05 0)
(0.00792639 -1.02875e-05 0)
(0.00799547 -1.03804e-05 0)
(0.00806477 -1.04467e-05 0)
(0.00813405 -1.04835e-05 0)
(0.00820307 -1.04885e-05 0)
(0.00827156 -1.04593e-05 0)
(0.00833924 -1.03941e-05 0)
(0.00840585 -1.02918e-05 0)
(0.0084711 -1.01514e-05 0)
(0.00853471 -9.97261e-06 0)
(0.00859639 -9.75591e-06 0)
(0.00865588 -9.50221e-06 0)
(0.00871291 -9.2131e-06 0)
(0.00876722 -8.89081e-06 0)
(0.0088186 -8.5381e-06 0)
(0.00886682 -8.15831e-06 0)
(0.00891171 -7.75524e-06 0)
(0.0089531 -7.33309e-06 0)
(0.00899088 -6.89639e-06 0)
(0.00902494 -6.44981e-06 0)
(0.00905525 -5.9981e-06 0)
(0.00908179 -5.54592e-06 0)
(0.00910457 -5.09704e-06 0)
(0.00912366 -4.65661e-06 0)
(0.00913915 -4.21982e-06 0)
(0.00915116 -3.80787e-06 0)
(0.00915986 -3.35059e-06 0)
(0.00916524 -3.00691e-06 0)
(0.00916809 -2.33371e-06 0)
(0.00916635 -2.13811e-06 0)
(0.0091659 -7.65519e-07 0)
(0.00915192 9.16345e-08 0)
(0.0091545 1.34948e-06 0)
(0.00911501 1.23837e-05 0)
(-8.34031e-05 0.000136293 0)
(-0.000583273 0.000379211 0)
(-0.00131229 0.000518463 0)
(-0.00208776 0.000562785 0)
(-0.00286869 0.000584059 0)
(-0.00363831 0.000586143 0)
(-0.00438337 0.000586533 0)
(-0.00510684 0.000580376 0)
(-0.00580163 0.000572089 0)
(-0.00647007 0.000560684 0)
(-0.00710958 0.000547978 0)
(-0.00772175 0.000534187 0)
(-0.00830641 0.000520068 0)
(-0.00886489 0.000505895 0)
(-0.0093979 0.00049199 0)
(-0.00990665 0.000478527 0)
(-0.0103921 0.000465652 0)
(-0.0108552 0.000453454 0)
(-0.011297 0.00044199 0)
(-0.0117181 0.000431283 0)
(-0.0121193 0.000421322 0)
(-0.0125011 0.00041206 0)
(-0.0128636 0.000403408 0)
(-0.0132071 0.000395236 0)
(-0.0135312 0.000387359 0)
(-0.0138354 0.000379543 0)
(-0.0141189 0.000371494 0)
(-0.0143805 0.000362864 0)
(-0.0146184 0.000353249 0)
(-0.0148307 0.000342195 0)
(-0.015015 0.000329208 0)
(-0.0151684 0.000313767 0)
(-0.0152878 0.000295335 0)
(-0.0153697 0.00027338 0)
(-0.0154102 0.000247396 0)
(-0.0154056 0.000216918 0)
(-0.0153516 0.00018155 0)
(-0.0152442 0.000140979 0)
(-0.0150793 9.49932e-05 0)
(-0.0148531 4.34977e-05 0)
(-0.0145619 -1.34781e-05 0)
(-0.0142025 -7.57736e-05 0)
(-0.013772 -0.000143096 0)
(-0.0132681 -0.000215024 0)
(-0.0126889 -0.000291015 0)
(-0.0120334 -0.000370413 0)
(-0.0113011 -0.000452464 0)
(-0.0104921 -0.00053633 0)
(-0.00960735 -0.000621107 0)
(-0.00864855 -0.00070584 0)
(-0.00761804 -0.00078954 0)
(-0.00651891 -0.000871206 0)
(-0.00535493 -0.000949835 0)
(-0.00413054 -0.00102445 0)
(-0.00285079 -0.0010941 0)
(-0.00152133 -0.0011579 0)
(-0.000148319 -0.00121502 0)
(0.00126159 -0.00126471 0)
(0.00270136 -0.00130632 0)
(0.0041636 -0.0013393 0)
(0.00564066 -0.00136322 0)
(0.00712472 -0.00137777 0)
(0.00860785 -0.00138277 0)
(0.0100821 -0.00137819 0)
(0.0115397 -0.00136413 0)
(0.0129728 -0.00134082 0)
(0.0143741 -0.00130864 0)
(0.0157365 -0.00126809 0)
(0.0170534 -0.0012198 0)
(0.0183185 -0.0011645 0)
(0.0195264 -0.00110301 0)
(0.020672 -0.00103622 0)
(0.021751 -0.000965099 0)
(0.02276 -0.000890618 0)
(0.023696 -0.000813775 0)
(0.0245571 -0.000735555 0)
(0.0253417 -0.000656915 0)
(0.0260493 -0.00057876 0)
(0.0266799 -0.00050193 0)
(0.0272344 -0.000427188 0)
(0.0277139 -0.000355205 0)
(0.0281203 -0.000286554 0)
(0.0284562 -0.000221707 0)
(0.0287242 -0.000161034 0)
(0.0289276 -0.000104804 0)
(0.0290698 -5.31885e-05 0)
(0.0291547 -6.27218e-06 0)
(0.029186 3.59423e-05 0)
(0.0291679 7.35231e-05 0)
(0.0291044 0.000106599 0)
(0.0289995 0.000135347 0)
(0.0288574 0.000159986 0)
(0.028682 0.000180761 0)
(0.0284771 0.000197939 0)
(0.0282464 0.000211798 0)
(0.0279935 0.00022262 0)
(0.0277217 0.000230685 0)
(0.0274342 0.000236267 0)
(0.0271339 0.000239629 0)
(0.0268236 0.000241021 0)
(0.0265058 0.000240677 0)
(0.0261827 0.000238814 0)
(0.0258566 0.000235634 0)
(0.0255293 0.000231319 0)
(0.0252026 0.000226036 0)
(0.024878 0.000219936 0)
(0.0245569 0.000213153 0)
(0.0242406 0.000205807 0)
(0.0239302 0.000198006 0)
(0.0236265 0.000189844 0)
(0.0233306 0.000181405 0)
(0.023043 0.000172762 0)
(0.0227644 0.000163979 0)
(0.0224953 0.000155114 0)
(0.0222362 0.000146213 0)
(0.0219875 0.000137319 0)
(0.0217495 0.000128468 0)
(0.0215224 0.000119691 0)
(0.0213064 0.000111013 0)
(0.0211016 0.000102457 0)
(0.0209082 9.40401e-05 0)
(0.0207261 8.57775e-05 0)
(0.0205555 7.76807e-05 0)
(0.0203962 6.97585e-05 0)
(0.0202483 6.20175e-05 0)
(0.0201117 5.4462e-05 0)
(0.0199862 4.70946e-05 0)
(0.0198718 3.99157e-05 0)
(0.0197684 3.29245e-05 0)
(0.0196757 2.61184e-05 0)
(0.0195937 1.9494e-05 0)
(0.0195222 1.30462e-05 0)
(0.019461 6.76936e-06 0)
(0.0194099 6.56766e-07 0)
(0.0193688 -5.29893e-06 0)
(0.0193375 -1.11056e-05 0)
(0.0193157 -1.67716e-05 0)
(0.0193033 -2.23054e-05 0)
(0.0193002 -2.77157e-05 0)
(0.0193061 -3.30109e-05 0)
(0.0193209 -3.81993e-05 0)
(0.0193444 -4.32888e-05 0)
(0.0193765 -4.82867e-05 0)
(0.0194168 -5.31995e-05 0)
(0.0194654 -5.80328e-05 0)
(0.019522 -6.27913e-05 0)
(0.0195865 -6.74783e-05 0)
(0.0196587 -7.20959e-05 0)
(0.0197384 -7.66444e-05 0)
(0.0198254 -8.11228e-05 0)
(0.0199197 -8.5528e-05 0)
(0.020021 -8.9855e-05 0)
(0.0201292 -9.40968e-05 0)
(0.020244 -9.8244e-05 0)
(0.0203652 -0.000102285 0)
(0.0204926 -0.000106206 0)
(0.020626 -0.000109991 0)
(0.0207651 -0.000113621 0)
(0.0209096 -0.000117076 0)
(0.0210592 -0.000120331 0)
(0.0212135 -0.000123362 0)
(0.0213723 -0.000126143 0)
(0.021535 -0.000128643 0)
(0.0217013 -0.000130834 0)
(0.0218707 -0.000132686 0)
(0.0220427 -0.000134166 0)
(0.0222168 -0.000135246 0)
(0.0223924 -0.000135894 0)
(0.0225689 -0.000136082 0)
(0.0227457 -0.000135786 0)
(0.022922 -0.00013498 0)
(0.0230974 -0.000133646 0)
(0.0232709 -0.000131767 0)
(0.023442 -0.000129335 0)
(0.0236098 -0.000126343 0)
(0.0237737 -0.000122793 0)
(0.0239329 -0.000118695 0)
(0.0240867 -0.000114062 0)
(0.0242343 -0.000108919 0)
(0.0243752 -0.000103295 0)
(0.0245087 -9.72299e-05 0)
(0.0246341 -9.07688e-05 0)
(0.0247509 -8.3965e-05 0)
(0.0248586 -7.68781e-05 0)
(0.0249569 -6.95734e-05 0)
(0.0250454 -6.21212e-05 0)
(0.0251239 -5.45954e-05 0)
(0.0251921 -4.70709e-05 0)
(0.0252501 -3.96244e-05 0)
(0.0252979 -3.23272e-05 0)
(0.0253356 -2.52452e-05 0)
(0.0253635 -1.84556e-05 0)
(0.0253819 -1.19008e-05 0)
(0.0253913 -5.93884e-06 0)
(0.0253919 4.5707e-07 0)
(0.0253847 4.92699e-06 0)
(0.0253703 1.27301e-05 0)
(0.0253459 1.64605e-05 0)
(0.0253254 2.31665e-05 0)
(0.0252724 4.54245e-05 0)
(-0.000179021 0.000645393 0)
(-0.00104397 0.00125488 0)
(-0.00216984 0.0015343 0)
(-0.00330851 0.00157634 0)
(-0.00439864 0.0015723 0)
(-0.00542965 0.00153002 0)
(-0.00638592 0.0014876 0)
(-0.00727859 0.00143665 0)
(-0.0081043 0.00138504 0)
(-0.00887124 0.00133117 0)
(-0.00958085 0.00127759 0)
(-0.0102383 0.00122453 0)
(-0.010846 0.00117285 0)
(-0.0114075 0.00112279 0)
(-0.011925 0.0010746 0)
(-0.0124008 0.00102833 0)
(-0.0128367 0.000983962 0)
(-0.0132341 0.000941412 0)
(-0.0135943 0.000900524 0)
(-0.0139179 0.000861085 0)
(-0.0142055 0.00082282 0)
(-0.0144574 0.000785391 0)
(-0.0146732 0.000748391 0)
(-0.0148525 0.000711338 0)
(-0.0149945 0.000673677 0)
(-0.015098 0.000634779 0)
(-0.0151615 0.000593945 0)
(-0.015183 0.000550418 0)
(-0.0151604 0.000503394 0)
(-0.0150913 0.00045204 0)
(-0.0149729 0.000395519 0)
(-0.0148023 0.000333013 0)
(-0.0145765 0.000263753 0)
(-0.0142923 0.000187044 0)
(-0.0139465 0.000102296 0)
(-0.013536 9.05128e-06 0)
(-0.0130578 -9.29967e-05 0)
(-0.0125091 -0.00020398 0)
(-0.0118874 -0.000323844 0)
(-0.0111906 -0.000452341 0)
(-0.0104169 -0.000589023 0)
(-0.00956486 -0.000733249 0)
(-0.00863379 -0.000884192 0)
(-0.00762339 -0.00104085 0)
(-0.00653393 -0.00120206 0)
(-0.00536629 -0.00136653 0)
(-0.00412197 -0.00153283 0)
(-0.00280303 -0.00169947 0)
(-0.00141219 -0.00186484 0)
(4.72578e-05 -0.00202732 0)
(0.00157141 -0.00218525 0)
(0.00315581 -0.00233698 0)
(0.00479543 -0.00248088 0)
(0.00648473 -0.00261535 0)
(0.00821768 -0.00273889 0)
(0.00998782 -0.00285008 0)
(0.0117883 -0.0029476 0)
(0.0136118 -0.00303028 0)
(0.0154509 -0.0030971 0)
(0.0172979 -0.00314722 0)
(0.0191449 -0.00317997 0)
(0.0209839 -0.00319491 0)
(0.0228069 -0.0031918 0)
(0.0246061 -0.00317062 0)
(0.0263738 -0.00313158 0)
(0.0281024 -0.00307514 0)
(0.0297849 -0.00300197 0)
(0.0314145 -0.00291294 0)
(0.0329849 -0.00280915 0)
(0.0344904 -0.00269186 0)
(0.0359259 -0.00256249 0)
(0.0372869 -0.0024226 0)
(0.0385696 -0.00227384 0)
(0.0397707 -0.0021179 0)
(0.040888 -0.00195654 0)
(0.0419197 -0.00179149 0)
(0.0428647 -0.00162445 0)
(0.0437225 -0.00145706 0)
(0.0444936 -0.00129085 0)
(0.0451785 -0.00112725 0)
(0.0457787 -0.000967571 0)
(0.0462959 -0.00081295 0)
(0.0467325 -0.00066439 0)
(0.0470909 -0.00052273 0)
(0.0473741 -0.000388656 0)
(0.0475855 -0.000262695 0)
(0.0477282 -0.00014523 0)
(0.0478061 -3.65059e-05 0)
(0.0478228 6.33612e-05 0)
(0.0477821 0.000154368 0)
(0.0476879 0.000236614 0)
(0.0475442 0.000310284 0)
(0.0473548 0.000375638 0)
(0.0471236 0.000432997 0)
(0.0468543 0.000482729 0)
(0.0465507 0.000525237 0)
(0.0462163 0.000560952 0)
(0.0458546 0.000590318 0)
(0.045469 0.000613789 0)
(0.0450626 0.000631815 0)
(0.0446385 0.000644843 0)
(0.0441996 0.000653307 0)
(0.0437486 0.000657624 0)
(0.0432881 0.000658195 0)
(0.0428205 0.000655398 0)
(0.042348 0.000649589 0)
(0.0418728 0.000641101 0)
(0.0413969 0.000630243 0)
(0.040922 0.0006173 0)
(0.0404499 0.000602534 0)
(0.039982 0.000586186 0)
(0.0395199 0.000568475 0)
(0.0390648 0.000549601 0)
(0.0386179 0.000529743 0)
(0.0381803 0.000509067 0)
(0.037753 0.00048772 0)
(0.0373369 0.000465834 0)
(0.0369328 0.000443531 0)
(0.0365415 0.000420917 0)
(0.0361636 0.000398089 0)
(0.0357997 0.000375134 0)
(0.0354502 0.000352129 0)
(0.0351157 0.000329143 0)
(0.0347965 0.000306235 0)
(0.0344929 0.000283461 0)
(0.0342052 0.000260865 0)
(0.0339336 0.00023849 0)
(0.0336783 0.00021637 0)
(0.0334394 0.000194533 0)
(0.0332169 0.000173005 0)
(0.033011 0.000151805 0)
(0.0328215 0.000130949 0)
(0.0326485 0.000110447 0)
(0.0324919 9.03067e-05 0)
(0.0323516 7.05337e-05 0)
(0.0322274 5.1129e-05 0)
(0.0321193 3.20917e-05 0)
(0.0320269 1.34189e-05 0)
(0.0319502 -4.8941e-06 0)
(0.0318889 -2.28532e-05 0)
(0.0318429 -4.0465e-05 0)
(0.0318118 -5.77367e-05 0)
(0.0317954 -7.46752e-05 0)
(0.0317934 -9.12869e-05 0)
(0.0318056 -0.000107577 0)
(0.0318318 -0.00012355 0)
(0.0318715 -0.000139208 0)
(0.0319246 -0.00015455 0)
(0.0319906 -0.000169573 0)
(0.0320694 -0.000184271 0)
(0.0321604 -0.000198635 0)
(0.0322636 -0.000212649 0)
(0.0323783 -0.000226297 0)
(0.0325044 -0.000239554 0)
(0.0326413 -0.000252394 0)
(0.0327888 -0.000264784 0)
(0.0329463 -0.000276686 0)
(0.0331134 -0.000288056 0)
(0.0332897 -0.000298848 0)
(0.0334746 -0.000309007 0)
(0.0336675 -0.000318477 0)
(0.0338681 -0.000327197 0)
(0.0340755 -0.000335101 0)
(0.0342892 -0.000342121 0)
(0.0345086 -0.000348188 0)
(0.0347329 -0.000353231 0)
(0.0349614 -0.000357179 0)
(0.0351932 -0.000359964 0)
(0.0354276 -0.000361517 0)
(0.0356638 -0.000361777 0)
(0.0359008 -0.000360686 0)
(0.0361377 -0.000358195 0)
(0.0363736 -0.000354262 0)
(0.0366076 -0.000348857 0)
(0.0368386 -0.000341959 0)
(0.0370657 -0.000333562 0)
(0.0372879 -0.000323677 0)
(0.0375042 -0.000312327 0)
(0.0377136 -0.000299553 0)
(0.0379152 -0.000285416 0)
(0.0381081 -0.000269992 0)
(0.0382914 -0.00025338 0)
(0.0384641 -0.000235693 0)
(0.0386257 -0.000217064 0)
(0.0387753 -0.000197646 0)
(0.0389124 -0.000177603 0)
(0.0390364 -0.000157115 0)
(0.039147 -0.000136375 0)
(0.0392437 -0.000115582 0)
(0.0393265 -9.49345e-05 0)
(0.0393952 -7.46434e-05 0)
(0.0394499 -5.48791e-05 0)
(0.039491 -3.58394e-05 0)
(0.0395186 -1.76925e-05 0)
(0.0395332 -2.4189e-07 0)
(0.0395359 1.53509e-05 0)
(0.0395262 3.23198e-05 0)
(0.039507 4.4447e-05 0)
(0.0394791 6.04238e-05 0)
(0.0394314 8.16296e-05 0)
(-0.000305853 0.00126234 0)
(-0.00151771 0.00231662 0)
(-0.00287274 0.00272554 0)
(-0.004141 0.0027364 0)
(-0.00524112 0.0026654 0)
(-0.00622226 0.00253732 0)
(-0.00707055 0.00240972 0)
(-0.00781952 0.00227616 0)
(-0.00847063 0.00214765 0)
(-0.00904051 0.00202273 0)
(-0.00953428 0.00190371 0)
(-0.00996075 0.00179021 0)
(-0.0103246 0.00168233 0)
(-0.0106308 0.00157965 0)
(-0.0108829 0.00148174 0)
(-0.0110836 0.00138808 0)
(-0.0112352 0.00129816 0)
(-0.0113393 0.0012114 0)
(-0.0113969 0.00112723 0)
(-0.0114087 0.00104503 0)
(-0.011375 0.000964171 0)
(-0.0112957 0.000883945 0)
(-0.0111702 0.000803611 0)
(-0.0109979 0.000722368 0)
(-0.0107775 0.000639358 0)
(-0.0105079 0.000553671 0)
(-0.0101875 0.000464353 0)
(-0.00981439 0.00037042 0)
(-0.00938682 0.000270875 0)
(-0.0089027 0.000164735 0)
(-0.00835994 5.10523e-05 0)
(-0.0077564 -7.10539e-05 0)
(-0.00709 -0.000202367 0)
(-0.00635871 -0.000343542 0)
(-0.00556064 -0.000495081 0)
(-0.0046941 -0.000657304 0)
(-0.0037576 -0.000830326 0)
(-0.00274995 -0.00101405 0)
(-0.00167027 -0.00120813 0)
(-0.000518038 -0.00141201 0)
(0.000706871 -0.00162489 0)
(0.00200417 -0.00184574 0)
(0.00337314 -0.00207331 0)
(0.00481258 -0.00230614 0)
(0.00632082 -0.00254263 0)
(0.00789571 -0.00278097 0)
(0.0095346 -0.00301926 0)
(0.0112343 -0.00325544 0)
(0.0129913 -0.00348742 0)
(0.0148013 -0.00371303 0)
(0.0166597 -0.00393008 0)
(0.0185615 -0.00413637 0)
(0.020501 -0.00432976 0)
(0.0224723 -0.00450816 0)
(0.0244691 -0.00466957 0)
(0.0264845 -0.00481212 0)
(0.0285116 -0.00493409 0)
(0.0305429 -0.00503395 0)
(0.032571 -0.00511035 0)
(0.0345882 -0.00516222 0)
(0.0365868 -0.00518872 0)
(0.038559 -0.0051893 0)
(0.0404973 -0.00516373 0)
(0.0423941 -0.00511206 0)
(0.0442424 -0.00503468 0)
(0.0460352 -0.00493231 0)
(0.0477662 -0.00480598 0)
(0.0494296 -0.00465702 0)
(0.05102 -0.00448703 0)
(0.0525328 -0.00429789 0)
(0.053964 -0.00409167 0)
(0.0553104 -0.00387062 0)
(0.0565695 -0.00363712 0)
(0.0577394 -0.00339363 0)
(0.0588191 -0.00314263 0)
(0.0598081 -0.00288659 0)
(0.0607067 -0.00262791 0)
(0.0615157 -0.00236889 0)
(0.0622364 -0.00211169 0)
(0.0628707 -0.00185828 0)
(0.0634208 -0.00161048 0)
(0.0638892 -0.00136988 0)
(0.0642789 -0.00113784 0)
(0.064593 -0.000915535 0)
(0.0648346 -0.000703904 0)
(0.0650071 -0.000503687 0)
(0.0651141 -0.000315424 0)
(0.065159 -0.000139477 0)
(0.0651453 2.39601e-05 0)
(0.0650766 0.000174841 0)
(0.0649563 0.000313251 0)
(0.0647878 0.000439385 0)
(0.0645744 0.000553535 0)
(0.0643195 0.000656073 0)
(0.0640261 0.000747429 0)
(0.0636973 0.000828086 0)
(0.0633362 0.000898561 0)
(0.0629455 0.000959394 0)
(0.0625281 0.00101114 0)
(0.0620866 0.00105436 0)
(0.0616235 0.00108961 0)
(0.0611414 0.00111745 0)
(0.0606426 0.0011384 0)
(0.0601294 0.00115299 0)
(0.0596038 0.00116172 0)
(0.0590681 0.00116506 0)
(0.0585241 0.00116346 0)
(0.0579737 0.00115736 0)
(0.0574188 0.00114715 0)
(0.056861 0.00113321 0)
(0.056302 0.00111589 0)
(0.0557434 0.00109551 0)
(0.0551866 0.00107238 0)
(0.054633 0.00104678 0)
(0.0540841 0.00101897 0)
(0.0535411 0.000989196 0)
(0.0530052 0.000957671 0)
(0.0524775 0.000924606 0)
(0.0519593 0.000890194 0)
(0.0514515 0.000854611 0)
(0.0509551 0.000818022 0)
(0.0504711 0.000780583 0)
(0.0500003 0.000742434 0)
(0.0495436 0.000703711 0)
(0.0491017 0.000664536 0)
(0.0486753 0.000625025 0)
(0.0482651 0.000585286 0)
(0.0478717 0.000545419 0)
(0.0474956 0.000505514 0)
(0.0471374 0.000465658 0)
(0.0467973 0.000425926 0)
(0.0464759 0.000386391 0)
(0.0461734 0.000347116 0)
(0.0458901 0.000308158 0)
(0.0456262 0.000269567 0)
(0.0453817 0.000231389 0)
(0.0451569 0.000193662 0)
(0.0449518 0.000156422 0)
(0.0447663 0.000119696 0)
(0.0446005 8.35092e-05 0)
(0.0444542 4.78839e-05 0)
(0.0443273 1.2838e-05 0)
(0.0442196 -2.16124e-05 0)
(0.044131 -5.54527e-05 0)
(0.0440611 -8.8669e-05 0)
(0.0440098 -0.000121248 0)
(0.0439767 -0.000153174 0)
(0.0439614 -0.000184431 0)
(0.0439637 -0.000215001 0)
(0.0439831 -0.000244863 0)
(0.0440192 -0.00027399 0)
(0.0440716 -0.000302353 0)
(0.0441398 -0.000329916 0)
(0.0442233 -0.00035664 0)
(0.0443217 -0.000382477 0)
(0.0444343 -0.000407373 0)
(0.0445607 -0.000431271 0)
(0.0447002 -0.000454102 0)
(0.0448522 -0.000475793 0)
(0.0450161 -0.000496264 0)
(0.0451911 -0.00051543 0)
(0.0453766 -0.000533198 0)
(0.0455719 -0.000549471 0)
(0.0457762 -0.00056415 0)
(0.0459886 -0.00057713 0)
(0.0462084 -0.000588306 0)
(0.0464347 -0.000597572 0)
(0.0466666 -0.000604826 0)
(0.0469032 -0.000609966 0)
(0.0471436 -0.000612898 0)
(0.0473867 -0.000613533 0)
(0.0476316 -0.000611793 0)
(0.0478773 -0.000607612 0)
(0.0481227 -0.000600937 0)
(0.0483668 -0.000591732 0)
(0.0486086 -0.000579978 0)
(0.0488469 -0.000565679 0)
(0.0490808 -0.000548859 0)
(0.0493091 -0.000529566 0)
(0.049531 -0.000507877 0)
(0.0497452 -0.000483891 0)
(0.049951 -0.00045774 0)
(0.0501473 -0.000429581 0)
(0.0503332 -0.0003996 0)
(0.050508 -0.000368012 0)
(0.0506708 -0.000335058 0)
(0.0508209 -0.000301004 0)
(0.0509578 -0.00026614 0)
(0.051081 -0.000230773 0)
(0.05119 -0.000195227 0)
(0.0512845 -0.00015983 0)
(0.0513645 -0.00012492 0)
(0.0514297 -9.08063e-05 0)
(0.0514805 -5.78149e-05 0)
(0.051517 -2.61366e-05 0)
(0.0515395 3.75696e-06 0)
(0.0515488 3.26974e-05 0)
(0.0515462 5.78843e-05 0)
(0.0515314 8.48628e-05 0)
(0.0515016 0.000109623 0)
(-0.000405277 0.00247101 0)
(-0.0017198 0.00379851 0)
(-0.00298828 0.00414393 0)
(-0.00405124 0.00389313 0)
(-0.00482769 0.00362068 0)
(-0.00542844 0.00331894 0)
(-0.00585029 0.00305583 0)
(-0.00615267 0.00281023 0)
(-0.00634462 0.00258718 0)
(-0.00645208 0.00238041 0)
(-0.00648328 0.00218873 0)
(-0.00644988 0.00200961 0)
(-0.00635734 0.0018414 0)
(-0.00621131 0.00168246 0)
(-0.00601504 0.00153137 0)
(-0.00577135 0.00138684 0)
(-0.00548193 0.00124768 0)
(-0.00514802 0.0011128 0)
(-0.00477026 0.000981145 0)
(-0.00434886 0.000851708 0)
(-0.00388367 0.000723484 0)
(-0.00337422 0.000595471 0)
(-0.00281974 0.00046665 0)
(-0.00221926 0.000335984 0)
(-0.00157161 0.000202415 0)
(-0.000875458 6.48659e-05 0)
(-0.000129357 -7.77476e-05 0)
(0.000668209 -0.000226504 0)
(0.0015188 -0.000382458 0)
(0.00242395 -0.000546614 0)
(0.00338519 -0.000719904 0)
(0.00440392 -0.000903157 0)
(0.00548145 -0.00109707 0)
(0.00661891 -0.00130217 0)
(0.00781725 -0.00151882 0)
(0.00907717 -0.00174715 0)
(0.0103991 -0.00198707 0)
(0.0117833 -0.00223824 0)
(0.0132295 -0.00250006 0)
(0.0147373 -0.00277169 0)
(0.0163057 -0.00305201 0)
(0.0179337 -0.00333968 0)
(0.0196196 -0.0036331 0)
(0.0213613 -0.00393046 0)
(0.0231564 -0.00422974 0)
(0.0250021 -0.00452876 0)
(0.0268951 -0.00482516 0)
(0.0288316 -0.00511649 0)
(0.0308074 -0.00540017 0)
(0.0328179 -0.00567357 0)
(0.0348581 -0.00593404 0)
(0.0369224 -0.00617892 0)
(0.039005 -0.00640559 0)
(0.0410995 -0.00661149 0)
(0.0431995 -0.00679421 0)
(0.0452978 -0.00695146 0)
(0.0473874 -0.00708114 0)
(0.0494609 -0.00718141 0)
(0.0515107 -0.00725067 0)
(0.0535294 -0.00728765 0)
(0.0555094 -0.00729138 0)
(0.0574434 -0.0072613 0)
(0.0593242 -0.00719723 0)
(0.061145 -0.0070994 0)
(0.0628995 -0.00696847 0)
(0.0645818 -0.0068055 0)
(0.0661866 -0.006612 0)
(0.0677095 -0.00638986 0)
(0.0691465 -0.0061413 0)
(0.0704946 -0.00586891 0)
(0.0717515 -0.00557549 0)
(0.0729159 -0.0052641 0)
(0.073987 -0.00493788 0)
(0.074965 -0.0046001 0)
(0.0758506 -0.00425401 0)
(0.0766453 -0.0039028 0)
(0.077351 -0.00354955 0)
(0.0779703 -0.00319718 0)
(0.0785059 -0.00284839 0)
(0.0789612 -0.00250566 0)
(0.0793395 -0.00217119 0)
(0.0796444 -0.00184689 0)
(0.0798796 -0.0015344 0)
(0.0800489 -0.00123509 0)
(0.0801559 -0.000950024 0)
(0.0802044 -0.000680028 0)
(0.080198 -0.000425681 0)
(0.0801401 -0.000187339 0)
(0.0800342 3.48382e-05 0)
(0.0798834 0.000240866 0)
(0.079691 0.000430909 0)
(0.0794597 0.000605264 0)
(0.0791924 0.000764329 0)
(0.0788918 0.000908591 0)
(0.0785603 0.0010386 0)
(0.0782004 0.00115497 0)
(0.0778143 0.00125833 0)
(0.0774041 0.00134934 0)
(0.0769719 0.00142868 0)
(0.0765196 0.00149701 0)
(0.0760489 0.00155502 0)
(0.0755617 0.00160334 0)
(0.0750595 0.00164262 0)
(0.074544 0.00167347 0)
(0.0740166 0.00169647 0)
(0.0734789 0.00171219 0)
(0.0729321 0.00172115 0)
(0.0723776 0.00172385 0)
(0.0718167 0.00172077 0)
(0.0712507 0.00171234 0)
(0.0706808 0.00169897 0)
(0.0701081 0.00168103 0)
(0.0695338 0.0016589 0)
(0.068959 0.00163289 0)
(0.0683849 0.00160331 0)
(0.0678124 0.00157044 0)
(0.0672427 0.00153455 0)
(0.0666767 0.00149589 0)
(0.0661156 0.00145467 0)
(0.0655603 0.00141113 0)
(0.0650117 0.00136546 0)
(0.064471 0.00131785 0)
(0.063939 0.00126848 0)
(0.0634166 0.00121754 0)
(0.0629049 0.00116518 0)
(0.0624046 0.00111158 0)
(0.0619166 0.00105687 0)
(0.0614418 0.00100122 0)
(0.060981 0.000944763 0)
(0.060535 0.000887645 0)
(0.0601044 0.00083 0)
(0.05969 0.000771956 0)
(0.0592924 0.00071364 0)
(0.0589123 0.000655172 0)
(0.05855 0.000596664 0)
(0.0582063 0.000538228 0)
(0.0578814 0.000479964 0)
(0.0575758 0.000421971 0)
(0.0572897 0.000364339 0)
(0.0570235 0.000307154 0)
(0.0567773 0.000250497 0)
(0.0565513 0.000194442 0)
(0.0563456 0.000139059 0)
(0.0561601 8.44147e-05 0)
(0.0559949 3.05725e-05 0)
(0.0558499 -2.24077e-05 0)
(0.0557248 -7.44672e-05 0)
(0.0556196 -0.000125548 0)
(0.055534 -0.000175593 0)
(0.0554676 -0.000224543 0)
(0.0554201 -0.000272336 0)
(0.0553912 -0.000318909 0)
(0.0553804 -0.000364195 0)
(0.0553873 -0.000408122 0)
(0.0554113 -0.000450611 0)
(0.0554519 -0.00049158 0)
(0.0555085 -0.000530939 0)
(0.0555804 -0.000568593 0)
(0.0556671 -0.000604438 0)
(0.0557678 -0.000638366 0)
(0.0558818 -0.000670262 0)
(0.0560084 -0.000700003 0)
(0.0561467 -0.000727465 0)
(0.056296 -0.000752518 0)
(0.0564554 -0.000775029 0)
(0.056624 -0.000794865 0)
(0.056801 -0.000811892 0)
(0.0569854 -0.00082598 0)
(0.0571763 -0.000837003 0)
(0.0573728 -0.000844842 0)
(0.0575738 -0.000849387 0)
(0.0577784 -0.000850538 0)
(0.0579856 -0.000848214 0)
(0.0581943 -0.000842346 0)
(0.0584036 -0.000832889 0)
(0.0586125 -0.000819816 0)
(0.0588199 -0.000803129 0)
(0.0590248 -0.000782856 0)
(0.0592263 -0.000759052 0)
(0.0594234 -0.000731808 0)
(0.0596152 -0.000701244 0)
(0.0598006 -0.000667517 0)
(0.059979 -0.000630818 0)
(0.0601493 -0.000591377 0)
(0.0603108 -0.000549455 0)
(0.0604628 -0.000505353 0)
(0.0606046 -0.000459402 0)
(0.0607356 -0.000411968 0)
(0.0608552 -0.000363444 0)
(0.0609629 -0.000314247 0)
(0.0610585 -0.000264814 0)
(0.0611416 -0.000215596 0)
(0.061212 -0.000167035 0)
(0.0612698 -0.000119603 0)
(0.0613149 -7.36527e-05 0)
(0.0613476 -2.97053e-05 0)
(0.0613685 1.2237e-05 0)
(0.0613778 5.09432e-05 0)
(0.0613762 8.89544e-05 0)
(0.0613619 0.000123451 0)
(-0.000693966 0.00309514 0)
(-0.00209228 0.00472402 0)
(-0.00255421 0.00495338 0)
(-0.00279075 0.00450639 0)
(-0.00262341 0.00403402 0)
(-0.00237141 0.00356726 0)
(-0.0019727 0.00316307 0)
(-0.00151151 0.0028047 0)
(-0.000978798 0.00248766 0)
(-0.000399798 0.00220329 0)
(0.000223928 0.00194497 0)
(0.000883498 0.00170783 0)
(0.0015768 0.0014875 0)
(0.00230048 0.00128084 0)
(0.00305344 0.00108507 0)
(0.00383461 0.000897982 0)
(0.00464383 0.000717636 0)
(0.00548117 0.000542368 0)
(0.00634714 0.000370658 0)
(0.00724248 0.000201124 0)
(0.00816818 3.24552e-05 0)
(0.00912541 -0.000136596 0)
(0.0101155 -0.000307244 0)
(0.0111398 -0.000480678 0)
(0.0121998 -0.000658067 0)
(0.0132971 -0.000840559 0)
(0.0144333 -0.00102928 0)
(0.0156098 -0.0012253 0)
(0.0168281 -0.00142965 0)
(0.0180896 -0.00164328 0)
(0.0193955 -0.00186704 0)
(0.020747 -0.00210164 0)
(0.022145 -0.00234765 0)
(0.0235901 -0.00260547 0)
(0.0250828 -0.00287527 0)
(0.0266234 -0.00315702 0)
(0.0282117 -0.00345043 0)
(0.0298474 -0.00375496 0)
(0.0315298 -0.00406979 0)
(0.0332578 -0.00439382 0)
(0.03503 -0.0047257 0)
(0.0368447 -0.0050638 0)
(0.0386997 -0.00540622 0)
(0.0405924 -0.00575084 0)
(0.0425199 -0.00609529 0)
(0.0444789 -0.00643703 0)
(0.0464653 -0.00677332 0)
(0.0484752 -0.00710128 0)
(0.0505037 -0.00741792 0)
(0.0525457 -0.00772017 0)
(0.0545958 -0.00800491 0)
(0.056648 -0.00826903 0)
(0.0586961 -0.00850945 0)
(0.0607333 -0.00872319 0)
(0.0627528 -0.0089074 0)
(0.0647475 -0.00905941 0)
(0.06671 -0.00917682 0)
(0.068633 -0.0092575 0)
(0.070509 -0.00929967 0)
(0.0723309 -0.00930194 0)
(0.0740916 -0.00926336 0)
(0.0757845 -0.00918348 0)
(0.0774034 -0.00906233 0)
(0.0789427 -0.00890049 0)
(0.0803975 -0.00869907 0)
(0.0817638 -0.00845971 0)
(0.0830382 -0.00818459 0)
(0.0842186 -0.00787634 0)
(0.0853033 -0.00753804 0)
(0.0862922 -0.00717312 0)
(0.0871856 -0.0067853 0)
(0.087985 -0.00637849 0)
(0.0886924 -0.00595674 0)
(0.0893108 -0.0055241 0)
(0.0898436 -0.00508456 0)
(0.0902946 -0.00464198 0)
(0.0906681 -0.00420001 0)
(0.0909687 -0.00376203 0)
(0.0912008 -0.00333113 0)
(0.0913693 -0.00291004 0)
(0.0914785 -0.00250114 0)
(0.0915331 -0.00210647 0)
(0.0915372 -0.00172769 0)
(0.0914949 -0.00136613 0)
(0.0914101 -0.00102278 0)
(0.0912861 -0.000698339 0)
(0.0911264 -0.000393246 0)
(0.0909338 -0.000107686 0)
(0.0907112 0.000158364 0)
(0.090461 0.000405107 0)
(0.0901855 0.000632898 0)
(0.0898867 0.000842219 0)
(0.0895665 0.00103365 0)
(0.0892265 0.00120785 0)
(0.0888684 0.00136553 0)
(0.0884935 0.00150745 0)
(0.088103 0.00163439 0)
(0.0876982 0.00174713 0)
(0.0872802 0.00184647 0)
(0.0868498 0.00193319 0)
(0.0864082 0.00200805 0)
(0.0859562 0.00207179 0)
(0.0854945 0.00212513 0)
(0.0850241 0.00216875 0)
(0.0845456 0.0022033 0)
(0.0840599 0.0022294 0)
(0.0835675 0.00224761 0)
(0.0830693 0.00225848 0)
(0.0825658 0.00226252 0)
(0.0820577 0.0022602 0)
(0.0815458 0.00225195 0)
(0.0810306 0.00223818 0)
(0.0805128 0.00221925 0)
(0.0799931 0.00219551 0)
(0.0794721 0.00216728 0)
(0.0789505 0.00213485 0)
(0.0784289 0.00209847 0)
(0.0779081 0.00205841 0)
(0.0773887 0.0020149 0)
(0.0768714 0.00196814 0)
(0.0763569 0.00191834 0)
(0.075846 0.0018657 0)
(0.0753394 0.00181038 0)
(0.0748378 0.00175258 0)
(0.074342 0.00169245 0)
(0.0738528 0.00163016 0)
(0.0733709 0.00156588 0)
(0.0728972 0.00149976 0)
(0.0724323 0.00143196 0)
(0.071977 0.00136264 0)
(0.0715322 0.00129196 0)
(0.0710985 0.00122008 0)
(0.0706767 0.00114714 0)
(0.0702675 0.00107331 0)
(0.0698716 0.000998743 0)
(0.0694896 0.000923592 0)
(0.0691222 0.000848009 0)
(0.06877 0.000772145 0)
(0.0684335 0.000696148 0)
(0.0681131 0.000620163 0)
(0.0678095 0.000544331 0)
(0.0675228 0.000468792 0)
(0.0672536 0.000393679 0)
(0.0670019 0.000319125 0)
(0.0667682 0.000245257 0)
(0.0665525 0.000172202 0)
(0.066355 0.000100081 0)
(0.0661756 2.90148e-05 0)
(0.0660143 -4.08769e-05 0)
(0.0658712 -0.000109476 0)
(0.0657459 -0.000176665 0)
(0.0656384 -0.000242324 0)
(0.0655484 -0.000306332 0)
(0.0654755 -0.000368567 0)
(0.0654193 -0.000428904 0)
(0.0653796 -0.000487211 0)
(0.0653557 -0.000543357 0)
(0.0653472 -0.000597203 0)
(0.0653535 -0.000648607 0)
(0.065374 -0.000697421 0)
(0.0654081 -0.000743495 0)
(0.065455 -0.000786674 0)
(0.0655141 -0.0008268 0)
(0.0655846 -0.000863713 0)
(0.0656658 -0.000897253 0)
(0.0657568 -0.00092726 0)
(0.0658568 -0.000953578 0)
(0.0659649 -0.000976054 0)
(0.0660803 -0.000994543 0)
(0.0662021 -0.00100891 0)
(0.0663294 -0.00101903 0)
(0.0664614 -0.00102479 0)
(0.066597 -0.00102611 0)
(0.0667355 -0.0010229 0)
(0.0668758 -0.00101513 0)
(0.0670172 -0.00100277 0)
(0.0671587 -0.000985828 0)
(0.0672994 -0.000964339 0)
(0.0674386 -0.000938376 0)
(0.0675754 -0.000908046 0)
(0.067709 -0.000873495 0)
(0.0678387 -0.000834905 0)
(0.0679637 -0.0007925 0)
(0.0680833 -0.000746546 0)
(0.0681969 -0.000697348 0)
(0.068304 -0.000645251 0)
(0.0684038 -0.000590641 0)
(0.0684961 -0.00053394 0)
(0.0685802 -0.000475606 0)
(0.0686559 -0.000416128 0)
(0.0687228 -0.000356022 0)
(0.0687808 -0.000295825 0)
(0.0688296 -0.000236087 0)
(0.0688693 -0.000177365 0)
(0.0688998 -0.000120187 0)
(0.0689213 -6.51247e-05 0)
(0.0689342 -1.25302e-05 0)
(0.0689388 3.68794e-05 0)
(0.0689358 8.40388e-05 0)
(0.0689237 0.000129756 0)
(-0.000179431 0.00560148 0)
(-0.000137554 0.00561726 0)
(0.00100347 0.00502321 0)
(0.00219241 0.00399924 0)
(0.00364208 0.00328646 0)
(0.00505567 0.00271861 0)
(0.00650839 0.0022561 0)
(0.00793062 0.00186991 0)
(0.00934062 0.0015325 0)
(0.0107262 0.00123374 0)
(0.0120937 0.000962664 0)
(0.0134435 0.000713726 0)
(0.0147795 0.000481614 0)
(0.0161043 0.000262809 0)
(0.0174212 5.41852e-05 0)
(0.018733 -0.000146677 0)
(0.0200424 -0.000341899 0)
(0.021352 -0.000533283 0)
(0.0226644 -0.00072245 0)
(0.0239821 -0.000910863 0)
(0.0253073 -0.00109989 0)
(0.0266424 -0.00129081 0)
(0.0279897 -0.00148486 0)
(0.0293514 -0.00168323 0)
(0.0307295 -0.00188705 0)
(0.0321261 -0.00209744 0)
(0.033543 -0.00231545 0)
(0.0349821 -0.00254208 0)
(0.0364449 -0.00277824 0)
(0.037933 -0.00302478 0)
(0.0394476 -0.00328239 0)
(0.0409898 -0.00355165 0)
(0.0425603 -0.00383296 0)
(0.0441598 -0.00412654 0)
(0.0457884 -0.00443237 0)
(0.0474463 -0.00475023 0)
(0.0491329 -0.00507961 0)
(0.0508478 -0.00541974 0)
(0.0525897 -0.00576957 0)
(0.0543573 -0.00612776 0)
(0.0561488 -0.00649266 0)
(0.057962 -0.00686237 0)
(0.0597943 -0.00723466 0)
(0.0616426 -0.00760708 0)
(0.0635034 -0.00797691 0)
(0.065373 -0.0083412 0)
(0.0672468 -0.00869682 0)
(0.0691201 -0.00904046 0)
(0.0709876 -0.00936868 0)
(0.0728437 -0.00967795 0)
(0.0746823 -0.0099647 0)
(0.076497 -0.0102254 0)
(0.0782811 -0.0104564 0)
(0.0800276 -0.0106544 0)
(0.0817294 -0.0108163 0)
(0.083379 -0.0109389 0)
(0.0849694 -0.0110196 0)
(0.0864934 -0.0110563 0)
(0.0879442 -0.0110471 0)
(0.0893155 -0.0109906 0)
(0.0906013 -0.0108863 0)
(0.0917967 -0.010734 0)
(0.0928974 -0.0105342 0)
(0.0939001 -0.0102883 0)
(0.0948029 -0.00999813 0)
(0.0956046 -0.00966626 0)
(0.0963056 -0.00929587 0)
(0.0969073 -0.00889065 0)
(0.0974121 -0.00845477 0)
(0.0978238 -0.00799274 0)
(0.0981469 -0.00750931 0)
(0.0983867 -0.00700935 0)
(0.0985492 -0.00649774 0)
(0.0986406 -0.00597925 0)
(0.0986678 -0.00545844 0)
(0.0986373 -0.0049396 0)
(0.0985557 -0.00442665 0)
(0.0984295 -0.0039231 0)
(0.0982647 -0.00343203 0)
(0.0980669 -0.00295609 0)
(0.0978412 -0.00249745 0)
(0.0975923 -0.00205786 0)
(0.0973241 -0.00163867 0)
(0.0970403 -0.00124085 0)
(0.0967438 -0.000865018 0)
(0.0964372 -0.000511501 0)
(0.0961224 -0.00018036 0)
(0.0958013 0.000128569 0)
(0.0954751 0.000415636 0)
(0.0951447 0.000681344 0)
(0.0948111 0.000926317 0)
(0.0944746 0.00115127 0)
(0.0941356 0.00135701 0)
(0.0937944 0.00154435 0)
(0.093451 0.00171417 0)
(0.0931055 0.00186735 0)
(0.0927577 0.00200479 0)
(0.0924076 0.00212735 0)
(0.092055 0.00223589 0)
(0.0916999 0.00233127 0)
(0.0913421 0.00241427 0)
(0.0909816 0.00248569 0)
(0.0906181 0.00254626 0)
(0.0902516 0.00259668 0)
(0.0898821 0.00263762 0)
(0.0895096 0.0026697 0)
(0.0891339 0.0026935 0)
(0.0887552 0.00270956 0)
(0.0883735 0.0027184 0)
(0.0879889 0.00272046 0)
(0.0876015 0.00271619 0)
(0.0872113 0.00270598 0)
(0.0868187 0.00269019 0)
(0.0864238 0.00266915 0)
(0.0860267 0.00264316 0)
(0.0856278 0.0026125 0)
(0.0852272 0.00257743 0)
(0.0848254 0.00253816 0)
(0.0844227 0.00249491 0)
(0.0840193 0.00244789 0)
(0.0836157 0.00239726 0)
(0.0832122 0.00234321 0)
(0.0828094 0.00228588 0)
(0.0824076 0.00222544 0)
(0.0820074 0.00216203 0)
(0.0816093 0.0020958 0)
(0.0812137 0.0020269 0)
(0.0808213 0.00195546 0)
(0.0804326 0.00188163 0)
(0.0800483 0.00180556 0)
(0.0796688 0.00172741 0)
(0.0792948 0.00164732 0)
(0.078927 0.00156545 0)
(0.078566 0.00148197 0)
(0.0782123 0.00139704 0)
(0.0778667 0.00131082 0)
(0.0775296 0.0012235 0)
(0.0772018 0.00113525 0)
(0.0768837 0.00104624 0)
(0.076576 0.000956665 0)
(0.0762792 0.000866694 0)
(0.0759937 0.000776513 0)
(0.07572 0.000686305 0)
(0.0754586 0.000596254 0)
(0.0752097 0.000506541 0)
(0.0749738 0.00041735 0)
(0.0747512 0.000328862 0)
(0.074542 0.000241258 0)
(0.0743464 0.000154719 0)
(0.0741645 6.94256e-05 0)
(0.0739964 -1.44421e-05 0)
(0.0738422 -9.67027e-05 0)
(0.0737017 -0.000177175 0)
(0.0735749 -0.000255675 0)
(0.0734615 -0.00033202 0)
(0.0733615 -0.000406022 0)
(0.0732744 -0.000477494 0)
(0.0732 -0.000546246 0)
(0.073138 -0.000612085 0)
(0.0730878 -0.000674818 0)
(0.0730491 -0.000734247 0)
(0.0730213 -0.000790178 0)
(0.073004 -0.000842413 0)
(0.0729964 -0.000890758 0)
(0.072998 -0.000935021 0)
(0.0730083 -0.000975012 0)
(0.0730264 -0.00101055 0)
(0.0730519 -0.00104146 0)
(0.0730838 -0.00106758 0)
(0.0731216 -0.00108876 0)
(0.0731646 -0.00110487 0)
(0.073212 -0.00111578 0)
(0.073263 -0.00112141 0)
(0.0733171 -0.00112168 0)
(0.0733735 -0.00111656 0)
(0.0734315 -0.00110602 0)
(0.0734904 -0.00109009 0)
(0.0735496 -0.00106883 0)
(0.0736084 -0.00104232 0)
(0.0736663 -0.00101069 0)
(0.0737227 -0.00097413 0)
(0.0737771 -0.000932841 0)
(0.073829 -0.000887085 0)
(0.0738778 -0.000837165 0)
(0.0739233 -0.000783426 0)
(0.0739649 -0.000726258 0)
(0.0740024 -0.000666092 0)
(0.0740355 -0.0006034 0)
(0.0740639 -0.000538693 0)
(0.0740875 -0.000472514 0)
(0.074106 -0.000405442 0)
(0.0741194 -0.000338081 0)
(0.0741276 -0.000271055 0)
(0.0741307 -0.000205009 0)
(0.0741288 -0.00014058 0)
(0.074122 -7.84253e-05 0)
(0.0741108 -1.90894e-05 0)
(0.0740955 3.67382e-05 0)
(0.0740768 8.95631e-05 0)
(0.0740556 0.000141688 0)
(0.00500931 0.00203899 0)
(0.00751641 0.00307477 0)
(0.0124381 0.0026214 0)
(0.0156896 0.00200595 0)
(0.0187784 0.00138293 0)
(0.0214318 0.000881547 0)
(0.0238622 0.000464176 0)
(0.0261018 0.000120929 0)
(0.0282022 -0.00017311 0)
(0.0301903 -0.000430806 0)
(0.0320885 -0.000663542 0)
(0.0339122 -0.000878204 0)
(0.0356738 -0.00108005 0)
(0.037383 -0.0012727 0)
(0.0390478 -0.00145895 0)
(0.0406747 -0.001641 0)
(0.0422694 -0.00182067 0)
(0.0438369 -0.00199953 0)
(0.0453814 -0.00217898 0)
(0.0469068 -0.0023603 0)
(0.0484167 -0.0025447 0)
(0.0499142 -0.00273331 0)
(0.0514024 -0.00292723 0)
(0.052884 -0.00312753 0)
(0.0543614 -0.00333521 0)
(0.0558372 -0.00355125 0)
(0.0573132 -0.00377656 0)
(0.0587916 -0.004012 0)
(0.0602739 -0.00425832 0)
(0.0617617 -0.00451621 0)
(0.0632561 -0.00478618 0)
(0.0647581 -0.00506863 0)
(0.0662683 -0.00536378 0)
(0.0677872 -0.00567163 0)
(0.0693147 -0.00599197 0)
(0.0708506 -0.00632434 0)
(0.0723942 -0.006668 0)
(0.0739446 -0.00702194 0)
(0.0755001 -0.00738484 0)
(0.0770592 -0.00775507 0)
(0.0786193 -0.00813068 0)
(0.080178 -0.00850943 0)
(0.081732 -0.00888874 0)
(0.0832776 -0.00926576 0)
(0.0848108 -0.00963738 0)
(0.086327 -0.0100002 0)
(0.0878212 -0.0103507 0)
(0.0892879 -0.010685 0)
(0.0907211 -0.0109993 0)
(0.0921147 -0.0112894 0)
(0.0934619 -0.0115515 0)
(0.0947558 -0.0117814 0)
(0.0959895 -0.0119753 0)
(0.0971556 -0.0121294 0)
(0.0982472 -0.0122401 0)
(0.0992572 -0.0123045 0)
(0.100179 -0.0123198 0)
(0.101007 -0.0122838 0)
(0.101735 -0.0121952 0)
(0.10236 -0.012053 0)
(0.102878 -0.0118572 0)
(0.103288 -0.0116087 0)
(0.103588 -0.011309 0)
(0.103781 -0.0109606 0)
(0.103868 -0.0105667 0)
(0.103853 -0.0101313 0)
(0.103743 -0.00965892 0)
(0.103545 -0.0091547 0)
(0.103266 -0.00862411 0)
(0.102915 -0.00807283 0)
(0.102502 -0.00750661 0)
(0.102037 -0.00693113 0)
(0.10153 -0.00635181 0)
(0.10099 -0.00577377 0)
(0.100427 -0.00520166 0)
(0.099849 -0.00463965 0)
(0.0992644 -0.00409137 0)
(0.09868 -0.00355986 0)
(0.0981018 -0.00304762 0)
(0.0975351 -0.00255662 0)
(0.0969838 -0.00208832 0)
(0.0964513 -0.00164373 0)
(0.09594 -0.00122346 0)
(0.0954514 -0.000827746 0)
(0.0949866 -0.000456562 0)
(0.0945458 -0.000109615 0)
(0.094129 0.00021358 0)
(0.0937356 0.000513667 0)
(0.0933647 0.000791407 0)
(0.0930151 0.00104765 0)
(0.0926857 0.0012833 0)
(0.0923748 0.00149931 0)
(0.092081 0.00169663 0)
(0.0918027 0.00187623 0)
(0.0915383 0.00203906 0)
(0.0912863 0.00218607 0)
(0.0910451 0.00231816 0)
(0.0908133 0.00243621 0)
(0.0905896 0.00254108 0)
(0.0903725 0.00263355 0)
(0.090161 0.00271441 0)
(0.0899539 0.00278438 0)
(0.0897501 0.00284415 0)
(0.0895488 0.00289436 0)
(0.0893491 0.0029356 0)
(0.0891502 0.00296846 0)
(0.0889515 0.00299344 0)
(0.0887523 0.00301104 0)
(0.0885522 0.0030217 0)
(0.0883506 0.00302584 0)
(0.0881472 0.00302383 0)
(0.0879417 0.00301603 0)
(0.0877337 0.00300273 0)
(0.0875232 0.00298424 0)
(0.0873098 0.00296082 0)
(0.0870935 0.00293268 0)
(0.0868743 0.00290006 0)
(0.086652 0.00286315 0)
(0.0864266 0.00282211 0)
(0.0861983 0.00277711 0)
(0.0859672 0.0027283 0)
(0.0857332 0.00267581 0)
(0.0854966 0.00261977 0)
(0.0852576 0.00256031 0)
(0.0850163 0.00249753 0)
(0.0847731 0.00243157 0)
(0.0845282 0.00236252 0)
(0.0842819 0.00229051 0)
(0.0840345 0.00221566 0)
(0.0837864 0.00213809 0)
(0.083538 0.00205792 0)
(0.0832896 0.0019753 0)
(0.0830418 0.00189037 0)
(0.0827949 0.00180326 0)
(0.0825494 0.00171415 0)
(0.0823058 0.00162318 0)
(0.0820645 0.00153053 0)
(0.081826 0.00143639 0)
(0.0815907 0.00134093 0)
(0.0813593 0.00124434 0)
(0.081132 0.00114682 0)
(0.0809094 0.00104858 0)
(0.080692 0.000949821 0)
(0.0804801 0.000850755 0)
(0.0802741 0.000751598 0)
(0.0800744 0.00065257 0)
(0.0798814 0.000553891 0)
(0.0796953 0.000455788 0)
(0.0795165 0.000358487 0)
(0.0793451 0.000262216 0)
(0.0791814 0.000167207 0)
(0.0790254 7.36928e-05 0)
(0.0788774 -1.80928e-05 0)
(0.0787374 -0.000107914 0)
(0.0786053 -0.000195533 0)
(0.0784812 -0.00028071 0)
(0.0783651 -0.000363207 0)
(0.0782566 -0.000442782 0)
(0.0781558 -0.000519194 0)
(0.0780624 -0.000592202 0)
(0.0779762 -0.000661566 0)
(0.0778969 -0.000727047 0)
(0.0778242 -0.000788412 0)
(0.0777577 -0.000845428 0)
(0.0776971 -0.000897872 0)
(0.077642 -0.000945526 0)
(0.077592 -0.000988185 0)
(0.0775467 -0.00102565 0)
(0.0775055 -0.00105775 0)
(0.0774681 -0.00108432 0)
(0.0774341 -0.00110522 0)
(0.0774029 -0.00112032 0)
(0.0773741 -0.00112954 0)
(0.0773474 -0.00113282 0)
(0.0773222 -0.0011301 0)
(0.0772983 -0.00112141 0)
(0.0772751 -0.00110678 0)
(0.0772524 -0.00108628 0)
(0.0772299 -0.00106003 0)
(0.0772071 -0.00102819 0)
(0.077184 -0.000990961 0)
(0.0771602 -0.000948596 0)
(0.0771356 -0.000901386 0)
(0.0771099 -0.000849668 0)
(0.0770832 -0.000793826 0)
(0.0770551 -0.000734285 0)
(0.0770258 -0.000671514 0)
(0.0769951 -0.000606024 0)
(0.0769631 -0.000538362 0)
(0.0769297 -0.000469113 0)
(0.076895 -0.000398897 0)
(0.0768591 -0.000328362 0)
(0.0768221 -0.000258185 0)
(0.076784 -0.000189068 0)
(0.0767452 -0.000121731 0)
(0.0767058 -5.6917e-05 0)
(0.0766663 4.66215e-06 0)
(0.0766271 6.21868e-05 0)
(0.0765892 0.000115904 0)
(0.0765563 0.000166588 0)
(0.0344491 -1.85487e-06 0)
(0.0346038 -0.000146097 0)
(0.0349218 -0.000263696 0)
(0.0353553 -0.000326143 0)
(0.0358515 -0.000364389 0)
(0.0364918 -0.000439232 0)
(0.0371533 -0.000318594 0)
(0.037833 -0.000771096 0)
(0.0908646 -5.51929e-06 0)
(0.0906415 -0.000126635 0)
(0.0905747 -0.000289575 0)
(0.0906093 -0.000455215 0)
(0.0907541 -0.000633526 0)
(0.0909841 -0.000810878 0)
(0.091329 -0.0010059 0)
(0.0922033 -0.00167077 0)
(0.128437 -9.25881e-06 0)
(0.128259 -8.99253e-05 0)
(0.128172 -0.000213523 0)
(0.128132 -0.000370823 0)
(0.128121 -0.000554194 0)
(0.128139 -0.000767247 0)
(0.128226 -0.0010943 0)
(0.128224 -0.0015133 0)
(0.147212 -1.31721e-05 0)
(0.147034 -0.000100517 0)
(0.146936 -0.000214785 0)
(0.146873 -0.000356327 0)
(0.146822 -0.000528515 0)
(0.146779 -0.000749386 0)
(0.14672 -0.00101767 0)
(0.146653 -0.00137265 0)
(0.147217 -1.84698e-05 0)
(0.147038 -0.00010816 0)
(0.146928 -0.000207292 0)
(0.146841 -0.00032599 0)
(0.14675 -0.000475171 0)
(0.146637 -0.000661157 0)
(0.146491 -0.000899313 0)
(0.146284 -0.00119018 0)
(0.12845 -2.62212e-05 0)
(0.128254 -0.000124273 0)
(0.128113 -0.000210266 0)
(0.127975 -0.000304209 0)
(0.127815 -0.000421204 0)
(0.127616 -0.000572464 0)
(0.127361 -0.000761481 0)
(0.127034 -0.000987705 0)
(0.0908858 -4.02242e-05 0)
(0.0906067 -0.000102963 0)
(0.0903887 -0.000134006 0)
(0.0901706 -0.000175833 0)
(0.0899251 -0.000247023 0)
(0.0896288 -0.000351549 0)
(0.0892596 -0.000486485 0)
(0.0887946 -0.000643215 0)
(0.0344546 -4.62944e-05 0)
(0.034372 -2.51413e-05 0)
(0.0343198 6.80047e-06 0)
(0.0342656 5.51628e-06 0)
(0.0341517 -2.73536e-05 0)
(0.0339502 -7.96615e-05 0)
(0.0336459 -0.000138575 0)
(0.0332336 -0.000193527 0)
(0.0405082 -0.00350193 0)
(0.0434225 -0.00320077 0)
(0.0460682 -0.00288769 0)
(0.0486392 -0.00258328 0)
(0.0509987 -0.00243659 0)
(0.0531978 -0.00238543 0)
(0.0552581 -0.0024007 0)
(0.0572053 -0.00245455 0)
(0.0590586 -0.00253178 0)
(0.0608319 -0.00262311 0)
(0.0625361 -0.00272361 0)
(0.0641795 -0.00283059 0)
(0.0657686 -0.00294268 0)
(0.067309 -0.00305929 0)
(0.0688053 -0.00318025 0)
(0.0702617 -0.00330568 0)
(0.0716818 -0.00343589 0)
(0.0730689 -0.0035713 0)
(0.074426 -0.00371245 0)
(0.0757559 -0.00385994 0)
(0.0770612 -0.00401441 0)
(0.0783442 -0.00417657 0)
(0.0796073 -0.00434712 0)
(0.0808523 -0.0045268 0)
(0.0820811 -0.00471634 0)
(0.0832954 -0.00491645 0)
(0.0844967 -0.0051278 0)
(0.0856863 -0.005351 0)
(0.0868652 -0.00558661 0)
(0.0880342 -0.00583507 0)
(0.089194 -0.0060967 0)
(0.0903449 -0.00637165 0)
(0.0914868 -0.00665992 0)
(0.0926196 -0.00696129 0)
(0.0937426 -0.00727529 0)
(0.0948549 -0.00760121 0)
(0.0959551 -0.00793804 0)
(0.0970414 -0.00828447 0)
(0.0981118 -0.00863887 0)
(0.0991637 -0.00899925 0)
(0.100194 -0.00936331 0)
(0.101199 -0.0097284 0)
(0.102175 -0.0100915 0)
(0.103117 -0.0104494 0)
(0.104021 -0.0107984 0)
(0.104881 -0.0111346 0)
(0.10569 -0.0114539 0)
(0.106444 -0.0117521 0)
(0.107135 -0.0120248 0)
(0.107756 -0.0122673 0)
(0.1083 -0.0124754 0)
(0.10876 -0.0126445 0)
(0.10913 -0.0127704 0)
(0.109402 -0.0128494 0)
(0.109571 -0.012878 0)
(0.109631 -0.0128531 0)
(0.109578 -0.0127726 0)
(0.109409 -0.0126351 0)
(0.109122 -0.0124399 0)
(0.108717 -0.0121874 0)
(0.108197 -0.011879 0)
(0.107566 -0.0115171 0)
(0.106829 -0.0111051 0)
(0.105995 -0.0106473 0)
(0.105073 -0.0101488 0)
(0.104076 -0.00961544 0)
(0.103016 -0.00905339 0)
(0.101906 -0.00846924 0)
(0.10076 -0.00786964 0)
(0.0995931 -0.00726111 0)
(0.0984185 -0.00664986 0)
(0.0972494 -0.00604169 0)
(0.0960978 -0.0054418 0)
(0.0949744 -0.00485472 0)
(0.0938886 -0.0042843 0)
(0.0928482 -0.00373367 0)
(0.0918595 -0.00320527 0)
(0.0909272 -0.00270089 0)
(0.0900546 -0.00222173 0)
(0.0892438 -0.00176848 0)
(0.0884956 -0.0013414 0)
(0.0878097 -0.000940354 0)
(0.0871851 -0.00056495 0)
(0.08662 -0.000214552 0)
(0.0861122 0.000111643 0)
(0.0856587 0.000414557 0)
(0.0852567 0.000695188 0)
(0.0849028 0.000954582 0)
(0.0845936 0.0011938 0)
(0.0843257 0.00141391 0)
(0.0840957 0.00161595 0)
(0.0839002 0.00180095 0)
(0.083736 0.00196987 0)
(0.0835999 0.00212366 0)
(0.0834891 0.00226322 0)
(0.0834006 0.0023894 0)
(0.0833319 0.002503 0)
(0.0832804 0.00260478 0)
(0.0832438 0.00269547 0)
(0.0832201 0.00277572 0)
(0.0832071 0.00284618 0)
(0.0832033 0.00290742 0)
(0.0832067 0.00296002 0)
(0.0832161 0.00300446 0)
(0.0832299 0.00304125 0)
(0.0832469 0.00307081 0)
(0.083266 0.00309356 0)
(0.0832861 0.00310987 0)
(0.0833064 0.0031201 0)
(0.083326 0.00312456 0)
(0.0833442 0.00312355 0)
(0.0833602 0.00311733 0)
(0.0833737 0.00310613 0)
(0.0833839 0.00309018 0)
(0.0833905 0.00306968 0)
(0.0833931 0.00304479 0)
(0.0833913 0.00301567 0)
(0.0833849 0.00298248 0)
(0.0833736 0.00294532 0)
(0.0833572 0.00290433 0)
(0.0833356 0.0028596 0)
(0.0833086 0.00281123 0)
(0.0832762 0.0027593 0)
(0.0832383 0.00270391 0)
(0.0831948 0.00264514 0)
(0.0831459 0.00258306 0)
(0.0830915 0.00251776 0)
(0.0830318 0.00244932 0)
(0.0829668 0.00237784 0)
(0.0828966 0.0023034 0)
(0.0828215 0.00222612 0)
(0.0827416 0.00214608 0)
(0.0826571 0.00206343 0)
(0.0825682 0.00197827 0)
(0.0824752 0.00189074 0)
(0.0823784 0.001801 0)
(0.0822781 0.0017092 0)
(0.0821744 0.00161549 0)
(0.0820679 0.00152007 0)
(0.0819587 0.00142311 0)
(0.0818472 0.00132481 0)
(0.0817338 0.00122537 0)
(0.0816187 0.00112501 0)
(0.0815024 0.00102394 0)
(0.081385 0.000922406 0)
(0.081267 0.000820629 0)
(0.0811487 0.000718854 0)
(0.0810303 0.00061733 0)
(0.0809121 0.000516308 0)
(0.0807943 0.000416047 0)
(0.0806773 0.000316809 0)
(0.0805611 0.00021886 0)
(0.0804461 0.00012247 0)
(0.0803323 2.79118e-05 0)
(0.0802198 -6.45404e-05 0)
(0.0801089 -0.000154609 0)
(0.0799994 -0.000242016 0)
(0.0798916 -0.000326483 0)
(0.0797853 -0.000407731 0)
(0.0796806 -0.000485482 0)
(0.0795775 -0.000559464 0)
(0.0794758 -0.000629404 0)
(0.0793755 -0.000695039 0)
(0.0792765 -0.000756111 0)
(0.0791787 -0.00081237 0)
(0.079082 -0.000863581 0)
(0.0789861 -0.000909519 0)
(0.078891 -0.000949979 0)
(0.0787966 -0.000984773 0)
(0.0787026 -0.00101373 0)
(0.078609 -0.00103672 0)
(0.0785156 -0.00105362 0)
(0.0784224 -0.00106435 0)
(0.0783292 -0.00106885 0)
(0.0782361 -0.00106712 0)
(0.0781428 -0.00105916 0)
(0.0780496 -0.00104506 0)
(0.0779563 -0.0010249 0)
(0.077863 -0.000998838 0)
(0.0777699 -0.000967062 0)
(0.0776769 -0.000929806 0)
(0.0775844 -0.000887351 0)
(0.0774924 -0.000840021 0)
(0.0774011 -0.000788184 0)
(0.0773108 -0.000732253 0)
(0.0772217 -0.00067268 0)
(0.077134 -0.000609959 0)
(0.0770481 -0.000544621 0)
(0.076964 -0.000477233 0)
(0.0768822 -0.000408396 0)
(0.0768028 -0.000338744 0)
(0.0767261 -0.000268942 0)
(0.0766524 -0.000199686 0)
(0.0765818 -0.000131707 0)
(0.0765146 -6.57657e-05 0)
(0.0764511 -2.6842e-06 0)
(0.0763916 5.67116e-05 0)
(0.0763365 0.000111354 0)
(0.0762869 0.000161107 0)
(0.0762486 0.000202724 0)
(0.0928367 -0.00217863 0)
(0.0928985 -0.00265593 0)
(0.0932045 -0.00292755 0)
(0.0936706 -0.00311395 0)
(0.0942923 -0.00325781 0)
(0.0950094 -0.00338408 0)
(0.0957888 -0.0035014 0)
(0.0966054 -0.00361277 0)
(0.0974429 -0.00371943 0)
(0.0982901 -0.00382226 0)
(0.0991392 -0.00392225 0)
(0.0999843 -0.00402052 0)
(0.100822 -0.00411825 0)
(0.101648 -0.00421661 0)
(0.102461 -0.00431673 0)
(0.103259 -0.00441966 0)
(0.104041 -0.0045264 0)
(0.104807 -0.0046379 0)
(0.105555 -0.00475505 0)
(0.106286 -0.00487874 0)
(0.106999 -0.00500979 0)
(0.107694 -0.00514902 0)
(0.108371 -0.00529722 0)
(0.109031 -0.00545514 0)
(0.109673 -0.00562352 0)
(0.110298 -0.00580302 0)
(0.110905 -0.00599427 0)
(0.111493 -0.00619778 0)
(0.112064 -0.00641402 0)
(0.112615 -0.00664329 0)
(0.113147 -0.00688577 0)
(0.113658 -0.00714147 0)
(0.114148 -0.00741019 0)
(0.114614 -0.00769149 0)
(0.115054 -0.00798471 0)
(0.115468 -0.00828885 0)
(0.115851 -0.00860263 0)
(0.116201 -0.00892443 0)
(0.116516 -0.00925226 0)
(0.11679 -0.00958376 0)
(0.11702 -0.00991622 0)
(0.117201 -0.0102465 0)
(0.117328 -0.0105712 0)
(0.117395 -0.0108864 0)
(0.117397 -0.0111881 0)
(0.117326 -0.0114717 0)
(0.117176 -0.0117328 0)
(0.116941 -0.0119666 0)
(0.116614 -0.0121681 0)
(0.116186 -0.0123326 0)
(0.115654 -0.0124554 0)
(0.115009 -0.0125321 0)
(0.114247 -0.0125585 0)
(0.113365 -0.0125312 0)
(0.112358 -0.0124474 0)
(0.111228 -0.0123051 0)
(0.109974 -0.0121034 0)
(0.108601 -0.0118425 0)
(0.107113 -0.0115238 0)
(0.105521 -0.0111499 0)
(0.103834 -0.0107246 0)
(0.102065 -0.0102528 0)
(0.100232 -0.00974054 0)
(0.0983497 -0.00919432 0)
(0.0964375 -0.00862138 0)
(0.0945139 -0.00802914 0)
(0.0925979 -0.00742504 0)
(0.0907078 -0.00681627 0)
(0.0888608 -0.00620952 0)
(0.0870725 -0.00561086 0)
(0.0853567 -0.00502553 0)
(0.0837247 -0.00445793 0)
(0.0821857 -0.00391157 0)
(0.0807466 -0.00338906 0)
(0.079412 -0.00289223 0)
(0.0781842 -0.00242217 0)
(0.077064 -0.00197933 0)
(0.0760503 -0.00156364 0)
(0.0751407 -0.00117464 0)
(0.0743318 -0.000811523 0)
(0.0736193 -0.000473293 0)
(0.0729984 -0.000158793 0)
(0.0724637 0.000133208 0)
(0.0720097 0.000403974 0)
(0.0716309 0.000654762 0)
(0.0713217 0.000886796 0)
(0.0710765 0.00110125 0)
(0.0708901 0.00129923 0)
(0.0707573 0.00148177 0)
(0.0706733 0.00164987 0)
(0.0706335 0.00180441 0)
(0.0706336 0.00194623 0)
(0.0706694 0.00207613 0)
(0.0707373 0.0021948 0)
(0.0708336 0.00230293 0)
(0.0709551 0.00240113 0)
(0.0710988 0.00248997 0)
(0.0712618 0.00256998 0)
(0.0714416 0.00264166 0)
(0.0716358 0.00270548 0)
(0.0718423 0.00276185 0)
(0.072059 0.00281119 0)
(0.072284 0.00285385 0)
(0.0725158 0.00289018 0)
(0.0727528 0.00292051 0)
(0.0729935 0.00294513 0)
(0.0732367 0.00296431 0)
(0.0734812 0.0029783 0)
(0.073726 0.00298734 0)
(0.07397 0.00299164 0)
(0.0742125 0.00299138 0)
(0.0744525 0.00298675 0)
(0.0746895 0.0029779 0)
(0.0749226 0.00296497 0)
(0.0751513 0.00294809 0)
(0.0753751 0.00292736 0)
(0.0755935 0.00290289 0)
(0.0758059 0.00287476 0)
(0.0760121 0.00284306 0)
(0.0762115 0.00280784 0)
(0.076404 0.00276917 0)
(0.0765892 0.00272711 0)
(0.0767668 0.0026817 0)
(0.0769366 0.002633 0)
(0.0770984 0.00258106 0)
(0.077252 0.00252591 0)
(0.0773973 0.00246763 0)
(0.0775341 0.00240625 0)
(0.0776624 0.00234184 0)
(0.077782 0.00227447 0)
(0.0778929 0.00220421 0)
(0.0779952 0.00213114 0)
(0.0780887 0.00205535 0)
(0.0781735 0.00197695 0)
(0.0782496 0.00189605 0)
(0.0783171 0.00181278 0)
(0.0783761 0.00172726 0)
(0.0784267 0.00163965 0)
(0.078469 0.00155011 0)
(0.0785032 0.0014588 0)
(0.0785293 0.00136591 0)
(0.0785475 0.00127164 0)
(0.0785581 0.00117619 0)
(0.0785611 0.00107977 0)
(0.0785569 0.000982612 0)
(0.0785455 0.000884954 0)
(0.0785272 0.000787037 0)
(0.0785022 0.000689115 0)
(0.0784707 0.000591449 0)
(0.0784328 0.000494308 0)
(0.0783888 0.000397966 0)
(0.0783389 0.000302704 0)
(0.0782833 0.000208809 0)
(0.078222 0.00011657 0)
(0.0781553 2.62808e-05 0)
(0.0780834 -6.17611e-05 0)
(0.0780063 -0.000147258 0)
(0.0779243 -0.000229911 0)
(0.0778374 -0.000309423 0)
(0.0777457 -0.000385499 0)
(0.0776495 -0.000457847 0)
(0.0775488 -0.000526181 0)
(0.0774436 -0.000590225 0)
(0.0773343 -0.000649709 0)
(0.0772208 -0.00070438 0)
(0.0771032 -0.000753996 0)
(0.0769818 -0.000798334 0)
(0.0768567 -0.00083719 0)
(0.0767281 -0.000870386 0)
(0.0765961 -0.000897767 0)
(0.076461 -0.000919208 0)
(0.076323 -0.000934614 0)
(0.0761824 -0.000943925 0)
(0.0760396 -0.000947117 0)
(0.0758949 -0.000944205 0)
(0.0757487 -0.000935242 0)
(0.0756014 -0.000920324 0)
(0.0754535 -0.000899588 0)
(0.0753055 -0.000873217 0)
(0.0751578 -0.000841433 0)
(0.0750111 -0.000804503 0)
(0.074866 -0.000762735 0)
(0.0747229 -0.000716479 0)
(0.0745826 -0.000666123 0)
(0.0744455 -0.000612093 0)
(0.0743123 -0.000554851 0)
(0.0741836 -0.000494891 0)
(0.0740598 -0.000432741 0)
(0.0739415 -0.000368957 0)
(0.0738292 -0.000304123 0)
(0.0737232 -0.000238851 0)
(0.0736239 -0.000173782 0)
(0.0735317 -0.000109586 0)
(0.0734468 -4.69733e-05 0)
(0.0733694 1.33085e-05 0)
(0.0732997 7.03928e-05 0)
(0.0732377 0.000123433 0)
(0.0731838 0.000171086 0)
(0.0731383 0.000213261 0)
(0.073107 0.000240553 0)
(0.128152 -0.00212907 0)
(0.1281 -0.0026306 0)
(0.128031 -0.00300482 0)
(0.128009 -0.0032815 0)
(0.128036 -0.00349746 0)
(0.128107 -0.0036755 0)
(0.128213 -0.00382884 0)
(0.128342 -0.00396487 0)
(0.128487 -0.004088 0)
(0.128641 -0.0042012 0)
(0.128797 -0.00430676 0)
(0.128953 -0.00440665 0)
(0.129103 -0.00450261 0)
(0.129245 -0.00459626 0)
(0.129377 -0.0046891 0)
(0.129496 -0.0047825 0)
(0.129601 -0.00487778 0)
(0.12969 -0.00497612 0)
(0.129762 -0.00507866 0)
(0.129815 -0.00518646 0)
(0.129849 -0.00530052 0)
(0.129863 -0.00542178 0)
(0.129855 -0.00555112 0)
(0.129825 -0.00568936 0)
(0.129771 -0.00583724 0)
(0.129693 -0.00599545 0)
(0.12959 -0.00616457 0)
(0.129459 -0.00634507 0)
(0.1293 -0.00653732 0)
(0.12911 -0.00674153 0)
(0.128888 -0.00695773 0)
(0.128631 -0.00718578 0)
(0.128338 -0.00742527 0)
(0.128004 -0.00767556 0)
(0.127628 -0.00793573 0)
(0.127205 -0.00820451 0)
(0.126732 -0.00848029 0)
(0.126204 -0.00876111 0)
(0.125616 -0.00904458 0)
(0.124965 -0.00932793 0)
(0.124243 -0.00960797 0)
(0.123446 -0.00988111 0)
(0.122567 -0.0101434 0)
(0.121601 -0.0103905 0)
(0.120539 -0.0106177 0)
(0.119377 -0.0108203 0)
(0.118108 -0.0109934 0)
(0.116726 -0.0111318 0)
(0.115225 -0.0112307 0)
(0.113602 -0.0112854 0)
(0.111854 -0.0112917 0)
(0.10998 -0.011246 0)
(0.107979 -0.0111454 0)
(0.105856 -0.0109878 0)
(0.103616 -0.0107726 0)
(0.101267 -0.0105002 0)
(0.0988206 -0.0101724 0)
(0.0962919 -0.00979253 0)
(0.0936981 -0.00936503 0)
(0.091059 -0.0088957 0)
(0.0883966 -0.00839129 0)
(0.0857343 -0.00785928 0)
(0.083096 -0.00730761 0)
(0.0805053 -0.00674432 0)
(0.0779851 -0.00617728 0)
(0.0755559 -0.00561383 0)
(0.0732362 -0.00506061 0)
(0.071041 -0.00452325 0)
(0.0689824 -0.00400635 0)
(0.0670688 -0.00351334 0)
(0.0653053 -0.00304654 0)
(0.0636941 -0.00260726 0)
(0.0622345 -0.00219589 0)
(0.0609236 -0.00181214 0)
(0.0597568 -0.00145513 0)
(0.0587279 -0.00112362 0)
(0.0578299 -0.000816124 0)
(0.0570552 -0.000531035 0)
(0.0563958 -0.000266729 0)
(0.0558436 -2.16205e-05 0)
(0.0553907 0.00020579 0)
(0.0550295 0.000416893 0)
(0.0547525 0.000612957 0)
(0.0545528 0.00079513 0)
(0.0544238 0.000964439 0)
(0.0543592 0.0011218 0)
(0.0543533 0.00126805 0)
(0.0544008 0.00140391 0)
(0.0544967 0.00153004 0)
(0.0546362 0.00164703 0)
(0.0548153 0.0017554 0)
(0.0550299 0.00185566 0)
(0.0552764 0.00194822 0)
(0.0555514 0.00203349 0)
(0.0558517 0.00211183 0)
(0.0561746 0.0021836 0)
(0.0565173 0.00224908 0)
(0.0568775 0.00230859 0)
(0.0572527 0.00236238 0)
(0.0576411 0.00241072 0)
(0.0580405 0.00245383 0)
(0.0584493 0.00249195 0)
(0.0588658 0.00252527 0)
(0.0592884 0.00255399 0)
(0.0597159 0.00257829 0)
(0.0601468 0.00259833 0)
(0.06058 0.00261428 0)
(0.0610144 0.00262627 0)
(0.061449 0.00263444 0)
(0.0618827 0.00263891 0)
(0.0623148 0.00263978 0)
(0.0627443 0.00263715 0)
(0.0631706 0.00263112 0)
(0.063593 0.00262174 0)
(0.0640107 0.0026091 0)
(0.0644232 0.00259325 0)
(0.0648298 0.00257424 0)
(0.06523 0.00255211 0)
(0.0656234 0.00252691 0)
(0.0660093 0.00249865 0)
(0.0663875 0.00246737 0)
(0.0667574 0.00243309 0)
(0.0671186 0.00239583 0)
(0.0674707 0.00235561 0)
(0.0678134 0.00231246 0)
(0.0681464 0.0022664 0)
(0.0684692 0.00221745 0)
(0.0687817 0.00216565 0)
(0.0690835 0.00211103 0)
(0.0693744 0.00205364 0)
(0.069654 0.00199352 0)
(0.0699223 0.00193075 0)
(0.0701789 0.00186538 0)
(0.0704237 0.0017975 0)
(0.0706565 0.0017272 0)
(0.0708771 0.00165458 0)
(0.0710856 0.00157976 0)
(0.0712816 0.00150286 0)
(0.0714651 0.00142403 0)
(0.0716362 0.00134342 0)
(0.0717946 0.00126119 0)
(0.0719404 0.00117753 0)
(0.0720736 0.00109261 0)
(0.0721941 0.00100665 0)
(0.072302 0.000919846 0)
(0.0723973 0.000832436 0)
(0.0724801 0.000744651 0)
(0.0725503 0.000656735 0)
(0.0726082 0.000568942 0)
(0.0726537 0.000481534 0)
(0.0726871 0.000394783 0)
(0.0727083 0.000308965 0)
(0.0727176 0.000224364 0)
(0.072715 0.000141268 0)
(0.0727007 5.99697e-05 0)
(0.0726749 -1.92358e-05 0)
(0.0726377 -9.60523e-05 0)
(0.0725894 -0.000170184 0)
(0.0725301 -0.000241337 0)
(0.0724601 -0.000309221 0)
(0.0723797 -0.000373551 0)
(0.0722891 -0.000434053 0)
(0.0721886 -0.000490459 0)
(0.0720785 -0.000542517 0)
(0.0719593 -0.000589991 0)
(0.0718313 -0.000632661 0)
(0.071695 -0.000670329 0)
(0.0715508 -0.000702823 0)
(0.0713993 -0.000729995 0)
(0.0712411 -0.000751727 0)
(0.0710767 -0.000767933 0)
(0.070907 -0.000778561 0)
(0.0707326 -0.000783595 0)
(0.0705542 -0.000783055 0)
(0.0703727 -0.000777001 0)
(0.0701891 -0.000765532 0)
(0.0700041 -0.000748786 0)
(0.0698187 -0.00072694 0)
(0.0696339 -0.00070021 0)
(0.0694506 -0.000668849 0)
(0.0692699 -0.000633146 0)
(0.0690926 -0.000593425 0)
(0.0689199 -0.00055004 0)
(0.0687526 -0.000503376 0)
(0.0685916 -0.000453847 0)
(0.0684377 -0.000401888 0)
(0.0682919 -0.00034796 0)
(0.0681547 -0.000292546 0)
(0.0680268 -0.000236147 0)
(0.0679089 -0.000179285 0)
(0.0678012 -0.0001225 0)
(0.0677043 -6.63561e-05 0)
(0.0676183 -1.14437e-05 0)
(0.0675434 4.16063e-05 0)
(0.0674795 9.2147e-05 0)
(0.0674267 0.000139332 0)
(0.0673845 0.000182443 0)
(0.0673528 0.00021979 0)
(0.0673313 0.000252922 0)
(0.0673228 0.000264988 0)
(0.14652 -0.00176889 0)
(0.14627 -0.00217246 0)
(0.145963 -0.00253643 0)
(0.145633 -0.00284988 0)
(0.1453 -0.00311695 0)
(0.144972 -0.00334527 0)
(0.144646 -0.00354181 0)
(0.14432 -0.00371213 0)
(0.143988 -0.00386078 0)
(0.143646 -0.00399153 0)
(0.143292 -0.00410769 0)
(0.142922 -0.00421217 0)
(0.142534 -0.00430762 0)
(0.142127 -0.00439639 0)
(0.141698 -0.00448064 0)
(0.141246 -0.0045623 0)
(0.140771 -0.00464312 0)
(0.140271 -0.00472468 0)
(0.139744 -0.00480842 0)
(0.139191 -0.00489564 0)
(0.138609 -0.00498751 0)
(0.137998 -0.0050851 0)
(0.137357 -0.00518936 0)
(0.136683 -0.00530114 0)
(0.135975 -0.00542117 0)
(0.135232 -0.00555009 0)
(0.134451 -0.00568837 0)
(0.13363 -0.00583639 0)
(0.132767 -0.00599435 0)
(0.131859 -0.00616226 0)
(0.130903 -0.00633996 0)
(0.129895 -0.00652702 0)
(0.128832 -0.0067228 0)
(0.12771 -0.00692632 0)
(0.126524 -0.00713632 0)
(0.12527 -0.00735117 0)
(0.123942 -0.00756886 0)
(0.122536 -0.00778699 0)
(0.121046 -0.00800276 0)
(0.119467 -0.00821295 0)
(0.117792 -0.00841394 0)
(0.116017 -0.00860175 0)
(0.114135 -0.00877209 0)
(0.112142 -0.00892042 0)
(0.110033 -0.00904208 0)
(0.107805 -0.00913237 0)
(0.105455 -0.00918675 0)
(0.102982 -0.00920092 0)
(0.100387 -0.00917108 0)
(0.0976743 -0.00909401 0)
(0.0948491 -0.00896735 0)
(0.0919207 -0.0087897 0)
(0.0889014 -0.00856084 0)
(0.0858069 -0.00828189 0)
(0.0826562 -0.00795538 0)
(0.0794715 -0.00758536 0)
(0.0762777 -0.0071773 0)
(0.0731017 -0.00673802 0)
(0.0699712 -0.00627529 0)
(0.066914 -0.00579758 0)
(0.0639567 -0.00531347 0)
(0.0611234 -0.00483126 0)
(0.058435 -0.00435845 0)
(0.0559083 -0.00390141 0)
(0.0535555 -0.00346512 0)
(0.0513843 -0.00305308 0)
(0.0493983 -0.00266732 0)
(0.0475969 -0.00230859 0)
(0.0459764 -0.00197659 0)
(0.0445304 -0.00167022 0)
(0.043251 -0.00138785 0)
(0.0421286 -0.00112761 0)
(0.0411534 -0.000887506 0)
(0.0403151 -0.000665593 0)
(0.0396035 -0.00046006 0)
(0.0390089 -0.000269262 0)
(0.038522 -9.17424e-05 0)
(0.038134 7.37749e-05 0)
(0.0378368 0.000228398 0)
(0.0376229 0.000373088 0)
(0.0374854 0.000508676 0)
(0.0374178 0.000635881 0)
(0.0374143 0.000755329 0)
(0.0374695 0.000867566 0)
(0.0375784 0.000973065 0)
(0.0377364 0.00107224 0)
(0.0379393 0.00116546 0)
(0.0381831 0.00125304 0)
(0.0384644 0.00133527 0)
(0.0387797 0.00141239 0)
(0.0391259 0.00148462 0)
(0.0395002 0.00155218 0)
(0.0398999 0.00161523 0)
(0.0403226 0.00167395 0)
(0.0407659 0.00172849 0)
(0.0412277 0.00177898 0)
(0.041706 0.00182555 0)
(0.042199 0.00186834 0)
(0.0427048 0.00190745 0)
(0.043222 0.00194299 0)
(0.0437488 0.00197507 0)
(0.0442841 0.00200379 0)
(0.0448263 0.00202924 0)
(0.0453743 0.00205151 0)
(0.0459269 0.00207068 0)
(0.0464829 0.00208683 0)
(0.0470415 0.00210004 0)
(0.0476015 0.00211037 0)
(0.048162 0.00211788 0)
(0.0487223 0.00212263 0)
(0.0492814 0.00212467 0)
(0.0498386 0.00212404 0)
(0.0503932 0.00212078 0)
(0.0509443 0.00211493 0)
(0.0514914 0.00210651 0)
(0.0520338 0.00209554 0)
(0.0525709 0.00208204 0)
(0.0531019 0.00206602 0)
(0.0536265 0.0020475 0)
(0.0541439 0.00202647 0)
(0.0546536 0.00200294 0)
(0.0551552 0.00197691 0)
(0.055648 0.00194839 0)
(0.0561315 0.00191737 0)
(0.0566053 0.00188387 0)
(0.0570688 0.00184789 0)
(0.0575216 0.00180943 0)
(0.0579632 0.00176852 0)
(0.0583932 0.00172518 0)
(0.058811 0.00167943 0)
(0.0592164 0.0016313 0)
(0.0596087 0.00158085 0)
(0.0599878 0.00152813 0)
(0.0603531 0.00147319 0)
(0.0607043 0.00141612 0)
(0.061041 0.001357 0)
(0.0613629 0.00129592 0)
(0.0616697 0.00123299 0)
(0.0619611 0.00116834 0)
(0.0622367 0.00110209 0)
(0.0624964 0.0010344 0)
(0.0627399 0.000965422 0)
(0.0629669 0.000895323 0)
(0.0631774 0.000824288 0)
(0.063371 0.000752508 0)
(0.0635478 0.000680191 0)
(0.0637075 0.000607549 0)
(0.0638501 0.000534809 0)
(0.0639755 0.000462205 0)
(0.0640837 0.000389979 0)
(0.0641747 0.000318382 0)
(0.0642485 0.000247671 0)
(0.0643052 0.000178106 0)
(0.064345 0.000109955 0)
(0.0643679 4.34853e-05 0)
(0.0643742 -2.10328e-05 0)
(0.064364 -8.33305e-05 0)
(0.0643377 -0.000143142 0)
(0.0642955 -0.000200204 0)
(0.0642379 -0.000254262 0)
(0.0641653 -0.000305071 0)
(0.0640782 -0.000352394 0)
(0.0639771 -0.000396012 0)
(0.0638626 -0.00043572 0)
(0.0637354 -0.000471334 0)
(0.0635963 -0.000502688 0)
(0.063446 -0.000529645 0)
(0.0632856 -0.000552091 0)
(0.0631158 -0.000569941 0)
(0.0629377 -0.000583142 0)
(0.0627524 -0.00059167 0)
(0.0625611 -0.000595537 0)
(0.0623648 -0.000594786 0)
(0.062165 -0.000589495 0)
(0.0619627 -0.000579776 0)
(0.0617594 -0.000565772 0)
(0.0615563 -0.000547658 0)
(0.0613548 -0.000525641 0)
(0.0611562 -0.000499952 0)
(0.0609617 -0.000470853 0)
(0.0607727 -0.000438623 0)
(0.0605904 -0.000403568 0)
(0.0604159 -0.000366008 0)
(0.0602502 -0.000326282 0)
(0.0600945 -0.00028474 0)
(0.0599495 -0.000241748 0)
(0.0598161 -0.00019768 0)
(0.0596949 -0.000152923 0)
(0.0595866 -0.000107874 0)
(0.0594915 -6.29376e-05 0)
(0.0594099 -1.85371e-05 0)
(0.059342 2.48901e-05 0)
(0.0592878 6.69005e-05 0)
(0.0592471 0.000106963 0)
(0.0592196 0.000144655 0)
(0.0592049 0.000179166 0)
(0.0592022 0.000210328 0)
(0.0592102 0.000235316 0)
(0.0592289 0.000259951 0)
(0.0592585 0.000261876 0)
(0.145997 -0.00152739 0)
(0.145627 -0.0018715 0)
(0.145179 -0.00219281 0)
(0.144669 -0.0024768 0)
(0.14411 -0.00272042 0)
(0.143509 -0.00292619 0)
(0.14287 -0.00309866 0)
(0.142194 -0.0032428 0)
(0.141481 -0.00336336 0)
(0.140733 -0.00346461 0)
(0.139949 -0.00355036 0)
(0.13913 -0.00362394 0)
(0.138277 -0.00368823 0)
(0.137391 -0.00374577 0)
(0.136472 -0.00379878 0)
(0.13552 -0.0038492 0)
(0.134535 -0.00389874 0)
(0.133517 -0.00394888 0)
(0.132467 -0.00400095 0)
(0.131382 -0.00405609 0)
(0.130262 -0.00411533 0)
(0.129107 -0.00417952 0)
(0.127914 -0.0042494 0)
(0.126681 -0.0043256 0)
(0.125407 -0.00440859 0)
(0.124089 -0.00449873 0)
(0.122725 -0.00459623 0)
(0.121311 -0.00470116 0)
(0.119845 -0.0048134 0)
(0.118321 -0.00493264 0)
(0.116738 -0.00505838 0)
(0.115089 -0.00518986 0)
(0.113372 -0.00532606 0)
(0.111581 -0.00546568 0)
(0.109712 -0.00560709 0)
(0.107759 -0.00574834 0)
(0.105718 -0.00588714 0)
(0.103585 -0.00602084 0)
(0.101354 -0.00614642 0)
(0.0990225 -0.00626058 0)
(0.0965865 -0.00635968 0)
(0.0940437 -0.00643991 0)
(0.091393 -0.00649731 0)
(0.0886348 -0.00652792 0)
(0.0857712 -0.00652794 0)
(0.0828068 -0.00649393 0)
(0.0797489 -0.00642299 0)
(0.0766076 -0.006313 0)
(0.0733965 -0.00616281 0)
(0.0701325 -0.00597248 0)
(0.0668359 -0.00574345 0)
(0.06353 -0.00547859 0)
(0.0602409 -0.00518225 0)
(0.056996 -0.00486017 0)
(0.0538235 -0.0045192 0)
(0.0507508 -0.00416692 0)
(0.0478035 -0.00381113 0)
(0.0450037 -0.00345925 0)
(0.0423697 -0.00311779 0)
(0.0399146 -0.00279192 0)
(0.037647 -0.00248527 0)
(0.0355701 -0.00219985 0)
(0.033683 -0.0019363 0)
(0.0319813 -0.00169414 0)
(0.0304574 -0.00147212 0)
(0.029102 -0.00126857 0)
(0.0279046 -0.00108165 0)
(0.0268542 -0.000909571 0)
(0.0259398 -0.000750692 0)
(0.0251508 -0.000603567 0)
(0.0244772 -0.000466949 0)
(0.0239097 -0.000339766 0)
(0.0234397 -0.00022109 0)
(0.0230596 -0.000110102 0)
(0.022762 -6.07124e-06 0)
(0.0225405 9.16579e-05 0)
(0.0223892 0.000183677 0)
(0.0223027 0.000270515 0)
(0.0222759 0.000352642 0)
(0.0223044 0.000430473 0)
(0.022384 0.000504364 0)
(0.0225108 0.000574621 0)
(0.0226815 0.000641503 0)
(0.0228927 0.000705224 0)
(0.0231414 0.000765961 0)
(0.0234249 0.00082386 0)
(0.0237406 0.000879038 0)
(0.0240862 0.000931588 0)
(0.0244593 0.000981588 0)
(0.024858 0.0010291 0)
(0.0252801 0.00107417 0)
(0.025724 0.00111685 0)
(0.0261879 0.00115716 0)
(0.0266701 0.00119514 0)
(0.0271691 0.00123083 0)
(0.0276834 0.00126424 0)
(0.0282116 0.0012954 0)
(0.0287524 0.00132434 0)
(0.0293046 0.00135109 0)
(0.0298669 0.00137567 0)
(0.0304382 0.00139811 0)
(0.0310175 0.00141844 0)
(0.0316036 0.00143669 0)
(0.0321957 0.00145288 0)
(0.0327926 0.00146705 0)
(0.0333936 0.00147921 0)
(0.0339977 0.0014894 0)
(0.0346042 0.00149763 0)
(0.0352121 0.00150393 0)
(0.0358207 0.00150831 0)
(0.0364292 0.0015108 0)
(0.0370369 0.0015114 0)
(0.0376431 0.00151013 0)
(0.038247 0.00150699 0)
(0.0388481 0.001502 0)
(0.0394454 0.00149514 0)
(0.0400386 0.00148641 0)
(0.0406268 0.00147583 0)
(0.0412094 0.00146338 0)
(0.0417858 0.00144905 0)
(0.0423553 0.00143284 0)
(0.0429174 0.00141474 0)
(0.0434713 0.00139474 0)
(0.0440165 0.00137285 0)
(0.0445523 0.00134905 0)
(0.0450782 0.00132334 0)
(0.0455934 0.00129574 0)
(0.0460975 0.00126624 0)
(0.0465898 0.00123486 0)
(0.0470697 0.00120162 0)
(0.0475366 0.00116654 0)
(0.0479899 0.00112966 0)
(0.048429 0.00109103 0)
(0.0488535 0.00105069 0)
(0.0492627 0.0010087 0)
(0.0496561 0.000965127 0)
(0.0500332 0.000920061 0)
(0.0503936 0.000873588 0)
(0.0507366 0.000825809 0)
(0.0510619 0.000776838 0)
(0.0513691 0.000726795 0)
(0.0516577 0.000675816 0)
(0.0519275 0.000624043 0)
(0.0521779 0.000571631 0)
(0.0524089 0.000518742 0)
(0.0526201 0.000465551 0)
(0.0528113 0.000412237 0)
(0.0529823 0.000358991 0)
(0.053133 0.000306008 0)
(0.0532634 0.00025349 0)
(0.0533735 0.000201645 0)
(0.0534632 0.000150683 0)
(0.0535328 0.000100818 0)
(0.0535823 5.22648e-05 0)
(0.0536121 5.2365e-06 0)
(0.0536223 -4.00548e-05 0)
(0.0536135 -8.34015e-05 0)
(0.0535861 -0.000124602 0)
(0.0535406 -0.000163461 0)
(0.0534777 -0.000199797 0)
(0.053398 -0.000233436 0)
(0.0533023 -0.000264222 0)
(0.0531916 -0.000292013 0)
(0.0530667 -0.000316687 0)
(0.0529288 -0.000338141 0)
(0.0527789 -0.000356294 0)
(0.0526182 -0.000371089 0)
(0.0524481 -0.000382493 0)
(0.0522697 -0.000390498 0)
(0.0520845 -0.000395122 0)
(0.051894 -0.000396408 0)
(0.0516995 -0.000394424 0)
(0.0515026 -0.000389262 0)
(0.0513048 -0.000381039 0)
(0.0511075 -0.000369891 0)
(0.0509122 -0.000355974 0)
(0.0507204 -0.00033946 0)
(0.0505335 -0.000320539 0)
(0.0503528 -0.00029941 0)
(0.0501795 -0.000276286 0)
(0.050015 -0.000251386 0)
(0.0498602 -0.000224937 0)
(0.0497162 -0.000197169 0)
(0.0495839 -0.00016832 0)
(0.049464 -0.000138628 0)
(0.0493573 -0.000108337 0)
(0.0492642 -7.76915e-05 0)
(0.0491851 -4.69445e-05 0)
(0.0491203 -1.63512e-05 0)
(0.04907 1.38213e-05 0)
(0.0490341 4.33047e-05 0)
(0.0490125 7.1803e-05 0)
(0.0490048 9.9033e-05 0)
(0.0490107 0.000124643 0)
(0.0490295 0.000148407 0)
(0.0490604 0.000169511 0)
(0.0491025 0.00018931 0)
(0.0491529 0.000202112 0)
(0.0492124 0.000219614 0)
(0.0492843 0.000222617 0)
(0.126615 -0.00123811 0)
(0.12609 -0.00149258 0)
(0.125461 -0.00173012 0)
(0.124738 -0.00193771 0)
(0.123931 -0.00211079 0)
(0.123049 -0.00225046 0)
(0.1221 -0.00236064 0)
(0.121091 -0.0024462 0)
(0.120027 -0.00251197 0)
(0.118912 -0.00256224 0)
(0.117752 -0.00260067 0)
(0.116552 -0.00263029 0)
(0.115313 -0.0026536 0)
(0.114041 -0.00267269 0)
(0.112735 -0.0026893 0)
(0.111399 -0.0027049 0)
(0.110034 -0.00272075 0)
(0.108639 -0.00273791 0)
(0.107214 -0.00275727 0)
(0.10576 -0.0027796 0)
(0.104275 -0.00280551 0)
(0.102758 -0.00283548 0)
(0.101207 -0.00286989 0)
(0.0996195 -0.00290897 0)
(0.0979933 -0.00295286 0)
(0.0963255 -0.00300155 0)
(0.094613 -0.00305489 0)
(0.0928524 -0.00311259 0)
(0.0910402 -0.00317418 0)
(0.0891725 -0.00323903 0)
(0.0872457 -0.00330631 0)
(0.085256 -0.00337495 0)
(0.0831996 -0.00344369 0)
(0.0810733 -0.00351101 0)
(0.0788739 -0.00357514 0)
(0.0765991 -0.00363407 0)
(0.0742471 -0.00368558 0)
(0.0718173 -0.00372724 0)
(0.0693101 -0.00375648 0)
(0.0667278 -0.00377068 0)
(0.0640742 -0.00376726 0)
(0.0613553 -0.00374385 0)
(0.0585795 -0.00369844 0)
(0.0557576 -0.00362958 0)
(0.0529033 -0.00353658 0)
(0.0500325 -0.00341969 0)
(0.0471638 -0.00328016 0)
(0.0443177 -0.00312032 0)
(0.0415159 -0.00294347 0)
(0.0387808 -0.0027537 0)
(0.0361343 -0.00255559 0)
(0.0335967 -0.0023539 0)
(0.0311859 -0.00215317 0)
(0.0289163 -0.00195739 0)
(0.026798 -0.00176975 0)
(0.024837 -0.00159246 0)
(0.0230351 -0.00142679 0)
(0.0213904 -0.00127313 0)
(0.0198983 -0.00113122 0)
(0.0185523 -0.00100037 0)
(0.0173444 -0.000879671 0)
(0.0162663 -0.000768182 0)
(0.0153091 -0.000665046 0)
(0.0144644 -0.000569531 0)
(0.0137236 -0.000481041 0)
(0.013079 -0.000399085 0)
(0.0125229 -0.000323234 0)
(0.0120486 -0.000253072 0)
(0.0116496 -0.000188167 0)
(0.01132 -0.000128055 0)
(0.0110545 -7.22432e-05 0)
(0.0108482 -2.02265e-05 0)
(0.0106968 2.849e-05 0)
(0.0105961 7.43707e-05 0)
(0.0105425 0.000117833 0)
(0.0105329 0.000159239 0)
(0.0105642 0.000198888 0)
(0.0106339 0.000237024 0)
(0.0107394 0.000273835 0)
(0.0108787 0.000309463 0)
(0.0110496 0.000344012 0)
(0.0112504 0.000377553 0)
(0.0114794 0.000410131 0)
(0.011735 0.000441772 0)
(0.0120158 0.000472486 0)
(0.0123203 0.000502272 0)
(0.0126473 0.000531119 0)
(0.0129955 0.000559012 0)
(0.0133636 0.000585931 0)
(0.0137507 0.000611854 0)
(0.0141556 0.000636755 0)
(0.0145772 0.000660613 0)
(0.0150145 0.000683403 0)
(0.0154664 0.000705105 0)
(0.0159321 0.000725698 0)
(0.0164106 0.000745165 0)
(0.016901 0.000763492 0)
(0.0174023 0.000780666 0)
(0.0179136 0.000796677 0)
(0.0184343 0.00081152 0)
(0.0189632 0.000825189 0)
(0.0194998 0.000837681 0)
(0.0200431 0.000848997 0)
(0.0205924 0.000859136 0)
(0.021147 0.000868101 0)
(0.021706 0.000875894 0)
(0.0222687 0.000882518 0)
(0.0228344 0.000887976 0)
(0.0234025 0.000892271 0)
(0.0239721 0.000895404 0)
(0.0245426 0.000897377 0)
(0.0251134 0.000898189 0)
(0.0256837 0.00089784 0)
(0.0262528 0.000896327 0)
(0.0268202 0.000893647 0)
(0.0273851 0.000889794 0)
(0.0279468 0.000884762 0)
(0.0285047 0.000878544 0)
(0.0290582 0.000871132 0)
(0.0296066 0.00086252 0)
(0.0301491 0.000852697 0)
(0.0306851 0.000841658 0)
(0.031214 0.000829395 0)
(0.0317351 0.000815904 0)
(0.0322476 0.000801181 0)
(0.032751 0.000785226 0)
(0.0332445 0.000768041 0)
(0.0337274 0.000749633 0)
(0.034199 0.000730013 0)
(0.0346588 0.000709196 0)
(0.0351059 0.000687203 0)
(0.0355398 0.000664062 0)
(0.0359598 0.000639806 0)
(0.0363653 0.000614474 0)
(0.0367555 0.000588114 0)
(0.03713 0.00056078 0)
(0.0374881 0.000532534 0)
(0.0378292 0.000503446 0)
(0.0381529 0.000473593 0)
(0.0384586 0.00044306 0)
(0.0387459 0.00041194 0)
(0.0390144 0.000380333 0)
(0.0392636 0.000348344 0)
(0.0394932 0.000316089 0)
(0.0397031 0.000283685 0)
(0.0398929 0.000251257 0)
(0.0400624 0.000218936 0)
(0.0402117 0.000186854 0)
(0.0403407 0.000155148 0)
(0.0404493 0.000123957 0)
(0.0405378 9.34204e-05 0)
(0.0406064 6.36772e-05 0)
(0.0406553 3.48658e-05 0)
(0.0406849 7.12137e-06 0)
(0.0406956 -1.94247e-05 0)
(0.040688 -4.46466e-05 0)
(0.0406627 -6.84254e-05 0)
(0.0406204 -9.06504e-05 0)
(0.0405619 -0.000111221 0)
(0.0404882 -0.000130046 0)
(0.0404001 -0.000147049 0)
(0.0402987 -0.000162165 0)
(0.0401852 -0.000175345 0)
(0.0400606 -0.000186551 0)
(0.0399263 -0.000195766 0)
(0.0397836 -0.000202984 0)
(0.0396337 -0.000208217 0)
(0.039478 -0.000211491 0)
(0.039318 -0.000212848 0)
(0.039155 -0.000212343 0)
(0.0389904 -0.000210041 0)
(0.0388255 -0.000206023 0)
(0.0386618 -0.000200377 0)
(0.0385005 -0.0001932 0)
(0.0383429 -0.000184594 0)
(0.0381902 -0.00017467 0)
(0.0380436 -0.00016354 0)
(0.0379041 -0.000151319 0)
(0.0377726 -0.000138125 0)
(0.0376502 -0.000124075 0)
(0.0375375 -0.000109287 0)
(0.0374353 -9.38796e-05 0)
(0.0373442 -7.79704e-05 0)
(0.0372648 -6.16774e-05 0)
(0.0371973 -4.51196e-05 0)
(0.0371422 -2.84177e-05 0)
(0.0370996 -1.16951e-05 0)
(0.0370696 4.92137e-06 0)
(0.0370522 2.12967e-05 0)
(0.0370474 3.72972e-05 0)
(0.0370547 5.27613e-05 0)
(0.0370741 6.75595e-05 0)
(0.0371049 8.15048e-05 0)
(0.0371466 9.4362e-05 0)
(0.0371986 0.000106489 0)
(0.0372593 0.00011586 0)
(0.0373294 0.000127719 0)
(0.0374044 0.000131115 0)
(0.0374824 0.000142207 0)
(0.0375836 0.000156609 0)
(0.0882148 -0.00080829 0)
(0.0875114 -0.000963778 0)
(0.0866878 -0.00109465 0)
(0.0857572 -0.00119327 0)
(0.0847365 -0.00125952 0)
(0.0836428 -0.00129808 0)
(0.0824913 -0.00131551 0)
(0.0812945 -0.00131823 0)
(0.0800626 -0.00131154 0)
(0.0788037 -0.00129935 0)
(0.0775239 -0.00128443 0)
(0.0762276 -0.00126861 0)
(0.074918 -0.00125312 0)
(0.0735974 -0.00123881 0)
(0.0722669 -0.00122627 0)
(0.0709271 -0.00121592 0)
(0.0695778 -0.00120807 0)
(0.0682185 -0.00120293 0)
(0.066848 -0.00120062 0)
(0.0654649 -0.00120117 0)
(0.0640674 -0.00120458 0)
(0.0626534 -0.00121074 0)
(0.0612205 -0.0012195 0)
(0.0597663 -0.00123064 0)
(0.0582883 -0.00124387 0)
(0.0567839 -0.00125883 0)
(0.0552504 -0.00127509 0)
(0.0536855 -0.00129213 0)
(0.0520869 -0.00130939 0)
(0.0504527 -0.00132618 0)
(0.0487814 -0.00134176 0)
(0.0470721 -0.00135532 0)
(0.0453244 -0.00136599 0)
(0.0435389 -0.00137285 0)
(0.0417173 -0.00137498 0)
(0.0398621 -0.00137148 0)
(0.0379773 -0.00136151 0)
(0.0360684 -0.00134437 0)
(0.0341421 -0.00131952 0)
(0.0322067 -0.00128667 0)
(0.0302718 -0.0012458 0)
(0.0283483 -0.00119727 0)
(0.0264477 -0.00114178 0)
(0.0245824 -0.00108041 0)
(0.0227643 -0.00101456 0)
(0.0210051 -0.000945896 0)
(0.0193154 -0.000876166 0)
(0.0177043 -0.000807088 0)
(0.0161795 -0.000740156 0)
(0.0147465 -0.000676485 0)
(0.0134092 -0.000616682 0)
(0.0121696 -0.00056081 0)
(0.0110279 -0.00050844 0)
(0.00998318 -0.000458831 0)
(0.00903281 -0.000411192 0)
(0.00817331 -0.000364962 0)
(0.00740032 -0.000320005 0)
(0.00670889 -0.000276637 0)
(0.00609377 -0.000235497 0)
(0.00554956 -0.000197311 0)
(0.00507094 -0.000162666 0)
(0.00465277 -0.000131854 0)
(0.00429018 -0.000104836 0)
(0.00397862 -8.12878e-05 0)
(0.00371387 -6.0708e-05 0)
(0.00349208 -4.2528e-05 0)
(0.00330974 -2.62009e-05 0)
(0.00316369 -1.12556e-05 0)
(0.00305108 2.68138e-06 0)
(0.00296937 1.58889e-05 0)
(0.00291634 2.85661e-05 0)
(0.00289003 4.08514e-05 0)
(0.00288874 5.28414e-05 0)
(0.00291099 6.46043e-05 0)
(0.0029555 7.61905e-05 0)
(0.00302118 8.76383e-05 0)
(0.00310706 9.89772e-05 0)
(0.0032123 0.00011023 0)
(0.00333616 0.000121411 0)
(0.00347795 0.00013253 0)
(0.00363707 0.000143588 0)
(0.00381295 0.000154581 0)
(0.00400504 0.000165499 0)
(0.00421283 0.000176327 0)
(0.00443583 0.000187044 0)
(0.00467353 0.000197627 0)
(0.00492544 0.000208051 0)
(0.00519106 0.000218289 0)
(0.00546991 0.000228312 0)
(0.00576147 0.000238092 0)
(0.00606524 0.000247601 0)
(0.00638069 0.000256812 0)
(0.0067073 0.0002657 0)
(0.00704453 0.000274239 0)
(0.00739185 0.000282409 0)
(0.00774869 0.00029019 0)
(0.00811452 0.000297562 0)
(0.00848877 0.000304512 0)
(0.00887088 0.000311025 0)
(0.00926029 0.00031709 0)
(0.00965643 0.000322697 0)
(0.0100587 0.000327838 0)
(0.0104666 0.000332508 0)
(0.0108796 0.000336701 0)
(0.011297 0.000340414 0)
(0.0117184 0.000343644 0)
(0.0121431 0.000346388 0)
(0.0125706 0.000348646 0)
(0.0130004 0.000350416 0)
(0.0134318 0.000351697 0)
(0.0138644 0.000352487 0)
(0.0142976 0.000352785 0)
(0.0147308 0.00035259 0)
(0.0151635 0.000351899 0)
(0.0155951 0.000350711 0)
(0.016025 0.000349022 0)
(0.0164528 0.00034683 0)
(0.0168778 0.000344131 0)
(0.0172994 0.000340923 0)
(0.0177172 0.000337203 0)
(0.0181304 0.000332967 0)
(0.0185385 0.000328214 0)
(0.018941 0.000322942 0)
(0.0193372 0.00031715 0)
(0.0197265 0.00031084 0)
(0.0201084 0.000304013 0)
(0.0204823 0.000296675 0)
(0.0208475 0.00028883 0)
(0.0212034 0.000280488 0)
(0.0215496 0.000271661 0)
(0.0218853 0.000262361 0)
(0.0222101 0.000252607 0)
(0.0225234 0.000242418 0)
(0.0228246 0.000231818 0)
(0.0231132 0.000220835 0)
(0.0233888 0.000209499 0)
(0.0236508 0.000197843 0)
(0.023899 0.000185905 0)
(0.0241327 0.000173726 0)
(0.0243518 0.000161349 0)
(0.0245558 0.000148821 0)
(0.0247446 0.000136192 0)
(0.0249178 0.000123512 0)
(0.0250754 0.000110834 0)
(0.0252172 9.82146e-05 0)
(0.0253432 8.57086e-05 0)
(0.0254534 7.33727e-05 0)
(0.0255479 6.12632e-05 0)
(0.0256268 4.9436e-05 0)
(0.0256903 3.79459e-05 0)
(0.0257388 2.68459e-05 0)
(0.0257725 1.6187e-05 0)
(0.025792 6.01691e-06 0)
(0.0257977 -3.61965e-06 0)
(0.0257902 -1.26821e-05 0)
(0.0257701 -2.11341e-05 0)
(0.025738 -2.89442e-05 0)
(0.0256948 -3.60861e-05 0)
(0.0256412 -4.25388e-05 0)
(0.0255781 -4.82872e-05 0)
(0.0255064 -5.33215e-05 0)
(0.0254269 -5.76378e-05 0)
(0.0253407 -6.12377e-05 0)
(0.0252487 -6.41283e-05 0)
(0.0251519 -6.63214e-05 0)
(0.0250513 -6.78338e-05 0)
(0.0249479 -6.86864e-05 0)
(0.0248426 -6.89037e-05 0)
(0.0247364 -6.85136e-05 0)
(0.0246303 -6.75464e-05 0)
(0.0245251 -6.60346e-05 0)
(0.0244218 -6.40123e-05 0)
(0.0243211 -6.15146e-05 0)
(0.0242238 -5.85773e-05 0)
(0.0241306 -5.52364e-05 0)
(0.0240422 -5.1528e-05 0)
(0.0239593 -4.74877e-05 0)
(0.0238823 -4.31509e-05 0)
(0.0238119 -3.85521e-05 0)
(0.0237483 -3.37257e-05 0)
(0.0236921 -2.87056e-05 0)
(0.0236435 -2.35255e-05 0)
(0.0236027 -1.82193e-05 0)
(0.0235701 -1.28214e-05 0)
(0.0235457 -7.36761e-06 0)
(0.0235297 -1.89508e-06 0)
(0.0235219 3.55621e-06 0)
(0.0235225 8.94416e-06 0)
(0.0235313 1.42209e-05 0)
(0.0235482 1.93378e-05 0)
(0.0235728 2.42436e-05 0)
(0.0236049 2.88506e-05 0)
(0.0236442 3.32483e-05 0)
(0.0236898 3.68954e-05 0)
(0.0237418 4.12468e-05 0)
(0.0237989 4.27248e-05 0)
(0.0238598 4.92228e-05 0)
(0.0239298 4.90475e-05 0)
(0.0239849 5.41254e-05 0)
(0.0240872 8.21541e-05 0)
(0.0327182 -0.000235662 0)
(0.0321158 -0.000258756 0)
(0.0314518 -0.00026124 0)
(0.0307524 -0.000246991 0)
(0.0300386 -0.000223044 0)
(0.0293237 -0.00019641 0)
(0.0286145 -0.000172037 0)
(0.0279141 -0.000152339 0)
(0.0272233 -0.000137744 0)
(0.0265422 -0.000127566 0)
(0.0258704 -0.000120727 0)
(0.0252074 -0.000116209 0)
(0.0245527 -0.000113233 0)
(0.0239052 -0.000111284 0)
(0.0232641 -0.000110049 0)
(0.0226281 -0.000109347 0)
(0.021996 -0.000109069 0)
(0.0213662 -0.000109133 0)
(0.0207374 -0.000109466 0)
(0.0201081 -0.000109995 0)
(0.019477 -0.000110638 0)
(0.0188427 -0.000111312 0)
(0.0182041 -0.000111926 0)
(0.01756 -0.000112385 0)
(0.0169097 -0.000112592 0)
(0.0162525 -0.000112449 0)
(0.0155879 -0.000111857 0)
(0.0149158 -0.000110725 0)
(0.0142365 -0.000108969 0)
(0.0135503 -0.000106521 0)
(0.0128582 -0.00010334 0)
(0.0121614 -9.94132e-05 0)
(0.0114615 -9.47713e-05 0)
(0.0107605 -8.94923e-05 0)
(0.0100607 -8.37067e-05 0)
(0.00936483 -7.75977e-05 0)
(0.00867578 -7.13923e-05 0)
(0.00799671 -6.53446e-05 0)
(0.00733089 -5.97075e-05 0)
(0.00668167 -5.46946e-05 0)
(0.00605237 -5.04375e-05 0)
(0.0054462 -4.69452e-05 0)
(0.0048662 -4.40796e-05 0)
(0.00431514 -4.15572e-05 0)
(0.00379542 -3.89872e-05 0)
(0.00330901 -3.59449e-05 0)
(0.0028573 -3.20658e-05 0)
(0.00244102 -2.71393e-05 0)
(0.00206023 -2.11731e-05 0)
(0.00171425 -1.44088e-05 0)
(0.0014018 -7.28097e-06 0)
(0.00112112 -3.30026e-07 0)
(0.000870181 5.9083e-06 0)
(0.000646938 1.10054e-05 0)
(0.000449474 1.47088e-05 0)
(0.000276082 1.69645e-05 0)
(0.000125225 1.78957e-05 0)
(-4.57544e-06 1.77538e-05 0)
(-0.00011485 1.68579e-05 0)
(-0.000207246 1.55379e-05 0)
(-0.000283503 1.40883e-05 0)
(-0.00034538 1.27384e-05 0)
(-0.000394549 1.16375e-05 0)
(-0.000432509 1.08549e-05 0)
(-0.000460533 1.03924e-05 0)
(-0.000479658 1.02039e-05 0)
(-0.000490704 1.02176e-05 0)
(-0.000494308 1.03568e-05 0)
(-0.000490968 1.0555e-05 0)
(-0.000481074 1.07653e-05 0)
(-0.000464933 1.09622e-05 0)
(-0.000442785 1.11395e-05 0)
(-0.000414819 1.13053e-05 0)
(-0.000381174 1.14761e-05 0)
(-0.00034195 1.16712e-05 0)
(-0.000297212 1.19092e-05 0)
(-0.000246997 1.22049e-05 0)
(-0.00019132 1.25686e-05 0)
(-0.000130183 1.30056e-05 0)
(-6.35775e-05 1.35169e-05 0)
(8.50675e-06 1.40999e-05 0)
(8.60775e-05 1.47494e-05 0)
(0.000169136 1.54584e-05 0)
(0.000257672 1.62187e-05 0)
(0.000351664 1.70217e-05 0)
(0.000451074 1.78586e-05 0)
(0.000555848 1.87208e-05 0)
(0.000665914 1.95998e-05 0)
(0.000781185 2.04877e-05 0)
(0.000901554 2.13769e-05 0)
(0.0010269 2.22605e-05 0)
(0.00115708 2.31319e-05 0)
(0.00129194 2.39851e-05 0)
(0.00143131 2.48145e-05 0)
(0.001575 2.56151e-05 0)
(0.00172283 2.63825e-05 0)
(0.00187458 2.71127e-05 0)
(0.00203004 2.78023e-05 0)
(0.00218898 2.84481e-05 0)
(0.00235118 2.90478e-05 0)
(0.00251639 2.95991e-05 0)
(0.00268437 3.01005e-05 0)
(0.00285488 3.05507e-05 0)
(0.00302767 3.09486e-05 0)
(0.00320247 3.12938e-05 0)
(0.00337906 3.15858e-05 0)
(0.00355715 3.18244e-05 0)
(0.00373651 3.20098e-05 0)
(0.00391688 3.21421e-05 0)
(0.00409799 3.22217e-05 0)
(0.0042796 3.22488e-05 0)
(0.00446145 3.2224e-05 0)
(0.00464327 3.21477e-05 0)
(0.00482481 3.20204e-05 0)
(0.00500582 3.18424e-05 0)
(0.00518603 3.16143e-05 0)
(0.00536518 3.13365e-05 0)
(0.00554302 3.10094e-05 0)
(0.00571927 3.06334e-05 0)
(0.00589367 3.0209e-05 0)
(0.00606596 2.97366e-05 0)
(0.00623587 2.92168e-05 0)
(0.00640314 2.86503e-05 0)
(0.00656749 2.80378e-05 0)
(0.00672866 2.73803e-05 0)
(0.00688638 2.66789e-05 0)
(0.0070404 2.5935e-05 0)
(0.00719044 2.51502e-05 0)
(0.00733627 2.43263e-05 0)
(0.00747761 2.34657e-05 0)
(0.00761424 2.25707e-05 0)
(0.00774592 2.16442e-05 0)
(0.00787242 2.06895e-05 0)
(0.00799354 1.97098e-05 0)
(0.00810907 1.8709e-05 0)
(0.00821883 1.76912e-05 0)
(0.00832267 1.66606e-05 0)
(0.00842043 1.56217e-05 0)
(0.00851198 1.45792e-05 0)
(0.00859724 1.35377e-05 0)
(0.00867611 1.25022e-05 0)
(0.00874854 1.14773e-05 0)
(0.00881451 1.04679e-05 0)
(0.00887402 9.4783e-06 0)
(0.00892709 8.513e-06 0)
(0.00897378 7.57602e-06 0)
(0.00901417 6.6711e-06 0)
(0.00904837 5.80158e-06 0)
(0.00907653 4.97043e-06 0)
(0.00909881 4.18012e-06 0)
(0.00911541 3.43268e-06 0)
(0.00912654 2.72965e-06 0)
(0.00913245 2.07212e-06 0)
(0.00913341 1.46069e-06 0)
(0.00912969 8.95546e-07 0)
(0.0091216 3.76477e-07 0)
(0.00910946 -9.7093e-08 0)
(0.00909361 -5.26047e-07 0)
(0.00907438 -9.11531e-07 0)
(0.00905211 -1.25491e-06 0)
(0.00902718 -1.5577e-06 0)
(0.00899993 -1.82156e-06 0)
(0.00897073 -2.04824e-06 0)
(0.00893992 -2.23953e-06 0)
(0.00890785 -2.39725e-06 0)
(0.00887486 -2.52325e-06 0)
(0.00884129 -2.61936e-06 0)
(0.00880745 -2.68738e-06 0)
(0.00877365 -2.72907e-06 0)
(0.00874018 -2.74617e-06 0)
(0.00870731 -2.74033e-06 0)
(0.00867531 -2.71314e-06 0)
(0.00864441 -2.6661e-06 0)
(0.00861484 -2.60061e-06 0)
(0.0085868 -2.51797e-06 0)
(0.00856049 -2.41937e-06 0)
(0.00853607 -2.30589e-06 0)
(0.0085137 -2.17853e-06 0)
(0.00849352 -2.03818e-06 0)
(0.00847564 -1.88572e-06 0)
(0.00846017 -1.722e-06 0)
(0.00844721 -1.54793e-06 0)
(0.00843681 -1.36454e-06 0)
(0.00842903 -1.17304e-06 0)
(0.00842391 -9.74949e-07 0)
(0.00842147 -7.72184e-07 0)
(0.00842171 -5.67118e-07 0)
(0.00842461 -3.62876e-07 0)
(0.00843012 -1.62355e-07 0)
(0.00843818 2.78341e-08 0)
(0.00844868 2.13013e-07 0)
(0.00846151 3.60843e-07 0)
(0.00847646 5.60032e-07 0)
(0.00849365 5.8924e-07 0)
(0.00851188 1.04493e-06 0)
(0.00853425 8.14819e-07 0)
(0.00855188 2.22673e-06 0)
(0.0085872 2.92898e-06 0)
(0.00859361 4.21889e-06 0)
(0.0086638 2.09029e-05 0)
)
;

boundaryField
{
    inlet
    {
        type            fixedProfile;
        profile         table
        
21
(
(0 (0 0 0))
(0.05 (0.0285 0 0))
(0.1 (0.054 0 0))
(0.15 (0.0765 0 0))
(0.2 (0.096 0 0))
(0.25 (0.1125 0 0))
(0.3 (0.126 0 0))
(0.35 (0.1365 0 0))
(0.4 (0.144 0 0))
(0.45 (0.1485 0 0))
(0.5 (0.15 0 0))
(0.55 (0.1485 0 0))
(0.6 (0.144 0 0))
(0.65 (0.1365 0 0))
(0.7 (0.126 0 0))
(0.75 (0.1125 0 0))
(0.8 (0.096 0 0))
(0.85 (0.0765 0 0))
(0.9 (0.054 0 0))
(0.95 (0.0285 0 0))
(1 (0 0 0))
)
;
        direction       (0 1 0);
        origin          1;
        value           nonuniform List<vector> 8((0.034875 0 0) (0.091125 0 0) (0.128625 0 0) (0.147375 0 0) (0.147375 0 0) (0.128625 0 0) (0.091125 0 0) (0.034875 0 0));
    }
    outlet
    {
        type            zeroGradient;
    }
    walls
    {
        type            noSlip;
    }
    symwall
    {
        type            empty;
    }
}


// ************************************************************************* //
