/*--------------------------------*- C++ -*----------------------------------*\
| =========                 |                                                 |
| \\      /  F ield         | OpenFOAM: The Open Source CFD Toolbox           |
|  \\    /   O peration     | Version:  4.1                                   |
|   \\  /    A nd           | Web:      www.OpenFOAM.org                      |
|    \\/     M anipulation  |                                                 |
\*---------------------------------------------------------------------------*/
FoamFile
{
    version     2.0;
    format      ascii;
    class       volVectorField;
    location    "562";
    object      U;
}
// * * * * * * * * * * * * * * * * * * * * * * * * * * * * * * * * * * * * * //

dimensions      [0 1 -1 0 0 0 0];

internalField   nonuniform List<vector> 
3264
(
(-2.64041e-06 -4.96789e-07 0)
(-0.000133131 3.0549e-05 0)
(-0.000389766 4.86529e-05 0)
(-0.000677092 5.09903e-05 0)
(-0.000979157 5.27162e-05 0)
(-0.00128535 5.21222e-05 0)
(-0.00159035 5.34247e-05 0)
(-0.00189553 5.40716e-05 0)
(-0.00219632 5.51813e-05 0)
(-0.00249344 5.58157e-05 0)
(-0.00278435 5.63859e-05 0)
(-0.00306928 5.66486e-05 0)
(-0.00334719 5.6768e-05 0)
(-0.0036182 5.67081e-05 0)
(-0.00388204 5.6545e-05 0)
(-0.00413888 5.62944e-05 0)
(-0.00438878 5.59993e-05 0)
(-0.00463197 5.56833e-05 0)
(-0.00486864 5.53746e-05 0)
(-0.00509908 5.50944e-05 0)
(-0.00532353 5.48635e-05 0)
(-0.00554226 5.46987e-05 0)
(-0.00575554 5.4615e-05 0)
(-0.00596357 5.46238e-05 0)
(-0.00616654 5.47333e-05 0)
(-0.00636458 5.49471e-05 0)
(-0.00655773 5.52637e-05 0)
(-0.00674594 5.5675e-05 0)
(-0.00692906 5.61656e-05 0)
(-0.00710676 5.67115e-05 0)
(-0.00727861 5.7279e-05 0)
(-0.00744395 5.78243e-05 0)
(-0.00760197 5.82931e-05 0)
(-0.00775164 5.86206e-05 0)
(-0.0078917 5.87324e-05 0)
(-0.00802072 5.85458e-05 0)
(-0.00813701 5.7972e-05 0)
(-0.00823873 5.69186e-05 0)
(-0.00832385 5.52932e-05 0)
(-0.00839018 5.30068e-05 0)
(-0.00843545 4.99779e-05 0)
(-0.00845732 4.61366e-05 0)
(-0.00845342 4.14281e-05 0)
(-0.00842144 3.58162e-05 0)
(-0.00835915 2.92861e-05 0)
(-0.00826448 2.18463e-05 0)
(-0.00813557 1.35297e-05 0)
(-0.0079708 4.39389e-06 0)
(-0.00776889 -5.47943e-06 0)
(-0.0075289 -1.5986e-05 0)
(-0.00725025 -2.70012e-05 0)
(-0.00693281 -3.83826e-05 0)
(-0.00657688 -4.99738e-05 0)
(-0.0061832 -6.16075e-05 0)
(-0.00575295 -7.311e-05 0)
(-0.00528779 -8.43049e-05 0)
(-0.00478978 -9.50175e-05 0)
(-0.00426142 -0.000105079 0)
(-0.00370557 -0.000114329 0)
(-0.00312546 -0.000122623 0)
(-0.00252462 -0.000129831 0)
(-0.00190684 -0.000135843 0)
(-0.00127611 -0.000140573 0)
(-0.000636598 -0.000143957 0)
(7.46268e-06 -0.00014596 0)
(0.00065179 -0.000146572 0)
(0.00129214 -0.000145809 0)
(0.00192435 -0.000143715 0)
(0.00254441 -0.00014036 0)
(0.00314855 -0.000135835 0)
(0.00373321 -0.000130253 0)
(0.00429518 -0.000123743 0)
(0.0048316 -0.000116449 0)
(0.00533996 -0.000108523 0)
(0.00581821 -0.000100123 0)
(0.00626467 -9.14055e-05 0)
(0.00667814 -8.25267e-05 0)
(0.00705782 -7.36329e-05 0)
(0.00740335 -6.48602e-05 0)
(0.00771474 -5.63307e-05 0)
(0.00799239 -4.81502e-05 0)
(0.00823704 -4.04071e-05 0)
(0.00844973 -3.31715e-05 0)
(0.00863176 -2.64948e-05 0)
(0.00878463 -2.0411e-05 0)
(0.00891005 -1.49372e-05 0)
(0.00900982 -1.00757e-05 0)
(0.00908586 -5.81587e-06 0)
(0.00914014 -2.13605e-06 0)
(0.00917462 9.93867e-07 0)
(0.00919126 3.61042e-06 0)
(0.00919199 5.75449e-06 0)
(0.00917867 7.46945e-06 0)
(0.00915305 8.79952e-06 0)
(0.00911682 9.78844e-06 0)
(0.00907155 1.04784e-05 0)
(0.00901869 1.09094e-05 0)
(0.00895959 1.11184e-05 0)
(0.00889547 1.11394e-05 0)
(0.00882743 1.10029e-05 0)
(0.00875649 1.07363e-05 0)
(0.00868351 1.03637e-05 0)
(0.0086093 9.90621e-06 0)
(0.00853455 9.38229e-06 0)
(0.00845986 8.8078e-06 0)
(0.00838574 8.19643e-06 0)
(0.00831266 7.55985e-06 0)
(0.00824098 6.90802e-06 0)
(0.00817102 6.24936e-06 0)
(0.00810305 5.59098e-06 0)
(0.00803728 4.93883e-06 0)
(0.00797387 4.29786e-06 0)
(0.00791296 3.67216e-06 0)
(0.00785463 3.06503e-06 0)
(0.00779897 2.47914e-06 0)
(0.00774601 1.91656e-06 0)
(0.00769577 1.37887e-06 0)
(0.00764825 8.6717e-07 0)
(0.00760344 3.82219e-07 0)
(0.00756131 -7.55856e-08 0)
(0.00752183 -5.06134e-07 0)
(0.00748494 -9.09566e-07 0)
(0.00745061 -1.28624e-06 0)
(0.00741876 -1.6367e-06 0)
(0.00738935 -1.96165e-06 0)
(0.0073623 -2.26191e-06 0)
(0.00733756 -2.53842e-06 0)
(0.00731506 -2.79221e-06 0)
(0.00729473 -3.02436e-06 0)
(0.00727652 -3.23601e-06 0)
(0.00726036 -3.42836e-06 0)
(0.00724618 -3.60261e-06 0)
(0.00723394 -3.75999e-06 0)
(0.00722359 -3.90173e-06 0)
(0.00721505 -4.02905e-06 0)
(0.0072083 -4.14319e-06 0)
(0.00720328 -4.24533e-06 0)
(0.00719994 -4.33666e-06 0)
(0.00719825 -4.41834e-06 0)
(0.00719818 -4.49148e-06 0)
(0.00719968 -4.55719e-06 0)
(0.00720272 -4.6165e-06 0)
(0.00720728 -4.67043e-06 0)
(0.00721333 -4.71995e-06 0)
(0.00722085 -4.76598e-06 0)
(0.00722981 -4.80938e-06 0)
(0.0072402 -4.85098e-06 0)
(0.00725199 -4.89156e-06 0)
(0.00726519 -4.93183e-06 0)
(0.00727976 -4.97245e-06 0)
(0.0072957 -5.01405e-06 0)
(0.007313 -5.05718e-06 0)
(0.00733165 -5.10233e-06 0)
(0.00735164 -5.14996e-06 0)
(0.00737296 -5.20044e-06 0)
(0.0073956 -5.25411e-06 0)
(0.00741956 -5.31122e-06 0)
(0.00744482 -5.37199e-06 0)
(0.00747139 -5.43656e-06 0)
(0.00749924 -5.50501e-06 0)
(0.00752837 -5.57736e-06 0)
(0.00755876 -5.65357e-06 0)
(0.0075904 -5.73351e-06 0)
(0.00762327 -5.817e-06 0)
(0.00765736 -5.90381e-06 0)
(0.00769264 -5.99362e-06 0)
(0.00772908 -6.08604e-06 0)
(0.00776666 -6.18063e-06 0)
(0.00780534 -6.27689e-06 0)
(0.00784509 -6.37425e-06 0)
(0.00788585 -6.47208e-06 0)
(0.00792759 -6.56972e-06 0)
(0.00797025 -6.66646e-06 0)
(0.00801377 -6.76157e-06 0)
(0.00805809 -6.85429e-06 0)
(0.00810314 -6.94387e-06 0)
(0.00814885 -7.02954e-06 0)
(0.00819513 -7.11061e-06 0)
(0.00824191 -7.18639e-06 0)
(0.00828909 -7.2563e-06 0)
(0.00833658 -7.31981e-06 0)
(0.00838428 -7.37653e-06 0)
(0.0084321 -7.42621e-06 0)
(0.00847992 -7.46875e-06 0)
(0.00852766 -7.50424e-06 0)
(0.00857521 -7.53302e-06 0)
(0.00862247 -7.55578e-06 0)
(0.00866933 -7.57337e-06 0)
(0.00871572 -7.58822e-06 0)
(0.00876154 -7.60068e-06 0)
(0.00880672 -7.62302e-06 0)
(0.00885123 -7.63936e-06 0)
(0.00889494 -7.73276e-06 0)
(0.00893818 -7.74168e-06 0)
(0.00898003 -8.17663e-06 0)
(0.00902378 -8.11037e-06 0)
(0.00906114 -9.57794e-06 0)
(0.00911531 -1.05647e-05 0)
(0.00913679 -1.11845e-05 0)
(0.0092302 -2.94074e-05 0)
(-8.33885e-05 0.000136344 0)
(-0.000583152 0.00037924 0)
(-0.00131197 0.000518428 0)
(-0.00208714 0.000562666 0)
(-0.00286763 0.000583826 0)
(-0.00363662 0.000585771 0)
(-0.00438083 0.000585992 0)
(-0.0051032 0.000579631 0)
(-0.0057966 0.000571095 0)
(-0.00646328 0.000559388 0)
(-0.00710062 0.000546312 0)
(-0.00771013 0.000532068 0)
(-0.00829156 0.000517396 0)
(-0.00884612 0.000502549 0)
(-0.00937445 0.000487828 0)
(-0.00987761 0.000473383 0)
(-0.0103564 0.000459338 0)
(-0.0108118 0.00044576 0)
(-0.0112446 0.000432691 0)
(-0.0116553 0.000420141 0)
(-0.0120447 0.000408099 0)
(-0.0124132 0.000396529 0)
(-0.012761 0.000385369 0)
(-0.0130884 0.000374532 0)
(-0.0133952 0.000363898 0)
(-0.0136812 0.000353317 0)
(-0.0139459 0.000342606 0)
(-0.0141885 0.000331545 0)
(-0.0144081 0.000319878 0)
(-0.0146034 0.000307317 0)
(-0.0147728 0.000293543 0)
(-0.0149145 0.00027821 0)
(-0.0150263 0.000260956 0)
(-0.015106 0.00024141 0)
(-0.0151508 0.000219203 0)
(-0.0151581 0.000193979 0)
(-0.0151249 0.000165411 0)
(-0.015048 0.000133213 0)
(-0.0149246 9.71532e-05 0)
(-0.0147515 5.70641e-05 0)
(-0.0145258 1.28564e-05 0)
(-0.0142447 -3.54746e-05 0)
(-0.0139057 -8.78431e-05 0)
(-0.0135065 -0.000144069 0)
(-0.0130451 -0.000203879 0)
(-0.0125202 -0.000266905 0)
(-0.0119307 -0.000332697 0)
(-0.011276 -0.000400719 0)
(-0.0105561 -0.000470371 0)
(-0.00977151 -0.000540987 0)
(-0.00892343 -0.000611858 0)
(-0.00801349 -0.000682236 0)
(-0.00704395 -0.000751353 0)
(-0.0060176 -0.000818432 0)
(-0.00493781 -0.000882701 0)
(-0.00380844 -0.000943405 0)
(-0.00263386 -0.00099982 0)
(-0.00141889 -0.00105127 0)
(-0.000168741 -0.00109712 0)
(0.001111 -0.00113682 0)
(0.00241445 -0.00116987 0)
(0.00373546 -0.00119589 0)
(0.00506771 -0.00121456 0)
(0.00640476 -0.00122567 0)
(0.00774011 -0.00122911 0)
(0.00906727 -0.00122489 0)
(0.0103799 -0.00121309 0)
(0.0116716 -0.00119393 0)
(0.0129365 -0.00116773 0)
(0.0141689 -0.00113488 0)
(0.0153634 -0.00109587 0)
(0.0165149 -0.00105129 0)
(0.017619 -0.00100176 0)
(0.0186718 -0.000947972 0)
(0.0196697 -0.000890661 0)
(0.0206098 -0.000830576 0)
(0.0214899 -0.000768478 0)
(0.0223081 -0.000705119 0)
(0.0230633 -0.000641231 0)
(0.023755 -0.000577511 0)
(0.024383 -0.000514607 0)
(0.0249479 -0.000453114 0)
(0.0254506 -0.000393561 0)
(0.0258925 -0.000336404 0)
(0.0262755 -0.000282031 0)
(0.0266018 -0.00023075 0)
(0.0268737 -0.000182799 0)
(0.027094 -0.000138342 0)
(0.0272656 -9.74765e-05 0)
(0.0273916 -6.02391e-05 0)
(0.0274752 -2.66103e-05 0)
(0.0275196 3.47731e-06 0)
(0.027528 3.01322e-05 0)
(0.0275037 5.34965e-05 0)
(0.0274499 7.37386e-05 0)
(0.0273697 9.10465e-05 0)
(0.027266 0.000105622 0)
(0.0271418 0.000117673 0)
(0.0269996 0.000127413 0)
(0.0268422 0.000135052 0)
(0.0266719 0.000140796 0)
(0.0264909 0.000144845 0)
(0.0263013 0.000147387 0)
(0.026105 0.000148602 0)
(0.0259037 0.000148656 0)
(0.0256989 0.000147703 0)
(0.0254921 0.000145886 0)
(0.0252844 0.000143332 0)
(0.0250771 0.000140159 0)
(0.0248711 0.000136473 0)
(0.0246672 0.000132365 0)
(0.0244662 0.000127921 0)
(0.0242687 0.000123212 0)
(0.0240753 0.000118304 0)
(0.0238864 0.000113253 0)
(0.0237024 0.000108106 0)
(0.0235236 0.000102906 0)
(0.0233503 9.76878e-05 0)
(0.0231827 9.24805e-05 0)
(0.0230209 8.73093e-05 0)
(0.022865 8.21943e-05 0)
(0.0227152 7.71519e-05 0)
(0.0225715 7.21949e-05 0)
(0.0224339 6.73332e-05 0)
(0.0223024 6.25741e-05 0)
(0.022177 5.79224e-05 0)
(0.0220577 5.33812e-05 0)
(0.0219445 4.89517e-05 0)
(0.0218372 4.46338e-05 0)
(0.0217359 4.04263e-05 0)
(0.0216406 3.63269e-05 0)
(0.021551 3.23324e-05 0)
(0.0214673 2.84393e-05 0)
(0.0213893 2.46433e-05 0)
(0.021317 2.09398e-05 0)
(0.0212503 1.7324e-05 0)
(0.0211891 1.37909e-05 0)
(0.0211335 1.03353e-05 0)
(0.0210833 6.95231e-06 0)
(0.0210385 3.63668e-06 0)
(0.020999 3.83481e-07 0)
(0.0209648 -2.81215e-06 0)
(0.0209359 -5.95487e-06 0)
(0.0209122 -9.04914e-06 0)
(0.0208937 -1.20992e-05 0)
(0.0208803 -1.5109e-05 0)
(0.020872 -1.80821e-05 0)
(0.0208687 -2.1022e-05 0)
(0.0208704 -2.39316e-05 0)
(0.0208771 -2.68136e-05 0)
(0.0208887 -2.96702e-05 0)
(0.0209051 -3.25033e-05 0)
(0.0209264 -3.53142e-05 0)
(0.0209525 -3.81041e-05 0)
(0.0209834 -4.08733e-05 0)
(0.021019 -4.36217e-05 0)
(0.0210592 -4.6349e-05 0)
(0.021104 -4.90538e-05 0)
(0.0211534 -5.17346e-05 0)
(0.0212072 -5.4389e-05 0)
(0.0212655 -5.70141e-05 0)
(0.0213281 -5.96062e-05 0)
(0.021395 -6.21612e-05 0)
(0.0214661 -6.46739e-05 0)
(0.0215412 -6.71389e-05 0)
(0.0216204 -6.95498e-05 0)
(0.0217034 -7.18994e-05 0)
(0.0217902 -7.41802e-05 0)
(0.0218806 -7.63838e-05 0)
(0.0219745 -7.85012e-05 0)
(0.0220717 -8.0523e-05 0)
(0.0221721 -8.24394e-05 0)
(0.0222755 -8.42398e-05 0)
(0.0223816 -8.59139e-05 0)
(0.0224904 -8.74509e-05 0)
(0.0226015 -8.884e-05 0)
(0.0227148 -9.00708e-05 0)
(0.0228299 -9.11331e-05 0)
(0.0229467 -9.20173e-05 0)
(0.0230648 -9.27147e-05 0)
(0.0231841 -9.32175e-05 0)
(0.0233041 -9.35192e-05 0)
(0.0234246 -9.3615e-05 0)
(0.0235453 -9.35018e-05 0)
(0.0236659 -9.31785e-05 0)
(0.023786 -9.26467e-05 0)
(0.0239055 -9.19104e-05 0)
(0.0240238 -9.09771e-05 0)
(0.0241409 -8.98579e-05 0)
(0.0242563 -8.85683e-05 0)
(0.0243698 -8.71373e-05 0)
(0.0244812 -8.55686e-05 0)
(0.0245902 -8.40301e-05 0)
(0.0246966 -8.22009e-05 0)
(0.0248005 -8.1401e-05 0)
(0.0249016 -7.87762e-05 0)
(0.024999 -8.14336e-05 0)
(0.0251 -7.89438e-05 0)
(0.0251784 -8.12885e-05 0)
(0.0253108 -0.000112154 0)
(-0.000178953 0.000645252 0)
(-0.0010436 0.00125458 0)
(-0.00216903 0.00153381 0)
(-0.00330713 0.00157561 0)
(-0.00439652 0.00157127 0)
(-0.0054266 0.0015286 0)
(-0.00638172 0.00148572 0)
(-0.00727299 0.00143422 0)
(-0.00809704 0.00138197 0)
(-0.00886205 0.00132733 0)
(-0.00956941 0.00127285 0)
(-0.0102242 0.00121872 0)
(-0.0108291 0.00116578 0)
(-0.0113872 0.00111425 0)
(-0.011901 0.00106435 0)
(-0.0123727 0.00101611 0)
(-0.0128041 0.000969519 0)
(-0.0131967 0.000924472 0)
(-0.0135518 0.000880834 0)
(-0.0138702 0.000838424 0)
(-0.0141527 0.000797026 0)
(-0.0143997 0.000756384 0)
(-0.0146112 0.000716203 0)
(-0.0147872 0.000676144 0)
(-0.0149273 0.000635826 0)
(-0.0150308 0.000594822 0)
(-0.0150968 0.000552664 0)
(-0.0151243 0.000508839 0)
(-0.0151117 0.000462802 0)
(-0.0150575 0.000413982 0)
(-0.0149598 0.000361789 0)
(-0.0148167 0.000305634 0)
(-0.014626 0.000244942 0)
(-0.0143854 0.000179166 0)
(-0.0140926 0.000107811 0)
(-0.0137452 3.04502e-05 0)
(-0.013341 -5.32581e-05 0)
(-0.0128776 -0.000143552 0)
(-0.012353 -0.000240554 0)
(-0.0117653 -0.000344254 0)
(-0.0111127 -0.000454509 0)
(-0.010394 -0.00057103 0)
(-0.009608 -0.000693385 0)
(-0.0087541 -0.000821002 0)
(-0.00783202 -0.000953172 0)
(-0.00684192 -0.00108906 0)
(-0.00578443 -0.00122771 0)
(-0.00466065 -0.00136808 0)
(-0.00347218 -0.00150903 0)
(-0.00222109 -0.00164934 0)
(-0.000909951 -0.00178776 0)
(0.000458176 -0.001923 0)
(0.00187976 -0.00205376 0)
(0.00335083 -0.00217873 0)
(0.00486694 -0.00229664 0)
(0.00642327 -0.00240626 0)
(0.0080146 -0.00250643 0)
(0.00963539 -0.00259604 0)
(0.0112798 -0.0026741 0)
(0.0129416 -0.00273974 0)
(0.0146147 -0.00279221 0)
(0.0162924 -0.00283088 0)
(0.0179682 -0.00285531 0)
(0.0196356 -0.00286518 0)
(0.0212879 -0.00286039 0)
(0.0229188 -0.00284097 0)
(0.0245217 -0.00280715 0)
(0.0260908 -0.00275932 0)
(0.0276201 -0.00269807 0)
(0.0291041 -0.0026241 0)
(0.0305378 -0.00253831 0)
(0.0319166 -0.00244169 0)
(0.0332363 -0.00233538 0)
(0.0344932 -0.00222059 0)
(0.0356842 -0.00209861 0)
(0.0368068 -0.00197076 0)
(0.0378589 -0.00183841 0)
(0.0388392 -0.00170291 0)
(0.0397467 -0.00156558 0)
(0.0405811 -0.0014277 0)
(0.0413425 -0.00129049 0)
(0.0420316 -0.00115507 0)
(0.0426492 -0.00102248 0)
(0.043197 -0.000893645 0)
(0.0436767 -0.000769378 0)
(0.0440904 -0.000650372 0)
(0.0444406 -0.000537205 0)
(0.0447298 -0.000430334 0)
(0.044961 -0.000330103 0)
(0.045137 -0.000236746 0)
(0.0452611 -0.000150399 0)
(0.0453363 -7.11031e-05 0)
(0.045366 1.18299e-06 0)
(0.0453533 6.65742e-05 0)
(0.0453016 0.000125249 0)
(0.045214 0.000177438 0)
(0.0450937 0.000223417 0)
(0.0449437 0.000263495 0)
(0.0447672 0.000298008 0)
(0.0445668 0.000327309 0)
(0.0443455 0.000351761 0)
(0.0441057 0.000371733 0)
(0.04385 0.000387592 0)
(0.0435808 0.000399697 0)
(0.0433002 0.000408401 0)
(0.0430102 0.00041404 0)
(0.0427128 0.000416938 0)
(0.0424097 0.000417397 0)
(0.0421025 0.000415705 0)
(0.0417927 0.000412127 0)
(0.0414816 0.000406909 0)
(0.0411705 0.000400276 0)
(0.0408604 0.000392434 0)
(0.0405522 0.00038357 0)
(0.0402469 0.000373851 0)
(0.0399453 0.000363427 0)
(0.0396479 0.00035243 0)
(0.0393554 0.000340979 0)
(0.0390684 0.000329176 0)
(0.0387872 0.00031711 0)
(0.0385123 0.000304858 0)
(0.038244 0.000292486 0)
(0.0379826 0.000280048 0)
(0.0377283 0.000267591 0)
(0.0374814 0.000255154 0)
(0.037242 0.000242768 0)
(0.0370102 0.000230456 0)
(0.0367863 0.000218239 0)
(0.0365702 0.000206131 0)
(0.0363622 0.000194142 0)
(0.0361622 0.00018228 0)
(0.0359703 0.000170548 0)
(0.0357866 0.000158948 0)
(0.0356111 0.00014748 0)
(0.0354439 0.000136143 0)
(0.035285 0.000124934 0)
(0.0351344 0.000113848 0)
(0.0349921 0.000102883 0)
(0.0348582 9.20323e-05 0)
(0.0347327 8.12921e-05 0)
(0.0346156 7.06573e-05 0)
(0.0345069 6.01233e-05 0)
(0.0344067 4.96856e-05 0)
(0.0343148 3.934e-05 0)
(0.0342313 2.90827e-05 0)
(0.0341563 1.89106e-05 0)
(0.0340896 8.82086e-06 0)
(0.0340314 -1.18863e-06 0)
(0.0339815 -1.11193e-05 0)
(0.0339399 -2.09721e-05 0)
(0.0339067 -3.07469e-05 0)
(0.0338817 -4.04431e-05 0)
(0.0338649 -5.00591e-05 0)
(0.0338564 -5.95925e-05 0)
(0.0338559 -6.90397e-05 0)
(0.0338635 -7.83966e-05 0)
(0.0338791 -8.76576e-05 0)
(0.0339026 -9.68161e-05 0)
(0.0339339 -0.000105864 0)
(0.0339729 -0.000114793 0)
(0.0340195 -0.000123593 0)
(0.0340735 -0.000132251 0)
(0.0341349 -0.000140755 0)
(0.0342035 -0.00014909 0)
(0.0342791 -0.000157241 0)
(0.0343616 -0.000165189 0)
(0.0344508 -0.000172916 0)
(0.0345465 -0.000180401 0)
(0.0346484 -0.000187623 0)
(0.0347563 -0.000194558 0)
(0.0348701 -0.000201182 0)
(0.0349894 -0.00020747 0)
(0.035114 -0.000213396 0)
(0.0352435 -0.000218932 0)
(0.0353778 -0.000224051 0)
(0.0355163 -0.000228726 0)
(0.0356588 -0.00023293 0)
(0.035805 -0.000236637 0)
(0.0359544 -0.000239821 0)
(0.0361067 -0.000242458 0)
(0.0362615 -0.000244528 0)
(0.0364183 -0.000246012 0)
(0.0365767 -0.000246894 0)
(0.0367363 -0.000247163 0)
(0.0368966 -0.000246811 0)
(0.0370572 -0.000245838 0)
(0.0372176 -0.000244246 0)
(0.0373774 -0.000242048 0)
(0.0375362 -0.000239259 0)
(0.0376934 -0.00023591 0)
(0.0378487 -0.000232031 0)
(0.0380017 -0.000227688 0)
(0.0381519 -0.000222941 0)
(0.0382991 -0.000217829 0)
(0.0384428 -0.000212933 0)
(0.0385823 -0.000206852 0)
(0.0387187 -0.00020476 0)
(0.0388493 -0.000196886 0)
(0.0389711 -0.000198111 0)
(0.0391187 -0.000214862 0)
(-0.00030573 0.00126203 0)
(-0.00151712 0.00231598 0)
(-0.00287163 0.00272456 0)
(-0.00413934 0.00273504 0)
(-0.0052389 0.00266355 0)
(-0.00621946 0.00253492 0)
(-0.00706715 0.00240669 0)
(-0.00781557 0.00227243 0)
(-0.00846616 0.00214312 0)
(-0.00903562 0.00201729 0)
(-0.00952912 0.00189725 0)
(-0.00995555 0.00178258 0)
(-0.0103196 0.0016734 0)
(-0.0106265 0.00156925 0)
(-0.0108797 0.00146973 0)
(-0.0110823 0.00137431 0)
(-0.0112366 0.00128249 0)
(-0.0113445 0.00119375 0)
(-0.0114073 0.00110756 0)
(-0.0114259 0.0010234 0)
(-0.011401 0.000940729 0)
(-0.0113328 0.00085899 0)
(-0.0112213 0.000777608 0)
(-0.0110663 0.000695983 0)
(-0.0108672 0.000613486 0)
(-0.0106231 0.00052946 0)
(-0.0103333 0.000443223 0)
(-0.00999654 0.00035407 0)
(-0.00961154 0.000261287 0)
(-0.00917692 0.000164155 0)
(-0.00869119 6.19718e-05 0)
(-0.00815282 -4.59378e-05 0)
(-0.00756024 -0.000160201 0)
(-0.0069119 -0.000281377 0)
(-0.00620632 -0.000409938 0)
(-0.0054421 -0.000546252 0)
(-0.00461799 -0.00069056 0)
(-0.00373288 -0.000842962 0)
(-0.0027859 -0.0010034 0)
(-0.00177641 -0.00117167 0)
(-0.00070405 -0.00134737 0)
(0.000431253 -0.00152994 0)
(0.00162923 -0.00171864 0)
(0.00288926 -0.00191258 0)
(0.00421037 -0.00211069 0)
(0.00559118 -0.00231175 0)
(0.00702993 -0.00251444 0)
(0.00852447 -0.00271728 0)
(0.0100722 -0.00291872 0)
(0.0116702 -0.00311712 0)
(0.013315 -0.0033108 0)
(0.0150028 -0.00349803 0)
(0.0167295 -0.00367707 0)
(0.0184906 -0.0038462 0)
(0.0202811 -0.00400375 0)
(0.0220958 -0.00414808 0)
(0.0239291 -0.00427765 0)
(0.0257754 -0.00439105 0)
(0.0276285 -0.00448697 0)
(0.0294822 -0.00456428 0)
(0.0313303 -0.00462201 0)
(0.0331663 -0.00465939 0)
(0.0349837 -0.00467587 0)
(0.0367763 -0.0046711 0)
(0.0385378 -0.004645 0)
(0.0402621 -0.00459772 0)
(0.0419432 -0.00452965 0)
(0.0435758 -0.00444144 0)
(0.0451546 -0.00433395 0)
(0.0466749 -0.0042083 0)
(0.0481325 -0.00406579 0)
(0.0495234 -0.00390792 0)
(0.0508447 -0.00373632 0)
(0.0520935 -0.00355278 0)
(0.0532678 -0.00335916 0)
(0.0543662 -0.00315737 0)
(0.0553877 -0.00294938 0)
(0.0563318 -0.0027371 0)
(0.0571988 -0.00252242 0)
(0.0579893 -0.00230717 0)
(0.0587042 -0.00209304 0)
(0.0593451 -0.00188164 0)
(0.0599137 -0.00167441 0)
(0.0604123 -0.00147265 0)
(0.060843 -0.00127751 0)
(0.0612086 -0.00108996 0)
(0.0615117 -0.000910813 0)
(0.0617553 -0.000740716 0)
(0.0619423 -0.000580169 0)
(0.0620758 -0.000429524 0)
(0.0621588 -0.000288997 0)
(0.0621944 -0.000158681 0)
(0.0621857 -3.85592e-05 0)
(0.0621356 7.14848e-05 0)
(0.0620471 0.000171651 0)
(0.0619232 0.000262213 0)
(0.0617666 0.000343503 0)
(0.06158 0.000415902 0)
(0.0613662 0.000479832 0)
(0.0611276 0.000535739 0)
(0.0608667 0.000584091 0)
(0.0605858 0.000625368 0)
(0.0602872 0.000660054 0)
(0.0599728 0.00068863 0)
(0.0596448 0.000711573 0)
(0.0593049 0.000729348 0)
(0.058955 0.000742405 0)
(0.0585968 0.000751177 0)
(0.0582316 0.000756076 0)
(0.0578611 0.000757494 0)
(0.0574865 0.000755798 0)
(0.0571091 0.000751333 0)
(0.0567299 0.000744419 0)
(0.0563502 0.000735352 0)
(0.0559708 0.000724402 0)
(0.0555926 0.000711818 0)
(0.0552164 0.000697826 0)
(0.054843 0.000682627 0)
(0.0544729 0.000666403 0)
(0.054107 0.000649317 0)
(0.0537455 0.000631512 0)
(0.0533892 0.000613113 0)
(0.0530384 0.000594229 0)
(0.0526935 0.000574956 0)
(0.0523549 0.000555375 0)
(0.0520229 0.000535554 0)
(0.0516978 0.000515551 0)
(0.05138 0.000495415 0)
(0.0510697 0.000475184 0)
(0.050767 0.000454891 0)
(0.0504723 0.000434561 0)
(0.0501858 0.000414215 0)
(0.0499075 0.000393867 0)
(0.0496378 0.00037353 0)
(0.0493768 0.000353212 0)
(0.0491247 0.000332918 0)
(0.0488816 0.000312654 0)
(0.0486476 0.000292422 0)
(0.048423 0.000272225 0)
(0.0482079 0.000252064 0)
(0.0480023 0.000231942 0)
(0.0478065 0.000211859 0)
(0.0476205 0.000191819 0)
(0.0474444 0.000171823 0)
(0.0472784 0.000151876 0)
(0.0471225 0.000131982 0)
(0.0469768 0.000112146 0)
(0.0468415 9.23738e-05 0)
(0.0467165 7.26732e-05 0)
(0.0466019 5.30523e-05 0)
(0.0464977 3.35207e-05 0)
(0.0464041 1.40888e-05 0)
(0.0463209 -5.23147e-06 0)
(0.0462482 -2.44271e-05 0)
(0.046186 -4.34837e-05 0)
(0.0461342 -6.23856e-05 0)
(0.0460928 -8.11158e-05 0)
(0.0460617 -9.96557e-05 0)
(0.0460409 -0.000117985 0)
(0.0460302 -0.000136083 0)
(0.0460296 -0.000153925 0)
(0.0460389 -0.000171487 0)
(0.046058 -0.000188742 0)
(0.0460867 -0.000205661 0)
(0.0461248 -0.000222213 0)
(0.0461722 -0.000238366 0)
(0.0462285 -0.000254086 0)
(0.0462937 -0.000269336 0)
(0.0463674 -0.000284079 0)
(0.0464494 -0.000298274 0)
(0.0465393 -0.000311881 0)
(0.0466369 -0.000324856 0)
(0.0467418 -0.000337156 0)
(0.0468537 -0.000348737 0)
(0.0469723 -0.000359553 0)
(0.0470971 -0.00036956 0)
(0.0472277 -0.000378713 0)
(0.0473638 -0.000386968 0)
(0.0475048 -0.000394286 0)
(0.0476504 -0.000400625 0)
(0.0478001 -0.00040595 0)
(0.0479534 -0.00041023 0)
(0.0481098 -0.000413436 0)
(0.0482689 -0.000415548 0)
(0.04843 -0.00041655 0)
(0.0485928 -0.000416435 0)
(0.0487567 -0.000415203 0)
(0.0489211 -0.000412864 0)
(0.0490857 -0.00040944 0)
(0.0492498 -0.000404959 0)
(0.0494131 -0.00039947 0)
(0.0495749 -0.000393023 0)
(0.0497348 -0.000385708 0)
(0.0498923 -0.000377599 0)
(0.050047 -0.000368917 0)
(0.0501983 -0.000359452 0)
(0.0503457 -0.000351176 0)
(0.0504873 -0.000339039 0)
(0.0506241 -0.000335916 0)
(0.0507696 -0.000331232 0)
(-0.000405156 0.00247011 0)
(-0.0017194 0.00379721 0)
(-0.00298767 0.00414234 0)
(-0.00405057 0.0038913 0)
(-0.0048272 0.00361851 0)
(-0.00542839 0.00331637 0)
(-0.00585101 0.00305282 0)
(-0.00615454 0.00280675 0)
(-0.00634811 0.00258321 0)
(-0.00645775 0.00237592 0)
(-0.00649181 0.0021837 0)
(-0.00646207 0.00200404 0)
(-0.00637416 0.00183528 0)
(-0.00623392 0.00167581 0)
(-0.0060448 0.00152424 0)
(-0.00580986 0.00137931 0)
(-0.00553108 0.00123989 0)
(-0.00520999 0.00110496 0)
(-0.00484757 0.000973561 0)
(-0.00444442 0.000844793 0)
(-0.00400077 0.000717796 0)
(-0.00351658 0.000591736 0)
(-0.00299156 0.000465789 0)
(-0.0024252 0.000339141 0)
(-0.00181681 0.000210975 0)
(-0.00116554 8.04738e-05 0)
(-0.000470448 -5.31767e-05 0)
(0.000269528 -0.000190785 0)
(0.0010555 -0.000333145 0)
(0.0018886 -0.000481022 0)
(0.00276998 -0.000635142 0)
(0.00370075 -0.00079617 0)
(0.00468195 -0.000964699 0)
(0.00571455 -0.00114122 0)
(0.00679937 -0.00132612 0)
(0.00793709 -0.00151965 0)
(0.00912822 -0.0017219 0)
(0.0103731 -0.00193281 0)
(0.0116717 -0.00215213 0)
(0.0130239 -0.00237944 0)
(0.0144292 -0.00261411 0)
(0.0158869 -0.00285533 0)
(0.0173959 -0.00310209 0)
(0.0189549 -0.00335321 0)
(0.0205622 -0.00360731 0)
(0.0222156 -0.00386288 0)
(0.0239128 -0.00411823 0)
(0.0256511 -0.00437157 0)
(0.0274273 -0.00462097 0)
(0.0292379 -0.00486443 0)
(0.0310791 -0.00509991 0)
(0.0329467 -0.00532528 0)
(0.0348361 -0.00553845 0)
(0.0367425 -0.00573731 0)
(0.0386608 -0.00591983 0)
(0.0405854 -0.00608404 0)
(0.0425107 -0.00622806 0)
(0.0444308 -0.0063502 0)
(0.0463396 -0.00644887 0)
(0.0482309 -0.00652274 0)
(0.0500985 -0.00657068 0)
(0.0519362 -0.00659179 0)
(0.0537377 -0.00658549 0)
(0.0554972 -0.00655145 0)
(0.0572088 -0.00648969 0)
(0.0588671 -0.00640051 0)
(0.0604668 -0.00628457 0)
(0.0620033 -0.00614281 0)
(0.0634724 -0.0059765 0)
(0.0648705 -0.0057872 0)
(0.0661943 -0.00557671 0)
(0.0674415 -0.00534709 0)
(0.0686102 -0.00510057 0)
(0.069699 -0.00483953 0)
(0.0707075 -0.00456647 0)
(0.0716355 -0.00428393 0)
(0.0724836 -0.00399446 0)
(0.0732529 -0.00370057 0)
(0.0739447 -0.0034047 0)
(0.0745611 -0.00310917 0)
(0.0751043 -0.00281615 0)
(0.0755769 -0.00252764 0)
(0.0759816 -0.00224546 0)
(0.0763214 -0.00197119 0)
(0.0765994 -0.00170622 0)
(0.0768188 -0.00145172 0)
(0.0769828 -0.00120866 0)
(0.0770947 -0.000977785 0)
(0.0771576 -0.000759659 0)
(0.0771746 -0.000554664 0)
(0.0771489 -0.000363013 0)
(0.0770834 -0.000184774 0)
(0.076981 -1.98809e-05 0)
(0.0768444 0.000131849 0)
(0.0766764 0.000270697 0)
(0.0764794 0.000397028 0)
(0.0762559 0.000511274 0)
(0.0760081 0.000613925 0)
(0.0757382 0.00070551 0)
(0.0754484 0.000786593 0)
(0.0751405 0.000857754 0)
(0.0748163 0.00091959 0)
(0.0744777 0.000972698 0)
(0.0741262 0.00101767 0)
(0.0737633 0.00105511 0)
(0.0733906 0.00108557 0)
(0.0730093 0.00110962 0)
(0.0726208 0.00112779 0)
(0.0722261 0.00114061 0)
(0.0718264 0.00114854 0)
(0.0714228 0.00115207 0)
(0.0710162 0.00115162 0)
(0.0706074 0.00114759 0)
(0.0701973 0.00114037 0)
(0.0697867 0.00113031 0)
(0.0693763 0.00111772 0)
(0.0689667 0.0011029 0)
(0.0685585 0.00108613 0)
(0.0681523 0.00106763 0)
(0.0677487 0.00104764 0)
(0.0673481 0.00102633 0)
(0.0669509 0.0010039 0)
(0.0665576 0.000980486 0)
(0.0661685 0.000956226 0)
(0.0657841 0.000931235 0)
(0.0654046 0.000905615 0)
(0.0650304 0.000879451 0)
(0.0646618 0.000852814 0)
(0.0642991 0.000825766 0)
(0.0639425 0.000798357 0)
(0.0635923 0.000770629 0)
(0.0632488 0.000742615 0)
(0.0629123 0.000714342 0)
(0.0625829 0.000685832 0)
(0.0622609 0.000657103 0)
(0.0619466 0.000628168 0)
(0.0616402 0.000599039 0)
(0.0613419 0.000569727 0)
(0.0610519 0.000540239 0)
(0.0607706 0.000510584 0)
(0.060498 0.000480771 0)
(0.0602345 0.000450809 0)
(0.0599802 0.000420708 0)
(0.0597353 0.000390479 0)
(0.0595001 0.000360135 0)
(0.0592747 0.00032969 0)
(0.0590593 0.000299162 0)
(0.0588542 0.000268567 0)
(0.0586593 0.000237927 0)
(0.058475 0.000207263 0)
(0.0583014 0.0001766 0)
(0.0581385 0.000145964 0)
(0.0579864 0.000115384 0)
(0.0578453 8.48882e-05 0)
(0.0577153 5.45101e-05 0)
(0.0575963 2.42834e-05 0)
(0.0574884 -5.7562e-06 0)
(0.0573916 -3.55708e-05 0)
(0.057306 -6.51208e-05 0)
(0.0572314 -9.43646e-05 0)
(0.0571678 -0.000123259 0)
(0.0571152 -0.000151758 0)
(0.0570734 -0.000179815 0)
(0.0570424 -0.00020738 0)
(0.0570219 -0.000234402 0)
(0.0570118 -0.000260827 0)
(0.057012 -0.000286602 0)
(0.0570222 -0.000311668 0)
(0.0570421 -0.000335967 0)
(0.0570716 -0.000359439 0)
(0.0571103 -0.000382021 0)
(0.0571579 -0.000403652 0)
(0.0572141 -0.000424268 0)
(0.0572786 -0.000443803 0)
(0.057351 -0.000462195 0)
(0.0574309 -0.00047938 0)
(0.0575179 -0.000495296 0)
(0.0576117 -0.000509881 0)
(0.0577117 -0.000523077 0)
(0.0578175 -0.000534831 0)
(0.0579286 -0.000545091 0)
(0.0580447 -0.000553814 0)
(0.0581651 -0.00056096 0)
(0.0582895 -0.000566498 0)
(0.0584173 -0.000570406 0)
(0.0585479 -0.00057267 0)
(0.058681 -0.000573289 0)
(0.058816 -0.000572271 0)
(0.0589523 -0.000569637 0)
(0.0590895 -0.000565423 0)
(0.0592272 -0.000559676 0)
(0.0593648 -0.000552454 0)
(0.0595018 -0.000543842 0)
(0.0596377 -0.000533893 0)
(0.0597722 -0.000522777 0)
(0.0599045 -0.000510435 0)
(0.0600341 -0.000497488 0)
(0.0601597 -0.000481707 0)
(0.0602822 -0.000472185 0)
(0.0604047 -0.000446235 0)
(-0.00069377 0.00309452 0)
(-0.00209201 0.00472305 0)
(-0.00255455 0.00495224 0)
(-0.00279203 0.00450522 0)
(-0.00262616 0.00403281 0)
(-0.00237611 0.00356605 0)
(-0.00197993 0.00316193 0)
(-0.00152192 0.0028037 0)
(-0.000993156 0.00248688 0)
(-0.000418995 0.00220284 0)
(0.000198856 0.00194498 0)
(0.000851352 0.00170847 0)
(0.00153619 0.00148896 0)
(0.00224982 0.00128337 0)
(0.00299088 0.00108895 0)
(0.00375805 0.000903582 0)
(0.00455088 0.000725397 0)
(0.00536912 0.000552828 0)
(0.00621293 0.000384469 0)
(0.00708269 0.000219074 0)
(0.007979 5.54879e-05 0)
(0.00890262 -0.000107359 0)
(0.00985444 -0.000270484 0)
(0.0108355 -0.000434859 0)
(0.0118468 -0.000601424 0)
(0.0128895 -0.000771085 0)
(0.0139648 -0.00094472 0)
(0.0150739 -0.00112317 0)
(0.016218 -0.00130725 0)
(0.017398 -0.00149769 0)
(0.0186152 -0.00169519 0)
(0.0198703 -0.00190034 0)
(0.0211644 -0.00211367 0)
(0.0224979 -0.00233557 0)
(0.0238716 -0.00256629 0)
(0.0252856 -0.00280596 0)
(0.0267401 -0.00305452 0)
(0.028235 -0.00331174 0)
(0.02977 -0.0035772 0)
(0.0313443 -0.00385027 0)
(0.0329572 -0.00413014 0)
(0.0346074 -0.00441576 0)
(0.0362934 -0.00470589 0)
(0.0380134 -0.0049991 0)
(0.0397653 -0.00529376 0)
(0.0415465 -0.00558804 0)
(0.0433543 -0.00587998 0)
(0.0451854 -0.00616747 0)
(0.0470364 -0.00644825 0)
(0.0489034 -0.00671999 0)
(0.0507821 -0.00698029 0)
(0.0526681 -0.00722668 0)
(0.0545566 -0.0074567 0)
(0.0564422 -0.0076679 0)
(0.0583198 -0.00785792 0)
(0.0601836 -0.00802444 0)
(0.0620277 -0.00816533 0)
(0.0638464 -0.00827859 0)
(0.0656334 -0.00836247 0)
(0.0673829 -0.00841543 0)
(0.0690888 -0.00843627 0)
(0.0707452 -0.00842405 0)
(0.0723467 -0.00837824 0)
(0.0738879 -0.00829865 0)
(0.0753639 -0.0081855 0)
(0.0767703 -0.00803939 0)
(0.0781033 -0.00786135 0)
(0.0793597 -0.0076528 0)
(0.0805367 -0.00741553 0)
(0.0816327 -0.00715168 0)
(0.0826464 -0.00686369 0)
(0.0835773 -0.00655428 0)
(0.0844257 -0.00622637 0)
(0.0851924 -0.00588301 0)
(0.0858791 -0.00552736 0)
(0.0864878 -0.0051626 0)
(0.0870209 -0.00479186 0)
(0.0874814 -0.00441819 0)
(0.0878727 -0.0040445 0)
(0.0881981 -0.00367352 0)
(0.0884613 -0.00330775 0)
(0.088666 -0.00294946 0)
(0.0888159 -0.00260065 0)
(0.0889149 -0.00226308 0)
(0.0889665 -0.0019382 0)
(0.0889743 -0.00162723 0)
(0.0889415 -0.00133112 0)
(0.0888715 -0.00105057 0)
(0.0887673 -0.000786074 0)
(0.0886317 -0.00053792 0)
(0.0884674 -0.000306209 0)
(0.0882769 -9.08792e-05 0)
(0.0880625 0.000108269 0)
(0.0878263 0.000291555 0)
(0.0875703 0.000459402 0)
(0.0872964 0.000612314 0)
(0.0870062 0.000750861 0)
(0.0867013 0.000875664 0)
(0.0863832 0.000987385 0)
(0.0860532 0.00108671 0)
(0.0857125 0.00117433 0)
(0.0853623 0.00125096 0)
(0.0850037 0.0013173 0)
(0.0846377 0.00137406 0)
(0.0842652 0.0014219 0)
(0.0838871 0.0014615 0)
(0.0835042 0.00149349 0)
(0.0831172 0.0015185 0)
(0.0827269 0.00153711 0)
(0.0823339 0.00154988 0)
(0.0819388 0.00155733 0)
(0.0815422 0.00155997 0)
(0.0811446 0.00155826 0)
(0.0807465 0.00155263 0)
(0.0803484 0.00154348 0)
(0.0799508 0.00153119 0)
(0.079554 0.00151609 0)
(0.0791583 0.00149849 0)
(0.0787643 0.00147868 0)
(0.0783721 0.00145689 0)
(0.0779821 0.00143338 0)
(0.0775946 0.00140832 0)
(0.0772099 0.00138191 0)
(0.0768282 0.0013543 0)
(0.0764498 0.00132562 0)
(0.0760749 0.001296 0)
(0.0757037 0.00126553 0)
(0.0753365 0.00123431 0)
(0.0749735 0.00120239 0)
(0.0746149 0.00116984 0)
(0.0742609 0.00113671 0)
(0.0739117 0.00110303 0)
(0.0735675 0.00106885 0)
(0.0732286 0.00103417 0)
(0.0728952 0.000999017 0)
(0.0725675 0.000963411 0)
(0.0722456 0.00092736 0)
(0.0719299 0.000890874 0)
(0.0716205 0.000853961 0)
(0.0713177 0.00081663 0)
(0.0710217 0.00077889 0)
(0.0707328 0.000740752 0)
(0.0704511 0.000702226 0)
(0.0701769 0.000663328 0)
(0.0699105 0.000624075 0)
(0.069652 0.000584486 0)
(0.0694017 0.000544584 0)
(0.0691599 0.000504397 0)
(0.0689266 0.000463953 0)
(0.0687022 0.000423286 0)
(0.0684869 0.000382433 0)
(0.0682807 0.000341435 0)
(0.068084 0.000300335 0)
(0.0678968 0.00025918 0)
(0.0677193 0.000218021 0)
(0.0675517 0.00017691 0)
(0.0673939 0.000135905 0)
(0.0672462 9.50645e-05 0)
(0.0671086 5.44506e-05 0)
(0.0669812 1.41281e-05 0)
(0.0668639 -2.58359e-05 0)
(0.0667568 -6.53716e-05 0)
(0.0666598 -0.000104407 0)
(0.0665729 -0.000142868 0)
(0.0664961 -0.000180678 0)
(0.0664292 -0.000217759 0)
(0.0663721 -0.000254031 0)
(0.0663247 -0.000289412 0)
(0.0662868 -0.000323819 0)
(0.0662582 -0.000357167 0)
(0.0662386 -0.000389371 0)
(0.066228 -0.000420345 0)
(0.0662259 -0.000450002 0)
(0.0662321 -0.000478257 0)
(0.0662463 -0.000505025 0)
(0.0662682 -0.000530222 0)
(0.0662974 -0.000553767 0)
(0.0663335 -0.000575581 0)
(0.0663763 -0.00059559 0)
(0.0664252 -0.000613723 0)
(0.0664798 -0.000629917 0)
(0.0665398 -0.000644114 0)
(0.0666048 -0.000656267 0)
(0.0666742 -0.000666334 0)
(0.0667476 -0.000674287 0)
(0.0668247 -0.000680109 0)
(0.0669049 -0.000683795 0)
(0.0669878 -0.000685355 0)
(0.0670729 -0.000684813 0)
(0.0671599 -0.000682207 0)
(0.0672484 -0.00067759 0)
(0.0673378 -0.000671029 0)
(0.0674277 -0.000662597 0)
(0.0675179 -0.000652367 0)
(0.0676078 -0.00064043 0)
(0.0676971 -0.000626757 0)
(0.0677852 -0.000611438 0)
(0.0678715 -0.000593567 0)
(0.067956 -0.000578188 0)
(0.0680392 -0.000538018 0)
(-0.000179578 0.00559973 0)
(-0.000138946 0.00561633 0)
(0.00100013 0.00502294 0)
(0.00218679 0.00399967 0)
(0.0036336 0.00328758 0)
(0.00504374 0.00272043 0)
(0.0064923 0.00225874 0)
(0.00790955 0.00187352 0)
(0.00931368 0.00153727 0)
(0.0106923 0.00123992 0)
(0.0120517 0.000970532 0)
(0.013392 0.000723617 0)
(0.014717 0.000493919 0)
(0.0160292 0.000277983 0)
(0.0173314 7.27582e-05 0)
(0.0186263 -0.000124088 0)
(0.0199163 -0.000314578 0)
(0.0212039 -0.0005004 0)
(0.0224911 -0.000683043 0)
(0.0237802 -0.000863827 0)
(0.0250731 -0.00104395 0)
(0.0263719 -0.00122453 0)
(0.0276784 -0.00140659 0)
(0.0289946 -0.00159112 0)
(0.0303221 -0.00177905 0)
(0.0316626 -0.00197126 0)
(0.0330179 -0.0021686 0)
(0.0343893 -0.00237187 0)
(0.0357783 -0.00258179 0)
(0.0371863 -0.00279904 0)
(0.0386143 -0.00302421 0)
(0.0400633 -0.00325781 0)
(0.0415342 -0.00350021 0)
(0.0430277 -0.00375168 0)
(0.044544 -0.00401233 0)
(0.0460835 -0.00428213 0)
(0.0476461 -0.00456085 0)
(0.0492314 -0.00484809 0)
(0.0508389 -0.00514322 0)
(0.0524678 -0.00544543 0)
(0.0541167 -0.00575366 0)
(0.0557843 -0.00606665 0)
(0.0574688 -0.00638292 0)
(0.0591678 -0.00670077 0)
(0.0608791 -0.00701827 0)
(0.0625997 -0.00733334 0)
(0.0643264 -0.00764369 0)
(0.0660557 -0.00794687 0)
(0.0677836 -0.00824031 0)
(0.069506 -0.00852134 0)
(0.0712182 -0.00878718 0)
(0.0729155 -0.00903503 0)
(0.0745925 -0.00926208 0)
(0.0762441 -0.00946556 0)
(0.0778645 -0.00964277 0)
(0.0794481 -0.00979114 0)
(0.0809889 -0.00990828 0)
(0.0824814 -0.00999202 0)
(0.0839196 -0.0100405 0)
(0.085298 -0.0100521 0)
(0.0866114 -0.0100256 0)
(0.0878548 -0.00996033 0)
(0.0890239 -0.00985592 0)
(0.0901148 -0.00971252 0)
(0.0911244 -0.00953078 0)
(0.0920502 -0.00931184 0)
(0.0928908 -0.00905735 0)
(0.0936453 -0.0087694 0)
(0.0943139 -0.00845054 0)
(0.0948976 -0.0081037 0)
(0.0953984 -0.00773213 0)
(0.0958188 -0.00733932 0)
(0.0961621 -0.00692896 0)
(0.0964322 -0.00650482 0)
(0.0966336 -0.0060707 0)
(0.0967711 -0.00563033 0)
(0.0968495 -0.00518733 0)
(0.096874 -0.0047451 0)
(0.0968497 -0.00430683 0)
(0.0967817 -0.0038754 0)
(0.0966748 -0.00345341 0)
(0.0965336 -0.00304312 0)
(0.0963625 -0.00264646 0)
(0.0961654 -0.00226505 0)
(0.0959459 -0.00190017 0)
(0.0957073 -0.00155283 0)
(0.0954525 -0.00122374 0)
(0.0951839 -0.000913367 0)
(0.0949039 -0.000621945 0)
(0.0946143 -0.000349514 0)
(0.0943167 -9.59362e-05 0)
(0.0940124 0.000139074 0)
(0.0937026 0.000355928 0)
(0.0933883 0.00055514 0)
(0.0930702 0.000737306 0)
(0.092749 0.000903091 0)
(0.0924251 0.0010532 0)
(0.0920991 0.00118839 0)
(0.0917711 0.00130943 0)
(0.0914417 0.00141709 0)
(0.0911109 0.00151216 0)
(0.0907789 0.00159542 0)
(0.0904461 0.00166764 0)
(0.0901125 0.00172957 0)
(0.0897782 0.00178195 0)
(0.0894435 0.00182548 0)
(0.0891084 0.00186084 0)
(0.0887731 0.00188869 0)
(0.0884378 0.00190965 0)
(0.0881024 0.00192431 0)
(0.0877673 0.00193322 0)
(0.0874325 0.0019369 0)
(0.0870982 0.00193585 0)
(0.0867644 0.00193052 0)
(0.0864314 0.00192133 0)
(0.0860992 0.00190867 0)
(0.085768 0.0018929 0)
(0.0854379 0.00187436 0)
(0.0851091 0.00185332 0)
(0.0847817 0.00183007 0)
(0.0844557 0.00180485 0)
(0.0841314 0.00177786 0)
(0.0838089 0.0017493 0)
(0.0834883 0.00171933 0)
(0.0831696 0.00168811 0)
(0.0828531 0.00165574 0)
(0.0825388 0.00162235 0)
(0.0822269 0.00158801 0)
(0.0819175 0.00155281 0)
(0.0816108 0.0015168 0)
(0.0813067 0.00148003 0)
(0.0810056 0.00144254 0)
(0.0807075 0.00140436 0)
(0.0804125 0.0013655 0)
(0.0801208 0.00132599 0)
(0.0798327 0.00128583 0)
(0.0795481 0.00124502 0)
(0.0792673 0.00120359 0)
(0.0789905 0.00116152 0)
(0.0787177 0.00111882 0)
(0.0784493 0.00107549 0)
(0.0781854 0.00103155 0)
(0.0779262 0.000986991 0)
(0.0776718 0.000941835 0)
(0.0774226 0.000896094 0)
(0.0771786 0.000849787 0)
(0.0769401 0.000802935 0)
(0.0767072 0.000755569 0)
(0.0764803 0.000707719 0)
(0.0762594 0.000659424 0)
(0.0760448 0.000610728 0)
(0.0758368 0.000561677 0)
(0.0756353 0.000512325 0)
(0.0754407 0.000462729 0)
(0.0752532 0.000412954 0)
(0.0750728 0.000363066 0)
(0.0748997 0.000313137 0)
(0.074734 0.000263244 0)
(0.0745759 0.000213468 0)
(0.0744255 0.000163892 0)
(0.0742828 0.000114605 0)
(0.074148 6.56994e-05 0)
(0.074021 1.72687e-05 0)
(0.0739019 -3.05888e-05 0)
(0.0737906 -7.77729e-05 0)
(0.0736872 -0.000124181 0)
(0.0735917 -0.000169707 0)
(0.0735039 -0.000214245 0)
(0.0734238 -0.000257687 0)
(0.0733512 -0.000299924 0)
(0.0732861 -0.000340845 0)
(0.0732283 -0.000380342 0)
(0.0731776 -0.000418303 0)
(0.0731338 -0.000454621 0)
(0.0730967 -0.000489189 0)
(0.073066 -0.000521902 0)
(0.0730416 -0.00055266 0)
(0.0730231 -0.000581366 0)
(0.0730103 -0.000607928 0)
(0.0730029 -0.000632261 0)
(0.0730005 -0.000654287 0)
(0.0730028 -0.000673937 0)
(0.0730096 -0.000691152 0)
(0.0730205 -0.000705885 0)
(0.073035 -0.000718101 0)
(0.073053 -0.000727779 0)
(0.0730741 -0.000734914 0)
(0.0730978 -0.000739516 0)
(0.0731239 -0.000741614 0)
(0.0731522 -0.000741252 0)
(0.0731821 -0.000738494 0)
(0.0732135 -0.000733415 0)
(0.0732461 -0.000726099 0)
(0.0732796 -0.00071663 0)
(0.0733137 -0.000705081 0)
(0.0733482 -0.000691435 0)
(0.073383 -0.000675669 0)
(0.0734178 -0.000657268 0)
(0.0734526 -0.000638596 0)
(0.0734892 -0.00059278 0)
(0.00500651 0.00204091 0)
(0.00751107 0.00307753 0)
(0.0124292 0.00262469 0)
(0.0156771 0.00200999 0)
(0.018762 0.00138798 0)
(0.0214109 0.000887885 0)
(0.0238361 0.000472045 0)
(0.0260697 0.000130608 0)
(0.0281633 -0.000161312 0)
(0.0301437 -0.000416532 0)
(0.032033 -0.000646382 0)
(0.0338465 -0.000857683 0)
(0.0355965 -0.00105562 0)
(0.0372925 -0.00124373 0)
(0.0389422 -0.00142474 0)
(0.0405522 -0.00160072 0)
(0.0421278 -0.00177339 0)
(0.0436736 -0.00194419 0)
(0.0451938 -0.00211438 0)
(0.046692 -0.0022851 0)
(0.0481714 -0.00245739 0)
(0.0496351 -0.0026322 0)
(0.0510857 -0.00281045 0)
(0.0525257 -0.002993 0)
(0.0539573 -0.00318067 0)
(0.0553828 -0.00337424 0)
(0.056804 -0.00357443 0)
(0.0582227 -0.00378191 0)
(0.0596404 -0.00399732 0)
(0.0610585 -0.00422117 0)
(0.0624783 -0.00445394 0)
(0.0639006 -0.00469598 0)
(0.0653262 -0.00494751 0)
(0.0667557 -0.00520866 0)
(0.0681893 -0.00547935 0)
(0.0696271 -0.00575937 0)
(0.0710688 -0.00604832 0)
(0.0725139 -0.00634558 0)
(0.0739615 -0.00665033 0)
(0.0754104 -0.00696151 0)
(0.0768593 -0.00727785 0)
(0.0783061 -0.00759781 0)
(0.0797489 -0.00791966 0)
(0.0811849 -0.00824139 0)
(0.0826114 -0.00856079 0)
(0.0840249 -0.00887543 0)
(0.085422 -0.00918271 0)
(0.0867986 -0.00947984 0)
(0.0881504 -0.00976388 0)
(0.0894727 -0.0100318 0)
(0.0907606 -0.0102804 0)
(0.0920089 -0.0105067 0)
(0.0932123 -0.0107074 0)
(0.0943651 -0.0108795 0)
(0.0954619 -0.0110201 0)
(0.0964971 -0.0111263 0)
(0.0974652 -0.0111956 0)
(0.0983611 -0.011226 0)
(0.0991799 -0.0112154 0)
(0.0999173 -0.0111625 0)
(0.10057 -0.0110665 0)
(0.101134 -0.0109269 0)
(0.101608 -0.010744 0)
(0.101991 -0.0105187 0)
(0.102283 -0.0102524 0)
(0.102484 -0.00994702 0)
(0.102598 -0.00960529 0)
(0.102626 -0.00923028 0)
(0.102575 -0.00882555 0)
(0.102447 -0.008395 0)
(0.102251 -0.00794283 0)
(0.101992 -0.00747338 0)
(0.101677 -0.00699108 0)
(0.101314 -0.0065003 0)
(0.100911 -0.00600528 0)
(0.100474 -0.00551006 0)
(0.100011 -0.00501838 0)
(0.0995282 -0.00453366 0)
(0.0990327 -0.00405894 0)
(0.0985299 -0.00359687 0)
(0.0980249 -0.00314968 0)
(0.0975221 -0.00271924 0)
(0.0970253 -0.002307 0)
(0.0965377 -0.00191408 0)
(0.0960617 -0.00154127 0)
(0.0955992 -0.00118906 0)
(0.0951517 -0.000857677 0)
(0.0947201 -0.000547139 0)
(0.0943048 -0.00025726 0)
(0.093906 1.23022e-05 0)
(0.0935236 0.000262022 0)
(0.0931571 0.000492477 0)
(0.0928059 0.000704328 0)
(0.0924694 0.000898298 0)
(0.0921467 0.00107515 0)
(0.0918368 0.00123569 0)
(0.0915388 0.00138073 0)
(0.0912518 0.0015111 0)
(0.0909747 0.0016276 0)
(0.0907066 0.00173107 0)
(0.0904467 0.00182229 0)
(0.0901939 0.00190206 0)
(0.0899476 0.00197114 0)
(0.0897069 0.00203026 0)
(0.0894711 0.00208013 0)
(0.0892397 0.00212144 0)
(0.089012 0.00215484 0)
(0.0887875 0.00218095 0)
(0.0885657 0.00220037 0)
(0.0883463 0.00221365 0)
(0.0881288 0.00222132 0)
(0.087913 0.00222388 0)
(0.0876986 0.00222179 0)
(0.0874854 0.00221549 0)
(0.0872731 0.00220537 0)
(0.0870617 0.00219182 0)
(0.0868509 0.00217516 0)
(0.0866408 0.00215572 0)
(0.0864311 0.00213377 0)
(0.0862219 0.00210958 0)
(0.0860131 0.00208337 0)
(0.0858047 0.00205536 0)
(0.0855967 0.00202573 0)
(0.0853891 0.00199463 0)
(0.0851819 0.0019622 0)
(0.0849751 0.00192857 0)
(0.0847688 0.00189383 0)
(0.0845629 0.00185808 0)
(0.0843577 0.00182137 0)
(0.084153 0.00178378 0)
(0.083949 0.00174533 0)
(0.0837457 0.00170606 0)
(0.0835432 0.00166599 0)
(0.0833416 0.00162515 0)
(0.0831409 0.00158354 0)
(0.0829412 0.00154116 0)
(0.0827428 0.00149801 0)
(0.0825455 0.0014541 0)
(0.0823496 0.00140942 0)
(0.0821551 0.00136397 0)
(0.0819622 0.00131774 0)
(0.0817709 0.00127073 0)
(0.0815815 0.00122295 0)
(0.081394 0.0011744 0)
(0.0812086 0.0011251 0)
(0.0810255 0.00107505 0)
(0.0808447 0.00102427 0)
(0.0806664 0.000972793 0)
(0.0804908 0.000920647 0)
(0.080318 0.00086787 0)
(0.0801482 0.000814504 0)
(0.0799815 0.000760598 0)
(0.0798182 0.00070621 0)
(0.0796582 0.000651401 0)
(0.0795018 0.00059624 0)
(0.0793492 0.000540802 0)
(0.0792004 0.000485168 0)
(0.0790556 0.000429424 0)
(0.0789149 0.000373662 0)
(0.0787784 0.00031798 0)
(0.0786463 0.00026248 0)
(0.0785185 0.000207269 0)
(0.0783953 0.000152458 0)
(0.0782766 9.81624e-05 0)
(0.0781625 4.45004e-05 0)
(0.078053 -8.40582e-06 0)
(0.0779482 -6.04318e-05 0)
(0.0778481 -0.000111451 0)
(0.0777526 -0.000161334 0)
(0.0776617 -0.000209952 0)
(0.0775753 -0.000257175 0)
(0.0774935 -0.000302871 0)
(0.077416 -0.000346913 0)
(0.0773429 -0.000389171 0)
(0.077274 -0.00042952 0)
(0.0772092 -0.000467839 0)
(0.0771483 -0.000504008 0)
(0.0770912 -0.000537915 0)
(0.0770377 -0.000569455 0)
(0.0769877 -0.000598528 0)
(0.0769409 -0.000625046 0)
(0.0768973 -0.000648929 0)
(0.0768565 -0.00067011 0)
(0.0768183 -0.000688536 0)
(0.0767827 -0.000704167 0)
(0.0767493 -0.000716982 0)
(0.0767181 -0.000726975 0)
(0.0766887 -0.000734161 0)
(0.076661 -0.000738573 0)
(0.0766348 -0.000740266 0)
(0.07661 -0.000739315 0)
(0.0765864 -0.000735813 0)
(0.0765639 -0.000729864 0)
(0.0765424 -0.00072158 0)
(0.0765218 -0.00071106 0)
(0.0765022 -0.00069835 0)
(0.0764837 -0.000683469 0)
(0.0764665 -0.000666097 0)
(0.0764512 -0.000647603 0)
(0.0764414 -0.000603737 0)
(0.0344491 -1.79558e-06 0)
(0.0346035 -0.000145885 0)
(0.034921 -0.000263376 0)
(0.0353539 -0.00032573 0)
(0.0358494 -0.000363898 0)
(0.0364887 -0.000438561 0)
(0.0371487 -0.000317745 0)
(0.0378272 -0.000770454 0)
(0.0908646 -5.46317e-06 0)
(0.0906415 -0.000126352 0)
(0.0905745 -0.00028905 0)
(0.0906088 -0.000454428 0)
(0.0907531 -0.000632437 0)
(0.0909824 -0.000809384 0)
(0.0913266 -0.00100402 0)
(0.0921995 -0.00166806 0)
(0.128437 -9.21542e-06 0)
(0.128259 -8.96621e-05 0)
(0.128172 -0.000213 0)
(0.128132 -0.00036999 0)
(0.12812 -0.00055298 0)
(0.128138 -0.00076558 0)
(0.128225 -0.00109201 0)
(0.128222 -0.00151022 0)
(0.147212 -1.31335e-05 0)
(0.147034 -0.000100262 0)
(0.146936 -0.000214267 0)
(0.146873 -0.000355486 0)
(0.146822 -0.000527279 0)
(0.146779 -0.000747648 0)
(0.14672 -0.0010153 0)
(0.146652 -0.00136946 0)
(0.147217 -1.84312e-05 0)
(0.147038 -0.000107905 0)
(0.146928 -0.000206775 0)
(0.146841 -0.000325153 0)
(0.14675 -0.000473937 0)
(0.146637 -0.000659434 0)
(0.146491 -0.000896975 0)
(0.146285 -0.00118706 0)
(0.12845 -2.61781e-05 0)
(0.128254 -0.000124012 0)
(0.128113 -0.000209747 0)
(0.127975 -0.000303383 0)
(0.127815 -0.000420009 0)
(0.127616 -0.00057082 0)
(0.127362 -0.000759282 0)
(0.127036 -0.000984818 0)
(0.0908857 -4.01687e-05 0)
(0.0906067 -0.000102682 0)
(0.0903889 -0.000133487 0)
(0.0901712 -0.000175055 0)
(0.0899261 -0.000245951 0)
(0.0896305 -0.000350131 0)
(0.0892621 -0.000484649 0)
(0.0887983 -0.00064087 0)
(0.0344546 -4.62359e-05 0)
(0.0343723 -2.49289e-05 0)
(0.0343205 7.1192e-06 0)
(0.034267 5.91931e-06 0)
(0.0341539 -2.6865e-05 0)
(0.0339534 -7.90702e-05 0)
(0.0336503 -0.000137856 0)
(0.0332396 -0.000192654 0)
(0.0404994 -0.00349865 0)
(0.0434116 -0.00319558 0)
(0.0460547 -0.00288108 0)
(0.0486227 -0.00257531 0)
(0.0509787 -0.00242715 0)
(0.0531737 -0.00237429 0)
(0.0552294 -0.00238754 0)
(0.0571714 -0.00243903 0)
(0.0590186 -0.00251349 0)
(0.0607852 -0.00260159 0)
(0.0624817 -0.00269835 0)
(0.0641164 -0.00280099 0)
(0.0656957 -0.00290809 0)
(0.067225 -0.00301894 0)
(0.0687089 -0.00313331 0)
(0.0701513 -0.00325119 0)
(0.0715557 -0.00337278 0)
(0.0729254 -0.00349837 0)
(0.074263 -0.00362834 0)
(0.0755713 -0.00376316 0)
(0.0768527 -0.0039033 0)
(0.0781093 -0.00404928 0)
(0.0793432 -0.00420165 0)
(0.0805562 -0.00436094 0)
(0.0817501 -0.00452771 0)
(0.0829265 -0.00470248 0)
(0.0840866 -0.00488575 0)
(0.0852318 -0.005078 0)
(0.0863631 -0.00527964 0)
(0.0874813 -0.00549103 0)
(0.0885871 -0.00571243 0)
(0.089681 -0.005944 0)
(0.0907631 -0.0061858 0)
(0.0918336 -0.00643773 0)
(0.0928921 -0.00669955 0)
(0.0939381 -0.00697081 0)
(0.0949708 -0.0072509 0)
(0.0959892 -0.00753897 0)
(0.0969917 -0.00783396 0)
(0.0979767 -0.00813456 0)
(0.0989421 -0.00843921 0)
(0.0998854 -0.00874609 0)
(0.100804 -0.00905313 0)
(0.101694 -0.00935803 0)
(0.102553 -0.0096582 0)
(0.103377 -0.00995088 0)
(0.104161 -0.0102331 0)
(0.1049 -0.0105016 0)
(0.105591 -0.0107532 0)
(0.106228 -0.0109844 0)
(0.106806 -0.0111918 0)
(0.107319 -0.0113719 0)
(0.107762 -0.0115213 0)
(0.10813 -0.0116368 0)
(0.108418 -0.0117153 0)
(0.108621 -0.0117541 0)
(0.108735 -0.0117507 0)
(0.108757 -0.0117032 0)
(0.108684 -0.0116102 0)
(0.108514 -0.0114709 0)
(0.108247 -0.0112852 0)
(0.107884 -0.0110536 0)
(0.107427 -0.0107775 0)
(0.106879 -0.0104588 0)
(0.106246 -0.0101002 0)
(0.105534 -0.00970519 0)
(0.10475 -0.00927757 0)
(0.103903 -0.00882175 0)
(0.103003 -0.00834242 0)
(0.10206 -0.00784452 0)
(0.101084 -0.00733305 0)
(0.100086 -0.00681299 0)
(0.0990771 -0.00628911 0)
(0.098066 -0.00576595 0)
(0.0970626 -0.00524765 0)
(0.0960754 -0.00473794 0)
(0.0951118 -0.00424007 0)
(0.0941785 -0.00375683 0)
(0.093281 -0.00329048 0)
(0.0924235 -0.00284283 0)
(0.0916094 -0.00241523 0)
(0.0908411 -0.00200866 0)
(0.09012 -0.00162369 0)
(0.0894466 -0.00126061 0)
(0.088821 -0.000919431 0)
(0.0882424 -0.000599945 0)
(0.0877096 -0.000301765 0)
(0.087221 -2.43609e-05 0)
(0.0867746 0.000232904 0)
(0.0863682 0.000470748 0)
(0.0859995 0.000689945 0)
(0.0856661 0.000891304 0)
(0.0853653 0.00107566 0)
(0.0850948 0.00124384 0)
(0.084852 0.0013967 0)
(0.0846345 0.00153505 0)
(0.08444 0.00165972 0)
(0.0842662 0.00177148 0)
(0.0841109 0.00187112 0)
(0.0839723 0.00195938 0)
(0.0838484 0.00203698 0)
(0.0837374 0.00210461 0)
(0.0836378 0.00216294 0)
(0.0835481 0.00221261 0)
(0.0834668 0.00225423 0)
(0.0833928 0.00228838 0)
(0.083325 0.00231562 0)
(0.0832622 0.00233648 0)
(0.0832036 0.00235146 0)
(0.0831483 0.00236104 0)
(0.0830957 0.00236565 0)
(0.083045 0.00236573 0)
(0.0829958 0.00236167 0)
(0.0829475 0.00235384 0)
(0.0828997 0.00234258 0)
(0.0828519 0.0023282 0)
(0.0828039 0.00231101 0)
(0.0827555 0.00229127 0)
(0.0827062 0.00226923 0)
(0.0826561 0.00224511 0)
(0.0826049 0.00221911 0)
(0.0825524 0.00219142 0)
(0.0824985 0.00216218 0)
(0.0824433 0.00213153 0)
(0.0823866 0.00209961 0)
(0.0823283 0.00206651 0)
(0.0822684 0.00203232 0)
(0.0822069 0.00199712 0)
(0.0821439 0.00196096 0)
(0.0820792 0.00192388 0)
(0.0820129 0.00188593 0)
(0.081945 0.00184712 0)
(0.0818755 0.00180748 0)
(0.0818045 0.00176702 0)
(0.081732 0.00172573 0)
(0.081658 0.00168362 0)
(0.0815825 0.00164068 0)
(0.0815056 0.0015969 0)
(0.0814274 0.00155228 0)
(0.0813479 0.00150681 0)
(0.0812671 0.00146047 0)
(0.0811851 0.00141328 0)
(0.081102 0.00136521 0)
(0.0810178 0.00131627 0)
(0.0809326 0.00126647 0)
(0.0808465 0.00121582 0)
(0.0807595 0.00116433 0)
(0.0806718 0.00111202 0)
(0.0805835 0.00105892 0)
(0.0804945 0.00100506 0)
(0.080405 0.000950491 0)
(0.0803151 0.000895252 0)
(0.080225 0.000839402 0)
(0.0801346 0.000783002 0)
(0.0800441 0.000726123 0)
(0.0799535 0.00066884 0)
(0.0798631 0.000611237 0)
(0.0797728 0.000553405 0)
(0.0796828 0.000495441 0)
(0.0795932 0.000437447 0)
(0.0795039 0.000379534 0)
(0.0794152 0.000321815 0)
(0.0793271 0.000264412 0)
(0.0792397 0.000207448 0)
(0.079153 0.000151054 0)
(0.079067 9.53613e-05 0)
(0.0789819 4.05074e-05 0)
(0.0788977 -1.33688e-05 0)
(0.0788144 -6.6126e-05 0)
(0.0787319 -0.000117621 0)
(0.0786505 -0.000167711 0)
(0.0785699 -0.000216253 0)
(0.0784903 -0.000263103 0)
(0.0784116 -0.000308122 0)
(0.0783339 -0.000351171 0)
(0.078257 -0.000392116 0)
(0.0781809 -0.000430829 0)
(0.0781057 -0.000467187 0)
(0.0780312 -0.000501075 0)
(0.0779575 -0.000532386 0)
(0.0778844 -0.000561026 0)
(0.077812 -0.00058691 0)
(0.0777401 -0.000609967 0)
(0.0776688 -0.000630142 0)
(0.077598 -0.000647396 0)
(0.0775276 -0.000661708 0)
(0.0774576 -0.000673078 0)
(0.0773881 -0.000681527 0)
(0.0773189 -0.000687098 0)
(0.07725 -0.000689858 0)
(0.0771816 -0.0006899 0)
(0.0771136 -0.000687338 0)
(0.0770462 -0.000682309 0)
(0.0769793 -0.000674966 0)
(0.0769132 -0.000665473 0)
(0.0768482 -0.000653968 0)
(0.0767845 -0.000640606 0)
(0.0767229 -0.000625334 0)
(0.0766643 -0.000609923 0)
(0.0766137 -0.000573178 0)
(0.0928313 -0.00217462 0)
(0.0928915 -0.00265044 0)
(0.0931959 -0.00292049 0)
(0.0936602 -0.00310517 0)
(0.0942797 -0.00324713 0)
(0.0949942 -0.00337125 0)
(0.0957707 -0.00348612 0)
(0.096584 -0.00359467 0)
(0.0974177 -0.00369809 0)
(0.0982605 -0.00379719 0)
(0.0991046 -0.0038929 0)
(0.0999442 -0.00398626 0)
(0.100775 -0.00407837 0)
(0.101595 -0.00417031 0)
(0.1024 -0.00426309 0)
(0.103189 -0.00435767 0)
(0.103962 -0.00445492 0)
(0.104717 -0.00455565 0)
(0.105453 -0.00466062 0)
(0.106171 -0.00477055 0)
(0.10687 -0.00488612 0)
(0.107549 -0.00500797 0)
(0.10821 -0.00513672 0)
(0.108852 -0.00527295 0)
(0.109474 -0.00541722 0)
(0.110078 -0.00557003 0)
(0.110662 -0.00573184 0)
(0.111227 -0.00590308 0)
(0.111773 -0.00608406 0)
(0.112298 -0.00627505 0)
(0.112804 -0.00647621 0)
(0.113288 -0.00668757 0)
(0.11375 -0.00690904 0)
(0.11419 -0.00714038 0)
(0.114605 -0.00738116 0)
(0.114994 -0.00763075 0)
(0.115355 -0.00788832 0)
(0.115687 -0.00815281 0)
(0.115987 -0.00842289 0)
(0.116252 -0.00869699 0)
(0.116479 -0.00897326 0)
(0.116665 -0.00924956 0)
(0.116806 -0.0095235 0)
(0.116899 -0.0097924 0)
(0.116938 -0.0100533 0)
(0.11692 -0.0103032 0)
(0.116839 -0.0105386 0)
(0.116691 -0.0107559 0)
(0.11647 -0.0109517 0)
(0.116172 -0.0111223 0)
(0.115791 -0.0112638 0)
(0.115324 -0.0113728 0)
(0.114765 -0.0114459 0)
(0.11411 -0.0114798 0)
(0.113357 -0.0114719 0)
(0.112504 -0.0114197 0)
(0.111551 -0.0113215 0)
(0.110496 -0.0111762 0)
(0.109343 -0.0109836 0)
(0.108095 -0.010744 0)
(0.106758 -0.0104587 0)
(0.105338 -0.01013 0)
(0.103845 -0.00976089 0)
(0.102289 -0.00935507 0)
(0.100682 -0.00891696 0)
(0.0990377 -0.00845149 0)
(0.0973685 -0.00796395 0)
(0.0956891 -0.00745984 0)
(0.0940135 -0.00694468 0)
(0.0923555 -0.00642385 0)
(0.0907281 -0.00590248 0)
(0.0891433 -0.00538525 0)
(0.0876119 -0.00487639 0)
(0.086143 -0.00437956 0)
(0.0847443 -0.0038978 0)
(0.083422 -0.00343358 0)
(0.0821805 -0.0029888 0)
(0.0810226 -0.0025648 0)
(0.07995 -0.00216244 0)
(0.0789628 -0.00178219 0)
(0.0780603 -0.00142413 0)
(0.0772406 -0.00108806 0)
(0.0765011 -0.000773564 0)
(0.0758388 -0.000480036 0)
(0.0752499 -0.000206754 0)
(0.0747306 4.70888e-05 0)
(0.0742767 0.000282352 0)
(0.0738839 0.000499918 0)
(0.0735481 0.000700673 0)
(0.0732648 0.000885493 0)
(0.0730301 0.00105523 0)
(0.0728397 0.00121072 0)
(0.07269 0.00135275 0)
(0.0725772 0.00148209 0)
(0.0724977 0.00159945 0)
(0.0724483 0.00170554 0)
(0.0724259 0.00180102 0)
(0.0724275 0.0018865 0)
(0.0724506 0.0019626 0)
(0.0724925 0.00202988 0)
(0.072551 0.00208889 0)
(0.072624 0.00214015 0)
(0.0727094 0.00218415 0)
(0.0728055 0.00222137 0)
(0.0729106 0.00225227 0)
(0.0730234 0.00227728 0)
(0.0731423 0.00229681 0)
(0.0732662 0.00231125 0)
(0.073394 0.00232099 0)
(0.0735248 0.00232638 0)
(0.0736575 0.00232775 0)
(0.0737915 0.00232543 0)
(0.073926 0.00231972 0)
(0.0740604 0.00231089 0)
(0.0741941 0.00229922 0)
(0.0743268 0.00228495 0)
(0.0744579 0.0022683 0)
(0.0745871 0.00224949 0)
(0.0747141 0.00222872 0)
(0.0748387 0.00220614 0)
(0.0749605 0.00218193 0)
(0.0750794 0.00215623 0)
(0.0751952 0.00212915 0)
(0.0753078 0.00210082 0)
(0.075417 0.00207132 0)
(0.0755229 0.00204073 0)
(0.0756252 0.00200914 0)
(0.0757239 0.00197658 0)
(0.075819 0.00194311 0)
(0.0759104 0.00190876 0)
(0.0759981 0.00187356 0)
(0.076082 0.00183751 0)
(0.0761622 0.00180064 0)
(0.0762386 0.00176295 0)
(0.0763111 0.00172443 0)
(0.0763799 0.00168507 0)
(0.0764447 0.00164488 0)
(0.0765058 0.00160383 0)
(0.0765629 0.00156192 0)
(0.0766162 0.00151913 0)
(0.0766657 0.00147546 0)
(0.0767112 0.00143089 0)
(0.0767529 0.00138542 0)
(0.0767907 0.00133905 0)
(0.0768246 0.00129178 0)
(0.0768546 0.00124362 0)
(0.0768807 0.00119457 0)
(0.076903 0.00114466 0)
(0.0769215 0.0010939 0)
(0.0769361 0.00104234 0)
(0.0769469 0.00099001 0)
(0.0769539 0.000936951 0)
(0.0769572 0.000883219 0)
(0.0769566 0.000828873 0)
(0.0769524 0.000773983 0)
(0.0769445 0.000718621 0)
(0.076933 0.000662872 0)
(0.0769178 0.000606825 0)
(0.0768991 0.000550577 0)
(0.0768769 0.000494231 0)
(0.0768512 0.000437898 0)
(0.0768221 0.000381694 0)
(0.0767895 0.000325741 0)
(0.0767537 0.000270166 0)
(0.0767145 0.000215102 0)
(0.0766722 0.000160685 0)
(0.0766266 0.000107056 0)
(0.0765779 5.43568e-05 0)
(0.0765262 2.73394e-06 0)
(0.0764714 -4.76657e-05 0)
(0.0764136 -9.66945e-05 0)
(0.0763529 -0.000144205 0)
(0.0762894 -0.00019005 0)
(0.076223 -0.000234087 0)
(0.0761539 -0.000276174 0)
(0.0760822 -0.000316174 0)
(0.0760078 -0.000353958 0)
(0.0759309 -0.000389401 0)
(0.0758515 -0.000422389 0)
(0.0757697 -0.000452817 0)
(0.0756857 -0.00048059 0)
(0.0755995 -0.000505629 0)
(0.0755112 -0.000527868 0)
(0.075421 -0.000547256 0)
(0.075329 -0.000563762 0)
(0.0752352 -0.000577375 0)
(0.07514 -0.000588103 0)
(0.0750434 -0.000595981 0)
(0.0749457 -0.000601066 0)
(0.074847 -0.000603442 0)
(0.0747475 -0.000603224 0)
(0.0746475 -0.000600554 0)
(0.0745473 -0.000595608 0)
(0.0744472 -0.00058859 0)
(0.0743476 -0.000579749 0)
(0.0742488 -0.000569333 0)
(0.0741517 -0.000557685 0)
(0.0740568 -0.000544984 0)
(0.0739654 -0.0005344 0)
(0.0738816 -0.000508156 0)
(0.12815 -0.00212481 0)
(0.128098 -0.00262487 0)
(0.128028 -0.00299742 0)
(0.128005 -0.00327226 0)
(0.128032 -0.00348618 0)
(0.128102 -0.00366193 0)
(0.128206 -0.00381267 0)
(0.128335 -0.00394575 0)
(0.128478 -0.0040655 0)
(0.12863 -0.00417484 0)
(0.128785 -0.00427599 0)
(0.128939 -0.00437082 0)
(0.129087 -0.00446101 0)
(0.129227 -0.00454808 0)
(0.129356 -0.00463342 0)
(0.129473 -0.0047183 0)
(0.129575 -0.00480391 0)
(0.129661 -0.00489131 0)
(0.129729 -0.00498149 0)
(0.12978 -0.00507538 0)
(0.12981 -0.00517382 0)
(0.129821 -0.00527759 0)
(0.12981 -0.00538741 0)
(0.129777 -0.00550394 0)
(0.129721 -0.00562778 0)
(0.129641 -0.00575945 0)
(0.129537 -0.00589942 0)
(0.129406 -0.00604806 0)
(0.129248 -0.00620567 0)
(0.129062 -0.00637243 0)
(0.128846 -0.0065484 0)
(0.128598 -0.0067335 0)
(0.128317 -0.00692752 0)
(0.128 -0.00713005 0)
(0.127645 -0.00734048 0)
(0.127249 -0.007558 0)
(0.12681 -0.00778156 0)
(0.126324 -0.00800984 0)
(0.125789 -0.00824128 0)
(0.1252 -0.008474 0)
(0.124554 -0.00870585 0)
(0.123846 -0.00893439 0)
(0.123072 -0.00915689 0)
(0.122228 -0.00937035 0)
(0.121309 -0.00957152 0)
(0.12031 -0.00975694 0)
(0.119227 -0.00992302 0)
(0.118056 -0.010066 0)
(0.116791 -0.0101823 0)
(0.11543 -0.010268 0)
(0.11397 -0.0103198 0)
(0.112409 -0.0103343 0)
(0.110746 -0.0103088 0)
(0.108981 -0.0102407 0)
(0.107118 -0.0101285 0)
(0.105159 -0.00997101 0)
(0.10311 -0.00976812 0)
(0.10098 -0.00952054 0)
(0.0987783 -0.00922993 0)
(0.0965168 -0.00889888 0)
(0.0942092 -0.00853089 0)
(0.091871 -0.00813024 0)
(0.0895188 -0.00770188 0)
(0.08717 -0.00725123 0)
(0.0848422 -0.00678402 0)
(0.0825532 -0.00630608 0)
(0.0803196 -0.00582314 0)
(0.078157 -0.00534062 0)
(0.0760793 -0.0048635 0)
(0.0740985 -0.00439617 0)
(0.0722244 -0.00394235 0)
(0.0704643 -0.00350504 0)
(0.0688234 -0.00308652 0)
(0.0673047 -0.00268836 0)
(0.0659092 -0.00231151 0)
(0.0646361 -0.00195637 0)
(0.063483 -0.00162288 0)
(0.0624464 -0.00131063 0)
(0.0615219 -0.00101895 0)
(0.0607042 -0.000746985 0)
(0.0599876 -0.000493764 0)
(0.0593663 -0.000258272 0)
(0.0588341 -3.94818e-05 0)
(0.0583849 0.000163613 0)
(0.0580128 0.000351976 0)
(0.0577119 0.000526519 0)
(0.0574766 0.000688093 0)
(0.0573015 0.000837486 0)
(0.0571815 0.000975427 0)
(0.0571119 0.00110259 0)
(0.0570881 0.00121959 0)
(0.0571059 0.00132701 0)
(0.0571613 0.00142536 0)
(0.0572506 0.00151516 0)
(0.0573704 0.00159686 0)
(0.0575175 0.00167088 0)
(0.0576889 0.00173765 0)
(0.0578819 0.00179755 0)
(0.0580938 0.00185095 0)
(0.0583225 0.00189819 0)
(0.0585657 0.00193962 0)
(0.0588215 0.00197556 0)
(0.059088 0.00200633 0)
(0.0593635 0.00203222 0)
(0.0596466 0.00205353 0)
(0.0599358 0.00207053 0)
(0.0602298 0.0020835 0)
(0.0605276 0.0020927 0)
(0.060828 0.00209838 0)
(0.0611301 0.00210078 0)
(0.0614331 0.00210013 0)
(0.0617361 0.00209666 0)
(0.0620386 0.00209056 0)
(0.0623398 0.00208205 0)
(0.0626392 0.0020713 0)
(0.0629364 0.0020585 0)
(0.063231 0.00204381 0)
(0.0635224 0.00202737 0)
(0.0638105 0.00200933 0)
(0.0640949 0.00198982 0)
(0.0643753 0.00196895 0)
(0.0646515 0.00194682 0)
(0.0649234 0.00192354 0)
(0.0651907 0.00189917 0)
(0.0654533 0.00187379 0)
(0.0657111 0.00184746 0)
(0.0659639 0.00182023 0)
(0.0662116 0.00179214 0)
(0.0664542 0.00176321 0)
(0.0666916 0.00173349 0)
(0.0669236 0.00170297 0)
(0.0671503 0.00167167 0)
(0.0673714 0.00163959 0)
(0.067587 0.00160673 0)
(0.0677971 0.00157309 0)
(0.0680014 0.00153867 0)
(0.0682 0.00150343 0)
(0.0683927 0.00146739 0)
(0.0685796 0.00143052 0)
(0.0687605 0.00139281 0)
(0.0689354 0.00135426 0)
(0.0691042 0.00131484 0)
(0.0692668 0.00127457 0)
(0.0694232 0.00123342 0)
(0.0695733 0.00119141 0)
(0.069717 0.00114854 0)
(0.0698542 0.00110482 0)
(0.0699849 0.00106026 0)
(0.070109 0.0010149 0)
(0.0702264 0.000968747 0)
(0.0703371 0.00092185 0)
(0.0704411 0.000874248 0)
(0.0705382 0.00082599 0)
(0.0706284 0.000777133 0)
(0.0707116 0.000727741 0)
(0.0707879 0.000677885 0)
(0.0708572 0.000627644 0)
(0.0709194 0.000577104 0)
(0.0709746 0.000526357 0)
(0.0710226 0.000475503 0)
(0.0710636 0.000424648 0)
(0.0710975 0.000373903 0)
(0.0711243 0.000323387 0)
(0.071144 0.000273223 0)
(0.0711567 0.000223538 0)
(0.0711624 0.000174464 0)
(0.071161 0.000126136 0)
(0.0711528 7.86923e-05 0)
(0.0711376 3.22735e-05 0)
(0.0711157 -1.29796e-05 0)
(0.0710871 -5.69253e-05 0)
(0.0710519 -9.94228e-05 0)
(0.0710102 -0.000140333 0)
(0.0709621 -0.00017952 0)
(0.0709078 -0.000216851 0)
(0.0708474 -0.0002522 0)
(0.0707812 -0.000285446 0)
(0.0707092 -0.000316477 0)
(0.0706318 -0.00034519 0)
(0.0705491 -0.000371494 0)
(0.0704615 -0.000395308 0)
(0.070369 -0.000416567 0)
(0.0702722 -0.00043522 0)
(0.0701712 -0.000451233 0)
(0.0700664 -0.000464593 0)
(0.0699582 -0.000475304 0)
(0.0698468 -0.000483394 0)
(0.0697328 -0.000488914 0)
(0.0696164 -0.000491943 0)
(0.0694982 -0.000492585 0)
(0.0693784 -0.000490978 0)
(0.0692577 -0.000487294 0)
(0.0691364 -0.000481745 0)
(0.0690151 -0.000474586 0)
(0.0688943 -0.000466152 0)
(0.0687746 -0.000456795 0)
(0.0686568 -0.000447099 0)
(0.0685418 -0.000437075 0)
(0.0684299 -0.000431842 0)
(0.0683224 -0.000418778 0)
(0.14652 -0.00176464 0)
(0.14627 -0.00216692 0)
(0.145963 -0.00252937 0)
(0.145632 -0.00284109 0)
(0.1453 -0.00310618 0)
(0.144972 -0.00333227 0)
(0.144647 -0.00352625 0)
(0.144321 -0.00369368 0)
(0.14399 -0.00383902 0)
(0.14365 -0.003966 0)
(0.143297 -0.00407785 0)
(0.142928 -0.00417743 0)
(0.142542 -0.00426727 0)
(0.142136 -0.00434968 0)
(0.14171 -0.00442669 0)
(0.141262 -0.00450013 0)
(0.14079 -0.00457166 0)
(0.140295 -0.00464272 0)
(0.139774 -0.00471464 0)
(0.139227 -0.00478857 0)
(0.138654 -0.00486556 0)
(0.138052 -0.00494654 0)
(0.137422 -0.00503232 0)
(0.136761 -0.00512361 0)
(0.13607 -0.00522103 0)
(0.135345 -0.0053251 0)
(0.134587 -0.00543622 0)
(0.133793 -0.0055547 0)
(0.132961 -0.00568072 0)
(0.132089 -0.00581435 0)
(0.131175 -0.00595549 0)
(0.130217 -0.00610391 0)
(0.129211 -0.00625917 0)
(0.128155 -0.00642067 0)
(0.127046 -0.00658758 0)
(0.125879 -0.00675882 0)
(0.124653 -0.00693308 0)
(0.123362 -0.00710878 0)
(0.122003 -0.00728405 0)
(0.120572 -0.00745674 0)
(0.119064 -0.00762443 0)
(0.117477 -0.00778441 0)
(0.115805 -0.00793374 0)
(0.114045 -0.00806925 0)
(0.112194 -0.00818762 0)
(0.110248 -0.00828542 0)
(0.108206 -0.00835921 0)
(0.106066 -0.00840562 0)
(0.103828 -0.00842146 0)
(0.101493 -0.00840384 0)
(0.099064 -0.00835026 0)
(0.0965454 -0.00825878 0)
(0.0939437 -0.00812807 0)
(0.0912677 -0.00795759 0)
(0.0885285 -0.00774765 0)
(0.0857393 -0.00749949 0)
(0.0829154 -0.0072153 0)
(0.0800744 -0.00689826 0)
(0.0772351 -0.00655244 0)
(0.0744174 -0.0061827 0)
(0.0716419 -0.00579451 0)
(0.0689287 -0.0053937 0)
(0.0662972 -0.00498622 0)
(0.0637651 -0.00457785 0)
(0.0613481 -0.00417392 0)
(0.0590592 -0.00377915 0)
(0.0569084 -0.00339742 0)
(0.0549028 -0.00303174 0)
(0.0530467 -0.00268423 0)
(0.0513414 -0.00235615 0)
(0.0497859 -0.00204803 0)
(0.0483771 -0.00175979 0)
(0.0471104 -0.00149089 0)
(0.0459798 -0.00124046 0)
(0.0449787 -0.00100745 0)
(0.0440996 -0.000790696 0)
(0.0433352 -0.000589025 0)
(0.0426778 -0.000401297 0)
(0.0421199 -0.000226441 0)
(0.0416544 -6.34705e-05 0)
(0.0412744 8.85086e-05 0)
(0.0409733 0.000230298 0)
(0.0407449 0.000362615 0)
(0.0405835 0.000486095 0)
(0.0404835 0.000601306 0)
(0.04044 0.000708751 0)
(0.0404482 0.000808882 0)
(0.0405037 0.0009021 0)
(0.0406024 0.000988769 0)
(0.0407404 0.00106921 0)
(0.0409143 0.00114373 0)
(0.0411207 0.0012126 0)
(0.0413566 0.00127607 0)
(0.041619 0.00133437 0)
(0.0419053 0.00138772 0)
(0.042213 0.00143633 0)
(0.0425398 0.00148039 0)
(0.0428836 0.00152011 0)
(0.0432424 0.00155565 0)
(0.0436142 0.00158721 0)
(0.0439974 0.00161496 0)
(0.0443905 0.00163907 0)
(0.0447918 0.00165971 0)
(0.0452001 0.00167705 0)
(0.0456141 0.00169125 0)
(0.0460326 0.00170248 0)
(0.0464546 0.00171089 0)
(0.0468791 0.00171665 0)
(0.0473052 0.00171991 0)
(0.047732 0.00172082 0)
(0.0481589 0.00171953 0)
(0.0485851 0.00171617 0)
(0.04901 0.00171089 0)
(0.049433 0.00170381 0)
(0.0498537 0.00169506 0)
(0.0502716 0.00168475 0)
(0.0506863 0.001673 0)
(0.0510973 0.00165992 0)
(0.0515044 0.00164559 0)
(0.0519072 0.00163011 0)
(0.0523055 0.00161355 0)
(0.0526991 0.00159599 0)
(0.0530876 0.0015775 0)
(0.053471 0.00155812 0)
(0.0538489 0.00153792 0)
(0.0542213 0.00151692 0)
(0.054588 0.00149516 0)
(0.0549488 0.00147268 0)
(0.0553036 0.00144949 0)
(0.0556523 0.00142561 0)
(0.0559947 0.00140104 0)
(0.0563307 0.0013758 0)
(0.0566601 0.00134988 0)
(0.056983 0.00132328 0)
(0.057299 0.00129599 0)
(0.0576081 0.00126801 0)
(0.0579102 0.00123932 0)
(0.0582052 0.00120992 0)
(0.0584928 0.00117979 0)
(0.058773 0.00114893 0)
(0.0590456 0.00111733 0)
(0.0593104 0.00108497 0)
(0.0595674 0.00105186 0)
(0.0598164 0.00101799 0)
(0.0600572 0.00098336 0)
(0.0602897 0.000947985 0)
(0.0605138 0.000911871 0)
(0.0607292 0.000875034 0)
(0.0609358 0.000837497 0)
(0.0611335 0.000799285 0)
(0.0613222 0.000760432 0)
(0.0615017 0.000720978 0)
(0.0616719 0.000680967 0)
(0.0618326 0.000640454 0)
(0.0619837 0.000599496 0)
(0.0621251 0.000558159 0)
(0.0622567 0.000516516 0)
(0.0623785 0.000474645 0)
(0.0624902 0.00043263 0)
(0.062592 0.000390563 0)
(0.0626836 0.00034854 0)
(0.0627651 0.000306663 0)
(0.0628364 0.000265039 0)
(0.0628975 0.000223778 0)
(0.0629485 0.000182996 0)
(0.0629893 0.000142811 0)
(0.06302 0.000103344 0)
(0.0630408 6.47169e-05 0)
(0.0630515 2.70544e-05 0)
(0.0630525 -9.5202e-06 0)
(0.0630438 -4.48838e-05 0)
(0.0630256 -7.89151e-05 0)
(0.0629981 -0.000111496 0)
(0.0629616 -0.000142511 0)
(0.0629162 -0.000171852 0)
(0.0628622 -0.000199416 0)
(0.0628001 -0.000225106 0)
(0.06273 -0.000248837 0)
(0.0626525 -0.000270531 0)
(0.0625678 -0.000290122 0)
(0.0624765 -0.000307559 0)
(0.0623789 -0.000322801 0)
(0.0622757 -0.000335826 0)
(0.0621672 -0.000346624 0)
(0.0620541 -0.000355208 0)
(0.0619368 -0.000361605 0)
(0.061816 -0.000365866 0)
(0.0616923 -0.000368064 0)
(0.0615662 -0.000368293 0)
(0.0614383 -0.00036668 0)
(0.0613093 -0.000363378 0)
(0.0611797 -0.000358576 0)
(0.0610503 -0.00035252 0)
(0.0609214 -0.000345477 0)
(0.0607939 -0.000337866 0)
(0.0606683 -0.000330036 0)
(0.0605452 -0.000323064 0)
(0.0604258 -0.000315929 0)
(0.0603094 -0.000315451 0)
(0.0601908 -0.000317568 0)
(0.145998 -0.0015233 0)
(0.145629 -0.00186622 0)
(0.145181 -0.00218613 0)
(0.144672 -0.00246852 0)
(0.144114 -0.00271031 0)
(0.143515 -0.00291401 0)
(0.142877 -0.00308413 0)
(0.142203 -0.00322562 0)
(0.141494 -0.00334315 0)
(0.140748 -0.00344097 0)
(0.139968 -0.00352282 0)
(0.139154 -0.00359195 0)
(0.138307 -0.0036512 0)
(0.137428 -0.00370302 0)
(0.136516 -0.00374954 0)
(0.135573 -0.00379262 0)
(0.134599 -0.00383387 0)
(0.133595 -0.00387469 0)
(0.132559 -0.0039163 0)
(0.131491 -0.00395974 0)
(0.130392 -0.00400592 0)
(0.12926 -0.0040556 0)
(0.128094 -0.00410944 0)
(0.126893 -0.00416796 0)
(0.125656 -0.00423157 0)
(0.12438 -0.00430059 0)
(0.123064 -0.00437521 0)
(0.121706 -0.00445551 0)
(0.120304 -0.00454144 0)
(0.118853 -0.00463282 0)
(0.117353 -0.00472931 0)
(0.115799 -0.00483043 0)
(0.114189 -0.00493551 0)
(0.11252 -0.00504369 0)
(0.110787 -0.00515389 0)
(0.108988 -0.00526484 0)
(0.107118 -0.00537501 0)
(0.105176 -0.00548266 0)
(0.103156 -0.00558579 0)
(0.101057 -0.00568218 0)
(0.0988764 -0.00576941 0)
(0.0966115 -0.00584487 0)
(0.0942614 -0.00590581 0)
(0.0918258 -0.00594943 0)
(0.0893055 -0.00597291 0)
(0.0867027 -0.00597356 0)
(0.0840213 -0.00594888 0)
(0.0812667 -0.00589673 0)
(0.0784466 -0.00581545 0)
(0.0755708 -0.00570397 0)
(0.0726513 -0.00556196 0)
(0.0697023 -0.00538994 0)
(0.0667401 -0.00518932 0)
(0.0637829 -0.00496243 0)
(0.0608501 -0.00471252 0)
(0.0579622 -0.00444364 0)
(0.0551394 -0.00416044 0)
(0.0524016 -0.003868 0)
(0.0497672 -0.00357148 0)
(0.0472523 -0.00327585 0)
(0.0448706 -0.00298557 0)
(0.0426326 -0.00270442 0)
(0.0405454 -0.00243528 0)
(0.0386132 -0.00218012 0)
(0.0368369 -0.00194008 0)
(0.035215 -0.00171551 0)
(0.0337436 -0.0015062 0)
(0.0324172 -0.00131151 0)
(0.0312292 -0.00113056 0)
(0.030172 -0.000962358 0)
(0.0292378 -0.000805863 0)
(0.0284187 -0.000660091 0)
(0.0277069 -0.000524125 0)
(0.0270948 -0.000397137 0)
(0.0265753 -0.00027838 0)
(0.0261416 -0.000167186 0)
(0.0257874 -6.2955e-05 0)
(0.0255068 3.48524e-05 0)
(0.0252944 0.000126723 0)
(0.025145 0.000213095 0)
(0.025054 0.00029436 0)
(0.0250169 0.00037087 0)
(0.0250297 0.000442934 0)
(0.0250886 0.000510825 0)
(0.0251901 0.000574781 0)
(0.0253309 0.000635008 0)
(0.0255078 0.000691684 0)
(0.0257182 0.000744962 0)
(0.0259592 0.000794977 0)
(0.0262284 0.000841841 0)
(0.0265235 0.000885657 0)
(0.0268422 0.000926514 0)
(0.0271824 0.000964493 0)
(0.0275423 0.000999669 0)
(0.02792 0.00103211 0)
(0.0283137 0.00106189 0)
(0.0287219 0.00108908 0)
(0.029143 0.00111373 0)
(0.0295756 0.00113593 0)
(0.0300183 0.00115573 0)
(0.0304698 0.00117322 0)
(0.030929 0.00118847 0)
(0.0313946 0.00120156 0)
(0.0318658 0.00121256 0)
(0.0323414 0.00122155 0)
(0.0328205 0.00122863 0)
(0.0333023 0.00123388 0)
(0.033786 0.00123737 0)
(0.0342708 0.00123921 0)
(0.034756 0.00123947 0)
(0.035241 0.00123824 0)
(0.0357251 0.00123561 0)
(0.0362079 0.00123166 0)
(0.0366888 0.00122646 0)
(0.0371673 0.00122011 0)
(0.0376429 0.00121266 0)
(0.0381154 0.0012042 0)
(0.0385843 0.00119478 0)
(0.0390493 0.00118448 0)
(0.03951 0.00117335 0)
(0.0399662 0.00116144 0)
(0.0404176 0.00114879 0)
(0.040864 0.00113547 0)
(0.0413051 0.00112149 0)
(0.0417407 0.00110689 0)
(0.0421706 0.0010917 0)
(0.0425946 0.00107595 0)
(0.0430125 0.00105964 0)
(0.0434241 0.0010428 0)
(0.0438292 0.00102543 0)
(0.0442278 0.00100755 0)
(0.0446195 0.000989139 0)
(0.0450042 0.000970214 0)
(0.0453817 0.000950767 0)
(0.0457519 0.000930793 0)
(0.0461146 0.000910287 0)
(0.0464696 0.000889242 0)
(0.0468166 0.00086765 0)
(0.0471556 0.000845504 0)
(0.0474862 0.000822798 0)
(0.0478084 0.000799526 0)
(0.0481219 0.000775684 0)
(0.0484264 0.000751271 0)
(0.0487218 0.000726288 0)
(0.049008 0.00070074 0)
(0.0492845 0.000674634 0)
(0.0495513 0.000647981 0)
(0.0498082 0.000620798 0)
(0.0500549 0.000593103 0)
(0.0502912 0.000564924 0)
(0.0505169 0.000536288 0)
(0.0507319 0.000507231 0)
(0.0509359 0.000477793 0)
(0.0511287 0.000448019 0)
(0.0513103 0.00041796 0)
(0.0514805 0.000387671 0)
(0.051639 0.000357214 0)
(0.0517858 0.000326653 0)
(0.0519209 0.000296059 0)
(0.052044 0.000265508 0)
(0.0521552 0.000235078 0)
(0.0522544 0.000204852 0)
(0.0523415 0.000174915 0)
(0.0524167 0.000145357 0)
(0.05248 0.00011627 0)
(0.0525314 8.77442e-05 0)
(0.052571 5.98752e-05 0)
(0.0525989 3.27565e-05 0)
(0.0526154 6.48181e-06 0)
(0.0526207 -1.88567e-05 0)
(0.052615 -4.31688e-05 0)
(0.0525985 -6.63673e-05 0)
(0.0525716 -8.83688e-05 0)
(0.0525347 -0.000109095 0)
(0.0524881 -0.000128473 0)
(0.0524323 -0.000146437 0)
(0.0523678 -0.000162928 0)
(0.0522951 -0.000177896 0)
(0.0522146 -0.000191302 0)
(0.052127 -0.000203114 0)
(0.0520329 -0.000213313 0)
(0.0519329 -0.000221893 0)
(0.0518277 -0.000228859 0)
(0.0517179 -0.00023423 0)
(0.0516042 -0.000238038 0)
(0.0514873 -0.000240333 0)
(0.0513679 -0.000241178 0)
(0.0512467 -0.000240656 0)
(0.0511244 -0.000238869 0)
(0.0510016 -0.000235939 0)
(0.050879 -0.000232019 0)
(0.0507572 -0.000227289 0)
(0.0506368 -0.000221981 0)
(0.0505183 -0.000216362 0)
(0.0504022 -0.000210879 0)
(0.050289 -0.000205633 0)
(0.0501788 -0.000202689 0)
(0.0500727 -0.000199062 0)
(0.0499708 -0.000202067 0)
(0.0498565 -0.000219087 0)
(0.126617 -0.00123438 0)
(0.126093 -0.00148784 0)
(0.125466 -0.00172421 0)
(0.124744 -0.00193045 0)
(0.12394 -0.00210201 0)
(0.123061 -0.00223996 0)
(0.122116 -0.0023482 0)
(0.121111 -0.00243158 0)
(0.120052 -0.00249487 0)
(0.118944 -0.00254234 0)
(0.117791 -0.0025776 0)
(0.116599 -0.00260363 0)
(0.115371 -0.00262288 0)
(0.11411 -0.00263738 0)
(0.112819 -0.00264881 0)
(0.1115 -0.00265858 0)
(0.110153 -0.0026679 0)
(0.10878 -0.00267775 0)
(0.107381 -0.00268898 0)
(0.105957 -0.00270227 0)
(0.104506 -0.00271819 0)
(0.103028 -0.00273718 0)
(0.101522 -0.00275957 0)
(0.0999855 -0.0027856 0)
(0.098418 -0.00281538 0)
(0.0968171 -0.00284894 0)
(0.0951804 -0.00288619 0)
(0.0935056 -0.00292697 0)
(0.0917902 -0.00297095 0)
(0.0900315 -0.00301772 0)
(0.0882267 -0.00306673 0)
(0.0863732 -0.00311727 0)
(0.0844684 -0.00316851 0)
(0.0825096 -0.00321946 0)
(0.0804946 -0.00326895 0)
(0.0784217 -0.00331567 0)
(0.0762892 -0.00335817 0)
(0.0740965 -0.00339483 0)
(0.0718434 -0.00342395 0)
(0.0695309 -0.00344373 0)
(0.067161 -0.00345236 0)
(0.0647368 -0.00344807 0)
(0.0622633 -0.00342922 0)
(0.0597465 -0.00339438 0)
(0.0571946 -0.00334245 0)
(0.0546173 -0.00327279 0)
(0.0520261 -0.00318525 0)
(0.0494341 -0.00308032 0)
(0.0468557 -0.00295913 0)
(0.0443064 -0.00282341 0)
(0.0418025 -0.00267548 0)
(0.0393601 -0.00251809 0)
(0.0369948 -0.00235425 0)
(0.0347213 -0.00218706 0)
(0.0325521 -0.00201953 0)
(0.0304979 -0.00185432 0)
(0.0285664 -0.00169369 0)
(0.026763 -0.00153937 0)
(0.0250899 -0.00139251 0)
(0.0235474 -0.00125379 0)
(0.0221333 -0.00112343 0)
(0.020844 -0.00100133 0)
(0.0196748 -0.000887178 0)
(0.0186199 -0.000780549 0)
(0.0176734 -0.000680978 0)
(0.016829 -0.000588004 0)
(0.0160805 -0.000501199 0)
(0.0154215 -0.000420168 0)
(0.0148462 -0.000344545 0)
(0.0143489 -0.000273978 0)
(0.0139241 -0.000208121 0)
(0.0135667 -0.000146625 0)
(0.0132721 -8.9138e-05 0)
(0.0130358 -3.53065e-05 0)
(0.0128537 1.52154e-05 0)
(0.012722 6.27584e-05 0)
(0.0126373 0.000107629 0)
(0.0125964 0.000150105 0)
(0.0125962 0.000190427 0)
(0.0126342 0.000228802 0)
(0.0127076 0.000265399 0)
(0.0128143 0.000300357 0)
(0.0129521 0.000333781 0)
(0.0131189 0.000365753 0)
(0.013313 0.000396333 0)
(0.0135324 0.00042556 0)
(0.0137756 0.000453463 0)
(0.0140409 0.000480057 0)
(0.014327 0.00050535 0)
(0.0146324 0.000529344 0)
(0.0149556 0.000552038 0)
(0.0152955 0.000573429 0)
(0.0156507 0.000593513 0)
(0.0160201 0.000612286 0)
(0.0164026 0.000629749 0)
(0.0167969 0.000645902 0)
(0.0172021 0.000660748 0)
(0.017617 0.000674297 0)
(0.0180408 0.000686558 0)
(0.0184724 0.000697548 0)
(0.018911 0.000707285 0)
(0.0193556 0.000715794 0)
(0.0198055 0.0007231 0)
(0.0202597 0.000729235 0)
(0.0207176 0.000734232 0)
(0.0211785 0.000738129 0)
(0.0216415 0.000740965 0)
(0.0221061 0.000742781 0)
(0.0225716 0.000743621 0)
(0.0230375 0.000743529 0)
(0.0235031 0.000742552 0)
(0.023968 0.000740734 0)
(0.0244317 0.000738121 0)
(0.0248937 0.00073476 0)
(0.0253536 0.000730693 0)
(0.0258109 0.000725964 0)
(0.0262654 0.000720614 0)
(0.0267166 0.000714682 0)
(0.0271642 0.000708205 0)
(0.0276079 0.000701217 0)
(0.0280475 0.00069375 0)
(0.0284826 0.000685833 0)
(0.028913 0.000677491 0)
(0.0293384 0.000668747 0)
(0.0297586 0.00065962 0)
(0.0301735 0.000650128 0)
(0.0305827 0.000640284 0)
(0.0309861 0.000630098 0)
(0.0313834 0.00061958 0)
(0.0317745 0.000608736 0)
(0.0321592 0.000597568 0)
(0.0325373 0.000586078 0)
(0.0329085 0.000574267 0)
(0.0332727 0.000562134 0)
(0.0336297 0.000549674 0)
(0.0339792 0.000536887 0)
(0.0343211 0.000523767 0)
(0.0346551 0.000510311 0)
(0.0349811 0.000496516 0)
(0.0352988 0.00048238 0)
(0.0356079 0.0004679 0)
(0.0359084 0.000453077 0)
(0.0361998 0.000437912 0)
(0.0364821 0.000422408 0)
(0.036755 0.000406571 0)
(0.0370182 0.000390409 0)
(0.0372716 0.000373932 0)
(0.0375149 0.000357155 0)
(0.0377478 0.000340094 0)
(0.0379703 0.000322769 0)
(0.0381821 0.000305203 0)
(0.0383829 0.000287424 0)
(0.0385727 0.00026946 0)
(0.0387513 0.000251347 0)
(0.0389185 0.00023312 0)
(0.0390742 0.00021482 0)
(0.0392183 0.000196489 0)
(0.0393507 0.000178173 0)
(0.0394713 0.000159922 0)
(0.0395802 0.000141785 0)
(0.0396773 0.000123817 0)
(0.0397626 0.000106071 0)
(0.0398362 8.86039e-05 0)
(0.0398982 7.14728e-05 0)
(0.0399487 5.47348e-05 0)
(0.0399879 3.84473e-05 0)
(0.040016 2.26671e-05 0)
(0.0400332 7.44992e-06 0)
(0.0400398 -7.15023e-06 0)
(0.0400361 -2.10815e-05 0)
(0.0400224 -3.4295e-05 0)
(0.0399992 -4.67449e-05 0)
(0.0399669 -5.83896e-05 0)
(0.039926 -6.91918e-05 0)
(0.0398768 -7.91192e-05 0)
(0.0398201 -8.8145e-05 0)
(0.0397562 -9.62482e-05 0)
(0.0396859 -0.000103414 0)
(0.0396098 -0.000109636 0)
(0.0395283 -0.000114911 0)
(0.0394423 -0.000119248 0)
(0.0393523 -0.000122659 0)
(0.039259 -0.000125167 0)
(0.0391631 -0.000126802 0)
(0.0390652 -0.000127603 0)
(0.038966 -0.000127618 0)
(0.0388661 -0.000126903 0)
(0.038766 -0.000125526 0)
(0.0386664 -0.000123569 0)
(0.0385679 -0.000121128 0)
(0.0384708 -0.000118314 0)
(0.0383756 -0.000115272 0)
(0.0382826 -0.000112188 0)
(0.0381923 -0.000109192 0)
(0.0381045 -0.000106993 0)
(0.0380199 -0.000104654 0)
(0.0379373 -0.000106202 0)
(0.0378572 -0.000105793 0)
(0.0377837 -0.000110381 0)
(0.0376853 -0.000136937 0)
(0.0882201 -0.000805334 0)
(0.0875187 -0.000960108 0)
(0.0866977 -0.00109017 0)
(0.0857703 -0.00118789 0)
(0.0847537 -0.00125314 0)
(0.0836648 -0.00129061 0)
(0.082519 -0.00130683 0)
(0.0813291 -0.00130821 0)
(0.0801053 -0.00130002 0)
(0.0788558 -0.00128615 0)
(0.077587 -0.00126934 0)
(0.0763035 -0.0012514 0)
(0.0750088 -0.00123354 0)
(0.0737053 -0.00121658 0)
(0.0723945 -0.00120109 0)
(0.0710774 -0.00118748 0)
(0.0697541 -0.00117603 0)
(0.0684245 -0.00116693 0)
(0.067088 -0.00116029 0)
(0.0657435 -0.00115617 0)
(0.0643897 -0.00115453 0)
(0.0630252 -0.0011553 0)
(0.0616481 -0.00115835 0)
(0.0602567 -0.00116352 0)
(0.0588489 -0.00117058 0)
(0.0574228 -0.00117926 0)
(0.0559764 -0.00118925 0)
(0.0545078 -0.0012002 0)
(0.0530153 -0.00121168 0)
(0.0514971 -0.00122325 0)
(0.0499522 -0.00123438 0)
(0.0483794 -0.00124454 0)
(0.0467783 -0.00125312 0)
(0.0451489 -0.00125949 0)
(0.0434919 -0.00126302 0)
(0.0418085 -0.00126305 0)
(0.040101 -0.00125896 0)
(0.0383723 -0.00125017 0)
(0.0366266 -0.00123617 0)
(0.0348687 -0.00121657 0)
(0.0331047 -0.00119112 0)
(0.0313414 -0.00115976 0)
(0.0295865 -0.0011226 0)
(0.0278485 -0.00108002 0)
(0.0261362 -0.00103256 0)
(0.0244585 -0.000981022 0)
(0.0228244 -0.000926348 0)
(0.0212422 -0.000869602 0)
(0.0197198 -0.000811882 0)
(0.0182639 -0.000754241 0)
(0.0168802 -0.000697594 0)
(0.0155731 -0.00064265 0)
(0.0143458 -0.00058986 0)
(0.0132001 -0.000539406 0)
(0.0121369 -0.000491236 0)
(0.0111556 -0.000445143 0)
(0.0102551 -0.000400863 0)
(0.00943309 -0.000358195 0)
(0.00868676 -0.000317078 0)
(0.00801275 -0.00027762 0)
(0.00740738 -0.000240075 0)
(0.00686673 -0.000204759 0)
(0.0063868 -0.000171966 0)
(0.00596362 -0.000141886 0)
(0.00559334 -0.000114561 0)
(0.00527223 -8.98842e-05 0)
(0.00499678 -6.76291e-05 0)
(0.00476372 -4.74913e-05 0)
(0.00456998 -2.91382e-05 0)
(0.00441276 -1.22468e-05 0)
(0.00428948 3.47018e-06 0)
(0.0041978 1.82522e-05 0)
(0.0041356 3.2289e-05 0)
(0.00410095 4.57253e-05 0)
(0.00409214 5.86685e-05 0)
(0.00410762 7.11974e-05 0)
(0.00414598 8.33689e-05 0)
(0.00420598 9.52245e-05 0)
(0.00428648 0.000106793 0)
(0.00438646 0.000118096 0)
(0.00450496 0.000129146 0)
(0.0046411 0.000139949 0)
(0.00479408 0.000150507 0)
(0.00496312 0.000160815 0)
(0.00514748 0.000170864 0)
(0.00534646 0.000180644 0)
(0.00555935 0.000190137 0)
(0.00578548 0.000199326 0)
(0.0060242 0.000208193 0)
(0.00627483 0.000216716 0)
(0.00653673 0.000224875 0)
(0.00680924 0.000232649 0)
(0.00709171 0.000240021 0)
(0.00738349 0.00024697 0)
(0.00768394 0.000253482 0)
(0.00799242 0.000259543 0)
(0.00830829 0.00026514 0)
(0.00863091 0.000270266 0)
(0.00895966 0.000274913 0)
(0.00929393 0.000279079 0)
(0.0096331 0.000282762 0)
(0.00997658 0.000285965 0)
(0.0103238 0.000288691 0)
(0.0106742 0.000290949 0)
(0.0110271 0.000292746 0)
(0.0113822 0.000294096 0)
(0.0117388 0.00029501 0)
(0.0120966 0.000295504 0)
(0.0124549 0.000295594 0)
(0.0128133 0.000295297 0)
(0.0131715 0.000294631 0)
(0.013529 0.000293616 0)
(0.0138855 0.00029227 0)
(0.0142405 0.000290613 0)
(0.0145937 0.000288663 0)
(0.0149448 0.000286439 0)
(0.0152935 0.00028396 0)
(0.0156395 0.000281243 0)
(0.0159826 0.000278304 0)
(0.0163224 0.000275158 0)
(0.0166588 0.000271821 0)
(0.0169916 0.000268304 0)
(0.0173204 0.000264621 0)
(0.0176452 0.000260781 0)
(0.0179657 0.000256793 0)
(0.0182818 0.000252666 0)
(0.0185932 0.000248406 0)
(0.0188998 0.000244018 0)
(0.0192015 0.000239507 0)
(0.0194981 0.000234875 0)
(0.0197893 0.000230124 0)
(0.0200751 0.000225257 0)
(0.0203554 0.000220273 0)
(0.0206298 0.000215172 0)
(0.0208983 0.000209954 0)
(0.0211607 0.000204618 0)
(0.0214169 0.000199164 0)
(0.0216666 0.00019359 0)
(0.0219098 0.000187897 0)
(0.0221461 0.000182083 0)
(0.0223755 0.00017615 0)
(0.0225978 0.000170099 0)
(0.0228128 0.000163931 0)
(0.0230204 0.000157649 0)
(0.0232203 0.000151257 0)
(0.0234124 0.00014476 0)
(0.0235966 0.000138164 0)
(0.0237727 0.000131476 0)
(0.0239405 0.000124706 0)
(0.0240999 0.000117864 0)
(0.0242508 0.00011096 0)
(0.024393 0.000104009 0)
(0.0245265 9.70229e-05 0)
(0.0246512 9.00185e-05 0)
(0.024767 8.3012e-05 0)
(0.0248739 7.60209e-05 0)
(0.0249718 6.90638e-05 0)
(0.0250607 6.21602e-05 0)
(0.0251407 5.53302e-05 0)
(0.0252118 4.85943e-05 0)
(0.025274 4.19735e-05 0)
(0.0253275 3.54888e-05 0)
(0.0253724 2.91614e-05 0)
(0.0254089 2.30121e-05 0)
(0.025437 1.7061e-05 0)
(0.0254571 1.13278e-05 0)
(0.0254694 5.83133e-06 0)
(0.0254741 5.89136e-07 0)
(0.0254715 -4.38245e-06 0)
(0.025462 -9.06861e-06 0)
(0.0254458 -1.34562e-05 0)
(0.0254235 -1.75339e-05 0)
(0.0253953 -2.12925e-05 0)
(0.0253616 -2.47247e-05 0)
(0.025323 -2.78256e-05 0)
(0.0252798 -3.05925e-05 0)
(0.0252325 -3.30252e-05 0)
(0.0251815 -3.5126e-05 0)
(0.0251274 -3.68994e-05 0)
(0.0250706 -3.83527e-05 0)
(0.0250116 -3.94956e-05 0)
(0.0249507 -4.03405e-05 0)
(0.0248886 -4.09023e-05 0)
(0.0248256 -4.1199e-05 0)
(0.0247621 -4.12511e-05 0)
(0.0246986 -4.10829e-05 0)
(0.0246354 -4.07221e-05 0)
(0.0245728 -4.02012e-05 0)
(0.0245113 -3.95588e-05 0)
(0.0244509 -3.88392e-05 0)
(0.024392 -3.81076e-05 0)
(0.0243348 -3.7405e-05 0)
(0.0242791 -3.69306e-05 0)
(0.0242252 -3.64944e-05 0)
(0.0241727 -3.71463e-05 0)
(0.0241213 -3.70312e-05 0)
(0.0240718 -4.08204e-05 0)
(0.0240168 -4.2614e-05 0)
(0.0239769 -4.62065e-05 0)
(0.023894 -7.34096e-05 0)
(0.0327261 -0.000234614 0)
(0.0321262 -0.000257521 0)
(0.0314651 -0.000259816 0)
(0.0307692 -0.000245381 0)
(0.0300594 -0.000221244 0)
(0.0293492 -0.000194409 0)
(0.0286454 -0.000169812 0)
(0.0279511 -0.000149861 0)
(0.0272673 -0.000134981 0)
(0.0265942 -0.000124484 0)
(0.0259314 -0.000117295 0)
(0.0252787 -0.000112396 0)
(0.0246356 -0.000109011 0)
(0.0240012 -0.000106626 0)
(0.0233749 -0.000104933 0)
(0.0227554 -0.000103755 0)
(0.0221417 -0.000102986 0)
(0.0215325 -0.000102554 0)
(0.0209266 -0.000102396 0)
(0.0203226 -0.00010245 0)
(0.0197194 -0.000102652 0)
(0.0191158 -0.000102936 0)
(0.0185106 -0.000103234 0)
(0.017903 -0.000103478 0)
(0.0172921 -0.000103597 0)
(0.0166772 -0.000103522 0)
(0.0160579 -0.000103186 0)
(0.0154337 -0.000102523 0)
(0.0148046 -0.000101472 0)
(0.0141708 -9.99799e-05 0)
(0.0135326 -9.80044e-05 0)
(0.0128907 -9.55185e-05 0)
(0.012246 -9.25144e-05 0)
(0.0115998 -8.90077e-05 0)
(0.0109535 -8.50406e-05 0)
(0.0103089 -8.06838e-05 0)
(0.00966793 -7.60356e-05 0)
(0.00903281 -7.12178e-05 0)
(0.00840591 -6.6367e-05 0)
(0.0077897 -6.16222e-05 0)
(0.00718677 -5.71078e-05 0)
(0.00659968 -5.29143e-05 0)
(0.00603098 -4.90801e-05 0)
(0.00548309 -4.55776e-05 0)
(0.00495828 -4.23102e-05 0)
(0.00445859 -3.91215e-05 0)
(0.00398578 -3.58199e-05 0)
(0.00354123 -3.22157e-05 0)
(0.00312593 -2.8163e-05 0)
(0.00274044 -2.35975e-05 0)
(0.00238485 -1.85604e-05 0)
(0.00205878 -1.32004e-05 0)
(0.00176147 -7.75333e-06 0)
(0.00149186 -2.50202e-06 0)
(0.00124863 2.27254e-06 0)
(0.0010304 6.33825e-06 0)
(0.000835758 9.54625e-06 0)
(0.000663322 1.18464e-05 0)
(0.000511775 1.32834e-05 0)
(0.000379832 1.3977e-05 0)
(0.00026621 1.40945e-05 0)
(0.000169603 1.38212e-05 0)
(8.86837e-05 1.33345e-05 0)
(2.21243e-05 1.27851e-05 0)
(-3.13635e-05 1.22858e-05 0)
(-7.29849e-05 1.19083e-05 0)
(-0.000103827 1.16859e-05 0)
(-0.000124838 1.16209e-05 0)
(-0.000136825 1.16942e-05 0)
(-0.000140458 1.18755e-05 0)
(-0.000136292 1.21318e-05 0)
(-0.000124781 1.24341e-05 0)
(-0.000106301 1.27606e-05 0)
(-8.11629e-05 1.30984e-05 0)
(-4.96267e-05 1.34428e-05 0)
(-1.19102e-05 1.37953e-05 0)
(3.18022e-05 1.41613e-05 0)
(8.13543e-05 1.45481e-05 0)
(0.000136611 1.4963e-05 0)
(0.000197456 1.5412e-05 0)
(0.000263782 1.58987e-05 0)
(0.00033549 1.64247e-05 0)
(0.000412485 1.69892e-05 0)
(0.00049467 1.75894e-05 0)
(0.000581941 1.82208e-05 0)
(0.000674191 1.88777e-05 0)
(0.0007713 1.95537e-05 0)
(0.000873137 2.02419e-05 0)
(0.000979559 2.09351e-05 0)
(0.00109041 2.16263e-05 0)
(0.00120552 2.23086e-05 0)
(0.00132471 2.29756e-05 0)
(0.00144778 2.36211e-05 0)
(0.00157452 2.42396e-05 0)
(0.00170472 2.4826e-05 0)
(0.00183815 2.53759e-05 0)
(0.00197458 2.58853e-05 0)
(0.00211375 2.63509e-05 0)
(0.00225543 2.677e-05 0)
(0.00239937 2.71405e-05 0)
(0.0025453 2.74607e-05 0)
(0.00269299 2.77298e-05 0)
(0.00284217 2.79471e-05 0)
(0.00299261 2.81126e-05 0)
(0.00314405 2.8227e-05 0)
(0.00329625 2.82909e-05 0)
(0.00344899 2.83057e-05 0)
(0.00360204 2.8273e-05 0)
(0.00375518 2.81948e-05 0)
(0.00390821 2.80731e-05 0)
(0.00406092 2.79103e-05 0)
(0.00421313 2.7709e-05 0)
(0.00436465 2.74717e-05 0)
(0.00451533 2.72012e-05 0)
(0.004665 2.69002e-05 0)
(0.00481352 2.65713e-05 0)
(0.00496076 2.62173e-05 0)
(0.00510657 2.58407e-05 0)
(0.00525085 2.5444e-05 0)
(0.00539349 2.50295e-05 0)
(0.00553438 2.45993e-05 0)
(0.00567344 2.41557e-05 0)
(0.00581057 2.37003e-05 0)
(0.00594569 2.32348e-05 0)
(0.00607873 2.27608e-05 0)
(0.00620962 2.22794e-05 0)
(0.00633829 2.17919e-05 0)
(0.00646467 2.1299e-05 0)
(0.00658871 2.08016e-05 0)
(0.00671035 2.03003e-05 0)
(0.00682953 1.97955e-05 0)
(0.00694619 1.92876e-05 0)
(0.00706028 1.87767e-05 0)
(0.00717173 1.8263e-05 0)
(0.0072805 1.77466e-05 0)
(0.00738652 1.72274e-05 0)
(0.00748975 1.67055e-05 0)
(0.00759011 1.61807e-05 0)
(0.00768756 1.56532e-05 0)
(0.00778204 1.51228e-05 0)
(0.00787349 1.45897e-05 0)
(0.00796184 1.40539e-05 0)
(0.00804705 1.35155e-05 0)
(0.00812906 1.29749e-05 0)
(0.00820782 1.24324e-05 0)
(0.00828326 1.18883e-05 0)
(0.00835536 1.13433e-05 0)
(0.00842405 1.07979e-05 0)
(0.0084893 1.0253e-05 0)
(0.00855107 9.70925e-06 0)
(0.00860934 9.16765e-06 0)
(0.00866407 8.62918e-06 0)
(0.00871526 8.0949e-06 0)
(0.00876289 7.56594e-06 0)
(0.00880695 7.04346e-06 0)
(0.00884747 6.52866e-06 0)
(0.00888444 6.02274e-06 0)
(0.00891791 5.52689e-06 0)
(0.0089479 5.0423e-06 0)
(0.00897447 4.5701e-06 0)
(0.00899766 4.11137e-06 0)
(0.00901754 3.66712e-06 0)
(0.0090342 3.23829e-06 0)
(0.00904771 2.82569e-06 0)
(0.00905818 2.43006e-06 0)
(0.00906572 2.05199e-06 0)
(0.00907044 1.69197e-06 0)
(0.00907246 1.35036e-06 0)
(0.00907192 1.02737e-06 0)
(0.00906896 7.23109e-07 0)
(0.00906373 4.37524e-07 0)
(0.00905637 1.7045e-07 0)
(0.00904706 -7.84092e-08 0)
(0.00903594 -3.09475e-07 0)
(0.00902319 -5.23288e-07 0)
(0.00900896 -7.2051e-07 0)
(0.00899342 -9.01917e-07 0)
(0.00897675 -1.0684e-06 0)
(0.00895909 -1.22098e-06 0)
(0.00894061 -1.36079e-06 0)
(0.00892146 -1.48911e-06 0)
(0.0089018 -1.60735e-06 0)
(0.00888175 -1.71714e-06 0)
(0.00886146 -1.82029e-06 0)
(0.00884105 -1.91892e-06 0)
(0.00882062 -2.01552e-06 0)
(0.00880027 -2.11317e-06 0)
(0.00878008 -2.2154e-06 0)
(0.00876012 -2.32777e-06 0)
(0.00874042 -2.45453e-06 0)
(0.00872099 -2.61103e-06 0)
(0.00870179 -2.79112e-06 0)
(0.00868282 -3.06387e-06 0)
(0.00866367 -3.32717e-06 0)
(0.00864495 -3.92437e-06 0)
(0.00862384 -4.30539e-06 0)
(0.00860638 -5.59879e-06 0)
(0.00857542 -7.03751e-06 0)
(0.00856557 -7.35326e-06 0)
(0.00850505 -2.00517e-05 0)
)
;

boundaryField
{
    inlet
    {
        type            fixedProfile;
        profile         table
        
21
(
(0 (0 0 0))
(0.05 (0.0285 0 0))
(0.1 (0.054 0 0))
(0.15 (0.0765 0 0))
(0.2 (0.096 0 0))
(0.25 (0.1125 0 0))
(0.3 (0.126 0 0))
(0.35 (0.1365 0 0))
(0.4 (0.144 0 0))
(0.45 (0.1485 0 0))
(0.5 (0.15 0 0))
(0.55 (0.1485 0 0))
(0.6 (0.144 0 0))
(0.65 (0.1365 0 0))
(0.7 (0.126 0 0))
(0.75 (0.1125 0 0))
(0.8 (0.096 0 0))
(0.85 (0.0765 0 0))
(0.9 (0.054 0 0))
(0.95 (0.0285 0 0))
(1 (0 0 0))
)
;
        direction       (0 1 0);
        origin          1;
        value           nonuniform List<vector> 8((0.034875 0 0) (0.091125 0 0) (0.128625 0 0) (0.147375 0 0) (0.147375 0 0) (0.128625 0 0) (0.091125 0 0) (0.034875 0 0));
    }
    outlet
    {
        type            zeroGradient;
    }
    walls
    {
        type            noSlip;
    }
    symwall
    {
        type            empty;
    }
}


// ************************************************************************* //
