/*--------------------------------*- C++ -*----------------------------------*\
| =========                 |                                                 |
| \\      /  F ield         | OpenFOAM: The Open Source CFD Toolbox           |
|  \\    /   O peration     | Version:  4.1                                   |
|   \\  /    A nd           | Web:      www.OpenFOAM.org                      |
|    \\/     M anipulation  |                                                 |
\*---------------------------------------------------------------------------*/
FoamFile
{
    version     2.0;
    format      ascii;
    class       volVectorField;
    location    "585";
    object      U;
}
// * * * * * * * * * * * * * * * * * * * * * * * * * * * * * * * * * * * * * //

dimensions      [0 1 -1 0 0 0 0];

internalField   nonuniform List<vector> 
3264
(
(-2.64472e-06 -4.93325e-07 0)
(-0.000133144 3.05525e-05 0)
(-0.000389779 4.86561e-05 0)
(-0.000677097 5.09936e-05 0)
(-0.000979139 5.27192e-05 0)
(-0.00128529 5.21247e-05 0)
(-0.00159023 5.34259e-05 0)
(-0.00189533 5.40709e-05 0)
(-0.00219599 5.51777e-05 0)
(-0.00249296 5.5808e-05 0)
(-0.00278366 5.63727e-05 0)
(-0.00306833 5.66282e-05 0)
(-0.00334591 5.6738e-05 0)
(-0.00361651 5.66656e-05 0)
(-0.00387984 5.64862e-05 0)
(-0.00413604 5.62147e-05 0)
(-0.00438517 5.58926e-05 0)
(-0.0046274 5.55421e-05 0)
(-0.00486294 5.51899e-05 0)
(-0.00509199 5.48554e-05 0)
(-0.00531481 5.45573e-05 0)
(-0.0055316 5.43106e-05 0)
(-0.0057426 5.41281e-05 0)
(-0.00594798 5.40197e-05 0)
(-0.00614791 5.39923e-05 0)
(-0.00634247 5.40487e-05 0)
(-0.00653171 5.41874e-05 0)
(-0.00671557 5.44013e-05 0)
(-0.0068939 5.46773e-05 0)
(-0.00706643 5.4995e-05 0)
(-0.00723275 5.53261e-05 0)
(-0.0073923 5.56337e-05 0)
(-0.00754437 5.58722e-05 0)
(-0.00768804 5.59868e-05 0)
(-0.00782224 5.59148e-05 0)
(-0.0079457 5.55858e-05 0)
(-0.00805695 5.49239e-05 0)
(-0.00815437 5.38493e-05 0)
(-0.00823617 5.22813e-05 0)
(-0.00830042 5.01413e-05 0)
(-0.0083451 4.73557e-05 0)
(-0.00836811 4.38598e-05 0)
(-0.00836732 3.96007e-05 0)
(-0.00834062 3.45406e-05 0)
(-0.00828598 2.86592e-05 0)
(-0.00820147 2.19561e-05 0)
(-0.00808533 1.44518e-05 0)
(-0.00793602 6.18842e-06 0)
(-0.00775225 -2.7703e-06 0)
(-0.00753304 -1.234e-05 0)
(-0.00727774 -2.24172e-05 0)
(-0.00698607 -3.28814e-05 0)
(-0.00665813 -4.35979e-05 0)
(-0.00629443 -5.44208e-05 0)
(-0.00589589 -6.51963e-05 0)
(-0.00546383 -7.57664e-05 0)
(-0.00499998 -8.59726e-05 0)
(-0.00450645 -9.56592e-05 0)
(-0.00398573 -0.000104678 0)
(-0.00344063 -0.000112889 0)
(-0.00287427 -0.000120169 0)
(-0.00229002 -0.000126408 0)
(-0.00169149 -0.000131515 0)
(-0.00108243 -0.000135423 0)
(-0.000466724 -0.000138085 0)
(0.000151693 -0.000139476 0)
(0.000768877 -0.0001396 0)
(0.00138094 -0.000138481 0)
(0.00198409 -0.000136167 0)
(0.00257471 -0.000132728 0)
(0.0031494 -0.000128254 0)
(0.00370498 -0.000122853 0)
(0.0042386 -0.000116644 0)
(0.00474774 -0.000109759 0)
(0.00523022 -0.000102338 0)
(0.00568425 -9.4521e-05 0)
(0.00610843 -8.64492e-05 0)
(0.00650174 -7.82593e-05 0)
(0.00686356 -7.00803e-05 0)
(0.00719363 -6.20307e-05 0)
(0.00749206 -5.42164e-05 0)
(0.00775927 -4.67287e-05 0)
(0.007996 -3.96432e-05 0)
(0.00820323 -3.30195e-05 0)
(0.0083822 -2.69012e-05 0)
(0.0085343 -2.13165e-05 0)
(0.00866109 -1.62795e-05 0)
(0.00876424 -1.17913e-05 0)
(0.00884551 -7.8421e-06 0)
(0.00890666 -4.41272e-06 0)
(0.00894952 -1.47675e-06 0)
(0.00897584 9.97706e-07 0)
(0.00898739 3.04628e-06 0)
(0.00898584 4.70678e-06 0)
(0.00897281 6.01781e-06 0)
(0.00894981 7.01767e-06 0)
(0.00891829 7.74344e-06 0)
(0.00887955 8.23034e-06 0)
(0.00883483 8.51123e-06 0)
(0.00878525 8.61633e-06 0)
(0.00873182 8.57312e-06 0)
(0.00867546 8.40626e-06 0)
(0.00861698 8.13773e-06 0)
(0.0085571 7.7869e-06 0)
(0.00849647 7.37076e-06 0)
(0.00843565 6.9041e-06 0)
(0.00837511 6.39974e-06 0)
(0.00831527 5.8687e-06 0)
(0.00825649 5.32043e-06 0)
(0.00819904 4.76298e-06 0)
(0.00814319 4.20317e-06 0)
(0.00808912 3.64676e-06 0)
(0.008037 3.09854e-06 0)
(0.00798694 2.56248e-06 0)
(0.00793903 2.04182e-06 0)
(0.00789334 1.53918e-06 0)
(0.0078499 1.05661e-06 0)
(0.00780873 5.95662e-07 0)
(0.00776983 1.57479e-07 0)
(0.00773318 -2.57175e-07 0)
(0.00769877 -6.47859e-07 0)
(0.00766654 -1.01441e-06 0)
(0.00763647 -1.35691e-06 0)
(0.00760849 -1.67564e-06 0)
(0.00758256 -1.97107e-06 0)
(0.00755862 -2.2438e-06 0)
(0.00753659 -2.49457e-06 0)
(0.00751643 -2.7242e-06 0)
(0.00749808 -2.9336e-06 0)
(0.00748147 -3.12375e-06 0)
(0.00746654 -3.29567e-06 0)
(0.00745323 -3.45042e-06 0)
(0.00744149 -3.58907e-06 0)
(0.00743128 -3.71272e-06 0)
(0.00742252 -3.82245e-06 0)
(0.00741519 -3.91936e-06 0)
(0.00740924 -4.00451e-06 0)
(0.00740462 -4.07897e-06 0)
(0.0074013 -4.14377e-06 0)
(0.00739925 -4.19993e-06 0)
(0.00739842 -4.24841e-06 0)
(0.00739881 -4.29018e-06 0)
(0.00740037 -4.32614e-06 0)
(0.0074031 -4.35716e-06 0)
(0.00740696 -4.38409e-06 0)
(0.00741195 -4.40771e-06 0)
(0.00741804 -4.42879e-06 0)
(0.00742524 -4.44803e-06 0)
(0.00743352 -4.4661e-06 0)
(0.00744288 -4.48364e-06 0)
(0.00745332 -4.50122e-06 0)
(0.00746482 -4.51938e-06 0)
(0.00747739 -4.53863e-06 0)
(0.00749102 -4.55941e-06 0)
(0.00750571 -4.58213e-06 0)
(0.00752147 -4.60716e-06 0)
(0.00753828 -4.63483e-06 0)
(0.00755615 -4.6654e-06 0)
(0.00757509 -4.69912e-06 0)
(0.00759508 -4.73618e-06 0)
(0.00761614 -4.77672e-06 0)
(0.00763825 -4.82086e-06 0)
(0.00766142 -4.86865e-06 0)
(0.00768564 -4.92011e-06 0)
(0.00771092 -4.97522e-06 0)
(0.00773723 -5.03391e-06 0)
(0.00776458 -5.09607e-06 0)
(0.00779296 -5.16155e-06 0)
(0.00782235 -5.23015e-06 0)
(0.00785274 -5.30163e-06 0)
(0.00788412 -5.37572e-06 0)
(0.00791646 -5.45211e-06 0)
(0.00794974 -5.53043e-06 0)
(0.00798393 -5.6103e-06 0)
(0.00801901 -5.69132e-06 0)
(0.00805494 -5.77302e-06 0)
(0.00809169 -5.85494e-06 0)
(0.00812921 -5.9366e-06 0)
(0.00816747 -6.0175e-06 0)
(0.00820641 -6.09713e-06 0)
(0.00824598 -6.17498e-06 0)
(0.00828612 -6.25055e-06 0)
(0.00832679 -6.32336e-06 0)
(0.00836791 -6.39292e-06 0)
(0.00840943 -6.45884e-06 0)
(0.00845127 -6.52074e-06 0)
(0.00849337 -6.57848e-06 0)
(0.00853566 -6.63187e-06 0)
(0.00857806 -6.68225e-06 0)
(0.00862052 -6.72826e-06 0)
(0.00866295 -6.78283e-06 0)
(0.00870533 -6.82269e-06 0)
(0.00874753 -6.95003e-06 0)
(0.00878989 -6.95423e-06 0)
(0.00883129 -7.47208e-06 0)
(0.00887564 -7.34498e-06 0)
(0.00891294 -9.06835e-06 0)
(0.00897056 -1.01799e-05 0)
(0.00899081 -1.10776e-05 0)
(0.00909358 -3.21085e-05 0)
(-8.33842e-05 0.000136359 0)
(-0.000583117 0.000379248 0)
(-0.00131188 0.000518416 0)
(-0.00208696 0.00056263 0)
(-0.00286732 0.000583757 0)
(-0.00363613 0.000585661 0)
(-0.0043801 0.000585833 0)
(-0.00510216 0.000579413 0)
(-0.00579516 0.000570807 0)
(-0.00646135 0.000559013 0)
(-0.00709808 0.000545833 0)
(-0.00770685 0.000531463 0)
(-0.00828738 0.00051664 0)
(-0.00884087 0.000501612 0)
(-0.00936792 0.000486675 0)
(-0.00986958 0.000471973 0)
(-0.0103466 0.000457624 0)
(-0.0108 0.000443692 0)
(-0.0112303 0.000430212 0)
(-0.0116384 0.000417193 0)
(-0.0120246 0.000404621 0)
(-0.0123896 0.000392461 0)
(-0.0127336 0.000380656 0)
(-0.0130567 0.000369126 0)
(-0.0133589 0.000357764 0)
(-0.0136401 0.00034644 0)
(-0.0138997 0.00033499 0)
(-0.0141372 0.000323225 0)
(-0.0143517 0.000310924 0)
(-0.014542 0.000297836 0)
(-0.014707 0.000283686 0)
(-0.0148448 0.000268173 0)
(-0.0149537 0.000250984 0)
(-0.0150317 0.000231792 0)
(-0.0150763 0.000210272 0)
(-0.0150853 0.000186107 0)
(-0.0150559 0.000159002 0)
(-0.0149854 0.000128693 0)
(-0.0148711 9.49573e-05 0)
(-0.0147103 5.76301e-05 0)
(-0.0145002 1.66078e-05 0)
(-0.0142382 -2.81404e-05 0)
(-0.0139221 -7.65674e-05 0)
(-0.0135496 -0.000128544 0)
(-0.013119 -0.000183856 0)
(-0.0126286 -0.000242208 0)
(-0.0120775 -0.000303224 0)
(-0.011465 -0.000366452 0)
(-0.0107909 -0.000431375 0)
(-0.0100554 -0.000497414 0)
(-0.00925948 -0.000563943 0)
(-0.0084044 -0.000630297 0)
(-0.00749205 -0.000695786 0)
(-0.00652481 -0.000759704 0)
(-0.00550559 -0.000821343 0)
(-0.00443776 -0.000880006 0)
(-0.00332519 -0.000935017 0)
(-0.00217216 -0.000985732 0)
(-0.000983355 -0.00103155 0)
(0.000236183 -0.00107194 0)
(0.0014811 -0.00110641 0)
(0.00274581 -0.00113455 0)
(0.00402448 -0.00115604 0)
(0.00531117 -0.00117064 0)
(0.00659986 -0.0011782 0)
(0.00788448 -0.00117866 0)
(0.00915904 -0.00117206 0)
(0.0104176 -0.00115855 0)
(0.0116546 -0.00113834 0)
(0.0128643 -0.00111176 0)
(0.0140417 -0.00107921 0)
(0.0151819 -0.00104117 0)
(0.0162804 -0.000998186 0)
(0.0173333 -0.000950853 0)
(0.0183369 -0.000899815 0)
(0.0192883 -0.000845742 0)
(0.020185 -0.000789322 0)
(0.021025 -0.000731243 0)
(0.0218067 -0.000672185 0)
(0.0225294 -0.000612801 0)
(0.0231926 -0.000553714 0)
(0.0237965 -0.000495497 0)
(0.0243415 -0.000438673 0)
(0.0248287 -0.000383708 0)
(0.0252595 -0.000330999 0)
(0.0256357 -0.000280883 0)
(0.0259592 -0.000233625 0)
(0.0262325 -0.000189429 0)
(0.0264581 -0.000148432 0)
(0.0266388 -0.000110716 0)
(0.0267772 -7.63058e-05 0)
(0.0268765 -4.51798e-05 0)
(0.0269396 -1.72734e-05 0)
(0.0269695 7.51334e-06 0)
(0.0269691 2.93097e-05 0)
(0.0269414 4.82678e-05 0)
(0.0268893 6.45572e-05 0)
(0.0268153 7.83589e-05 0)
(0.0267223 8.9861e-05 0)
(0.0266126 9.92541e-05 0)
(0.0264886 0.000106728 0)
(0.0263524 0.000112468 0)
(0.0262062 0.000116655 0)
(0.0260518 0.000119459 0)
(0.0258909 0.000121043 0)
(0.0257251 0.000121558 0)
(0.0255557 0.000121145 0)
(0.0253841 0.000119934 0)
(0.0252114 0.000118042 0)
(0.0250386 0.000115578 0)
(0.0248666 0.000112638 0)
(0.0246962 0.00010931 0)
(0.024528 0.00010567 0)
(0.0243625 0.000101787 0)
(0.0242004 9.7722e-05 0)
(0.0240419 9.35265e-05 0)
(0.0238874 8.92463e-05 0)
(0.0237372 8.49204e-05 0)
(0.0235915 8.05821e-05 0)
(0.0234505 7.62594e-05 0)
(0.0233142 7.19757e-05 0)
(0.0231828 6.77499e-05 0)
(0.0230564 6.35974e-05 0)
(0.0229348 5.953e-05 0)
(0.0228182 5.55568e-05 0)
(0.0227066 5.16842e-05 0)
(0.0225999 4.79164e-05 0)
(0.022498 4.42556e-05 0)
(0.0224009 4.07023e-05 0)
(0.0223086 3.72558e-05 0)
(0.022221 3.39139e-05 0)
(0.022138 3.06736e-05 0)
(0.0220596 2.75311e-05 0)
(0.0219857 2.4482e-05 0)
(0.0219163 2.15212e-05 0)
(0.0218512 1.86435e-05 0)
(0.0217905 1.58433e-05 0)
(0.021734 1.31149e-05 0)
(0.0216818 1.04525e-05 0)
(0.0216337 7.85053e-06 0)
(0.0215898 5.30321e-06 0)
(0.02155 2.8051e-06 0)
(0.0215143 3.50897e-07 0)
(0.0214826 -2.06446e-06 0)
(0.0214549 -4.44576e-06 0)
(0.0214312 -6.79751e-06 0)
(0.0214115 -9.12389e-06 0)
(0.0213957 -1.14288e-05 0)
(0.0213838 -1.37157e-05 0)
(0.0213759 -1.59877e-05 0)
(0.0213719 -1.82477e-05 0)
(0.0213718 -2.0498e-05 0)
(0.0213756 -2.27407e-05 0)
(0.0213833 -2.49775e-05 0)
(0.0213949 -2.72095e-05 0)
(0.0214103 -2.94377e-05 0)
(0.0214295 -3.16626e-05 0)
(0.0214526 -3.38842e-05 0)
(0.0214796 -3.61021e-05 0)
(0.0215103 -3.83157e-05 0)
(0.0215448 -4.05237e-05 0)
(0.021583 -4.27246e-05 0)
(0.021625 -4.49163e-05 0)
(0.0216707 -4.70963e-05 0)
(0.02172 -4.92618e-05 0)
(0.0217729 -5.14093e-05 0)
(0.0218294 -5.35351e-05 0)
(0.0218894 -5.5635e-05 0)
(0.0219529 -5.77042e-05 0)
(0.0220197 -5.97377e-05 0)
(0.0220898 -6.17299e-05 0)
(0.0221631 -6.36749e-05 0)
(0.0222396 -6.55664e-05 0)
(0.0223191 -6.73978e-05 0)
(0.0224014 -6.91623e-05 0)
(0.0224866 -7.08527e-05 0)
(0.0225744 -7.24616e-05 0)
(0.0226648 -7.39819e-05 0)
(0.0227575 -7.54059e-05 0)
(0.0228524 -7.67264e-05 0)
(0.0229494 -7.79363e-05 0)
(0.0230482 -7.90287e-05 0)
(0.0231488 -7.9997e-05 0)
(0.0232508 -8.08354e-05 0)
(0.0233541 -8.15386e-05 0)
(0.0234584 -8.21022e-05 0)
(0.0235637 -8.25226e-05 0)
(0.0236695 -8.27984e-05 0)
(0.0237758 -8.2929e-05 0)
(0.0238823 -8.29179e-05 0)
(0.0239888 -8.27797e-05 0)
(0.024095 -8.24963e-05 0)
(0.0242009 -8.22518e-05 0)
(0.024306 -8.15998e-05 0)
(0.0244105 -8.21713e-05 0)
(0.024514 -8.03519e-05 0)
(0.0246154 -8.48055e-05 0)
(0.024723 -8.2906e-05 0)
(0.0248064 -8.67007e-05 0)
(0.0249522 -0.000122795 0)
(-0.000178933 0.000645211 0)
(-0.00104349 0.00125449 0)
(-0.0021688 0.00153366 0)
(-0.00330674 0.0015754 0)
(-0.00439592 0.00157097 0)
(-0.00542573 0.00152819 0)
(-0.00638053 0.00148518 0)
(-0.00727141 0.00143353 0)
(-0.00809501 0.0013811 0)
(-0.00885949 0.00132625 0)
(-0.00956622 0.00127152 0)
(-0.0102204 0.0012171 0)
(-0.0108244 0.00116382 0)
(-0.0113816 0.00111191 0)
(-0.0118944 0.00106156 0)
(-0.012365 0.00101282 0)
(-0.0127952 0.000965651 0)
(-0.0131866 0.000919965 0)
(-0.0135403 0.000875623 0)
(-0.0138574 0.000832452 0)
(-0.0141386 0.000790247 0)
(-0.0143843 0.000748767 0)
(-0.0145947 0.000707743 0)
(-0.0147698 0.000666866 0)
(-0.0149093 0.000625794 0)
(-0.0150127 0.000584148 0)
(-0.0150793 0.00054151 0)
(-0.0151081 0.000497431 0)
(-0.0150979 0.00045143 0)
(-0.0150473 0.000403002 0)
(-0.0149547 0.00035163 0)
(-0.0148184 0.000296789 0)
(-0.0146365 0.000237967 0)
(-0.0144069 0.000174672 0)
(-0.0141276 0.000106453 0)
(-0.0137965 3.29138e-05 0)
(-0.0134115 -4.6273e-05 0)
(-0.0129705 -0.000131347 0)
(-0.0124717 -0.000222451 0)
(-0.0119132 -0.000319615 0)
(-0.0112934 -0.000422752 0)
(-0.0106111 -0.000531646 0)
(-0.00986525 -0.000645958 0)
(-0.00905505 -0.000765216 0)
(-0.00818019 -0.000888828 0)
(-0.00724071 -0.00101608 0)
(-0.00623706 -0.00114615 0)
(-0.00517012 -0.00127812 0)
(-0.00404122 -0.00141098 0)
(-0.00285214 -0.00154367 0)
(-0.00160511 -0.00167503 0)
(-0.000302808 -0.00180392 0)
(0.00105163 -0.00192913 0)
(0.00245465 -0.00204947 0)
(0.00390229 -0.00216376 0)
(0.00539017 -0.00227085 0)
(0.00691357 -0.00236964 0)
(0.00846743 -0.00245908 0)
(0.0100464 -0.00253823 0)
(0.0116449 -0.00260621 0)
(0.013257 -0.00266229 0)
(0.0148768 -0.00270583 0)
(0.0164981 -0.00273634 0)
(0.0181149 -0.00275347 0)
(0.0197209 -0.00275702 0)
(0.0213101 -0.00274695 0)
(0.0228764 -0.00272339 0)
(0.0244141 -0.00268661 0)
(0.0259176 -0.00263705 0)
(0.0273815 -0.0025753 0)
(0.0288009 -0.00250208 0)
(0.0301712 -0.00241824 0)
(0.0314883 -0.00232477 0)
(0.0327485 -0.00222271 0)
(0.0339486 -0.00211321 0)
(0.0350858 -0.00199746 0)
(0.036158 -0.00187669 0)
(0.0371635 -0.00175215 0)
(0.0381011 -0.00162505 0)
(0.0389702 -0.00149661 0)
(0.0397705 -0.00136796 0)
(0.0405023 -0.00124021 0)
(0.0411664 -0.00111435 0)
(0.0417637 -0.000991308 0)
(0.0422958 -0.000871901 0)
(0.0427645 -0.000756847 0)
(0.0431717 -0.000646756 0)
(0.0435198 -0.000542131 0)
(0.0438114 -0.000443367 0)
(0.044049 -0.000350759 0)
(0.0442356 -0.000264505 0)
(0.044374 -0.000184714 0)
(0.0444672 -0.00011141 0)
(0.0445183 -4.45451e-05 0)
(0.0445303 1.59943e-05 0)
(0.0445062 7.03778e-05 0)
(0.0444491 0.000118822 0)
(0.0443618 0.000161584 0)
(0.0442472 0.000198948 0)
(0.044108 0.000231225 0)
(0.043947 0.000258737 0)
(0.0437666 0.00028182 0)
(0.0435693 0.000300812 0)
(0.0433573 0.000316047 0)
(0.0431328 0.000327858 0)
(0.0428978 0.000336567 0)
(0.0426542 0.000342483 0)
(0.0424036 0.000345904 0)
(0.0421477 0.000347108 0)
(0.041888 0.00034636 0)
(0.0416256 0.000343905 0)
(0.0413619 0.00033997 0)
(0.0410979 0.000334764 0)
(0.0408346 0.000328477 0)
(0.0405728 0.000321283 0)
(0.0403133 0.000313337 0)
(0.0400567 0.000304779 0)
(0.0398037 0.000295733 0)
(0.0395547 0.000286309 0)
(0.0393102 0.000276601 0)
(0.0390704 0.000266693 0)
(0.0388359 0.000256657 0)
(0.0386067 0.000246552 0)
(0.0383831 0.00023643 0)
(0.0381652 0.000226334 0)
(0.0379533 0.000216296 0)
(0.0377475 0.000206345 0)
(0.0375477 0.000196501 0)
(0.0373541 0.00018678 0)
(0.0371668 0.000177191 0)
(0.0369857 0.000167743 0)
(0.0368109 0.000158437 0)
(0.0366424 0.000149275 0)
(0.0364803 0.000140252 0)
(0.0363244 0.000131365 0)
(0.0361749 0.000122607 0)
(0.0360317 0.000113973 0)
(0.0358949 0.000105452 0)
(0.0357644 9.70373e-05 0)
(0.0356403 8.8719e-05 0)
(0.0355225 8.04883e-05 0)
(0.0354111 7.23362e-05 0)
(0.0353061 6.42539e-05 0)
(0.0352075 5.62331e-05 0)
(0.0351153 4.82661e-05 0)
(0.0350295 4.03456e-05 0)
(0.0349501 3.24654e-05 0)
(0.0348772 2.46196e-05 0)
(0.0348108 1.68035e-05 0)
(0.0347509 9.01284e-06 0)
(0.0346975 1.24461e-06 0)
(0.0346506 -6.50352e-06 0)
(0.0346103 -1.42329e-05 0)
(0.0345765 -2.19442e-05 0)
(0.0345492 -2.96367e-05 0)
(0.0345285 -3.73093e-05 0)
(0.0345143 -4.49597e-05 0)
(0.0345067 -5.25846e-05 0)
(0.0345055 -6.01801e-05 0)
(0.0345109 -6.7741e-05 0)
(0.0345227 -7.52614e-05 0)
(0.0345409 -8.27343e-05 0)
(0.0345655 -9.01519e-05 0)
(0.0345964 -9.75054e-05 0)
(0.0346336 -0.000104785 0)
(0.034677 -0.00011198 0)
(0.0347265 -0.000119078 0)
(0.034782 -0.000126067 0)
(0.0348434 -0.000132933 0)
(0.0349106 -0.000139662 0)
(0.0349834 -0.000146238 0)
(0.0350619 -0.000152644 0)
(0.0351457 -0.000158863 0)
(0.0352347 -0.000164878 0)
(0.0353288 -0.00017067 0)
(0.0354277 -0.00017622 0)
(0.0355313 -0.000181508 0)
(0.0356394 -0.000186515 0)
(0.0357516 -0.000191221 0)
(0.0358679 -0.000195607 0)
(0.0359879 -0.000199653 0)
(0.0361113 -0.000203341 0)
(0.0362379 -0.000206654 0)
(0.0363675 -0.000209575 0)
(0.0364996 -0.00021209 0)
(0.0366341 -0.000214185 0)
(0.0367705 -0.000215849 0)
(0.0369085 -0.000217075 0)
(0.0370479 -0.000217856 0)
(0.0371883 -0.000218198 0)
(0.0373294 -0.000218093 0)
(0.0374708 -0.000217581 0)
(0.0376121 -0.000216676 0)
(0.0377531 -0.000215358 0)
(0.0378934 -0.000214282 0)
(0.0380322 -0.000211601 0)
(0.0381706 -0.000213512 0)
(0.0383055 -0.000208201 0)
(0.0384334 -0.000213213 0)
(0.0385919 -0.000234195 0)
(-0.000305695 0.00126194 0)
(-0.00151696 0.00231579 0)
(-0.00287132 0.00272428 0)
(-0.00413888 0.00273465 0)
(-0.00523828 0.00266303 0)
(-0.00621869 0.00253425 0)
(-0.00706622 0.00240584 0)
(-0.00781448 0.00227138 0)
(-0.00846495 0.00214185 0)
(-0.0090343 0.00201577 0)
(-0.00952774 0.00189545 0)
(-0.00995416 0.00178048 0)
(-0.0103183 0.00167095 0)
(-0.0106254 0.00156642 0)
(-0.0108789 0.00146648 0)
(-0.0110821 0.00137061 0)
(-0.0112371 0.00127831 0)
(-0.011346 0.00118907 0)
(-0.0114102 0.00110237 0)
(-0.0114307 0.00101771 0)
(-0.0114082 0.000934581 0)
(-0.011343 0.000852447 0)
(-0.0112353 0.000770776 0)
(-0.0110849 0.000689015 0)
(-0.0108915 0.00060659 0)
(-0.0106543 0.000522904 0)
(-0.0103727 0.000437342 0)
(-0.0100457 0.000349273 0)
(-0.00967215 0.000258056 0)
(-0.00925087 0.00016305 0)
(-0.00878057 6.36219e-05 0)
(-0.00825988 -4.08355e-05 0)
(-0.00768741 -0.000150891 0)
(-0.00706179 -0.000267059 0)
(-0.00638166 -0.000389781 0)
(-0.00564577 -0.00051941 0)
(-0.00485295 -0.000656191 0)
(-0.00400219 -0.000800251 0)
(-0.00309266 -0.000951583 0)
(-0.00212373 -0.00111004 0)
(-0.00109504 -0.00127531 0)
(-6.45902e-06 -0.00144694 0)
(0.00114182 -0.00162433 0)
(0.0023493 -0.0018067 0)
(0.00361514 -0.00199314 0)
(0.00493817 -0.0021826 0)
(0.00631683 -0.0023739 0)
(0.00774921 -0.00256574 0)
(0.00923301 -0.00275674 0)
(0.0107656 -0.00294543 0)
(0.0123438 -0.00313028 0)
(0.0139643 -0.00330971 0)
(0.0156233 -0.00348213 0)
(0.0173167 -0.00364596 0)
(0.0190399 -0.00379963 0)
(0.0207882 -0.00394163 0)
(0.0225564 -0.00407049 0)
(0.0243394 -0.00418486 0)
(0.0261314 -0.0042835 0)
(0.0279268 -0.00436528 0)
(0.0297197 -0.00442925 0)
(0.0315041 -0.00447461 0)
(0.033274 -0.00450075 0)
(0.0350233 -0.00450727 0)
(0.0367463 -0.00449397 0)
(0.0384371 -0.00446088 0)
(0.04009 -0.00440825 0)
(0.0416999 -0.00433655 0)
(0.0432617 -0.00424647 0)
(0.0447707 -0.0041389 0)
(0.0462226 -0.00401496 0)
(0.0476138 -0.0038759 0)
(0.0489408 -0.00372316 0)
(0.0502009 -0.0035583 0)
(0.0513919 -0.00338298 0)
(0.0525119 -0.00319892 0)
(0.0535597 -0.00300791 0)
(0.0545347 -0.00281171 0)
(0.0554367 -0.00261209 0)
(0.0562659 -0.00241076 0)
(0.057023 -0.00220935 0)
(0.0577091 -0.0020094 0)
(0.0583257 -0.00181234 0)
(0.0588746 -0.00161945 0)
(0.0593578 -0.0014319 0)
(0.0597776 -0.00125069 0)
(0.0601364 -0.00107669 0)
(0.060437 -0.000910611 0)
(0.0606819 -0.000753018 0)
(0.0608742 -0.000604345 0)
(0.0610165 -0.000464892 0)
(0.0611119 -0.000334838 0)
(0.0611633 -0.000214253 0)
(0.0611734 -0.000103104 0)
(0.0611453 -1.2748e-06 0)
(0.0610816 9.14305e-05 0)
(0.0609852 0.000175272 0)
(0.0608586 0.000250562 0)
(0.0607044 0.000317661 0)
(0.0605252 0.00037696 0)
(0.0603233 0.000428877 0)
(0.060101 0.000473848 0)
(0.0598604 0.000512319 0)
(0.0596037 0.000544742 0)
(0.0593328 0.000571565 0)
(0.0590495 0.000593232 0)
(0.0587556 0.000610177 0)
(0.0584526 0.000622819 0)
(0.0581423 0.000631563 0)
(0.0578258 0.000636795 0)
(0.0575047 0.000638879 0)
(0.0571799 0.000638162 0)
(0.0568528 0.000634964 0)
(0.0565242 0.000629587 0)
(0.0561952 0.000622308 0)
(0.0558665 0.000613383 0)
(0.055539 0.000603044 0)
(0.0552133 0.000591502 0)
(0.0548901 0.00057895 0)
(0.0545698 0.000565558 0)
(0.054253 0.000551478 0)
(0.0539401 0.000536844 0)
(0.0536316 0.000521774 0)
(0.0533277 0.00050637 0)
(0.0530287 0.000490719 0)
(0.052735 0.000474896 0)
(0.0524467 0.000458961 0)
(0.052164 0.000442966 0)
(0.0518872 0.000426953 0)
(0.0516164 0.000410953 0)
(0.0513517 0.000394991 0)
(0.0510932 0.000379084 0)
(0.0508412 0.000363243 0)
(0.0505956 0.000347477 0)
(0.0503566 0.000331786 0)
(0.0501243 0.00031617 0)
(0.0498987 0.000300625 0)
(0.04968 0.000285145 0)
(0.0494683 0.000269723 0)
(0.0492636 0.000254349 0)
(0.049066 0.000239016 0)
(0.0488757 0.000223713 0)
(0.0486926 0.000208432 0)
(0.0485169 0.000193164 0)
(0.0483487 0.0001779 0)
(0.0481881 0.000162635 0)
(0.0480351 0.000147362 0)
(0.0478899 0.000132077 0)
(0.0477525 0.000116777 0)
(0.047623 0.00010146 0)
(0.0475014 8.61257e-05 0)
(0.0473879 7.07759e-05 0)
(0.0472826 5.54135e-05 0)
(0.0471854 4.00431e-05 0)
(0.0470964 2.46708e-05 0)
(0.0470157 9.30434e-06 0)
(0.0469433 -6.04704e-06 0)
(0.0468793 -2.13726e-05 0)
(0.0468236 -3.666e-05 0)
(0.0467763 -5.18955e-05 0)
(0.0467374 -6.70639e-05 0)
(0.0467068 -8.21486e-05 0)
(0.0466845 -9.71314e-05 0)
(0.0466705 -0.000111993 0)
(0.0466648 -0.000126712 0)
(0.0466672 -0.000141267 0)
(0.0466777 -0.000155633 0)
(0.0466962 -0.000169786 0)
(0.0467225 -0.0001837 0)
(0.0467566 -0.000197347 0)
(0.0467983 -0.000210698 0)
(0.0468474 -0.000223723 0)
(0.0469038 -0.000236391 0)
(0.0469674 -0.000248671 0)
(0.0470378 -0.00026053 0)
(0.0471148 -0.000271934 0)
(0.0471983 -0.00028285 0)
(0.047288 -0.000293244 0)
(0.0473836 -0.000303083 0)
(0.0474849 -0.000312332 0)
(0.0475915 -0.00032096 0)
(0.0477031 -0.000328934 0)
(0.0478195 -0.000336225 0)
(0.0479403 -0.000342804 0)
(0.0480651 -0.000348646 0)
(0.0481936 -0.000353727 0)
(0.0483255 -0.000358028 0)
(0.0484603 -0.000361531 0)
(0.0485977 -0.000364226 0)
(0.0487373 -0.000366101 0)
(0.0488787 -0.000367162 0)
(0.0490216 -0.000367402 0)
(0.0491654 -0.000366858 0)
(0.0493099 -0.000365525 0)
(0.0494543 -0.000363584 0)
(0.0495984 -0.000360627 0)
(0.0497416 -0.000358909 0)
(0.0498815 -0.00035232 0)
(0.0500193 -0.000355416 0)
(0.0501693 -0.000355353 0)
(-0.000405124 0.00246986 0)
(-0.00171929 0.00379684 0)
(-0.00298751 0.0041419 0)
(-0.0040504 0.00389079 0)
(-0.00482708 0.0036179 0)
(-0.00542841 0.00331565 0)
(-0.00585125 0.00305199 0)
(-0.0061551 0.00280578 0)
(-0.00634913 0.00258211 0)
(-0.00645938 0.00237468 0)
(-0.00649424 0.00218231 0)
(-0.00646552 0.00200251 0)
(-0.0063789 0.00183361 0)
(-0.00624025 0.00167401 0)
(-0.00605311 0.00152233 0)
(-0.00582057 0.00137732 0)
(-0.0055447 0.00123786 0)
(-0.00522712 0.00110295 0)
(-0.00486889 0.000971647 0)
(-0.0044707 0.00084309 0)
(-0.00403292 0.000716449 0)
(-0.00355561 0.00059093 0)
(-0.0030386 0.000465758 0)
(-0.00248153 0.000340172 0)
(-0.00188385 0.000213415 0)
(-0.00124485 8.47377e-05 0)
(-0.000563715 -4.66055e-05 0)
(0.00016045 -0.00018135 0)
(0.00092862 -0.000320217 0)
(0.0017418 -0.000463901 0)
(0.00260101 -0.000613062 0)
(0.00350724 -0.000768309 0)
(0.00446143 -0.000930186 0)
(0.00546447 -0.00109916 0)
(0.00651711 -0.00127559 0)
(0.00761998 -0.00145973 0)
(0.00877358 -0.00165171 0)
(0.00997819 -0.00185149 0)
(0.0112339 -0.00205891 0)
(0.0125406 -0.00227363 0)
(0.0138979 -0.00249512 0)
(0.0153051 -0.00272271 0)
(0.0167613 -0.00295554 0)
(0.0182654 -0.00319258 0)
(0.0198157 -0.00343263 0)
(0.0214104 -0.00367435 0)
(0.0230474 -0.00391627 0)
(0.0247241 -0.00415675 0)
(0.0264378 -0.0043941 0)
(0.0281852 -0.0046265 0)
(0.0299628 -0.00485207 0)
(0.0317668 -0.00506891 0)
(0.0335931 -0.00527507 0)
(0.0354372 -0.00546861 0)
(0.0372943 -0.00564765 0)
(0.0391594 -0.00581033 0)
(0.0410273 -0.0059549 0)
(0.0428925 -0.00607973 0)
(0.0447494 -0.00618331 0)
(0.0465922 -0.00626431 0)
(0.0484152 -0.00632161 0)
(0.0502124 -0.00635429 0)
(0.0519781 -0.00636168 0)
(0.0537066 -0.00634336 0)
(0.0553924 -0.00629921 0)
(0.0570303 -0.00622938 0)
(0.0586152 -0.00613429 0)
(0.0601425 -0.00601469 0)
(0.0616081 -0.00587158 0)
(0.0630083 -0.00570626 0)
(0.0643397 -0.00552025 0)
(0.0655998 -0.00531531 0)
(0.0667865 -0.0050934 0)
(0.0678981 -0.00485662 0)
(0.0689338 -0.00460721 0)
(0.0698931 -0.00434745 0)
(0.0707762 -0.00407971 0)
(0.0715837 -0.00380629 0)
(0.0723167 -0.00352949 0)
(0.0729766 -0.00325152 0)
(0.0735654 -0.00297447 0)
(0.0740853 -0.00270028 0)
(0.0745386 -0.00243075 0)
(0.0749281 -0.00216749 0)
(0.0752566 -0.00191192 0)
(0.075527 -0.00166528 0)
(0.0757422 -0.00142859 0)
(0.0759055 -0.00120271 0)
(0.0760198 -0.000988298 0)
(0.076088 -0.000785841 0)
(0.0761134 -0.000595666 0)
(0.0760986 -0.000417949 0)
(0.0760466 -0.000252733 0)
(0.0759602 -9.9942e-05 0)
(0.0758418 4.06054e-05 0)
(0.0756942 0.00016918 0)
(0.0755197 0.00028613 0)
(0.0753206 0.000391863 0)
(0.0750991 0.000486841 0)
(0.0748572 0.000571561 0)
(0.0745971 0.00064655 0)
(0.0743205 0.000712357 0)
(0.0740292 0.000769539 0)
(0.0737248 0.000818659 0)
(0.0734089 0.000860277 0)
(0.073083 0.000894945 0)
(0.0727484 0.000923206 0)
(0.0724064 0.000945585 0)
(0.0720581 0.000962588 0)
(0.0717047 0.0009747 0)
(0.0713473 0.000982386 0)
(0.0709866 0.000986081 0)
(0.0706237 0.0009862 0)
(0.0702593 0.000983127 0)
(0.0698942 0.000977224 0)
(0.0695291 0.000968822 0)
(0.0691645 0.00095823 0)
(0.068801 0.000945729 0)
(0.0684392 0.000931575 0)
(0.0680796 0.000916 0)
(0.0677225 0.000899213 0)
(0.0673683 0.0008814 0)
(0.0670175 0.000862728 0)
(0.0666702 0.000843341 0)
(0.0663268 0.000823367 0)
(0.0659876 0.000802915 0)
(0.0656527 0.000782078 0)
(0.0653225 0.000760935 0)
(0.064997 0.000739551 0)
(0.0646765 0.000717978 0)
(0.0643611 0.000696259 0)
(0.064051 0.000674426 0)
(0.0637464 0.000652503 0)
(0.0634473 0.000630505 0)
(0.063154 0.000608442 0)
(0.0628665 0.000586319 0)
(0.062585 0.000564136 0)
(0.0623096 0.00054189 0)
(0.0620405 0.000519574 0)
(0.0617778 0.000497181 0)
(0.0615216 0.000474703 0)
(0.0612721 0.000452128 0)
(0.0610294 0.000429449 0)
(0.0607936 0.000406656 0)
(0.0605649 0.000383741 0)
(0.0603434 0.000360698 0)
(0.0601294 0.000337523 0)
(0.0599228 0.000314212 0)
(0.0597239 0.000290764 0)
(0.0595328 0.000267182 0)
(0.0593496 0.000243469 0)
(0.0591746 0.000219632 0)
(0.0590077 0.00019568 0)
(0.0588491 0.000171624 0)
(0.058699 0.00014748 0)
(0.0585574 0.000123262 0)
(0.0584245 9.89917e-05 0)
(0.0583003 7.46893e-05 0)
(0.0581849 5.0379e-05 0)
(0.0580784 2.6087e-05 0)
(0.0579808 1.84169e-06 0)
(0.0578921 -2.23264e-05 0)
(0.0578125 -4.63848e-05 0)
(0.0577418 -7.02991e-05 0)
(0.0576801 -9.40327e-05 0)
(0.0576273 -0.000117548 0)
(0.0575834 -0.000140804 0)
(0.0575484 -0.00016376 0)
(0.0575221 -0.000186373 0)
(0.0575045 -0.000208598 0)
(0.0574954 -0.000230389 0)
(0.0574948 -0.0002517 0)
(0.0575024 -0.000272481 0)
(0.0575181 -0.000292684 0)
(0.0575417 -0.00031226 0)
(0.0575729 -0.000331158 0)
(0.0576117 -0.000349327 0)
(0.0576577 -0.000366718 0)
(0.0577106 -0.000383281 0)
(0.0577703 -0.000398967 0)
(0.0578363 -0.000413728 0)
(0.0579085 -0.000427518 0)
(0.0579865 -0.000440295 0)
(0.0580699 -0.000452016 0)
(0.0581584 -0.000462645 0)
(0.0582518 -0.000472148 0)
(0.0583495 -0.000480495 0)
(0.0584513 -0.000487661 0)
(0.0585567 -0.000493626 0)
(0.0586655 -0.000498375 0)
(0.0587772 -0.000501896 0)
(0.0588913 -0.00050418 0)
(0.0590076 -0.000505238 0)
(0.0591256 -0.000505021 0)
(0.0592448 -0.000503629 0)
(0.0593646 -0.000500828 0)
(0.0594844 -0.000497242 0)
(0.059603 -0.000490095 0)
(0.059721 -0.000489178 0)
(0.0598424 -0.000470079 0)
(-0.000693717 0.00309435 0)
(-0.00209194 0.00472278 0)
(-0.00255465 0.00495192 0)
(-0.00279241 0.00450489 0)
(-0.00262694 0.00403247 0)
(-0.00237744 0.00356572 0)
(-0.00198196 0.00316162 0)
(-0.00152484 0.00280342 0)
(-0.000997173 0.00248666 0)
(-0.000424357 0.00220272 0)
(0.000191866 0.001945 0)
(0.000842404 0.00170866 0)
(0.00152491 0.00148938 0)
(0.00223575 0.00128409 0)
(0.00297354 0.00109006 0)
(0.00373686 0.000905188 0)
(0.00452518 0.000727616 0)
(0.00533817 0.00055581 0)
(0.0061759 0.000388394 0)
(0.00703864 0.000224153 0)
(0.00792689 6.19766e-05 0)
(0.00884129 -9.91626e-05 0)
(0.00978261 -0.00026023 0)
(0.0107517 -0.000422143 0)
(0.0117496 -0.000585779 0)
(0.0127773 -0.000751983 0)
(0.0138358 -0.000921566 0)
(0.0149262 -0.0010953 0)
(0.0160495 -0.00127394 0)
(0.0172068 -0.00145815 0)
(0.018399 -0.00164858 0)
(0.019627 -0.00184578 0)
(0.0208915 -0.00205022 0)
(0.0221932 -0.0022623 0)
(0.0235327 -0.00248226 0)
(0.0249101 -0.00271023 0)
(0.0263258 -0.00294621 0)
(0.0277795 -0.00319002 0)
(0.029271 -0.00344132 0)
(0.0307999 -0.00369959 0)
(0.0323652 -0.00396413 0)
(0.0339659 -0.00423405 0)
(0.0356007 -0.00450828 0)
(0.037268 -0.00478554 0)
(0.0389658 -0.00506441 0)
(0.0406919 -0.00534328 0)
(0.0424437 -0.0056204 0)
(0.0442183 -0.00589385 0)
(0.0460125 -0.00616164 0)
(0.0478229 -0.00642163 0)
(0.0496455 -0.00667164 0)
(0.0514762 -0.00690943 0)
(0.0533106 -0.00713274 0)
(0.0551439 -0.00733931 0)
(0.0569713 -0.00752693 0)
(0.0587874 -0.00769346 0)
(0.060587 -0.00783687 0)
(0.0623646 -0.00795527 0)
(0.0641144 -0.00804696 0)
(0.065831 -0.00811044 0)
(0.0675087 -0.00814447 0)
(0.069142 -0.00814808 0)
(0.0707256 -0.00812061 0)
(0.0722544 -0.00806175 0)
(0.0737237 -0.00797151 0)
(0.0751292 -0.00785028 0)
(0.076467 -0.0076988 0)
(0.0777336 -0.0075182 0)
(0.0789265 -0.00730992 0)
(0.0800434 -0.00707576 0)
(0.0810827 -0.00681782 0)
(0.0820437 -0.00653842 0)
(0.0829261 -0.00624015 0)
(0.0837303 -0.00592572 0)
(0.0844574 -0.00559798 0)
(0.0851087 -0.00525983 0)
(0.0856864 -0.00491417 0)
(0.0861928 -0.00456387 0)
(0.0866307 -0.00421167 0)
(0.0870032 -0.00386021 0)
(0.0873135 -0.00351193 0)
(0.0875651 -0.00316909 0)
(0.0877613 -0.00283372 0)
(0.0879057 -0.00250761 0)
(0.0880017 -0.00219231 0)
(0.0880528 -0.00188912 0)
(0.0880621 -0.00159914 0)
(0.088033 -0.00132318 0)
(0.0879684 -0.00106188 0)
(0.0878713 -0.000815674 0)
(0.0877442 -0.000584792 0)
(0.0875898 -0.000369315 0)
(0.0874105 -0.000169173 0)
(0.0872085 1.58314e-05 0)
(0.0869858 0.000186004 0)
(0.0867445 0.000341746 0)
(0.0864862 0.000483532 0)
(0.0862127 0.000611899 0)
(0.0859256 0.000727433 0)
(0.0856262 0.000830755 0)
(0.0853159 0.000922509 0)
(0.0849959 0.00100336 0)
(0.0846674 0.00107396 0)
(0.0843314 0.00113499 0)
(0.083989 0.00118711 0)
(0.083641 0.00123096 0)
(0.0832883 0.00126718 0)
(0.0829318 0.00129636 0)
(0.0825721 0.00131911 0)
(0.0822099 0.00133598 0)
(0.081846 0.00134751 0)
(0.0814807 0.0013542 0)
(0.0811148 0.00135654 0)
(0.0807486 0.00135496 0)
(0.0803827 0.00134989 0)
(0.0800175 0.00134172 0)
(0.0796533 0.0013308 0)
(0.0792905 0.00131746 0)
(0.0789295 0.00130201 0)
(0.0785706 0.00128471 0)
(0.0782139 0.00126581 0)
(0.0778598 0.00124554 0)
(0.0775085 0.0012241 0)
(0.0771602 0.00120165 0)
(0.076815 0.00117835 0)
(0.0764732 0.00115433 0)
(0.0761349 0.00112971 0)
(0.0758002 0.00110459 0)
(0.0754694 0.00107904 0)
(0.0751424 0.00105313 0)
(0.0748195 0.00102691 0)
(0.0745007 0.00100042 0)
(0.0741862 0.000973697 0)
(0.0738761 0.000946757 0)
(0.0735705 0.000919614 0)
(0.0732695 0.000892273 0)
(0.0729731 0.000864735 0)
(0.0726817 0.000836995 0)
(0.0723951 0.000809047 0)
(0.0721137 0.000780879 0)
(0.0718374 0.000752481 0)
(0.0715665 0.000723838 0)
(0.0713011 0.000694939 0)
(0.0710412 0.000665772 0)
(0.0707871 0.000636325 0)
(0.0705389 0.00060659 0)
(0.0702968 0.000576559 0)
(0.0700609 0.000546229 0)
(0.0698313 0.000515598 0)
(0.0696083 0.000484669 0)
(0.0693919 0.000453446 0)
(0.0691824 0.000421939 0)
(0.0689798 0.00039016 0)
(0.0687844 0.000358127 0)
(0.0685963 0.000325859 0)
(0.0684156 0.000293381 0)
(0.0682425 0.00026072 0)
(0.0680771 0.000227908 0)
(0.0679195 0.000194979 0)
(0.0677698 0.000161972 0)
(0.0676281 0.000128929 0)
(0.0674945 9.58932e-05 0)
(0.0673691 6.29134e-05 0)
(0.067252 3.00397e-05 0)
(0.0671431 -2.67478e-06 0)
(0.0670424 -3.51746e-05 0)
(0.0669501 -6.74018e-05 0)
(0.0668661 -9.92965e-05 0)
(0.0667904 -0.000130797 0)
(0.0667229 -0.000161839 0)
(0.0666635 -0.000192358 0)
(0.0666122 -0.000222287 0)
(0.0665688 -0.00025156 0)
(0.0665334 -0.000280106 0)
(0.0665056 -0.000307859 0)
(0.0664854 -0.000334748 0)
(0.0664725 -0.000360705 0)
(0.0664669 -0.000385662 0)
(0.0664682 -0.000409552 0)
(0.0664762 -0.000432309 0)
(0.0664908 -0.00045387 0)
(0.0665115 -0.000474173 0)
(0.0665383 -0.000493162 0)
(0.0665708 -0.000510783 0)
(0.0666086 -0.000526985 0)
(0.0666515 -0.000541726 0)
(0.0666992 -0.000554966 0)
(0.0667514 -0.000566671 0)
(0.0668077 -0.000576816 0)
(0.0668678 -0.000585378 0)
(0.0669313 -0.00059234 0)
(0.066998 -0.000597687 0)
(0.0670675 -0.000601401 0)
(0.0671394 -0.000603447 0)
(0.0672133 -0.000603803 0)
(0.0672889 -0.000602288 0)
(0.0673655 -0.00059888 0)
(0.0674426 -0.000592351 0)
(0.0675202 -0.000587909 0)
(0.0675998 -0.000557877 0)
(-0.000179618 0.00559925 0)
(-0.000139333 0.00561607 0)
(0.000999198 0.00502287 0)
(0.00218523 0.00399979 0)
(0.00363125 0.00328789 0)
(0.00504043 0.00272094 0)
(0.00648784 0.00225947 0)
(0.00790372 0.00187452 0)
(0.00930622 0.00153859 0)
(0.010683 0.00124164 0)
(0.0120401 0.000972716 0)
(0.0133778 0.000726363 0)
(0.0146998 0.000497336 0)
(0.0160084 0.000282199 0)
(0.0173066 7.79206e-05 0)
(0.0185968 -0.000117807 0)
(0.0198815 -0.00030698 0)
(0.0211629 -0.000491253 0)
(0.0224432 -0.000672085 0)
(0.0237244 -0.000850753 0)
(0.0250085 -0.00102842 0)
(0.0262972 -0.00120614 0)
(0.0275925 -0.00138489 0)
(0.0288961 -0.00156562 0)
(0.0302095 -0.00174918 0)
(0.0315346 -0.00193642 0)
(0.0328726 -0.0021281 0)
(0.0342251 -0.00232496 0)
(0.0355935 -0.00252768 0)
(0.0369789 -0.00273689 0)
(0.0383824 -0.00295313 0)
(0.039805 -0.00317686 0)
(0.0412475 -0.00340845 0)
(0.0427105 -0.00364816 0)
(0.0441944 -0.00389611 0)
(0.0456995 -0.00415229 0)
(0.0472258 -0.00441653 0)
(0.048773 -0.00468849 0)
(0.0503407 -0.00496766 0)
(0.0519281 -0.00525333 0)
(0.0535341 -0.00554459 0)
(0.0551575 -0.00584033 0)
(0.0567967 -0.00613927 0)
(0.0584497 -0.00643988 0)
(0.0601142 -0.00674049 0)
(0.0617878 -0.00703922 0)
(0.0634674 -0.00733402 0)
(0.06515 -0.00762272 0)
(0.0668319 -0.00790298 0)
(0.0685094 -0.00817237 0)
(0.0701782 -0.00842839 0)
(0.071834 -0.00866848 0)
(0.073472 -0.00889006 0)
(0.0750873 -0.00909056 0)
(0.0766748 -0.00926749 0)
(0.0782292 -0.00941845 0)
(0.0797453 -0.00954117 0)
(0.0812175 -0.00963358 0)
(0.0826405 -0.00969384 0)
(0.0840092 -0.0097204 0)
(0.0853185 -0.00971201 0)
(0.0865638 -0.00966779 0)
(0.0877407 -0.00958726 0)
(0.0888455 -0.00947034 0)
(0.0898748 -0.00931741 0)
(0.0908261 -0.00912929 0)
(0.0916974 -0.00890724 0)
(0.0924877 -0.00865297 0)
(0.0931965 -0.00836857 0)
(0.0938243 -0.00805653 0)
(0.0943722 -0.00771964 0)
(0.0948423 -0.00736098 0)
(0.0952369 -0.00698382 0)
(0.0955594 -0.00659155 0)
(0.0958135 -0.00618764 0)
(0.0960031 -0.00577556 0)
(0.0961327 -0.00535869 0)
(0.0962069 -0.00494029 0)
(0.0962303 -0.00452344 0)
(0.0962077 -0.00411099 0)
(0.0961435 -0.00370555 0)
(0.0960423 -0.00330942 0)
(0.0959082 -0.00292464 0)
(0.0957451 -0.00255294 0)
(0.0955568 -0.00219576 0)
(0.0953465 -0.00185425 0)
(0.0951174 -0.00152931 0)
(0.094872 -0.00122157 0)
(0.0946127 -0.000931454 0)
(0.0943418 -0.000659167 0)
(0.094061 -0.000404734 0)
(0.0937718 -0.000168024 0)
(0.0934757 5.12332e-05 0)
(0.0931738 0.000253422 0)
(0.092867 0.000439022 0)
(0.0925563 0.000608593 0)
(0.0922422 0.000762756 0)
(0.0919255 0.000902178 0)
(0.0916065 0.00102756 0)
(0.0912858 0.00113963 0)
(0.0909637 0.00123913 0)
(0.0906405 0.00132679 0)
(0.0903165 0.00140336 0)
(0.0899919 0.00146957 0)
(0.089667 0.00152614 0)
(0.089342 0.00157378 0)
(0.089017 0.00161315 0)
(0.0886923 0.00164491 0)
(0.088368 0.0016697 0)
(0.0880443 0.00168811 0)
(0.0877213 0.00170071 0)
(0.0873992 0.00170804 0)
(0.0870781 0.00171061 0)
(0.0867583 0.0017089 0)
(0.0864397 0.00170334 0)
(0.0861226 0.00169436 0)
(0.0858071 0.00168234 0)
(0.0854933 0.00166762 0)
(0.0851813 0.00165054 0)
(0.0848713 0.00163138 0)
(0.0845632 0.00161042 0)
(0.0842573 0.00158789 0)
(0.0839537 0.001564 0)
(0.0836523 0.00153895 0)
(0.0833533 0.0015129 0)
(0.0830568 0.001486 0)
(0.0827628 0.00145837 0)
(0.0824714 0.00143012 0)
(0.0821828 0.00140134 0)
(0.0818968 0.00137209 0)
(0.0816137 0.00134244 0)
(0.0813334 0.00131242 0)
(0.0810561 0.00128208 0)
(0.0807818 0.00125143 0)
(0.0805106 0.00122048 0)
(0.0802425 0.00118925 0)
(0.0799776 0.00115772 0)
(0.079716 0.0011259 0)
(0.0794577 0.00109376 0)
(0.0792029 0.0010613 0)
(0.0789517 0.0010285 0)
(0.0787041 0.000995343 0)
(0.0784602 0.000961805 0)
(0.0782201 0.000927871 0)
(0.077984 0.000893526 0)
(0.077752 0.000858755 0)
(0.0775241 0.000823547 0)
(0.0773005 0.000787892 0)
(0.0770813 0.000751787 0)
(0.0768667 0.000715229 0)
(0.0766568 0.000678222 0)
(0.0764518 0.000640774 0)
(0.0762517 0.000602897 0)
(0.0760567 0.000564608 0)
(0.0758669 0.000525931 0)
(0.0756825 0.000486892 0)
(0.0755037 0.000447522 0)
(0.0753304 0.00040786 0)
(0.0751629 0.000367947 0)
(0.0750013 0.000327829 0)
(0.0748457 0.000287557 0)
(0.0746962 0.000247186 0)
(0.0745529 0.000206777 0)
(0.0744159 0.000166391 0)
(0.0742851 0.000126096 0)
(0.0741608 8.59618e-05 0)
(0.074043 4.60624e-05 0)
(0.0739316 6.47366e-06 0)
(0.0738267 -3.27254e-05 0)
(0.0737283 -7.14537e-05 0)
(0.0736364 -0.000109628 0)
(0.073551 -0.000147164 0)
(0.0734719 -0.000183975 0)
(0.0733993 -0.000219974 0)
(0.0733329 -0.000255074 0)
(0.0732726 -0.000289188 0)
(0.0732185 -0.000322229 0)
(0.0731703 -0.000354111 0)
(0.0731279 -0.000384749 0)
(0.0730911 -0.000414062 0)
(0.0730598 -0.00044197 0)
(0.0730338 -0.000468397 0)
(0.0730128 -0.000493272 0)
(0.0729968 -0.000516528 0)
(0.0729854 -0.000538104 0)
(0.0729785 -0.000557946 0)
(0.0729757 -0.000576007 0)
(0.0729769 -0.000592247 0)
(0.0729819 -0.000606633 0)
(0.0729903 -0.00061914 0)
(0.0730019 -0.000629748 0)
(0.0730165 -0.00063844 0)
(0.0730339 -0.000645196 0)
(0.0730537 -0.000649976 0)
(0.0730759 -0.000652726 0)
(0.0731001 -0.000653271 0)
(0.0731261 -0.000651444 0)
(0.0731538 -0.00064649 0)
(0.0731832 -0.000640791 0)
(0.0732167 -0.000608135 0)
(0.00500573 0.00204145 0)
(0.0075096 0.0030783 0)
(0.0124268 0.00262561 0)
(0.0156737 0.0020111 0)
(0.0187575 0.00138938 0)
(0.0214051 0.00088964 0)
(0.0238289 0.000474223 0)
(0.0260609 0.000133287 0)
(0.0281526 -0.000158048 0)
(0.0301309 -0.000412583 0)
(0.0320176 -0.000641634 0)
(0.0338283 -0.000852004 0)
(0.0355751 -0.00104886 0)
(0.0372675 -0.00123571 0)
(0.0389131 -0.00141526 0)
(0.0405184 -0.00158955 0)
(0.0420886 -0.00176028 0)
(0.0436285 -0.00192885 0)
(0.045142 -0.00209647 0)
(0.0466327 -0.00226426 0)
(0.0481037 -0.00243318 0)
(0.049558 -0.00260417 0)
(0.0509981 -0.00277809 0)
(0.0524266 -0.00295573 0)
(0.0538455 -0.00313786 0)
(0.055257 -0.00332521 0)
(0.0566629 -0.00351845 0)
(0.0580648 -0.00371819 0)
(0.0594643 -0.003925 0)
(0.0608628 -0.00413939 0)
(0.0622613 -0.00436178 0)
(0.0636609 -0.00459248 0)
(0.0650623 -0.00483174 0)
(0.066466 -0.00507966 0)
(0.0678724 -0.0053362 0)
(0.0692816 -0.0056012 0)
(0.0706934 -0.0058743 0)
(0.0721073 -0.00615498 0)
(0.0735226 -0.00644253 0)
(0.0749384 -0.00673603 0)
(0.0763534 -0.00703437 0)
(0.0777659 -0.00733619 0)
(0.079174 -0.00763995 0)
(0.0805754 -0.00794389 0)
(0.0819675 -0.00824604 0)
(0.0833475 -0.00854424 0)
(0.084712 -0.00883614 0)
(0.0860575 -0.00911923 0)
(0.08738 -0.00939088 0)
(0.0886754 -0.00964833 0)
(0.0899393 -0.00988875 0)
(0.0911668 -0.0101093 0)
(0.0923532 -0.010307 0)
(0.0934935 -0.0104791 0)
(0.0945824 -0.0106228 0)
(0.0956149 -0.0107356 0)
(0.096586 -0.010815 0)
(0.0974909 -0.0108589 0)
(0.098325 -0.0108655 0)
(0.099084 -0.0108334 0)
(0.0997645 -0.0107615 0)
(0.100363 -0.0106492 0)
(0.100878 -0.0104966 0)
(0.101308 -0.0103041 0)
(0.101651 -0.0100727 0)
(0.101909 -0.00980399 0)
(0.102083 -0.00950011 0)
(0.102175 -0.00916359 0)
(0.102188 -0.00879744 0)
(0.102128 -0.00840504 0)
(0.101998 -0.00799006 0)
(0.101804 -0.00755637 0)
(0.101553 -0.00710796 0)
(0.10125 -0.00664885 0)
(0.100904 -0.00618302 0)
(0.10052 -0.00571428 0)
(0.100105 -0.00524626 0)
(0.0996652 -0.00478232 0)
(0.0992075 -0.00432552 0)
(0.0987371 -0.00387858 0)
(0.0982592 -0.00344387 0)
(0.0977784 -0.00302339 0)
(0.0972986 -0.00261881 0)
(0.0968232 -0.00223145 0)
(0.0963552 -0.00186232 0)
(0.0958968 -0.00151213 0)
(0.0954498 -0.00118133 0)
(0.0950155 -0.000870146 0)
(0.0945948 -0.000578589 0)
(0.0941883 -0.000306499 0)
(0.0937961 -5.35689e-05 0)
(0.0934183 0.000180632 0)
(0.0930546 0.000396631 0)
(0.0927045 0.000595037 0)
(0.0923675 0.000776518 0)
(0.0920428 0.000941787 0)
(0.0917298 0.00109159 0)
(0.0914276 0.00122669 0)
(0.0911354 0.00134787 0)
(0.0908525 0.0014559 0)
(0.0905781 0.00155156 0)
(0.0903113 0.00163561 0)
(0.0900515 0.00170881 0)
(0.089798 0.00177187 0)
(0.0895501 0.00182553 0)
(0.0893072 0.00187045 0)
(0.0890688 0.00190731 0)
(0.0888344 0.00193674 0)
(0.0886035 0.00195935 0)
(0.0883759 0.00197571 0)
(0.088151 0.00198638 0)
(0.0879287 0.00199187 0)
(0.0877086 0.00199267 0)
(0.0874905 0.00198925 0)
(0.0872742 0.00198202 0)
(0.0870597 0.00197139 0)
(0.0868466 0.00195773 0)
(0.086635 0.00194138 0)
(0.0864247 0.00192266 0)
(0.0862157 0.00190185 0)
(0.0860079 0.00187921 0)
(0.0858012 0.00185497 0)
(0.0855957 0.00182935 0)
(0.0853914 0.00180254 0)
(0.0851882 0.00177469 0)
(0.084986 0.00174595 0)
(0.0847851 0.00171645 0)
(0.0845852 0.00168628 0)
(0.0843866 0.00165554 0)
(0.0841891 0.0016243 0)
(0.0839928 0.0015926 0)
(0.0837978 0.00156051 0)
(0.083604 0.00152804 0)
(0.0834115 0.00149522 0)
(0.0832203 0.00146205 0)
(0.0830305 0.00142855 0)
(0.082842 0.0013947 0)
(0.0826551 0.0013605 0)
(0.0824696 0.00132592 0)
(0.0822856 0.00129096 0)
(0.0821033 0.00125558 0)
(0.0819226 0.00121977 0)
(0.0817436 0.00118351 0)
(0.0815663 0.00114677 0)
(0.0813909 0.00110953 0)
(0.0812174 0.00107177 0)
(0.0810458 0.00103347 0)
(0.0808764 0.000994625 0)
(0.080709 0.000955221 0)
(0.0805439 0.000915253 0)
(0.0803811 0.00087472 0)
(0.0802207 0.000833628 0)
(0.0800628 0.000791985 0)
(0.0799075 0.000749807 0)
(0.0797549 0.000707115 0)
(0.0796051 0.000663937 0)
(0.0794582 0.000620305 0)
(0.0793143 0.000576257 0)
(0.0791735 0.000531838 0)
(0.0790359 0.000487098 0)
(0.0789015 0.000442092 0)
(0.0787705 0.000396881 0)
(0.078643 0.000351531 0)
(0.078519 0.000306114 0)
(0.0783987 0.000260704 0)
(0.078282 0.000215382 0)
(0.078169 0.000170231 0)
(0.0780599 0.000125339 0)
(0.0779545 8.07974e-05 0)
(0.077853 3.66998e-05 0)
(0.0777554 -6.85721e-06 0)
(0.0776617 -4.9775e-05 0)
(0.0775718 -9.19533e-05 0)
(0.0774858 -0.000133291 0)
(0.0774037 -0.000173685 0)
(0.0773254 -0.000213034 0)
(0.0772508 -0.000251236 0)
(0.0771799 -0.000288192 0)
(0.0771127 -0.000323801 0)
(0.077049 -0.00035797 0)
(0.0769888 -0.000390604 0)
(0.0769319 -0.000421616 0)
(0.0768782 -0.000450923 0)
(0.0768277 -0.000478447 0)
(0.0767802 -0.000504119 0)
(0.0767355 -0.000527877 0)
(0.0766935 -0.000549666 0)
(0.0766542 -0.000569443 0)
(0.0766173 -0.000587172 0)
(0.0765827 -0.000602829 0)
(0.0765503 -0.000616395 0)
(0.0765199 -0.000627861 0)
(0.0764915 -0.000637216 0)
(0.076465 -0.000644439 0)
(0.0764402 -0.000649486 0)
(0.0764173 -0.000652243 0)
(0.0763962 -0.000652566 0)
(0.0763772 -0.000649929 0)
(0.0763609 -0.000645693 0)
(0.0763511 -0.000616803 0)
(0.0344491 -1.77923e-06 0)
(0.0346034 -0.000145826 0)
(0.0349208 -0.000263288 0)
(0.0353536 -0.000325616 0)
(0.0358488 -0.000363762 0)
(0.0364879 -0.000438377 0)
(0.0371474 -0.000317511 0)
(0.0378256 -0.000770277 0)
(0.0908646 -5.44769e-06 0)
(0.0906415 -0.000126274 0)
(0.0905745 -0.000288906 0)
(0.0906087 -0.000454212 0)
(0.0907528 -0.000632137 0)
(0.090982 -0.000808971 0)
(0.0913259 -0.0010035 0)
(0.0921985 -0.00166731 0)
(0.128437 -9.20346e-06 0)
(0.128259 -8.95896e-05 0)
(0.128172 -0.000212856 0)
(0.128132 -0.00036976 0)
(0.12812 -0.000552645 0)
(0.128138 -0.000765121 0)
(0.128225 -0.00109138 0)
(0.128222 -0.00150937 0)
(0.147212 -1.31228e-05 0)
(0.147034 -0.000100191 0)
(0.146936 -0.000214124 0)
(0.146873 -0.000355254 0)
(0.146822 -0.000526938 0)
(0.146779 -0.000747169 0)
(0.14672 -0.00101465 0)
(0.146652 -0.00136859 0)
(0.147217 -1.84206e-05 0)
(0.147038 -0.000107835 0)
(0.146928 -0.000206632 0)
(0.146841 -0.000324922 0)
(0.14675 -0.000473597 0)
(0.146637 -0.000658959 0)
(0.146491 -0.00089633 0)
(0.146285 -0.0011862 0)
(0.12845 -2.61662e-05 0)
(0.128254 -0.00012394 0)
(0.128113 -0.000209604 0)
(0.127976 -0.000303156 0)
(0.127815 -0.00041968 0)
(0.127617 -0.000570366 0)
(0.127363 -0.000758675 0)
(0.127036 -0.000984022 0)
(0.0908857 -4.01534e-05 0)
(0.0906067 -0.000102605 0)
(0.090389 -0.000133343 0)
(0.0901713 -0.00017484 0)
(0.0899264 -0.000245656 0)
(0.089631 -0.000349741 0)
(0.0892628 -0.000484143 0)
(0.0887994 -0.000640224 0)
(0.0344545 -4.62198e-05 0)
(0.0343724 -2.48704e-05 0)
(0.0343207 7.207e-06 0)
(0.0342674 6.0303e-06 0)
(0.0341544 -2.67305e-05 0)
(0.0339542 -7.89074e-05 0)
(0.0336515 -0.000137658 0)
(0.0332412 -0.000192414 0)
(0.0404969 -0.00349774 0)
(0.0434086 -0.00319415 0)
(0.046051 -0.00287926 0)
(0.0486182 -0.00257311 0)
(0.0509731 -0.00242455 0)
(0.053167 -0.00237121 0)
(0.0552215 -0.00238391 0)
(0.057162 -0.00243474 0)
(0.0590076 -0.00250844 0)
(0.0607723 -0.00259564 0)
(0.0624667 -0.00269137 0)
(0.064099 -0.0027928 0)
(0.0656756 -0.00289852 0)
(0.0672018 -0.00300779 0)
(0.0686823 -0.00312033 0)
(0.0701209 -0.00323612 0)
(0.071521 -0.00335531 0)
(0.0728858 -0.00347817 0)
(0.074218 -0.00360505 0)
(0.0755204 -0.00373635 0)
(0.0767951 -0.00387251 0)
(0.0780443 -0.004014 0)
(0.0792701 -0.00416132 0)
(0.0804743 -0.00431495 0)
(0.0816585 -0.00447539 0)
(0.0828243 -0.00464311 0)
(0.0839729 -0.00481857 0)
(0.0851056 -0.00500219 0)
(0.0862234 -0.00519434 0)
(0.0873272 -0.00539533 0)
(0.0884177 -0.00560542 0)
(0.0894952 -0.00582474 0)
(0.0905602 -0.00605335 0)
(0.0916126 -0.00629117 0)
(0.0926523 -0.00653798 0)
(0.0936788 -0.00679341 0)
(0.0946915 -0.00705692 0)
(0.0956894 -0.00732776 0)
(0.0966713 -0.007605 0)
(0.0976356 -0.00788749 0)
(0.0985806 -0.00817385 0)
(0.099504 -0.00846248 0)
(0.100403 -0.00875154 0)
(0.101276 -0.00903898 0)
(0.102119 -0.00932252 0)
(0.102928 -0.00959966 0)
(0.1037 -0.00986773 0)
(0.104431 -0.0101239 0)
(0.105116 -0.0103652 0)
(0.105751 -0.0105885 0)
(0.106331 -0.0107907 0)
(0.106852 -0.0109686 0)
(0.107309 -0.0111191 0)
(0.107696 -0.0112393 0)
(0.108009 -0.0113261 0)
(0.108245 -0.0113771 0)
(0.108398 -0.0113899 0)
(0.108466 -0.0113625 0)
(0.108446 -0.0112935 0)
(0.108336 -0.0111819 0)
(0.108135 -0.0110272 0)
(0.107843 -0.0108297 0)
(0.107463 -0.0105902 0)
(0.106995 -0.0103102 0)
(0.106445 -0.00999175 0)
(0.105818 -0.00963766 0)
(0.105119 -0.00925113 0)
(0.104357 -0.00883589 0)
(0.103538 -0.00839602 0)
(0.102672 -0.00793587 0)
(0.101769 -0.00745994 0)
(0.100838 -0.00697277 0)
(0.0998877 -0.00647884 0)
(0.0989285 -0.00598242 0)
(0.0979688 -0.00548756 0)
(0.0970171 -0.00499795 0)
(0.0960807 -0.00451692 0)
(0.0951665 -0.00404737 0)
(0.0942801 -0.00359175 0)
(0.0934264 -0.00315212 0)
(0.0926092 -0.0027301 0)
(0.0918314 -0.00232691 0)
(0.0910953 -0.00194344 0)
(0.090402 -0.00158025 0)
(0.0897521 -0.0012376 0)
(0.0891455 -0.000915544 0)
(0.0885817 -0.00061391 0)
(0.0880596 -0.00033237 0)
(0.0875778 -7.04652e-05 0)
(0.0871346 0.000172369 0)
(0.086728 0.000396777 0)
(0.086356 0.000603456 0)
(0.0860163 0.000793148 0)
(0.0857068 0.000966617 0)
(0.0854252 0.00112464 0)
(0.0851693 0.001268 0)
(0.0849369 0.00139747 0)
(0.0847259 0.00151382 0)
(0.0845342 0.00161781 0)
(0.0843601 0.00171017 0)
(0.0842016 0.00179161 0)
(0.084057 0.00186284 0)
(0.0839249 0.00192453 0)
(0.0838036 0.00197733 0)
(0.0836919 0.00202186 0)
(0.0835886 0.00205872 0)
(0.0834924 0.00208849 0)
(0.0834024 0.00211171 0)
(0.0833176 0.00212891 0)
(0.0832373 0.0021406 0)
(0.0831606 0.00214723 0)
(0.0830869 0.00214926 0)
(0.0830157 0.00214712 0)
(0.0829464 0.0021412 0)
(0.0828785 0.00213186 0)
(0.0828118 0.00211947 0)
(0.0827457 0.00210433 0)
(0.0826801 0.00208676 0)
(0.0826148 0.00206702 0)
(0.0825494 0.00204537 0)
(0.0824838 0.00202204 0)
(0.082418 0.00199723 0)
(0.0823517 0.00197114 0)
(0.0822849 0.00194392 0)
(0.0822175 0.00191573 0)
(0.0821495 0.00188669 0)
(0.0820808 0.00185692 0)
(0.0820114 0.0018265 0)
(0.0819413 0.00179552 0)
(0.0818704 0.00176404 0)
(0.0817988 0.0017321 0)
(0.0817264 0.00169975 0)
(0.0816534 0.00166702 0)
(0.0815796 0.00163391 0)
(0.0815051 0.00160044 0)
(0.0814299 0.0015666 0)
(0.0813541 0.00153239 0)
(0.0812777 0.0014978 0)
(0.0812006 0.0014628 0)
(0.0811229 0.00142738 0)
(0.0810446 0.00139151 0)
(0.0809658 0.00135517 0)
(0.0808865 0.00131833 0)
(0.0808067 0.00128097 0)
(0.0807264 0.00124306 0)
(0.0806457 0.00120458 0)
(0.0805645 0.00116551 0)
(0.080483 0.00112584 0)
(0.0804012 0.00108555 0)
(0.0803191 0.00104463 0)
(0.0802367 0.00100308 0)
(0.0801541 0.000960898 0)
(0.0800714 0.000918097 0)
(0.0799885 0.000874687 0)
(0.0799056 0.000830688 0)
(0.0798226 0.000786124 0)
(0.0797397 0.000741027 0)
(0.0796569 0.000695434 0)
(0.0795742 0.00064939 0)
(0.0794917 0.000602945 0)
(0.0794095 0.000556156 0)
(0.0793275 0.000509084 0)
(0.079246 0.000461799 0)
(0.0791649 0.000414373 0)
(0.0790842 0.000366887 0)
(0.079004 0.000319425 0)
(0.0789245 0.000272076 0)
(0.0788455 0.000224932 0)
(0.0787672 0.000178093 0)
(0.0786896 0.000131657 0)
(0.0786126 8.57299e-05 0)
(0.0785365 4.04177e-05 0)
(0.0784611 -4.17099e-06 0)
(0.0783865 -4.79262e-05 0)
(0.0783127 -9.0737e-05 0)
(0.0782396 -0.000132492 0)
(0.0781674 -0.000173082 0)
(0.078096 -0.000212396 0)
(0.0780254 -0.000250327 0)
(0.0779555 -0.000286772 0)
(0.0778864 -0.000321629 0)
(0.0778181 -0.000354804 0)
(0.0777504 -0.000386207 0)
(0.0776834 -0.000415754 0)
(0.0776171 -0.000443371 0)
(0.0775514 -0.000468993 0)
(0.0774862 -0.000492562 0)
(0.0774216 -0.000514036 0)
(0.0773575 -0.000533381 0)
(0.077294 -0.000550577 0)
(0.077231 -0.000565617 0)
(0.0771684 -0.000578504 0)
(0.0771065 -0.000589252 0)
(0.0770451 -0.000597874 0)
(0.0769845 -0.000604381 0)
(0.0769249 -0.000608744 0)
(0.0768665 -0.000610947 0)
(0.0768099 -0.000610721 0)
(0.0767561 -0.000609749 0)
(0.0767096 -0.00058802 0)
(0.0928298 -0.00217351 0)
(0.0928896 -0.00264893 0)
(0.0931935 -0.00291854 0)
(0.0936573 -0.00310275 0)
(0.0942762 -0.00324418 0)
(0.0949901 -0.00336771 0)
(0.0957658 -0.0034819 0)
(0.0965781 -0.00358967 0)
(0.0974107 -0.0036922 0)
(0.0982523 -0.00379027 0)
(0.0990951 -0.0038848 0)
(0.0999332 -0.0039768 0)
(0.100762 -0.00406736 0)
(0.10158 -0.00415751 0)
(0.102383 -0.00424827 0)
(0.10317 -0.00434053 0)
(0.10394 -0.00443514 0)
(0.104692 -0.00453289 0)
(0.105425 -0.00463448 0)
(0.106139 -0.00474059 0)
(0.106834 -0.00485186 0)
(0.10751 -0.00496888 0)
(0.108166 -0.00509223 0)
(0.108802 -0.00522243 0)
(0.109419 -0.00535998 0)
(0.110017 -0.00550535 0)
(0.110595 -0.00565895 0)
(0.111153 -0.00582115 0)
(0.111692 -0.00599224 0)
(0.11221 -0.00617246 0)
(0.112708 -0.00636195 0)
(0.113184 -0.00656074 0)
(0.113638 -0.00676874 0)
(0.11407 -0.00698573 0)
(0.114477 -0.00721135 0)
(0.114859 -0.00744504 0)
(0.115214 -0.00768606 0)
(0.115539 -0.00793348 0)
(0.115834 -0.00818612 0)
(0.116094 -0.00844261 0)
(0.116319 -0.00870129 0)
(0.116504 -0.00896029 0)
(0.116647 -0.00921748 0)
(0.116744 -0.00947049 0)
(0.116791 -0.00971673 0)
(0.116784 -0.00995337 0)
(0.116718 -0.0101774 0)
(0.11659 -0.0103857 0)
(0.116395 -0.0105751 0)
(0.116128 -0.010742 0)
(0.115785 -0.0108833 0)
(0.115362 -0.0109957 0)
(0.114853 -0.0110759 0)
(0.114257 -0.011121 0)
(0.113571 -0.0111285 0)
(0.112791 -0.0110959 0)
(0.111917 -0.0110214 0)
(0.11095 -0.0109039 0)
(0.109889 -0.0107426 0)
(0.108739 -0.0105377 0)
(0.107503 -0.0102899 0)
(0.106188 -0.0100009 0)
(0.104799 -0.00967278 0)
(0.103347 -0.0093087 0)
(0.101841 -0.00891225 0)
(0.100293 -0.00848758 0)
(0.0987135 -0.00803927 0)
(0.0971163 -0.00757215 0)
(0.095514 -0.0070912 0)
(0.093919 -0.00660136 0)
(0.0923437 -0.00610744 0)
(0.0907995 -0.00561397 0)
(0.089297 -0.00512511 0)
(0.0878455 -0.00464456 0)
(0.0864532 -0.00417556 0)
(0.0851267 -0.0037208 0)
(0.0838712 -0.00328248 0)
(0.0826906 -0.00286227 0)
(0.0815873 -0.0024614 0)
(0.0805627 -0.00208067 0)
(0.0796168 -0.00172052 0)
(0.078749 -0.00138108 0)
(0.0779576 -0.00106221 0)
(0.0772402 -0.00076357 0)
(0.076594 -0.000484667 0)
(0.0760159 -0.000224885 0)
(0.0755021 1.64759e-05 0)
(0.0750491 0.000240167 0)
(0.0746529 0.000446971 0)
(0.0743096 0.000637682 0)
(0.0740154 0.000813095 0)
(0.0737665 0.000973991 0)
(0.0735592 0.00112113 0)
(0.0733899 0.00125527 0)
(0.0732553 0.0013771 0)
(0.0731521 0.00148733 0)
(0.0730772 0.00158662 0)
(0.0730278 0.00167559 0)
(0.0730012 0.00175487 0)
(0.0729949 0.00182503 0)
(0.0730064 0.00188664 0)
(0.0730338 0.00194023 0)
(0.073075 0.00198632 0)
(0.0731282 0.0020254 0)
(0.0731916 0.00205796 0)
(0.0732638 0.00208444 0)
(0.0733434 0.00210527 0)
(0.0734292 0.00212089 0)
(0.0735199 0.00213169 0)
(0.0736146 0.00213804 0)
(0.0737123 0.00214032 0)
(0.0738123 0.00213887 0)
(0.0739137 0.00213401 0)
(0.0740161 0.00212605 0)
(0.0741187 0.00211528 0)
(0.0742212 0.00210199 0)
(0.074323 0.00208641 0)
(0.0744238 0.0020688 0)
(0.0745233 0.00204936 0)
(0.0746213 0.00202831 0)
(0.0747174 0.00200582 0)
(0.0748115 0.00198206 0)
(0.0749034 0.00195719 0)
(0.0749931 0.00193134 0)
(0.0750803 0.00190463 0)
(0.0751651 0.00187717 0)
(0.0752473 0.00184904 0)
(0.0753268 0.00182032 0)
(0.0754038 0.00179107 0)
(0.0754781 0.00176135 0)
(0.0755497 0.0017312 0)
(0.0756186 0.00170064 0)
(0.0756848 0.00166969 0)
(0.0757483 0.00163837 0)
(0.075809 0.00160669 0)
(0.0758671 0.00157462 0)
(0.0759225 0.00154218 0)
(0.0759751 0.00150934 0)
(0.0760251 0.00147608 0)
(0.0760723 0.00144238 0)
(0.0761169 0.00140823 0)
(0.0761587 0.00137359 0)
(0.0761978 0.00133843 0)
(0.0762342 0.00130275 0)
(0.0762678 0.00126649 0)
(0.0762988 0.00122966 0)
(0.0763269 0.00119222 0)
(0.0763523 0.00115417 0)
(0.076375 0.00111548 0)
(0.0763949 0.00107614 0)
(0.0764119 0.00103616 0)
(0.0764262 0.000995527 0)
(0.0764377 0.000954254 0)
(0.0764464 0.000912352 0)
(0.0764523 0.000869836 0)
(0.0764554 0.00082673 0)
(0.0764556 0.000783065 0)
(0.076453 0.000738876 0)
(0.0764477 0.000694206 0)
(0.0764395 0.000649103 0)
(0.0764285 0.000603624 0)
(0.0764147 0.000557829 0)
(0.0763981 0.000511786 0)
(0.0763788 0.000465569 0)
(0.0763567 0.000419257 0)
(0.0763319 0.000372934 0)
(0.0763044 0.000326689 0)
(0.0762741 0.000280617 0)
(0.0762412 0.000234816 0)
(0.0762057 0.000189388 0)
(0.0761675 0.000144439 0)
(0.0761268 0.000100077 0)
(0.0760834 5.64128e-05 0)
(0.0760376 1.3558e-05 0)
(0.0759892 -2.83743e-05 0)
(0.0759384 -6.9271e-05 0)
(0.0758851 -0.000109019 0)
(0.0758295 -0.000147509 0)
(0.0757715 -0.00018463 0)
(0.0757112 -0.000220277 0)
(0.0756486 -0.000254351 0)
(0.0755839 -0.000286753 0)
(0.075517 -0.000317396 0)
(0.075448 -0.000346197 0)
(0.0753769 -0.000373083 0)
(0.075304 -0.000397993 0)
(0.0752291 -0.000420874 0)
(0.0751525 -0.000441689 0)
(0.0750742 -0.000460414 0)
(0.0749944 -0.000477041 0)
(0.0749131 -0.000491578 0)
(0.0748305 -0.000504053 0)
(0.0747469 -0.000514513 0)
(0.0746623 -0.00052302 0)
(0.0745772 -0.000529668 0)
(0.0744919 -0.000534528 0)
(0.074407 -0.000537772 0)
(0.0743231 -0.000539337 0)
(0.0742412 -0.000542195 0)
(0.0741647 -0.000528981 0)
(0.12815 -0.00212364 0)
(0.128097 -0.00262329 0)
(0.128027 -0.00299538 0)
(0.128004 -0.00326971 0)
(0.12803 -0.00348307 0)
(0.128101 -0.00365819 0)
(0.128205 -0.00380821 0)
(0.128333 -0.00394047 0)
(0.128476 -0.0040593 0)
(0.128628 -0.00416757 0)
(0.128782 -0.0042675 0)
(0.128935 -0.00436093 0)
(0.129083 -0.00444952 0)
(0.129222 -0.00453477 0)
(0.129351 -0.00461803 0)
(0.129466 -0.00470056 0)
(0.129568 -0.00478348 0)
(0.129653 -0.00486785 0)
(0.129721 -0.00495461 0)
(0.12977 -0.00504464 0)
(0.1298 -0.00513874 0)
(0.129809 -0.00523765 0)
(0.129798 -0.00534204 0)
(0.129764 -0.00545253 0)
(0.129707 -0.00556966 0)
(0.129627 -0.00569393 0)
(0.129522 -0.00582575 0)
(0.129391 -0.00596547 0)
(0.129234 -0.00611334 0)
(0.129049 -0.00626953 0)
(0.128834 -0.0064341 0)
(0.128588 -0.00660699 0)
(0.12831 -0.00678798 0)
(0.127997 -0.00697673 0)
(0.127647 -0.0071727 0)
(0.127259 -0.00737516 0)
(0.126829 -0.0075832 0)
(0.126354 -0.00779565 0)
(0.125832 -0.00801112 0)
(0.12526 -0.00822797 0)
(0.124633 -0.0084443 0)
(0.123949 -0.00865796 0)
(0.123202 -0.00886653 0)
(0.122391 -0.00906736 0)
(0.121509 -0.00925757 0)
(0.120553 -0.00943409 0)
(0.119519 -0.0095937 0)
(0.118403 -0.00973307 0)
(0.117201 -0.00984884 0)
(0.115911 -0.00993767 0)
(0.114528 -0.00999633 0)
(0.113052 -0.0100218 0)
(0.111482 -0.0100114 0)
(0.109817 -0.00996267 0)
(0.10806 -0.00987393 0)
(0.106212 -0.00974393 0)
(0.10428 -0.00957215 0)
(0.102269 -0.00935883 0)
(0.100187 -0.00910502 0)
(0.098045 -0.00881263 0)
(0.095854 -0.00848432 0)
(0.0936274 -0.00812354 0)
(0.0913797 -0.00773438 0)
(0.089126 -0.00732142 0)
(0.0868824 -0.00688965 0)
(0.0846648 -0.00644423 0)
(0.0824888 -0.00599035 0)
(0.0803692 -0.00553306 0)
(0.0783195 -0.00507712 0)
(0.0763519 -0.00462688 0)
(0.0744765 -0.00418613 0)
(0.0727017 -0.00375811 0)
(0.0710339 -0.00334542 0)
(0.0694772 -0.00295004 0)
(0.0680343 -0.00257336 0)
(0.0667056 -0.00221624 0)
(0.0654905 -0.00187908 0)
(0.0643868 -0.00156187 0)
(0.0633912 -0.00126431 0)
(0.0624998 -0.000985873 0)
(0.0617078 -0.000725853 0)
(0.0610102 -0.000483447 0)
(0.0604015 -0.000257796 0)
(0.0598762 -4.80164e-05 0)
(0.0594288 0.000146765 0)
(0.0590538 0.000327396 0)
(0.0587458 0.00049469 0)
(0.0584997 0.00064941 0)
(0.0583105 0.000792278 0)
(0.0581734 0.000923964 0)
(0.058084 0.0010451 0)
(0.058038 0.00115626 0)
(0.0580315 0.00125799 0)
(0.0580607 0.00135081 0)
(0.058122 0.0014352 0)
(0.0582124 0.0015116 0)
(0.0583287 0.00158044 0)
(0.0584681 0.00164214 0)
(0.0586279 0.00169707 0)
(0.0588059 0.00174562 0)
(0.0589997 0.00178812 0)
(0.0592074 0.00182494 0)
(0.0594269 0.0018564 0)
(0.0596566 0.00188282 0)
(0.0598949 0.00190452 0)
(0.0601403 0.00192178 0)
(0.0603915 0.00193491 0)
(0.0606473 0.00194418 0)
(0.0609066 0.00194986 0)
(0.0611685 0.00195222 0)
(0.061432 0.00195151 0)
(0.0616963 0.00194797 0)
(0.0619607 0.00194182 0)
(0.0622247 0.0019333 0)
(0.0624876 0.00192261 0)
(0.0627489 0.00190994 0)
(0.0630082 0.00189549 0)
(0.0632652 0.00187942 0)
(0.0635194 0.00186191 0)
(0.0637707 0.0018431 0)
(0.0640187 0.00182313 0)
(0.0642633 0.00180212 0)
(0.0645043 0.00178019 0)
(0.0647415 0.00175745 0)
(0.0649749 0.00173398 0)
(0.0652042 0.00170987 0)
(0.0654295 0.00168517 0)
(0.0656507 0.00165996 0)
(0.0658677 0.00163428 0)
(0.0660804 0.00160817 0)
(0.0662889 0.00158165 0)
(0.0664931 0.00155476 0)
(0.0666929 0.00152749 0)
(0.0668884 0.00149987 0)
(0.0670796 0.00147189 0)
(0.0672663 0.00144354 0)
(0.0674486 0.00141483 0)
(0.0676265 0.00138572 0)
(0.0677999 0.00135621 0)
(0.0679687 0.00132627 0)
(0.0681331 0.00129588 0)
(0.0682929 0.00126503 0)
(0.068448 0.00123369 0)
(0.0685985 0.00120183 0)
(0.0687443 0.00116943 0)
(0.0688853 0.00113648 0)
(0.0690215 0.00110295 0)
(0.0691528 0.00106883 0)
(0.0692792 0.00103412 0)
(0.0694006 0.000998788 0)
(0.069517 0.000962846 0)
(0.0696282 0.000926292 0)
(0.0697343 0.000889132 0)
(0.0698351 0.000851376 0)
(0.0699306 0.000813041 0)
(0.0700207 0.00077415 0)
(0.0701054 0.00073473 0)
(0.0701846 0.000694817 0)
(0.0702583 0.00065445 0)
(0.0703264 0.000613677 0)
(0.0703889 0.000572549 0)
(0.0704456 0.000531126 0)
(0.0704967 0.000489471 0)
(0.070542 0.000447655 0)
(0.0705815 0.000405754 0)
(0.0706152 0.000363847 0)
(0.0706431 0.000322021 0)
(0.0706651 0.000280366 0)
(0.0706814 0.000238975 0)
(0.0706918 0.000197947 0)
(0.0706964 0.000157383 0)
(0.0706952 0.000117385 0)
(0.0706883 7.80593e-05 0)
(0.0706756 3.95129e-05 0)
(0.0706573 1.853e-06 0)
(0.0706334 -3.48133e-05 0)
(0.070604 -7.03798e-05 0)
(0.0705691 -0.000104742 0)
(0.0705289 -0.000137799 0)
(0.0704834 -0.000169452 0)
(0.0704328 -0.000199609 0)
(0.0703772 -0.000228182 0)
(0.0703168 -0.000255092 0)
(0.0702517 -0.000280266 0)
(0.0701821 -0.000303643 0)
(0.0701082 -0.000325173 0)
(0.0700302 -0.000344815 0)
(0.0699483 -0.000362548 0)
(0.0698628 -0.000378362 0)
(0.0697739 -0.000392269 0)
(0.0696819 -0.000404301 0)
(0.0695871 -0.000414516 0)
(0.0694899 -0.000423 0)
(0.0693905 -0.00042987 0)
(0.0692895 -0.000435317 0)
(0.0691874 -0.000439511 0)
(0.0690848 -0.000442879 0)
(0.0689827 -0.000445173 0)
(0.0688812 -0.000451426 0)
(0.0687812 -0.000447678 0)
(0.14652 -0.00176347 0)
(0.14627 -0.00216539 0)
(0.145963 -0.00252742 0)
(0.145632 -0.00283866 0)
(0.1453 -0.00310321 0)
(0.144972 -0.00332868 0)
(0.144648 -0.00352196 0)
(0.144322 -0.0036886 0)
(0.143991 -0.00383302 0)
(0.143651 -0.00395896 0)
(0.143298 -0.00406962 0)
(0.14293 -0.00416784 0)
(0.142544 -0.00425614 0)
(0.142139 -0.00433678 0)
(0.141713 -0.00441178 0)
(0.141266 -0.00448296 0)
(0.140796 -0.00455191 0)
(0.140301 -0.00462006 0)
(0.139782 -0.0046887 0)
(0.139237 -0.00475895 0)
(0.138666 -0.00483181 0)
(0.138067 -0.00490817 0)
(0.13744 -0.00498881 0)
(0.136783 -0.0050744 0)
(0.136096 -0.00516551 0)
(0.135377 -0.00526264 0)
(0.134625 -0.00536615 0)
(0.133838 -0.00547633 0)
(0.133014 -0.00559336 0)
(0.132152 -0.00571729 0)
(0.13125 -0.00584803 0)
(0.130305 -0.00598539 0)
(0.129315 -0.00612897 0)
(0.128277 -0.00627825 0)
(0.127189 -0.00643248 0)
(0.126046 -0.00659072 0)
(0.124847 -0.00675181 0)
(0.123588 -0.00691437 0)
(0.122264 -0.00707675 0)
(0.120874 -0.00723706 0)
(0.119412 -0.00739318 0)
(0.117875 -0.00754272 0)
(0.116261 -0.0076831 0)
(0.114565 -0.00781151 0)
(0.112784 -0.00792501 0)
(0.110916 -0.00802054 0)
(0.108959 -0.00809503 0)
(0.106911 -0.00814542 0)
(0.104773 -0.00816878 0)
(0.102545 -0.00816242 0)
(0.100229 -0.00812396 0)
(0.0978285 -0.00805145 0)
(0.0953496 -0.00794346 0)
(0.0927992 -0.00779922 0)
(0.0901866 -0.00761864 0)
(0.0875231 -0.00740242 0)
(0.0848216 -0.00715209 0)
(0.0820972 -0.00687004 0)
(0.0793662 -0.00655944 0)
(0.0766462 -0.00622421 0)
(0.0739553 -0.00586887 0)
(0.0713119 -0.0054984 0)
(0.0687339 -0.00511799 0)
(0.0662383 -0.00473286 0)
(0.0638403 -0.00434799 0)
(0.0615533 -0.00396796 0)
(0.0593882 -0.00359676 0)
(0.0573536 -0.00323768 0)
(0.0554551 -0.00289327 0)
(0.0536961 -0.00256532 0)
(0.0520777 -0.00225492 0)
(0.0505985 -0.00196255 0)
(0.049256 -0.0016882 0)
(0.0480456 -0.00143145 0)
(0.0469623 -0.00119163 0)
(0.0459999 -0.000967864 0)
(0.0451519 -0.000759217 0)
(0.0444115 -0.000564706 0)
(0.0437718 -0.000383367 0)
(0.0432262 -0.000214282 0)
(0.0427679 -5.65965e-05 0)
(0.0423907 9.04756e-05 0)
(0.0420884 0.000227647 0)
(0.0418554 0.00035556 0)
(0.0416862 0.000474795 0)
(0.0415756 0.000585872 0)
(0.041519 0.000689258 0)
(0.0415117 0.000785376 0)
(0.0415497 0.000874607 0)
(0.041629 0.000957298 0)
(0.0417459 0.00103377 0)
(0.041897 0.0011043 0)
(0.0420792 0.00116917 0)
(0.0422895 0.00122863 0)
(0.042525 0.00128292 0)
(0.0427832 0.00133225 0)
(0.0430618 0.00137685 0)
(0.0433584 0.00141692 0)
(0.0436709 0.00145266 0)
(0.0439976 0.00148426 0)
(0.0443365 0.00151191 0)
(0.0446859 0.0015358 0)
(0.0450445 0.00155612 0)
(0.0454106 0.00157304 0)
(0.0457831 0.00158675 0)
(0.0461606 0.00159742 0)
(0.0465422 0.00160522 0)
(0.0469267 0.00161033 0)
(0.0473132 0.00161291 0)
(0.047701 0.00161314 0)
(0.0480892 0.00161117 0)
(0.048477 0.00160716 0)
(0.048864 0.00160126 0)
(0.0492495 0.00159362 0)
(0.049633 0.00158439 0)
(0.050014 0.00157368 0)
(0.0503922 0.00156164 0)
(0.0507672 0.00154839 0)
(0.0511386 0.00153403 0)
(0.0515062 0.00151868 0)
(0.0518698 0.00150243 0)
(0.0522291 0.00148538 0)
(0.0525839 0.0014676 0)
(0.0529341 0.00144917 0)
(0.0532795 0.00143015 0)
(0.0536201 0.00141061 0)
(0.0539556 0.0013906 0)
(0.0542861 0.00137015 0)
(0.0546115 0.0013493 0)
(0.0549316 0.00132808 0)
(0.0552464 0.00130651 0)
(0.0555559 0.0012846 0)
(0.05586 0.00126238 0)
(0.0561586 0.00123983 0)
(0.0564516 0.00121695 0)
(0.0567392 0.00119375 0)
(0.057021 0.00117022 0)
(0.0572972 0.00114633 0)
(0.0575676 0.00112209 0)
(0.0578322 0.00109747 0)
(0.0580909 0.00107245 0)
(0.0583437 0.00104701 0)
(0.0585903 0.00102114 0)
(0.0588308 0.000994823 0)
(0.0590651 0.000968035 0)
(0.059293 0.000940762 0)
(0.0595145 0.000912992 0)
(0.0597295 0.000884711 0)
(0.0599377 0.000855913 0)
(0.0601392 0.000826591 0)
(0.0603338 0.000796746 0)
(0.0605214 0.000766378 0)
(0.0607019 0.000735496 0)
(0.0608751 0.000704112 0)
(0.061041 0.000672241 0)
(0.0611994 0.000639906 0)
(0.0613502 0.000607134 0)
(0.0614932 0.000573957 0)
(0.0616285 0.000540413 0)
(0.0617559 0.000506544 0)
(0.0618752 0.0004724 0)
(0.0619864 0.000438033 0)
(0.0620895 0.000403503 0)
(0.0621843 0.000368873 0)
(0.0622707 0.000334212 0)
(0.0623489 0.000299593 0)
(0.0624186 0.000265092 0)
(0.0624798 0.000230791 0)
(0.0625326 0.000196774 0)
(0.062577 0.000163128 0)
(0.062613 0.000129942 0)
(0.0626405 9.73083e-05 0)
(0.0626597 6.53186e-05 0)
(0.0626707 3.40662e-05 0)
(0.0626734 3.64408e-06 0)
(0.0626681 -2.58558e-05 0)
(0.0626548 -5.43431e-05 0)
(0.0626338 -8.17301e-05 0)
(0.0626051 -0.000107933 0)
(0.062569 -0.000132871 0)
(0.0625257 -0.00015647 0)
(0.0624754 -0.000178663 0)
(0.0624184 -0.000199388 0)
(0.062355 -0.000218594 0)
(0.0622855 -0.00023624 0)
(0.0622102 -0.000252294 0)
(0.0621295 -0.000266739 0)
(0.0620437 -0.000279572 0)
(0.0619532 -0.000290808 0)
(0.0618585 -0.000300482 0)
(0.0617599 -0.00030865 0)
(0.0616579 -0.0003154 0)
(0.0615529 -0.000320866 0)
(0.0614455 -0.000325191 0)
(0.0613361 -0.000328688 0)
(0.0612254 -0.000331528 0)
(0.0611141 -0.000334697 0)
(0.0610032 -0.000336771 0)
(0.060892 -0.000345253 0)
(0.0607758 -0.000352503 0)
(0.145998 -0.00152217 0)
(0.145629 -0.00186476 0)
(0.145182 -0.00218429 0)
(0.144673 -0.00246623 0)
(0.144115 -0.00270752 0)
(0.143516 -0.00291065 0)
(0.142879 -0.00308013 0)
(0.142206 -0.00322088 0)
(0.141497 -0.00333758 0)
(0.140753 -0.00343446 0)
(0.139974 -0.00351522 0)
(0.139161 -0.00358313 0)
(0.138316 -0.00364098 0)
(0.137438 -0.00369122 0)
(0.136528 -0.00373595 0)
(0.135588 -0.003777 0)
(0.134617 -0.00381595 0)
(0.133616 -0.00385419 0)
(0.132584 -0.00389289 0)
(0.131522 -0.00393309 0)
(0.130428 -0.00397564 0)
(0.129302 -0.00402129 0)
(0.128144 -0.00407066 0)
(0.126952 -0.00412424 0)
(0.125724 -0.00418244 0)
(0.12446 -0.00424555 0)
(0.123158 -0.00431374 0)
(0.121815 -0.00438709 0)
(0.12043 -0.00446556 0)
(0.119 -0.00454899 0)
(0.117523 -0.00463708 0)
(0.115995 -0.0047294 0)
(0.114415 -0.00482536 0)
(0.112779 -0.00492419 0)
(0.111083 -0.00502496 0)
(0.109326 -0.00512652 0)
(0.107504 -0.00522756 0)
(0.105614 -0.00532654 0)
(0.103653 -0.0054217 0)
(0.101618 -0.00551111 0)
(0.0995081 -0.00559264 0)
(0.0973205 -0.005664 0)
(0.0950544 -0.00572278 0)
(0.0927094 -0.00576649 0)
(0.0902861 -0.00579263 0)
(0.0877865 -0.00579876 0)
(0.0852136 -0.00578262 0)
(0.0825721 -0.00574218 0)
(0.0798684 -0.0056758 0)
(0.0771107 -0.00558233 0)
(0.0743092 -0.00546119 0)
(0.071476 -0.00531248 0)
(0.0686251 -0.00513709 0)
(0.0657722 -0.00493664 0)
(0.0629341 -0.0047136 0)
(0.060129 -0.0044711 0)
(0.057375 -0.00421295 0)
(0.0546903 -0.00394335 0)
(0.0520922 -0.00366677 0)
(0.0495965 -0.00338767 0)
(0.0472169 -0.00311025 0)
(0.0449648 -0.00283826 0)
(0.0428488 -0.00257479 0)
(0.0408747 -0.00232222 0)
(0.0390456 -0.00208217 0)
(0.037362 -0.00185559 0)
(0.0358222 -0.00164278 0)
(0.0344226 -0.00144361 0)
(0.0331584 -0.00125759 0)
(0.0320235 -0.00108402 0)
(0.0310112 -0.000922094 0)
(0.0301147 -0.000770969 0)
(0.0293267 -0.000629823 0)
(0.0286401 -0.000497882 0)
(0.0280483 -0.000374432 0)
(0.0275446 -0.000258824 0)
(0.0271228 -0.000150469 0)
(0.026777 -4.8834e-05 0)
(0.0265018 4.65614e-05 0)
(0.026292 0.000136153 0)
(0.0261428 0.000220335 0)
(0.0260498 0.000299461 0)
(0.0260087 0.000373848 0)
(0.0260156 0.000443777 0)
(0.0260669 0.000509499 0)
(0.0261592 0.000571234 0)
(0.0262893 0.000629176 0)
(0.0264542 0.000683493 0)
(0.0266512 0.000734334 0)
(0.0268775 0.00078183 0)
(0.0271308 0.000826097 0)
(0.0274087 0.00086724 0)
(0.0277091 0.000905353 0)
(0.0280299 0.000940525 0)
(0.0283692 0.000972837 0)
(0.0287253 0.00100237 0)
(0.0290963 0.00102921 0)
(0.0294808 0.00105342 0)
(0.0298772 0.00107508 0)
(0.030284 0.00109428 0)
(0.0307 0.0011111 0)
(0.0311239 0.00112562 0)
(0.0315545 0.00113793 0)
(0.0319908 0.00114811 0)
(0.0324316 0.00115625 0)
(0.0328761 0.00116245 0)
(0.0333234 0.00116681 0)
(0.0337725 0.0011694 0)
(0.0342229 0.00117034 0)
(0.0346736 0.00116972 0)
(0.0351242 0.00116763 0)
(0.035574 0.00116417 0)
(0.0360223 0.00115944 0)
(0.0364688 0.00115351 0)
(0.036913 0.00114649 0)
(0.0373544 0.00113846 0)
(0.0377926 0.0011295 0)
(0.0382274 0.00111969 0)
(0.0386584 0.00110911 0)
(0.0390854 0.00109783 0)
(0.039508 0.00108591 0)
(0.039926 0.00107341 0)
(0.0403394 0.00106039 0)
(0.0407478 0.0010469 0)
(0.0411511 0.00103299 0)
(0.0415492 0.00101869 0)
(0.041942 0.00100404 0)
(0.0423293 0.000989065 0)
(0.0427111 0.000973793 0)
(0.0430871 0.000958242 0)
(0.0434574 0.000942427 0)
(0.0438219 0.000926357 0)
(0.0441803 0.000910038 0)
(0.0445328 0.000893473 0)
(0.0448791 0.000876661 0)
(0.0452193 0.000859598 0)
(0.0455531 0.000842278 0)
(0.0458805 0.00082469 0)
(0.0462015 0.000806826 0)
(0.0465158 0.000788672 0)
(0.0468234 0.000770217 0)
(0.0471242 0.000751448 0)
(0.0474181 0.000732351 0)
(0.0477049 0.000712914 0)
(0.0479845 0.000693125 0)
(0.0482568 0.000672975 0)
(0.0485215 0.000652453 0)
(0.0487787 0.000631555 0)
(0.0490281 0.000610275 0)
(0.0492695 0.000588612 0)
(0.0495029 0.000566567 0)
(0.049728 0.000544146 0)
(0.0499447 0.000521358 0)
(0.0501529 0.000498213 0)
(0.0503523 0.000474729 0)
(0.0505429 0.000450925 0)
(0.0507245 0.000426825 0)
(0.0508969 0.000402458 0)
(0.0510601 0.000377857 0)
(0.0512138 0.000353057 0)
(0.051358 0.000328101 0)
(0.0514926 0.000303033 0)
(0.0516174 0.000277902 0)
(0.0517325 0.000252759 0)
(0.0518376 0.000227662 0)
(0.0519329 0.000202668 0)
(0.0520182 0.00017784 0)
(0.0520936 0.000153243 0)
(0.052159 0.000128941 0)
(0.0522145 0.000105005 0)
(0.0522602 8.15019e-05 0)
(0.0522961 5.85028e-05 0)
(0.0523224 3.60773e-05 0)
(0.0523391 1.4295e-05 0)
(0.0523465 -6.77581e-06 0)
(0.0523448 -2.70685e-05 0)
(0.052334 -4.65191e-05 0)
(0.0523146 -6.50665e-05 0)
(0.0522868 -8.26539e-05 0)
(0.0522509 -9.92289e-05 0)
(0.0522071 -0.000114745 0)
(0.052156 -0.00012916 0)
(0.0520978 -0.000142443 0)
(0.0520329 -0.000154567 0)
(0.0519619 -0.000165516 0)
(0.0518851 -0.000175284 0)
(0.051803 -0.000183876 0)
(0.0517161 -0.00019131 0)
(0.0516249 -0.000197623 0)
(0.0515298 -0.000202864 0)
(0.0514315 -0.000207113 0)
(0.0513304 -0.000210471 0)
(0.0512269 -0.000213094 0)
(0.0511217 -0.000215159 0)
(0.0510152 -0.000217045 0)
(0.0509079 -0.000218707 0)
(0.0508 -0.000222369 0)
(0.0506932 -0.000224105 0)
(0.050587 -0.000233285 0)
(0.0504657 -0.000253076 0)
(0.126618 -0.00123335 0)
(0.126094 -0.00148654 0)
(0.125467 -0.00172258 0)
(0.124746 -0.00192845 0)
(0.123942 -0.00209959 0)
(0.123065 -0.00223707 0)
(0.122121 -0.00234477 0)
(0.121117 -0.00242755 0)
(0.120059 -0.00249016 0)
(0.118952 -0.00253686 0)
(0.117802 -0.00257124 0)
(0.116612 -0.00259628 0)
(0.115387 -0.0026144 0)
(0.11413 -0.00262763 0)
(0.112842 -0.00263763 0)
(0.111527 -0.00264579 0)
(0.110186 -0.00265329 0)
(0.108819 -0.00266112 0)
(0.107427 -0.00267009 0)
(0.106011 -0.00268087 0)
(0.10457 -0.00269401 0)
(0.103102 -0.00270994 0)
(0.101608 -0.00272898 0)
(0.100087 -0.00275134 0)
(0.0985352 -0.00277716 0)
(0.0969526 -0.00280645 0)
(0.0953369 -0.00283915 0)
(0.0936858 -0.00287509 0)
(0.0919971 -0.002914 0)
(0.0902684 -0.0029555 0)
(0.0884974 -0.00299912 0)
(0.0866816 -0.00304422 0)
(0.0848186 -0.00309007 0)
(0.0829062 -0.0031358 0)
(0.0809425 -0.00318038 0)
(0.0789257 -0.00322269 0)
(0.0768545 -0.00326143 0)
(0.0747283 -0.00329522 0)
(0.0725468 -0.00332255 0)
(0.0703109 -0.00334186 0)
(0.0680222 -0.00335155 0)
(0.0656834 -0.00335005 0)
(0.0632986 -0.00333587 0)
(0.060873 -0.00330769 0)
(0.0584134 -0.00326444 0)
(0.0559282 -0.00320538 0)
(0.0534273 -0.0031302 0)
(0.0509218 -0.00303907 0)
(0.0484242 -0.0029327 0)
(0.0459483 -0.00281233 0)
(0.0435083 -0.00267972 0)
(0.0411187 -0.00253702 0)
(0.0387938 -0.00238674 0)
(0.0365474 -0.00223153 0)
(0.0343918 -0.00207405 0)
(0.0323377 -0.00191682 0)
(0.0303938 -0.00176206 0)
(0.0285663 -0.00161161 0)
(0.0268594 -0.00146687 0)
(0.0252748 -0.00132879 0)
(0.0238122 -0.00119793 0)
(0.0224696 -0.00107448 0)
(0.0212436 -0.000958384 0)
(0.0201301 -0.000849424 0)
(0.0191239 -0.000747273 0)
(0.0182196 -0.000651568 0)
(0.0174117 -0.000561938 0)
(0.0166946 -0.000478025 0)
(0.0160625 -0.000399489 0)
(0.0155101 -0.000326003 0)
(0.0150323 -0.000257251 0)
(0.0146239 -0.000192919 0)
(0.0142804 -0.000132692 0)
(0.0139973 -7.62559e-05 0)
(0.0137705 -2.32987e-05 0)
(0.0135962 2.64817e-05 0)
(0.0134707 7.33726e-05 0)
(0.0133908 0.00011764 0)
(0.0133534 0.000159523 0)
(0.0133557 0.000199232 0)
(0.0133949 0.000236948 0)
(0.0134687 0.000272822 0)
(0.0135747 0.000306975 0)
(0.0137109 0.000339506 0)
(0.0138751 0.000370489 0)
(0.0140657 0.000399981 0)
(0.0142807 0.000428023 0)
(0.0145185 0.000454645 0)
(0.0147776 0.000479864 0)
(0.0150564 0.000503695 0)
(0.0153535 0.000526144 0)
(0.0156676 0.000547217 0)
(0.0159972 0.000566918 0)
(0.0163412 0.00058525 0)
(0.0166983 0.000602218 0)
(0.0170674 0.000617828 0)
(0.0174474 0.000632091 0)
(0.0178371 0.000645017 0)
(0.0182356 0.000656625 0)
(0.0186419 0.000666932 0)
(0.0190549 0.000675962 0)
(0.0194739 0.000683744 0)
(0.0198979 0.000690308 0)
(0.0203261 0.000695688 0)
(0.0207578 0.000699924 0)
(0.0211921 0.000703057 0)
(0.0216284 0.00070513 0)
(0.022066 0.00070619 0)
(0.0225043 0.000706286 0)
(0.0229427 0.000705468 0)
(0.0233806 0.000703787 0)
(0.0238175 0.000701295 0)
(0.0242529 0.000698043 0)
(0.0246865 0.000694083 0)
(0.0251177 0.000689466 0)
(0.0255462 0.000684243 0)
(0.0259717 0.000678462 0)
(0.0263938 0.000672169 0)
(0.0268123 0.000665409 0)
(0.0272268 0.000658224 0)
(0.0276372 0.000650654 0)
(0.0280432 0.000642736 0)
(0.0284447 0.000634503 0)
(0.0288413 0.000625986 0)
(0.0292331 0.000617213 0)
(0.0296197 0.000608208 0)
(0.0300012 0.000598991 0)
(0.0303773 0.000589582 0)
(0.0307479 0.000579994 0)
(0.031113 0.000570239 0)
(0.0314724 0.000560327 0)
(0.031826 0.000550263 0)
(0.0321738 0.000540052 0)
(0.0325155 0.000529694 0)
(0.0328512 0.000519189 0)
(0.0331807 0.000508535 0)
(0.0335039 0.000497727 0)
(0.0338207 0.000486761 0)
(0.034131 0.000475629 0)
(0.0344347 0.000464326 0)
(0.0347316 0.000452843 0)
(0.0350216 0.000441173 0)
(0.0353047 0.000429309 0)
(0.0355806 0.000417243 0)
(0.0358492 0.000404971 0)
(0.0361104 0.000392486 0)
(0.036364 0.000379785 0)
(0.0366099 0.000366865 0)
(0.0368479 0.000353726 0)
(0.0370778 0.000340369 0)
(0.0372996 0.000326798 0)
(0.037513 0.000313018 0)
(0.0377178 0.000299037 0)
(0.037914 0.000284866 0)
(0.0381014 0.000270517 0)
(0.0382798 0.000256008 0)
(0.0384492 0.000241356 0)
(0.0386092 0.000226583 0)
(0.03876 0.000211712 0)
(0.0389013 0.00019677 0)
(0.0390331 0.000181785 0)
(0.0391553 0.00016679 0)
(0.0392678 0.000151818 0)
(0.0393706 0.000136904 0)
(0.0394638 0.000122085 0)
(0.0395471 0.000107401 0)
(0.0396208 9.28919e-05 0)
(0.0396849 7.85986e-05 0)
(0.0397394 6.45633e-05 0)
(0.0397845 5.08281e-05 0)
(0.0398202 3.74353e-05 0)
(0.0398467 2.44266e-05 0)
(0.0398643 1.1843e-05 0)
(0.039873 -2.76027e-07 0)
(0.0398733 -1.18924e-05 0)
(0.0398652 -2.29703e-05 0)
(0.0398492 -3.34765e-05 0)
(0.0398256 -4.33807e-05 0)
(0.0397947 -5.26561e-05 0)
(0.0397569 -6.12799e-05 0)
(0.0397125 -6.92334e-05 0)
(0.0396621 -7.6503e-05 0)
(0.039606 -8.30802e-05 0)
(0.0395447 -8.89624e-05 0)
(0.0394786 -9.41534e-05 0)
(0.0394083 -9.86641e-05 0)
(0.0393342 -0.000102513 0)
(0.0392569 -0.00010573 0)
(0.0391766 -0.000108354 0)
(0.0390941 -0.000110441 0)
(0.0390096 -0.000112057 0)
(0.0389236 -0.000113314 0)
(0.0388365 -0.000114343 0)
(0.0387487 -0.000115234 0)
(0.0386602 -0.000116743 0)
(0.0385719 -0.000117555 0)
(0.0384826 -0.000122698 0)
(0.0383936 -0.000124196 0)
(0.038309 -0.000132259 0)
(0.038195 -0.000162311 0)
(0.0882215 -0.00080452 0)
(0.0875207 -0.000959097 0)
(0.0867005 -0.00108893 0)
(0.085774 -0.0011864 0)
(0.0847584 -0.00125139 0)
(0.0836709 -0.00128855 0)
(0.0825267 -0.00130444 0)
(0.0813386 -0.00130545 0)
(0.080117 -0.00129684 0)
(0.0788702 -0.00128251 0)
(0.0776044 -0.00126518 0)
(0.0763244 -0.00124665 0)
(0.0750338 -0.00122813 0)
(0.073735 -0.00121044 0)
(0.0724297 -0.00119413 0)
(0.0711188 -0.00117961 0)
(0.0698027 -0.00116716 0)
(0.0684813 -0.00115696 0)
(0.0671542 -0.00114911 0)
(0.0658203 -0.00114367 0)
(0.0644786 -0.00114061 0)
(0.0631278 -0.00113986 0)
(0.0617661 -0.00114129 0)
(0.060392 -0.00114475 0)
(0.0590037 -0.00115003 0)
(0.0575993 -0.00115687 0)
(0.056177 -0.001165 0)
(0.0547352 -0.00117409 0)
(0.0532721 -0.00118377 0)
(0.0517864 -0.00119362 0)
(0.0502768 -0.0012032 0)
(0.0487424 -0.00121201 0)
(0.0471827 -0.00121953 0)
(0.0455976 -0.00122521 0)
(0.0439877 -0.00122847 0)
(0.042354 -0.00122874 0)
(0.0406983 -0.00122546 0)
(0.0390231 -0.00121811 0)
(0.037332 -0.00120621 0)
(0.035629 -0.00118938 0)
(0.0339193 -0.00116737 0)
(0.0322089 -0.00114003 0)
(0.0305044 -0.00110742 0)
(0.0288132 -0.00106974 0)
(0.027143 -0.0010274 0)
(0.025502 -0.00098099 0)
(0.0238981 -0.00093125 0)
(0.0223394 -0.000879043 0)
(0.0208331 -0.000825294 0)
(0.0193859 -0.000770931 0)
(0.0180036 -0.00071681 0)
(0.0166909 -0.000663656 0)
(0.0154514 -0.00061201 0)
(0.0142878 -0.000562206 0)
(0.0132015 -0.000514373 0)
(0.0121928 -0.000468478 0)
(0.0112614 -0.000424386 0)
(0.0104057 -0.000381943 0)
(0.00962392 -0.000341053 0)
(0.00891326 -0.000301724 0)
(0.00827073 -0.000264082 0)
(0.00769297 -0.000228335 0)
(0.00717645 -0.000194725 0)
(0.00671756 -0.000163455 0)
(0.00631272 -0.000134643 0)
(0.00595841 -0.000108293 0)
(0.00565126 -8.4295e-05 0)
(0.00538806 -6.24521e-05 0)
(0.00516579 -4.25093e-05 0)
(0.00498163 -2.41907e-05 0)
(0.00483299 -7.228e-06 0)
(0.00471744 8.61983e-06 0)
(0.00463281 2.35566e-05 0)
(0.00457708 3.77467e-05 0)
(0.00454843 5.13176e-05 0)
(0.0045452 6.4366e-05 0)
(0.00456588 7.69634e-05 0)
(0.00460911 8.91624e-05 0)
(0.00467365 0.000101001 0)
(0.00475835 0.000112505 0)
(0.00486218 0.000123693 0)
(0.00498415 0.000134576 0)
(0.00512336 0.000145159 0)
(0.00527896 0.000155442 0)
(0.00545013 0.00016542 0)
(0.0056361 0.000175084 0)
(0.00583611 0.000184425 0)
(0.00604943 0.000193426 0)
(0.00627534 0.000202073 0)
(0.00651313 0.000210349 0)
(0.00676211 0.000218236 0)
(0.00702159 0.000225717 0)
(0.00729088 0.000232776 0)
(0.00756931 0.000239396 0)
(0.0078562 0.000245565 0)
(0.00815088 0.000251271 0)
(0.0084527 0.000256503 0)
(0.00876099 0.000261255 0)
(0.00907513 0.000265522 0)
(0.00939447 0.000269302 0)
(0.00971839 0.000272595 0)
(0.0100463 0.000275406 0)
(0.0103776 0.00027774 0)
(0.0107117 0.000279606 0)
(0.011048 0.000281013 0)
(0.0113861 0.000281977 0)
(0.0117254 0.00028251 0)
(0.0120654 0.000282631 0)
(0.0124057 0.000282356 0)
(0.0127458 0.000281706 0)
(0.0130853 0.0002807 0)
(0.0134237 0.00027936 0)
(0.0137608 0.000277707 0)
(0.0140961 0.000275763 0)
(0.0144294 0.000273549 0)
(0.0147604 0.000271087 0)
(0.0150887 0.000268399 0)
(0.0154142 0.000265503 0)
(0.0157366 0.000262421 0)
(0.0160556 0.00025917 0)
(0.0163712 0.000255769 0)
(0.016683 0.000252233 0)
(0.0169911 0.000248577 0)
(0.0172951 0.000244816 0)
(0.017595 0.000240961 0)
(0.0178907 0.000237023 0)
(0.0181821 0.000233012 0)
(0.018469 0.000228936 0)
(0.0187513 0.000224801 0)
(0.0190291 0.000220613 0)
(0.0193022 0.000216376 0)
(0.0195704 0.000212092 0)
(0.0198339 0.000207763 0)
(0.0200924 0.000203391 0)
(0.0203458 0.000198974 0)
(0.0205942 0.000194512 0)
(0.0208375 0.000190003 0)
(0.0210755 0.000185445 0)
(0.0213081 0.000180836 0)
(0.0215354 0.000176173 0)
(0.0217571 0.000171453 0)
(0.0219733 0.000166673 0)
(0.0221837 0.000161831 0)
(0.0223883 0.000156924 0)
(0.022587 0.000151949 0)
(0.0227798 0.000146907 0)
(0.0229663 0.000141795 0)
(0.0231467 0.000136613 0)
(0.0233207 0.000131362 0)
(0.0234882 0.000126044 0)
(0.0236492 0.000120661 0)
(0.0238035 0.000115216 0)
(0.023951 0.000109713 0)
(0.0240916 0.000104159 0)
(0.0242253 9.85596e-05 0)
(0.0243519 9.29227e-05 0)
(0.0244714 8.72569e-05 0)
(0.0245836 8.15719e-05 0)
(0.0246886 7.58785e-05 0)
(0.0247863 7.01883e-05 0)
(0.0248767 6.45136e-05 0)
(0.0249598 5.88678e-05 0)
(0.0250355 5.32646e-05 0)
(0.0251039 4.77185e-05 0)
(0.025165 4.22443e-05 0)
(0.0252189 3.68572e-05 0)
(0.0252656 3.15723e-05 0)
(0.0253053 2.64049e-05 0)
(0.0253381 2.13703e-05 0)
(0.025364 1.64831e-05 0)
(0.0253834 1.17577e-05 0)
(0.0253963 7.20789e-06 0)
(0.0254029 2.84659e-06 0)
(0.0254035 -1.31421e-06 0)
(0.0253984 -5.26359e-06 0)
(0.0253877 -8.99186e-06 0)
(0.0253717 -1.24907e-05 0)
(0.0253508 -1.57534e-05 0)
(0.0253253 -1.87746e-05 0)
(0.0252955 -2.15511e-05 0)
(0.0252616 -2.40814e-05 0)
(0.0252241 -2.6366e-05 0)
(0.0251832 -2.84076e-05 0)
(0.0251394 -3.02114e-05 0)
(0.025093 -3.17853e-05 0)
(0.0250443 -3.31401e-05 0)
(0.0249936 -3.42901e-05 0)
(0.0249413 -3.52547e-05 0)
(0.0248877 -3.60582e-05 0)
(0.0248331 -3.67324e-05 0)
(0.0247776 -3.73285e-05 0)
(0.0247216 -3.78699e-05 0)
(0.0246651 -3.85759e-05 0)
(0.0246083 -3.91359e-05 0)
(0.024551 -4.0936e-05 0)
(0.0244931 -4.13178e-05 0)
(0.0244358 -4.66981e-05 0)
(0.0243706 -4.86519e-05 0)
(0.0243223 -5.35819e-05 0)
(0.0242223 -8.67059e-05 0)
(0.0327283 -0.000234325 0)
(0.0321291 -0.000257181 0)
(0.0314688 -0.000259424 0)
(0.0307738 -0.000244937 0)
(0.0300652 -0.000220748 0)
(0.0293562 -0.000193857 0)
(0.0286539 -0.000169198 0)
(0.0279613 -0.000149177 0)
(0.0272794 -0.000134218 0)
(0.0266085 -0.000123632 0)
(0.0259483 -0.000116345 0)
(0.0252984 -0.000111339 0)
(0.0246585 -0.000107839 0)
(0.0240277 -0.000105332 0)
(0.0234054 -0.000103509 0)
(0.0227905 -0.000102195 0)
(0.0221819 -0.000101286 0)
(0.0215785 -0.000100709 0)
(0.0209789 -0.000100406 0)
(0.020382 -0.000100317 0)
(0.0197866 -0.000100382 0)
(0.0191915 -0.00010054 0)
(0.0185958 -0.000100726 0)
(0.0179984 -0.000100879 0)
(0.0173986 -0.000100936 0)
(0.0167957 -0.000100835 0)
(0.0161892 -0.000100514 0)
(0.0155787 -9.99163e-05 0)
(0.0149642 -9.89867e-05 0)
(0.0143456 -9.76774e-05 0)
(0.0137233 -9.59492e-05 0)
(0.0130978 -9.37747e-05 0)
(0.0124698 -9.11418e-05 0)
(0.0118405 -8.80568e-05 0)
(0.0112111 -8.45475e-05 0)
(0.0105831 -8.06639e-05 0)
(0.00995814 -7.64792e-05 0)
(0.00933829 -7.20863e-05 0)
(0.00872559 -6.75929e-05 0)
(0.00812229 -6.3112e-05 0)
(0.00753069 -5.87506e-05 0)
(0.00695314 -5.4595e-05 0)
(0.006392 -5.06966e-05 0)
(0.00584953 -4.70602e-05 0)
(0.00532788 -4.36379e-05 0)
(0.00482902 -4.03318e-05 0)
(0.00435469 -3.70078e-05 0)
(0.00390634 -3.3519e-05 0)
(0.0034851 -2.97361e-05 0)
(0.00309171 -2.55779e-05 0)
(0.00272653 -2.10354e-05 0)
(0.00238951 -1.61829e-05 0)
(0.00208024 -1.11719e-05 0)
(0.00179798 -6.20963e-06 0)
(0.00154172 -1.5251e-06 0)
(0.00131033 2.66784e-06 0)
(0.00110254 6.20376e-06 0)
(0.000917105 8.9875e-06 0)
(0.000752776 1.10018e-05 0)
(0.000608337 1.23006e-05 0)
(0.000482588 1.29927e-05 0)
(0.000374327 1.3219e-05 0)
(0.000282342 1.31306e-05 0)
(0.000205412 1.28691e-05 0)
(0.000142334 1.25537e-05 0)
(9.19482e-05 1.22729e-05 0)
(5.31715e-05 1.20828e-05 0)
(2.50249e-05 1.20103e-05 0)
(6.64566e-06 1.20584e-05 0)
(-2.70852e-06 1.22141e-05 0)
(-3.66662e-06 1.24556e-05 0)
(3.24329e-06 1.27588e-05 0)
(1.75789e-05 1.31021e-05 0)
(3.89685e-05 1.34692e-05 0)
(6.70979e-05 1.38499e-05 0)
(0.000101699 1.424e-05 0)
(0.000142542 1.46397e-05 0)
(0.000189425 1.50525e-05 0)
(0.000242173 1.5483e-05 0)
(0.000300628 1.59359e-05 0)
(0.000364646 1.64151e-05 0)
(0.000434094 1.69229e-05 0)
(0.000508841 1.74597e-05 0)
(0.000588762 1.80241e-05 0)
(0.000673727 1.86134e-05 0)
(0.000763602 1.92232e-05 0)
(0.000858248 1.98484e-05 0)
(0.000957513 2.0483e-05 0)
(0.00106124 2.11208e-05 0)
(0.00116926 2.17554e-05 0)
(0.00128138 2.23804e-05 0)
(0.00139742 2.29898e-05 0)
(0.00151716 2.35776e-05 0)
(0.00164041 2.41387e-05 0)
(0.00176692 2.4668e-05 0)
(0.00189646 2.51612e-05 0)
(0.0020288 2.56146e-05 0)
(0.0021637 2.60249e-05 0)
(0.00230089 2.63894e-05 0)
(0.00244013 2.67062e-05 0)
(0.00258116 2.69736e-05 0)
(0.00272374 2.71909e-05 0)
(0.0028676 2.73574e-05 0)
(0.0030125 2.74733e-05 0)
(0.0031582 2.75392e-05 0)
(0.00330446 2.7556e-05 0)
(0.00345105 2.7525e-05 0)
(0.00359775 2.74481e-05 0)
(0.00374435 2.73271e-05 0)
(0.00389064 2.71644e-05 0)
(0.00403644 2.69624e-05 0)
(0.00418155 2.67238e-05 0)
(0.00432582 2.64515e-05 0)
(0.00446909 2.61481e-05 0)
(0.0046112 2.58166e-05 0)
(0.00475204 2.546e-05 0)
(0.00489146 2.5081e-05 0)
(0.00502937 2.46825e-05 0)
(0.00516565 2.42672e-05 0)
(0.00530023 2.38375e-05 0)
(0.00543302 2.3396e-05 0)
(0.00556394 2.29449e-05 0)
(0.00569294 2.24863e-05 0)
(0.00581996 2.20221e-05 0)
(0.00594495 2.15541e-05 0)
(0.00606787 2.10837e-05 0)
(0.00618868 2.06122e-05 0)
(0.00630735 2.01408e-05 0)
(0.00642385 1.96704e-05 0)
(0.00653816 1.92018e-05 0)
(0.00665025 1.87356e-05 0)
(0.0067601 1.82721e-05 0)
(0.0068677 1.78116e-05 0)
(0.00697302 1.73544e-05 0)
(0.00707604 1.69003e-05 0)
(0.00717675 1.64494e-05 0)
(0.00727513 1.60013e-05 0)
(0.00737115 1.5556e-05 0)
(0.00746479 1.51131e-05 0)
(0.00755603 1.46722e-05 0)
(0.00764484 1.42331e-05 0)
(0.0077312 1.37953e-05 0)
(0.00781507 1.33585e-05 0)
(0.00789644 1.29224e-05 0)
(0.00797526 1.24867e-05 0)
(0.0080515 1.20512e-05 0)
(0.00812513 1.16156e-05 0)
(0.00819613 1.11799e-05 0)
(0.00826445 1.0744e-05 0)
(0.00833007 1.03079e-05 0)
(0.00839294 9.87187e-06 0)
(0.00845305 9.43598e-06 0)
(0.00851037 9.00056e-06 0)
(0.00856486 8.56598e-06 0)
(0.00861651 8.13271e-06 0)
(0.0086653 7.70127e-06 0)
(0.00871121 7.27226e-06 0)
(0.00875423 6.84634e-06 0)
(0.00879437 6.42423e-06 0)
(0.00883162 6.00668e-06 0)
(0.00886598 5.59447e-06 0)
(0.00889748 5.18842e-06 0)
(0.00892612 4.78933e-06 0)
(0.00895195 4.39803e-06 0)
(0.00897499 4.01529e-06 0)
(0.00899529 3.6419e-06 0)
(0.0090129 3.27857e-06 0)
(0.00902787 2.92598e-06 0)
(0.00904027 2.58474e-06 0)
(0.00905017 2.25542e-06 0)
(0.00905765 1.93847e-06 0)
(0.0090628 1.63428e-06 0)
(0.0090657 1.34315e-06 0)
(0.00906647 1.06529e-06 0)
(0.0090652 8.00788e-07 0)
(0.009062 5.4966e-07 0)
(0.00905698 3.11801e-07 0)
(0.00905026 8.70013e-08 0)
(0.00904196 -1.2506e-07 0)
(0.0090322 -3.24824e-07 0)
(0.00902111 -5.12859e-07 0)
(0.0090088 -6.89875e-07 0)
(0.00899539 -8.5675e-07 0)
(0.008981 -1.01457e-06 0)
(0.00896574 -1.16467e-06 0)
(0.00894973 -1.30874e-06 0)
(0.00893307 -1.44903e-06 0)
(0.00891584 -1.58824e-06 0)
(0.00889813 -1.73113e-06 0)
(0.00888001 -1.88069e-06 0)
(0.00886151 -2.05378e-06 0)
(0.00884262 -2.2368e-06 0)
(0.00882341 -2.52199e-06 0)
(0.00880346 -2.75133e-06 0)
(0.00878362 -3.41838e-06 0)
(0.00876046 -3.69649e-06 0)
(0.00874181 -5.28153e-06 0)
(0.00870602 -6.80974e-06 0)
(0.00869683 -7.48201e-06 0)
(0.00862464 -2.35459e-05 0)
)
;

boundaryField
{
    inlet
    {
        type            fixedProfile;
        profile         table
        
21
(
(0 (0 0 0))
(0.05 (0.0285 0 0))
(0.1 (0.054 0 0))
(0.15 (0.0765 0 0))
(0.2 (0.096 0 0))
(0.25 (0.1125 0 0))
(0.3 (0.126 0 0))
(0.35 (0.1365 0 0))
(0.4 (0.144 0 0))
(0.45 (0.1485 0 0))
(0.5 (0.15 0 0))
(0.55 (0.1485 0 0))
(0.6 (0.144 0 0))
(0.65 (0.1365 0 0))
(0.7 (0.126 0 0))
(0.75 (0.1125 0 0))
(0.8 (0.096 0 0))
(0.85 (0.0765 0 0))
(0.9 (0.054 0 0))
(0.95 (0.0285 0 0))
(1 (0 0 0))
)
;
        direction       (0 1 0);
        origin          1;
        value           nonuniform List<vector> 8((0.034875 0 0) (0.091125 0 0) (0.128625 0 0) (0.147375 0 0) (0.147375 0 0) (0.128625 0 0) (0.091125 0 0) (0.034875 0 0));
    }
    outlet
    {
        type            zeroGradient;
    }
    walls
    {
        type            noSlip;
    }
    symwall
    {
        type            empty;
    }
}


// ************************************************************************* //
