/*--------------------------------*- C++ -*----------------------------------*\
| =========                 |                                                 |
| \\      /  F ield         | OpenFOAM: The Open Source CFD Toolbox           |
|  \\    /   O peration     | Version:  4.1                                   |
|   \\  /    A nd           | Web:      www.OpenFOAM.org                      |
|    \\/     M anipulation  |                                                 |
\*---------------------------------------------------------------------------*/
FoamFile
{
    version     2.0;
    format      ascii;
    class       volVectorField;
    location    "121";
    object      U;
}
// * * * * * * * * * * * * * * * * * * * * * * * * * * * * * * * * * * * * * //

dimensions      [0 1 -1 0 0 0 0];

internalField   nonuniform List<vector> 
3264
(
(5.91886e-05 -6.80236e-05 0)
(0.000110453 -5.07194e-05 0)
(1.06879e-05 -2.49025e-05 0)
(-0.000207954 -8.58703e-06 0)
(-0.000530986 6.21074e-06 0)
(-0.00094631 1.97745e-05 0)
(-0.00144348 3.78704e-05 0)
(-0.00202022 5.957e-05 0)
(-0.0026696 8.60639e-05 0)
(-0.00338907 0.000116153 0)
(-0.00417228 0.000149331 0)
(-0.0050133 0.000184373 0)
(-0.00590306 0.000220117 0)
(-0.00683075 0.000255087 0)
(-0.0077828 0.000287713 0)
(-0.00874347 0.000316355 0)
(-0.00969502 0.000339456 0)
(-0.0106184 0.000355665 0)
(-0.0114938 0.000363937 0)
(-0.0123015 0.000363592 0)
(-0.0130225 0.000354333 0)
(-0.0136392 0.000336219 0)
(-0.0141357 0.000309622 0)
(-0.0144986 0.000275174 0)
(-0.0147167 0.000233713 0)
(-0.0147815 0.000186234 0)
(-0.0146874 0.000133852 0)
(-0.0144315 7.77736e-05 0)
(-0.0140136 1.92755e-05 0)
(-0.0134364 -4.03136e-05 0)
(-0.0127057 -9.96275e-05 0)
(-0.0118295 -0.000157277 0)
(-0.0108191 -0.000211869 0)
(-0.00968829 -0.000262025 0)
(-0.00845336 -0.000306413 0)
(-0.00713329 -0.000343783 0)
(-0.00574927 -0.000373016 0)
(-0.00432454 -0.000393181 0)
(-0.00288396 -0.000403595 0)
(-0.00145348 -0.000403899 0)
(-5.9423e-05 -0.000394122 0)
(0.00127235 -0.000374734 0)
(0.00251748 -0.000346678 0)
(0.00365416 -0.00031136 0)
(0.00466427 -0.000270591 0)
(0.00553437 -0.000226482 0)
(0.0062564 -0.00018128 0)
(0.00682814 -0.000137169 0)
(0.0072531 -9.605e-05 0)
(0.00754014 -5.93376e-05 0)
(0.00770254 -2.78078e-05 0)
(0.00775697 -1.56108e-06 0)
(0.00772222 1.98617e-05 0)
(0.00761807 3.72005e-05 0)
(0.00746429 5.10993e-05 0)
(0.00727998 6.17776e-05 0)
(0.00708317 6.89133e-05 0)
(0.00689068 7.18101e-05 0)
(0.0067179 6.97586e-05 0)
(0.00657863 6.23883e-05 0)
(0.00648481 4.98483e-05 0)
(0.00644624 3.27834e-05 0)
(0.00647023 1.21927e-05 0)
(0.00656116 -1.07222e-05 0)
(0.00672013 -3.4656e-05 0)
(0.00694463 -5.82511e-05 0)
(0.00722854 -8.01427e-05 0)
(0.00756232 -9.90365e-05 0)
(0.00793367 -0.000113826 0)
(0.00832838 -0.000123726 0)
(0.00873155 -0.000128383 0)
(0.00912886 -0.000127921 0)
(0.00950772 -0.000122911 0)
(0.00985813 -0.000114255 0)
(0.0101732 -0.000103037 0)
(0.0104491 -9.03585e-05 0)
(0.0106848 -7.72108e-05 0)
(0.0108817 -6.43914e-05 0)
(0.0110424 -5.24718e-05 0)
(0.011171 -4.18061e-05 0)
(0.0112716 -3.25631e-05 0)
(0.0113485 -2.47707e-05 0)
(0.0114061 -1.83598e-05 0)
(0.0114479 -1.32027e-05 0)
(0.0114773 -9.14223e-06 0)
(0.011497 -6.01357e-06 0)
(0.0115095 -3.65739e-06 0)
(0.0115165 -1.92798e-06 0)
(0.0115197 -6.97086e-07 0)
(0.0115201 1.44989e-07 0)
(0.0115188 6.89903e-07 0)
(0.0115163 1.01273e-06 0)
(0.0115133 1.17385e-06 0)
(0.0115099 1.22097e-06 0)
(0.0115066 1.19108e-06 0)
(0.0115035 1.1123e-06 0)
(0.0115006 1.00552e-06 0)
(0.0114981 8.85815e-07 0)
(0.0114959 7.637e-07 0)
(0.011494 6.46165e-07 0)
(0.0114924 5.37536e-07 0)
(0.0114911 4.40173e-07 0)
(0.01149 3.55036e-07 0)
(0.0114892 2.82124e-07 0)
(0.0114885 2.20809e-07 0)
(0.011488 1.70091e-07 0)
(0.0114876 1.28782e-07 0)
(0.0114873 9.56317e-08 0)
(0.011487 6.94179e-08 0)
(0.0114869 4.89985e-08 0)
(0.0114868 3.33424e-08 0)
(0.0114867 2.15437e-08 0)
(0.0114866 1.28237e-08 0)
(0.0114866 6.52566e-09 0)
(0.0114866 2.10476e-09 0)
(0.0114866 -8.83947e-10 0)
(0.0114866 -2.79865e-09 0)
(0.0114866 -3.92361e-09 0)
(0.0114866 -4.48126e-09 0)
(0.0114866 -4.64312e-09 0)
(0.0114866 -4.53939e-09 0)
(0.0114866 -4.26719e-09 0)
(0.0114866 -3.89759e-09 0)
(0.0114866 -3.48132e-09 0)
(0.0114867 -3.05356e-09 0)
(0.0114867 -2.63771e-09 0)
(0.0114867 -2.24844e-09 0)
(0.0114867 -1.89407e-09 0)
(0.0114867 -1.57843e-09 0)
(0.0114867 -1.30222e-09 0)
(0.0114867 -1.06411e-09 0)
(0.0114867 -8.61497e-10 0)
(0.0114867 -6.9108e-10 0)
(0.0114867 -5.49258e-10 0)
(0.0114867 -4.32398e-10 0)
(0.0114867 -3.37011e-10 0)
(0.0114867 -2.59861e-10 0)
(0.0114867 -1.98025e-10 0)
(0.0114867 -1.48914e-10 0)
(0.0114867 -1.10274e-10 0)
(0.0114867 -8.01723e-11 0)
(0.0114867 -5.69673e-11 0)
(0.0114867 -3.9289e-11 0)
(0.0114867 -2.59956e-11 0)
(0.0114867 -1.61485e-11 0)
(0.0114867 -8.98658e-12 0)
(0.0114867 -3.89051e-12 0)
(0.0114867 -3.70118e-13 0)
(0.0114867 1.96549e-12 0)
(0.0114867 3.42358e-12 0)
(0.0114867 4.24262e-12 0)
(0.0114867 4.60865e-12 0)
(0.0114867 4.65998e-12 0)
(0.0114867 4.50326e-12 0)
(0.0114867 4.21564e-12 0)
(0.0114867 3.85353e-12 0)
(0.0114867 3.45687e-12 0)
(0.0114867 3.05467e-12 0)
(0.0114867 2.66338e-12 0)
(0.0114867 2.29553e-12 0)
(0.0114867 1.95778e-12 0)
(0.0114867 1.65464e-12 0)
(0.0114867 1.38767e-12 0)
(0.0114867 1.15462e-12 0)
(0.0114867 9.52926e-13 0)
(0.0114867 7.80401e-13 0)
(0.0114867 6.34673e-13 0)
(0.0114867 5.15062e-13 0)
(0.0114867 4.15308e-13 0)
(0.0114867 3.32698e-13 0)
(0.0114867 2.64619e-13 0)
(0.0114867 2.09075e-13 0)
(0.0114867 1.65029e-13 0)
(0.0114867 1.28432e-13 0)
(0.0114867 9.81011e-14 0)
(0.0114867 7.35064e-14 0)
(0.0114867 5.42502e-14 0)
(0.0114867 3.92593e-14 0)
(0.0114867 2.74014e-14 0)
(0.0114867 1.74857e-14 0)
(0.0114867 8.44633e-15 0)
(0.0114867 1.07442e-15 0)
(0.0114867 -4.36382e-15 0)
(0.0114867 -8.5891e-15 0)
(0.0114867 -1.09886e-14 0)
(0.0114867 -1.2363e-14 0)
(0.0114867 -1.19487e-14 0)
(0.0114867 -1.02637e-14 0)
(0.0114867 -6.95514e-15 0)
(0.0114867 -3.51107e-15 0)
(0.0114867 1.28377e-15 0)
(0.0114867 3.6533e-15 0)
(0.0114867 8.03684e-15 0)
(0.0114867 -1.23046e-14 0)
(0.0114867 -3.05163e-14 0)
(0.0114867 -1.38386e-13 0)
(0.0114867 -3.53154e-13 0)
(0.0114867 -5.50536e-13 0)
(0.0114867 -2.30332e-12 0)
(0.0114867 -1.61248e-12 0)
(-4.18227e-05 -9.93966e-05 0)
(-0.000457747 0.000106539 0)
(-0.00123111 0.00036408 0)
(-0.00223448 0.000579832 0)
(-0.00342767 0.000774216 0)
(-0.00476725 0.000941056 0)
(-0.00620825 0.00109371 0)
(-0.00772171 0.00122888 0)
(-0.00927453 0.00135024 0)
(-0.0108433 0.00145602 0)
(-0.0124022 0.00154539 0)
(-0.0139284 0.00161559 0)
(-0.0153976 0.00166365 0)
(-0.0167866 0.00168629 0)
(-0.0180717 0.00168058 0)
(-0.0192303 0.00164421 0)
(-0.0202411 0.00157576 0)
(-0.0210846 0.00147484 0)
(-0.0217435 0.00134208 0)
(-0.0222028 0.00117904 0)
(-0.0224505 0.000988074 0)
(-0.0224769 0.00077218 0)
(-0.0222755 0.000534823 0)
(-0.021842 0.00027981 0)
(-0.0211752 1.1184e-05 0)
(-0.0202763 -0.000266849 0)
(-0.0191491 -0.000549968 0)
(-0.0177999 -0.000833766 0)
(-0.0162378 -0.00111376 0)
(-0.0144742 -0.00138541 0)
(-0.0125231 -0.00164411 0)
(-0.0104015 -0.00188524 0)
(-0.00812881 -0.00210414 0)
(-0.00572721 -0.00229623 0)
(-0.00322174 -0.00245703 0)
(-0.000640175 -0.00258229 0)
(0.00198704 -0.00266814 0)
(0.00462696 -0.0027113 0)
(0.00724448 -0.00270929 0)
(0.00980282 -0.00266074 0)
(0.0122643 -0.00256563 0)
(0.0145912 -0.00242564 0)
(0.0167473 -0.0022443 0)
(0.0186991 -0.00202706 0)
(0.0204179 -0.00178126 0)
(0.021881 -0.00151573 0)
(0.0230741 -0.00124032 0)
(0.0239921 -0.000965198 0)
(0.0246403 -0.00070018 0)
(0.0250345 -0.000454103 0)
(0.0251998 -0.000234385 0)
(0.0251693 -4.67591e-05 0)
(0.0249814 0.000104862 0)
(0.0246763 0.000218437 0)
(0.0242944 0.000293759 0)
(0.0238736 0.000332289 0)
(0.0234492 0.000336874 0)
(0.0230532 0.000311337 0)
(0.0227142 0.000259984 0)
(0.0224562 0.000187139 0)
(0.0222982 9.69042e-05 0)
(0.0222537 -6.73833e-06 0)
(0.0223301 -0.000119557 0)
(0.0225293 -0.000236717 0)
(0.0228472 -0.000352664 0)
(0.0232744 -0.000461338 0)
(0.0237963 -0.000556657 0)
(0.0243937 -0.000633142 0)
(0.0250438 -0.000686577 0)
(0.0257218 -0.000714558 0)
(0.0264029 -0.000716828 0)
(0.0270639 -0.000695291 0)
(0.0276852 -0.000653691 0)
(0.0282522 -0.000597001 0)
(0.0287555 -0.000530684 0)
(0.0291909 -0.000459987 0)
(0.0295589 -0.000389407 0)
(0.0298629 -0.000322393 0)
(0.0301089 -0.000261273 0)
(0.030304 -0.000207356 0)
(0.0304556 -0.000161122 0)
(0.030571 -0.000122441 0)
(0.0306567 -9.07898e-05 0)
(0.0307187 -6.54188e-05 0)
(0.0307622 -4.54844e-05 0)
(0.0307912 -3.01364e-05 0)
(0.0308095 -1.85733e-05 0)
(0.0308197 -1.0073e-05 0)
(0.0308242 -4.0053e-06 0)
(0.0308248 1.65969e-07 0)
(0.0308227 2.88729e-06 0)
(0.030819 4.52381e-06 0)
(0.0308145 5.36896e-06 0)
(0.0308096 5.65451e-06 0)
(0.0308047 5.56022e-06 0)
(0.0308001 5.22274e-06 0)
(0.0307959 4.74364e-06 0)
(0.0307922 4.19638e-06 0)
(0.030789 3.63229e-06 0)
(0.0307862 3.08566e-06 0)
(0.0307839 2.57786e-06 0)
(0.030782 2.1208e-06 0)
(0.0307804 1.71958e-06 0)
(0.0307792 1.37468e-06 0)
(0.0307782 1.08349e-06 0)
(0.0307774 8.41622e-07 0)
(0.0307768 6.43698e-07 0)
(0.0307764 4.84024e-07 0)
(0.030776 3.56989e-07 0)
(0.0307758 2.57324e-07 0)
(0.0307756 1.80255e-07 0)
(0.0307755 1.21571e-07 0)
(0.0307754 7.76413e-08 0)
(0.0307754 4.53907e-08 0)
(0.0307754 2.22592e-08 0)
(0.0307753 6.14637e-09 0)
(0.0307753 -4.6468e-09 0)
(0.0307753 -1.14764e-08 0)
(0.0307754 -1.54103e-08 0)
(0.0307754 -1.72783e-08 0)
(0.0307754 -1.77162e-08 0)
(0.0307754 -1.72035e-08 0)
(0.0307754 -1.60956e-08 0)
(0.0307754 -1.4651e-08 0)
(0.0307754 -1.30531e-08 0)
(0.0307754 -1.14279e-08 0)
(0.0307754 -9.85858e-09 0)
(0.0307755 -8.39639e-09 0)
(0.0307755 -7.06982e-09 0)
(0.0307755 -5.89115e-09 0)
(0.0307755 -4.8616e-09 0)
(0.0307755 -3.97519e-09 0)
(0.0307755 -3.22155e-09 0)
(0.0307755 -2.58795e-09 0)
(0.0307755 -2.0607e-09 0)
(0.0307755 -1.62612e-09 0)
(0.0307755 -1.27116e-09 0)
(0.0307755 -9.83768e-10 0)
(0.0307755 -7.53097e-10 0)
(0.0307755 -5.69556e-10 0)
(0.0307755 -4.2481e-10 0)
(0.0307755 -3.11719e-10 0)
(0.0307755 -2.24229e-10 0)
(0.0307755 -1.57272e-10 0)
(0.0307755 -1.0664e-10 0)
(0.0307755 -6.88726e-11 0)
(0.0307755 -4.11479e-11 0)
(0.0307755 -2.1189e-11 0)
(0.0307755 -7.17122e-12 0)
(0.0307755 2.35222e-12 0)
(0.0307755 8.52283e-12 0)
(0.0307755 1.22328e-11 0)
(0.0307755 1.41713e-11 0)
(0.0307755 1.48658e-11 0)
(0.0307755 1.47126e-11 0)
(0.0307755 1.40054e-11 0)
(0.0307755 1.29625e-11 0)
(0.0307755 1.1741e-11 0)
(0.0307755 1.04529e-11 0)
(0.0307755 9.17424e-12 0)
(0.0307755 7.95468e-12 0)
(0.0307755 6.82605e-12 0)
(0.0307755 5.80308e-12 0)
(0.0307755 4.89512e-12 0)
(0.0307755 4.09883e-12 0)
(0.0307755 3.40794e-12 0)
(0.0307755 2.81572e-12 0)
(0.0307755 2.31176e-12 0)
(0.0307755 1.88875e-12 0)
(0.0307755 1.53453e-12 0)
(0.0307755 1.23829e-12 0)
(0.0307755 9.91298e-13 0)
(0.0307755 7.85842e-13 0)
(0.0307755 6.16385e-13 0)
(0.0307755 4.76458e-13 0)
(0.0307755 3.62924e-13 0)
(0.0307755 2.6979e-13 0)
(0.0307755 1.94624e-13 0)
(0.0307755 1.32743e-13 0)
(0.0307755 8.09062e-14 0)
(0.0307755 3.88827e-14 0)
(0.0307755 2.86662e-15 0)
(0.0307755 -2.40236e-14 0)
(0.0307755 -4.78847e-14 0)
(0.0307755 -6.59362e-14 0)
(0.0307755 -7.60894e-14 0)
(0.0307755 -8.08846e-14 0)
(0.0307755 -7.75793e-14 0)
(0.0307755 -7.03447e-14 0)
(0.0307755 -5.66955e-14 0)
(0.0307755 -3.29434e-14 0)
(0.0307755 -5.19445e-15 0)
(0.0307755 3.44613e-14 0)
(0.0307755 3.89681e-14 0)
(0.0307755 9.07698e-14 0)
(0.0307755 -7.77188e-14 0)
(0.0307755 -3.03622e-13 0)
(0.0307755 -5.07574e-13 0)
(0.0307755 -4.28305e-12 0)
(0.0307755 -3.63468e-12 0)
(-0.000199943 0.00042746 0)
(-0.00126103 0.00113885 0)
(-0.00276048 0.00173039 0)
(-0.0044115 0.00214019 0)
(-0.00612756 0.00247344 0)
(-0.00784575 0.00271176 0)
(-0.00951284 0.00289078 0)
(-0.0111047 0.00301157 0)
(-0.0125955 0.00308775 0)
(-0.0139712 0.00312094 0)
(-0.0152154 0.00311329 0)
(-0.0163146 0.00306355 0)
(-0.0172549 0.00297034 0)
(-0.0180234 0.00283207 0)
(-0.0186078 0.00264778 0)
(-0.0189973 0.00241738 0)
(-0.0191827 0.0021418 0)
(-0.0191563 0.00182296 0)
(-0.0189122 0.00146374 0)
(-0.018446 0.0010678 0)
(-0.0177553 0.000639437 0)
(-0.0168388 0.000183466 0)
(-0.0156973 -0.000294922 0)
(-0.0143328 -0.000790237 0)
(-0.0127489 -0.00129675 0)
(-0.0109509 -0.00180851 0)
(-0.0089458 -0.00231938 0)
(-0.00674232 -0.00282298 0)
(-0.00435111 -0.00331272 0)
(-0.00178489 -0.00378173 0)
(0.000941422 -0.00422294 0)
(0.00381053 -0.004629 0)
(0.00680259 -0.00499237 0)
(0.00989508 -0.00530536 0)
(0.0130626 -0.00556023 0)
(0.0162767 -0.00574935 0)
(0.0195061 -0.00586548 0)
(0.0227161 -0.00590202 0)
(0.0258695 -0.00585349 0)
(0.0289263 -0.00571605 0)
(0.0318446 -0.00548806 0)
(0.0345815 -0.00517076 0)
(0.0370942 -0.00476889 0)
(0.0393416 -0.00429115 0)
(0.0412859 -0.00375051 0)
(0.0428952 -0.00316406 0)
(0.0441453 -0.00255249 0)
(0.0450221 -0.00193902 0)
(0.0455235 -0.00134775 0)
(0.0456615 -0.000801567 0)
(0.0454625 -0.000319819 0)
(0.0449673 8.37762e-05 0)
(0.044229 0.000402322 0)
(0.0433105 0.000635437 0)
(0.04228 0.000787372 0)
(0.0412064 0.000864284 0)
(0.0401534 0.000872057 0)
(0.0391755 0.000815726 0)
(0.0383142 0.000700461 0)
(0.0375987 0.000533031 0)
(0.0370474 0.000322633 0)
(0.0366711 8.07109e-05 0)
(0.0364753 -0.000179881 0)
(0.0364602 -0.000445803 0)
(0.0366202 -0.000703885 0)
(0.0369437 -0.000941504 0)
(0.0374125 -0.00114696 0)
(0.0380023 -0.00131008 0)
(0.0386837 -0.00142314 0)
(0.0394241 -0.00148183 0)
(0.0401895 -0.00148606 0)
(0.0409479 -0.0014401 0)
(0.0416713 -0.00135206 0)
(0.0423379 -0.00123264 0)
(0.0429333 -0.00109354 0)
(0.04345 -0.000945912 0)
(0.043887 -0.000799225 0)
(0.0442482 -0.000660612 0)
(0.0445404 -0.000534768 0)
(0.0447721 -0.000424208 0)
(0.0449525 -0.000329723 0)
(0.0450901 -0.000250879 0)
(0.0451929 -0.000186469 0)
(0.045268 -0.000134876 0)
(0.0453213 -9.43289e-05 0)
(0.0453577 -6.30745e-05 0)
(0.0453812 -3.94785e-05 0)
(0.0453953 -2.2078e-05 0)
(0.0454024 -9.60167e-06 0)
(0.0454047 -9.6992e-07 0)
(0.0454037 4.71628e-06 0)
(0.0454006 8.19274e-06 0)
(0.0453963 1.00517e-05 0)
(0.0453915 1.07617e-05 0)
(0.0453865 1.06869e-05 0)
(0.0453817 1.0105e-05 0)
(0.0453773 9.22251e-06 0)
(0.0453734 8.18949e-06 0)
(0.0453699 7.11109e-06 0)
(0.0453669 6.05789e-06 0)
(0.0453644 5.07434e-06 0)
(0.0453623 4.18561e-06 0)
(0.0453607 3.40308e-06 0)
(0.0453593 2.7286e-06 0)
(0.0453582 2.15782e-06 0)
(0.0453574 1.6826e-06 0)
(0.0453567 1.29281e-06 0)
(0.0453562 9.77545e-07 0)
(0.0453558 7.26016e-07 0)
(0.0453555 5.28041e-07 0)
(0.0453553 3.7437e-07 0)
(0.0453552 2.56828e-07 0)
(0.0453551 1.68348e-07 0)
(0.0453551 1.02936e-07 0)
(0.045355 5.55934e-08 0)
(0.045355 2.22106e-08 0)
(0.045355 -5.43542e-10 0)
(0.045355 -1.53338e-08 0)
(0.045355 -2.42648e-08 0)
(0.045355 -2.89768e-08 0)
(0.045355 -3.07314e-08 0)
(0.045355 -3.04843e-08 0)
(0.045355 -2.89486e-08 0)
(0.0453551 -2.66461e-08 0)
(0.0453551 -2.39506e-08 0)
(0.0453551 -2.11224e-08 0)
(0.0453551 -1.83363e-08 0)
(0.0453551 -1.57039e-08 0)
(0.0453551 -1.32901e-08 0)
(0.0453551 -1.11272e-08 0)
(0.0453551 -9.22464e-09 0)
(0.0453551 -7.57662e-09 0)
(0.0453551 -6.16789e-09 0)
(0.0453551 -4.97768e-09 0)
(0.0453551 -3.98264e-09 0)
(0.0453551 -3.15881e-09 0)
(0.0453551 -2.48296e-09 0)
(0.0453551 -1.93334e-09 0)
(0.0453551 -1.4902e-09 0)
(0.0453551 -1.13593e-09 0)
(0.0453551 -8.55149e-10 0)
(0.0453551 -6.3458e-10 0)
(0.0453551 -4.62924e-10 0)
(0.0453551 -3.30668e-10 0)
(0.0453551 -2.2988e-10 0)
(0.0453551 -1.54007e-10 0)
(0.0453551 -9.76956e-11 0)
(0.0453551 -5.65973e-11 0)
(0.0453551 -2.72186e-11 0)
(0.0453551 -6.76834e-12 0)
(0.0453551 6.96362e-12 0)
(0.0453551 1.57086e-11 0)
(0.0453551 2.08125e-11 0)
(0.0453551 2.33094e-11 0)
(0.0453551 2.39881e-11 0)
(0.0453551 2.34426e-11 0)
(0.0453551 2.21101e-11 0)
(0.0453551 2.03154e-11 0)
(0.0453551 1.82911e-11 0)
(0.0453551 1.62032e-11 0)
(0.0453551 1.41645e-11 0)
(0.0453551 1.22415e-11 0)
(0.0453551 1.04787e-11 0)
(0.0453551 8.89336e-12 0)
(0.0453551 7.49246e-12 0)
(0.0453551 6.27072e-12 0)
(0.0453551 5.21437e-12 0)
(0.0453551 4.30955e-12 0)
(0.0453551 3.53978e-12 0)
(0.0453551 2.89003e-12 0)
(0.0453551 2.34443e-12 0)
(0.0453551 1.88558e-12 0)
(0.0453551 1.50311e-12 0)
(0.0453551 1.18437e-12 0)
(0.0453551 9.2071e-13 0)
(0.0453551 7.05579e-13 0)
(0.0453551 5.28822e-13 0)
(0.0453551 3.83106e-13 0)
(0.0453551 2.63915e-13 0)
(0.0453551 1.64786e-13 0)
(0.0453551 8.37969e-14 0)
(0.0453551 1.5404e-14 0)
(0.0453551 -4.25998e-14 0)
(0.0453551 -8.70675e-14 0)
(0.0453551 -1.22779e-13 0)
(0.0453551 -1.46548e-13 0)
(0.0453551 -1.61509e-13 0)
(0.0453551 -1.6836e-13 0)
(0.0453551 -1.63348e-13 0)
(0.0453551 -1.47455e-13 0)
(0.0453551 -1.16661e-13 0)
(0.0453551 -6.86293e-14 0)
(0.0453551 -1.17346e-15 0)
(0.0453551 7.85073e-14 0)
(0.0453551 2.10569e-13 0)
(0.0453551 2.09933e-13 0)
(0.0453551 4.35454e-13 0)
(0.0453551 1.49222e-13 0)
(0.0453551 -1.31123e-12 0)
(0.0453551 -6.96796e-13 0)
(-0.000359797 0.00124401 0)
(-0.00187159 0.00259699 0)
(-0.00364441 0.00342812 0)
(-0.00533394 0.00385512 0)
(-0.00683306 0.00412519 0)
(-0.00815535 0.00424587 0)
(-0.00927955 0.0042852 0)
(-0.0102251 0.00425382 0)
(-0.0109887 0.0041724 0)
(-0.0115772 0.00404374 0)
(-0.0119885 0.00387027 0)
(-0.0122222 0.0036503 0)
(-0.0122753 0.00338225 0)
(-0.0121449 0.00306441 0)
(-0.0118277 0.00269602 0)
(-0.0113208 0.00227725 0)
(-0.0106215 0.00180939 0)
(-0.00972781 0.00129478 0)
(-0.00863807 0.000736714 0)
(-0.00735136 0.000139316 0)
(-0.00586741 -0.000492595 0)
(-0.00418668 -0.00115361 0)
(-0.00231048 -0.00183782 0)
(-0.000241121 -0.00253887 0)
(0.002018 -0.00325 0)
(0.00446218 -0.00396404 0)
(0.00708527 -0.00467339 0)
(0.00987946 -0.00537002 0)
(0.0128351 -0.00604539 0)
(0.0159404 -0.0066905 0)
(0.0191815 -0.00729582 0)
(0.0225419 -0.00785134 0)
(0.0260026 -0.00834656 0)
(0.0295417 -0.00877057 0)
(0.0331344 -0.00911215 0)
(0.0367527 -0.00935998 0)
(0.0403651 -0.0095029 0)
(0.043937 -0.00953034 0)
(0.0474306 -0.0094329 0)
(0.050805 -0.00920309 0)
(0.0540175 -0.00883614 0)
(0.0570236 -0.00833101 0)
(0.0597791 -0.00769128 0)
(0.0622409 -0.00692595 0)
(0.0643684 -0.00604993 0)
(0.0661253 -0.00508424 0)
(0.0674804 -0.00405572 0)
(0.068409 -0.00299633 0)
(0.068894 -0.00194201 0)
(0.0689275 -0.000931091 0)
(0.0685127 -2.2037e-06 0)
(0.0676667 0.000808279 0)
(0.0664229 0.00146926 0)
(0.0648339 0.00195813 0)
(0.0629719 0.00226378 0)
(0.0609261 0.00238862 0)
(0.0587966 0.00234872 0)
(0.0566856 0.00217103 0)
(0.0546872 0.00188763 0)
(0.0528791 0.00152906 0)
(0.0513178 0.00111955 0)
(0.0500369 0.000676546 0)
(0.0490493 0.00021365 0)
(0.048352 -0.000255477 0)
(0.0479319 -0.000714746 0)
(0.0477692 -0.00114547 0)
(0.0478394 -0.00152784 0)
(0.0481128 -0.00184314 0)
(0.0485544 -0.00207618 0)
(0.0491243 -0.00221751 0)
(0.0497797 -0.00226497 0)
(0.0504778 -0.00222429 0)
(0.0511791 -0.00210829 0)
(0.0518506 -0.00193489 0)
(0.052468 -0.00172422 0)
(0.0530159 -0.00149581 0)
(0.0534876 -0.00126629 0)
(0.0538832 -0.00104824 0)
(0.0542075 -0.000849876 0)
(0.0544681 -0.000675564 0)
(0.0546739 -0.000526666 0)
(0.0548336 -0.00040246 0)
(0.0549556 -0.000300963 0)
(0.0550471 -0.000219553 0)
(0.0551142 -0.000155405 0)
(0.0551624 -0.000105759 0)
(0.0551957 -6.80655e-05 0)
(0.0552179 -4.00593e-05 0)
(0.0552316 -1.9778e-05 0)
(0.0552392 -5.55634e-06 0)
(0.0552424 3.99511e-06 0)
(0.0552426 1.00178e-05 0)
(0.0552408 1.34348e-05 0)
(0.0552379 1.49811e-05 0)
(0.0552344 1.52313e-05 0)
(0.0552307 1.46264e-05 0)
(0.0552271 1.34974e-05 0)
(0.0552236 1.20866e-05 0)
(0.0552205 1.05655e-05 0)
(0.0552178 9.05115e-06 0)
(0.0552155 7.61856e-06 0)
(0.0552135 6.312e-06 0)
(0.0552118 5.15334e-06 0)
(0.0552105 4.14894e-06 0)
(0.0552094 3.29486e-06 0)
(0.0552085 2.58074e-06 0)
(0.0552078 1.99268e-06 0)
(0.0552073 1.51527e-06 0)
(0.0552069 1.13293e-06 0)
(0.0552066 8.30813e-07 0)
(0.0552063 5.95302e-07 0)
(0.0552062 4.14298e-07 0)
(0.0552061 2.77292e-07 0)
(0.055206 1.75333e-07 0)
(0.0552059 1.0093e-07 0)
(0.0552059 4.79032e-08 0)
(0.0552059 1.12285e-08 0)
(0.0552059 -1.3127e-08 0)
(0.0552059 -2.83586e-08 0)
(0.0552059 -3.69659e-08 0)
(0.0552059 -4.0879e-08 0)
(0.0552059 -4.15672e-08 0)
(0.0552059 -4.01324e-08 0)
(0.0552059 -3.73865e-08 0)
(0.0552059 -3.3916e-08 0)
(0.0552059 -3.01339e-08 0)
(0.0552059 -2.63221e-08 0)
(0.055206 -2.26641e-08 0)
(0.055206 -1.92719e-08 0)
(0.055206 -1.62055e-08 0)
(0.055206 -1.3489e-08 0)
(0.055206 -1.11219e-08 0)
(0.055206 -9.08806e-09 0)
(0.055206 -7.36182e-09 0)
(0.055206 -5.91258e-09 0)
(0.055206 -4.708e-09 0)
(0.055206 -3.71607e-09 0)
(0.055206 -2.90646e-09 0)
(0.055206 -2.2513e-09 0)
(0.055206 -1.72559e-09 0)
(0.055206 -1.30732e-09 0)
(0.055206 -9.77411e-10 0)
(0.055206 -7.19537e-10 0)
(0.055206 -5.19889e-10 0)
(0.055206 -3.66916e-10 0)
(0.055206 -2.51045e-10 0)
(0.055206 -1.64416e-10 0)
(0.055206 -1.00628e-10 0)
(0.055206 -5.45158e-11 0)
(0.055206 -2.19428e-11 0)
(0.055206 3.7691e-13 0)
(0.055206 1.50338e-11 0)
(0.055206 2.40466e-11 0)
(0.055206 2.89765e-11 0)
(0.055206 3.10154e-11 0)
(0.055206 3.10684e-11 0)
(0.055206 2.98099e-11 0)
(0.055206 2.7741e-11 0)
(0.055206 2.52272e-11 0)
(0.055206 2.25295e-11 0)
(0.055206 1.98265e-11 0)
(0.055206 1.72355e-11 0)
(0.055206 1.4828e-11 0)
(0.055206 1.26434e-11 0)
(0.055206 1.06963e-11 0)
(0.055206 8.9859e-12 0)
(0.055206 7.49924e-12 0)
(0.055206 6.21933e-12 0)
(0.055206 5.12674e-12 0)
(0.055206 4.19943e-12 0)
(0.055206 3.41766e-12 0)
(0.055206 2.75999e-12 0)
(0.055206 2.20956e-12 0)
(0.055206 1.75207e-12 0)
(0.055206 1.37334e-12 0)
(0.055206 1.0606e-12 0)
(0.055206 8.02543e-13 0)
(0.055206 5.90582e-13 0)
(0.055206 4.14988e-13 0)
(0.055206 2.69246e-13 0)
(0.055206 1.46719e-13 0)
(0.055206 4.30867e-14 0)
(0.055206 -4.32541e-14 0)
(0.055206 -1.14936e-13 0)
(0.055206 -1.72482e-13 0)
(0.055206 -2.17259e-13 0)
(0.055206 -2.50351e-13 0)
(0.055206 -2.69141e-13 0)
(0.055206 -2.74169e-13 0)
(0.055206 -2.61631e-13 0)
(0.055206 -2.2975e-13 0)
(0.055206 -1.74792e-13 0)
(0.055206 -8.87631e-14 0)
(0.055206 4.45644e-14 0)
(0.055206 2.34852e-13 0)
(0.055206 4.89468e-13 0)
(0.055206 9.58657e-13 0)
(0.055206 1.08256e-12 0)
(0.055206 2.49162e-12 0)
(0.055206 2.95684e-12 0)
(-0.000418727 0.0026259 0)
(-0.00181468 0.00436366 0)
(-0.00319685 0.00513306 0)
(-0.00430656 0.00523377 0)
(-0.00505073 0.00522263 0)
(-0.00552585 0.00508583 0)
(-0.00574224 0.00490778 0)
(-0.00575854 0.00468148 0)
(-0.00558699 0.00442037 0)
(-0.00524924 0.00412072 0)
(-0.00475051 0.00378098 0)
(-0.00409686 0.00339712 0)
(-0.00328896 0.00296593 0)
(-0.00232709 0.0024848 0)
(-0.00120979 0.00195224 0)
(6.47144e-05 0.00136795 0)
(0.00149867 0.000732813 0)
(0.00309438 4.88524e-05 0)
(0.00485409 -0.000680866 0)
(0.00677973 -0.00145232 0)
(0.00887275 -0.00226063 0)
(0.0111339 -0.00310014 0)
(0.0135629 -0.00396448 0)
(0.0161585 -0.00484661 0)
(0.018918 -0.00573881 0)
(0.0218372 -0.00663276 0)
(0.02491 -0.0075194 0)
(0.0281288 -0.00838899 0)
(0.0314835 -0.00923103 0)
(0.034962 -0.0100343 0)
(0.0385494 -0.0107867 0)
(0.0422286 -0.0114756 0)
(0.0459795 -0.0120875 0)
(0.0497791 -0.0126082 0)
(0.0536012 -0.0130229 0)
(0.0574164 -0.0133165 0)
(0.061192 -0.0134739 0)
(0.0648919 -0.0134805 0)
(0.0684772 -0.0133229 0)
(0.0719068 -0.0129903 0)
(0.0751385 -0.0124752 0)
(0.0781305 -0.0117752 0)
(0.0808432 -0.0108936 0)
(0.0832409 -0.00984088 0)
(0.0852933 -0.00863487 0)
(0.0869763 -0.00730048 0)
(0.0882719 -0.00586912 0)
(0.0891683 -0.00437749 0)
(0.0896581 -0.00286615 0)
(0.0897373 -0.00137804 0)
(0.0894043 4.28752e-05 0)
(0.0886594 0.00135283 0)
(0.0875057 0.00250945 0)
(0.0859516 0.00347317 0)
(0.0840148 0.00420936 0)
(0.0817276 0.00469138 0)
(0.0791413 0.00490445 0)
(0.0763306 0.00484949 0)
(0.073392 0.00454546 0)
(0.0704386 0.00402898 0)
(0.0675893 0.00335037 0)
(0.0649541 0.00256641 0)
(0.0626225 0.00173168 0)
(0.0606544 0.000891964 0)
(0.0590784 8.24233e-05 0)
(0.0578949 -0.000669711 0)
(0.0570825 -0.00134108 0)
(0.0566053 -0.00190989 0)
(0.0564185 -0.00235663 0)
(0.0564715 -0.0026669 0)
(0.0567107 -0.00283485 0)
(0.0570819 -0.00286552 0)
(0.0575339 -0.00277502 0)
(0.0580215 -0.00258826 0)
(0.0585079 -0.00233488 0)
(0.0589667 -0.0020447 0)
(0.0593812 -0.00174386 0)
(0.0597428 -0.00145257 0)
(0.0600499 -0.00118445 0)
(0.0603046 -0.000947076 0)
(0.060512 -0.000743286 0)
(0.060678 -0.000572622 0)
(0.0608088 -0.000432628 0)
(0.0609104 -0.000319843 0)
(0.060988 -0.000230474 0)
(0.0610463 -0.000160807 0)
(0.0610891 -0.00010742 0)
(0.0611199 -6.72832e-05 0)
(0.0611412 -3.77725e-05 0)
(0.0611553 -1.66606e-05 0)
(0.0611641 -2.08279e-06 0)
(0.061169 7.5015e-06 0)
(0.0611711 1.33476e-05 0)
(0.0611714 1.64636e-05 0)
(0.0611704 1.76462e-05 0)
(0.0611687 1.75138e-05 0)
(0.0611666 1.65365e-05 0)
(0.0611644 1.50635e-05 0)
(0.0611622 1.33466e-05 0)
(0.0611602 1.15615e-05 0)
(0.0611583 9.82487e-06 0)
(0.0611567 8.2093e-06 0)
(0.0611553 6.75494e-06 0)
(0.0611542 5.47901e-06 0)
(0.0611532 4.38313e-06 0)
(0.0611524 3.45887e-06 0)
(0.0611518 2.69181e-06 0)
(0.0611512 2.06455e-06 0)
(0.0611508 1.55866e-06 0)
(0.0611505 1.15611e-06 0)
(0.0611503 8.40044e-07 0)
(0.0611501 5.95261e-07 0)
(0.06115 4.08406e-07 0)
(0.0611499 2.68003e-07 0)
(0.0611498 1.64367e-07 0)
(0.0611498 8.94534e-08 0)
(0.0611497 3.66776e-08 0)
(0.0611497 7.20169e-10 0)
(0.0611497 -2.26604e-08 0)
(0.0611497 -3.68038e-08 0)
(0.0611497 -4.43062e-08 0)
(0.0611497 -4.71588e-08 0)
(0.0611497 -4.68675e-08 0)
(0.0611497 -4.45529e-08 0)
(0.0611497 -4.10336e-08 0)
(0.0611497 -3.68952e-08 0)
(0.0611497 -3.25448e-08 0)
(0.0611497 -2.82553e-08 0)
(0.0611497 -2.42007e-08 0)
(0.0611498 -2.04822e-08 0)
(0.0611498 -1.71502e-08 0)
(0.0611498 -1.42193e-08 0)
(0.0611498 -1.16808e-08 0)
(0.0611498 -9.51109e-09 0)
(0.0611498 -7.67803e-09 0)
(0.0611498 -6.1456e-09 0)
(0.0611498 -4.87684e-09 0)
(0.0611498 -3.8359e-09 0)
(0.0611498 -2.98926e-09 0)
(0.0611498 -2.30649e-09 0)
(0.0611498 -1.76048e-09 0)
(0.0611498 -1.32755e-09 0)
(0.0611498 -9.87252e-10 0)
(0.0611498 -7.22219e-10 0)
(0.0611498 -5.17815e-10 0)
(0.0611498 -3.61847e-10 0)
(0.0611498 -2.44255e-10 0)
(0.0611498 -1.56806e-10 0)
(0.0611498 -9.28192e-11 0)
(0.0611498 -4.69185e-11 0)
(0.0611498 -1.48117e-11 0)
(0.0611498 6.89763e-12 0)
(0.0611498 2.08742e-11 0)
(0.0611498 2.91893e-11 0)
(0.0611498 3.34391e-11 0)
(0.0611498 3.48382e-11 0)
(0.0611498 3.43061e-11 0)
(0.0611498 3.25296e-11 0)
(0.0611498 3.00086e-11 0)
(0.0611498 2.71075e-11 0)
(0.0611498 2.40803e-11 0)
(0.0611498 2.10998e-11 0)
(0.0611498 1.82779e-11 0)
(0.0611498 1.56772e-11 0)
(0.0611498 1.33299e-11 0)
(0.0611498 1.12464e-11 0)
(0.0611498 9.42135e-12 0)
(0.0611498 7.84166e-12 0)
(0.0611498 6.484e-12 0)
(0.0611498 5.3271e-12 0)
(0.0611498 4.3472e-12 0)
(0.0611498 3.52195e-12 0)
(0.0611498 2.83202e-12 0)
(0.0611498 2.25649e-12 0)
(0.0611498 1.78021e-12 0)
(0.0611498 1.38634e-12 0)
(0.0611498 1.06124e-12 0)
(0.0611498 7.9326e-13 0)
(0.0611498 5.71342e-13 0)
(0.0611498 3.86786e-13 0)
(0.0611498 2.30006e-13 0)
(0.0611498 9.71421e-14 0)
(0.0611498 -1.64748e-14 0)
(0.0611498 -1.13653e-13 0)
(0.0611498 -1.94773e-13 0)
(0.0611498 -2.63048e-13 0)
(0.0611498 -3.17648e-13 0)
(0.0611498 -3.5656e-13 0)
(0.0611498 -3.80068e-13 0)
(0.0611498 -3.84494e-13 0)
(0.0611498 -3.68463e-13 0)
(0.0611498 -3.25064e-13 0)
(0.0611498 -2.36552e-13 0)
(0.0611498 -9.04493e-14 0)
(0.0611498 1.55301e-13 0)
(0.0611498 5.47712e-13 0)
(0.0611498 1.17581e-12 0)
(0.0611498 1.91662e-12 0)
(0.0611498 4.79402e-12 0)
(0.0611498 5.13483e-12 0)
(-0.000672078 0.00316735 0)
(-0.00190834 0.00517661 0)
(-0.00212149 0.00579531 0)
(-0.00204366 0.00562569 0)
(-0.00148112 0.00533135 0)
(-0.00076403 0.00495206 0)
(0.000158812 0.00456544 0)
(0.0012019 0.00416413 0)
(0.00237215 0.00374828 0)
(0.00364954 0.00330948 0)
(0.00503577 0.00283932 0)
(0.00652827 0.00233056 0)
(0.00812988 0.00177677 0)
(0.00984324 0.00117341 0)
(0.0116724 0.000517317 0)
(0.0136217 -0.000193013 0)
(0.0156956 -0.000957629 0)
(0.0178984 -0.00177515 0)
(0.0202341 -0.00264284 0)
(0.0227059 -0.00355675 0)
(0.0253162 -0.00451171 0)
(0.0280659 -0.0055015 0)
(0.0309546 -0.00651887 0)
(0.0339802 -0.00755567 0)
(0.0371388 -0.00860283 0)
(0.0404246 -0.00965044 0)
(0.0438297 -0.0106877 0)
(0.047344 -0.0117028 0)
(0.0509553 -0.0126831 0)
(0.0546488 -0.0136148 0)
(0.058407 -0.0144832 0)
(0.0622096 -0.0152727 0)
(0.0660335 -0.0159665 0)
(0.0698523 -0.0165472 0)
(0.0736365 -0.0169961 0)
(0.077353 -0.0172941 0)
(0.0809653 -0.017422 0)
(0.0844343 -0.0173611 0)
(0.0877187 -0.0170946 0)
(0.0907772 -0.0166092 0)
(0.0935701 -0.0158965 0)
(0.0960622 -0.0149554 0)
(0.0982254 -0.0137928 0)
(0.100041 -0.0124248 0)
(0.101499 -0.0108762 0)
(0.102602 -0.00918001 0)
(0.103359 -0.00737516 0)
(0.103785 -0.00550479 0)
(0.103897 -0.00361396 0)
(0.103714 -0.00174781 0)
(0.10325 4.97774e-05 0)
(0.102515 0.00173704 0)
(0.101511 0.00327473 0)
(0.100236 0.0046262 0)
(0.0986832 0.00575753 0)
(0.0968425 0.00663796 0)
(0.0947077 0.0072411 0)
(0.092281 0.00754695 0)
(0.0895804 0.00754491 0)
(0.0866457 0.00723724 0)
(0.0835425 0.00664236 0)
(0.0803617 0.00579682 0)
(0.0772127 0.00475484 0)
(0.0742113 0.00358437 0)
(0.0714646 0.00235996 0)
(0.0690568 0.00115418 0)
(0.06704 3.06054e-05 0)
(0.0654321 -0.000959754 0)
(0.0642205 -0.00177904 0)
(0.0633691 -0.00240256 0)
(0.0628271 -0.00281964 0)
(0.0625362 -0.0030349 0)
(0.0624377 -0.00306821 0)
(0.0624767 -0.002952 0)
(0.0626063 -0.00272606 0)
(0.0627884 -0.00243144 0)
(0.0629942 -0.00210498 0)
(0.0632034 -0.00177596 0)
(0.0634026 -0.00146491 0)
(0.0635839 -0.00118419 0)
(0.0637433 -0.000939591 0)
(0.0638794 -0.000732252 0)
(0.0639929 -0.000560353 0)
(0.0640856 -0.000420476 0)
(0.0641597 -0.000308538 0)
(0.0642177 -0.000220369 0)
(0.0642623 -0.000152035 0)
(0.0642958 -9.9992e-05 0)
(0.0643204 -6.11363e-05 0)
(0.064338 -3.28054e-05 0)
(0.0643502 -1.27488e-05 0)
(0.0643582 9.09307e-07 0)
(0.0643631 9.7123e-06 0)
(0.0643658 1.49117e-05 0)
(0.064367 1.75068e-05 0)
(0.0643672 1.82821e-05 0)
(0.0643667 1.78414e-05 0)
(0.0643658 1.66396e-05 0)
(0.0643647 1.50107e-05 0)
(0.0643635 1.31924e-05 0)
(0.0643623 1.13477e-05 0)
(0.0643613 9.58255e-06 0)
(0.0643603 7.96052e-06 0)
(0.0643594 6.51456e-06 0)
(0.0643587 5.25634e-06 0)
(0.0643581 4.18331e-06 0)
(0.0643576 3.28404e-06 0)
(0.0643572 2.54204e-06 0)
(0.0643568 1.93857e-06 0)
(0.0643566 1.45441e-06 0)
(0.0643564 1.07114e-06 0)
(0.0643562 7.71775e-07 0)
(0.0643561 5.41171e-07 0)
(0.064356 3.66152e-07 0)
(0.0643559 2.35475e-07 0)
(0.0643559 1.39716e-07 0)
(0.0643558 7.10953e-08 0)
(0.0643558 2.32783e-08 0)
(0.0643558 -8.82505e-09 0)
(0.0643558 -2.92531e-08 0)
(0.0643558 -4.11696e-08 0)
(0.0643558 -4.70216e-08 0)
(0.0643558 -4.86758e-08 0)
(0.0643558 -4.75355e-08 0)
(0.0643558 -4.46382e-08 0)
(0.0643558 -4.07364e-08 0)
(0.0643558 -3.63629e-08 0)
(0.0643558 -3.1884e-08 0)
(0.0643558 -2.75411e-08 0)
(0.0643558 -2.34841e-08 0)
(0.0643558 -1.97966e-08 0)
(0.0643558 -1.65157e-08 0)
(0.0643558 -1.36466e-08 0)
(0.0643558 -1.11741e-08 0)
(0.0643558 -9.06997e-09 0)
(0.0643558 -7.29935e-09 0)
(0.0643558 -5.82447e-09 0)
(0.0643558 -4.60747e-09 0)
(0.0643558 -3.6122e-09 0)
(0.0643558 -2.80524e-09 0)
(0.0643558 -2.15645e-09 0)
(0.0643558 -1.6392e-09 0)
(0.0643558 -1.23034e-09 0)
(0.0643558 -9.10015e-10 0)
(0.0643558 -6.6138e-10 0)
(0.0643558 -4.70328e-10 0)
(0.0643558 -3.25144e-10 0)
(0.0643558 -2.1619e-10 0)
(0.0643558 -1.35601e-10 0)
(0.0643558 -7.70158e-11 0)
(0.0643558 -3.53299e-11 0)
(0.0643558 -6.48202e-12 0)
(0.0643558 1.27335e-11 0)
(0.0643558 2.48213e-11 0)
(0.0643558 3.17257e-11 0)
(0.0643558 3.4938e-11 0)
(0.0643558 3.55932e-11 0)
(0.0643558 3.45426e-11 0)
(0.0643558 3.24192e-11 0)
(0.0643558 2.96811e-11 0)
(0.0643558 2.66565e-11 0)
(0.0643558 2.35709e-11 0)
(0.0643558 2.0575e-11 0)
(0.0643558 1.77621e-11 0)
(0.0643558 1.51875e-11 0)
(0.0643558 1.28748e-11 0)
(0.0643558 1.08296e-11 0)
(0.0643558 9.04352e-12 0)
(0.0643558 7.49981e-12 0)
(0.0643558 6.17874e-12 0)
(0.0643558 5.055e-12 0)
(0.0643558 4.10709e-12 0)
(0.0643558 3.31197e-12 0)
(0.0643558 2.64892e-12 0)
(0.0643558 2.09932e-12 0)
(0.0643558 1.64517e-12 0)
(0.0643558 1.27194e-12 0)
(0.0643558 9.63917e-13 0)
(0.0643558 7.06944e-13 0)
(0.0643558 4.9225e-13 0)
(0.0643558 3.10245e-13 0)
(0.0643558 1.55446e-13 0)
(0.0643558 2.09425e-14 0)
(0.0643558 -9.77535e-14 0)
(0.0643558 -2.00159e-13 0)
(0.0643558 -2.89235e-13 0)
(0.0643558 -3.65626e-13 0)
(0.0643558 -4.28676e-13 0)
(0.0643558 -4.77174e-13 0)
(0.0643558 -5.08356e-13 0)
(0.0643558 -5.20274e-13 0)
(0.0643558 -5.03646e-13 0)
(0.0643558 -4.46161e-13 0)
(0.0643558 -3.22857e-13 0)
(0.0643558 -8.95071e-14 0)
(0.0643558 3.10215e-13 0)
(0.0643558 9.99135e-13 0)
(0.0643558 2.00294e-12 0)
(0.0643558 5.09307e-12 0)
(0.0643558 5.39143e-12 0)
(-0.000169667 0.00560301 0)
(5.33326e-05 0.00577501 0)
(0.00154515 0.00544496 0)
(0.00317504 0.00461411 0)
(0.00515611 0.00401232 0)
(0.0071648 0.00348422 0)
(0.00926585 0.00299772 0)
(0.0113898 0.00252883 0)
(0.0135519 0.00205162 0)
(0.015746 0.00155387 0)
(0.0179809 0.00102266 0)
(0.0202628 0.000449413 0)
(0.0226002 -0.000173243 0)
(0.0250007 -0.000850474 0)
(0.0274721 -0.00158584 0)
(0.0300213 -0.00238115 0)
(0.0326547 -0.00323658 0)
(0.0353778 -0.00415067 0)
(0.038195 -0.0051204 0)
(0.0411092 -0.0061412 0)
(0.0441222 -0.00720706 0)
(0.0472334 -0.00831058 0)
(0.0504407 -0.00944315 0)
(0.0537397 -0.010595 0)
(0.0571237 -0.0117555 0)
(0.0605839 -0.0129128 0)
(0.0641095 -0.0140543 0)
(0.0676872 -0.015166 0)
(0.0713012 -0.0162328 0)
(0.074933 -0.0172384 0)
(0.0785611 -0.0181652 0)
(0.0821607 -0.0189941 0)
(0.0857035 -0.019705 0)
(0.0891577 -0.020276 0)
(0.0924874 -0.0206845 0)
(0.0956534 -0.0209066 0)
(0.0986138 -0.0209189 0)
(0.101325 -0.020699 0)
(0.103746 -0.020228 0)
(0.105837 -0.019493 0)
(0.107571 -0.0184893 0)
(0.108929 -0.0172225 0)
(0.109909 -0.01571 0)
(0.110526 -0.0139803 0)
(0.110808 -0.0120718 0)
(0.110795 -0.0100296 0)
(0.110535 -0.00790241 0)
(0.110077 -0.0057393 0)
(0.109465 -0.00358691 0)
(0.108737 -0.00148787 0)
(0.107919 0.000519874 0)
(0.107025 0.00240283 0)
(0.106058 0.00413118 0)
(0.105007 0.00567777 0)
(0.103854 0.00701723 0)
(0.102573 0.00812542 0)
(0.101131 0.00897941 0)
(0.0994981 0.00955813 0)
(0.0976439 0.0098437 0)
(0.0955487 0.00982363 0)
(0.0932076 0.00949374 0)
(0.0906362 0.00886156 0)
(0.0878753 0.00794987 0)
(0.0849914 0.0067992 0)
(0.082073 0.00546852 0)
(0.0792214 0.00403289 0)
(0.0765366 0.0025777 0)
(0.0741042 0.00118997 0)
(0.0719835 -5.14308e-05 0)
(0.0702035 -0.00108472 0)
(0.0687642 -0.00187163 0)
(0.0676431 -0.00240035 0)
(0.0668038 -0.00268458 0)
(0.0662033 -0.0027585 0)
(0.0657976 -0.00266879 0)
(0.0655455 -0.00246582 0)
(0.0654099 -0.00219613 0)
(0.0653587 -0.00189783 0)
(0.0653649 -0.00159883 0)
(0.065407 -0.00131746 0)
(0.0654683 -0.00106412 0)
(0.0655367 -0.000843435 0)
(0.0656042 -0.000656128 0)
(0.065666 -0.000500551 0)
(0.0657195 -0.00037376 0)
(0.0657639 -0.000272246 0)
(0.0657996 -0.000192378 0)
(0.0658273 -0.000130674 0)
(0.0658483 -8.39378e-05 0)
(0.0658638 -4.93273e-05 0)
(0.0658748 -2.43742e-05 0)
(0.0658825 -6.97738e-06 0)
(0.0658876 4.61977e-06 0)
(0.0658908 1.18598e-05 0)
(0.0658926 1.59067e-05 0)
(0.0658935 1.76825e-05 0)
(0.0658938 1.79033e-05 0)
(0.0658937 1.71135e-05 0)
(0.0658933 1.57176e-05 0)
(0.0658928 1.40071e-05 0)
(0.0658922 1.21861e-05 0)
(0.0658916 1.03904e-05 0)
(0.0658911 8.70569e-06 0)
(0.0658906 7.18027e-06 0)
(0.0658901 5.83641e-06 0)
(0.0658898 4.67851e-06 0)
(0.0658895 3.69944e-06 0)
(0.0658892 2.88513e-06 0)
(0.065889 2.21792e-06 0)
(0.0658888 1.67884e-06 0)
(0.0658886 1.2491e-06 0)
(0.0658885 9.11054e-07 0)
(0.0658884 6.48724e-07 0)
(0.0658884 4.48029e-07 0)
(0.0658883 2.96841e-07 0)
(0.0658883 1.84904e-07 0)
(0.0658883 1.03683e-07 0)
(0.0658882 4.6184e-08 0)
(0.0658882 6.74495e-09 0)
(0.0658882 -1.91543e-08 0)
(0.0658882 -3.50788e-08 0)
(0.0658882 -4.38049e-08 0)
(0.0658882 -4.74658e-08 0)
(0.0658882 -4.76784e-08 0)
(0.0658882 -4.56488e-08 0)
(0.0658882 -4.2261e-08 0)
(0.0658882 -3.81494e-08 0)
(0.0658882 -3.37576e-08 0)
(0.0658882 -2.93852e-08 0)
(0.0658882 -2.52246e-08 0)
(0.0658882 -2.13906e-08 0)
(0.0658882 -1.79424e-08 0)
(0.0658882 -1.49002e-08 0)
(0.0658882 -1.22588e-08 0)
(0.0658882 -9.99624e-09 0)
(0.0658882 -8.08123e-09 0)
(0.0658882 -6.47761e-09 0)
(0.0658882 -5.14785e-09 0)
(0.0658882 -4.05527e-09 0)
(0.0658882 -3.16539e-09 0)
(0.0658882 -2.44674e-09 0)
(0.0658882 -1.87124e-09 0)
(0.0658882 -1.41425e-09 0)
(0.0658882 -1.05451e-09 0)
(0.0658882 -7.73884e-10 0)
(0.0658882 -5.57072e-10 0)
(0.0658882 -3.91321e-10 0)
(0.0658882 -2.66079e-10 0)
(0.0658882 -1.72703e-10 0)
(0.0658882 -1.04172e-10 0)
(0.0658882 -5.48235e-11 0)
(0.0658882 -2.01354e-11 0)
(0.0658882 3.47842e-12 0)
(0.0658882 1.88365e-11 0)
(0.0658882 2.81347e-11 0)
(0.0658882 3.30685e-11 0)
(0.0658882 3.49323e-11 0)
(0.0658882 3.47059e-11 0)
(0.0658882 3.312e-11 0)
(0.0658882 3.07094e-11 0)
(0.0658882 2.7859e-11 0)
(0.0658882 2.48377e-11 0)
(0.0658882 2.18282e-11 0)
(0.0658882 1.89518e-11 0)
(0.0658882 1.62821e-11 0)
(0.0658882 1.38588e-11 0)
(0.0658882 1.16965e-11 0)
(0.0658882 9.79387e-12 0)
(0.0658882 8.14067e-12 0)
(0.0658882 6.71809e-12 0)
(0.0658882 5.50616e-12 0)
(0.0658882 4.48082e-12 0)
(0.0658882 3.61929e-12 0)
(0.0658882 2.90072e-12 0)
(0.0658882 2.30567e-12 0)
(0.0658882 1.81571e-12 0)
(0.0658882 1.41249e-12 0)
(0.0658882 1.07936e-12 0)
(0.0658882 8.01759e-13 0)
(0.0658882 5.69782e-13 0)
(0.0658882 3.73616e-13 0)
(0.0658882 2.03817e-13 0)
(0.0658882 5.44972e-14 0)
(0.0658882 -7.91341e-14 0)
(0.0658882 -1.99123e-13 0)
(0.0658882 -3.06159e-13 0)
(0.0658882 -4.02275e-13 0)
(0.0658882 -4.89469e-13 0)
(0.0658882 -5.65614e-13 0)
(0.0658882 -6.31486e-13 0)
(0.0658882 -6.83232e-13 0)
(0.0658882 -7.15524e-13 0)
(0.0658882 -7.14872e-13 0)
(0.0658882 -6.60697e-13 0)
(0.0658882 -5.13371e-13 0)
(0.0658882 -2.1499e-13 0)
(0.0658882 3.45962e-13 0)
(0.0658882 1.23104e-12 0)
(0.0658882 3.70816e-12 0)
(0.0658882 3.91806e-12 0)
(0.00515637 0.00184679 0)
(0.00774777 0.00290472 0)
(0.0129233 0.00256012 0)
(0.0165209 0.00203256 0)
(0.0200499 0.00144792 0)
(0.0232271 0.000931676 0)
(0.0262491 0.000447125 0)
(0.0291473 -1.78947e-05 0)
(0.0319702 -0.00048941 0)
(0.0347458 -0.000984114 0)
(0.0374973 -0.0015165 0)
(0.0402424 -0.00209694 0)
(0.0429953 -0.0027333 0)
(0.0457673 -0.00343102 0)
(0.048568 -0.00419359 0)
(0.0514049 -0.00502262 0)
(0.054284 -0.00591794 0)
(0.05721 -0.00687763 0)
(0.0601858 -0.00789804 0)
(0.0632127 -0.00897373 0)
(0.0662904 -0.0100976 0)
(0.0694162 -0.0112608 0)
(0.0725851 -0.0124531 0)
(0.0757897 -0.0136629 0)
(0.0790199 -0.0148775 0)
(0.082263 -0.0160832 0)
(0.0855042 -0.0172651 0)
(0.0887257 -0.0184069 0)
(0.0919071 -0.0194907 0)
(0.0950239 -0.0204965 0)
(0.0980478 -0.021403 0)
(0.100946 -0.0221869 0)
(0.103681 -0.0228228 0)
(0.106211 -0.0232838 0)
(0.108491 -0.0235415 0)
(0.110472 -0.0235676 0)
(0.112109 -0.0233349 0)
(0.113358 -0.0228202 0)
(0.114186 -0.0220072 0)
(0.114575 -0.0208906 0)
(0.114527 -0.0194787 0)
(0.114068 -0.0177948 0)
(0.113248 -0.0158767 0)
(0.112137 -0.0137737 0)
(0.110819 -0.011542 0)
(0.109382 -0.00923931 0)
(0.107906 -0.00692007 0)
(0.106464 -0.00463199 0)
(0.105108 -0.0024143 0)
(0.103873 -0.000297769 0)
(0.102777 0.00169419 0)
(0.101818 0.0035436 0)
(0.100982 0.00523584 0)
(0.100243 0.00675775 0)
(0.0995663 0.00809608 0)
(0.0989092 0.00923649 0)
(0.0982257 0.0101631 0)
(0.0974668 0.0108587 0)
(0.0965836 0.0113052 0)
(0.09553 0.0114854 0)
(0.0942669 0.0113847 0)
(0.0927661 0.0109943 0)
(0.0910159 0.0103149 0)
(0.0890255 0.00936118 0)
(0.0868277 0.00816557 0)
(0.0844785 0.00678071 0)
(0.0820531 0.00527866 0)
(0.0796368 0.00374623 0)
(0.0773144 0.002276 0)
(0.0751597 0.00095433 0)
(0.0732281 -0.00015108 0)
(0.0715536 -0.00100072 0)
(0.0701505 -0.00158683 0)
(0.0690156 -0.00192988 0)
(0.0681326 -0.0020698 0)
(0.0674746 -0.00205516 0)
(0.0670082 -0.00193393 0)
(0.0666968 -0.00174764 0)
(0.0665043 -0.0015289 0)
(0.0663979 -0.00130141 0)
(0.0663499 -0.00108121 0)
(0.0663386 -0.000878246 0)
(0.066348 -0.000697958 0)
(0.0663673 -0.00054255 0)
(0.0663895 -0.000412012 0)
(0.0664107 -0.00030491 0)
(0.066429 -0.00021897 0)
(0.0664438 -0.000151506 0)
(0.0664551 -9.97284e-05 0)
(0.0664634 -6.09393e-05 0)
(0.0664692 -3.26622e-05 0)
(0.0664732 -1.27066e-05 0)
(0.0664759 8.05635e-07 0)
(0.0664775 9.44279e-06 0)
(0.0664784 1.44837e-05 0)
(0.0664789 1.69481e-05 0)
(0.0664791 1.76311e-05 0)
(0.0664791 1.71393e-05 0)
(0.066479 1.59244e-05 0)
(0.0664789 1.43137e-05 0)
(0.0664787 1.2537e-05 0)
(0.0664785 1.07495e-05 0)
(0.0664783 9.0502e-06 0)
(0.0664782 7.49698e-06 0)
(0.066478 6.11868e-06 0)
(0.0664779 4.9241e-06 0)
(0.0664778 3.90891e-06 0)
(0.0664777 3.06079e-06 0)
(0.0664776 2.36302e-06 0)
(0.0664775 1.79704e-06 0)
(0.0664775 1.34412e-06 0)
(0.0664775 9.86478e-07 0)
(0.0664774 7.07826e-07 0)
(0.0664774 4.93733e-07 0)
(0.0664774 3.31693e-07 0)
(0.0664774 2.11076e-07 0)
(0.0664774 1.23001e-07 0)
(0.0664774 6.01555e-08 0)
(0.0664773 1.66015e-08 0)
(0.0664773 -1.24208e-08 0)
(0.0664773 -3.06795e-08 0)
(0.0664773 -4.11195e-08 0)
(0.0664773 -4.60132e-08 0)
(0.0664773 -4.70899e-08 0)
(0.0664773 -4.56458e-08 0)
(0.0664773 -4.26364e-08 0)
(0.0664773 -3.8752e-08 0)
(0.0664773 -3.44792e-08 0)
(0.0664773 -3.01504e-08 0)
(0.0664773 -2.59829e-08 0)
(0.0664773 -2.21097e-08 0)
(0.0664773 -1.86032e-08 0)
(0.0664773 -1.54933e-08 0)
(0.0664773 -1.2781e-08 0)
(0.0664773 -1.04489e-08 0)
(0.0664773 -8.46842e-09 0)
(0.0664773 -6.80489e-09 0)
(0.0664773 -5.42159e-09 0)
(0.0664773 -4.28201e-09 0)
(0.0664773 -3.3515e-09 0)
(0.0664773 -2.59818e-09 0)
(0.0664773 -1.99343e-09 0)
(0.0664773 -1.51202e-09 0)
(0.0664773 -1.13208e-09 0)
(0.0664773 -8.34891e-10 0)
(0.0664773 -6.04624e-10 0)
(0.0664773 -4.28028e-10 0)
(0.0664773 -2.94121e-10 0)
(0.0664773 -1.93878e-10 0)
(0.0664773 -1.19949e-10 0)
(0.0664773 -6.63978e-11 0)
(0.0664773 -2.84672e-11 0)
(0.0664773 -2.37922e-12 0)
(0.0664773 1.48461e-11 0)
(0.0664773 2.5536e-11 0)
(0.0664773 3.14934e-11 0)
(0.0664773 3.40987e-11 0)
(0.0664773 3.43968e-11 0)
(0.0664773 3.31699e-11 0)
(0.0664773 3.0995e-11 0)
(0.0664773 2.82874e-11 0)
(0.0664773 2.53418e-11 0)
(0.0664773 2.23597e-11 0)
(0.0664773 1.9477e-11 0)
(0.0664773 1.67783e-11 0)
(0.0664773 1.43124e-11 0)
(0.0664773 1.2101e-11 0)
(0.0664773 1.01466e-11 0)
(0.0664773 8.44186e-12 0)
(0.0664773 6.97115e-12 0)
(0.0664773 5.71538e-12 0)
(0.0664773 4.65253e-12 0)
(0.0664773 3.75959e-12 0)
(0.0664773 3.01572e-12 0)
(0.0664773 2.4008e-12 0)
(0.0664773 1.89463e-12 0)
(0.0664773 1.47812e-12 0)
(0.0664773 1.13479e-12 0)
(0.0664773 8.50302e-13 0)
(0.0664773 6.11513e-13 0)
(0.0664773 4.08826e-13 0)
(0.0664773 2.31417e-13 0)
(0.0664773 7.36372e-14 0)
(0.0664773 -6.83891e-14 0)
(0.0664773 -1.9913e-13 0)
(0.0664773 -3.19801e-13 0)
(0.0664773 -4.32827e-13 0)
(0.0664773 -5.40939e-13 0)
(0.0664773 -6.46281e-13 0)
(0.0664773 -7.4989e-13 0)
(0.0664773 -8.50399e-13 0)
(0.0664773 -9.45621e-13 0)
(0.0664773 -1.02951e-12 0)
(0.0664773 -1.08514e-12 0)
(0.0664773 -1.08574e-12 0)
(0.0664773 -9.91152e-13 0)
(0.0664773 -7.25576e-13 0)
(0.0664773 -2.41289e-13 0)
(0.0664773 1.20551e-12 0)
(0.0664773 1.24797e-12 0)
(0.0344486 -5.2357e-06 0)
(0.0346201 -0.000158348 0)
(0.0349644 -0.000282221 0)
(0.0354331 -0.000350091 0)
(0.035974 -0.000392834 0)
(0.0366717 -0.000478029 0)
(0.0374181 -0.00036673 0)
(0.0381664 -0.00080977 0)
(0.0908631 -8.71746e-06 0)
(0.0906439 -0.000142826 0)
(0.0905876 -0.000319701 0)
(0.0906398 -0.000500441 0)
(0.0908108 -0.000696215 0)
(0.0910794 -0.00089668 0)
(0.0914686 -0.00111359 0)
(0.0924191 -0.00182451 0)
(0.128436 -1.17333e-05 0)
(0.12826 -0.000104972 0)
(0.128176 -0.000243482 0)
(0.128143 -0.00041863 0)
(0.128142 -0.000623941 0)
(0.128175 -0.000862963 0)
(0.128286 -0.00122518 0)
(0.128312 -0.00168972 0)
(0.147212 -1.53777e-05 0)
(0.147034 -0.000115119 0)
(0.146937 -0.000244473 0)
(0.146875 -0.000404613 0)
(0.146826 -0.000599555 0)
(0.146787 -0.000849281 0)
(0.146733 -0.00115365 0)
(0.146672 -0.00155567 0)
(0.147217 -2.06721e-05 0)
(0.147038 -0.000122739 0)
(0.146928 -0.00023694 0)
(0.146839 -0.000374133 0)
(0.146745 -0.000546197 0)
(0.146628 -0.000760463 0)
(0.146474 -0.00103413 0)
(0.146257 -0.00136965 0)
(0.128451 -2.86869e-05 0)
(0.128254 -0.000139249 0)
(0.128109 -0.00024011 0)
(0.127964 -0.000351854 0)
(0.127793 -0.000490271 0)
(0.127578 -0.000667701 0)
(0.1273 -0.000888984 0)
(0.12694 -0.00115515 0)
(0.0908873 -4.3401e-05 0)
(0.0906044 -0.000119112 0)
(0.090376 -0.000164061 0)
(0.0901402 -0.000221032 0)
(0.0898681 -0.000309441 0)
(0.0895342 -0.000434335 0)
(0.0891134 -0.000593963 0)
(0.0885795 -0.000780817 0)
(0.0344551 -4.96485e-05 0)
(0.0343557 -3.74755e-05 0)
(0.0342768 -1.18656e-05 0)
(0.0341873 -1.82278e-05 0)
(0.0340279 -5.62523e-05 0)
(0.0337682 -0.000114718 0)
(0.0333899 -0.000181308 0)
(0.0328839 -0.000245627 0)
(0.0410145 -0.00369326 0)
(0.0440194 -0.00348064 0)
(0.0467944 -0.00320218 0)
(0.0495614 -0.00291932 0)
(0.0521846 -0.0028105 0)
(0.054714 -0.00283256 0)
(0.0571705 -0.00296496 0)
(0.0595789 -0.00318599 0)
(0.0619587 -0.00348458 0)
(0.0643244 -0.00385545 0)
(0.0666875 -0.00429735 0)
(0.0690568 -0.00481091 0)
(0.0714388 -0.00539754 0)
(0.0738385 -0.00605852 0)
(0.0762593 -0.00679455 0)
(0.0787035 -0.00760537 0)
(0.0811719 -0.0084895 0)
(0.0836645 -0.00944401 0)
(0.0861798 -0.0104643 0)
(0.0887148 -0.011544 0)
(0.0912649 -0.0126746 0)
(0.0938232 -0.0138456 0)
(0.09638 -0.0150446 0)
(0.0989224 -0.0162575 0)
(0.101434 -0.0174689 0)
(0.103897 -0.0186623 0)
(0.106288 -0.01982 0)
(0.108581 -0.0209224 0)
(0.110745 -0.021947 0)
(0.112745 -0.022869 0)
(0.114538 -0.0236605 0)
(0.116078 -0.0242917 0)
(0.117311 -0.0247305 0)
(0.118182 -0.0249435 0)
(0.118637 -0.0248975 0)
(0.118626 -0.0245619 0)
(0.118109 -0.0239116 0)
(0.117066 -0.0229311 0)
(0.115503 -0.0216198 0)
(0.113461 -0.0199961 0)
(0.111014 -0.0180982 0)
(0.108273 -0.0159821 0)
(0.105368 -0.0137154 0)
(0.102438 -0.0113691 0)
(0.0996157 -0.00900983 0)
(0.0970102 -0.00669321 0)
(0.0947017 -0.00446074 0)
(0.0927382 -0.0023396 0)
(0.0911378 -0.000344814 0)
(0.0898937 0.00151724 0)
(0.0889811 0.00324511 0)
(0.0883626 0.00483906 0)
(0.0879938 0.00629866 0)
(0.0878257 0.00762139 0)
(0.0878078 0.00880179 0)
(0.0878885 0.00983123 0)
(0.0880159 0.010698 0)
(0.0881376 0.0113876 0)
(0.0882019 0.0118832 0)
(0.0881577 0.0121665 0)
(0.0879564 0.012219 0)
(0.0875545 0.0120239 0)
(0.0869166 0.0115693 0)
(0.0860201 0.0108522 0)
(0.0848593 0.00988311 0)
(0.0834491 0.00869137 0)
(0.0818261 0.0073274 0)
(0.0800464 0.005862 0)
(0.0781803 0.00438019 0)
(0.076305 0.00297027 0)
(0.0744965 0.00171017 0)
(0.0728222 0.000655309 0)
(0.0713357 -0.000167789 0)
(0.0700713 -0.00076044 0)
(0.0690423 -0.0011448 0)
(0.0682416 -0.00135472 0)
(0.0676461 -0.00142782 0)
(0.0672227 -0.00140024 0)
(0.0669352 -0.00130394 0)
(0.0667487 -0.00116566 0)
(0.0666334 -0.00100667 0)
(0.0665654 -0.000843047 0)
(0.0665274 -0.000686136 0)
(0.0665071 -0.000543219 0)
(0.0664967 -0.000418272 0)
(0.0664913 -0.000312745 0)
(0.0664882 -0.000226309 0)
(0.066486 -0.000157488 0)
(0.0664841 -0.000104176 0)
(0.0664825 -6.40113e-05 0)
(0.0664809 -3.46451e-05 0)
(0.0664795 -1.38983e-05 0)
(0.0664783 1.48983e-07 0)
(0.0664774 9.1242e-06 0)
(0.0664768 1.43634e-05 0)
(0.0664763 1.69337e-05 0)
(0.0664761 1.76655e-05 0)
(0.066476 1.719e-05 0)
(0.0664759 1.59746e-05 0)
(0.066476 1.43561e-05 0)
(0.0664761 1.25697e-05 0)
(0.0664763 1.07732e-05 0)
(0.0664764 9.06641e-06 0)
(0.0664766 7.50759e-06 0)
(0.0664767 6.12532e-06 0)
(0.0664768 4.92806e-06 0)
(0.0664769 3.91114e-06 0)
(0.066477 3.06196e-06 0)
(0.0664771 2.36357e-06 0)
(0.0664771 1.79725e-06 0)
(0.0664772 1.34416e-06 0)
(0.0664772 9.8644e-07 0)
(0.0664773 7.07762e-07 0)
(0.0664773 4.93669e-07 0)
(0.0664773 3.31638e-07 0)
(0.0664773 2.11033e-07 0)
(0.0664773 1.2297e-07 0)
(0.0664773 6.01339e-08 0)
(0.0664773 1.65872e-08 0)
(0.0664773 -1.243e-08 0)
(0.0664773 -3.06852e-08 0)
(0.0664773 -4.11229e-08 0)
(0.0664773 -4.60152e-08 0)
(0.0664773 -4.70909e-08 0)
(0.0664773 -4.56463e-08 0)
(0.0664773 -4.26367e-08 0)
(0.0664773 -3.87521e-08 0)
(0.0664773 -3.44792e-08 0)
(0.0664773 -3.01504e-08 0)
(0.0664773 -2.59829e-08 0)
(0.0664773 -2.21097e-08 0)
(0.0664773 -1.86032e-08 0)
(0.0664773 -1.54933e-08 0)
(0.0664773 -1.2781e-08 0)
(0.0664773 -1.04489e-08 0)
(0.0664773 -8.46843e-09 0)
(0.0664773 -6.80491e-09 0)
(0.0664773 -5.4216e-09 0)
(0.0664773 -4.28202e-09 0)
(0.0664773 -3.35151e-09 0)
(0.0664773 -2.59819e-09 0)
(0.0664773 -1.99343e-09 0)
(0.0664773 -1.51202e-09 0)
(0.0664773 -1.13208e-09 0)
(0.0664773 -8.34888e-10 0)
(0.0664773 -6.04622e-10 0)
(0.0664773 -4.28027e-10 0)
(0.0664773 -2.9412e-10 0)
(0.0664773 -1.93878e-10 0)
(0.0664773 -1.1995e-10 0)
(0.0664773 -6.63977e-11 0)
(0.0664773 -2.84661e-11 0)
(0.0664773 -2.37534e-12 0)
(0.0664773 1.48519e-11 0)
(0.0664773 2.55452e-11 0)
(0.0664773 3.15047e-11 0)
(0.0664773 3.41136e-11 0)
(0.0664773 3.44166e-11 0)
(0.0664773 3.31927e-11 0)
(0.0664773 3.10185e-11 0)
(0.0664773 2.8309e-11 0)
(0.0664773 2.53605e-11 0)
(0.0664773 2.23762e-11 0)
(0.0664773 1.94897e-11 0)
(0.0664773 1.67865e-11 0)
(0.0664773 1.43146e-11 0)
(0.0664773 1.2097e-11 0)
(0.0664773 1.01388e-11 0)
(0.0664773 8.4294e-12 0)
(0.0664773 6.95474e-12 0)
(0.0664773 5.69429e-12 0)
(0.0664773 4.62868e-12 0)
(0.0664773 3.73688e-12 0)
(0.0664773 2.99511e-12 0)
(0.0664773 2.38327e-12 0)
(0.0664773 1.87983e-12 0)
(0.0664773 1.4675e-12 0)
(0.0664773 1.1291e-12 0)
(0.0664773 8.49088e-13 0)
(0.0664773 6.13394e-13 0)
(0.0664773 4.10268e-13 0)
(0.0664773 2.32812e-13 0)
(0.0664773 7.47631e-14 0)
(0.0664773 -6.9987e-14 0)
(0.0664773 -2.04994e-13 0)
(0.0664773 -3.35192e-13 0)
(0.0664773 -4.61808e-13 0)
(0.0664773 -5.88619e-13 0)
(0.0664773 -7.21025e-13 0)
(0.0664773 -8.61581e-13 0)
(0.0664773 -1.01507e-12 0)
(0.0664773 -1.18202e-12 0)
(0.0664773 -1.36187e-12 0)
(0.0664773 -1.55217e-12 0)
(0.0664773 -1.74531e-12 0)
(0.0664773 -1.92462e-12 0)
(0.0664773 -2.06565e-12 0)
(0.0664773 -2.14389e-12 0)
(0.0664773 -1.88741e-12 0)
(0.0664773 -2.09996e-12 0)
(0.0931434 -0.00240974 0)
(0.0932925 -0.00296366 0)
(0.0936937 -0.00330301 0)
(0.0942803 -0.00355808 0)
(0.0950571 -0.00378541 0)
(0.095968 -0.00402247 0)
(0.0969805 -0.00428827 0)
(0.0980701 -0.00459395 0)
(0.0992213 -0.00494724 0)
(0.100424 -0.00535438 0)
(0.101671 -0.0058208 0)
(0.102957 -0.00635124 0)
(0.104279 -0.00694961 0)
(0.105633 -0.00761884 0)
(0.107015 -0.00836069 0)
(0.10842 -0.00917563 0)
(0.109844 -0.0100626 0)
(0.11128 -0.011019 0)
(0.112722 -0.0120402 0)
(0.114162 -0.0131191 0)
(0.11559 -0.0142463 0)
(0.116992 -0.0154096 0)
(0.118354 -0.0165937 0)
(0.119653 -0.0177815 0)
(0.120863 -0.0189538 0)
(0.121953 -0.0200903 0)
(0.122886 -0.0211684 0)
(0.123619 -0.0221628 0)
(0.124105 -0.0230435 0)
(0.124288 -0.0237768 0)
(0.124107 -0.0243264 0)
(0.1235 -0.0246549 0)
(0.122403 -0.0247243 0)
(0.120756 -0.024498 0)
(0.118512 -0.0239449 0)
(0.115644 -0.0230445 0)
(0.112161 -0.0217919 0)
(0.108122 -0.0202029 0)
(0.103639 -0.018318 0)
(0.0988773 -0.0162017 0)
(0.0940428 -0.0139373 0)
(0.0893519 -0.0116156 0)
(0.0850019 -0.00932215 0)
(0.0811448 -0.00712498 0)
(0.0778744 -0.00506691 0)
(0.0752257 -0.00316513 0)
(0.0731867 -0.00141649 0)
(0.0717127 0.0001943 0)
(0.0707418 0.00168675 0)
(0.0702056 0.00307883 0)
(0.0700367 0.0043838 0)
(0.0701722 0.00560912 0)
(0.0705546 0.00675658 0)
(0.0711318 0.00782305 0)
(0.0718556 0.00880137 0)
(0.0726806 0.00968115 0)
(0.0735633 0.0104494 0)
(0.0744604 0.0110908 0)
(0.0753292 0.0115884 0)
(0.0761261 0.0119235 0)
(0.0768081 0.0120765 0)
(0.0773329 0.0120278 0)
(0.0776617 0.0117599 0)
(0.0777615 0.0112603 0)
(0.0776094 0.0105263 0)
(0.0771966 0.0095701 0)
(0.0765319 0.00842264 0)
(0.0756439 0.0071355 0)
(0.0745807 0.00577718 0)
(0.0734062 0.00442441 0)
(0.0721941 0.00315028 0)
(0.0710178 0.00201352 0)
(0.0699403 0.00105231 0)
(0.0690053 0.00028386 0)
(0.0682334 -0.000292302 0)
(0.0676237 -0.00068972 0)
(0.0671599 -0.000930729 0)
(0.0668173 -0.00104282 0)
(0.0665691 -0.00105553 0)
(0.066391 -0.000997647 0)
(0.066263 -0.000895089 0)
(0.0661701 -0.00076938 0)
(0.0661013 -0.000637035 0)
(0.0660493 -0.000509626 0)
(0.0660093 -0.000394368 0)
(0.0659781 -0.000294981 0)
(0.0659535 -0.00021261 0)
(0.0659343 -0.000146679 0)
(0.0659194 -9.55843e-05 0)
(0.065908 -5.72296e-05 0)
(0.0658995 -2.93876e-05 0)
(0.0658933 -9.93213e-06 0)
(0.0658889 3.03427e-06 0)
(0.0658861 1.1125e-05 0)
(0.0658843 1.56612e-05 0)
(0.0658834 1.76909e-05 0)
(0.065883 1.80228e-05 0)
(0.0658831 1.72642e-05 0)
(0.0658834 1.58594e-05 0)
(0.0658838 1.41241e-05 0)
(0.0658843 1.22749e-05 0)
(0.0658849 1.04539e-05 0)
(0.0658854 8.74878e-06 0)
(0.0658859 7.20824e-06 0)
(0.0658863 5.85377e-06 0)
(0.0658867 4.68878e-06 0)
(0.065887 3.70518e-06 0)
(0.0658873 2.88811e-06 0)
(0.0658875 2.2193e-06 0)
(0.0658876 1.67934e-06 0)
(0.0658878 1.24916e-06 0)
(0.0658879 9.10925e-07 0)
(0.065888 6.48537e-07 0)
(0.0658881 4.47847e-07 0)
(0.0658881 2.96689e-07 0)
(0.0658881 1.84787e-07 0)
(0.0658882 1.03599e-07 0)
(0.0658882 4.6126e-08 0)
(0.0658882 6.7065e-09 0)
(0.0658882 -1.91789e-08 0)
(0.0658882 -3.5094e-08 0)
(0.0658882 -4.38139e-08 0)
(0.0658882 -4.7471e-08 0)
(0.0658882 -4.76812e-08 0)
(0.0658882 -4.56502e-08 0)
(0.0658882 -4.22616e-08 0)
(0.0658882 -3.81497e-08 0)
(0.0658882 -3.37577e-08 0)
(0.0658882 -2.93851e-08 0)
(0.0658882 -2.52246e-08 0)
(0.0658882 -2.13906e-08 0)
(0.0658882 -1.79423e-08 0)
(0.0658882 -1.49002e-08 0)
(0.0658882 -1.22588e-08 0)
(0.0658882 -9.99626e-09 0)
(0.0658882 -8.08126e-09 0)
(0.0658882 -6.47764e-09 0)
(0.0658882 -5.14789e-09 0)
(0.0658882 -4.0553e-09 0)
(0.0658882 -3.16542e-09 0)
(0.0658882 -2.44676e-09 0)
(0.0658882 -1.87125e-09 0)
(0.0658882 -1.41425e-09 0)
(0.0658882 -1.05451e-09 0)
(0.0658882 -7.73877e-10 0)
(0.0658882 -5.57067e-10 0)
(0.0658882 -3.91317e-10 0)
(0.0658882 -2.66077e-10 0)
(0.0658882 -1.72702e-10 0)
(0.0658882 -1.0417e-10 0)
(0.0658882 -5.48194e-11 0)
(0.0658882 -2.01286e-11 0)
(0.0658882 3.48983e-12 0)
(0.0658882 1.88534e-11 0)
(0.0658882 2.81578e-11 0)
(0.0658882 3.30988e-11 0)
(0.0658882 3.49712e-11 0)
(0.0658882 3.47549e-11 0)
(0.0658882 3.31763e-11 0)
(0.0658882 3.0768e-11 0)
(0.0658882 2.7915e-11 0)
(0.0658882 2.48873e-11 0)
(0.0658882 2.18711e-11 0)
(0.0658882 1.8985e-11 0)
(0.0658882 1.63029e-11 0)
(0.0658882 1.38646e-11 0)
(0.0658882 1.16865e-11 0)
(0.0658882 9.76951e-12 0)
(0.0658882 8.10192e-12 0)
(0.0658882 6.66663e-12 0)
(0.0658882 5.4439e-12 0)
(0.0658882 4.41302e-12 0)
(0.0658882 3.5534e-12 0)
(0.0658882 2.84228e-12 0)
(0.0658882 2.25681e-12 0)
(0.0658882 1.7784e-12 0)
(0.0658882 1.38727e-12 0)
(0.0658882 1.06635e-12 0)
(0.0658882 8.00768e-13 0)
(0.0658882 5.76693e-13 0)
(0.0658882 3.82897e-13 0)
(0.0658882 2.1273e-13 0)
(0.0658882 5.91214e-14 0)
(0.0658882 -8.30686e-14 0)
(0.0658882 -2.18651e-13 0)
(0.0658882 -3.52842e-13 0)
(0.0658882 -4.88196e-13 0)
(0.0658882 -6.30949e-13 0)
(0.0658882 -7.85035e-13 0)
(0.0658882 -9.59365e-13 0)
(0.0658882 -1.16057e-12 0)
(0.0658882 -1.39485e-12 0)
(0.0658882 -1.672e-12 0)
(0.0658882 -2.001e-12 0)
(0.0658882 -2.39851e-12 0)
(0.0658882 -2.87592e-12 0)
(0.0658882 -3.4711e-12 0)
(0.0658882 -4.17782e-12 0)
(0.0658882 -5.19504e-12 0)
(0.0658882 -5.71515e-12 0)
(0.128271 -0.00237128 0)
(0.128247 -0.00295231 0)
(0.128211 -0.00341172 0)
(0.128234 -0.00378065 0)
(0.128324 -0.00410304 0)
(0.128478 -0.00441103 0)
(0.128685 -0.00472701 0)
(0.128935 -0.00506681 0)
(0.129217 -0.00544224 0)
(0.129522 -0.00586267 0)
(0.129845 -0.00633574 0)
(0.130177 -0.0068677 0)
(0.130514 -0.00746349 0)
(0.130848 -0.00812664 0)
(0.131173 -0.00885928 0)
(0.131481 -0.00966202 0)
(0.131765 -0.0105338 0)
(0.132014 -0.0114719 0)
(0.132217 -0.0124713 0)
(0.132362 -0.0135243 0)
(0.132432 -0.0146199 0)
(0.132408 -0.0157428 0)
(0.132262 -0.0168729 0)
(0.131961 -0.0179863 0)
(0.131461 -0.0190556 0)
(0.130713 -0.0200525 0)
(0.129663 -0.0209466 0)
(0.128254 -0.0217042 0)
(0.126423 -0.0222862 0)
(0.124103 -0.0226509 0)
(0.12122 -0.022757 0)
(0.117699 -0.0225655 0)
(0.113479 -0.0220407 0)
(0.108525 -0.0211556 0)
(0.102857 -0.0198998 0)
(0.0965769 -0.0182868 0)
(0.0898768 -0.0163617 0)
(0.0830337 -0.0142085 0)
(0.0763724 -0.011949 0)
(0.0702099 -0.00972334 0)
(0.0647953 -0.00765492 0)
(0.0602721 -0.00581922 0)
(0.0566738 -0.00423316 0)
(0.0539484 -0.00286621 0)
(0.0519954 -0.00166333 0)
(0.0506974 -0.000567192 0)
(0.0499422 0.000468244 0)
(0.0496326 0.0014732 0)
(0.0496899 0.00246339 0)
(0.0500514 0.00344368 0)
(0.0506671 0.00441177 0)
(0.0514964 0.00536101 0)
(0.0525043 0.00628221 0)
(0.0536596 0.00716462 0)
(0.0549323 0.0079964 0)
(0.0562932 0.00876475 0)
(0.0577125 0.00945591 0)
(0.0591591 0.0100551 0)
(0.060601 0.0105462 0)
(0.0620047 0.0109119 0)
(0.0633353 0.0111335 0)
(0.0645578 0.0111914 0)
(0.0656375 0.0110667 0)
(0.0665427 0.010743 0)
(0.067247 0.0102108 0)
(0.0677335 0.00947161 0)
(0.0679985 0.00854239 0)
(0.0680548 0.00745757 0)
(0.0679326 0.00626741 0)
(0.0676764 0.0050327 0)
(0.0673382 0.00381733 0)
(0.066968 0.00268068 0)
(0.0666054 0.00167166 0)
(0.0662746 0.000824635 0)
(0.0659853 0.000157422 0)
(0.0657366 -0.000328675 0)
(0.0655222 -0.000646845 0)
(0.0653353 -0.000821008 0)
(0.0651704 -0.000881128 0)
(0.0650242 -0.000858568 0)
(0.0648952 -0.000782359 0)
(0.0647829 -0.000676823 0)
(0.0646867 -0.000560555 0)
(0.0646062 -0.000446485 0)
(0.0645401 -0.000342618 0)
(0.0644872 -0.000253087 0)
(0.0644457 -0.00017924 0)
(0.0644141 -0.000120606 0)
(0.0643905 -7.56612e-05 0)
(0.0643735 -4.239e-05 0)
(0.0643617 -1.86625e-05 0)
(0.0643537 -2.46338e-06 0)
(0.0643488 7.98673e-06 0)
(0.064346 1.41825e-05 0)
(0.0643448 1.73322e-05 0)
(0.0643446 1.83811e-05 0)
(0.064345 1.80477e-05 0)
(0.0643459 1.68634e-05 0)
(0.064347 1.52094e-05 0)
(0.0643482 1.33511e-05 0)
(0.0643493 1.14657e-05 0)
(0.0643503 9.66564e-06 0)
(0.0643513 8.01631e-06 0)
(0.0643522 6.55042e-06 0)
(0.0643529 5.27839e-06 0)
(0.0643535 4.19623e-06 0)
(0.064354 3.29117e-06 0)
(0.0643544 2.54567e-06 0)
(0.0643548 1.94019e-06 0)
(0.064355 1.45495e-06 0)
(0.0643552 1.07115e-06 0)
(0.0643554 7.71564e-07 0)
(0.0643555 5.40901e-07 0)
(0.0643556 3.65898e-07 0)
(0.0643557 2.35267e-07 0)
(0.0643557 1.39558e-07 0)
(0.0643558 7.09824e-08 0)
(0.0643558 2.32009e-08 0)
(0.0643558 -8.87613e-09 0)
(0.0643558 -2.92856e-08 0)
(0.0643558 -4.11897e-08 0)
(0.0643558 -4.70335e-08 0)
(0.0643558 -4.86825e-08 0)
(0.0643558 -4.75391e-08 0)
(0.0643558 -4.46401e-08 0)
(0.0643558 -4.07373e-08 0)
(0.0643558 -3.63633e-08 0)
(0.0643558 -3.18841e-08 0)
(0.0643558 -2.75411e-08 0)
(0.0643558 -2.3484e-08 0)
(0.0643558 -1.97965e-08 0)
(0.0643558 -1.65156e-08 0)
(0.0643558 -1.36466e-08 0)
(0.0643558 -1.11741e-08 0)
(0.0643558 -9.07e-09 0)
(0.0643558 -7.29939e-09 0)
(0.0643558 -5.82451e-09 0)
(0.0643558 -4.60752e-09 0)
(0.0643558 -3.61225e-09 0)
(0.0643558 -2.80528e-09 0)
(0.0643558 -2.15648e-09 0)
(0.0643558 -1.63922e-09 0)
(0.0643558 -1.23036e-09 0)
(0.0643558 -9.10016e-10 0)
(0.0643558 -6.61376e-10 0)
(0.0643558 -4.70324e-10 0)
(0.0643558 -3.25142e-10 0)
(0.0643558 -2.16186e-10 0)
(0.0643558 -1.35595e-10 0)
(0.0643558 -7.70041e-11 0)
(0.0643558 -3.53127e-11 0)
(0.0643558 -6.46039e-12 0)
(0.0643558 1.27585e-11 0)
(0.0643558 2.48495e-11 0)
(0.0643558 3.17585e-11 0)
(0.0643558 3.49771e-11 0)
(0.0643558 3.56409e-11 0)
(0.0643558 3.45997e-11 0)
(0.0643558 3.24836e-11 0)
(0.0643558 2.9751e-11 0)
(0.0643558 2.67266e-11 0)
(0.0643558 2.36375e-11 0)
(0.0643558 2.06323e-11 0)
(0.0643558 1.78069e-11 0)
(0.0643558 1.52153e-11 0)
(0.0643558 1.28817e-11 0)
(0.0643558 1.08143e-11 0)
(0.0643558 9.0041e-12 0)
(0.0643558 7.43769e-12 0)
(0.0643558 6.09711e-12 0)
(0.0643558 4.96017e-12 0)
(0.0643558 4.00735e-12 0)
(0.0643558 3.21516e-12 0)
(0.0643558 2.5628e-12 0)
(0.0643558 2.02856e-12 0)
(0.0643558 1.5949e-12 0)
(0.0643558 1.23976e-12 0)
(0.0643558 9.48915e-13 0)
(0.0643558 7.08311e-13 0)
(0.0643558 5.03457e-13 0)
(0.0643558 3.2775e-13 0)
(0.0643558 1.70645e-13 0)
(0.0643558 2.73437e-14 0)
(0.0643558 -1.06022e-13 0)
(0.0643558 -2.37142e-13 0)
(0.0643558 -3.67924e-13 0)
(0.0643558 -5.06606e-13 0)
(0.0643558 -6.57061e-13 0)
(0.0643558 -8.27078e-13 0)
(0.0643558 -1.02612e-12 0)
(0.0643558 -1.26182e-12 0)
(0.0643558 -1.55064e-12 0)
(0.0643558 -1.9085e-12 0)
(0.0643558 -2.35907e-12 0)
(0.0643558 -2.94138e-12 0)
(0.0643558 -3.6917e-12 0)
(0.0643558 -4.71682e-12 0)
(0.0643558 -6.01101e-12 0)
(0.0643558 -8.38861e-12 0)
(0.0643558 -9.2296e-12 0)
(0.146546 -0.00201219 0)
(0.146298 -0.00248783 0)
(0.145991 -0.00293439 0)
(0.14566 -0.00334258 0)
(0.145329 -0.00372115 0)
(0.145004 -0.00408426 0)
(0.144684 -0.00444618 0)
(0.144363 -0.00481987 0)
(0.144031 -0.00521682 0)
(0.143679 -0.00564711 0)
(0.143301 -0.00611942 0)
(0.142884 -0.00664096 0)
(0.142421 -0.00721746 0)
(0.1419 -0.00785299 0)
(0.141309 -0.00854993 0)
(0.140634 -0.00930888 0)
(0.139859 -0.0101285 0)
(0.138968 -0.0110053 0)
(0.137938 -0.0119329 0)
(0.136747 -0.0129011 0)
(0.135368 -0.0138943 0)
(0.133768 -0.0148899 0)
(0.131908 -0.0158585 0)
(0.129742 -0.0167659 0)
(0.127214 -0.0175772 0)
(0.124257 -0.0182597 0)
(0.1208 -0.0187813 0)
(0.116763 -0.0191054 0)
(0.112061 -0.0191855 0)
(0.106607 -0.0189662 0)
(0.100338 -0.018391 0)
(0.093259 -0.0174132 0)
(0.0854782 -0.0160096 0)
(0.0772247 -0.0142079 0)
(0.068851 -0.0121189 0)
(0.0607893 -0.00993127 0)
(0.0534638 -0.00786373 0)
(0.0471911 -0.00609994 0)
(0.0421115 -0.00473179 0)
(0.0381935 -0.00373787 0)
(0.0352974 -0.00301484 0)
(0.0332434 -0.00243629 0)
(0.0318562 -0.00189886 0)
(0.0309885 -0.00133941 0)
(0.0305286 -0.000730719 0)
(0.0303983 -6.88901e-05 0)
(0.0305453 0.00063866 0)
(0.0309351 0.00138091 0)
(0.0315434 0.00214683 0)
(0.0323518 0.00292643 0)
(0.0333441 0.00371055 0)
(0.0345045 0.00449033 0)
(0.035817 0.00525682 0)
(0.0372645 0.00600064 0)
(0.0388287 0.00671177 0)
(0.0404901 0.00737944 0)
(0.0422275 0.00799198 0)
(0.0440183 0.00853661 0)
(0.0458386 0.00899922 0)
(0.0476629 0.00936416 0)
(0.0494648 0.0096141 0)
(0.0512173 0.00973027 0)
(0.0528935 0.00969334 0)
(0.0544675 0.00948535 0)
(0.0559166 0.00909275 0)
(0.0572226 0.0085104 0)
(0.0583741 0.00774574 0)
(0.0593673 0.0068218 0)
(0.0602056 0.005778 0)
(0.0608972 0.00466775 0)
(0.0614516 0.00355302 0)
(0.0618776 0.00249652 0)
(0.0621822 0.00155329 0)
(0.0623728 0.000763487 0)
(0.0624593 0.000148111 0)
(0.0624562 -0.000291431 0)
(0.0623823 -0.000570265 0)
(0.0622588 -0.000714675 0)
(0.0621068 -0.000756079 0)
(0.0619447 -0.000725797 0)
(0.0617869 -0.000651423 0)
(0.061643 -0.000554967 0)
(0.0615183 -0.000452438 0)
(0.0614148 -0.000354393 0)
(0.0613321 -0.000266948 0)
(0.0612681 -0.000192919 0)
(0.0612203 -0.000132869 0)
(0.0611858 -8.59664e-05 0)
(0.0611618 -5.06297e-05 0)
(0.0611459 -2.49765e-05 0)
(0.0611361 -7.11244e-06 0)
(0.0611307 4.70177e-06 0)
(0.0611283 1.19688e-05 0)
(0.061128 1.59294e-05 0)
(0.0611289 1.75717e-05 0)
(0.0611307 1.76576e-05 0)
(0.0611328 1.67581e-05 0)
(0.0611351 1.52883e-05 0)
(0.0611373 1.35408e-05 0)
(0.0611393 1.17144e-05 0)
(0.0611412 9.93769e-06 0)
(0.0611428 8.28839e-06 0)
(0.0611442 6.80796e-06 0)
(0.0611454 5.51308e-06 0)
(0.0611463 4.40411e-06 0)
(0.0611471 3.47119e-06 0)
(0.0611478 2.69864e-06 0)
(0.0611483 2.06804e-06 0)
(0.0611487 1.56024e-06 0)
(0.061149 1.15665e-06 0)
(0.0611492 8.40067e-07 0)
(0.0611494 5.95066e-07 0)
(0.0611496 4.0815e-07 0)
(0.0611496 2.6776e-07 0)
(0.0611497 1.64166e-07 0)
(0.0611498 8.93004e-08 0)
(0.0611498 3.65673e-08 0)
(0.0611498 6.4411e-10 0)
(0.0611498 -2.27109e-08 0)
(0.0611498 -3.68363e-08 0)
(0.0611498 -4.43263e-08 0)
(0.0611498 -4.71709e-08 0)
(0.0611498 -4.68745e-08 0)
(0.0611498 -4.45567e-08 0)
(0.0611498 -4.10356e-08 0)
(0.0611498 -3.68962e-08 0)
(0.0611498 -3.25452e-08 0)
(0.0611498 -2.82555e-08 0)
(0.0611498 -2.42007e-08 0)
(0.0611498 -2.04822e-08 0)
(0.0611498 -1.71502e-08 0)
(0.0611498 -1.42193e-08 0)
(0.0611498 -1.16808e-08 0)
(0.0611498 -9.51111e-09 0)
(0.0611498 -7.67806e-09 0)
(0.0611498 -6.14563e-09 0)
(0.0611498 -4.87688e-09 0)
(0.0611498 -3.83594e-09 0)
(0.0611498 -2.98932e-09 0)
(0.0611498 -2.30654e-09 0)
(0.0611498 -1.76053e-09 0)
(0.0611498 -1.32758e-09 0)
(0.0611498 -9.87279e-10 0)
(0.0611498 -7.22235e-10 0)
(0.0611498 -5.17822e-10 0)
(0.0611498 -3.61849e-10 0)
(0.0611498 -2.44252e-10 0)
(0.0611498 -1.56796e-10 0)
(0.0611498 -9.28009e-11 0)
(0.0611498 -4.68902e-11 0)
(0.0611498 -1.47745e-11 0)
(0.0611498 6.94021e-12 0)
(0.0611498 2.09171e-11 0)
(0.0611498 2.92292e-11 0)
(0.0611498 3.34735e-11 0)
(0.0611498 3.48713e-11 0)
(0.0611498 3.43416e-11 0)
(0.0611498 3.25701e-11 0)
(0.0611498 3.00585e-11 0)
(0.0611498 2.71657e-11 0)
(0.0611498 2.4146e-11 0)
(0.0611498 2.11675e-11 0)
(0.0611498 1.83399e-11 0)
(0.0611498 1.57277e-11 0)
(0.0611498 1.33624e-11 0)
(0.0611498 1.1256e-11 0)
(0.0611498 9.40394e-12 0)
(0.0611498 7.79514e-12 0)
(0.0611498 6.41067e-12 0)
(0.0611498 5.23189e-12 0)
(0.0611498 4.23885e-12 0)
(0.0611498 3.41018e-12 0)
(0.0611498 2.72523e-12 0)
(0.0611498 2.16391e-12 0)
(0.0611498 1.70777e-12 0)
(0.0611498 1.33573e-12 0)
(0.0611498 1.03389e-12 0)
(0.0611498 7.85256e-13 0)
(0.0611498 5.78254e-13 0)
(0.0611498 4.03881e-13 0)
(0.0611498 2.5196e-13 0)
(0.0611498 1.16858e-13 0)
(0.0611498 -8.01762e-15 0)
(0.0611498 -1.27681e-13 0)
(0.0611498 -2.46038e-13 0)
(0.0611498 -3.6888e-13 0)
(0.0611498 -5.00912e-13 0)
(0.0611498 -6.50345e-13 0)
(0.0611498 -8.23666e-13 0)
(0.0611498 -1.03022e-12 0)
(0.0611498 -1.28296e-12 0)
(0.0611498 -1.60085e-12 0)
(0.0611498 -2.0078e-12 0)
(0.0611498 -2.53926e-12 0)
(0.0611498 -3.25922e-12 0)
(0.0611498 -4.20601e-12 0)
(0.0611498 -5.57367e-12 0)
(0.0611498 -7.2451e-12 0)
(0.0611498 -1.10462e-11 0)
(0.0611498 -1.2194e-11 0)
(0.145953 -0.00176268 0)
(0.145558 -0.00217441 0)
(0.145074 -0.00257531 0)
(0.144519 -0.00295234 0)
(0.143905 -0.00330589 0)
(0.143236 -0.00364352 0)
(0.142514 -0.0039757 0)
(0.141733 -0.00431361 0)
(0.140887 -0.00466799 0)
(0.139968 -0.00504845 0)
(0.138964 -0.00546317 0)
(0.137865 -0.0059186 0)
(0.136655 -0.0064193 0)
(0.135318 -0.00696782 0)
(0.133834 -0.00756461 0)
(0.13218 -0.00820808 0)
(0.130331 -0.00889446 0)
(0.128257 -0.00961778 0)
(0.125927 -0.0103694 0)
(0.123306 -0.0111368 0)
(0.120355 -0.0119021 0)
(0.117028 -0.0126384 0)
(0.113264 -0.0133087 0)
(0.108984 -0.0138656 0)
(0.104093 -0.0142566 0)
(0.0984999 -0.0144288 0)
(0.0921382 -0.0143282 0)
(0.0849852 -0.0138858 0)
(0.0770887 -0.0130237 0)
(0.0686118 -0.0117084 0)
(0.0598586 -0.0100116 0)
(0.0512467 -0.00810891 0)
(0.0432446 -0.00623579 0)
(0.0362582 -0.00464082 0)
(0.0304996 -0.00350812 0)
(0.0259708 -0.00287169 0)
(0.0225495 -0.00260978 0)
(0.0200507 -0.00252928 0)
(0.0182602 -0.00246522 0)
(0.0169776 -0.00233006 0)
(0.0160523 -0.00210455 0)
(0.0153929 -0.00180269 0)
(0.014955 -0.00144324 0)
(0.0147226 -0.00103833 0)
(0.0146921 -0.000593543 0)
(0.0148625 -0.000111511 0)
(0.0152315 0.00040522 0)
(0.015795 0.000952932 0)
(0.0165473 0.00152658 0)
(0.0174817 0.00212006 0)
(0.0185906 0.00272651 0)
(0.0198658 0.00333854 0)
(0.021298 0.00394831 0)
(0.0228767 0.00454755 0)
(0.0245901 0.00512746 0)
(0.026425 0.00567859 0)
(0.0283669 0.00619065 0)
(0.0303997 0.00665218 0)
(0.032506 0.00705032 0)
(0.0346671 0.00737048 0)
(0.0368626 0.00759623 0)
(0.0390708 0.00770949 0)
(0.041268 0.00769155 0)
(0.0434282 0.00752491 0)
(0.0455231 0.00719647 0)
(0.0475221 0.00670149 0)
(0.0493926 0.00604785 0)
(0.051101 0.00525905 0)
(0.0526148 0.00437464 0)
(0.0539052 0.00344697 0)
(0.0549514 0.00253449 0)
(0.0557444 0.00169285 0)
(0.0562901 0.000966421 0)
(0.0566101 0.000382449 0)
(0.0567394 -5.07413e-05 0)
(0.0567212 -0.000341497 0)
(0.0566009 -0.000509909 0)
(0.0564205 -0.000582018 0)
(0.0562145 -0.000584733 0)
(0.0560085 -0.000542313 0)
(0.0558189 -0.000474527 0)
(0.0556547 -0.000396163 0)
(0.0555194 -0.000317389 0)
(0.0554123 -0.000244539 0)
(0.0553309 -0.000181013 0)
(0.0552713 -0.00012812 0)
(0.0552294 -8.57919e-05 0)
(0.0552014 -5.31395e-05 0)
(0.0551839 -2.88563e-05 0)
(0.0551741 -1.1497e-05 0)
(0.0551697 3.46116e-07 0)
(0.0551689 7.94274e-06 0)
(0.0551705 1.23781e-05 0)
(0.0551734 1.45415e-05 0)
(0.055177 1.51367e-05 0)
(0.0551809 1.4703e-05 0)
(0.0551846 1.36415e-05 0)
(0.0551881 1.22413e-05 0)
(0.0551913 1.07036e-05 0)
(0.0551941 9.16251e-06 0)
(0.0551965 7.70249e-06 0)
(0.0551985 6.37202e-06 0)
(0.0552001 5.19439e-06 0)
(0.0552015 4.1759e-06 0)
(0.0552026 3.31185e-06 0)
(0.0552035 2.591e-06 0)
(0.0552041 1.99857e-06 0)
(0.0552047 1.51845e-06 0)
(0.0552051 1.13449e-06 0)
(0.0552054 8.31459e-07 0)
(0.0552056 5.95469e-07 0)
(0.0552058 4.1424e-07 0)
(0.0552059 2.77148e-07 0)
(0.055206 1.75175e-07 0)
(0.055206 1.00789e-07 0)
(0.0552061 4.77907e-08 0)
(0.0552061 1.11444e-08 0)
(0.0552061 -1.31868e-08 0)
(0.0552061 -2.83994e-08 0)
(0.0552061 -3.69928e-08 0)
(0.0552061 -4.08962e-08 0)
(0.0552061 -4.15779e-08 0)
(0.055206 -4.01388e-08 0)
(0.055206 -3.73902e-08 0)
(0.055206 -3.3918e-08 0)
(0.055206 -3.0135e-08 0)
(0.055206 -2.63226e-08 0)
(0.055206 -2.26644e-08 0)
(0.055206 -1.9272e-08 0)
(0.055206 -1.62055e-08 0)
(0.055206 -1.3489e-08 0)
(0.055206 -1.11219e-08 0)
(0.055206 -9.08808e-09 0)
(0.055206 -7.36183e-09 0)
(0.055206 -5.9126e-09 0)
(0.055206 -4.70803e-09 0)
(0.055206 -3.7161e-09 0)
(0.055206 -2.9065e-09 0)
(0.055206 -2.25134e-09 0)
(0.055206 -1.72564e-09 0)
(0.055206 -1.30737e-09 0)
(0.055206 -9.77457e-10 0)
(0.055206 -7.19574e-10 0)
(0.055206 -5.19914e-10 0)
(0.055206 -3.66929e-10 0)
(0.055206 -2.51047e-10 0)
(0.055206 -1.64407e-10 0)
(0.055206 -1.00608e-10 0)
(0.055206 -5.44834e-11 0)
(0.055206 -2.18982e-11 0)
(0.055206 4.30431e-13 0)
(0.055206 1.5089e-11 0)
(0.055206 2.40953e-11 0)
(0.055206 2.90136e-11 0)
(0.055206 3.10383e-11 0)
(0.055206 3.10805e-11 0)
(0.055206 2.98188e-11 0)
(0.055206 2.77545e-11 0)
(0.055206 2.52526e-11 0)
(0.055206 2.25683e-11 0)
(0.055206 1.9877e-11 0)
(0.055206 1.72935e-11 0)
(0.055206 1.48855e-11 0)
(0.055206 1.26933e-11 0)
(0.055206 1.07296e-11 0)
(0.055206 8.99609e-12 0)
(0.055206 7.4833e-12 0)
(0.055206 6.1759e-12 0)
(0.055206 5.05977e-12 0)
(0.055206 4.11344e-12 0)
(0.055206 3.32134e-12 0)
(0.055206 2.66291e-12 0)
(0.055206 2.11987e-12 0)
(0.055206 1.677e-12 0)
(0.055206 1.31651e-12 0)
(0.055206 1.02295e-12 0)
(0.055206 7.84194e-13 0)
(0.055206 5.88355e-13 0)
(0.055206 4.24519e-13 0)
(0.055206 2.86e-13 0)
(0.055206 1.65272e-13 0)
(0.055206 5.76121e-14 0)
(0.055206 -4.22485e-14 0)
(0.055206 -1.40493e-13 0)
(0.055206 -2.39645e-13 0)
(0.055206 -3.45744e-13 0)
(0.055206 -4.6287e-13 0)
(0.055206 -5.96974e-13 0)
(0.055206 -7.57219e-13 0)
(0.055206 -9.51638e-13 0)
(0.055206 -1.19665e-12 0)
(0.055206 -1.50813e-12 0)
(0.055206 -1.92351e-12 0)
(0.055206 -2.47302e-12 0)
(0.055206 -3.23495e-12 0)
(0.055206 -4.27318e-12 0)
(0.055206 -5.83757e-12 0)
(0.055206 -7.40882e-12 0)
(0.055206 -1.24531e-11 0)
(0.055206 -1.39103e-11 0)
(0.126476 -0.00145456 0)
(0.12589 -0.00176793 0)
(0.125182 -0.00207509 0)
(0.124357 -0.00236461 0)
(0.123423 -0.00263484 0)
(0.122382 -0.00289084 0)
(0.121237 -0.00314123 0)
(0.119981 -0.00339571 0)
(0.11861 -0.00366351 0)
(0.117113 -0.00395256 0)
(0.115477 -0.00426891 0)
(0.113685 -0.00461652 0)
(0.111717 -0.0049971 0)
(0.109547 -0.00541006 0)
(0.107147 -0.00585261 0)
(0.104482 -0.00631974 0)
(0.101513 -0.00680425 0)
(0.0981982 -0.00729632 0)
(0.0944884 -0.00778211 0)
(0.0903314 -0.00824042 0)
(0.085672 -0.00863562 0)
(0.0804555 -0.00890893 0)
(0.074639 -0.00897839 0)
(0.0682151 -0.00876078 0)
(0.0612394 -0.0082105 0)
(0.0538428 -0.00734595 0)
(0.0462428 -0.00623891 0)
(0.0387727 -0.00498792 0)
(0.031863 -0.00372666 0)
(0.0258773 -0.00263725 0)
(0.020943 -0.00188907 0)
(0.0170042 -0.00154145 0)
(0.0139515 -0.00150405 0)
(0.0116399 -0.00159799 0)
(0.00987846 -0.00167641 0)
(0.00847302 -0.00168949 0)
(0.00727916 -0.00165351 0)
(0.00622235 -0.00159566 0)
(0.00528455 -0.00152969 0)
(0.00447622 -0.00145534 0)
(0.00381271 -0.00136379 0)
(0.00330411 -0.00124327 0)
(0.00295567 -0.00108347 0)
(0.00277124 -0.000878096 0)
(0.00275533 -0.000625503 0)
(0.00291327 -0.000327996 0)
(0.00325037 9.51068e-06 0)
(0.00377092 0.000380789 0)
(0.00447767 0.000779184 0)
(0.00537148 0.00119807 0)
(0.00645134 0.00163098 0)
(0.00771435 0.00207152 0)
(0.00915576 0.00251323 0)
(0.0107691 0.00294942 0)
(0.0125459 0.00337294 0)
(0.0144762 0.003776 0)
(0.0165477 0.00414995 0)
(0.0187463 0.00448504 0)
(0.0210551 0.00477023 0)
(0.0234544 0.00499311 0)
(0.0259211 0.00514001 0)
(0.0284271 0.00519666 0)
(0.0309394 0.0051494 0)
(0.0334186 0.00498725 0)
(0.0358191 0.00470471 0)
(0.0380901 0.00430484 0)
(0.0401783 0.00380169 0)
(0.0420324 0.00322103 0)
(0.043609 0.00259841 0)
(0.0448792 0.00197451 0)
(0.0458335 0.0013888 0)
(0.0464841 0.000873355 0)
(0.0468633 0.000448665 0)
(0.0470185 0.000122414 0)
(0.0470042 -0.000108907 0)
(0.0468749 -0.000256687 0)
(0.0466789 -0.000336472 0)
(0.0464546 -0.000364819 0)
(0.04623 -0.000357144 0)
(0.0460229 -0.000326562 0)
(0.0458429 -0.000283451 0)
(0.0456939 -0.000235502 0)
(0.0455755 -0.000188025 0)
(0.045485 -0.000144364 0)
(0.0454186 -0.00010634 0)
(0.0453719 -7.46605e-05 0)
(0.0453409 -4.92819e-05 0)
(0.0453217 -2.96927e-05 0)
(0.0453112 -1.51348e-05 0)
(0.0453069 -4.75974e-06 0)
(0.0453068 2.26848e-06 0)
(0.0453094 6.71158e-06 0)
(0.0453134 9.22653e-06 0)
(0.0453183 1.0356e-05 0)
(0.0453233 1.0532e-05 0)
(0.0453281 1.00875e-05 0)
(0.0453327 9.27099e-06 0)
(0.0453367 8.26173e-06 0)
(0.0453402 7.18438e-06 0)
(0.0453432 6.12169e-06 0)
(0.0453458 5.12515e-06 0)
(0.0453479 4.22363e-06 0)
(0.0453496 3.43016e-06 0)
(0.045351 2.74709e-06 0)
(0.045352 2.16995e-06 0)
(0.0453529 1.69026e-06 0)
(0.0453536 1.29744e-06 0)
(0.0453541 9.80214e-07 0)
(0.0453544 7.27461e-07 0)
(0.0453547 5.28756e-07 0)
(0.0453549 3.74672e-07 0)
(0.045355 2.56911e-07 0)
(0.0453551 1.68326e-07 0)
(0.0453552 1.02874e-07 0)
(0.0453552 5.55233e-08 0)
(0.0453553 2.21475e-08 0)
(0.0453553 -5.94423e-10 0)
(0.0453553 -1.53721e-08 0)
(0.0453553 -2.42922e-08 0)
(0.0453552 -2.89957e-08 0)
(0.0453552 -3.07439e-08 0)
(0.0453552 -3.04924e-08 0)
(0.0453552 -2.89537e-08 0)
(0.0453552 -2.66492e-08 0)
(0.0453552 -2.39524e-08 0)
(0.0453552 -2.11234e-08 0)
(0.0453552 -1.83369e-08 0)
(0.0453552 -1.57042e-08 0)
(0.0453552 -1.32902e-08 0)
(0.0453551 -1.11273e-08 0)
(0.0453551 -9.22466e-09 0)
(0.0453551 -7.57664e-09 0)
(0.0453551 -6.1679e-09 0)
(0.0453551 -4.97769e-09 0)
(0.0453551 -3.98265e-09 0)
(0.0453551 -3.15883e-09 0)
(0.0453551 -2.48298e-09 0)
(0.0453551 -1.93337e-09 0)
(0.0453551 -1.49023e-09 0)
(0.0453551 -1.13597e-09 0)
(0.0453551 -8.5519e-10 0)
(0.0453551 -6.34619e-10 0)
(0.0453551 -4.62958e-10 0)
(0.0453551 -3.30691e-10 0)
(0.0453551 -2.29888e-10 0)
(0.0453551 -1.54005e-10 0)
(0.0453551 -9.76825e-11 0)
(0.0453551 -5.65748e-11 0)
(0.0453551 -2.71857e-11 0)
(0.0453551 -6.72632e-12 0)
(0.0453551 7.0079e-12 0)
(0.0453551 1.57494e-11 0)
(0.0453551 2.08428e-11 0)
(0.0453551 2.33272e-11 0)
(0.0453551 2.39934e-11 0)
(0.0453551 2.34374e-11 0)
(0.0453551 2.21032e-11 0)
(0.0453551 2.03134e-11 0)
(0.0453551 1.83008e-11 0)
(0.0453551 1.62274e-11 0)
(0.0453551 1.41985e-11 0)
(0.0453551 1.22841e-11 0)
(0.0453551 1.05231e-11 0)
(0.0453551 8.93343e-12 0)
(0.0453551 7.52128e-12 0)
(0.0453551 6.28172e-12 0)
(0.0453551 5.20676e-12 0)
(0.0453551 4.28286e-12 0)
(0.0453551 3.49644e-12 0)
(0.0453551 2.83397e-12 0)
(0.0453551 2.28026e-12 0)
(0.0453551 1.82188e-12 0)
(0.0453551 1.44439e-12 0)
(0.0453551 1.13569e-12 0)
(0.0453551 8.85154e-13 0)
(0.0453551 6.81181e-13 0)
(0.0453551 5.1574e-13 0)
(0.0453551 3.80109e-13 0)
(0.0453551 2.68007e-13 0)
(0.0453551 1.724e-13 0)
(0.0453551 9.04805e-14 0)
(0.0453551 1.62025e-14 0)
(0.0453551 -5.31553e-14 0)
(0.0453551 -1.21883e-13 0)
(0.0453551 -1.94886e-13 0)
(0.0453551 -2.74236e-13 0)
(0.0453551 -3.65433e-13 0)
(0.0453551 -4.71865e-13 0)
(0.0453551 -5.99878e-13 0)
(0.0453551 -7.61099e-13 0)
(0.0453551 -9.64853e-13 0)
(0.0453551 -1.23856e-12 0)
(0.0453551 -1.59265e-12 0)
(0.0453551 -2.10146e-12 0)
(0.0453551 -2.78505e-12 0)
(0.0453551 -3.65809e-12 0)
(0.0453551 -5.44167e-12 0)
(0.0453551 -6.09469e-12 0)
(0.0453551 -1.15999e-11 0)
(0.0453551 -1.34746e-11 0)
(0.087909 -0.000982337 0)
(0.087088 -0.00118112 0)
(0.0861144 -0.00136261 0)
(0.0849954 -0.00152025 0)
(0.0837408 -0.00165585 0)
(0.0823584 -0.00177675 0)
(0.0808513 -0.00189235 0)
(0.0792172 -0.00201148 0)
(0.0774482 -0.00214081 0)
(0.075531 -0.00228417 0)
(0.0734475 -0.00244236 0)
(0.0711755 -0.00261312 0)
(0.0686897 -0.0027912 0)
(0.0659621 -0.00296851 0)
(0.0629638 -0.00313436 0)
(0.0596659 -0.00327593 0)
(0.0560423 -0.0033789 0)
(0.0520733 -0.00342818 0)
(0.0477521 -0.00340825 0)
(0.0430968 -0.0033033 0)
(0.0381701 -0.00309497 0)
(0.0331075 -0.00276071 0)
(0.0281245 -0.00229035 0)
(0.0234632 -0.00171763 0)
(0.0192985 -0.00112816 0)
(0.0156906 -0.00064114 0)
(0.0126144 -0.000377943 0)
(0.0100353 -0.000387144 0)
(0.00794112 -0.000569519 0)
(0.00629417 -0.000738167 0)
(0.00499615 -0.000777115 0)
(0.0039186 -0.000699524 0)
(0.00295377 -0.0005776 0)
(0.00204547 -0.000476495 0)
(0.00118231 -0.000437405 0)
(0.000365965 -0.000472589 0)
(-0.000409163 -0.000564108 0)
(-0.00115282 -0.000676399 0)
(-0.00186933 -0.000775639 0)
(-0.00255362 -0.000841496 0)
(-0.0031925 -0.000867407 0)
(-0.00376739 -0.000854814 0)
(-0.00425702 -0.000807537 0)
(-0.00463963 -0.00072891 0)
(-0.00489453 -0.000621292 0)
(-0.00500321 -0.000486606 0)
(-0.00495 -0.00032693 0)
(-0.00472234 -0.000144799 0)
(-0.00431075 5.67612e-05 0)
(-0.00370874 0.000274304 0)
(-0.00291263 0.00050406 0)
(-0.00192152 0.00074199 0)
(-0.000737127 0.000983801 0)
(0.000636081 0.00122492 0)
(0.00219087 0.00146043 0)
(0.00391702 0.00168501 0)
(0.00580109 0.00189284 0)
(0.00782597 0.00207755 0)
(0.00997046 0.00223224 0)
(0.0122086 0.00234962 0)
(0.0145092 0.00242227 0)
(0.016835 0.00244333 0)
(0.0191433 0.00240735 0)
(0.0213857 0.00231152 0)
(0.0235105 0.00215693 0)
(0.0254659 0.00194952 0)
(0.0272042 0.00170029 0)
(0.0286875 0.00142447 0)
(0.0298923 0.0011396 0)
(0.0308135 0.000863002 0)
(0.031464 0.000609444 0)
(0.0318732 0.000389487 0)
(0.0320813 0.000208923 0)
(0.0321339 6.91301e-05 0)
(0.0320757 -3.20058e-05 0)
(0.0319471 -9.8966e-05 0)
(0.0317808 -0.000137536 0)
(0.0316019 -0.000153927 0)
(0.0314278 -0.000154126 0)
(0.0312694 -0.000143458 0)
(0.0311325 -0.000126352 0)
(0.0310194 -0.000106258 0)
(0.0309294 -8.56847e-05 0)
(0.0308607 -6.63067e-05 0)
(0.0308102 -4.9116e-05 0)
(0.0307749 -3.45807e-05 0)
(0.0307516 -2.2795e-05 0)
(0.0307377 -1.36082e-05 0)
(0.0307305 -6.72766e-06 0)
(0.0307282 -1.7963e-06 0)
(0.0307292 1.5546e-06 0)
(0.0307323 3.67146e-06 0)
(0.0307365 4.85978e-06 0)
(0.0307412 5.37628e-06 0)
(0.030746 5.42821e-06 0)
(0.0307506 5.17706e-06 0)
(0.0307549 4.7444e-06 0)
(0.0307586 4.21861e-06 0)
(0.0307619 3.66146e-06 0)
(0.0307647 3.11409e-06 0)
(0.030767 2.60213e-06 0)
(0.030769 2.13989e-06 0)
(0.0307705 1.73375e-06 0)
(0.0307718 1.38471e-06 0)
(0.0307728 1.09031e-06 0)
(0.0307735 8.4608e-07 0)
(0.0307741 6.46501e-07 0)
(0.0307746 4.85714e-07 0)
(0.0307749 3.57959e-07 0)
(0.0307752 2.57846e-07 0)
(0.0307753 1.80511e-07 0)
(0.0307755 1.21677e-07 0)
(0.0307755 7.76682e-08 0)
(0.0307756 4.53804e-08 0)
(0.0307756 2.22347e-08 0)
(0.0307756 6.11946e-09 0)
(0.0307756 -4.67077e-09 0)
(0.0307756 -1.14956e-08 0)
(0.0307756 -1.54247e-08 0)
(0.0307756 -1.72887e-08 0)
(0.0307756 -1.77233e-08 0)
(0.0307756 -1.72082e-08 0)
(0.0307756 -1.60986e-08 0)
(0.0307756 -1.46529e-08 0)
(0.0307755 -1.30543e-08 0)
(0.0307755 -1.14286e-08 0)
(0.0307755 -9.85897e-09 0)
(0.0307755 -8.3966e-09 0)
(0.0307755 -7.06994e-09 0)
(0.0307755 -5.89121e-09 0)
(0.0307755 -4.86162e-09 0)
(0.0307755 -3.97519e-09 0)
(0.0307755 -3.22155e-09 0)
(0.0307755 -2.58796e-09 0)
(0.0307755 -2.06071e-09 0)
(0.0307755 -1.62613e-09 0)
(0.0307755 -1.27117e-09 0)
(0.0307755 -9.83779e-10 0)
(0.0307755 -7.53108e-10 0)
(0.0307755 -5.69564e-10 0)
(0.0307755 -4.24819e-10 0)
(0.0307755 -3.11727e-10 0)
(0.0307755 -2.2424e-10 0)
(0.0307755 -1.57282e-10 0)
(0.0307755 -1.06648e-10 0)
(0.0307755 -6.88771e-11 0)
(0.0307755 -4.1148e-11 0)
(0.0307755 -2.11855e-11 0)
(0.0307755 -7.16355e-12 0)
(0.0307755 2.36403e-12 0)
(0.0307755 8.53784e-12 0)
(0.0307755 1.22495e-11 0)
(0.0307755 1.41855e-11 0)
(0.0307755 1.48766e-11 0)
(0.0307755 1.47165e-11 0)
(0.0307755 1.40047e-11 0)
(0.0307755 1.29598e-11 0)
(0.0307755 1.17374e-11 0)
(0.0307755 1.04538e-11 0)
(0.0307755 9.17804e-12 0)
(0.0307755 7.96486e-12 0)
(0.0307755 6.84088e-12 0)
(0.0307755 5.82071e-12 0)
(0.0307755 4.91305e-12 0)
(0.0307755 4.11319e-12 0)
(0.0307755 3.41861e-12 0)
(0.0307755 2.81977e-12 0)
(0.0307755 2.30781e-12 0)
(0.0307755 1.8772e-12 0)
(0.0307755 1.51397e-12 0)
(0.0307755 1.2131e-12 0)
(0.0307755 9.64779e-13 0)
(0.0307755 7.59114e-13 0)
(0.0307755 5.93676e-13 0)
(0.0307755 4.56852e-13 0)
(0.0307755 3.47045e-13 0)
(0.0307755 2.58275e-13 0)
(0.0307755 1.85602e-13 0)
(0.0307755 1.26195e-13 0)
(0.0307755 7.71195e-14 0)
(0.0307755 3.30242e-14 0)
(0.0307755 -3.99269e-15 0)
(0.0307755 -4.03818e-14 0)
(0.0307755 -7.83819e-14 0)
(0.0307755 -1.17992e-13 0)
(0.0307755 -1.65427e-13 0)
(0.0307755 -2.1752e-13 0)
(0.0307755 -2.8079e-13 0)
(0.0307755 -3.60519e-13 0)
(0.0307755 -4.6072e-13 0)
(0.0307755 -5.94037e-13 0)
(0.0307755 -7.7077e-13 0)
(0.0307755 -1.01525e-12 0)
(0.0307755 -1.31848e-12 0)
(0.0307755 -1.89219e-12 0)
(0.0307755 -2.19077e-12 0)
(0.0307755 -3.93454e-12 0)
(0.0307755 -3.60604e-12 0)
(0.0307755 -7.11975e-12 0)
(0.0307755 -9.67406e-12 0)
(0.032251 -0.000298704 0)
(0.0315032 -0.00033403 0)
(0.0306616 -0.000349942 0)
(0.0297478 -0.000350747 0)
(0.0287766 -0.00034435 0)
(0.027753 -0.00033861 0)
(0.0266741 -0.000338737 0)
(0.0255324 -0.000346414 0)
(0.0243186 -0.000360192 0)
(0.0230246 -0.000376364 0)
(0.0216449 -0.000389801 0)
(0.020179 -0.000394544 0)
(0.0186322 -0.000384242 0)
(0.0170172 -0.000352727 0)
(0.0153546 -0.000294966 0)
(0.0136725 -0.000208426 0)
(0.0120039 -9.48202e-05 0)
(0.0103841 3.75592e-05 0)
(0.00884425 0.000170534 0)
(0.00740472 0.000272792 0)
(0.00606918 0.000302647 0)
(0.00483118 0.000227407 0)
(0.00369555 5.73865e-05 0)
(0.0026926 -0.000140137 0)
(0.00186879 -0.000277716 0)
(0.00125706 -0.000305832 0)
(0.000837888 -0.000235043 0)
(0.000531688 -0.000109579 0)
(0.000252837 2.56629e-05 0)
(-2.77323e-05 0.000133598 0)
(-0.000288258 0.000186152 0)
(-0.000509975 0.000174109 0)
(-0.000702157 0.000113899 0)
(-0.000888212 3.7449e-05 0)
(-0.00109179 -2.82904e-05 0)
(-0.00133433 -7.31054e-05 0)
(-0.00163257 -0.000100531 0)
(-0.00199369 -0.000119134 0)
(-0.00241371 -0.000136181 0)
(-0.00288042 -0.000155161 0)
(-0.00337763 -0.00017598 0)
(-0.00388802 -0.000196379 0)
(-0.00439407 -0.000213449 0)
(-0.00487808 -0.000224671 0)
(-0.00532214 -0.000228389 0)
(-0.00570848 -0.000223843 0)
(-0.00602006 -0.000210987 0)
(-0.00624119 -0.000190244 0)
(-0.00635801 -0.00016231 0)
(-0.00635881 -0.000128023 0)
(-0.00623429 -8.83041e-05 0)
(-0.00597764 -4.41336e-05 0)
(-0.00558466 3.44332e-06 0)
(-0.00505385 5.33056e-05 0)
(-0.0043866 0.000104242 0)
(-0.00358729 0.000154939 0)
(-0.00266353 0.000203978 0)
(-0.00162642 0.000249837 0)
(-0.00049079 0.00029092 0)
(0.00072456 0.000325602 0)
(0.00199677 0.00035232 0)
(0.00329908 0.00036969 0)
(0.00460136 0.000376667 0)
(0.00587125 0.000372708 0)
(0.00707596 0.000357911 0)
(0.00818458 0.0003331 0)
(0.0091708 0.000299815 0)
(0.0100154 0.000260206 0)
(0.0107082 0.000216838 0)
(0.0112482 0.000172429 0)
(0.0116436 0.00012956 0)
(0.0119097 9.04125e-05 0)
(0.0120662 5.65638e-05 0)
(0.0121352 2.88971e-05 0)
(0.0121387 7.62796e-06 0)
(0.0120969 -7.57742e-06 0)
(0.0120272 -1.74353e-05 0)
(0.0119434 -2.28737e-05 0)
(0.0118561 -2.48878e-05 0)
(0.0117726 -2.44323e-05 0)
(0.0116975 -2.23527e-05 0)
(0.0116333 -1.93475e-05 0)
(0.0115808 -1.59573e-05 0)
(0.0115395 -1.25704e-05 0)
(0.0115084 -9.44126e-06 0)
(0.0114862 -6.71489e-06 0)
(0.0114712 -4.45266e-06 0)
(0.011462 -2.65715e-06 0)
(0.0114571 -1.29324e-06 0)
(0.0114554 -3.05036e-07 0)
(0.0114558 3.71681e-07 0)
(0.0114577 8.01004e-07 0)
(0.0114604 1.04171e-06 0)
(0.0114635 1.14456e-06 0)
(0.0114667 1.15139e-06 0)
(0.0114698 1.09529e-06 0)
(0.0114726 1.00144e-06 0)
(0.0114752 8.8833e-07 0)
(0.0114774 7.68945e-07 0)
(0.0114794 6.5197e-07 0)
(0.011481 5.42818e-07 0)
(0.0114823 4.44506e-07 0)
(0.0114834 3.58353e-07 0)
(0.0114842 2.84533e-07 0)
(0.0114849 2.22483e-07 0)
(0.0114854 1.71209e-07 0)
(0.0114858 1.29499e-07 0)
(0.0114861 9.60739e-08 0)
(0.0114864 6.96783e-08 0)
(0.0114865 4.91435e-08 0)
(0.0114866 3.34171e-08 0)
(0.0114867 2.15776e-08 0)
(0.0114868 1.28354e-08 0)
(0.0114868 6.52618e-09 0)
(0.0114868 2.10048e-09 0)
(0.0114868 -8.89634e-10 0)
(0.0114868 -2.8041e-09 0)
(0.0114868 -3.92817e-09 0)
(0.0114868 -4.48478e-09 0)
(0.0114868 -4.64569e-09 0)
(0.0114868 -4.54118e-09 0)
(0.0114868 -4.2684e-09 0)
(0.0114868 -3.89838e-09 0)
(0.0114867 -3.48183e-09 0)
(0.0114867 -3.05387e-09 0)
(0.0114867 -2.6379e-09 0)
(0.0114867 -2.24855e-09 0)
(0.0114867 -1.89414e-09 0)
(0.0114867 -1.57847e-09 0)
(0.0114867 -1.30224e-09 0)
(0.0114867 -1.06412e-09 0)
(0.0114867 -8.61499e-10 0)
(0.0114867 -6.91081e-10 0)
(0.0114867 -5.49259e-10 0)
(0.0114867 -4.32399e-10 0)
(0.0114867 -3.37012e-10 0)
(0.0114867 -2.59861e-10 0)
(0.0114867 -1.98023e-10 0)
(0.0114867 -1.4891e-10 0)
(0.0114867 -1.10271e-10 0)
(0.0114867 -8.01717e-11 0)
(0.0114867 -5.69707e-11 0)
(0.0114867 -3.92942e-11 0)
(0.0114867 -2.60026e-11 0)
(0.0114867 -1.61559e-11 0)
(0.0114867 -8.9923e-12 0)
(0.0114867 -3.89676e-12 0)
(0.0114867 -3.74258e-13 0)
(0.0114867 1.96231e-12 0)
(0.0114867 3.42375e-12 0)
(0.0114867 4.24649e-12 0)
(0.0114867 4.61445e-12 0)
(0.0114867 4.6679e-12 0)
(0.0114867 4.50961e-12 0)
(0.0114867 4.22095e-12 0)
(0.0114867 3.85521e-12 0)
(0.0114867 3.45775e-12 0)
(0.0114867 3.05299e-12 0)
(0.0114867 2.6595e-12 0)
(0.0114867 2.29279e-12 0)
(0.0114867 1.95536e-12 0)
(0.0114867 1.6556e-12 0)
(0.0114867 1.39033e-12 0)
(0.0114867 1.15768e-12 0)
(0.0114867 9.57633e-13 0)
(0.0114867 7.85225e-13 0)
(0.0114867 6.40656e-13 0)
(0.0114867 5.1892e-13 0)
(0.0114867 4.17034e-13 0)
(0.0114867 3.33005e-13 0)
(0.0114867 2.6252e-13 0)
(0.0114867 2.07106e-13 0)
(0.0114867 1.6175e-13 0)
(0.0114867 1.23502e-13 0)
(0.0114867 9.34691e-14 0)
(0.0114867 6.87048e-14 0)
(0.0114867 5.02101e-14 0)
(0.0114867 3.48442e-14 0)
(0.0114867 2.31775e-14 0)
(0.0114867 1.32654e-14 0)
(0.0114867 4.91466e-15 0)
(0.0114867 -2.79893e-15 0)
(0.0114867 -1.03628e-14 0)
(0.0114867 -1.65927e-14 0)
(0.0114867 -2.53952e-14 0)
(0.0114867 -3.49332e-14 0)
(0.0114867 -4.58269e-14 0)
(0.0114867 -6.06679e-14 0)
(0.0114867 -7.69438e-14 0)
(0.0114867 -1.00729e-13 0)
(0.0114867 -1.31626e-13 0)
(0.0114867 -1.72632e-13 0)
(0.0114867 -2.38337e-13 0)
(0.0114867 -2.93295e-13 0)
(0.0114867 -4.70031e-13 0)
(0.0114867 -4.5644e-13 0)
(0.0114867 -9.89255e-13 0)
(0.0114867 -7.46878e-13 0)
(0.0114867 -1.07943e-12 0)
(0.0114867 -2.40896e-12 0)
)
;

boundaryField
{
    inlet
    {
        type            fixedProfile;
        profile         table
        
21
(
(0 (0 0 0))
(0.05 (0.0285 0 0))
(0.1 (0.054 0 0))
(0.15 (0.0765 0 0))
(0.2 (0.096 0 0))
(0.25 (0.1125 0 0))
(0.3 (0.126 0 0))
(0.35 (0.1365 0 0))
(0.4 (0.144 0 0))
(0.45 (0.1485 0 0))
(0.5 (0.15 0 0))
(0.55 (0.1485 0 0))
(0.6 (0.144 0 0))
(0.65 (0.1365 0 0))
(0.7 (0.126 0 0))
(0.75 (0.1125 0 0))
(0.8 (0.096 0 0))
(0.85 (0.0765 0 0))
(0.9 (0.054 0 0))
(0.95 (0.0285 0 0))
(1 (0 0 0))
)
;
        direction       (0 1 0);
        origin          1;
        value           nonuniform List<vector> 8((0.034875 0 0) (0.091125 0 0) (0.128625 0 0) (0.147375 0 0) (0.147375 0 0) (0.128625 0 0) (0.091125 0 0) (0.034875 0 0));
    }
    outlet
    {
        type            zeroGradient;
    }
    walls
    {
        type            noSlip;
    }
    symwall
    {
        type            empty;
    }
}


// ************************************************************************* //
