/*--------------------------------*- C++ -*----------------------------------*\
| =========                 |                                                 |
| \\      /  F ield         | OpenFOAM: The Open Source CFD Toolbox           |
|  \\    /   O peration     | Version:  4.1                                   |
|   \\  /    A nd           | Web:      www.OpenFOAM.org                      |
|    \\/     M anipulation  |                                                 |
\*---------------------------------------------------------------------------*/
FoamFile
{
    version     2.0;
    format      ascii;
    class       volVectorField;
    location    "646";
    object      U;
}
// * * * * * * * * * * * * * * * * * * * * * * * * * * * * * * * * * * * * * //

dimensions      [0 1 -1 0 0 0 0];

internalField   nonuniform List<vector> 
3264
(
(-2.65327e-06 -4.8641e-07 0)
(-0.000133168 3.05595e-05 0)
(-0.000389804 4.86622e-05 0)
(-0.0006771 5.1e-05 0)
(-0.000979094 5.27247e-05 0)
(-0.00128516 5.21288e-05 0)
(-0.00158997 5.34271e-05 0)
(-0.00189488 5.40677e-05 0)
(-0.0021953 5.51679e-05 0)
(-0.00249194 5.57891e-05 0)
(-0.00278222 5.63416e-05 0)
(-0.00306634 5.65811e-05 0)
(-0.00334324 5.667e-05 0)
(-0.00361299 5.65707e-05 0)
(-0.00387526 5.6357e-05 0)
(-0.00413018 5.60418e-05 0)
(-0.00437773 5.56644e-05 0)
(-0.00461806 5.52446e-05 0)
(-0.0048513 5.48061e-05 0)
(-0.00507762 5.4365e-05 0)
(-0.00529718 5.39366e-05 0)
(-0.00551014 5.35322e-05 0)
(-0.00571666 5.31611e-05 0)
(-0.00591685 5.28301e-05 0)
(-0.00611081 5.2543e-05 0)
(-0.00629858 5.2301e-05 0)
(-0.00648016 5.21019e-05 0)
(-0.00665548 5.19396e-05 0)
(-0.00682441 5.18041e-05 0)
(-0.00698671 5.16804e-05 0)
(-0.00714205 5.15484e-05 0)
(-0.00729001 5.13825e-05 0)
(-0.00743002 5.11513e-05 0)
(-0.00756141 5.08173e-05 0)
(-0.00768337 5.03378e-05 0)
(-0.00779496 4.96648e-05 0)
(-0.00789508 4.87461e-05 0)
(-0.00798254 4.75265e-05 0)
(-0.008056 4.59493e-05 0)
(-0.00811403 4.39579e-05 0)
(-0.00815511 4.14981e-05 0)
(-0.00817765 3.85204e-05 0)
(-0.00818002 3.49818e-05 0)
(-0.00816059 3.08485e-05 0)
(-0.00811775 2.60974e-05 0)
(-0.00804996 2.07185e-05 0)
(-0.00795576 1.47157e-05 0)
(-0.00783386 8.10813e-06 0)
(-0.0076831 9.30465e-07 0)
(-0.00750256 -6.76701e-06 0)
(-0.00729153 -1.4919e-05 0)
(-0.00704958 -2.34462e-05 0)
(-0.00677654 -3.22566e-05 0)
(-0.00647257 -4.12477e-05 0)
(-0.00613814 -5.03082e-05 0)
(-0.00577402 -5.93209e-05 0)
(-0.00538133 -6.8165e-05 0)
(-0.00496148 -7.67187e-05 0)
(-0.0045162 -8.48624e-05 0)
(-0.00404752 -9.24809e-05 0)
(-0.00355772 -9.94664e-05 0)
(-0.00304932 -0.000105721 0)
(-0.00252507 -0.000111158 0)
(-0.00198788 -0.000115705 0)
(-0.00144081 -0.000119305 0)
(-0.000887005 -0.000121919 0)
(-0.000329682 -0.000123523 0)
(0.000227937 -0.000124113 0)
(0.000782661 -0.000123702 0)
(0.00133137 -0.000122322 0)
(0.00187105 -0.00012002 0)
(0.00239887 -0.000116859 0)
(0.00291215 -0.000112914 0)
(0.00340845 -0.000108273 0)
(0.00388559 -0.000103033 0)
(0.00434165 -9.72959e-05 0)
(0.00477499 -9.11678e-05 0)
(0.0051843 -8.47559e-05 0)
(0.00556853 -7.81657e-05 0)
(0.00592698 -7.14986e-05 0)
(0.00625922 -6.48496e-05 0)
(0.0065651 -5.83056e-05 0)
(0.00684476 -5.19441e-05 0)
(0.00709858 -4.58319e-05 0)
(0.00732716 -4.00245e-05 0)
(0.0075313 -3.45659e-05 0)
(0.00771197 -2.94889e-05 0)
(0.00787029 -2.48154e-05 0)
(0.00800748 -2.05574e-05 0)
(0.00812485 -1.67175e-05 0)
(0.00822378 -1.32908e-05 0)
(0.00830566 -1.02655e-05 0)
(0.00837193 -7.62434e-06 0)
(0.00842397 -5.3461e-06 0)
(0.00846318 -3.40638e-06 0)
(0.00849089 -1.77889e-06 0)
(0.00850839 -4.36307e-07 0)
(0.00851691 6.48922e-07 0)
(0.0085176 1.50392e-06 0)
(0.00851154 2.15487e-06 0)
(0.00849973 2.62667e-06 0)
(0.0084831 2.94261e-06 0)
(0.00846248 3.12426e-06 0)
(0.00843866 3.19137e-06 0)
(0.00841231 3.16184e-06 0)
(0.00838405 3.05182e-06 0)
(0.00835444 2.87568e-06 0)
(0.00832396 2.64622e-06 0)
(0.00829303 2.37469e-06 0)
(0.00826202 2.07099e-06 0)
(0.00823124 1.74372e-06 0)
(0.00820097 1.40036e-06 0)
(0.00817142 1.04735e-06 0)
(0.00814279 6.90198e-07 0)
(0.00811522 3.33597e-07 0)
(0.00808883 -1.85024e-08 0)
(0.00806371 -3.62803e-07 0)
(0.00803992 -6.96589e-07 0)
(0.00801753 -1.01766e-06 0)
(0.00799653 -1.32426e-06 0)
(0.00797696 -1.61505e-06 0)
(0.00795879 -1.88903e-06 0)
(0.00794202 -2.1455e-06 0)
(0.00792661 -2.38406e-06 0)
(0.00791254 -2.60451e-06 0)
(0.00789976 -2.80686e-06 0)
(0.00788822 -2.99132e-06 0)
(0.00787788 -3.1582e-06 0)
(0.00786868 -3.30798e-06 0)
(0.00786057 -3.44121e-06 0)
(0.00785349 -3.55854e-06 0)
(0.00784738 -3.6607e-06 0)
(0.0078422 -3.74844e-06 0)
(0.00783789 -3.82259e-06 0)
(0.00783439 -3.88397e-06 0)
(0.00783166 -3.93346e-06 0)
(0.00782966 -3.97191e-06 0)
(0.00782832 -4.0002e-06 0)
(0.00782763 -4.01918e-06 0)
(0.00782753 -4.02972e-06 0)
(0.00782799 -4.03264e-06 0)
(0.00782899 -4.02877e-06 0)
(0.00783048 -4.01888e-06 0)
(0.00783245 -4.00374e-06 0)
(0.00783488 -3.98408e-06 0)
(0.00783775 -3.96061e-06 0)
(0.00784103 -3.93397e-06 0)
(0.00784473 -3.90481e-06 0)
(0.00784882 -3.87373e-06 0)
(0.00785331 -3.84126e-06 0)
(0.00785818 -3.80795e-06 0)
(0.00786344 -3.77427e-06 0)
(0.00786909 -3.74068e-06 0)
(0.00787513 -3.7076e-06 0)
(0.00788156 -3.67539e-06 0)
(0.00788839 -3.64442e-06 0)
(0.00789563 -3.61499e-06 0)
(0.00790328 -3.5874e-06 0)
(0.00791136 -3.56189e-06 0)
(0.00791988 -3.53867e-06 0)
(0.00792885 -3.51796e-06 0)
(0.00793828 -3.4999e-06 0)
(0.00794818 -3.48465e-06 0)
(0.00795857 -3.47229e-06 0)
(0.00796946 -3.46292e-06 0)
(0.00798087 -3.4566e-06 0)
(0.0079928 -3.45335e-06 0)
(0.00800527 -3.45318e-06 0)
(0.00801829 -3.45606e-06 0)
(0.00803188 -3.46195e-06 0)
(0.00804604 -3.47078e-06 0)
(0.00806078 -3.48243e-06 0)
(0.00807611 -3.49679e-06 0)
(0.00809204 -3.51368e-06 0)
(0.00810858 -3.53291e-06 0)
(0.00812572 -3.55425e-06 0)
(0.00814347 -3.57744e-06 0)
(0.00816183 -3.60215e-06 0)
(0.00818081 -3.62801e-06 0)
(0.00820038 -3.65462e-06 0)
(0.00822056 -3.68148e-06 0)
(0.00824133 -3.70801e-06 0)
(0.00826267 -3.73356e-06 0)
(0.00828458 -3.75735e-06 0)
(0.00830703 -3.77848e-06 0)
(0.00833 -3.7959e-06 0)
(0.00835347 -3.8084e-06 0)
(0.00837739 -3.81453e-06 0)
(0.00840173 -3.8134e-06 0)
(0.00842645 -3.80166e-06 0)
(0.00845149 -3.78598e-06 0)
(0.00847681 -3.74419e-06 0)
(0.00850229 -3.7489e-06 0)
(0.00852811 -3.63411e-06 0)
(0.0085534 -3.86291e-06 0)
(0.00858085 -3.5903e-06 0)
(0.00860327 -4.58367e-06 0)
(0.00863945 -5.14441e-06 0)
(0.00865029 -5.74669e-06 0)
(0.00871504 -1.96695e-05 0)
(-8.33751e-05 0.000136387 0)
(-0.000583043 0.00037926 0)
(-0.00131168 0.000518389 0)
(-0.00208658 0.000562552 0)
(-0.00286668 0.000583611 0)
(-0.00363512 0.000585432 0)
(-0.0043786 0.000585503 0)
(-0.00510002 0.000578961 0)
(-0.00579221 0.000570207 0)
(-0.00645739 0.000558236 0)
(-0.00709287 0.000544843 0)
(-0.00770014 0.000530218 0)
(-0.00827886 0.00051509 0)
(-0.00883018 0.000499698 0)
(-0.00935467 0.000484329 0)
(-0.0098533 0.000469119 0)
(-0.0103268 0.000454176 0)
(-0.0107761 0.000439552 0)
(-0.0112017 0.000425276 0)
(-0.0116043 0.00041135 0)
(-0.0119845 0.000397756 0)
(-0.0123427 0.00038446 0)
(-0.0126791 0.00037141 0)
(-0.0129939 0.000358538 0)
(-0.0132871 0.000345758 0)
(-0.0135587 0.000332967 0)
(-0.0138082 0.000320042 0)
(-0.0140354 0.000306841 0)
(-0.0142395 0.000293202 0)
(-0.0144198 0.000278944 0)
(-0.0145752 0.000263868 0)
(-0.0147047 0.00024776 0)
(-0.0148068 0.000230393 0)
(-0.01488 0.000211534 0)
(-0.0149226 0.000190945 0)
(-0.0149329 0.000168395 0)
(-0.0149088 0.00014366 0)
(-0.0148483 0.000116537 0)
(-0.0147493 8.685e-05 0)
(-0.0146097 5.44542e-05 0)
(-0.0144274 1.92477e-05 0)
(-0.0142003 -1.88237e-05 0)
(-0.0139266 -5.97608e-05 0)
(-0.0136045 -0.000103507 0)
(-0.0132323 -0.000149944 0)
(-0.0128088 -0.000198893 0)
(-0.0123329 -0.000250112 0)
(-0.0118039 -0.0003033 0)
(-0.0112214 -0.0003581 0)
(-0.0105854 -0.000414103 0)
(-0.00989617 -0.000470855 0)
(-0.00915463 -0.000527865 0)
(-0.00836193 -0.00058461 0)
(-0.00751973 -0.000640547 0)
(-0.00663005 -0.00069512 0)
(-0.00569537 -0.000747771 0)
(-0.00471854 -0.000797948 0)
(-0.0037028 -0.000845114 0)
(-0.00265173 -0.000888759 0)
(-0.00156925 -0.000928404 0)
(-0.000459562 -0.000963615 0)
(0.000672879 -0.000994003 0)
(0.00182341 -0.00101924 0)
(0.00298718 -0.00103906 0)
(0.00415925 -0.00105325 0)
(0.00533458 -0.00106169 0)
(0.00650813 -0.00106432 0)
(0.00767487 -0.00106115 0)
(0.00882988 -0.00105228 0)
(0.00996834 -0.00103788 0)
(0.0110856 -0.00101816 0)
(0.0121773 -0.000993436 0)
(0.0132394 -0.000964062 0)
(0.0142679 -0.00093045 0)
(0.0152594 -0.000893055 0)
(0.0162108 -0.000852368 0)
(0.0171194 -0.000808907 0)
(0.017983 -0.000763206 0)
(0.0187996 -0.000715804 0)
(0.0195678 -0.000667238 0)
(0.0202866 -0.00061803 0)
(0.0209554 -0.000568682 0)
(0.0215741 -0.000519665 0)
(0.0221429 -0.000471416 0)
(0.0226622 -0.000424329 0)
(0.0231331 -0.000378752 0)
(0.0235568 -0.000334986 0)
(0.0239346 -0.000293282 0)
(0.0242684 -0.000253842 0)
(0.0245601 -0.000216819 0)
(0.0248117 -0.00018232 0)
(0.0250255 -0.000150407 0)
(0.0252038 -0.000121103 0)
(0.025349 -9.4397e-05 0)
(0.0254635 -7.02437e-05 0)
(0.0255497 -4.85725e-05 0)
(0.0256101 -2.92902e-05 0)
(0.0256469 -1.22857e-05 0)
(0.0256625 2.56572e-06 0)
(0.0256591 1.53988e-05 0)
(0.0256388 2.63544e-05 0)
(0.0256037 3.55767e-05 0)
(0.0255556 4.32105e-05 0)
(0.0254963 4.93986e-05 0)
(0.0254276 5.42807e-05 0)
(0.0253509 5.7991e-05 0)
(0.0252676 6.06577e-05 0)
(0.0251791 6.24021e-05 0)
(0.0250866 6.33377e-05 0)
(0.024991 6.35703e-05 0)
(0.0248934 6.31975e-05 0)
(0.0247945 6.2309e-05 0)
(0.0246952 6.09865e-05 0)
(0.0245961 5.9304e-05 0)
(0.0244977 5.73286e-05 0)
(0.0244006 5.51198e-05 0)
(0.024305 5.2731e-05 0)
(0.0242115 5.02094e-05 0)
(0.0241202 4.75963e-05 0)
(0.0240314 4.49278e-05 0)
(0.0239453 4.22352e-05 0)
(0.023862 3.95453e-05 0)
(0.0237815 3.68806e-05 0)
(0.0237041 3.42603e-05 0)
(0.0236296 3.16999e-05 0)
(0.023558 2.92121e-05 0)
(0.0234895 2.68067e-05 0)
(0.0234239 2.44912e-05 0)
(0.0233612 2.22709e-05 0)
(0.0233013 2.01491e-05 0)
(0.0232441 1.81276e-05 0)
(0.0231897 1.62066e-05 0)
(0.0231379 1.43849e-05 0)
(0.0230886 1.26604e-05 0)
(0.0230417 1.103e-05 0)
(0.0229972 9.48976e-06 0)
(0.022955 8.03519e-06 0)
(0.0229149 6.66117e-06 0)
(0.022877 5.36222e-06 0)
(0.0228411 4.13253e-06 0)
(0.0228073 2.96611e-06 0)
(0.0227753 1.85679e-06 0)
(0.0227452 7.98398e-07 0)
(0.022717 -2.15264e-07 0)
(0.0226905 -1.1903e-06 0)
(0.0226658 -2.1327e-06 0)
(0.0226427 -3.04826e-06 0)
(0.0226214 -3.94259e-06 0)
(0.0226018 -4.82104e-06 0)
(0.0225838 -5.68868e-06 0)
(0.0225675 -6.5503e-06 0)
(0.0225529 -7.41034e-06 0)
(0.0225399 -8.27295e-06 0)
(0.0225286 -9.14188e-06 0)
(0.0225189 -1.00206e-05 0)
(0.022511 -1.09121e-05 0)
(0.0225049 -1.18192e-05 0)
(0.0225004 -1.27442e-05 0)
(0.0224978 -1.36891e-05 0)
(0.0224969 -1.46555e-05 0)
(0.0224979 -1.56448e-05 0)
(0.0225008 -1.66579e-05 0)
(0.0225055 -1.76954e-05 0)
(0.0225122 -1.87576e-05 0)
(0.0225208 -1.98444e-05 0)
(0.0225315 -2.09557e-05 0)
(0.0225441 -2.20906e-05 0)
(0.0225588 -2.32483e-05 0)
(0.0225755 -2.44275e-05 0)
(0.0225944 -2.56267e-05 0)
(0.0226154 -2.68441e-05 0)
(0.0226385 -2.80776e-05 0)
(0.0226637 -2.9325e-05 0)
(0.0226911 -3.05834e-05 0)
(0.0227207 -3.185e-05 0)
(0.0227525 -3.31216e-05 0)
(0.0227864 -3.43947e-05 0)
(0.0228224 -3.56653e-05 0)
(0.0228607 -3.69295e-05 0)
(0.022901 -3.81825e-05 0)
(0.0229435 -3.94196e-05 0)
(0.022988 -4.06352e-05 0)
(0.0230346 -4.18235e-05 0)
(0.0230832 -4.2978e-05 0)
(0.0231337 -4.40913e-05 0)
(0.0231861 -4.51556e-05 0)
(0.0232403 -4.61616e-05 0)
(0.0232963 -4.70996e-05 0)
(0.0233539 -4.79574e-05 0)
(0.023413 -4.87238e-05 0)
(0.0234735 -4.93898e-05 0)
(0.0235353 -4.99171e-05 0)
(0.0235983 -5.04173e-05 0)
(0.0236621 -5.05009e-05 0)
(0.0237269 -5.13571e-05 0)
(0.0237921 -5.02336e-05 0)
(0.0238567 -5.33505e-05 0)
(0.0239264 -5.16627e-05 0)
(0.0239801 -5.38911e-05 0)
(0.0240744 -7.68929e-05 0)
(-0.000178893 0.000645125 0)
(-0.00104328 0.00125431 0)
(-0.00216833 0.00153337 0)
(-0.00330594 0.00157497 0)
(-0.00439469 0.00157036 0)
(-0.00542397 0.00152736 0)
(-0.00637811 0.00148408 0)
(-0.00726822 0.00143212 0)
(-0.00809089 0.00137932 0)
(-0.00885428 0.00132404 0)
(-0.00955977 0.00126881 0)
(-0.0102125 0.00121381 0)
(-0.0108149 0.00115987 0)
(-0.0113704 0.00110718 0)
(-0.0118812 0.00105596 0)
(-0.0123496 0.00100622 0)
(-0.0127775 0.000957939 0)
(-0.0131664 0.000911012 0)
(-0.0135175 0.000865309 0)
(-0.013832 0.000820668 0)
(-0.0141105 0.000776899 0)
(-0.0143537 0.000733794 0)
(-0.0145619 0.00069112 0)
(-0.0147352 0.000648624 0)
(-0.0148736 0.00060603 0)
(-0.0149768 0.00056304 0)
(-0.0150444 0.000519334 0)
(-0.0150757 0.000474568 0)
(-0.0150699 0.000428383 0)
(-0.0150261 0.000380404 0)
(-0.0149431 0.000330244 0)
(-0.0148196 0.000277516 0)
(-0.0146543 0.000221835 0)
(-0.0144458 0.000162832 0)
(-0.0141924 0.00010016 0)
(-0.0138926 3.35079e-05 0)
(-0.0135448 -3.73912e-05 0)
(-0.0131475 -0.000112747 0)
(-0.0126991 -0.000192703 0)
(-0.0121982 -0.000277327 0)
(-0.0116436 -0.000366604 0)
(-0.0110341 -0.000460426 0)
(-0.010369 -0.000558595 0)
(-0.00964738 -0.000660814 0)
(-0.00886899 -0.000766691 0)
(-0.00803371 -0.000875738 0)
(-0.00714175 -0.000987378 0)
(-0.00619364 -0.00110095 0)
(-0.00519028 -0.00121572 0)
(-0.00413295 -0.00133088 0)
(-0.00302324 -0.00144557 0)
(-0.00186318 -0.0015589 0)
(-0.000655108 -0.00166992 0)
(0.000598238 -0.00177769 0)
(0.00189378 -0.00188126 0)
(0.00322811 -0.00197966 0)
(0.00459749 -0.00207199 0)
(0.00599788 -0.00215736 0)
(0.00742498 -0.00223494 0)
(0.00887425 -0.00230396 0)
(0.0103409 -0.00236371 0)
(0.0118201 -0.00241361 0)
(0.0133067 -0.00245313 0)
(0.0147956 -0.00248187 0)
(0.0162816 -0.00249955 0)
(0.0177595 -0.002506 0)
(0.0192241 -0.00250115 0)
(0.0206704 -0.00248511 0)
(0.0220934 -0.00245806 0)
(0.0234885 -0.00242033 0)
(0.0248511 -0.00237237 0)
(0.0261771 -0.00231473 0)
(0.0274623 -0.00224807 0)
(0.0287033 -0.00217314 0)
(0.0298968 -0.00209075 0)
(0.03104 -0.0020018 0)
(0.0321305 -0.00190723 0)
(0.0331661 -0.00180799 0)
(0.0341454 -0.00170508 0)
(0.0350671 -0.00159947 0)
(0.0359305 -0.00149214 0)
(0.0367351 -0.00138402 0)
(0.037481 -0.00127601 0)
(0.0381685 -0.00116895 0)
(0.0387984 -0.0010636 0)
(0.0393717 -0.000960694 0)
(0.0398897 -0.000860841 0)
(0.0403539 -0.000764595 0)
(0.0407662 -0.000672422 0)
(0.0411285 -0.000584704 0)
(0.041443 -0.000501745 0)
(0.0417119 -0.000423769 0)
(0.0419376 -0.000350928 0)
(0.0421227 -0.000283304 0)
(0.0422694 -0.000220917 0)
(0.0423806 -0.00016373 0)
(0.0424585 -0.000111655 0)
(0.0425059 -6.45629e-05 0)
(0.0425251 -2.2285e-05 0)
(0.0425186 1.53763e-05 0)
(0.0424887 4.86434e-05 0)
(0.0424378 7.77569e-05 0)
(0.042368 0.000102971 0)
(0.0422815 0.000124547 0)
(0.0421801 0.000142753 0)
(0.0420659 0.000157854 0)
(0.0419406 0.000170115 0)
(0.0418057 0.000179792 0)
(0.041663 0.000187136 0)
(0.0415137 0.000192385 0)
(0.0413592 0.000195769 0)
(0.0412007 0.000197502 0)
(0.0410392 0.000197788 0)
(0.0408757 0.000196815 0)
(0.0407111 0.000194758 0)
(0.0405462 0.000191777 0)
(0.0403817 0.000188021 0)
(0.0402181 0.000183624 0)
(0.0400561 0.000178705 0)
(0.0398959 0.000173375 0)
(0.0397381 0.00016773 0)
(0.039583 0.000161856 0)
(0.0394307 0.000155828 0)
(0.0392816 0.000149713 0)
(0.0391358 0.000143566 0)
(0.0389934 0.000137437 0)
(0.0388546 0.000131366 0)
(0.0387193 0.000125386 0)
(0.0385876 0.000119525 0)
(0.0384596 0.000113804 0)
(0.0383352 0.000108239 0)
(0.0382144 0.000102843 0)
(0.0380971 9.76216e-05 0)
(0.0379834 9.25793e-05 0)
(0.0378731 8.77163e-05 0)
(0.0377663 8.30302e-05 0)
(0.0376627 7.85164e-05 0)
(0.0375625 7.41677e-05 0)
(0.0374654 6.99757e-05 0)
(0.0373716 6.59304e-05 0)
(0.0372808 6.20205e-05 0)
(0.037193 5.8234e-05 0)
(0.0371083 5.45583e-05 0)
(0.0370265 5.09804e-05 0)
(0.0369476 4.74868e-05 0)
(0.0368716 4.40642e-05 0)
(0.0367985 4.06996e-05 0)
(0.0367282 3.73798e-05 0)
(0.0366608 3.40924e-05 0)
(0.0365962 3.08253e-05 0)
(0.0365344 2.75669e-05 0)
(0.0364755 2.43066e-05 0)
(0.0364195 2.10342e-05 0)
(0.0363663 1.77404e-05 0)
(0.0363161 1.44169e-05 0)
(0.0362688 1.10561e-05 0)
(0.0362245 7.65128e-06 0)
(0.0361832 4.19676e-06 0)
(0.036145 6.8771e-07 0)
(0.0361099 -2.87974e-06 0)
(0.0360779 -6.50855e-06 0)
(0.0360492 -1.02008e-05 0)
(0.0360237 -1.39575e-05 0)
(0.0360016 -1.7779e-05 0)
(0.0359828 -2.16647e-05 0)
(0.0359674 -2.5613e-05 0)
(0.0359554 -2.96218e-05 0)
(0.035947 -3.36877e-05 0)
(0.0359421 -3.78071e-05 0)
(0.0359408 -4.19752e-05 0)
(0.0359431 -4.61865e-05 0)
(0.035949 -5.04351e-05 0)
(0.0359586 -5.47139e-05 0)
(0.0359719 -5.90156e-05 0)
(0.0359888 -6.33318e-05 0)
(0.0360095 -6.76537e-05 0)
(0.0360338 -7.19716e-05 0)
(0.0360619 -7.62752e-05 0)
(0.0360936 -8.05536e-05 0)
(0.036129 -8.47948e-05 0)
(0.036168 -8.89863e-05 0)
(0.0362105 -9.31146e-05 0)
(0.0362566 -9.71652e-05 0)
(0.0363061 -0.000101123 0)
(0.0363591 -0.00010497 0)
(0.0364154 -0.000108688 0)
(0.0364748 -0.000112258 0)
(0.0365374 -0.000115656 0)
(0.036603 -0.000118857 0)
(0.0366715 -0.000121836 0)
(0.0367427 -0.000124554 0)
(0.0368164 -0.000126993 0)
(0.0368924 -0.000129111 0)
(0.0369706 -0.000130804 0)
(0.0370507 -0.000132499 0)
(0.0371319 -0.000132649 0)
(0.0372151 -0.000135669 0)
(0.0372976 -0.000132842 0)
(0.0373772 -0.000136827 0)
(0.0374764 -0.000147802 0)
(-0.000305626 0.00126175 0)
(-0.00151663 0.00231541 0)
(-0.0028707 0.0027237 0)
(-0.00413795 0.00273385 0)
(-0.00523705 0.00266196 0)
(-0.00621714 0.00253286 0)
(-0.00706436 0.00240411 0)
(-0.00781233 0.00226925 0)
(-0.00846253 0.00213927 0)
(-0.00903169 0.0020127 0)
(-0.00952501 0.00189182 0)
(-0.00995144 0.00177623 0)
(-0.0103158 0.00166602 0)
(-0.0106233 0.00156074 0)
(-0.0108775 0.00145997 0)
(-0.0110817 0.00136322 0)
(-0.0112384 0.00127 0)
(-0.0113494 0.00117979 0)
(-0.0114164 0.00109213 0)
(-0.0114407 0.00100652 0)
(-0.0114229 0.000922505 0)
(-0.0113638 0.000839613 0)
(-0.0112637 0.000757378 0)
(-0.0111226 0.000675329 0)
(-0.0109405 0.000592992 0)
(-0.0107171 0.000509883 0)
(-0.0104519 0.000425512 0)
(-0.0101443 0.000339383 0)
(-0.0097936 0.000250999 0)
(-0.00939898 0.000159866 0)
(-0.00895953 6.5498e-05 0)
(-0.00847427 -3.25714e-05 0)
(-0.00794221 -0.000134782 0)
(-0.00736234 -0.000241536 0)
(-0.00673365 -0.000353187 0)
(-0.0060552 -0.000470024 0)
(-0.00532609 -0.000592269 0)
(-0.00454556 -0.000720055 0)
(-0.00371295 -0.000853423 0)
(-0.00282775 -0.000992314 0)
(-0.00188964 -0.00113655 0)
(-0.000898496 -0.00128586 0)
(0.00014557 -0.00143982 0)
(0.00124221 -0.00159791 0)
(0.00239082 -0.0017595 0)
(0.00359051 -0.00192383 0)
(0.00484009 -0.00209003 0)
(0.00613809 -0.00225716 0)
(0.00748273 -0.00242416 0)
(0.00887189 -0.00258992 0)
(0.0103032 -0.00275324 0)
(0.0117739 -0.00291291 0)
(0.0132809 -0.00306764 0)
(0.014821 -0.00321618 0)
(0.0163906 -0.00335723 0)
(0.0179857 -0.00348956 0)
(0.0196022 -0.00361193 0)
(0.0212358 -0.00372318 0)
(0.0228818 -0.00382223 0)
(0.0245355 -0.00390807 0)
(0.0261921 -0.00397981 0)
(0.0278465 -0.00403669 0)
(0.0294937 -0.00407806 0)
(0.0311286 -0.00410343 0)
(0.0327461 -0.00411249 0)
(0.0343412 -0.00410505 0)
(0.035909 -0.00408114 0)
(0.0374448 -0.00404094 0)
(0.0389441 -0.0039848 0)
(0.0404026 -0.00391325 0)
(0.0418163 -0.003827 0)
(0.0431816 -0.00372688 0)
(0.0444952 -0.00361388 0)
(0.0457541 -0.00348913 0)
(0.0469559 -0.00335383 0)
(0.0480985 -0.00320929 0)
(0.0491803 -0.00305687 0)
(0.0501999 -0.00289798 0)
(0.0511567 -0.00273405 0)
(0.0520503 -0.00256648 0)
(0.0528807 -0.00239668 0)
(0.0536482 -0.00222597 0)
(0.0543537 -0.00205564 0)
(0.054998 -0.00188688 0)
(0.0555827 -0.0017208 0)
(0.0561093 -0.0015584 0)
(0.0565795 -0.00140058 0)
(0.0569954 -0.00124811 0)
(0.0573592 -0.00110166 0)
(0.057673 -0.000961778 0)
(0.0579394 -0.000828912 0)
(0.0581606 -0.000703391 0)
(0.0583391 -0.000585448 0)
(0.0584776 -0.000475222 0)
(0.0585785 -0.000372766 0)
(0.0586442 -0.000278054 0)
(0.0586772 -0.000190993 0)
(0.0586799 -0.000111427 0)
(0.0586548 -3.91497e-05 0)
(0.0586039 2.60888e-05 0)
(0.0585297 8.45753e-05 0)
(0.0584342 0.000136625 0)
(0.0583194 0.000182574 0)
(0.0581873 0.000222774 0)
(0.0580398 0.000257588 0)
(0.0578786 0.000287383 0)
(0.0577054 0.000312525 0)
(0.0575218 0.000333379 0)
(0.0573291 0.0003503 0)
(0.0571289 0.000363637 0)
(0.0569223 0.000373724 0)
(0.0567105 0.000380883 0)
(0.0564946 0.000385421 0)
(0.0562757 0.000387627 0)
(0.0560545 0.000387775 0)
(0.055832 0.000386119 0)
(0.0556089 0.000382898 0)
(0.0553858 0.00037833 0)
(0.0551634 0.000372619 0)
(0.0549421 0.000365949 0)
(0.0547225 0.000358487 0)
(0.0545049 0.000350386 0)
(0.0542897 0.000341783 0)
(0.0540772 0.000332798 0)
(0.0538676 0.000323538 0)
(0.0536611 0.000314099 0)
(0.053458 0.000304561 0)
(0.0532583 0.000294995 0)
(0.0530622 0.000285459 0)
(0.0528697 0.000276005 0)
(0.0526809 0.000266671 0)
(0.0524959 0.000257489 0)
(0.0523146 0.000248485 0)
(0.0521371 0.000239675 0)
(0.0519633 0.00023107 0)
(0.0517932 0.000222678 0)
(0.0516269 0.000214498 0)
(0.0514642 0.000206528 0)
(0.0513052 0.000198761 0)
(0.0511498 0.000191187 0)
(0.0509981 0.000183793 0)
(0.0508499 0.000176565 0)
(0.0507052 0.000169486 0)
(0.0505641 0.000162538 0)
(0.0504264 0.000155703 0)
(0.0502923 0.000148962 0)
(0.0501616 0.000142293 0)
(0.0500344 0.000135679 0)
(0.0499107 0.000129099 0)
(0.0497906 0.000122535 0)
(0.0496739 0.000115968 0)
(0.0495608 0.000109381 0)
(0.0494512 0.000102758 0)
(0.0493453 9.60826e-05 0)
(0.0492431 8.93414e-05 0)
(0.0491445 8.25217e-05 0)
(0.0490497 7.56124e-05 0)
(0.0489588 6.86037e-05 0)
(0.0488717 6.14874e-05 0)
(0.0487886 5.42571e-05 0)
(0.0487095 4.69076e-05 0)
(0.0486344 3.94357e-05 0)
(0.0485635 3.18395e-05 0)
(0.0484968 2.41189e-05 0)
(0.0484345 1.62751e-05 0)
(0.0483764 8.31103e-06 0)
(0.0483228 2.31134e-07 0)
(0.0482737 -7.95876e-06 0)
(0.0482291 -1.62514e-05 0)
(0.0481891 -2.46381e-05 0)
(0.0481538 -3.31089e-05 0)
(0.0481231 -4.16524e-05 0)
(0.0480972 -5.02562e-05 0)
(0.048076 -5.89064e-05 0)
(0.0480597 -6.75881e-05 0)
(0.0480481 -7.62852e-05 0)
(0.0480414 -8.49804e-05 0)
(0.0480395 -9.36552e-05 0)
(0.0480424 -0.00010229 0)
(0.0480501 -0.000110865 0)
(0.0480626 -0.000119357 0)
(0.0480798 -0.000127743 0)
(0.0481017 -0.000135999 0)
(0.0481282 -0.000144099 0)
(0.0481593 -0.000152015 0)
(0.0481949 -0.000159717 0)
(0.0482348 -0.000167173 0)
(0.0482791 -0.000174346 0)
(0.0483275 -0.000181199 0)
(0.0483799 -0.000187686 0)
(0.0484362 -0.000193762 0)
(0.0484962 -0.000199362 0)
(0.0485597 -0.000204437 0)
(0.0486265 -0.000208885 0)
(0.0486962 -0.000212723 0)
(0.0487685 -0.000215467 0)
(0.0488431 -0.000218556 0)
(0.0489181 -0.000217341 0)
(0.0489944 -0.000221904 0)
(0.0490792 -0.000219248 0)
(-0.000405058 0.00246935 0)
(-0.00171908 0.0037961 0)
(-0.00298719 0.004141 0)
(-0.00405007 0.00388975 0)
(-0.00482687 0.00361667 0)
(-0.00542847 0.0033142 0)
(-0.00585177 0.00305029 0)
(-0.0061563 0.00280383 0)
(-0.00635127 0.00257988 0)
(-0.00646278 0.00237217 0)
(-0.00649927 0.00217952 0)
(-0.00647263 0.00199944 0)
(-0.00638863 0.00183027 0)
(-0.00625324 0.00167043 0)
(-0.0060701 0.00151854 0)
(-0.00584244 0.00137339 0)
(-0.00557247 0.00123389 0)
(-0.00526198 0.00109905 0)
(-0.0049122 0.000967994 0)
(-0.00452404 0.000839902 0)
(-0.00409808 0.000714012 0)
(-0.00363462 0.000589606 0)
(-0.00313377 0.000465999 0)
(-0.00259542 0.00034253 0)
(-0.0020193 0.000218557 0)
(-0.00140503 9.34547e-05 0)
(-0.000752096 -3.33867e-05 0)
(-5.99042e-05 -0.000162562 0)
(0.000672204 -0.000294647 0)
(0.00144493 -0.000430193 0)
(0.002259 -0.000569721 0)
(0.00311513 -0.000713713 0)
(0.00401401 -0.000862602 0)
(0.00495629 -0.00101676 0)
(0.00594254 -0.0011765 0)
(0.00697324 -0.00134203 0)
(0.00804876 -0.00151348 0)
(0.00916933 -0.00169089 0)
(0.010335 -0.00187416 0)
(0.0115457 -0.00206308 0)
(0.0128011 -0.00225731 0)
(0.0141008 -0.0024564 0)
(0.0154439 -0.00265973 0)
(0.0168296 -0.00286657 0)
(0.0182565 -0.00307605 0)
(0.0197233 -0.00328719 0)
(0.0212282 -0.00349887 0)
(0.0227692 -0.00370987 0)
(0.0243439 -0.00391889 0)
(0.0259499 -0.00412452 0)
(0.0275843 -0.00432531 0)
(0.0292439 -0.00451972 0)
(0.0309254 -0.00470623 0)
(0.0326252 -0.00488326 0)
(0.0343393 -0.00504927 0)
(0.0360637 -0.00520273 0)
(0.0377939 -0.00534216 0)
(0.0395256 -0.00546617 0)
(0.0412539 -0.00557346 0)
(0.0429743 -0.00566282 0)
(0.0446816 -0.00573321 0)
(0.0463711 -0.00578373 0)
(0.0480378 -0.00581365 0)
(0.0496768 -0.00582246 0)
(0.0512834 -0.00580982 0)
(0.0528528 -0.00577563 0)
(0.0543806 -0.00571999 0)
(0.0558626 -0.00564326 0)
(0.0572949 -0.005546 0)
(0.0586739 -0.005429 0)
(0.0599963 -0.00529325 0)
(0.0612594 -0.00513995 0)
(0.0624607 -0.00497048 0)
(0.0635982 -0.00478635 0)
(0.0646706 -0.00458923 0)
(0.0656767 -0.00438087 0)
(0.0666161 -0.00416309 0)
(0.0674885 -0.00393777 0)
(0.0682943 -0.00370678 0)
(0.0690341 -0.00347198 0)
(0.069709 -0.00323517 0)
(0.0703203 -0.00299809 0)
(0.0708698 -0.00276236 0)
(0.0713593 -0.00252952 0)
(0.071791 -0.00230096 0)
(0.0721671 -0.00207794 0)
(0.0724902 -0.00186156 0)
(0.0727626 -0.00165278 0)
(0.0729871 -0.00145242 0)
(0.0731662 -0.00126112 0)
(0.0733027 -0.00107941 0)
(0.073399 -0.000907676 0)
(0.073458 -0.000746168 0)
(0.073482 -0.000595026 0)
(0.0734737 -0.000454286 0)
(0.0734354 -0.000323885 0)
(0.0733694 -0.000203677 0)
(0.0732781 -9.34449e-05 0)
(0.0731636 7.09197e-06 0)
(0.0730279 9.82658e-05 0)
(0.0728731 0.000180451 0)
(0.0727009 0.000254056 0)
(0.0725133 0.000319513 0)
(0.0723117 0.000377274 0)
(0.0720979 0.0004278 0)
(0.0718732 0.000471559 0)
(0.0716391 0.000509019 0)
(0.0713968 0.000540643 0)
(0.0711476 0.000566886 0)
(0.0708925 0.000588192 0)
(0.0706327 0.00060499 0)
(0.0703691 0.000617695 0)
(0.0701024 0.000626702 0)
(0.0698337 0.000632387 0)
(0.0695635 0.000635105 0)
(0.0692926 0.000635192 0)
(0.0690216 0.000632962 0)
(0.068751 0.000628706 0)
(0.0684812 0.000622696 0)
(0.0682129 0.000615182 0)
(0.0679463 0.000606391 0)
(0.0676818 0.000596534 0)
(0.0674196 0.000585801 0)
(0.0671601 0.00057436 0)
(0.0669035 0.000562367 0)
(0.0666499 0.000549957 0)
(0.0663995 0.000537249 0)
(0.0661525 0.000524348 0)
(0.0659089 0.000511345 0)
(0.0656689 0.000498317 0)
(0.0654324 0.000485328 0)
(0.0651996 0.000472431 0)
(0.0649705 0.00045967 0)
(0.064745 0.000447077 0)
(0.0645233 0.000434676 0)
(0.0643052 0.000422484 0)
(0.0640909 0.000410511 0)
(0.0638802 0.000398758 0)
(0.0636732 0.000387225 0)
(0.0634698 0.000375902 0)
(0.0632701 0.000364778 0)
(0.063074 0.000353838 0)
(0.0628815 0.000343064 0)
(0.0626925 0.000332435 0)
(0.0625072 0.000321928 0)
(0.0623255 0.000311519 0)
(0.0621473 0.000301184 0)
(0.0619728 0.000290896 0)
(0.0618019 0.000280632 0)
(0.0616346 0.000270364 0)
(0.0614709 0.000260068 0)
(0.061311 0.000249722 0)
(0.0611548 0.0002393 0)
(0.0610023 0.000228784 0)
(0.0608537 0.000218151 0)
(0.0607089 0.000207385 0)
(0.0605681 0.000196469 0)
(0.0604313 0.000185389 0)
(0.0602986 0.000174132 0)
(0.06017 0.000162689 0)
(0.0600456 0.000151052 0)
(0.0599255 0.000139215 0)
(0.0598098 0.000127176 0)
(0.0596985 0.000114934 0)
(0.0595918 0.00010249 0)
(0.0594897 8.98477e-05 0)
(0.0593923 7.7014e-05 0)
(0.0592997 6.39968e-05 0)
(0.0592119 5.08068e-05 0)
(0.059129 3.74564e-05 0)
(0.0590512 2.39604e-05 0)
(0.0589783 1.03355e-05 0)
(0.0589106 -3.39968e-06 0)
(0.058848 -1.72248e-05 0)
(0.0587906 -3.11175e-05 0)
(0.0587384 -4.50538e-05 0)
(0.0586915 -5.90081e-05 0)
(0.0586499 -7.2953e-05 0)
(0.0586135 -8.68597e-05 0)
(0.0585824 -0.000100697 0)
(0.0585566 -0.000114434 0)
(0.0585361 -0.000128037 0)
(0.0585208 -0.000141469 0)
(0.0585107 -0.000154693 0)
(0.0585057 -0.000167671 0)
(0.0585058 -0.00018036 0)
(0.0585108 -0.000192715 0)
(0.0585208 -0.00020469 0)
(0.0585356 -0.000216229 0)
(0.058555 -0.000227276 0)
(0.0585791 -0.000237764 0)
(0.0586075 -0.000247614 0)
(0.0586402 -0.000256745 0)
(0.058677 -0.000265012 0)
(0.0587175 -0.000272354 0)
(0.0587616 -0.000278411 0)
(0.0588088 -0.000283402 0)
(0.0588583 -0.000285104 0)
(0.0589105 -0.000289594 0)
(0.0589674 -0.000277961 0)
(-0.000693611 0.00309401 0)
(-0.0020918 0.00472224 0)
(-0.00255488 0.00495129 0)
(-0.00279318 0.00450424 0)
(-0.00262856 0.0040318 0)
(-0.00238017 0.00356506 0)
(-0.00198613 0.003161 0)
(-0.00153081 0.00280288 0)
(-0.00100538 0.00248626 0)
(-0.0004353 0.00220251 0)
(0.000177609 0.00194506 0)
(0.000824164 0.00170908 0)
(0.00150191 0.00149029 0)
(0.00220712 0.00128563 0)
(0.00293825 0.00109241 0)
(0.00369375 0.000908546 0)
(0.00447294 0.000732242 0)
(0.0052753 0.000562008 0)
(0.00610072 0.000396526 0)
(0.00694926 0.000234651 0)
(0.00782119 7.53483e-05 0)
(0.00871693 -8.23208e-05 0)
(0.00963699 -0.000239224 0)
(0.010582 -0.00039617 0)
(0.0115527 -0.000553919 0)
(0.0125498 -0.000713191 0)
(0.0135741 -0.000874666 0)
(0.0146264 -0.00103899 0)
(0.0157074 -0.00120676 0)
(0.0168181 -0.00137854 0)
(0.0179591 -0.00155484 0)
(0.019131 -0.00173611 0)
(0.0203346 -0.00192274 0)
(0.0215703 -0.00211505 0)
(0.0228386 -0.00231326 0)
(0.0241396 -0.00251749 0)
(0.0254735 -0.00272777 0)
(0.0268404 -0.00294402 0)
(0.0282398 -0.00316599 0)
(0.0296716 -0.00339335 0)
(0.031135 -0.0036256 0)
(0.0326292 -0.00386209 0)
(0.0341532 -0.00410206 0)
(0.0357056 -0.00434457 0)
(0.037285 -0.00458855 0)
(0.0388894 -0.0048328 0)
(0.0405169 -0.00507598 0)
(0.0421651 -0.00531666 0)
(0.0438314 -0.00555326 0)
(0.045513 -0.00578414 0)
(0.0472068 -0.00600759 0)
(0.0489094 -0.00622182 0)
(0.0506171 -0.00642504 0)
(0.0523262 -0.00661541 0)
(0.0540325 -0.00679115 0)
(0.0557319 -0.00695047 0)
(0.05742 -0.00709168 0)
(0.0590921 -0.00721316 0)
(0.0607436 -0.00731344 0)
(0.0623698 -0.00739115 0)
(0.0639661 -0.00744513 0)
(0.0655277 -0.00747441 0)
(0.06705 -0.00747824 0)
(0.0685286 -0.00745611 0)
(0.0699592 -0.00740776 0)
(0.071338 -0.00733323 0)
(0.0726611 -0.0072328 0)
(0.0739254 -0.00710707 0)
(0.0751279 -0.00695691 0)
(0.0762661 -0.00678343 0)
(0.0773381 -0.00658805 0)
(0.0783424 -0.00637237 0)
(0.079278 -0.00613823 0)
(0.0801445 -0.00588764 0)
(0.080942 -0.00562274 0)
(0.0816709 -0.00534578 0)
(0.0823322 -0.00505907 0)
(0.0829273 -0.00476494 0)
(0.0834578 -0.00446571 0)
(0.083926 -0.00416364 0)
(0.0843341 -0.00386091 0)
(0.0846846 -0.00355957 0)
(0.0849802 -0.00326156 0)
(0.0852239 -0.00296864 0)
(0.0854184 -0.00268239 0)
(0.0855667 -0.00240423 0)
(0.0856718 -0.00213537 0)
(0.0857366 -0.00187685 0)
(0.0857638 -0.00162953 0)
(0.0857562 -0.00139406 0)
(0.0857165 -0.00117096 0)
(0.0856472 -0.000960562 0)
(0.0855508 -0.000763076 0)
(0.0854296 -0.000578567 0)
(0.0852857 -0.000406985 0)
(0.0851213 -0.000248175 0)
(0.0849382 -0.000101892 0)
(0.0847383 3.21856e-05 0)
(0.0845233 0.000154446 0)
(0.0842948 0.000265328 0)
(0.0840542 0.000365316 0)
(0.083803 0.000454924 0)
(0.0835424 0.000534691 0)
(0.0832737 0.000605171 0)
(0.082998 0.000666926 0)
(0.0827162 0.00072052 0)
(0.0824295 0.000766516 0)
(0.0821385 0.000805467 0)
(0.0818443 0.000837913 0)
(0.0815475 0.000864383 0)
(0.0812488 0.000885385 0)
(0.0809489 0.000901409 0)
(0.0806484 0.000912921 0)
(0.0803477 0.000920367 0)
(0.0800474 0.000924167 0)
(0.079748 0.000924719 0)
(0.0794497 0.000922394 0)
(0.079153 0.000917538 0)
(0.0788582 0.000910476 0)
(0.0785655 0.000901505 0)
(0.0782753 0.000890899 0)
(0.0779877 0.000878911 0)
(0.0777029 0.000865769 0)
(0.0774212 0.00085168 0)
(0.0771425 0.000836832 0)
(0.0768671 0.00082139 0)
(0.076595 0.000805503 0)
(0.0763263 0.000789302 0)
(0.0760611 0.000772899 0)
(0.0757994 0.000756392 0)
(0.0755413 0.000739864 0)
(0.0752867 0.000723385 0)
(0.0750357 0.000707011 0)
(0.0747882 0.000690786 0)
(0.0745444 0.000674745 0)
(0.074304 0.000658913 0)
(0.0740673 0.000643304 0)
(0.073834 0.000627928 0)
(0.0736042 0.000612783 0)
(0.0733779 0.000597865 0)
(0.0731551 0.000583162 0)
(0.0729357 0.000568658 0)
(0.0727197 0.000554334 0)
(0.0725071 0.000540167 0)
(0.0722979 0.000526129 0)
(0.072092 0.000512194 0)
(0.0718896 0.000498332 0)
(0.0716905 0.000484512 0)
(0.0714948 0.000470702 0)
(0.0713025 0.000456873 0)
(0.0711136 0.000442994 0)
(0.0709281 0.000429033 0)
(0.0707461 0.000414963 0)
(0.0705676 0.000400755 0)
(0.0703926 0.000386385 0)
(0.0702212 0.000371828 0)
(0.0700534 0.000357062 0)
(0.0698893 0.000342069 0)
(0.069729 0.000326831 0)
(0.0695724 0.000311335 0)
(0.0694197 0.00029557 0)
(0.069271 0.000279526 0)
(0.0691262 0.000263199 0)
(0.0689855 0.000246586 0)
(0.068849 0.000229688 0)
(0.0687167 0.000212508 0)
(0.0685888 0.000195053 0)
(0.0684652 0.000177333 0)
(0.068346 0.000159359 0)
(0.0682314 0.000141148 0)
(0.0681214 0.000122717 0)
(0.0680161 0.000104087 0)
(0.0679155 8.52818e-05 0)
(0.0678196 6.63273e-05 0)
(0.0677287 4.72521e-05 0)
(0.0676425 2.8087e-05 0)
(0.0675613 8.86502e-06 0)
(0.0674851 -1.03783e-05 0)
(0.0674138 -2.96056e-05 0)
(0.0673476 -4.87772e-05 0)
(0.0672863 -6.78515e-05 0)
(0.0672301 -8.67849e-05 0)
(0.0671788 -0.000105532 0)
(0.0671325 -0.000124044 0)
(0.0670912 -0.000142272 0)
(0.0670547 -0.000160162 0)
(0.0670231 -0.00017766 0)
(0.0669964 -0.000194705 0)
(0.0669743 -0.000211234 0)
(0.0669569 -0.000227177 0)
(0.066944 -0.000242454 0)
(0.0669356 -0.000256977 0)
(0.0669316 -0.000270635 0)
(0.0669318 -0.000283291 0)
(0.066936 -0.000294793 0)
(0.0669442 -0.000304835 0)
(0.066956 -0.000313202 0)
(0.0669713 -0.000318784 0)
(0.0669901 -0.000324249 0)
(0.0670146 -0.000311562 0)
(-0.000179702 0.00559828 0)
(-0.000140122 0.00561556 0)
(0.000997308 0.00502273 0)
(0.00218206 0.00400005 0)
(0.00362646 0.00328854 0)
(0.0050337 0.00272198 0)
(0.00647878 0.00226098 0)
(0.00789187 0.00187658 0)
(0.00929106 0.00154131 0)
(0.0106639 0.00124515 0)
(0.0120165 0.000977186 0)
(0.0133489 0.000731981 0)
(0.0146647 0.000504325 0)
(0.0159662 0.000290819 0)
(0.0172562 8.84743e-05 0)
(0.0185369 -0.000104968 0)
(0.0198108 -0.00029145 0)
(0.0210798 -0.000472564 0)
(0.022346 -0.000649699 0)
(0.0236113 -0.000824055 0)
(0.0248772 -0.000996705 0)
(0.0261456 -0.00116861 0)
(0.027418 -0.00134067 0)
(0.028696 -0.00151367 0)
(0.0299809 -0.0016884 0)
(0.0312742 -0.00186554 0)
(0.0325771 -0.00204576 0)
(0.033891 -0.00222966 0)
(0.0352169 -0.00241782 0)
(0.0365559 -0.00261073 0)
(0.037909 -0.00280884 0)
(0.0392769 -0.00301252 0)
(0.0406604 -0.00322209 0)
(0.04206 -0.00343775 0)
(0.0434761 -0.00365962 0)
(0.044909 -0.00388772 0)
(0.0463588 -0.00412194 0)
(0.0478252 -0.00436205 0)
(0.049308 -0.00460768 0)
(0.0508066 -0.00485832 0)
(0.0523202 -0.00511331 0)
(0.0538479 -0.00537184 0)
(0.0553883 -0.00563293 0)
(0.05694 -0.00589546 0)
(0.0585012 -0.00615817 0)
(0.0600698 -0.00641961 0)
(0.0616437 -0.00667824 0)
(0.0632202 -0.00693236 0)
(0.0647965 -0.00718019 0)
(0.0663695 -0.00741981 0)
(0.067936 -0.00764926 0)
(0.0694923 -0.00786652 0)
(0.0710348 -0.00806951 0)
(0.0725594 -0.00825618 0)
(0.074062 -0.00842449 0)
(0.0755383 -0.00857246 0)
(0.0769839 -0.00869818 0)
(0.0783945 -0.00879989 0)
(0.0797656 -0.00887595 0)
(0.0810928 -0.00892495 0)
(0.0823719 -0.00894566 0)
(0.0835987 -0.00893714 0)
(0.0847695 -0.0088987 0)
(0.0858806 -0.00882998 0)
(0.086929 -0.00873092 0)
(0.0879118 -0.00860183 0)
(0.0888269 -0.00844332 0)
(0.0896726 -0.00825639 0)
(0.0904476 -0.00804233 0)
(0.0911516 -0.00780278 0)
(0.0917845 -0.00753964 0)
(0.092347 -0.00725507 0)
(0.0928404 -0.00695147 0)
(0.0932663 -0.0066314 0)
(0.0936271 -0.00629752 0)
(0.0939253 -0.00595259 0)
(0.094164 -0.00559938 0)
(0.0943466 -0.00524065 0)
(0.0944766 -0.00487908 0)
(0.0945576 -0.00451722 0)
(0.0945934 -0.00415749 0)
(0.0945877 -0.00380214 0)
(0.0945442 -0.00345321 0)
(0.0944665 -0.00311253 0)
(0.094358 -0.00278171 0)
(0.094222 -0.00246213 0)
(0.0940616 -0.00215494 0)
(0.0938795 -0.0018611 0)
(0.0936785 -0.00158132 0)
(0.0934608 -0.00131615 0)
(0.0932287 -0.00106595 0)
(0.092984 -0.000830904 0)
(0.0927286 -0.000611061 0)
(0.0924639 -0.000406333 0)
(0.0921914 -0.000216522 0)
(0.0919122 -4.13275e-05 0)
(0.0916275 0.000119632 0)
(0.0913382 0.000266809 0)
(0.0910452 0.000400711 0)
(0.0907491 0.000521891 0)
(0.0904506 0.000630936 0)
(0.0901503 0.000728457 0)
(0.0898487 0.00081508 0)
(0.0895463 0.000891441 0)
(0.0892435 0.000958177 0)
(0.0889406 0.00101592 0)
(0.088638 0.0010653 0)
(0.088336 0.00110693 0)
(0.0880349 0.0011414 0)
(0.087735 0.00116929 0)
(0.0874364 0.00119116 0)
(0.0871394 0.00120755 0)
(0.0868442 0.00121896 0)
(0.086551 0.00122587 0)
(0.0862599 0.00122875 0)
(0.0859711 0.00122804 0)
(0.0856848 0.00122412 0)
(0.085401 0.00121739 0)
(0.0851199 0.00120819 0)
(0.0848415 0.00119686 0)
(0.084566 0.00118369 0)
(0.0842935 0.00116897 0)
(0.084024 0.00115293 0)
(0.0837575 0.00113582 0)
(0.0834942 0.00111783 0)
(0.083234 0.00109916 0)
(0.0829769 0.00107997 0)
(0.0827231 0.00106041 0)
(0.0824725 0.0010406 0)
(0.0822251 0.00102065 0)
(0.0819809 0.00100066 0)
(0.0817399 0.00098071 0)
(0.0815021 0.000960862 0)
(0.0812675 0.00094117 0)
(0.0810361 0.000921673 0)
(0.0808077 0.000902401 0)
(0.0805825 0.000883374 0)
(0.0803604 0.000864602 0)
(0.0801414 0.000846089 0)
(0.0799254 0.000827828 0)
(0.0797124 0.00080981 0)
(0.0795023 0.000792016 0)
(0.0792953 0.000774427 0)
(0.0790911 0.000757016 0)
(0.0788899 0.000739755 0)
(0.0786916 0.000722613 0)
(0.0784962 0.000705555 0)
(0.0783036 0.000688547 0)
(0.0781139 0.000671554 0)
(0.0779271 0.00065454 0)
(0.0777431 0.000637467 0)
(0.077562 0.000620303 0)
(0.0773837 0.000603011 0)
(0.0772084 0.000585559 0)
(0.077036 0.000567916 0)
(0.0768665 0.000550052 0)
(0.0766999 0.000531942 0)
(0.0765364 0.00051356 0)
(0.0763758 0.000494886 0)
(0.0762184 0.000475901 0)
(0.076064 0.00045659 0)
(0.0759128 0.000436941 0)
(0.0757647 0.000416945 0)
(0.07562 0.000396597 0)
(0.0754785 0.000375896 0)
(0.0753404 0.000354844 0)
(0.0752056 0.000333446 0)
(0.0750744 0.000311711 0)
(0.0749467 0.000289653 0)
(0.0748225 0.000267287 0)
(0.074702 0.000244633 0)
(0.0745852 0.000221715 0)
(0.0744721 0.000198557 0)
(0.0743628 0.000175191 0)
(0.0742573 0.000151649 0)
(0.0741557 0.000127966 0)
(0.0740581 0.00010418 0)
(0.0739643 8.03335e-05 0)
(0.0738746 5.64699e-05 0)
(0.0737888 3.26358e-05 0)
(0.0737071 8.88007e-06 0)
(0.0736294 -1.47458e-05 0)
(0.0735558 -3.81881e-05 0)
(0.0734861 -6.13905e-05 0)
(0.0734205 -8.42946e-05 0)
(0.0733589 -0.000106839 0)
(0.0733013 -0.000128959 0)
(0.0732476 -0.000150588 0)
(0.0731979 -0.000171654 0)
(0.073152 -0.000192079 0)
(0.0731099 -0.000211777 0)
(0.0730717 -0.000230653 0)
(0.0730371 -0.000248595 0)
(0.0730062 -0.000265463 0)
(0.072979 -0.000281088 0)
(0.0729553 -0.000295199 0)
(0.0729353 -0.000307519 0)
(0.0729191 -0.000317329 0)
(0.0729069 -0.000325569 0)
(0.0729026 -0.000318081 0)
(0.00500416 0.00204254 0)
(0.0075066 0.00307987 0)
(0.0124219 0.00262747 0)
(0.0156667 0.00201339 0)
(0.0187483 0.00139224 0)
(0.0213934 0.000893218 0)
(0.0238143 0.000478663 0)
(0.0260429 0.000138746 0)
(0.0281309 -0.000151396 0)
(0.0301048 -0.000404537 0)
(0.0319865 -0.000631961 0)
(0.0337915 -0.000840435 0)
(0.0355318 -0.00103508 0)
(0.0372168 -0.00121937 0)
(0.038854 -0.00139595 0)
(0.0404497 -0.00156681 0)
(0.0420092 -0.00173358 0)
(0.043537 -0.00189758 0)
(0.0450368 -0.00205998 0)
(0.0465122 -0.00222177 0)
(0.0479661 -0.00238386 0)
(0.0494013 -0.00254706 0)
(0.0508202 -0.00271214 0)
(0.0522251 -0.00287979 0)
(0.053618 -0.00305065 0)
(0.0550009 -0.00322534 0)
(0.0563754 -0.00340441 0)
(0.057743 -0.00358836 0)
(0.0591051 -0.00377766 0)
(0.0604631 -0.00397271 0)
(0.0618178 -0.00417383 0)
(0.0631703 -0.0043813 0)
(0.0645213 -0.0045953 0)
(0.0658712 -0.00481592 0)
(0.0672205 -0.00504313 0)
(0.0685694 -0.00527683 0)
(0.0699178 -0.00551674 0)
(0.0712654 -0.00576249 0)
(0.0726117 -0.00601355 0)
(0.0739561 -0.00626923 0)
(0.0752976 -0.00652869 0)
(0.0766349 -0.00679092 0)
(0.0779666 -0.00705476 0)
(0.079291 -0.00731886 0)
(0.080606 -0.00758173 0)
(0.0819094 -0.00784173 0)
(0.0831986 -0.00809704 0)
(0.0844709 -0.00834573 0)
(0.0857233 -0.00858576 0)
(0.0869523 -0.00881497 0)
(0.0881547 -0.00903114 0)
(0.0893265 -0.009232 0)
(0.0904641 -0.00941524 0)
(0.0915634 -0.00957858 0)
(0.0926203 -0.00971979 0)
(0.0936307 -0.00983671 0)
(0.0945906 -0.00992732 0)
(0.0954959 -0.00998975 0)
(0.0963428 -0.0100224 0)
(0.0971278 -0.0100238 0)
(0.0978475 -0.00999282 0)
(0.0984991 -0.00992878 0)
(0.0990801 -0.00983122 0)
(0.0995889 -0.00970011 0)
(0.100024 -0.00953581 0)
(0.100385 -0.00933911 0)
(0.100672 -0.0091112 0)
(0.100886 -0.00885366 0)
(0.101029 -0.00856844 0)
(0.101103 -0.00825785 0)
(0.10111 -0.00792446 0)
(0.101056 -0.00757111 0)
(0.100943 -0.00720079 0)
(0.100776 -0.00681665 0)
(0.100561 -0.00642186 0)
(0.100302 -0.00601961 0)
(0.100006 -0.005613 0)
(0.099676 -0.00520505 0)
(0.0993187 -0.00479859 0)
(0.0989386 -0.00439623 0)
(0.0985407 -0.0040004 0)
(0.0981293 -0.00361323 0)
(0.0977085 -0.00323661 0)
(0.097282 -0.00287216 0)
(0.0968531 -0.00252123 0)
(0.0964245 -0.00218491 0)
(0.0959988 -0.00186407 0)
(0.0955778 -0.00155932 0)
(0.0951634 -0.00127109 0)
(0.0947567 -0.000999604 0)
(0.0943587 -0.000744936 0)
(0.0939702 -0.000507003 0)
(0.0935916 -0.000285599 0)
(0.0932231 -8.04123e-05 0)
(0.0928647 0.000108962 0)
(0.0925165 0.000282999 0)
(0.0921781 0.000442236 0)
(0.0918493 0.000587257 0)
(0.0915297 0.000718678 0)
(0.0912189 0.000837143 0)
(0.0909164 0.000943313 0)
(0.0906218 0.00103786 0)
(0.0903346 0.00112144 0)
(0.0900542 0.00119475 0)
(0.0897803 0.00125842 0)
(0.0895124 0.00131313 0)
(0.0892502 0.00135949 0)
(0.0889931 0.00139813 0)
(0.0887409 0.00142965 0)
(0.0884932 0.00145463 0)
(0.0882498 0.00147361 0)
(0.0880103 0.00148713 0)
(0.0877745 0.00149569 0)
(0.0875423 0.00149978 0)
(0.0873133 0.00149984 0)
(0.0870876 0.0014963 0)
(0.0868648 0.00148957 0)
(0.0866449 0.00148002 0)
(0.0864278 0.001468 0)
(0.0862135 0.00145383 0)
(0.0860017 0.00143782 0)
(0.0857925 0.00142025 0)
(0.0855858 0.00140136 0)
(0.0853816 0.00138138 0)
(0.0851798 0.00136053 0)
(0.0849803 0.00133899 0)
(0.0847833 0.00131692 0)
(0.0845885 0.00129449 0)
(0.0843961 0.00127181 0)
(0.084206 0.001249 0)
(0.0840181 0.00122617 0)
(0.0838326 0.00120338 0)
(0.0836492 0.0011807 0)
(0.0834681 0.0011582 0)
(0.0832892 0.00113592 0)
(0.0831126 0.00111388 0)
(0.0829381 0.0010921 0)
(0.0827657 0.00107061 0)
(0.0825955 0.00104939 0)
(0.0824275 0.00102846 0)
(0.0822616 0.00100779 0)
(0.0820977 0.000987369 0)
(0.081936 0.000967176 0)
(0.0817763 0.000947185 0)
(0.0816187 0.000927365 0)
(0.0814631 0.000907682 0)
(0.0813095 0.000888102 0)
(0.0811579 0.000868588 0)
(0.0810083 0.000849101 0)
(0.0808607 0.000829602 0)
(0.0807151 0.000810053 0)
(0.0805714 0.000790414 0)
(0.0804297 0.000770649 0)
(0.08029 0.000750721 0)
(0.0801522 0.000730595 0)
(0.0800163 0.000710239 0)
(0.0798825 0.000689621 0)
(0.0797506 0.000668715 0)
(0.0796207 0.000647496 0)
(0.0794927 0.000625941 0)
(0.0793668 0.000604032 0)
(0.0792429 0.000581754 0)
(0.079121 0.000559095 0)
(0.0790012 0.000536048 0)
(0.0788834 0.000512609 0)
(0.0787678 0.000488777 0)
(0.0786543 0.000464557 0)
(0.0785429 0.000439957 0)
(0.0784337 0.000414987 0)
(0.0783268 0.000389665 0)
(0.0782221 0.000364009 0)
(0.0781196 0.000338043 0)
(0.0780195 0.000311794 0)
(0.0779217 0.000285292 0)
(0.0778262 0.000258574 0)
(0.0777331 0.000231675 0)
(0.0776425 0.000204637 0)
(0.0775543 0.000177506 0)
(0.0774685 0.000150328 0)
(0.0773852 0.000123154 0)
(0.0773044 9.60368e-05 0)
(0.0772261 6.90335e-05 0)
(0.0771502 4.22024e-05 0)
(0.0770769 1.56048e-05 0)
(0.0770061 -1.06954e-05 0)
(0.0769379 -3.66319e-05 0)
(0.0768721 -6.21357e-05 0)
(0.0768088 -8.71347e-05 0)
(0.076748 -0.000111554 0)
(0.0766897 -0.000135313 0)
(0.0766338 -0.000158327 0)
(0.0765804 -0.000180503 0)
(0.0765295 -0.000201736 0)
(0.076481 -0.000221903 0)
(0.0764351 -0.000240857 0)
(0.0763919 -0.000258395 0)
(0.0763514 -0.000274297 0)
(0.0763141 -0.000288102 0)
(0.0762807 -0.000300371 0)
(0.0762558 -0.000301317 0)
(0.0344491 -1.74602e-06 0)
(0.0346033 -0.000145707 0)
(0.0349204 -0.000263109 0)
(0.0353528 -0.000325385 0)
(0.0358476 -0.000363488 0)
(0.0364861 -0.000438001 0)
(0.0371448 -0.000317035 0)
(0.0378223 -0.000769918 0)
(0.0908646 -5.41624e-06 0)
(0.0906415 -0.000126116 0)
(0.0905743 -0.000288612 0)
(0.0906084 -0.000453772 0)
(0.0907522 -0.000631527 0)
(0.090981 -0.000808135 0)
(0.0913245 -0.00100245 0)
(0.0921963 -0.0016658 0)
(0.128437 -9.17915e-06 0)
(0.128259 -8.94422e-05 0)
(0.128172 -0.000212564 0)
(0.128132 -0.000369294 0)
(0.12812 -0.000551965 0)
(0.128138 -0.000764188 0)
(0.128224 -0.0010901 0)
(0.128221 -0.00150764 0)
(0.147212 -1.31012e-05 0)
(0.147034 -0.000100048 0)
(0.146936 -0.000213834 0)
(0.146873 -0.000354783 0)
(0.146821 -0.000526246 0)
(0.146779 -0.000746196 0)
(0.14672 -0.00101333 0)
(0.146652 -0.0013668 0)
(0.147217 -1.8399e-05 0)
(0.147038 -0.000107693 0)
(0.146928 -0.000206343 0)
(0.146841 -0.000324454 0)
(0.146751 -0.000472907 0)
(0.146637 -0.000657995 0)
(0.146491 -0.000895021 0)
(0.146285 -0.00118446 0)
(0.12845 -2.6142e-05 0)
(0.128254 -0.000123794 0)
(0.128113 -0.000209313 0)
(0.127976 -0.000302694 0)
(0.127816 -0.000419012 0)
(0.127617 -0.000569446 0)
(0.127363 -0.000757445 0)
(0.127037 -0.000982407 0)
(0.0908857 -4.01222e-05 0)
(0.0906067 -0.000102448 0)
(0.0903891 -0.000133053 0)
(0.0901716 -0.000174405 0)
(0.0899269 -0.000245057 0)
(0.0896319 -0.000348948 0)
(0.0892643 -0.000483116 0)
(0.0888015 -0.000638912 0)
(0.0344545 -4.6187e-05 0)
(0.0343725 -2.47516e-05 0)
(0.0343211 7.38516e-06 0)
(0.0342681 6.25548e-06 0)
(0.0341556 -2.64575e-05 0)
(0.033956 -7.85771e-05 0)
(0.0336539 -0.000137257 0)
(0.0332445 -0.000191926 0)
(0.040492 -0.0034959 0)
(0.0434025 -0.00319124 0)
(0.0460435 -0.00287555 0)
(0.0486089 -0.00256863 0)
(0.0509619 -0.00241925 0)
(0.0531535 -0.00236494 0)
(0.0552055 -0.00237652 0)
(0.057143 -0.00242602 0)
(0.0589853 -0.00249816 0)
(0.0607461 -0.00258355 0)
(0.0624363 -0.00267716 0)
(0.0640637 -0.00277616 0)
(0.0656348 -0.00287906 0)
(0.0671548 -0.00298508 0)
(0.0686283 -0.0030939 0)
(0.0700591 -0.00320542 0)
(0.0714504 -0.00331974 0)
(0.0728054 -0.00343705 0)
(0.0741267 -0.0035576 0)
(0.0754169 -0.00368173 0)
(0.0766781 -0.00380978 0)
(0.0779124 -0.00394213 0)
(0.0791217 -0.00407914 0)
(0.0803078 -0.00422123 0)
(0.0814721 -0.00436875 0)
(0.0826161 -0.00452208 0)
(0.0837411 -0.00468156 0)
(0.0848482 -0.00484751 0)
(0.0859384 -0.0050202 0)
(0.0870125 -0.00519987 0)
(0.0880711 -0.00538668 0)
(0.0891148 -0.00558074 0)
(0.0901438 -0.00578206 0)
(0.0911584 -0.00599058 0)
(0.0921584 -0.00620612 0)
(0.0931436 -0.00642837 0)
(0.0941136 -0.00665692 0)
(0.0950676 -0.00689121 0)
(0.0960049 -0.0071305 0)
(0.0969241 -0.00737394 0)
(0.097824 -0.00762046 0)
(0.0987028 -0.00786885 0)
(0.0995588 -0.00811772 0)
(0.10039 -0.00836549 0)
(0.101193 -0.00861044 0)
(0.101967 -0.00885065 0)
(0.102707 -0.00908407 0)
(0.103412 -0.00930851 0)
(0.104077 -0.00952167 0)
(0.104699 -0.00972113 0)
(0.105275 -0.00990445 0)
(0.1058 -0.0100691 0)
(0.106272 -0.0102127 0)
(0.106686 -0.0103326 0)
(0.107038 -0.0104266 0)
(0.107326 -0.0104925 0)
(0.107545 -0.0105283 0)
(0.107693 -0.0105321 0)
(0.107768 -0.0105026 0)
(0.107768 -0.0104385 0)
(0.10769 -0.0103392 0)
(0.107536 -0.0102043 0)
(0.107304 -0.010034 0)
(0.106996 -0.00982883 0)
(0.106615 -0.00959 0)
(0.106162 -0.00931905 0)
(0.105643 -0.00901801 0)
(0.105061 -0.0086893 0)
(0.104422 -0.00833574 0)
(0.103732 -0.00796041 0)
(0.102999 -0.00756666 0)
(0.102228 -0.00715794 0)
(0.101428 -0.00673782 0)
(0.100606 -0.00630985 0)
(0.0997686 -0.00587749 0)
(0.098924 -0.00544406 0)
(0.0980786 -0.00501269 0)
(0.0972388 -0.00458624 0)
(0.0964102 -0.00416731 0)
(0.0955982 -0.00375817 0)
(0.094807 -0.00336081 0)
(0.0940406 -0.00297687 0)
(0.0933019 -0.00260771 0)
(0.0925935 -0.00225438 0)
(0.0919171 -0.00191767 0)
(0.0912739 -0.00159812 0)
(0.0906645 -0.00129605 0)
(0.0900892 -0.00101158 0)
(0.0895476 -0.000744688 0)
(0.0890392 -0.000495179 0)
(0.088563 -0.000262757 0)
(0.088118 -4.7025e-05 0)
(0.0877028 0.000152491 0)
(0.087316 0.000336328 0)
(0.0869559 0.000505066 0)
(0.0866209 0.000659324 0)
(0.0863094 0.00079974 0)
(0.0860197 0.000926971 0)
(0.0857502 0.00104168 0)
(0.0854992 0.00114453 0)
(0.0852652 0.00123617 0)
(0.0850467 0.00131728 0)
(0.0848424 0.00138848 0)
(0.0846508 0.00145041 0)
(0.0844707 0.00150368 0)
(0.084301 0.00154888 0)
(0.0841406 0.00158661 0)
(0.0839884 0.0016174 0)
(0.0838436 0.00164181 0)
(0.0837053 0.00166035 0)
(0.0835728 0.0016735 0)
(0.0834454 0.00168176 0)
(0.0833225 0.00168556 0)
(0.0832036 0.00168533 0)
(0.0830881 0.00168148 0)
(0.0829756 0.00167439 0)
(0.0828658 0.00166441 0)
(0.0827583 0.00165189 0)
(0.0826528 0.00163714 0)
(0.0825492 0.00162045 0)
(0.0824472 0.0016021 0)
(0.0823465 0.00158232 0)
(0.0822472 0.00156136 0)
(0.082149 0.00153943 0)
(0.0820518 0.0015167 0)
(0.0819556 0.00149337 0)
(0.0818603 0.00146957 0)
(0.0817658 0.00144545 0)
(0.0816722 0.00142113 0)
(0.0815793 0.00139671 0)
(0.0814872 0.00137228 0)
(0.0813958 0.00134792 0)
(0.0813052 0.0013237 0)
(0.0812154 0.00129966 0)
(0.0811262 0.00127585 0)
(0.0810378 0.00125229 0)
(0.0809502 0.001229 0)
(0.0808633 0.001206 0)
(0.0807772 0.00118329 0)
(0.0806918 0.00116086 0)
(0.0806072 0.00113871 0)
(0.0805234 0.00111681 0)
(0.0804404 0.00109515 0)
(0.0803581 0.0010737 0)
(0.0802766 0.00105243 0)
(0.0801958 0.0010313 0)
(0.0801158 0.00101029 0)
(0.0800366 0.000989355 0)
(0.0799581 0.000968455 0)
(0.0798804 0.000947553 0)
(0.0798034 0.000926611 0)
(0.0797271 0.000905589 0)
(0.0796515 0.000884449 0)
(0.0795766 0.000863155 0)
(0.0795024 0.00084167 0)
(0.0794288 0.000819961 0)
(0.0793559 0.000797996 0)
(0.0792837 0.000775746 0)
(0.0792121 0.000753184 0)
(0.0791411 0.000730288 0)
(0.0790707 0.000707037 0)
(0.079001 0.000683415 0)
(0.0789318 0.000659408 0)
(0.0788632 0.000635007 0)
(0.0787951 0.000610206 0)
(0.0787277 0.000585003 0)
(0.0786608 0.000559402 0)
(0.0785944 0.000533408 0)
(0.0785287 0.000507032 0)
(0.0784634 0.000480288 0)
(0.0783988 0.000453195 0)
(0.0783347 0.000425777 0)
(0.0782711 0.000398059 0)
(0.0782081 0.000370071 0)
(0.0781457 0.00034185 0)
(0.0780838 0.000313432 0)
(0.0780225 0.000284859 0)
(0.0779618 0.000256176 0)
(0.0779016 0.000227433 0)
(0.0778421 0.000198681 0)
(0.0777831 0.000169974 0)
(0.0777247 0.00014137 0)
(0.0776669 0.000112931 0)
(0.0776097 8.47176e-05 0)
(0.0775532 5.67968e-05 0)
(0.0774972 2.92359e-05 0)
(0.0774418 2.10485e-06 0)
(0.077387 -2.45244e-05 0)
(0.0773329 -5.05775e-05 0)
(0.0772794 -7.59781e-05 0)
(0.0772266 -0.000100647 0)
(0.0771744 -0.000124501 0)
(0.077123 -0.000147454 0)
(0.0770724 -0.000169411 0)
(0.0770227 -0.00019027 0)
(0.0769741 -0.00020991 0)
(0.0769269 -0.000228224 0)
(0.0768816 -0.00024499 0)
(0.0768389 -0.000261089 0)
(0.0768028 -0.000270289 0)
(0.0928268 -0.00217126 0)
(0.0928857 -0.00264585 0)
(0.0931887 -0.00291457 0)
(0.0936515 -0.00309783 0)
(0.0942692 -0.00323819 0)
(0.0949816 -0.00336052 0)
(0.0957557 -0.00347333 0)
(0.0965661 -0.00357952 0)
(0.0973966 -0.00368023 0)
(0.0982358 -0.00377621 0)
(0.0990757 -0.00386833 0)
(0.0999108 -0.00395757 0)
(0.100737 -0.00404496 0)
(0.10155 -0.00413149 0)
(0.102349 -0.00421811 0)
(0.103131 -0.00430565 0)
(0.103896 -0.00439491 0)
(0.104642 -0.00448656 0)
(0.105368 -0.00458126 0)
(0.106075 -0.0046796 0)
(0.106762 -0.0047821 0)
(0.107429 -0.00488927 0)
(0.108075 -0.00500158 0)
(0.108701 -0.00511945 0)
(0.109307 -0.00524329 0)
(0.109892 -0.00537344 0)
(0.110458 -0.00551021 0)
(0.111002 -0.00565389 0)
(0.111526 -0.00580468 0)
(0.112029 -0.00596274 0)
(0.112511 -0.00612816 0)
(0.112971 -0.00630093 0)
(0.113409 -0.00648096 0)
(0.113824 -0.00666808 0)
(0.114214 -0.00686196 0)
(0.11458 -0.00706217 0)
(0.114919 -0.00726814 0)
(0.11523 -0.00747913 0)
(0.115512 -0.00769425 0)
(0.115762 -0.00791243 0)
(0.115979 -0.00813242 0)
(0.11616 -0.00835281 0)
(0.116303 -0.00857195 0)
(0.116404 -0.00878807 0)
(0.116462 -0.00899919 0)
(0.116473 -0.00920315 0)
(0.116434 -0.00939768 0)
(0.116341 -0.00958035 0)
(0.116191 -0.00974865 0)
(0.11598 -0.00989999 0)
(0.115706 -0.0100317 0)
(0.115364 -0.0101413 0)
(0.114952 -0.0102262 0)
(0.114467 -0.0102839 0)
(0.113906 -0.0103122 0)
(0.113268 -0.0103091 0)
(0.112551 -0.010273 0)
(0.111755 -0.0102023 0)
(0.11088 -0.0100963 0)
(0.109927 -0.00995434 0)
(0.1089 -0.00977661 0)
(0.107801 -0.00956364 0)
(0.106635 -0.00931656 0)
(0.105407 -0.00903705 0)
(0.104125 -0.0087273 0)
(0.102796 -0.00838999 0)
(0.101429 -0.00802818 0)
(0.100032 -0.00764529 0)
(0.0986164 -0.00724495 0)
(0.0971908 -0.00683098 0)
(0.0957655 -0.00640721 0)
(0.0943501 -0.00597743 0)
(0.092954 -0.0055453 0)
(0.0915858 -0.00511427 0)
(0.0902534 -0.00468751 0)
(0.0889638 -0.00426786 0)
(0.0877232 -0.00385782 0)
(0.0865366 -0.00345952 0)
(0.0854078 -0.00307471 0)
(0.0843401 -0.00270481 0)
(0.0833352 -0.00235086 0)
(0.0823945 -0.00201363 0)
(0.081518 -0.00169361 0)
(0.0807055 -0.00139103 0)
(0.0799557 -0.00110593 0)
(0.0792672 -0.000838183 0)
(0.0786378 -0.000587506 0)
(0.0780652 -0.000353518 0)
(0.0775467 -0.000135752 0)
(0.0770794 6.63227e-05 0)
(0.0766605 0.000253282 0)
(0.0762868 0.000425732 0)
(0.0759553 0.000584294 0)
(0.0756631 0.000729599 0)
(0.0754071 0.000862279 0)
(0.0751844 0.000982961 0)
(0.0749923 0.00109226 0)
(0.0748282 0.00119079 0)
(0.0746894 0.00127913 0)
(0.0745735 0.00135786 0)
(0.0744784 0.00142755 0)
(0.0744019 0.00148874 0)
(0.0743419 0.00154196 0)
(0.0742968 0.00158771 0)
(0.0742647 0.00162649 0)
(0.074244 0.00165878 0)
(0.0742335 0.00168503 0)
(0.0742316 0.0017057 0)
(0.0742373 0.0017212 0)
(0.0742494 0.00173195 0)
(0.074267 0.00173834 0)
(0.0742891 0.00174074 0)
(0.0743149 0.00173951 0)
(0.0743438 0.001735 0)
(0.0743751 0.00172753 0)
(0.0744082 0.0017174 0)
(0.0744427 0.00170491 0)
(0.0744781 0.00169033 0)
(0.0745141 0.00167391 0)
(0.0745503 0.0016559 0)
(0.0745864 0.00163652 0)
(0.0746223 0.00161597 0)
(0.0746577 0.00159445 0)
(0.0746925 0.00157213 0)
(0.0747265 0.00154917 0)
(0.0747597 0.00152571 0)
(0.074792 0.00150188 0)
(0.0748233 0.0014778 0)
(0.0748536 0.00145358 0)
(0.0748829 0.00142929 0)
(0.0749111 0.00140503 0)
(0.0749383 0.00138085 0)
(0.0749645 0.0013568 0)
(0.0749896 0.00133294 0)
(0.0750138 0.0013093 0)
(0.0750369 0.0012859 0)
(0.0750592 0.00126276 0)
(0.0750805 0.00123989 0)
(0.0751009 0.00121728 0)
(0.0751204 0.00119495 0)
(0.0751392 0.00117287 0)
(0.0751571 0.00115103 0)
(0.0751742 0.00112941 0)
(0.0751906 0.00110799 0)
(0.0752061 0.00108673 0)
(0.075221 0.00106562 0)
(0.0752351 0.00104461 0)
(0.0752485 0.00102367 0)
(0.0752611 0.00100278 0)
(0.075273 0.000981879 0)
(0.0752842 0.000960946 0)
(0.0752946 0.000939941 0)
(0.0753043 0.000918828 0)
(0.0753131 0.000897572 0)
(0.0753212 0.000876139 0)
(0.0753284 0.000854498 0)
(0.0753348 0.000832618 0)
(0.0753403 0.000810472 0)
(0.075345 0.000788033 0)
(0.0753486 0.00076528 0)
(0.0753513 0.000742192 0)
(0.0753531 0.000718753 0)
(0.0753537 0.000694951 0)
(0.0753533 0.000670775 0)
(0.0753519 0.00064622 0)
(0.0753492 0.000621284 0)
(0.0753455 0.000595968 0)
(0.0753405 0.000570277 0)
(0.0753343 0.000544223 0)
(0.0753268 0.000517817 0)
(0.075318 0.000491079 0)
(0.075308 0.000464029 0)
(0.0752965 0.000436692 0)
(0.0752837 0.000409099 0)
(0.0752695 0.000381282 0)
(0.0752539 0.000353279 0)
(0.0752369 0.00032513 0)
(0.0752184 0.000296878 0)
(0.0751984 0.000268573 0)
(0.075177 0.000240263 0)
(0.075154 0.000212003 0)
(0.0751296 0.000183848 0)
(0.0751036 0.00015586 0)
(0.0750762 0.000128097 0)
(0.0750472 0.000100625 0)
(0.0750168 7.3509e-05 0)
(0.0749848 4.68152e-05 0)
(0.0749514 2.06119e-05 0)
(0.0749165 -5.03231e-06 0)
(0.0748802 -3.00488e-05 0)
(0.0748425 -5.43697e-05 0)
(0.0748035 -7.79285e-05 0)
(0.0747633 -0.000100663 0)
(0.0747219 -0.000122514 0)
(0.0746796 -0.000143438 0)
(0.0746365 -0.000163385 0)
(0.0745929 -0.000182391 0)
(0.0745494 -0.000200384 0)
(0.0745065 -0.000218787 0)
(0.0744664 -0.000233644 0)
(0.128149 -0.00212125 0)
(0.128096 -0.00262007 0)
(0.128026 -0.00299123 0)
(0.128002 -0.00326454 0)
(0.128028 -0.00347674 0)
(0.128098 -0.00365058 0)
(0.128201 -0.00379915 0)
(0.128329 -0.00392976 0)
(0.128471 -0.00404669 0)
(0.128622 -0.00415279 0)
(0.128775 -0.00425024 0)
(0.128927 -0.00434083 0)
(0.129074 -0.00442618 0)
(0.129212 -0.00450772 0)
(0.129339 -0.00458675 0)
(0.129453 -0.00466447 0)
(0.129553 -0.00474194 0)
(0.129637 -0.00482013 0)
(0.129703 -0.00489991 0)
(0.12975 -0.00498207 0)
(0.129778 -0.00506733 0)
(0.129786 -0.00515632 0)
(0.129773 -0.00524963 0)
(0.129737 -0.00534778 0)
(0.129679 -0.00545121 0)
(0.129598 -0.00556032 0)
(0.129492 -0.00567543 0)
(0.129361 -0.00579682 0)
(0.129205 -0.00592467 0)
(0.129021 -0.0060591 0)
(0.128809 -0.00620012 0)
(0.128567 -0.00634767 0)
(0.128295 -0.00650156 0)
(0.12799 -0.00666151 0)
(0.127651 -0.00682709 0)
(0.127276 -0.00699772 0)
(0.126863 -0.00717268 0)
(0.12641 -0.00735109 0)
(0.125914 -0.00753188 0)
(0.125374 -0.00771381 0)
(0.124785 -0.00789544 0)
(0.124146 -0.00807515 0)
(0.123454 -0.00825111 0)
(0.122705 -0.00842134 0)
(0.121897 -0.00858367 0)
(0.121025 -0.00873578 0)
(0.120088 -0.00887523 0)
(0.119082 -0.00899949 0)
(0.118004 -0.00910596 0)
(0.116852 -0.00919205 0)
(0.115625 -0.00925521 0)
(0.114319 -0.009293 0)
(0.112935 -0.00930315 0)
(0.111471 -0.00928364 0)
(0.10993 -0.00923276 0)
(0.108313 -0.00914917 0)
(0.106622 -0.009032 0)
(0.104861 -0.00888087 0)
(0.103037 -0.00869596 0)
(0.101155 -0.00847804 0)
(0.0992234 -0.00822846 0)
(0.0972518 -0.00794915 0)
(0.0952501 -0.0076426 0)
(0.0932295 -0.00731175 0)
(0.0912017 -0.00695997 0)
(0.089179 -0.00659093 0)
(0.0871737 -0.00620848 0)
(0.085198 -0.00581656 0)
(0.0832636 -0.00541907 0)
(0.0813816 -0.00501978 0)
(0.079562 -0.00462221 0)
(0.0778135 -0.00422958 0)
(0.0761437 -0.00384472 0)
(0.0745586 -0.00347007 0)
(0.073063 -0.00310763 0)
(0.0716601 -0.00275897 0)
(0.0703516 -0.00242527 0)
(0.0691383 -0.00210734 0)
(0.0680196 -0.00180563 0)
(0.066994 -0.00152035 0)
(0.0660593 -0.00125145 0)
(0.0652126 -0.000998686 0)
(0.0644502 -0.000761691 0)
(0.0637684 -0.000539984 0)
(0.063163 -0.000333017 0)
(0.0626298 -0.000140195 0)
(0.0621643 3.90952e-05 0)
(0.0617621 0.000205474 0)
(0.0614189 0.000359557 0)
(0.0611304 0.000501944 0)
(0.0608926 0.000633215 0)
(0.0607013 0.000753929 0)
(0.0605529 0.000864622 0)
(0.0604437 0.000965805 0)
(0.0603702 0.00105797 0)
(0.0603292 0.00114158 0)
(0.0603177 0.00121708 0)
(0.0603327 0.00128491 0)
(0.0603716 0.00134548 0)
(0.0604318 0.00139918 0)
(0.0605111 0.0014464 0)
(0.0606073 0.00148751 0)
(0.0607183 0.00152287 0)
(0.0608424 0.00155282 0)
(0.0609777 0.0015777 0)
(0.0611228 0.00159784 0)
(0.0612762 0.00161355 0)
(0.0614365 0.00162515 0)
(0.0616026 0.00163293 0)
(0.0617734 0.00163717 0)
(0.0619479 0.00163816 0)
(0.0621252 0.00163616 0)
(0.0623045 0.00163144 0)
(0.0624852 0.00162424 0)
(0.0626664 0.00161479 0)
(0.0628478 0.00160332 0)
(0.0630288 0.00159006 0)
(0.063209 0.00157519 0)
(0.0633879 0.00155892 0)
(0.0635654 0.00154143 0)
(0.063741 0.00152288 0)
(0.0639147 0.00150344 0)
(0.0640861 0.00148325 0)
(0.0642552 0.00146244 0)
(0.0644217 0.00144115 0)
(0.0645857 0.00141947 0)
(0.064747 0.00139753 0)
(0.0649057 0.00137539 0)
(0.0650616 0.00135316 0)
(0.0652147 0.0013309 0)
(0.0653651 0.00130866 0)
(0.0655128 0.00128651 0)
(0.0656578 0.00126448 0)
(0.0658001 0.00124262 0)
(0.0659397 0.00122095 0)
(0.0660768 0.00119949 0)
(0.0662113 0.00117825 0)
(0.0663432 0.00115724 0)
(0.0664727 0.00113646 0)
(0.0665998 0.00111591 0)
(0.0667244 0.00109558 0)
(0.0668467 0.00107545 0)
(0.0669667 0.00105551 0)
(0.0670844 0.00103574 0)
(0.0671998 0.00101611 0)
(0.0673129 0.000996598 0)
(0.0674238 0.000977176 0)
(0.0675325 0.000957814 0)
(0.067639 0.00093848 0)
(0.0677432 0.000919145 0)
(0.0678453 0.000899775 0)
(0.067945 0.00088034 0)
(0.0680426 0.000860808 0)
(0.0681378 0.000841148 0)
(0.0682307 0.000821331 0)
(0.0683213 0.00080133 0)
(0.0684095 0.000781116 0)
(0.0684954 0.000760668 0)
(0.0685787 0.000739961 0)
(0.0686596 0.000718976 0)
(0.0687379 0.000697696 0)
(0.0688136 0.000676107 0)
(0.0688866 0.000654198 0)
(0.0689569 0.00063196 0)
(0.0690245 0.000609388 0)
(0.0690892 0.000586481 0)
(0.069151 0.000563241 0)
(0.0692099 0.000539674 0)
(0.0692658 0.000515789 0)
(0.0693186 0.0004916 0)
(0.0693682 0.000467122 0)
(0.0694148 0.000442376 0)
(0.069458 0.000417386 0)
(0.069498 0.00039218 0)
(0.0695347 0.000366788 0)
(0.069568 0.000341246 0)
(0.0695979 0.000315591 0)
(0.0696244 0.000289865 0)
(0.0696473 0.000264112 0)
(0.0696668 0.000238378 0)
(0.0696827 0.000212715 0)
(0.0696951 0.000187174 0)
(0.0697039 0.00016181 0)
(0.0697091 0.00013668 0)
(0.0697108 0.000111842 0)
(0.0697089 8.73558e-05 0)
(0.0697035 6.32807e-05 0)
(0.0696946 3.9677e-05 0)
(0.0696822 1.66032e-05 0)
(0.0696664 -5.8839e-06 0)
(0.0696472 -2.77323e-05 0)
(0.0696247 -4.88969e-05 0)
(0.0695991 -6.93422e-05 0)
(0.0695705 -8.90471e-05 0)
(0.0695391 -0.00010803 0)
(0.069505 -0.000126298 0)
(0.0694687 -0.000144034 0)
(0.0694304 -0.000161107 0)
(0.0693906 -0.000179666 0)
(0.069349 -0.000196787 0)
(0.14652 -0.00176108 0)
(0.146269 -0.00216228 0)
(0.145962 -0.00252346 0)
(0.145632 -0.00283373 0)
(0.1453 -0.00309718 0)
(0.144973 -0.00332139 0)
(0.144648 -0.00351325 0)
(0.144323 -0.00367826 0)
(0.143992 -0.00382083 0)
(0.143652 -0.00394465 0)
(0.1433 -0.0040529 0)
(0.142933 -0.00414835 0)
(0.142548 -0.00423351 0)
(0.142145 -0.00431057 0)
(0.14172 -0.0043815 0)
(0.141275 -0.00444804 0)
(0.140806 -0.00451175 0)
(0.140315 -0.00457398 0)
(0.139799 -0.00463594 0)
(0.139258 -0.00469868 0)
(0.138691 -0.00476312 0)
(0.138097 -0.00483006 0)
(0.137476 -0.0049002 0)
(0.136827 -0.00497414 0)
(0.136149 -0.00505235 0)
(0.135441 -0.00513526 0)
(0.134701 -0.00522317 0)
(0.133929 -0.00531631 0)
(0.133123 -0.00541481 0)
(0.132281 -0.0055187 0)
(0.131402 -0.00562791 0)
(0.130485 -0.00574226 0)
(0.129526 -0.00586144 0)
(0.128525 -0.00598502 0)
(0.127478 -0.00611243 0)
(0.126384 -0.00624294 0)
(0.12524 -0.00637566 0)
(0.124044 -0.00650954 0)
(0.122792 -0.00664334 0)
(0.121483 -0.00677565 0)
(0.120113 -0.00690488 0)
(0.11868 -0.00702926 0)
(0.11718 -0.00714686 0)
(0.115613 -0.0072556 0)
(0.113975 -0.00735328 0)
(0.112264 -0.0074376 0)
(0.11048 -0.00750622 0)
(0.10862 -0.0075568 0)
(0.106685 -0.00758704 0)
(0.104676 -0.00759477 0)
(0.102593 -0.00757801 0)
(0.10044 -0.00753504 0)
(0.0982185 -0.00746444 0)
(0.0959352 -0.00736522 0)
(0.0935959 -0.00723684 0)
(0.0912081 -0.00707928 0)
(0.088781 -0.00689307 0)
(0.086325 -0.00667932 0)
(0.0838517 -0.00643975 0)
(0.0813739 -0.00617661 0)
(0.0789049 -0.00589269 0)
(0.0764589 -0.0055912 0)
(0.0740498 -0.0052757 0)
(0.0716916 -0.00494995 0)
(0.0693976 -0.00461777 0)
(0.0671802 -0.00428294 0)
(0.0650502 -0.00394901 0)
(0.0630174 -0.00361922 0)
(0.0610893 -0.00329642 0)
(0.0592721 -0.00298297 0)
(0.0575698 -0.00268076 0)
(0.0559848 -0.00239117 0)
(0.0545178 -0.00211514 0)
(0.0531682 -0.00185321 0)
(0.0519339 -0.00160555 0)
(0.0508118 -0.00137208 0)
(0.0497982 -0.0011525 0)
(0.0488885 -0.000946353 0)
(0.0480777 -0.000753091 0)
(0.0473608 -0.000572111 0)
(0.0467323 -0.000402786 0)
(0.0461869 -0.000244495 0)
(0.0457192 -9.6631e-05 0)
(0.045324 4.13808e-05 0)
(0.0449963 0.000170082 0)
(0.0447312 0.000289975 0)
(0.0445241 0.00040153 0)
(0.0443704 0.000505177 0)
(0.0442661 0.000601317 0)
(0.0442071 0.00069032 0)
(0.0441898 0.000772528 0)
(0.0442105 0.000848262 0)
(0.0442659 0.00091782 0)
(0.044353 0.000981486 0)
(0.0444687 0.00103952 0)
(0.0446104 0.00109219 0)
(0.0447755 0.00113973 0)
(0.0449616 0.00118237 0)
(0.0451664 0.00122034 0)
(0.0453879 0.00125386 0)
(0.0456241 0.00128314 0)
(0.0458732 0.0013084 0)
(0.0461335 0.00132985 0)
(0.0464035 0.00134768 0)
(0.0466817 0.00136209 0)
(0.0469669 0.00137329 0)
(0.0472576 0.00138147 0)
(0.047553 0.00138681 0)
(0.0478518 0.00138951 0)
(0.0481533 0.00138975 0)
(0.0484564 0.00138772 0)
(0.0487605 0.00138358 0)
(0.0490649 0.00137751 0)
(0.0493689 0.00136967 0)
(0.0496719 0.00136023 0)
(0.0499735 0.00134935 0)
(0.0502732 0.00133717 0)
(0.0505706 0.00132383 0)
(0.0508654 0.00130948 0)
(0.0511572 0.00129423 0)
(0.0514459 0.00127822 0)
(0.0517312 0.00126155 0)
(0.052013 0.00124434 0)
(0.052291 0.00122667 0)
(0.0525653 0.00120865 0)
(0.0528356 0.00119036 0)
(0.053102 0.00117187 0)
(0.0533643 0.00115325 0)
(0.0536226 0.00113456 0)
(0.0538769 0.00111586 0)
(0.0541271 0.00109719 0)
(0.0543733 0.00107859 0)
(0.0546154 0.00106009 0)
(0.0548536 0.00104173 0)
(0.0550878 0.00102352 0)
(0.0553182 0.00100548 0)
(0.0555446 0.000987613 0)
(0.0557673 0.000969933 0)
(0.0559862 0.000952436 0)
(0.0562014 0.000935121 0)
(0.0564129 0.000917978 0)
(0.0566208 0.000900997 0)
(0.056825 0.000884165 0)
(0.0570257 0.000867465 0)
(0.0572229 0.000850877 0)
(0.0574165 0.000834381 0)
(0.0576066 0.000817954 0)
(0.0577932 0.000801573 0)
(0.0579763 0.000785213 0)
(0.0581559 0.000768848 0)
(0.058332 0.000752453 0)
(0.0585046 0.000736002 0)
(0.0586736 0.000719471 0)
(0.0588391 0.000702834 0)
(0.0590009 0.000686069 0)
(0.0591591 0.000669152 0)
(0.0593135 0.000652062 0)
(0.0594642 0.000634781 0)
(0.0596111 0.000617291 0)
(0.0597541 0.000599575 0)
(0.0598932 0.000581622 0)
(0.0600283 0.000563419 0)
(0.0601593 0.000544959 0)
(0.0602861 0.000526236 0)
(0.0604087 0.000507248 0)
(0.060527 0.000487994 0)
(0.0606408 0.000468478 0)
(0.0607503 0.000448706 0)
(0.0608551 0.000428687 0)
(0.0609554 0.000408434 0)
(0.0610509 0.000387962 0)
(0.0611416 0.00036729 0)
(0.0612276 0.000346441 0)
(0.0613085 0.000325439 0)
(0.0613846 0.000304312 0)
(0.0614555 0.000283091 0)
(0.0615214 0.000261809 0)
(0.0615822 0.000240505 0)
(0.0616377 0.000219215 0)
(0.0616881 0.000197983 0)
(0.0617332 0.000176851 0)
(0.0617731 0.000155864 0)
(0.0618077 0.000135071 0)
(0.061837 0.000114519 0)
(0.0618612 9.42578e-05 0)
(0.0618801 7.4337e-05 0)
(0.0618938 5.48057e-05 0)
(0.0619024 3.57115e-05 0)
(0.061906 1.71e-05 0)
(0.0619046 -9.89219e-07 0)
(0.0618983 -1.85218e-05 0)
(0.0618872 -3.5475e-05 0)
(0.0618716 -5.18485e-05 0)
(0.0618515 -6.76399e-05 0)
(0.0618271 -8.29522e-05 0)
(0.0617988 -9.77845e-05 0)
(0.0617667 -0.000112592 0)
(0.0617314 -0.000126675 0)
(0.0616926 -0.000143398 0)
(0.061648 -0.000160494 0)
(0.145998 -0.00151988 0)
(0.14563 -0.00186181 0)
(0.145183 -0.00218055 0)
(0.144674 -0.00246159 0)
(0.144117 -0.00270186 0)
(0.143519 -0.00290383 0)
(0.142884 -0.003072 0)
(0.142212 -0.00321126 0)
(0.141504 -0.00332626 0)
(0.140762 -0.00342121 0)
(0.139985 -0.00349979 0)
(0.139175 -0.00356521 0)
(0.138332 -0.00362023 0)
(0.137458 -0.00366724 0)
(0.136553 -0.00370832 0)
(0.135618 -0.00374523 0)
(0.134653 -0.00377952 0)
(0.133659 -0.0038125 0)
(0.132636 -0.00384529 0)
(0.131583 -0.00387886 0)
(0.130501 -0.00391401 0)
(0.129388 -0.00395143 0)
(0.128245 -0.00399167 0)
(0.127071 -0.00403517 0)
(0.125864 -0.00408228 0)
(0.124624 -0.00413325 0)
(0.123348 -0.00418821 0)
(0.122037 -0.00424724 0)
(0.120687 -0.0043103 0)
(0.119298 -0.00437723 0)
(0.117867 -0.00444782 0)
(0.116393 -0.0045217 0)
(0.114872 -0.00459841 0)
(0.113304 -0.00467735 0)
(0.111685 -0.00475782 0)
(0.110013 -0.00483894 0)
(0.108287 -0.00491972 0)
(0.106503 -0.00499901 0)
(0.104661 -0.00507551 0)
(0.102757 -0.0051478 0)
(0.100791 -0.0052143 0)
(0.0987613 -0.00527334 0)
(0.0966669 -0.00532313 0)
(0.0945079 -0.00536183 0)
(0.0922847 -0.00538759 0)
(0.0899986 -0.00539855 0)
(0.0876519 -0.00539295 0)
(0.0852478 -0.00536917 0)
(0.0827909 -0.0053258 0)
(0.080287 -0.00526171 0)
(0.077743 -0.00517612 0)
(0.0751674 -0.00506868 0)
(0.0725701 -0.00493951 0)
(0.0699621 -0.00478925 0)
(0.0673557 -0.00461907 0)
(0.0647639 -0.00443068 0)
(0.0622006 -0.00422624 0)
(0.0596797 -0.00400838 0)
(0.0572151 -0.00378002 0)
(0.0548204 -0.00354429 0)
(0.052508 -0.00330436 0)
(0.0502891 -0.00306335 0)
(0.0481733 -0.00282412 0)
(0.0461685 -0.0025892 0)
(0.0442806 -0.00236073 0)
(0.0425135 -0.00214034 0)
(0.0408692 -0.00192925 0)
(0.0393481 -0.0017282 0)
(0.0379489 -0.00153757 0)
(0.0366692 -0.00135745 0)
(0.0355052 -0.00118766 0)
(0.0344528 -0.00102787 0)
(0.0335069 -0.000877641 0)
(0.0326623 -0.000736492 0)
(0.0319136 -0.000603907 0)
(0.0312552 -0.000479376 0)
(0.0306816 -0.000362412 0)
(0.0301877 -0.000252552 0)
(0.0297681 -0.000149366 0)
(0.0294181 -5.24554e-05 0)
(0.0291328 3.85482e-05 0)
(0.0289079 0.000123982 0)
(0.028739 0.000204156 0)
(0.0286223 0.000279353 0)
(0.0285538 0.000349829 0)
(0.0285301 0.000415819 0)
(0.0285478 0.000477535 0)
(0.0286037 0.00053517 0)
(0.0286948 0.000588896 0)
(0.0288184 0.000638874 0)
(0.0289718 0.000685246 0)
(0.0291524 0.000728146 0)
(0.029358 0.000767697 0)
(0.0295864 0.000804013 0)
(0.0298353 0.000837204 0)
(0.030103 0.000867375 0)
(0.0303874 0.000894625 0)
(0.0306869 0.000919055 0)
(0.0309999 0.000940763 0)
(0.0313247 0.000959846 0)
(0.0316599 0.000976405 0)
(0.0320042 0.000990538 0)
(0.0323563 0.00100235 0)
(0.0327149 0.00101193 0)
(0.033079 0.0010194 0)
(0.0334476 0.00102485 0)
(0.0338196 0.00102839 0)
(0.0341942 0.00103013 0)
(0.0345704 0.00103018 0)
(0.0349477 0.00102865 0)
(0.0353252 0.00102563 0)
(0.0357023 0.00102124 0)
(0.0360784 0.00101559 0)
(0.0364529 0.00100877 0)
(0.0368255 0.00100089 0)
(0.0371956 0.000992051 0)
(0.0375629 0.000982347 0)
(0.037927 0.000971872 0)
(0.0382876 0.000960714 0)
(0.0386445 0.000948961 0)
(0.0389973 0.000936692 0)
(0.039346 0.000923986 0)
(0.0396904 0.000910914 0)
(0.0400302 0.000897544 0)
(0.0403655 0.000883939 0)
(0.0406961 0.000870155 0)
(0.0410219 0.000856246 0)
(0.0413429 0.000842259 0)
(0.0416591 0.000828235 0)
(0.0419705 0.000814213 0)
(0.042277 0.000800225 0)
(0.0425787 0.000786298 0)
(0.0428755 0.000772456 0)
(0.0431676 0.000758717 0)
(0.043455 0.000745097 0)
(0.0437376 0.000731605 0)
(0.0440155 0.000718249 0)
(0.0442889 0.000705032 0)
(0.0445576 0.000691954 0)
(0.0448218 0.000679012 0)
(0.0450814 0.0006662 0)
(0.0453366 0.000653511 0)
(0.0455874 0.000640933 0)
(0.0458337 0.000628454 0)
(0.0460757 0.000616061 0)
(0.0463133 0.000603737 0)
(0.0465465 0.000591467 0)
(0.0467754 0.000579233 0)
(0.0469999 0.000567017 0)
(0.0472201 0.0005548 0)
(0.0474359 0.000542564 0)
(0.0476474 0.00053029 0)
(0.0478544 0.00051796 0)
(0.0480569 0.000505557 0)
(0.0482549 0.000493064 0)
(0.0484484 0.000480464 0)
(0.0486373 0.000467743 0)
(0.0488216 0.000454888 0)
(0.0490011 0.000441885 0)
(0.0491758 0.000428726 0)
(0.0493457 0.000415401 0)
(0.0495106 0.000401904 0)
(0.0496704 0.000388229 0)
(0.0498252 0.000374375 0)
(0.0499747 0.00036034 0)
(0.050119 0.000346127 0)
(0.0502579 0.000331739 0)
(0.0503913 0.000317183 0)
(0.0505191 0.000302468 0)
(0.0506414 0.000287606 0)
(0.0507579 0.000272609 0)
(0.0508686 0.000257494 0)
(0.0509735 0.00024228 0)
(0.0510724 0.000226986 0)
(0.0511654 0.000211637 0)
(0.0512523 0.000196256 0)
(0.0513331 0.000180872 0)
(0.0514078 0.000165512 0)
(0.0514763 0.000150208 0)
(0.0515386 0.000134992 0)
(0.0515948 0.000119898 0)
(0.0516448 0.00010496 0)
(0.0516886 9.02151e-05 0)
(0.0517263 7.56983e-05 0)
(0.051758 6.14464e-05 0)
(0.0517836 4.7495e-05 0)
(0.0518033 3.38784e-05 0)
(0.0518171 2.06289e-05 0)
(0.0518251 7.77407e-06 0)
(0.0518276 -4.6625e-06 0)
(0.0518246 -1.66709e-05 0)
(0.0518162 -2.82452e-05 0)
(0.0518027 -3.94156e-05 0)
(0.0517843 -5.02122e-05 0)
(0.0517611 -6.07825e-05 0)
(0.0517333 -7.1048e-05 0)
(0.0517012 -8.20979e-05 0)
(0.0516656 -9.18063e-05 0)
(0.0516259 -0.000105193 0)
(0.0515759 -0.000122452 0)
(0.126619 -0.00123127 0)
(0.126096 -0.00148388 0)
(0.12547 -0.00171927 0)
(0.12475 -0.00192439 0)
(0.123948 -0.00209467 0)
(0.123071 -0.00223119 0)
(0.122129 -0.00233781 0)
(0.121128 -0.00241936 0)
(0.120073 -0.00248059 0)
(0.11897 -0.00252572 0)
(0.117824 -0.00255832 0)
(0.116639 -0.00258134 0)
(0.11542 -0.00259718 0)
(0.114169 -0.00260783 0)
(0.112889 -0.00261491 0)
(0.111583 -0.00261979 0)
(0.110253 -0.00262361 0)
(0.108898 -0.00262731 0)
(0.107521 -0.00263167 0)
(0.106121 -0.00263733 0)
(0.104699 -0.00264479 0)
(0.103253 -0.00265447 0)
(0.101785 -0.00266663 0)
(0.100292 -0.0026815 0)
(0.0987732 -0.00269916 0)
(0.097228 -0.00271965 0)
(0.0956547 -0.00274292 0)
(0.0940517 -0.00276883 0)
(0.0924173 -0.00279715 0)
(0.0907497 -0.0028276 0)
(0.0890471 -0.00285978 0)
(0.0873078 -0.00289323 0)
(0.0855301 -0.00292737 0)
(0.0837122 -0.00296155 0)
(0.0818528 -0.00299501 0)
(0.0799507 -0.00302691 0)
(0.078005 -0.0030563 0)
(0.0760152 -0.00308217 0)
(0.0739812 -0.00310342 0)
(0.0719035 -0.00311892 0)
(0.0697836 -0.00312749 0)
(0.0676232 -0.00312798 0)
(0.0654253 -0.00311924 0)
(0.0631936 -0.00310025 0)
(0.060933 -0.00307011 0)
(0.0586494 -0.0030281 0)
(0.0563496 -0.00297375 0)
(0.0540417 -0.00290688 0)
(0.0517347 -0.00282763 0)
(0.0494385 -0.0027365 0)
(0.0471635 -0.00263433 0)
(0.0449207 -0.00252232 0)
(0.0427214 -0.00240192 0)
(0.0405765 -0.00227482 0)
(0.0384967 -0.00214285 0)
(0.0364915 -0.00200788 0)
(0.0345699 -0.00187175 0)
(0.032739 -0.00173612 0)
(0.0310047 -0.00160249 0)
(0.0293712 -0.0014721 0)
(0.0278411 -0.0013459 0)
(0.0264155 -0.00122458 0)
(0.0250941 -0.00110858 0)
(0.0238755 -0.000998133 0)
(0.0227572 -0.000893311 0)
(0.0217362 -0.000794057 0)
(0.0208087 -0.000700238 0)
(0.0199707 -0.000611669 0)
(0.019218 -0.000528138 0)
(0.0185461 -0.000449422 0)
(0.0179508 -0.000375289 0)
(0.0174276 -0.000305507 0)
(0.0169723 -0.000239844 0)
(0.0165809 -0.000178065 0)
(0.0162494 -0.000119936 0)
(0.015974 -6.52271e-05 0)
(0.0157512 -1.37121e-05 0)
(0.0155776 3.48269e-05 0)
(0.0154501 8.05963e-05 0)
(0.0153656 0.000123788 0)
(0.0153213 0.000164576 0)
(0.0153146 0.000203118 0)
(0.0153429 0.000239551 0)
(0.015404 0.000273992 0)
(0.0154957 0.000306543 0)
(0.0156157 0.000337287 0)
(0.0157623 0.000366294 0)
(0.0159335 0.000393619 0)
(0.0161275 0.000419308 0)
(0.0163427 0.000443399 0)
(0.0165775 0.000465922 0)
(0.0168303 0.000486904 0)
(0.0170998 0.000506367 0)
(0.0173844 0.000524332 0)
(0.0176829 0.000540819 0)
(0.0179941 0.00055585 0)
(0.0183166 0.000569447 0)
(0.0186493 0.000581634 0)
(0.0189912 0.000592438 0)
(0.0193411 0.000601887 0)
(0.019698 0.000610014 0)
(0.020061 0.000616855 0)
(0.020429 0.000622448 0)
(0.0208014 0.000626836 0)
(0.0211771 0.000630062 0)
(0.0215555 0.000632174 0)
(0.0219357 0.000633223 0)
(0.0223172 0.00063326 0)
(0.0226991 0.00063234 0)
(0.023081 0.000630519 0)
(0.0234622 0.000627854 0)
(0.0238422 0.000624401 0)
(0.0242206 0.00062022 0)
(0.0245968 0.000615368 0)
(0.0249705 0.000609904 0)
(0.0253414 0.000603883 0)
(0.0257089 0.000597362 0)
(0.026073 0.000590395 0)
(0.0264333 0.000583035 0)
(0.0267895 0.000575333 0)
(0.0271415 0.000567336 0)
(0.0274891 0.000559092 0)
(0.0278321 0.000550643 0)
(0.0281705 0.00054203 0)
(0.028504 0.000533291 0)
(0.0288327 0.00052446 0)
(0.0291565 0.00051557 0)
(0.0294753 0.000506648 0)
(0.0297892 0.000497721 0)
(0.030098 0.000488812 0)
(0.0304018 0.000479938 0)
(0.0307006 0.000471119 0)
(0.0309945 0.000462366 0)
(0.0312834 0.000453692 0)
(0.0315674 0.000445104 0)
(0.0318465 0.00043661 0)
(0.0321208 0.000428211 0)
(0.0323902 0.000419911 0)
(0.032655 0.000411709 0)
(0.032915 0.000403601 0)
(0.0331703 0.000395585 0)
(0.033421 0.000387654 0)
(0.0336671 0.000379801 0)
(0.0339086 0.000372019 0)
(0.0341456 0.000364298 0)
(0.034378 0.000356629 0)
(0.0346059 0.000349001 0)
(0.0348293 0.000341402 0)
(0.0350482 0.000333822 0)
(0.0352626 0.000326248 0)
(0.0354724 0.00031867 0)
(0.0356777 0.000311076 0)
(0.0358784 0.000303455 0)
(0.0360745 0.000295796 0)
(0.0362659 0.000288089 0)
(0.0364527 0.000280325 0)
(0.0366347 0.000272495 0)
(0.0368119 0.000264591 0)
(0.0369843 0.000256607 0)
(0.0371517 0.000248538 0)
(0.0373141 0.000240378 0)
(0.0374714 0.000232125 0)
(0.0376236 0.000223777 0)
(0.0377706 0.000215333 0)
(0.0379123 0.000206795 0)
(0.0380486 0.000198165 0)
(0.0381794 0.000189448 0)
(0.0383047 0.000180648 0)
(0.0384245 0.000171773 0)
(0.0385385 0.000162831 0)
(0.0386468 0.000153832 0)
(0.0387493 0.000144788 0)
(0.038846 0.000135712 0)
(0.0389368 0.000126618 0)
(0.0390217 0.000117521 0)
(0.0391006 0.000108439 0)
(0.0391736 9.93882e-05 0)
(0.0392405 9.0389e-05 0)
(0.0393015 8.14606e-05 0)
(0.0393565 7.26236e-05 0)
(0.0394056 6.38991e-05 0)
(0.0394489 5.53086e-05 0)
(0.0394862 4.68738e-05 0)
(0.0395178 3.86163e-05 0)
(0.0395437 3.05569e-05 0)
(0.0395641 2.27158e-05 0)
(0.039579 1.51112e-05 0)
(0.0395885 7.75833e-06 0)
(0.0395928 6.69841e-07 0)
(0.0395921 -6.152e-06 0)
(0.0395864 -1.27028e-05 0)
(0.0395761 -1.90136e-05 0)
(0.0395612 -2.51051e-05 0)
(0.039542 -3.10102e-05 0)
(0.0395185 -3.70876e-05 0)
(0.0394913 -4.25539e-05 0)
(0.0394595 -5.02703e-05 0)
(0.0394246 -5.53705e-05 0)
(0.0393876 -6.44593e-05 0)
(0.0393336 -8.30219e-05 0)
(0.0882245 -0.000802866 0)
(0.0875249 -0.000957045 0)
(0.086706 -0.00108642 0)
(0.0857814 -0.00118339 0)
(0.084768 -0.00124782 0)
(0.0836832 -0.00128437 0)
(0.0825422 -0.00129959 0)
(0.081358 -0.00129985 0)
(0.0801409 -0.00129039 0)
(0.0788993 -0.00127512 0)
(0.0776397 -0.00125672 0)
(0.0763669 -0.001237 0)
(0.0750846 -0.00121715 0)
(0.0737953 -0.00119796 0)
(0.0725011 -0.00117998 0)
(0.0712029 -0.00116361 0)
(0.0699014 -0.00114911 0)
(0.0685967 -0.00113665 0)
(0.0672885 -0.00112634 0)
(0.0659763 -0.0011182 0)
(0.0646592 -0.00111222 0)
(0.0633361 -0.00110833 0)
(0.0620058 -0.00110641 0)
(0.060667 -0.00110631 0)
(0.0593182 -0.00110786 0)
(0.057958 -0.00111084 0)
(0.0565849 -0.00111501 0)
(0.0551976 -0.0011201 0)
(0.0537948 -0.00112581 0)
(0.0523752 -0.00113182 0)
(0.0509381 -0.00113778 0)
(0.0494825 -0.00114332 0)
(0.0480081 -0.00114803 0)
(0.0465147 -0.0011515 0)
(0.0450027 -0.0011533 0)
(0.0434727 -0.001153 0)
(0.0419261 -0.00115018 0)
(0.0403645 -0.00114444 0)
(0.0387904 -0.00113539 0)
(0.0372067 -0.00112273 0)
(0.0356171 -0.00110619 0)
(0.0340258 -0.00108562 0)
(0.0324376 -0.00106092 0)
(0.0308577 -0.00103215 0)
(0.029292 -0.000999473 0)
(0.0277466 -0.000963161 0)
(0.0262277 -0.000923614 0)
(0.0247415 -0.000881331 0)
(0.0232943 -0.000836887 0)
(0.0218918 -0.000790902 0)
(0.0205394 -0.000744008 0)
(0.0192418 -0.000696806 0)
(0.0180031 -0.000649832 0)
(0.0168266 -0.00060353 0)
(0.0157148 -0.000558234 0)
(0.0146694 -0.000514164 0)
(0.0136913 -0.000471436 0)
(0.0127806 -0.000430096 0)
(0.0119369 -0.000390145 0)
(0.0111591 -0.000351579 0)
(0.0104456 -0.00031442 0)
(0.00979433 -0.000278726 0)
(0.00920301 -0.000244592 0)
(0.00866907 -0.000212139 0)
(0.00818978 -0.000181482 0)
(0.00776232 -0.000152709 0)
(0.00738389 -0.00012586 0)
(0.00705168 -0.000100917 0)
(0.00676297 -7.78014e-05 0)
(0.00651514 -5.63904e-05 0)
(0.00630569 -3.65276e-05 0)
(0.00613224 -1.80412e-05 0)
(0.00599257 -7.59424e-07 0)
(0.0058846 1.54782e-05 0)
(0.00580638 3.08137e-05 0)
(0.00575611 4.53672e-05 0)
(0.00573211 5.9237e-05 0)
(0.00573283 7.25007e-05 0)
(0.00575684 8.52183e-05 0)
(0.0058028 9.74348e-05 0)
(0.00586946 0.000109183 0)
(0.00595566 0.000120488 0)
(0.00606032 0.000131364 0)
(0.00618239 0.000141821 0)
(0.00632091 0.000151864 0)
(0.00647494 0.000161494 0)
(0.00664359 0.000170709 0)
(0.00682599 0.000179502 0)
(0.00702133 0.000187868 0)
(0.00722877 0.000195798 0)
(0.00744753 0.000203281 0)
(0.00767684 0.00021031 0)
(0.00791594 0.000216875 0)
(0.00816407 0.000222966 0)
(0.00842051 0.000228576 0)
(0.00868453 0.0002337 0)
(0.00895543 0.000238332 0)
(0.00923251 0.00024247 0)
(0.0095151 0.000246114 0)
(0.00980253 0.000249265 0)
(0.0100942 0.000251927 0)
(0.0103893 0.000254108 0)
(0.0106875 0.000255814 0)
(0.010988 0.000257058 0)
(0.0112903 0.000257853 0)
(0.0115939 0.000258213 0)
(0.0118983 0.000258155 0)
(0.0122028 0.000257698 0)
(0.0125072 0.000256862 0)
(0.0128109 0.000255667 0)
(0.0131135 0.000254136 0)
(0.0134146 0.000252291 0)
(0.013714 0.000250156 0)
(0.0140112 0.000247756 0)
(0.0143059 0.000245112 0)
(0.0145979 0.00024225 0)
(0.0148869 0.000239193 0)
(0.0151727 0.000235963 0)
(0.0154551 0.000232583 0)
(0.015734 0.000229075 0)
(0.0160091 0.000225459 0)
(0.0162803 0.000221754 0)
(0.0165476 0.00021798 0)
(0.0168109 0.000214153 0)
(0.01707 0.00021029 0)
(0.0173249 0.000206405 0)
(0.0175757 0.000202511 0)
(0.0178222 0.000198621 0)
(0.0180645 0.000194745 0)
(0.0183025 0.000190892 0)
(0.0185364 0.00018707 0)
(0.018766 0.000183287 0)
(0.0189914 0.000179547 0)
(0.0192127 0.000175855 0)
(0.0194299 0.000172214 0)
(0.0196429 0.000168625 0)
(0.019852 0.00016509 0)
(0.0200571 0.00016161 0)
(0.0202582 0.000158182 0)
(0.0204555 0.000154807 0)
(0.0206489 0.000151481 0)
(0.0208384 0.000148202 0)
(0.0210242 0.000144966 0)
(0.0212062 0.00014177 0)
(0.0213845 0.000138609 0)
(0.0215591 0.000135479 0)
(0.0217301 0.000132376 0)
(0.0218973 0.000129293 0)
(0.0220609 0.000126228 0)
(0.0222208 0.000123173 0)
(0.022377 0.000120126 0)
(0.0225296 0.00011708 0)
(0.0226785 0.000114031 0)
(0.0228237 0.000110976 0)
(0.0229651 0.000107909 0)
(0.0231028 0.000104828 0)
(0.0232367 0.000101728 0)
(0.0233667 9.86075e-05 0)
(0.0234929 9.54635e-05 0)
(0.0236152 9.2294e-05 0)
(0.0237335 8.90979e-05 0)
(0.0238477 8.58742e-05 0)
(0.023958 8.26226e-05 0)
(0.0240641 7.93435e-05 0)
(0.024166 7.60379e-05 0)
(0.0242638 7.27073e-05 0)
(0.0243573 6.93538e-05 0)
(0.0244465 6.59803e-05 0)
(0.0245314 6.259e-05 0)
(0.0246119 5.91869e-05 0)
(0.024688 5.57756e-05 0)
(0.0247597 5.2361e-05 0)
(0.024827 4.89488e-05 0)
(0.0248898 4.55449e-05 0)
(0.0249481 4.21558e-05 0)
(0.025002 3.87884e-05 0)
(0.0250514 3.54499e-05 0)
(0.0250964 3.21478e-05 0)
(0.025137 2.88898e-05 0)
(0.0251733 2.56839e-05 0)
(0.0252052 2.25378e-05 0)
(0.0252329 1.94597e-05 0)
(0.0252565 1.64572e-05 0)
(0.0252759 1.35378e-05 0)
(0.0252914 1.07083e-05 0)
(0.025303 7.97491e-06 0)
(0.0253107 5.3424e-06 0)
(0.0253149 2.81329e-06 0)
(0.0253155 3.8854e-07 0)
(0.0253127 -1.93702e-06 0)
(0.0253067 -4.17514e-06 0)
(0.0252975 -6.32792e-06 0)
(0.0252853 -8.50791e-06 0)
(0.0252702 -1.04986e-05 0)
(0.0252522 -1.31719e-05 0)
(0.0252314 -1.475e-05 0)
(0.0252082 -1.94008e-05 0)
(0.0251788 -2.14634e-05 0)
(0.025156 -2.57915e-05 0)
(0.0251041 -4.52208e-05 0)
(0.0327327 -0.000233739 0)
(0.0321349 -0.00025649 0)
(0.0314762 -0.000258628 0)
(0.0307832 -0.000244037 0)
(0.0300768 -0.000219741 0)
(0.0293704 -0.000192736 0)
(0.0286711 -0.000167951 0)
(0.027982 -0.000147786 0)
(0.027304 -0.000132665 0)
(0.0266376 -0.000121898 0)
(0.0259824 -0.000114411 0)
(0.0253384 -0.000109186 0)
(0.0247049 -0.00010545 0)
(0.0240816 -0.000102691 0)
(0.0234675 -0.0001006 0)
(0.022862 -9.90041e-05 0)
(0.0222638 -9.78011e-05 0)
(0.021672 -9.69227e-05 0)
(0.0210853 -9.63128e-05 0)
(0.0205028 -9.59178e-05 0)
(0.0199233 -9.56839e-05 0)
(0.0193458 -9.55572e-05 0)
(0.0187693 -9.54844e-05 0)
(0.018193 -9.54131e-05 0)
(0.0176161 -9.52925e-05 0)
(0.0170379 -9.50738e-05 0)
(0.0164581 -9.47097e-05 0)
(0.0158761 -9.41557e-05 0)
(0.0152919 -9.33705e-05 0)
(0.0147054 -9.2317e-05 0)
(0.0141167 -9.0964e-05 0)
(0.0135262 -8.92873e-05 0)
(0.0129343 -8.72721e-05 0)
(0.0123418 -8.49143e-05 0)
(0.0117495 -8.22221e-05 0)
(0.0111586 -7.92174e-05 0)
(0.0105704 -7.59355e-05 0)
(0.00998613 -7.24246e-05 0)
(0.00940751 -6.87437e-05 0)
(0.0088362 -6.49584e-05 0)
(0.008274 -6.11358e-05 0)
(0.00772275 -5.7338e-05 0)
(0.00718433 -5.36146e-05 0)
(0.0066606 -4.9996e-05 0)
(0.00615337 -4.64882e-05 0)
(0.00566436 -4.30705e-05 0)
(0.00519515 -3.96978e-05 0)
(0.00474716 -3.63075e-05 0)
(0.00432158 -3.28313e-05 0)
(0.00391939 -2.92089e-05 0)
(0.00354127 -2.54032e-05 0)
(0.00318765 -2.14121e-05 0)
(0.00285868 -1.72748e-05 0)
(0.0025542 -1.30711e-05 0)
(0.00227386 -8.91223e-06 0)
(0.00201706 -4.92677e-06 0)
(0.00178305 -1.24207e-06 0)
(0.00157097 2.03318e-06 0)
(0.00137988 4.82303e-06 0)
(0.0012088 7.09227e-06 0)
(0.00105675 8.8475e-06 0)
(0.000922722 1.01321e-05 0)
(0.000805728 1.10167e-05 0)
(0.000704769 1.15875e-05 0)
(0.000618851 1.19349e-05 0)
(0.000546989 1.21435e-05 0)
(0.000488223 1.22853e-05 0)
(0.000441631 1.24161e-05 0)
(0.000406348 1.25738e-05 0)
(0.000381575 1.27802e-05 0)
(0.00036659 1.30439e-05 0)
(0.00036075 1.33633e-05 0)
(0.000363486 1.37313e-05 0)
(0.000374301 1.41375e-05 0)
(0.000392761 1.45718e-05 0)
(0.000418484 1.50253e-05 0)
(0.000451134 1.54914e-05 0)
(0.00049041 1.5966e-05 0)
(0.000536042 1.64474e-05 0)
(0.000587783 1.69352e-05 0)
(0.000645406 1.743e-05 0)
(0.000708697 1.79326e-05 0)
(0.000777451 1.84436e-05 0)
(0.000851473 1.89629e-05 0)
(0.000930569 1.94897e-05 0)
(0.00101455 2.0022e-05 0)
(0.00110321 2.05573e-05 0)
(0.00119637 2.10922e-05 0)
(0.00129382 2.16226e-05 0)
(0.00139535 2.21442e-05 0)
(0.00150075 2.26524e-05 0)
(0.0016098 2.31425e-05 0)
(0.00172228 2.36101e-05 0)
(0.00183795 2.40506e-05 0)
(0.00195657 2.44602e-05 0)
(0.00207789 2.4835e-05 0)
(0.00220167 2.51719e-05 0)
(0.00232766 2.54682e-05 0)
(0.0024556 2.57215e-05 0)
(0.00258524 2.593e-05 0)
(0.00271632 2.60927e-05 0)
(0.00284859 2.62086e-05 0)
(0.00298181 2.62776e-05 0)
(0.00311572 2.62999e-05 0)
(0.0032501 2.62761e-05 0)
(0.00338471 2.62073e-05 0)
(0.00351932 2.60948e-05 0)
(0.00365373 2.59404e-05 0)
(0.00378774 2.57462e-05 0)
(0.00392114 2.55144e-05 0)
(0.00405376 2.52475e-05 0)
(0.00418543 2.49482e-05 0)
(0.004316 2.46191e-05 0)
(0.00444531 2.42631e-05 0)
(0.00457324 2.38832e-05 0)
(0.00469967 2.34823e-05 0)
(0.00482448 2.30631e-05 0)
(0.0049476 2.26285e-05 0)
(0.00506893 2.21814e-05 0)
(0.00518841 2.17242e-05 0)
(0.00530598 2.12595e-05 0)
(0.00542158 2.07898e-05 0)
(0.00553518 2.03171e-05 0)
(0.00564675 1.98437e-05 0)
(0.00575628 1.93712e-05 0)
(0.00586374 1.89015e-05 0)
(0.00596914 1.84361e-05 0)
(0.00607247 1.79763e-05 0)
(0.00617375 1.75233e-05 0)
(0.00627299 1.7078e-05 0)
(0.0063702 1.66414e-05 0)
(0.0064654 1.6214e-05 0)
(0.00655863 1.57963e-05 0)
(0.0066499 1.53888e-05 0)
(0.00673925 1.49917e-05 0)
(0.00682671 1.4605e-05 0)
(0.0069123 1.42288e-05 0)
(0.00699606 1.38629e-05 0)
(0.00707801 1.35071e-05 0)
(0.0071582 1.31612e-05 0)
(0.00723664 1.28248e-05 0)
(0.00731336 1.24974e-05 0)
(0.00738839 1.21786e-05 0)
(0.00746175 1.1868e-05 0)
(0.00753347 1.15648e-05 0)
(0.00760356 1.12687e-05 0)
(0.00767204 1.09789e-05 0)
(0.00773892 1.06949e-05 0)
(0.00780422 1.04161e-05 0)
(0.00786794 1.0142e-05 0)
(0.00793009 9.87187e-06 0)
(0.00799067 9.60529e-06 0)
(0.00804969 9.34171e-06 0)
(0.00810714 9.08063e-06 0)
(0.00816302 8.82159e-06 0)
(0.00821732 8.56419e-06 0)
(0.00827004 8.30804e-06 0)
(0.00832117 8.05283e-06 0)
(0.0083707 7.79827e-06 0)
(0.00841862 7.54413e-06 0)
(0.0084649 7.29025e-06 0)
(0.00850955 7.0365e-06 0)
(0.00855255 6.78281e-06 0)
(0.00859388 6.52916e-06 0)
(0.00863354 6.27559e-06 0)
(0.0086715 6.02219e-06 0)
(0.00870777 5.76911e-06 0)
(0.00874232 5.51652e-06 0)
(0.00877515 5.26467e-06 0)
(0.00880626 5.01383e-06 0)
(0.00883564 4.76433e-06 0)
(0.00886328 4.51652e-06 0)
(0.0088892 4.2708e-06 0)
(0.00891338 4.02759e-06 0)
(0.00893585 3.78734e-06 0)
(0.00895661 3.55052e-06 0)
(0.00897567 3.31762e-06 0)
(0.00899305 3.08915e-06 0)
(0.00900878 2.86561e-06 0)
(0.00902287 2.64751e-06 0)
(0.00903537 2.43533e-06 0)
(0.0090463 2.22954e-06 0)
(0.00905569 2.03055e-06 0)
(0.0090636 1.8387e-06 0)
(0.00907006 1.65421e-06 0)
(0.00907513 1.47711e-06 0)
(0.00907885 1.30717e-06 0)
(0.00908127 1.14374e-06 0)
(0.00908246 9.85212e-07 0)
(0.00908245 8.30599e-07 0)
(0.00908129 6.70838e-07 0)
(0.00907901 5.16227e-07 0)
(0.00907566 3.06546e-07 0)
(0.00907108 1.55449e-07 0)
(0.00906577 -2.81354e-07 0)
(0.0090578 -4.01762e-07 0)
(0.00905186 -1.44548e-06 0)
(0.0090352 -2.23091e-06 0)
(0.00903345 -2.96489e-06 0)
(0.00899509 -1.24259e-05 0)
)
;

boundaryField
{
    inlet
    {
        type            fixedProfile;
        profile         table
        
21
(
(0 (0 0 0))
(0.05 (0.0285 0 0))
(0.1 (0.054 0 0))
(0.15 (0.0765 0 0))
(0.2 (0.096 0 0))
(0.25 (0.1125 0 0))
(0.3 (0.126 0 0))
(0.35 (0.1365 0 0))
(0.4 (0.144 0 0))
(0.45 (0.1485 0 0))
(0.5 (0.15 0 0))
(0.55 (0.1485 0 0))
(0.6 (0.144 0 0))
(0.65 (0.1365 0 0))
(0.7 (0.126 0 0))
(0.75 (0.1125 0 0))
(0.8 (0.096 0 0))
(0.85 (0.0765 0 0))
(0.9 (0.054 0 0))
(0.95 (0.0285 0 0))
(1 (0 0 0))
)
;
        direction       (0 1 0);
        origin          1;
        value           nonuniform List<vector> 8((0.034875 0 0) (0.091125 0 0) (0.128625 0 0) (0.147375 0 0) (0.147375 0 0) (0.128625 0 0) (0.091125 0 0) (0.034875 0 0));
    }
    outlet
    {
        type            zeroGradient;
    }
    walls
    {
        type            noSlip;
    }
    symwall
    {
        type            empty;
    }
}


// ************************************************************************* //
