/*--------------------------------*- C++ -*----------------------------------*\
| =========                 |                                                 |
| \\      /  F ield         | OpenFOAM: The Open Source CFD Toolbox           |
|  \\    /   O peration     | Version:  4.1                                   |
|   \\  /    A nd           | Web:      www.OpenFOAM.org                      |
|    \\/     M anipulation  |                                                 |
\*---------------------------------------------------------------------------*/
FoamFile
{
    version     2.0;
    format      ascii;
    class       volVectorField;
    location    "764";
    object      U;
}
// * * * * * * * * * * * * * * * * * * * * * * * * * * * * * * * * * * * * * //

dimensions      [0 1 -1 0 0 0 0];

internalField   nonuniform List<vector> 
3264
(
(-2.66213e-06 -4.79259e-07 0)
(-0.000133191 3.05662e-05 0)
(-0.000389821 4.86676e-05 0)
(-0.000677088 5.10055e-05 0)
(-0.00097902 5.2729e-05 0)
(-0.00128498 5.21311e-05 0)
(-0.00158964 5.34255e-05 0)
(-0.00189434 5.40603e-05 0)
(-0.00219446 5.51522e-05 0)
(-0.00249072 5.5762e-05 0)
(-0.0027805 5.62992e-05 0)
(-0.003064 5.65187e-05 0)
(-0.0033401 5.6582e-05 0)
(-0.00360888 5.64503e-05 0)
(-0.00386996 5.61956e-05 0)
(-0.0041234 5.58291e-05 0)
(-0.00436918 5.53883e-05 0)
(-0.00460737 5.48902e-05 0)
(-0.00483806 5.43558e-05 0)
(-0.00506134 5.37985e-05 0)
(-0.00527733 5.323e-05 0)
(-0.00548611 5.26585e-05 0)
(-0.00568776 5.20899e-05 0)
(-0.00588233 5.15277e-05 0)
(-0.00606986 5.0973e-05 0)
(-0.00625033 5.04248e-05 0)
(-0.00642369 4.98795e-05 0)
(-0.00658985 4.93314e-05 0)
(-0.00674865 4.87717e-05 0)
(-0.00689989 4.81893e-05 0)
(-0.0070433 4.75699e-05 0)
(-0.00717852 4.68963e-05 0)
(-0.00730514 4.61483e-05 0)
(-0.00742266 4.53028e-05 0)
(-0.0075305 4.43337e-05 0)
(-0.00762801 4.32126e-05 0)
(-0.00771446 4.19092e-05 0)
(-0.00778901 4.03915e-05 0)
(-0.0078508 3.86271e-05 0)
(-0.00789886 3.65835e-05 0)
(-0.00793221 3.42299e-05 0)
(-0.00794981 3.15375e-05 0)
(-0.00795058 2.84811e-05 0)
(-0.00793346 2.50403e-05 0)
(-0.00789738 2.12003e-05 0)
(-0.00784134 1.69532e-05 0)
(-0.00776435 1.22989e-05 0)
(-0.00766553 7.2457e-06 0)
(-0.00754408 1.81078e-06 0)
(-0.00739934 -3.97949e-06 0)
(-0.00723076 -1.00896e-05 0)
(-0.007038 -1.64752e-05 0)
(-0.00682085 -2.30836e-05 0)
(-0.00657932 -2.98547e-05 0)
(-0.00631361 -3.67219e-05 0)
(-0.00602413 -4.36134e-05 0)
(-0.00571152 -5.04536e-05 0)
(-0.00537661 -5.71646e-05 0)
(-0.00502047 -6.36677e-05 0)
(-0.00464434 -6.98853e-05 0)
(-0.0042497 -7.57424e-05 0)
(-0.00383819 -8.11681e-05 0)
(-0.0034116 -8.60972e-05 0)
(-0.00297189 -9.04716e-05 0)
(-0.00252114 -9.42415e-05 0)
(-0.00206152 -9.73666e-05 0)
(-0.00159529 -9.98166e-05 0)
(-0.00112474 -0.000101572 0)
(-0.000652177 -0.000102624 0)
(-0.000179922 -0.000102976 0)
(0.000289763 -0.000102641 0)
(0.000754673 -0.000101644 0)
(0.00121269 -0.000100018 0)
(0.00166183 -9.78058e-05 0)
(0.00210021 -9.50585e-05 0)
(0.00252613 -9.18325e-05 0)
(0.00293806 -8.81898e-05 0)
(0.00333464 -8.41955e-05 0)
(0.00371472 -7.9917e-05 0)
(0.00407733 -7.54219e-05 0)
(0.00442173 -7.07769e-05 0)
(0.00474734 -6.60464e-05 0)
(0.00505382 -6.12911e-05 0)
(0.00534098 -5.65673e-05 0)
(0.00560885 -5.1926e-05 0)
(0.00585758 -4.74121e-05 0)
(0.0060875 -4.30643e-05 0)
(0.00629908 -3.89146e-05 0)
(0.00649289 -3.49885e-05 0)
(0.0066696 -3.13054e-05 0)
(0.00683 -2.78785e-05 0)
(0.0069749 -2.47153e-05 0)
(0.00710519 -2.18185e-05 0)
(0.00722179 -1.91864e-05 0)
(0.00732563 -1.68133e-05 0)
(0.00741767 -1.46907e-05 0)
(0.00749883 -1.28073e-05 0)
(0.00757006 -1.115e-05 0)
(0.00763224 -9.70439e-06 0)
(0.00768624 -8.45509e-06 0)
(0.00773291 -7.38632e-06 0)
(0.00777304 -6.48219e-06 0)
(0.00780736 -5.72705e-06 0)
(0.00783658 -5.10567e-06 0)
(0.00786135 -4.60349e-06 0)
(0.00788226 -4.20668e-06 0)
(0.00789988 -3.90231e-06 0)
(0.0079147 -3.67834e-06 0)
(0.00792718 -3.52369e-06 0)
(0.00793773 -3.42819e-06 0)
(0.00794672 -3.38263e-06 0)
(0.00795448 -3.37868e-06 0)
(0.0079613 -3.40884e-06 0)
(0.00796743 -3.46644e-06 0)
(0.00797309 -3.54555e-06 0)
(0.00797848 -3.64093e-06 0)
(0.00798375 -3.748e-06 0)
(0.00798904 -3.86274e-06 0)
(0.00799446 -3.9817e-06 0)
(0.00800011 -4.10191e-06 0)
(0.00800606 -4.22082e-06 0)
(0.00801236 -4.33632e-06 0)
(0.00801907 -4.44661e-06 0)
(0.00802619 -4.55026e-06 0)
(0.00803376 -4.6461e-06 0)
(0.00804178 -4.73322e-06 0)
(0.00805024 -4.81093e-06 0)
(0.00805914 -4.87876e-06 0)
(0.00806846 -4.93638e-06 0)
(0.00807818 -4.98366e-06 0)
(0.00808827 -5.02056e-06 0)
(0.00809871 -5.04717e-06 0)
(0.00810946 -5.06368e-06 0)
(0.00812049 -5.07036e-06 0)
(0.00813177 -5.06755e-06 0)
(0.00814326 -5.05564e-06 0)
(0.00815493 -5.03508e-06 0)
(0.00816674 -5.00633e-06 0)
(0.00817866 -4.96991e-06 0)
(0.00819064 -4.92634e-06 0)
(0.00820267 -4.87614e-06 0)
(0.0082147 -4.81986e-06 0)
(0.00822672 -4.75804e-06 0)
(0.00823868 -4.69122e-06 0)
(0.00825056 -4.61992e-06 0)
(0.00826235 -4.54467e-06 0)
(0.00827401 -4.46596e-06 0)
(0.00828552 -4.38428e-06 0)
(0.00829687 -4.3001e-06 0)
(0.00830804 -4.21387e-06 0)
(0.00831902 -4.12602e-06 0)
(0.00832979 -4.03695e-06 0)
(0.00834033 -3.94703e-06 0)
(0.00835065 -3.85663e-06 0)
(0.00836074 -3.76608e-06 0)
(0.00837058 -3.67568e-06 0)
(0.00838018 -3.58573e-06 0)
(0.00838953 -3.49648e-06 0)
(0.00839863 -3.40818e-06 0)
(0.00840749 -3.32104e-06 0)
(0.0084161 -3.23525e-06 0)
(0.00842447 -3.15098e-06 0)
(0.00843261 -3.06839e-06 0)
(0.00844052 -2.9876e-06 0)
(0.0084482 -2.90873e-06 0)
(0.00845566 -2.83185e-06 0)
(0.00846292 -2.75705e-06 0)
(0.00846998 -2.68436e-06 0)
(0.00847686 -2.61382e-06 0)
(0.00848355 -2.54545e-06 0)
(0.00849008 -2.47922e-06 0)
(0.00849645 -2.41513e-06 0)
(0.00850268 -2.35311e-06 0)
(0.00850878 -2.29309e-06 0)
(0.00851476 -2.235e-06 0)
(0.00852062 -2.1787e-06 0)
(0.00852639 -2.12405e-06 0)
(0.00853207 -2.07087e-06 0)
(0.00853767 -2.01896e-06 0)
(0.0085432 -1.96803e-06 0)
(0.00854867 -1.91779e-06 0)
(0.00855409 -1.86783e-06 0)
(0.00855946 -1.81766e-06 0)
(0.0085648 -1.76667e-06 0)
(0.00857008 -1.71408e-06 0)
(0.00857533 -1.65887e-06 0)
(0.00858053 -1.59967e-06 0)
(0.00858567 -1.53476e-06 0)
(0.00859074 -1.46153e-06 0)
(0.00859571 -1.3772e-06 0)
(0.00860055 -1.27579e-06 0)
(0.00860519 -1.15508e-06 0)
(0.00860959 -9.96625e-07 0)
(0.00861357 -8.13139e-07 0)
(0.0086172 -5.39231e-07 0)
(0.00861976 -2.49265e-07 0)
(0.00862228 1.96207e-07 0)
(0.00862145 8.10507e-07 0)
(0.00862306 9.94683e-07 0)
(0.00861528 3.31843e-06 0)
(-8.33633e-05 0.000136413 0)
(-0.00058295 0.000379264 0)
(-0.00131144 0.000518348 0)
(-0.00208613 0.000562452 0)
(-0.00286592 0.000583434 0)
(-0.00363393 0.00058516 0)
(-0.00437685 0.000585114 0)
(-0.00509754 0.000578433 0)
(-0.00578881 0.000569511 0)
(-0.00645284 0.000557338 0)
(-0.00708693 0.000543702 0)
(-0.0076925 0.000528788 0)
(-0.00826918 0.000513317 0)
(-0.00881809 0.000497519 0)
(-0.00933972 0.000481674 0)
(-0.009835 0.000465908 0)
(-0.0103046 0.000450319 0)
(-0.0107494 0.000434952 0)
(-0.0111699 0.000419828 0)
(-0.0115667 0.00040494 0)
(-0.0119403 0.000390269 0)
(-0.012291 0.000375778 0)
(-0.0126192 0.00036142 0)
(-0.0129251 0.000347136 0)
(-0.0132086 0.000332854 0)
(-0.0134698 0.000318496 0)
(-0.0137084 0.000303969 0)
(-0.0139242 0.000289172 0)
(-0.0141168 0.000273995 0)
(-0.0142857 0.000258317 0)
(-0.0144301 0.000242009 0)
(-0.0145494 0.000224935 0)
(-0.0146426 0.000206955 0)
(-0.0147088 0.000187926 0)
(-0.0147468 0.000167704 0)
(-0.0147555 0.00014615 0)
(-0.0147336 0.000123131 0)
(-0.0146798 9.85254e-05 0)
(-0.0145928 7.22278e-05 0)
(-0.0144712 4.41511e-05 0)
(-0.0143135 1.42318e-05 0)
(-0.0141186 -1.75656e-05 0)
(-0.0138852 -5.12464e-05 0)
(-0.0136121 -8.67817e-05 0)
(-0.0132981 -0.000124107 0)
(-0.0129426 -0.000163119 0)
(-0.0125447 -0.000203679 0)
(-0.0121038 -0.000245608 0)
(-0.0116198 -0.000288691 0)
(-0.0110925 -0.000332678 0)
(-0.0105222 -0.000377288 0)
(-0.00990921 -0.000422211 0)
(-0.00925444 -0.000467113 0)
(-0.00855887 -0.000511642 0)
(-0.00782385 -0.000555432 0)
(-0.00705101 -0.000598106 0)
(-0.00624227 -0.000639289 0)
(-0.0053998 -0.000678608 0)
(-0.00452607 -0.0007157 0)
(-0.00362377 -0.000750217 0)
(-0.00269585 -0.000781835 0)
(-0.00174542 -0.000810254 0)
(-0.000775814 -0.000835207 0)
(0.000209516 -0.000856465 0)
(0.00120698 -0.000873836 0)
(0.00221291 -0.000887174 0)
(0.00322358 -0.000896379 0)
(0.00423523 -0.000901397 0)
(0.00524413 -0.000902224 0)
(0.0062466 -0.000898903 0)
(0.00723905 -0.000891527 0)
(0.00821797 -0.000880233 0)
(0.00918005 -0.000865202 0)
(0.0101221 -0.000846656 0)
(0.0110412 -0.000824851 0)
(0.0119346 -0.000800076 0)
(0.0127999 -0.000772644 0)
(0.0136348 -0.000742891 0)
(0.0144375 -0.000711165 0)
(0.0152062 -0.000677822 0)
(0.0159397 -0.000643223 0)
(0.0166369 -0.000607722 0)
(0.017297 -0.000571666 0)
(0.0179197 -0.000535389 0)
(0.0185047 -0.000499204 0)
(0.0190521 -0.000463404 0)
(0.0195623 -0.000428254 0)
(0.0200358 -0.000393995 0)
(0.0204734 -0.000360834 0)
(0.020876 -0.000328952 0)
(0.0212449 -0.000298496 0)
(0.0215812 -0.000269587 0)
(0.0218864 -0.000242313 0)
(0.022162 -0.000216737 0)
(0.0224096 -0.000192895 0)
(0.0226307 -0.000170801 0)
(0.022827 -0.000150446 0)
(0.0230003 -0.000131804 0)
(0.0231521 -0.000114832 0)
(0.0232842 -9.9475e-05 0)
(0.0233982 -8.56656e-05 0)
(0.0234956 -7.33283e-05 0)
(0.023578 -6.23813e-05 0)
(0.0236469 -5.27383e-05 0)
(0.0237036 -4.43099e-05 0)
(0.0237494 -3.70062e-05 0)
(0.0237857 -3.0737e-05 0)
(0.0238136 -2.54136e-05 0)
(0.0238341 -2.09497e-05 0)
(0.0238484 -1.7262e-05 0)
(0.0238572 -1.42707e-05 0)
(0.0238615 -1.19002e-05 0)
(0.023862 -1.00792e-05 0)
(0.0238594 -8.741e-06 0)
(0.0238544 -7.82349e-06 0)
(0.0238474 -7.26931e-06 0)
(0.0238391 -7.02566e-06 0)
(0.0238298 -7.04427e-06 0)
(0.0238199 -7.28121e-06 0)
(0.0238097 -7.69675e-06 0)
(0.0237995 -8.25512e-06 0)
(0.0237896 -8.92431e-06 0)
(0.0237802 -9.67584e-06 0)
(0.0237713 -1.04846e-05 0)
(0.0237632 -1.13283e-05 0)
(0.0237559 -1.21879e-05 0)
(0.0237495 -1.30467e-05 0)
(0.0237441 -1.38904e-05 0)
(0.0237397 -1.4707e-05 0)
(0.0237362 -1.54864e-05 0)
(0.0237338 -1.62203e-05 0)
(0.0237323 -1.69023e-05 0)
(0.0237317 -1.75272e-05 0)
(0.0237321 -1.80912e-05 0)
(0.0237333 -1.85915e-05 0)
(0.0237353 -1.90268e-05 0)
(0.0237381 -1.93962e-05 0)
(0.0237415 -1.96999e-05 0)
(0.0237456 -1.99387e-05 0)
(0.0237502 -2.01141e-05 0)
(0.0237553 -2.02279e-05 0)
(0.0237608 -2.02827e-05 0)
(0.0237667 -2.0281e-05 0)
(0.0237729 -2.02261e-05 0)
(0.0237793 -2.0121e-05 0)
(0.023786 -1.99693e-05 0)
(0.0237927 -1.97746e-05 0)
(0.0237995 -1.95405e-05 0)
(0.0238064 -1.92709e-05 0)
(0.0238132 -1.89694e-05 0)
(0.02382 -1.86397e-05 0)
(0.0238267 -1.82857e-05 0)
(0.0238333 -1.79109e-05 0)
(0.0238397 -1.75189e-05 0)
(0.023846 -1.71131e-05 0)
(0.023852 -1.6697e-05 0)
(0.0238579 -1.62738e-05 0)
(0.0238635 -1.58465e-05 0)
(0.0238688 -1.54181e-05 0)
(0.023874 -1.49914e-05 0)
(0.0238789 -1.45691e-05 0)
(0.0238835 -1.41535e-05 0)
(0.0238879 -1.37471e-05 0)
(0.0238921 -1.33519e-05 0)
(0.023896 -1.29698e-05 0)
(0.0238997 -1.26028e-05 0)
(0.0239033 -1.22523e-05 0)
(0.0239066 -1.19197e-05 0)
(0.0239098 -1.16064e-05 0)
(0.0239128 -1.13132e-05 0)
(0.0239158 -1.10411e-05 0)
(0.0239186 -1.07906e-05 0)
(0.0239214 -1.05622e-05 0)
(0.0239241 -1.03562e-05 0)
(0.0239268 -1.01724e-05 0)
(0.0239296 -1.00106e-05 0)
(0.0239323 -9.87037e-06 0)
(0.0239352 -9.75088e-06 0)
(0.0239381 -9.65104e-06 0)
(0.0239411 -9.56942e-06 0)
(0.0239443 -9.50418e-06 0)
(0.0239477 -9.45299e-06 0)
(0.0239512 -9.41297e-06 0)
(0.0239549 -9.38049e-06 0)
(0.0239589 -9.35101e-06 0)
(0.0239631 -9.31876e-06 0)
(0.0239675 -9.27636e-06 0)
(0.0239722 -9.21427e-06 0)
(0.023977 -9.11973e-06 0)
(0.0239821 -8.97665e-06 0)
(0.0239873 -8.76e-06 0)
(0.0239926 -8.44718e-06 0)
(0.0239979 -7.97233e-06 0)
(0.024003 -7.34493e-06 0)
(0.0240078 -6.32466e-06 0)
(0.024012 -5.16429e-06 0)
(0.0240156 -3.12134e-06 0)
(0.0240165 -6.92327e-07 0)
(0.0240184 1.61473e-06 0)
(0.0240107 9.67805e-06 0)
(-0.000178847 0.000645018 0)
(-0.00104303 0.00125408 0)
(-0.00216779 0.00153301 0)
(-0.00330502 0.00157446 0)
(-0.00439329 0.00156965 0)
(-0.00542197 0.0015264 0)
(-0.00637539 0.00148282 0)
(-0.00726461 0.00143051 0)
(-0.00808626 0.0013773 0)
(-0.00884845 0.00132154 0)
(-0.00955257 0.00126575 0)
(-0.0102037 0.00121011 0)
(-0.0108044 0.00115543 0)
(-0.0113579 0.0011019 0)
(-0.0118665 0.00104972 0)
(-0.0123326 0.000998911 0)
(-0.0127579 0.000949432 0)
(-0.0131441 0.000901185 0)
(-0.0134925 0.000854041 0)
(-0.0138041 0.000807846 0)
(-0.0140799 0.000762428 0)
(-0.0143205 0.000717603 0)
(-0.0145264 0.000673175 0)
(-0.0146978 0.000628935 0)
(-0.014835 0.000584669 0)
(-0.014938 0.000540151 0)
(-0.0150065 0.000495146 0)
(-0.0150403 0.000449413 0)
(-0.015039 0.000402704 0)
(-0.015002 0.000354768 0)
(-0.0149288 0.000305353 0)
(-0.0148185 0.000254208 0)
(-0.0146703 0.000201092 0)
(-0.0144834 0.000145772 0)
(-0.0142569 8.80333e-05 0)
(-0.0139897 2.76849e-05 0)
(-0.013681 -3.54374e-05 0)
(-0.0133297 -0.000101463 0)
(-0.012935 -0.000170481 0)
(-0.012496 -0.000242535 0)
(-0.0120119 -0.000317618 0)
(-0.0114821 -0.000395669 0)
(-0.010906 -0.000476569 0)
(-0.0102832 -0.000560138 0)
(-0.00961362 -0.000646137 0)
(-0.00889714 -0.000734264 0)
(-0.00813398 -0.00082416 0)
(-0.00732455 -0.000915406 0)
(-0.00646951 -0.00100753 0)
(-0.00556977 -0.00110002 0)
(-0.00462649 -0.00119231 0)
(-0.00364111 -0.00128381 0)
(-0.00261529 -0.00137389 0)
(-0.00155099 -0.00146191 0)
(-0.000450412 -0.00154721 0)
(0.000683992 -0.00162913 0)
(0.00184953 -0.00170703 0)
(0.0030433 -0.00178027 0)
(0.00426217 -0.00184825 0)
(0.00550282 -0.00191039 0)
(0.00676178 -0.00196616 0)
(0.00803541 -0.00201508 0)
(0.00931998 -0.00205673 0)
(0.0106116 -0.00209076 0)
(0.0119065 -0.00211688 0)
(0.0132006 -0.00213488 0)
(0.0144901 -0.00214464 0)
(0.015771 -0.0021461 0)
(0.0170396 -0.00213932 0)
(0.018292 -0.00212439 0)
(0.0195247 -0.00210153 0)
(0.0207342 -0.00207103 0)
(0.0219173 -0.00203322 0)
(0.0230709 -0.00198854 0)
(0.0241921 -0.00193747 0)
(0.0252785 -0.00188055 0)
(0.0263278 -0.00181838 0)
(0.0273378 -0.00175156 0)
(0.0283069 -0.00168075 0)
(0.0292336 -0.00160661 0)
(0.0301169 -0.00152983 0)
(0.0309558 -0.00145106 0)
(0.0317499 -0.00137096 0)
(0.0324988 -0.00129018 0)
(0.0332026 -0.00120931 0)
(0.0338616 -0.00112894 0)
(0.0344762 -0.00104959 0)
(0.0350472 -0.000971753 0)
(0.0355754 -0.000895863 0)
(0.036062 -0.000822307 0)
(0.0365084 -0.000751419 0)
(0.0369157 -0.00068348 0)
(0.0372857 -0.000618718 0)
(0.0376199 -0.000557311 0)
(0.0379201 -0.000499389 0)
(0.038188 -0.000445036 0)
(0.0384254 -0.000394294 0)
(0.0386341 -0.000347167 0)
(0.038816 -0.000303622 0)
(0.0389729 -0.000263599 0)
(0.0391066 -0.000227008 0)
(0.0392189 -0.000193737 0)
(0.0393116 -0.000163658 0)
(0.0393862 -0.000136624 0)
(0.0394445 -0.000112479 0)
(0.039488 -9.10577e-05 0)
(0.0395182 -7.21883e-05 0)
(0.0395364 -5.56972e-05 0)
(0.0395441 -4.14099e-05 0)
(0.0395424 -2.91533e-05 0)
(0.0395325 -1.87571e-05 0)
(0.0395156 -1.00559e-05 0)
(0.0394926 -2.88986e-06 0)
(0.0394645 2.89425e-06 0)
(0.039432 7.44218e-06 0)
(0.0393961 1.08918e-05 0)
(0.0393573 1.33726e-05 0)
(0.0393163 1.50056e-05 0)
(0.0392737 1.59036e-05 0)
(0.0392299 1.61703e-05 0)
(0.0391855 1.59015e-05 0)
(0.0391408 1.51847e-05 0)
(0.0390961 1.40994e-05 0)
(0.0390518 1.27176e-05 0)
(0.039008 1.11041e-05 0)
(0.038965 9.31689e-06 0)
(0.0389229 7.40736e-06 0)
(0.038882 5.421e-06 0)
(0.0388422 3.39762e-06 0)
(0.0388037 1.3718e-06 0)
(0.0387665 -6.26713e-07 0)
(0.0387306 -2.57263e-06 0)
(0.0386961 -4.44473e-06 0)
(0.038663 -6.22552e-06 0)
(0.0386312 -7.90088e-06 0)
(0.0386007 -9.45977e-06 0)
(0.0385715 -1.08939e-05 0)
(0.0385434 -1.21974e-05 0)
(0.0385166 -1.33666e-05 0)
(0.0384909 -1.43999e-05 0)
(0.0384661 -1.52974e-05 0)
(0.0384424 -1.60605e-05 0)
(0.0384196 -1.66922e-05 0)
(0.0383976 -1.71963e-05 0)
(0.0383764 -1.75779e-05 0)
(0.0383558 -1.78428e-05 0)
(0.0383359 -1.79973e-05 0)
(0.0383166 -1.80484e-05 0)
(0.0382978 -1.80036e-05 0)
(0.0382794 -1.78705e-05 0)
(0.0382614 -1.76571e-05 0)
(0.0382438 -1.73716e-05 0)
(0.0382264 -1.70222e-05 0)
(0.0382093 -1.6617e-05 0)
(0.0381925 -1.61643e-05 0)
(0.0381758 -1.56721e-05 0)
(0.0381592 -1.51483e-05 0)
(0.0381428 -1.46007e-05 0)
(0.0381264 -1.40367e-05 0)
(0.0381102 -1.34637e-05 0)
(0.038094 -1.28886e-05 0)
(0.0380779 -1.23181e-05 0)
(0.0380618 -1.17586e-05 0)
(0.0380459 -1.12159e-05 0)
(0.0380299 -1.06958e-05 0)
(0.0380141 -1.02034e-05 0)
(0.0379983 -9.74367e-06 0)
(0.0379826 -9.32097e-06 0)
(0.0379671 -8.9393e-06 0)
(0.0379517 -8.60224e-06 0)
(0.0379364 -8.31289e-06 0)
(0.0379214 -8.07388e-06 0)
(0.0379065 -7.88736e-06 0)
(0.0378919 -7.75496e-06 0)
(0.0378776 -7.6778e-06 0)
(0.0378636 -7.65643e-06 0)
(0.03785 -7.69079e-06 0)
(0.0378367 -7.78021e-06 0)
(0.0378238 -7.92331e-06 0)
(0.0378114 -8.11796e-06 0)
(0.0377994 -8.36117e-06 0)
(0.037788 -8.64896e-06 0)
(0.0377771 -8.97621e-06 0)
(0.0377668 -9.33641e-06 0)
(0.0377571 -9.72132e-06 0)
(0.037748 -1.01206e-05 0)
(0.0377396 -1.05209e-05 0)
(0.0377318 -1.09055e-05 0)
(0.0377247 -1.12524e-05 0)
(0.0377182 -1.15327e-05 0)
(0.0377123 -1.17082e-05 0)
(0.0377071 -1.17282e-05 0)
(0.0377024 -1.15155e-05 0)
(0.0376982 -1.10031e-05 0)
(0.0376942 -9.96154e-06 0)
(0.0376905 -8.47402e-06 0)
(0.0376865 -5.73729e-06 0)
(0.0376818 -2.14473e-06 0)
(0.0376774 1.92066e-06 0)
(0.0376655 1.52915e-05 0)
(-0.000305548 0.00126153 0)
(-0.00151626 0.00231496 0)
(-0.00287 0.00272303 0)
(-0.00413692 0.00273294 0)
(-0.00523568 0.00266074 0)
(-0.00621543 0.0025313 0)
(-0.00706232 0.00240215 0)
(-0.00780998 0.00226686 0)
(-0.00845991 0.00213638 0)
(-0.00902887 0.00200926 0)
(-0.00952211 0.00188776 0)
(-0.0099486 0.00177149 0)
(-0.0103132 0.00166053 0)
(-0.0106212 0.00155443 0)
(-0.0108763 0.00145279 0)
(-0.0110818 0.0013551 0)
(-0.0112402 0.00126089 0)
(-0.0113537 0.00116968 0)
(-0.011424 0.001081 0)
(-0.0114525 0.000994416 0)
(-0.0114402 0.000909492 0)
(-0.0113879 0.000825818 0)
(-0.0112962 0.000742996 0)
(-0.0111655 0.000660634 0)
(-0.010996 0.000578351 0)
(-0.0107877 0.000495771 0)
(-0.0105407 0.000412527 0)
(-0.0102546 0.000328255 0)
(-0.00992914 0.000242602 0)
(-0.00956402 0.000155227 0)
(-0.00915876 6.58014e-05 0)
(-0.00871286 -2.59854e-05 0)
(-0.0082258 -0.00012042 0)
(-0.00769704 -0.00021776 0)
(-0.00712606 -0.00031823 0)
(-0.00651234 -0.000422011 0)
(-0.00585542 -0.000529241 0)
(-0.00515491 -0.00064 0)
(-0.0044105 -0.000754312 0)
(-0.00362196 -0.000872134 0)
(-0.00278921 -0.000993358 0)
(-0.00191228 -0.0011178 0)
(-0.000991382 -0.0012452 0)
(-2.68653e-05 -0.00137522 0)
(0.000980721 -0.00150745 0)
(0.00203064 -0.00164141 0)
(0.00312195 -0.00177654 0)
(0.00425349 -0.0019122 0)
(0.0054239 -0.00204772 0)
(0.00663157 -0.00218235 0)
(0.00787468 -0.00231529 0)
(0.0091512 -0.00244572 0)
(0.0104588 -0.00257277 0)
(0.0117951 -0.00269557 0)
(0.0131574 -0.00281322 0)
(0.0145426 -0.00292485 0)
(0.0159479 -0.0030296 0)
(0.0173698 -0.00312661 0)
(0.018805 -0.0032151 0)
(0.0202499 -0.00329432 0)
(0.0217009 -0.00336357 0)
(0.0231541 -0.00342226 0)
(0.0246058 -0.00346986 0)
(0.026052 -0.00350592 0)
(0.027489 -0.00353012 0)
(0.0289127 -0.00354223 0)
(0.0303196 -0.00354214 0)
(0.0317057 -0.00352983 0)
(0.0330675 -0.00350544 0)
(0.0344017 -0.00346918 0)
(0.0357048 -0.00342141 0)
(0.0369738 -0.00336259 0)
(0.0382059 -0.00329326 0)
(0.0393985 -0.00321408 0)
(0.0405492 -0.00312579 0)
(0.0416561 -0.00302921 0)
(0.0427174 -0.0029252 0)
(0.0437316 -0.00281468 0)
(0.0446976 -0.00269862 0)
(0.0456147 -0.00257798 0)
(0.0464822 -0.00245375 0)
(0.0473 -0.00232691 0)
(0.048068 -0.00219839 0)
(0.0487867 -0.00206914 0)
(0.0494566 -0.00194001 0)
(0.0500784 -0.00181184 0)
(0.0506531 -0.00168539 0)
(0.0511821 -0.00156136 0)
(0.0516664 -0.00144038 0)
(0.0521078 -0.001323 0)
(0.0525077 -0.00120971 0)
(0.0528679 -0.00110091 0)
(0.0531901 -0.00099694 0)
(0.0534762 -0.000898054 0)
(0.0537281 -0.000804449 0)
(0.0539476 -0.000716257 0)
(0.0541366 -0.000633548 0)
(0.0542971 -0.00055634 0)
(0.054431 -0.0004846 0)
(0.05454 -0.000418254 0)
(0.054626 -0.000357187 0)
(0.0546908 -0.000301253 0)
(0.054736 -0.000250276 0)
(0.0547634 -0.000204059 0)
(0.0547745 -0.000162385 0)
(0.0547708 -0.000125025 0)
(0.0547537 -9.17387e-05 0)
(0.0547247 -6.22783e-05 0)
(0.054685 -3.63944e-05 0)
(0.0546359 -1.38363e-05 0)
(0.0545784 5.6443e-06 0)
(0.0545137 2.22917e-05 0)
(0.0544428 3.6344e-05 0)
(0.0543666 4.80318e-05 0)
(0.0542858 5.7577e-05 0)
(0.0542014 6.51916e-05 0)
(0.054114 7.1077e-05 0)
(0.0540243 7.54238e-05 0)
(0.0539328 7.84109e-05 0)
(0.0538401 8.02058e-05 0)
(0.0537467 8.09645e-05 0)
(0.0536529 8.08312e-05 0)
(0.0535592 7.99391e-05 0)
(0.0534659 7.841e-05 0)
(0.0533733 7.63554e-05 0)
(0.0532815 7.38762e-05 0)
(0.0531909 7.10636e-05 0)
(0.0531015 6.79995e-05 0)
(0.0530136 6.47568e-05 0)
(0.0529272 6.14004e-05 0)
(0.0528424 5.7987e-05 0)
(0.0527593 5.45663e-05 0)
(0.052678 5.11812e-05 0)
(0.0525984 4.78683e-05 0)
(0.0525205 4.46585e-05 0)
(0.0524444 4.15774e-05 0)
(0.0523701 3.86458e-05 0)
(0.0522975 3.58801e-05 0)
(0.0522265 3.32929e-05 0)
(0.0521572 3.08929e-05 0)
(0.0520894 2.86859e-05 0)
(0.0520231 2.66747e-05 0)
(0.0519584 2.48596e-05 0)
(0.051895 2.32387e-05 0)
(0.0518329 2.18082e-05 0)
(0.0517721 2.05624e-05 0)
(0.0517125 1.94943e-05 0)
(0.0516541 1.85956e-05 0)
(0.0515967 1.78572e-05 0)
(0.0515403 1.72687e-05 0)
(0.0514849 1.68194e-05 0)
(0.0514304 1.64979e-05 0)
(0.0513768 1.62924e-05 0)
(0.0513239 1.61907e-05 0)
(0.0512719 1.61807e-05 0)
(0.0512205 1.62501e-05 0)
(0.0511698 1.63866e-05 0)
(0.0511197 1.65779e-05 0)
(0.0510702 1.68122e-05 0)
(0.0510213 1.70775e-05 0)
(0.050973 1.73625e-05 0)
(0.0509252 1.7656e-05 0)
(0.050878 1.79473e-05 0)
(0.0508313 1.82262e-05 0)
(0.0507851 1.84827e-05 0)
(0.0507394 1.87077e-05 0)
(0.0506942 1.88924e-05 0)
(0.0506496 1.90287e-05 0)
(0.0506054 1.91091e-05 0)
(0.0505619 1.91266e-05 0)
(0.0505189 1.90751e-05 0)
(0.0504765 1.8949e-05 0)
(0.0504347 1.87436e-05 0)
(0.0503935 1.8455e-05 0)
(0.050353 1.80799e-05 0)
(0.0503131 1.76161e-05 0)
(0.050274 1.70621e-05 0)
(0.0502356 1.64176e-05 0)
(0.050198 1.56832e-05 0)
(0.0501613 1.48606e-05 0)
(0.0501254 1.3953e-05 0)
(0.0500903 1.29647e-05 0)
(0.0500562 1.1902e-05 0)
(0.050023 1.07728e-05 0)
(0.0499908 9.58745e-06 0)
(0.0499597 8.35908e-06 0)
(0.0499295 7.10441e-06 0)
(0.0499004 5.84467e-06 0)
(0.0498724 4.60731e-06 0)
(0.0498455 3.42772e-06 0)
(0.0498197 2.35302e-06 0)
(0.0497949 1.44516e-06 0)
(0.0497713 7.90492e-07 0)
(0.0497487 4.9926e-07 0)
(0.0497271 7.60648e-07 0)
(0.0497064 1.7002e-06 0)
(0.0496865 3.93764e-06 0)
(0.0496672 7.38433e-06 0)
(0.0496488 1.22803e-05 0)
(0.0496255 2.79103e-05 0)
(-0.000404986 0.00246877 0)
(-0.00171885 0.00379524 0)
(-0.00298685 0.00413997 0)
(-0.00404973 0.00388857 0)
(-0.00482668 0.00361529 0)
(-0.00542861 0.00331258 0)
(-0.00585244 0.0030484 0)
(-0.00615776 0.00280166 0)
(-0.00635382 0.00257741 0)
(-0.00646678 0.0023694 0)
(-0.00650514 0.00217644 0)
(-0.00648089 0.00199606 0)
(-0.00639988 0.00182662 0)
(-0.0062682 0.00166654 0)
(-0.0060896 0.00151446 0)
(-0.00586747 0.00136919 0)
(-0.00560417 0.00122968 0)
(-0.00530167 0.00109499 0)
(-0.00496142 0.00096427 0)
(-0.00458455 0.000836764 0)
(-0.00417187 0.000711775 0)
(-0.00372397 0.000588663 0)
(-0.00324124 0.000466833 0)
(-0.00272388 0.000345728 0)
(-0.00217198 0.00022482 0)
(-0.00158548 0.000103612 0)
(-0.000964256 -1.83693e-05 0)
(-0.000308081 -0.00014157 0)
(0.000383314 -0.000266412 0)
(0.00111024 -0.000393288 0)
(0.00187304 -0.000522562 0)
(0.00267204 -0.000654563 0)
(0.00350758 -0.00078958 0)
(0.00437996 -0.000927857 0)
(0.00528942 -0.00106959 0)
(0.00623616 -0.00121492 0)
(0.00722029 -0.00136391 0)
(0.00824184 -0.00151658 0)
(0.00930072 -0.00167286 0)
(0.0103967 -0.00183261 0)
(0.0115295 -0.00199559 0)
(0.0126985 -0.0021615 0)
(0.0139032 -0.00232993 0)
(0.0151427 -0.0025004 0)
(0.016416 -0.00267233 0)
(0.017722 -0.00284506 0)
(0.0190591 -0.00301785 0)
(0.020426 -0.00318989 0)
(0.0218207 -0.0033603 0)
(0.0232414 -0.00352813 0)
(0.0246858 -0.00369238 0)
(0.0261515 -0.00385203 0)
(0.027636 -0.004006 0)
(0.0291366 -0.00415321 0)
(0.0306502 -0.00429259 0)
(0.0321738 -0.00442305 0)
(0.0337041 -0.00454354 0)
(0.0352377 -0.00465307 0)
(0.036771 -0.00475066 0)
(0.0383005 -0.00483543 0)
(0.0398225 -0.00490658 0)
(0.0413332 -0.0049634 0)
(0.0428288 -0.00500529 0)
(0.0443056 -0.00503177 0)
(0.04576 -0.00504249 0)
(0.0471881 -0.00503724 0)
(0.0485866 -0.00501595 0)
(0.0499521 -0.00497871 0)
(0.0512812 -0.00492574 0)
(0.0525711 -0.00485743 0)
(0.0538188 -0.00477432 0)
(0.055022 -0.00467705 0)
(0.0561783 -0.00456644 0)
(0.0572858 -0.00444341 0)
(0.0583428 -0.00430897 0)
(0.0593481 -0.00416424 0)
(0.0603006 -0.00401042 0)
(0.0611997 -0.00384874 0)
(0.0620449 -0.00368049 0)
(0.0628364 -0.00350698 0)
(0.0635742 -0.00332949 0)
(0.064259 -0.00314931 0)
(0.0648916 -0.0029677 0)
(0.0654729 -0.00278584 0)
(0.0660042 -0.00260487 0)
(0.066487 -0.00242586 0)
(0.0669229 -0.00224977 0)
(0.0673135 -0.0020775 0)
(0.0676608 -0.00190983 0)
(0.0679667 -0.00174746 0)
(0.0682331 -0.00159098 0)
(0.0684621 -0.00144089 0)
(0.0686558 -0.00129759 0)
(0.0688163 -0.00116138 0)
(0.0689456 -0.00103249 0)
(0.0690457 -0.000911064 0)
(0.0691188 -0.000797159 0)
(0.0691666 -0.000690775 0)
(0.0691912 -0.00059185 0)
(0.0691943 -0.000500264 0)
(0.0691778 -0.000415853 0)
(0.0691433 -0.00033841 0)
(0.0690925 -0.000267696 0)
(0.069027 -0.000203444 0)
(0.0689481 -0.000145362 0)
(0.0688573 -9.31453e-05 0)
(0.0687559 -4.64745e-05 0)
(0.0686452 -5.02365e-06 0)
(0.0685262 3.1537e-05 0)
(0.0684 6.35375e-05 0)
(0.0682677 9.1305e-05 0)
(0.0681302 0.000115161 0)
(0.0679883 0.00013542 0)
(0.0678429 0.000152386 0)
(0.0676946 0.000166352 0)
(0.0675441 0.000177601 0)
(0.067392 0.0001864 0)
(0.0672389 0.000193003 0)
(0.0670853 0.00019765 0)
(0.0669316 0.000200567 0)
(0.0667782 0.000201964 0)
(0.0666254 0.000202038 0)
(0.0664736 0.000200971 0)
(0.066323 0.00019893 0)
(0.0661739 0.000196069 0)
(0.0660264 0.000192528 0)
(0.0658808 0.000188437 0)
(0.0657371 0.00018391 0)
(0.0655956 0.000179052 0)
(0.0654562 0.000173956 0)
(0.0653191 0.000168705 0)
(0.0651843 0.000163371 0)
(0.0650518 0.00015802 0)
(0.0649217 0.000152707 0)
(0.0647939 0.000147479 0)
(0.0646685 0.000142377 0)
(0.0645454 0.000137435 0)
(0.0644245 0.00013268 0)
(0.064306 0.000128136 0)
(0.0641896 0.000123818 0)
(0.0640754 0.00011974 0)
(0.0639634 0.000115909 0)
(0.0638533 0.000112331 0)
(0.0637453 0.000109007 0)
(0.0636392 0.000105936 0)
(0.0635349 0.000103112 0)
(0.0634325 0.000100531 0)
(0.0633318 9.81836e-05 0)
(0.0632328 9.60597e-05 0)
(0.0631353 9.4148e-05 0)
(0.0630395 9.24361e-05 0)
(0.0629451 9.09102e-05 0)
(0.0628522 8.9556e-05 0)
(0.0627606 8.83585e-05 0)
(0.0626704 8.73024e-05 0)
(0.0625815 8.63718e-05 0)
(0.0624939 8.55508e-05 0)
(0.0624074 8.48236e-05 0)
(0.0623221 8.41741e-05 0)
(0.062238 8.35867e-05 0)
(0.0621549 8.30458e-05 0)
(0.062073 8.25362e-05 0)
(0.0619921 8.20432e-05 0)
(0.0619122 8.15523e-05 0)
(0.0618334 8.10499e-05 0)
(0.0617555 8.05226e-05 0)
(0.0616787 7.99578e-05 0)
(0.0616029 7.93437e-05 0)
(0.0615281 7.86692e-05 0)
(0.0614543 7.79237e-05 0)
(0.0613814 7.70978e-05 0)
(0.0613097 7.61828e-05 0)
(0.0612389 7.51709e-05 0)
(0.0611691 7.40554e-05 0)
(0.0611005 7.28306e-05 0)
(0.0610328 7.14919e-05 0)
(0.0609663 7.00358e-05 0)
(0.0609009 6.84601e-05 0)
(0.0608366 6.6764e-05 0)
(0.0607735 6.4948e-05 0)
(0.0607116 6.30144e-05 0)
(0.0606509 6.0967e-05 0)
(0.0605914 5.88119e-05 0)
(0.0605332 5.65572e-05 0)
(0.0604763 5.42137e-05 0)
(0.0604207 5.17955e-05 0)
(0.0603665 4.93205e-05 0)
(0.0603136 4.68114e-05 0)
(0.0602621 4.42973e-05 0)
(0.060212 4.18152e-05 0)
(0.0601634 3.94137e-05 0)
(0.0601162 3.71559e-05 0)
(0.0600705 3.5129e-05 0)
(0.0600263 3.34456e-05 0)
(0.0599837 3.22772e-05 0)
(0.0599426 3.18265e-05 0)
(0.0599031 3.25512e-05 0)
(0.0598654 3.45659e-05 0)
(0.0598294 3.90386e-05 0)
(0.0597926 5.24609e-05 0)
(-0.000693492 0.00309362 0)
(-0.00209166 0.00472163 0)
(-0.00255515 0.00495058 0)
(-0.00279409 0.00450351 0)
(-0.00263044 0.00403107 0)
(-0.00238331 0.00356435 0)
(-0.00199091 0.00316035 0)
(-0.00153765 0.00280233 0)
(-0.00101476 0.00248587 0)
(-0.000447786 0.00220235 0)
(0.000161362 0.00194522 0)
(0.000803399 0.00170968 0)
(0.00147576 0.00149146 0)
(0.00217458 0.00128754 0)
(0.00289817 0.00109525 0)
(0.00364483 0.000912565 0)
(0.00441368 0.000737733 0)
(0.00520403 0.000569317 0)
(0.00601554 0.000406065 0)
(0.00684803 0.000246906 0)
(0.00770154 9.08872e-05 0)
(0.0085762 -6.28348e-05 0)
(0.00947225 -0.000215023 0)
(0.01039 -0.000366372 0)
(0.0113299 -0.000517516 0)
(0.0122923 -0.00066904 0)
(0.0132778 -0.000821483 0)
(0.0142867 -0.000975339 0)
(0.0153195 -0.00113106 0)
(0.0163767 -0.00128906 0)
(0.0174588 -0.0014497 0)
(0.0185661 -0.00161329 0)
(0.019699 -0.0017801 0)
(0.0208576 -0.00195033 0)
(0.0220423 -0.00212412 0)
(0.0232531 -0.00230155 0)
(0.02449 -0.00248262 0)
(0.0257528 -0.00266725 0)
(0.0270414 -0.00285528 0)
(0.0283553 -0.00304645 0)
(0.029694 -0.00324042 0)
(0.0310567 -0.00343675 0)
(0.0324426 -0.00363491 0)
(0.0338507 -0.00383426 0)
(0.0352797 -0.00403408 0)
(0.0367283 -0.00423356 0)
(0.0381947 -0.00443178 0)
(0.0396773 -0.00462777 0)
(0.0411741 -0.00482046 0)
(0.0426828 -0.00500874 0)
(0.0442012 -0.00519141 0)
(0.0457267 -0.00536728 0)
(0.0472565 -0.00553507 0)
(0.0487878 -0.00569354 0)
(0.0503176 -0.00584142 0)
(0.0518426 -0.00597746 0)
(0.0533596 -0.00610047 0)
(0.0548651 -0.00620927 0)
(0.0563558 -0.00630278 0)
(0.057828 -0.00638001 0)
(0.0592782 -0.00644006 0)
(0.0607028 -0.00648214 0)
(0.0620984 -0.00650564 0)
(0.0634614 -0.00651006 0)
(0.0647887 -0.00649508 0)
(0.0660769 -0.00646055 0)
(0.0673231 -0.0064065 0)
(0.0685246 -0.00633315 0)
(0.0696786 -0.0062409 0)
(0.0707831 -0.00613034 0)
(0.071836 -0.00600223 0)
(0.0728357 -0.00585749 0)
(0.0737808 -0.00569723 0)
(0.0746705 -0.00552266 0)
(0.075504 -0.00533514 0)
(0.0762812 -0.00513613 0)
(0.0770021 -0.00492714 0)
(0.077667 -0.00470976 0)
(0.0782768 -0.00448562 0)
(0.0788323 -0.00425634 0)
(0.0793348 -0.00402352 0)
(0.0797858 -0.00378873 0)
(0.080187 -0.0035535 0)
(0.0805402 -0.00331924 0)
(0.0808474 -0.00308733 0)
(0.0811107 -0.002859 0)
(0.0813322 -0.00263538 0)
(0.0815142 -0.00241749 0)
(0.0816589 -0.00220623 0)
(0.0817685 -0.00200236 0)
(0.0818455 -0.00180654 0)
(0.0818918 -0.00161928 0)
(0.0819097 -0.001441 0)
(0.0819013 -0.00127201 0)
(0.0818687 -0.00111249 0)
(0.0818138 -0.000962562 0)
(0.0817384 -0.000822231 0)
(0.0816445 -0.000691439 0)
(0.0815337 -0.000570055 0)
(0.0814076 -0.00045789 0)
(0.0812678 -0.000354699 0)
(0.0811157 -0.000260195 0)
(0.0809527 -0.000174055 0)
(0.0807801 -9.59259e-05 0)
(0.080599 -2.54321e-05 0)
(0.0804106 3.78184e-05 0)
(0.080216 9.42288e-05 0)
(0.080016 0.000144208 0)
(0.0798117 0.000188168 0)
(0.0796037 0.000226518 0)
(0.079393 0.00025966 0)
(0.0791801 0.000287991 0)
(0.0789657 0.000311895 0)
(0.0787504 0.000331746 0)
(0.0785347 0.000347901 0)
(0.0783191 0.000360703 0)
(0.0781041 0.00037048 0)
(0.07789 0.00037754 0)
(0.0776771 0.000382176 0)
(0.0774659 0.000384662 0)
(0.0772564 0.000385255 0)
(0.0770491 0.000384196 0)
(0.076844 0.000381704 0)
(0.0766415 0.000377986 0)
(0.0764415 0.000373231 0)
(0.0762442 0.00036761 0)
(0.0760498 0.000361282 0)
(0.0758583 0.000354389 0)
(0.0756698 0.00034706 0)
(0.0754842 0.000339411 0)
(0.0753018 0.000331545 0)
(0.0751224 0.000323555 0)
(0.074946 0.00031552 0)
(0.0747727 0.000307511 0)
(0.0746024 0.000299589 0)
(0.0744351 0.000291806 0)
(0.0742707 0.000284206 0)
(0.0741093 0.000276826 0)
(0.0739507 0.000269695 0)
(0.0737949 0.000262837 0)
(0.0736419 0.00025627 0)
(0.0734916 0.000250007 0)
(0.0733439 0.000244055 0)
(0.0731988 0.000238418 0)
(0.0730561 0.000233098 0)
(0.0729159 0.00022809 0)
(0.0727781 0.000223389 0)
(0.0726425 0.000218987 0)
(0.0725093 0.000214873 0)
(0.0723781 0.000211035 0)
(0.0722491 0.000207459 0)
(0.0721221 0.000204129 0)
(0.0719972 0.000201029 0)
(0.0718741 0.000198142 0)
(0.071753 0.00019545 0)
(0.0716337 0.000192934 0)
(0.0715161 0.000190576 0)
(0.0714003 0.000188356 0)
(0.0712862 0.000186255 0)
(0.0711738 0.000184255 0)
(0.0710629 0.000182337 0)
(0.0709537 0.000180481 0)
(0.070846 0.000178671 0)
(0.0707398 0.000176887 0)
(0.0706351 0.000175114 0)
(0.0705319 0.000173333 0)
(0.0704301 0.00017153 0)
(0.0703298 0.00016969 0)
(0.0702309 0.000167797 0)
(0.0701334 0.000165839 0)
(0.0700373 0.000163802 0)
(0.0699426 0.000161676 0)
(0.0698493 0.000159449 0)
(0.0697573 0.000157112 0)
(0.0696668 0.000154658 0)
(0.0695777 0.000152078 0)
(0.06949 0.000149368 0)
(0.0694037 0.000146523 0)
(0.0693188 0.000143541 0)
(0.0692353 0.00014042 0)
(0.0691532 0.000137161 0)
(0.0690727 0.000133767 0)
(0.0689935 0.000130243 0)
(0.0689159 0.000126596 0)
(0.0688398 0.000122837 0)
(0.0687651 0.000118977 0)
(0.068692 0.000115036 0)
(0.0686205 0.000111034 0)
(0.0685505 0.000106998 0)
(0.0684821 0.000102964 0)
(0.0684153 9.8975e-05 0)
(0.0683502 9.50874e-05 0)
(0.0682867 9.13755e-05 0)
(0.068225 8.79363e-05 0)
(0.0681652 8.49078e-05 0)
(0.0681073 8.24766e-05 0)
(0.0680516 8.09408e-05 0)
(0.0679984 8.05453e-05 0)
(0.0679478 8.28127e-05 0)
(0.0679011 8.97381e-05 0)
(-0.000179799 0.00559719 0)
(-0.000141024 0.005615 0)
(0.000995153 0.0050226 0)
(0.00217844 0.00400036 0)
(0.00362101 0.00328931 0)
(0.00502605 0.00272321 0)
(0.00646848 0.00226274 0)
(0.0078784 0.00187897 0)
(0.00927386 0.00154446 0)
(0.0106423 0.00124921 0)
(0.0119897 0.000982343 0)
(0.0133161 0.000738453 0)
(0.014625 0.000512367 0)
(0.0159184 0.000300729 0)
(0.017199 0.000100598 0)
(0.0184691 -9.02287e-05 0)
(0.0197307 -0.000273632 0)
(0.0209857 -0.000451135 0)
(0.0222359 -0.000624048 0)
(0.023483 -0.000793485 0)
(0.0247285 -0.000960422 0)
(0.0259738 -0.00112572 0)
(0.0272202 -0.00129015 0)
(0.028469 -0.0014544 0)
(0.0297215 -0.00161911 0)
(0.0309786 -0.00178483 0)
(0.0322415 -0.00195209 0)
(0.033511 -0.00212135 0)
(0.0347882 -0.00229303 0)
(0.0360737 -0.0024675 0)
(0.0373683 -0.00264506 0)
(0.0386727 -0.00282598 0)
(0.0399872 -0.00301044 0)
(0.0413123 -0.00319859 0)
(0.0426484 -0.00339048 0)
(0.0439954 -0.0035861 0)
(0.0453536 -0.00378534 0)
(0.0467226 -0.00398803 0)
(0.0481023 -0.0041939 0)
(0.0494922 -0.00440255 0)
(0.0508917 -0.00461354 0)
(0.0523 -0.00482628 0)
(0.0537162 -0.00504011 0)
(0.0551391 -0.00525423 0)
(0.0565674 -0.00546777 0)
(0.0579996 -0.00567976 0)
(0.059434 -0.00588913 0)
(0.0608686 -0.00609471 0)
(0.0623015 -0.00629529 0)
(0.0637303 -0.00648955 0)
(0.0651526 -0.00667614 0)
(0.0665658 -0.00685367 0)
(0.0679671 -0.00702071 0)
(0.0693538 -0.00717584 0)
(0.0707226 -0.00731763 0)
(0.0720706 -0.00744468 0)
(0.0733945 -0.00755566 0)
(0.0746911 -0.0076493 0)
(0.0759572 -0.00772439 0)
(0.0771894 -0.00777989 0)
(0.0783846 -0.00781484 0)
(0.0795398 -0.00782847 0)
(0.0806518 -0.00782017 0)
(0.0817181 -0.0077895 0)
(0.0827359 -0.00773626 0)
(0.0837029 -0.00766044 0)
(0.0846171 -0.00756223 0)
(0.0854767 -0.00744209 0)
(0.0862805 -0.00730067 0)
(0.0870273 -0.00713884 0)
(0.0877166 -0.00695767 0)
(0.088348 -0.00675845 0)
(0.0889219 -0.00654262 0)
(0.0894386 -0.00631176 0)
(0.0898992 -0.00606759 0)
(0.0903048 -0.00581194 0)
(0.090657 -0.00554667 0)
(0.0909577 -0.00527372 0)
(0.091209 -0.00499501 0)
(0.0914131 -0.00471245 0)
(0.0915725 -0.0044279 0)
(0.0916897 -0.00414315 0)
(0.0917673 -0.0038599 0)
(0.0918081 -0.00357973 0)
(0.0918148 -0.00330411 0)
(0.0917899 -0.00303437 0)
(0.091736 -0.00277168 0)
(0.0916557 -0.00251709 0)
(0.0915513 -0.00227148 0)
(0.0914251 -0.0020356 0)
(0.0912793 -0.00181005 0)
(0.091116 -0.00159529 0)
(0.0909369 -0.00139167 0)
(0.090744 -0.00119941 0)
(0.0905388 -0.00101861 0)
(0.0903228 -0.000849277 0)
(0.0900974 -0.000691341 0)
(0.0898639 -0.000544642 0)
(0.0896235 -0.00040895 0)
(0.0893773 -0.000283981 0)
(0.0891261 -0.000169397 0)
(0.0888708 -6.48204e-05 0)
(0.0886124 3.0159e-05 0)
(0.0883514 0.000115978 0)
(0.0880886 0.000193093 0)
(0.0878246 0.000261972 0)
(0.0875599 0.000323091 0)
(0.087295 0.000376928 0)
(0.0870304 0.00042396 0)
(0.0867665 0.000464658 0)
(0.0865036 0.000499485 0)
(0.0862421 0.000528892 0)
(0.0859823 0.000553317 0)
(0.0857244 0.000573182 0)
(0.0854687 0.000588892 0)
(0.0852154 0.000600834 0)
(0.0849648 0.000609377 0)
(0.0847169 0.000614868 0)
(0.0844719 0.000617638 0)
(0.08423 0.000617994 0)
(0.0839912 0.000616226 0)
(0.0837557 0.000612603 0)
(0.0835236 0.000607375 0)
(0.0832948 0.000600773 0)
(0.0830694 0.000593009 0)
(0.0828476 0.000584278 0)
(0.0826292 0.000574757 0)
(0.0824144 0.000564609 0)
(0.0822031 0.000553979 0)
(0.0819952 0.000542999 0)
(0.0817909 0.000531785 0)
(0.0815901 0.000520442 0)
(0.0813927 0.000509062 0)
(0.0811987 0.000497725 0)
(0.0810081 0.000486502 0)
(0.0808208 0.000475451 0)
(0.0806368 0.000464624 0)
(0.0804561 0.000454064 0)
(0.0802785 0.000443805 0)
(0.0801041 0.000433874 0)
(0.0799327 0.000424293 0)
(0.0797643 0.000415077 0)
(0.0795988 0.000406236 0)
(0.0794363 0.000397777 0)
(0.0792765 0.000389699 0)
(0.0791195 0.000382002 0)
(0.0789652 0.000374678 0)
(0.0788136 0.000367719 0)
(0.0786645 0.000361115 0)
(0.0785179 0.000354851 0)
(0.0783738 0.000348913 0)
(0.0782321 0.000343283 0)
(0.0780927 0.000337944 0)
(0.0779556 0.000332876 0)
(0.0778207 0.00032806 0)
(0.077688 0.000323474 0)
(0.0775575 0.000319098 0)
(0.077429 0.00031491 0)
(0.0773026 0.000310889 0)
(0.0771781 0.000307013 0)
(0.0770557 0.00030326 0)
(0.0769351 0.00029961 0)
(0.0768164 0.000296042 0)
(0.0766995 0.000292535 0)
(0.0765845 0.00028907 0)
(0.0764712 0.000285626 0)
(0.0763597 0.000282187 0)
(0.0762498 0.000278733 0)
(0.0761417 0.000275248 0)
(0.0760353 0.000271716 0)
(0.0759305 0.000268122 0)
(0.0758273 0.000264451 0)
(0.0757257 0.000260692 0)
(0.0756258 0.000256832 0)
(0.0755274 0.00025286 0)
(0.0754306 0.000248768 0)
(0.0753353 0.000244549 0)
(0.0752416 0.000240195 0)
(0.0751494 0.000235703 0)
(0.0750588 0.000231069 0)
(0.0749697 0.000226294 0)
(0.0748822 0.000221377 0)
(0.0747962 0.000216323 0)
(0.0747117 0.000211137 0)
(0.0746287 0.000205828 0)
(0.0745473 0.000200408 0)
(0.0744674 0.000194891 0)
(0.074389 0.000189296 0)
(0.0743123 0.000183648 0)
(0.0742371 0.000177974 0)
(0.0741634 0.000172311 0)
(0.0740915 0.000166702 0)
(0.0740212 0.000161201 0)
(0.0739526 0.000155876 0)
(0.0738859 0.000150816 0)
(0.0738213 0.000146132 0)
(0.073759 0.000141981 0)
(0.0736995 0.000138552 0)
(0.0736435 0.000137025 0)
(0.0735947 0.000134736 0)
(0.00500238 0.00204379 0)
(0.0075032 0.00308166 0)
(0.0124162 0.0026296 0)
(0.0156588 0.002016 0)
(0.0187379 0.00139551 0)
(0.0213801 0.000897309 0)
(0.0237977 0.000483737 0)
(0.0260226 0.000144983 0)
(0.0281062 -0.0001438 0)
(0.0300752 -0.00039535 0)
(0.0319513 -0.00062092 0)
(0.0337498 -0.000827231 0)
(0.0354828 -0.00101936 0)
(0.0371593 -0.00120073 0)
(0.038787 -0.00137392 0)
(0.040372 -0.00154086 0)
(0.0419193 -0.00170311 0)
(0.0434332 -0.00186191 0)
(0.0449176 -0.00201834 0)
(0.0463756 -0.0021733 0)
(0.04781 -0.00232759 0)
(0.0492235 -0.00248192 0)
(0.0506182 -0.00263693 0)
(0.0519963 -0.00279318 0)
(0.0533596 -0.00295121 0)
(0.0547097 -0.00311146 0)
(0.0560481 -0.00327437 0)
(0.0573763 -0.0034403 0)
(0.0586953 -0.00360958 0)
(0.0600063 -0.00378248 0)
(0.0613102 -0.00395921 0)
(0.0626077 -0.00413993 0)
(0.0638995 -0.00432474 0)
(0.065186 -0.00451366 0)
(0.0664676 -0.00470665 0)
(0.0677445 -0.00490358 0)
(0.0690166 -0.00510423 0)
(0.0702838 -0.00530829 0)
(0.0715458 -0.00551537 0)
(0.0728021 -0.00572496 0)
(0.074052 -0.00593645 0)
(0.0752946 -0.00614911 0)
(0.0765289 -0.00636214 0)
(0.0777536 -0.00657458 0)
(0.0789674 -0.0067854 0)
(0.0801685 -0.00699347 0)
(0.0813553 -0.00719753 0)
(0.0825257 -0.00739626 0)
(0.0836776 -0.00758826 0)
(0.0848086 -0.00777205 0)
(0.0859164 -0.00794611 0)
(0.0869983 -0.00810887 0)
(0.0880515 -0.00825876 0)
(0.0890734 -0.0083942 0)
(0.090061 -0.00851362 0)
(0.0910115 -0.00861553 0)
(0.0919219 -0.00869849 0)
(0.0927895 -0.00876116 0)
(0.0936114 -0.00880233 0)
(0.0943851 -0.00882092 0)
(0.0951081 -0.00881605 0)
(0.0957781 -0.00878702 0)
(0.0963932 -0.00873333 0)
(0.0969518 -0.00865476 0)
(0.0974526 -0.0085513 0)
(0.0978946 -0.0084232 0)
(0.0982775 -0.008271 0)
(0.0986012 -0.00809548 0)
(0.0988661 -0.00789766 0)
(0.0990732 -0.00767883 0)
(0.0992238 -0.00744049 0)
(0.0993197 -0.00718433 0)
(0.0993632 -0.00691222 0)
(0.0993567 -0.00662616 0)
(0.0993032 -0.00632825 0)
(0.0992059 -0.00602066 0)
(0.099068 -0.0057056 0)
(0.0988931 -0.00538526 0)
(0.0986848 -0.00506178 0)
(0.0984467 -0.00473726 0)
(0.0981824 -0.00441367 0)
(0.0978953 -0.00409288 0)
(0.0975888 -0.00377661 0)
(0.0972662 -0.00346642 0)
(0.0969304 -0.00316372 0)
(0.0965841 -0.00286974 0)
(0.0962301 -0.00258554 0)
(0.0958705 -0.00231201 0)
(0.0955073 -0.00204989 0)
(0.0951425 -0.00179974 0)
(0.0947776 -0.00156199 0)
(0.0944139 -0.00133692 0)
(0.0940525 -0.0011247 0)
(0.0936944 -0.000925382 0)
(0.0933404 -0.000738902 0)
(0.092991 -0.00056512 0)
(0.0926468 -0.000403815 0)
(0.0923081 -0.000254696 0)
(0.0919751 -0.000117419 0)
(0.0916479 8.41109e-06 0)
(0.0913267 0.000123225 0)
(0.0910115 0.000227485 0)
(0.0907022 0.000321676 0)
(0.0903988 0.000406299 0)
(0.0901012 0.000481866 0)
(0.0898092 0.000548894 0)
(0.0895227 0.000607899 0)
(0.0892415 0.000659397 0)
(0.0889656 0.000703893 0)
(0.0886948 0.000741887 0)
(0.0884289 0.000773862 0)
(0.0881678 0.000800289 0)
(0.0879114 0.000821622 0)
(0.0876594 0.000838299 0)
(0.0874119 0.000850737 0)
(0.0871687 0.000859336 0)
(0.0869297 0.000864473 0)
(0.0866947 0.000866507 0)
(0.0864638 0.000865775 0)
(0.0862367 0.000862595 0)
(0.0860135 0.000857262 0)
(0.0857941 0.000850053 0)
(0.0855783 0.000841225 0)
(0.0853662 0.000831014 0)
(0.0851577 0.00081964 0)
(0.0849526 0.000807302 0)
(0.0847511 0.000794185 0)
(0.0845529 0.000780454 0)
(0.0843581 0.00076626 0)
(0.0841666 0.00075174 0)
(0.0839784 0.000737013 0)
(0.0837934 0.00072219 0)
(0.0836115 0.000707365 0)
(0.0834328 0.000692621 0)
(0.0832572 0.000678032 0)
(0.0830846 0.00066366 0)
(0.082915 0.000649559 0)
(0.0827484 0.000635773 0)
(0.0825846 0.000622338 0)
(0.0824238 0.000609283 0)
(0.0822657 0.000596631 0)
(0.0821104 0.000584399 0)
(0.0819579 0.000572596 0)
(0.081808 0.00056123 0)
(0.0816608 0.000550303 0)
(0.0815161 0.00053981 0)
(0.081374 0.000529747 0)
(0.0812345 0.000520106 0)
(0.0810973 0.000510873 0)
(0.0809626 0.000502036 0)
(0.0808303 0.000493579 0)
(0.0807003 0.000485483 0)
(0.0805725 0.000477731 0)
(0.080447 0.000470301 0)
(0.0803237 0.000463173 0)
(0.0802026 0.000456325 0)
(0.0800836 0.000449734 0)
(0.0799666 0.000443378 0)
(0.0798517 0.000437234 0)
(0.0797388 0.00043128 0)
(0.0796278 0.000425491 0)
(0.0795188 0.000419846 0)
(0.0794117 0.000414322 0)
(0.0793063 0.000408897 0)
(0.0792029 0.00040355 0)
(0.0791011 0.00039826 0)
(0.0790012 0.000393007 0)
(0.0789029 0.000387771 0)
(0.0788063 0.000382534 0)
(0.0787114 0.000377278 0)
(0.0786181 0.000371987 0)
(0.0785264 0.000366645 0)
(0.0784362 0.000361237 0)
(0.0783476 0.00035575 0)
(0.0782606 0.000350173 0)
(0.078175 0.000344494 0)
(0.0780909 0.000338705 0)
(0.0780082 0.000332797 0)
(0.077927 0.000326765 0)
(0.0778472 0.000320605 0)
(0.0777687 0.000314315 0)
(0.0776917 0.000307893 0)
(0.077616 0.000301342 0)
(0.0775417 0.000294667 0)
(0.0774687 0.000287873 0)
(0.077397 0.00028097 0)
(0.0773266 0.00027397 0)
(0.0772576 0.000266888 0)
(0.0771899 0.000259744 0)
(0.0771235 0.000252558 0)
(0.0770584 0.000245357 0)
(0.0769947 0.000238168 0)
(0.0769324 0.000231022 0)
(0.0768716 0.000223951 0)
(0.0768124 0.000216986 0)
(0.076755 0.000210148 0)
(0.0766996 0.000203454 0)
(0.0766468 0.000196875 0)
(0.0765975 0.000190956 0)
(0.0765563 0.000178851 0)
(0.0344491 -1.70832e-06 0)
(0.0346031 -0.000145572 0)
(0.0349199 -0.000262906 0)
(0.0353519 -0.000325124 0)
(0.0358462 -0.000363176 0)
(0.0364841 -0.000437575 0)
(0.0371419 -0.000316496 0)
(0.0378186 -0.000769511 0)
(0.0908646 -5.38054e-06 0)
(0.0906414 -0.000125936 0)
(0.0905742 -0.000288279 0)
(0.090608 -0.000453272 0)
(0.0907516 -0.000630836 0)
(0.09098 -0.000807186 0)
(0.091323 -0.00100125 0)
(0.0921939 -0.00166407 0)
(0.128437 -9.15155e-06 0)
(0.128259 -8.92749e-05 0)
(0.128172 -0.000212231 0)
(0.128132 -0.000368765 0)
(0.12812 -0.000551194 0)
(0.128137 -0.000763129 0)
(0.128224 -0.00108865 0)
(0.12822 -0.00150568 0)
(0.147212 -1.30766e-05 0)
(0.147034 -9.98858e-05 0)
(0.146936 -0.000213505 0)
(0.146873 -0.000354248 0)
(0.146821 -0.000525461 0)
(0.146779 -0.000745092 0)
(0.14672 -0.00101182 0)
(0.146652 -0.00136477 0)
(0.147217 -1.83745e-05 0)
(0.147038 -0.000107531 0)
(0.146928 -0.000206015 0)
(0.146841 -0.000323922 0)
(0.146751 -0.000472124 0)
(0.146638 -0.000656901 0)
(0.146491 -0.000893536 0)
(0.146286 -0.00118248 0)
(0.12845 -2.61146e-05 0)
(0.128254 -0.000123628 0)
(0.128113 -0.000208984 0)
(0.127976 -0.000302169 0)
(0.127816 -0.000418253 0)
(0.127617 -0.000568402 0)
(0.127364 -0.000756049 0)
(0.127038 -0.000980575 0)
(0.0908857 -4.00869e-05 0)
(0.0906068 -0.00010227 0)
(0.0903892 -0.000132723 0)
(0.0901719 -0.000173911 0)
(0.0899276 -0.000244378 0)
(0.0896329 -0.00034805 0)
(0.0892659 -0.000481952 0)
(0.0888038 -0.000637426 0)
(0.0344545 -4.61498e-05 0)
(0.0343727 -2.4617e-05 0)
(0.0343216 7.58709e-06 0)
(0.034269 6.51063e-06 0)
(0.034157 -2.61483e-05 0)
(0.0339579 -7.82029e-05 0)
(0.0336567 -0.000136801 0)
(0.0332483 -0.000191373 0)
(0.0404864 -0.0034938 0)
(0.0433956 -0.00318792 0)
(0.0460349 -0.00287133 0)
(0.0485984 -0.00256354 0)
(0.0509492 -0.00241321 0)
(0.0531383 -0.00235782 0)
(0.0551873 -0.00236811 0)
(0.0571215 -0.0024161 0)
(0.05896 -0.00248646 0)
(0.0607165 -0.00256979 0)
(0.0624018 -0.002661 0)
(0.0640237 -0.00275722 0)
(0.0655886 -0.00285691 0)
(0.0671016 -0.00295924 0)
(0.0685672 -0.00306381 0)
(0.069989 -0.00317047 0)
(0.0713704 -0.00327924 0)
(0.0727143 -0.0033902 0)
(0.0740232 -0.00350355 0)
(0.0752995 -0.0036195 0)
(0.0765453 -0.00373829 0)
(0.0777626 -0.00386019 0)
(0.0789532 -0.00398545 0)
(0.0801185 -0.00411433 0)
(0.0812601 -0.00424708 0)
(0.0823793 -0.00438394 0)
(0.0834771 -0.00452512 0)
(0.0845547 -0.00467079 0)
(0.085613 -0.00482112 0)
(0.0866525 -0.00497621 0)
(0.0876741 -0.00513612 0)
(0.0886781 -0.00530087 0)
(0.0896649 -0.00547041 0)
(0.0906346 -0.00564463 0)
(0.0915873 -0.00582333 0)
(0.0925229 -0.00600625 0)
(0.093441 -0.00619304 0)
(0.0943413 -0.00638323 0)
(0.0952231 -0.00657629 0)
(0.0960856 -0.00677155 0)
(0.0969279 -0.00696826 0)
(0.0977488 -0.00716554 0)
(0.0985471 -0.00736239 0)
(0.0993212 -0.00755772 0)
(0.10007 -0.00775032 0)
(0.10079 -0.00793888 0)
(0.101481 -0.00812198 0)
(0.102141 -0.00829813 0)
(0.102766 -0.00846575 0)
(0.103356 -0.00862321 0)
(0.103906 -0.00876882 0)
(0.104415 -0.00890089 0)
(0.104881 -0.00901772 0)
(0.1053 -0.00911762 0)
(0.105671 -0.00919898 0)
(0.10599 -0.00926023 0)
(0.106256 -0.00929995 0)
(0.106467 -0.00931684 0)
(0.10662 -0.00930976 0)
(0.106715 -0.0092778 0)
(0.10675 -0.00922024 0)
(0.106725 -0.00913664 0)
(0.106639 -0.00902683 0)
(0.106493 -0.00889091 0)
(0.106288 -0.00872929 0)
(0.106024 -0.00854269 0)
(0.105704 -0.00833211 0)
(0.10533 -0.00809884 0)
(0.104906 -0.00784443 0)
(0.104434 -0.00757069 0)
(0.10392 -0.0072796 0)
(0.103366 -0.00697333 0)
(0.102778 -0.00665418 0)
(0.10216 -0.00632453 0)
(0.101518 -0.00598679 0)
(0.100857 -0.00564338 0)
(0.100181 -0.00529665 0)
(0.099495 -0.0049489 0)
(0.098804 -0.00460229 0)
(0.0981123 -0.00425884 0)
(0.0974239 -0.00392042 0)
(0.0967425 -0.00358871 0)
(0.0960713 -0.00326519 0)
(0.0954132 -0.00295117 0)
(0.0947707 -0.00264775 0)
(0.0941458 -0.00235584 0)
(0.0935402 -0.00207617 0)
(0.0929552 -0.00180931 0)
(0.0923916 -0.00155566 0)
(0.0918501 -0.00131548 0)
(0.0913309 -0.0010889 0)
(0.0908341 -0.000875924 0)
(0.0903596 -0.000676471 0)
(0.0899068 -0.00049036 0)
(0.0894754 -0.000317338 0)
(0.0890645 -0.000157088 0)
(0.0886735 -9.23951e-06 0)
(0.0883014 0.000126621 0)
(0.0879474 0.000250941 0)
(0.0876105 0.000364195 0)
(0.0872898 0.000466877 0)
(0.0869842 0.000559495 0)
(0.0866928 0.000642563 0)
(0.0864147 0.000716602 0)
(0.0861489 0.00078213 0)
(0.0858946 0.000839662 0)
(0.085651 0.000889706 0)
(0.0854172 0.000932761 0)
(0.0851925 0.000969314 0)
(0.0849762 0.00099984 0)
(0.0847676 0.0010248 0)
(0.0845662 0.00104463 0)
(0.0843714 0.00105976 0)
(0.0841826 0.0010706 0)
(0.0839995 0.00107754 0)
(0.0838215 0.00108096 0)
(0.0836484 0.00108119 0)
(0.0834797 0.00107858 0)
(0.0833151 0.00107344 0)
(0.0831544 0.00106606 0)
(0.0829973 0.00105672 0)
(0.0828435 0.00104567 0)
(0.082693 0.00103317 0)
(0.0825455 0.00101941 0)
(0.0824008 0.00100462 0)
(0.0822589 0.00098898 0)
(0.0821196 0.000972657 0)
(0.0819828 0.000955809 0)
(0.0818484 0.000938578 0)
(0.0817163 0.000921092 0)
(0.0815866 0.000903466 0)
(0.081459 0.000885802 0)
(0.0813336 0.00086819 0)
(0.0812104 0.000850709 0)
(0.0810892 0.000833428 0)
(0.0809701 0.000816407 0)
(0.080853 0.000799696 0)
(0.0807379 0.000783337 0)
(0.0806248 0.000767366 0)
(0.0805137 0.00075181 0)
(0.0804045 0.00073669 0)
(0.0802972 0.000722022 0)
(0.0801918 0.000707817 0)
(0.0800883 0.00069408 0)
(0.0799867 0.000680812 0)
(0.0798869 0.000668012 0)
(0.0797889 0.000655672 0)
(0.0796928 0.000643785 0)
(0.0795985 0.000632338 0)
(0.0795059 0.000621319 0)
(0.0794151 0.000610712 0)
(0.0793261 0.000600498 0)
(0.0792388 0.00059066 0)
(0.0791532 0.000581177 0)
(0.0790693 0.000572028 0)
(0.078987 0.000563192 0)
(0.0789064 0.000554647 0)
(0.0788273 0.00054637 0)
(0.0787499 0.000538337 0)
(0.078674 0.000530527 0)
(0.0785997 0.000522916 0)
(0.0785268 0.000515482 0)
(0.0784555 0.000508202 0)
(0.0783856 0.000501054 0)
(0.0783171 0.000494016 0)
(0.07825 0.000487068 0)
(0.0781843 0.000480188 0)
(0.0781199 0.000473357 0)
(0.0780568 0.000466557 0)
(0.077995 0.000459768 0)
(0.0779344 0.000452974 0)
(0.0778751 0.000446159 0)
(0.077817 0.000439308 0)
(0.07776 0.000432406 0)
(0.0777041 0.000425442 0)
(0.0776494 0.000418403 0)
(0.0775957 0.00041128 0)
(0.0775431 0.000404065 0)
(0.0774915 0.00039675 0)
(0.0774409 0.000389331 0)
(0.0773912 0.000381804 0)
(0.0773425 0.000374167 0)
(0.0772947 0.000366422 0)
(0.0772478 0.000358571 0)
(0.0772018 0.000350618 0)
(0.0771566 0.00034257 0)
(0.0771123 0.000334438 0)
(0.0770688 0.000326231 0)
(0.0770261 0.000317963 0)
(0.0769842 0.00030965 0)
(0.0769432 0.000301304 0)
(0.0769029 0.000292941 0)
(0.0768636 0.000284569 0)
(0.0768252 0.000276186 0)
(0.0767877 0.000267772 0)
(0.0767515 0.000259264 0)
(0.0767166 0.000250559 0)
(0.0766835 0.000241389 0)
(0.0766529 0.000231893 0)
(0.0766286 0.000211707 0)
(0.0928233 -0.0021687 0)
(0.0928812 -0.00264235 0)
(0.0931833 -0.00291007 0)
(0.0936448 -0.00309224 0)
(0.0942612 -0.00323139 0)
(0.094972 -0.00335234 0)
(0.0957442 -0.00346359 0)
(0.0965525 -0.00356798 0)
(0.0973806 -0.00366662 0)
(0.098217 -0.00376022 0)
(0.0990539 -0.0038496 0)
(0.0998854 -0.0039357 0)
(0.100707 -0.00401949 0)
(0.101516 -0.0041019 0)
(0.10231 -0.00418381 0)
(0.103087 -0.00426598 0)
(0.103845 -0.00434913 0)
(0.104585 -0.00443385 0)
(0.105304 -0.00452069 0)
(0.106002 -0.00461015 0)
(0.10668 -0.00470264 0)
(0.107337 -0.00479856 0)
(0.107972 -0.00489826 0)
(0.108587 -0.00500204 0)
(0.10918 -0.00511016 0)
(0.109751 -0.00522286 0)
(0.110302 -0.00534032 0)
(0.11083 -0.00546269 0)
(0.111338 -0.00559007 0)
(0.111823 -0.00572251 0)
(0.112286 -0.00585999 0)
(0.112727 -0.00600246 0)
(0.113145 -0.00614978 0)
(0.113539 -0.00630173 0)
(0.113909 -0.00645803 0)
(0.114254 -0.00661831 0)
(0.114573 -0.00678209 0)
(0.114865 -0.00694879 0)
(0.11513 -0.00711775 0)
(0.115364 -0.00728817 0)
(0.115568 -0.00745915 0)
(0.115739 -0.00762966 0)
(0.115876 -0.00779859 0)
(0.115977 -0.00796467 0)
(0.11604 -0.00812654 0)
(0.116062 -0.00828275 0)
(0.116043 -0.00843175 0)
(0.115979 -0.00857188 0)
(0.115868 -0.00870147 0)
(0.115708 -0.00881877 0)
(0.115497 -0.00892201 0)
(0.115233 -0.00900944 0)
(0.114914 -0.00907933 0)
(0.114538 -0.00913003 0)
(0.114104 -0.00915996 0)
(0.113609 -0.0091677 0)
(0.113054 -0.00915198 0)
(0.112438 -0.00911173 0)
(0.111762 -0.00904614 0)
(0.111025 -0.00895464 0)
(0.110229 -0.00883696 0)
(0.109376 -0.00869315 0)
(0.108468 -0.00852359 0)
(0.107509 -0.00832897 0)
(0.106503 -0.00811033 0)
(0.105454 -0.00786905 0)
(0.104367 -0.00760675 0)
(0.103248 -0.00732537 0)
(0.102102 -0.00702705 0)
(0.100937 -0.00671411 0)
(0.099759 -0.006389 0)
(0.0985742 -0.00605425 0)
(0.0973893 -0.00571242 0)
(0.0962109 -0.00536605 0)
(0.0950451 -0.00501758 0)
(0.0938978 -0.00466936 0)
(0.0927743 -0.00432358 0)
(0.0916794 -0.00398224 0)
(0.0906175 -0.00364717 0)
(0.0895921 -0.00331996 0)
(0.0886063 -0.00300199 0)
(0.0876624 -0.00269443 0)
(0.0867624 -0.00239825 0)
(0.0859074 -0.00211418 0)
(0.0850982 -0.00184282 0)
(0.0843348 -0.00158455 0)
(0.0836171 -0.00133962 0)
(0.0829444 -0.00110816 0)
(0.0823157 -0.00089014 0)
(0.0817299 -0.000685471 0)
(0.0811854 -0.000493956 0)
(0.0806805 -0.000315333 0)
(0.0802135 -0.000149283 0)
(0.0797824 4.56183e-06 0)
(0.0793853 0.000146604 0)
(0.0790201 0.000277274 0)
(0.0786849 0.000397024 0)
(0.0783776 0.000506319 0)
(0.0780963 0.000605634 0)
(0.0778391 0.000695449 0)
(0.0776041 0.000776244 0)
(0.0773896 0.000848497 0)
(0.0771939 0.000912683 0)
(0.0770153 0.000969268 0)
(0.0768524 0.00101871 0)
(0.0767037 0.00106147 0)
(0.0765678 0.00109797 0)
(0.0764437 0.00112864 0)
(0.0763299 0.0011539 0)
(0.0762256 0.00117415 0)
(0.0761297 0.00118977 0)
(0.0760414 0.00120114 0)
(0.0759597 0.00120861 0)
(0.0758839 0.00121253 0)
(0.0758134 0.00121321 0)
(0.0757476 0.00121098 0)
(0.0756858 0.00120611 0)
(0.0756276 0.0011989 0)
(0.0755725 0.00118961 0)
(0.0755202 0.00117848 0)
(0.0754703 0.00116574 0)
(0.0754225 0.00115161 0)
(0.0753765 0.0011363 0)
(0.075332 0.00111999 0)
(0.075289 0.00110285 0)
(0.0752472 0.00108504 0)
(0.0752064 0.00106672 0)
(0.0751666 0.001048 0)
(0.0751276 0.00102902 0)
(0.0750894 0.00100989 0)
(0.0750519 0.000990694 0)
(0.075015 0.00097153 0)
(0.0749787 0.000952475 0)
(0.074943 0.000933596 0)
(0.0749079 0.000914954 0)
(0.0748733 0.000896599 0)
(0.0748392 0.000878577 0)
(0.0748057 0.000860923 0)
(0.0747728 0.000843667 0)
(0.0747403 0.000826835 0)
(0.0747085 0.000810444 0)
(0.0746772 0.000794507 0)
(0.0746466 0.000779034 0)
(0.0746165 0.000764028 0)
(0.0745871 0.000749491 0)
(0.0745583 0.000735421 0)
(0.0745302 0.00072181 0)
(0.0745027 0.000708651 0)
(0.0744759 0.000695934 0)
(0.0744499 0.000683644 0)
(0.0744245 0.000671769 0)
(0.0743999 0.00066029 0)
(0.074376 0.000649192 0)
(0.0743528 0.000638455 0)
(0.0743304 0.000628059 0)
(0.0743087 0.000617985 0)
(0.0742877 0.000608212 0)
(0.0742675 0.000598719 0)
(0.074248 0.000589484 0)
(0.0742293 0.000580486 0)
(0.0742112 0.000571703 0)
(0.0741939 0.000563114 0)
(0.0741773 0.000554697 0)
(0.0741613 0.000546433 0)
(0.074146 0.0005383 0)
(0.0741314 0.000530278 0)
(0.0741174 0.000522348 0)
(0.074104 0.000514492 0)
(0.0740912 0.00050669 0)
(0.074079 0.000498926 0)
(0.0740673 0.000491184 0)
(0.0740562 0.000483447 0)
(0.0740456 0.000475702 0)
(0.0740354 0.000467934 0)
(0.0740257 0.000460132 0)
(0.0740164 0.000452284 0)
(0.0740074 0.000444381 0)
(0.0739989 0.000436413 0)
(0.0739907 0.000428375 0)
(0.0739828 0.000420261 0)
(0.0739751 0.000412067 0)
(0.0739678 0.000403791 0)
(0.0739606 0.000395432 0)
(0.0739536 0.000386992 0)
(0.0739468 0.000378475 0)
(0.0739402 0.000369885 0)
(0.0739337 0.000361228 0)
(0.0739273 0.000352512 0)
(0.073921 0.000343746 0)
(0.0739148 0.000334938 0)
(0.0739086 0.000326094 0)
(0.0739026 0.000317214 0)
(0.0738966 0.000308291 0)
(0.0738908 0.0002993 0)
(0.0738852 0.000290187 0)
(0.0738798 0.000280832 0)
(0.0738748 0.000271061 0)
(0.0738704 0.000260442 0)
(0.0738668 0.000249407 0)
(0.073866 0.000224976 0)
(0.128147 -0.00211855 0)
(0.128094 -0.00261643 0)
(0.128024 -0.00298652 0)
(0.128 -0.00325866 0)
(0.128025 -0.00346956 0)
(0.128094 -0.00364194 0)
(0.128197 -0.00378886 0)
(0.128324 -0.00391758 0)
(0.128466 -0.00403236 0)
(0.128615 -0.00413601 0)
(0.128768 -0.00423063 0)
(0.128919 -0.004318 0)
(0.129064 -0.00439965 0)
(0.1292 -0.00447698 0)
(0.129326 -0.00455121 0)
(0.129439 -0.00462346 0)
(0.129537 -0.00469472 0)
(0.129618 -0.00476586 0)
(0.129682 -0.00483768 0)
(0.129728 -0.00491087 0)
(0.129754 -0.00498603 0)
(0.12976 -0.0050637 0)
(0.129744 -0.00514435 0)
(0.129707 -0.00522837 0)
(0.129648 -0.00531611 0)
(0.129565 -0.00540783 0)
(0.129458 -0.00550375 0)
(0.129327 -0.00560402 0)
(0.129171 -0.00570875 0)
(0.128989 -0.00581795 0)
(0.128779 -0.00593159 0)
(0.128542 -0.00604954 0)
(0.128276 -0.00617161 0)
(0.127979 -0.00629753 0)
(0.127652 -0.00642692 0)
(0.127291 -0.00655933 0)
(0.126896 -0.00669419 0)
(0.126466 -0.00683082 0)
(0.125998 -0.00696844 0)
(0.125492 -0.00710616 0)
(0.124944 -0.00724294 0)
(0.124354 -0.00737768 0)
(0.123719 -0.00750911 0)
(0.123037 -0.00763588 0)
(0.122307 -0.00775653 0)
(0.121526 -0.00786952 0)
(0.120693 -0.00797323 0)
(0.119805 -0.00806597 0)
(0.118861 -0.00814604 0)
(0.11786 -0.00821172 0)
(0.116801 -0.00826131 0)
(0.115682 -0.00829317 0)
(0.114503 -0.00830575 0)
(0.113264 -0.00829765 0)
(0.111967 -0.00826761 0)
(0.110611 -0.0082146 0)
(0.109198 -0.00813783 0)
(0.107732 -0.00803678 0)
(0.106215 -0.00791125 0)
(0.104652 -0.00776138 0)
(0.103047 -0.00758763 0)
(0.101406 -0.00739083 0)
(0.0997352 -0.00717215 0)
(0.0980414 -0.00693309 0)
(0.0963319 -0.00667543 0)
(0.0946147 -0.00640123 0)
(0.0928979 -0.00611274 0)
(0.0911898 -0.00581239 0)
(0.0894986 -0.00550268 0)
(0.0878322 -0.00518617 0)
(0.0861985 -0.00486538 0)
(0.0846046 -0.00454277 0)
(0.0830572 -0.00422066 0)
(0.0815621 -0.00390122 0)
(0.0801245 -0.00358639 0)
(0.0787487 -0.00327793 0)
(0.0774381 -0.00297733 0)
(0.0761953 -0.00268586 0)
(0.0750219 -0.00240456 0)
(0.0739191 -0.00213423 0)
(0.0728869 -0.00187548 0)
(0.0719249 -0.00162872 0)
(0.0710323 -0.00139419 0)
(0.0702073 -0.001172 0)
(0.0694482 -0.000962137 0)
(0.0687525 -0.000764477 0)
(0.0681179 -0.000578823 0)
(0.0675415 -0.00040491 0)
(0.0670204 -0.000242428 0)
(0.0665517 -9.10277e-05 0)
(0.0661322 4.96637e-05 0)
(0.0657591 0.000180037 0)
(0.0654292 0.000300494 0)
(0.0651397 0.000411442 0)
(0.0648875 0.000513287 0)
(0.0646701 0.000606436 0)
(0.0644845 0.000691292 0)
(0.0643284 0.000768251 0)
(0.0641991 0.000837703 0)
(0.0640945 0.000900032 0)
(0.0640122 0.000955613 0)
(0.0639502 0.00100481 0)
(0.0639066 0.00104799 0)
(0.0638794 0.0010855 0)
(0.0638671 0.00111768 0)
(0.063868 0.00114486 0)
(0.0638807 0.00116737 0)
(0.0639037 0.00118552 0)
(0.0639359 0.00119962 0)
(0.063976 0.00120996 0)
(0.064023 0.00121683 0)
(0.0640759 0.00122051 0)
(0.0641339 0.00122125 0)
(0.0641962 0.00121932 0)
(0.0642619 0.00121496 0)
(0.0643305 0.0012084 0)
(0.0644014 0.00119986 0)
(0.064474 0.00118956 0)
(0.0645479 0.0011777 0)
(0.0646227 0.00116446 0)
(0.064698 0.00115002 0)
(0.0647735 0.00113456 0)
(0.0648489 0.00111822 0)
(0.064924 0.00110115 0)
(0.0649986 0.00108349 0)
(0.0650725 0.00106536 0)
(0.0651456 0.00104688 0)
(0.0652177 0.00102816 0)
(0.0652889 0.00100928 0)
(0.0653589 0.000990334 0)
(0.0654278 0.000971405 0)
(0.0654955 0.000952561 0)
(0.0655621 0.000933863 0)
(0.0656274 0.000915366 0)
(0.0656916 0.00089712 0)
(0.0657546 0.000879164 0)
(0.0658164 0.000861534 0)
(0.0658771 0.00084426 0)
(0.0659367 0.000827365 0)
(0.0659952 0.00081087 0)
(0.0660527 0.000794789 0)
(0.0661093 0.000779132 0)
(0.0661649 0.000763906 0)
(0.0662196 0.000749115 0)
(0.0662735 0.000734757 0)
(0.0663267 0.000720831 0)
(0.066379 0.000707332 0)
(0.0664307 0.000694251 0)
(0.0664817 0.000681579 0)
(0.0665322 0.000669304 0)
(0.066582 0.000657415 0)
(0.0666313 0.000645895 0)
(0.0666801 0.000634731 0)
(0.0667284 0.000623906 0)
(0.0667763 0.000613402 0)
(0.0668238 0.000603202 0)
(0.0668709 0.000593287 0)
(0.0669176 0.00058364 0)
(0.066964 0.000574241 0)
(0.06701 0.000565071 0)
(0.0670557 0.000556111 0)
(0.0671011 0.000547343 0)
(0.0671462 0.000538747 0)
(0.067191 0.000530306 0)
(0.0672355 0.000522001 0)
(0.0672797 0.000513814 0)
(0.0673236 0.000505728 0)
(0.0673672 0.000497727 0)
(0.0674104 0.000489794 0)
(0.0674534 0.000481914 0)
(0.0674959 0.000474072 0)
(0.0675382 0.000466255 0)
(0.06758 0.000458449 0)
(0.0676215 0.000450642 0)
(0.0676626 0.000442824 0)
(0.0677032 0.000434984 0)
(0.0677434 0.000427114 0)
(0.0677831 0.000419206 0)
(0.0678223 0.000411253 0)
(0.0678609 0.000403252 0)
(0.067899 0.000395197 0)
(0.0679366 0.000387088 0)
(0.0679735 0.000378923 0)
(0.0680098 0.000370703 0)
(0.0680454 0.000362431 0)
(0.0680804 0.000354109 0)
(0.0681147 0.000345743 0)
(0.0681482 0.000337336 0)
(0.068181 0.000328894 0)
(0.0682131 0.000320419 0)
(0.0682444 0.000311912 0)
(0.0682749 0.000303366 0)
(0.0683047 0.000294763 0)
(0.0683337 0.000286067 0)
(0.0683619 0.000277222 0)
(0.0683894 0.000268087 0)
(0.0684161 0.00025851 0)
(0.0684419 0.000247884 0)
(0.068467 0.000237868 0)
(0.0684916 0.000214512 0)
(0.146519 -0.00175838 0)
(0.146269 -0.00215875 0)
(0.145962 -0.00251897 0)
(0.145632 -0.00282814 0)
(0.145301 -0.00309033 0)
(0.144973 -0.00331312 0)
(0.144649 -0.00350336 0)
(0.144324 -0.00366652 0)
(0.143994 -0.00380699 0)
(0.143655 -0.00392841 0)
(0.143303 -0.00403391 0)
(0.142937 -0.00412623 0)
(0.142553 -0.00420781 0)
(0.142151 -0.00428079 0)
(0.141728 -0.00434709 0)
(0.141285 -0.00440838 0)
(0.140819 -0.00446612 0)
(0.14033 -0.00452161 0)
(0.139818 -0.00457596 0)
(0.139281 -0.00463013 0)
(0.138719 -0.00468496 0)
(0.138132 -0.00474115 0)
(0.137518 -0.0047993 0)
(0.136878 -0.00485989 0)
(0.13621 -0.00492333 0)
(0.135514 -0.00498991 0)
(0.134788 -0.00505987 0)
(0.134033 -0.00513335 0)
(0.133246 -0.0052104 0)
(0.132427 -0.00529102 0)
(0.131575 -0.0053751 0)
(0.130688 -0.00546246 0)
(0.129765 -0.00555283 0)
(0.128805 -0.00564584 0)
(0.127805 -0.00574104 0)
(0.126765 -0.00583786 0)
(0.125684 -0.00593566 0)
(0.124558 -0.00603366 0)
(0.123387 -0.00613099 0)
(0.122168 -0.00622667 0)
(0.120901 -0.0063196 0)
(0.119583 -0.0064086 0)
(0.118214 -0.00649238 0)
(0.116791 -0.00656956 0)
(0.115313 -0.00663871 0)
(0.113779 -0.00669834 0)
(0.11219 -0.00674691 0)
(0.110544 -0.00678291 0)
(0.108841 -0.00680483 0)
(0.107083 -0.00681125 0)
(0.10527 -0.00680082 0)
(0.103404 -0.00677235 0)
(0.101488 -0.0067248 0)
(0.0995245 -0.00665737 0)
(0.0975183 -0.00656948 0)
(0.0954741 -0.00646087 0)
(0.0933974 -0.00633156 0)
(0.091295 -0.00618189 0)
(0.089174 -0.00601257 0)
(0.0870424 -0.0058246 0)
(0.0849089 -0.00561934 0)
(0.0827823 -0.00539842 0)
(0.0806721 -0.00516375 0)
(0.0785876 -0.00491743 0)
(0.0765382 -0.00466173 0)
(0.0745328 -0.00439899 0)
(0.0725802 -0.00413159 0)
(0.0706882 -0.00386186 0)
(0.068864 -0.00359201 0)
(0.0671139 -0.00332411 0)
(0.065443 -0.00306002 0)
(0.0638556 -0.00280136 0)
(0.0623547 -0.00254951 0)
(0.0609425 -0.00230559 0)
(0.0596199 -0.00207048 0)
(0.0583872 -0.00184482 0)
(0.0572436 -0.00162905 0)
(0.0561876 -0.00142342 0)
(0.0552174 -0.00122804 0)
(0.0543302 -0.00104287 0)
(0.0535232 -0.000867793 0)
(0.052793 -0.00070261 0)
(0.0521363 -0.000547067 0)
(0.0515492 -0.000400874 0)
(0.0510282 -0.000263717 0)
(0.0505695 -0.00013527 0)
(0.0501692 -1.52021e-05 0)
(0.0498238 9.68155e-05 0)
(0.0495297 0.000201107 0)
(0.0492833 0.00029799 0)
(0.0490813 0.000387771 0)
(0.0489204 0.000470749 0)
(0.0487976 0.000547213 0)
(0.0487097 0.000617442 0)
(0.0486541 0.000681707 0)
(0.048628 0.000740269 0)
(0.0486288 0.000793386 0)
(0.0486543 0.000841305 0)
(0.048702 0.00088427 0)
(0.0487699 0.000922517 0)
(0.0488559 0.000956279 0)
(0.0489583 0.000985784 0)
(0.0490751 0.00101126 0)
(0.0492049 0.00103291 0)
(0.049346 0.00105097 0)
(0.049497 0.00106564 0)
(0.0496567 0.00107713 0)
(0.0498238 0.00108565 0)
(0.0499971 0.00109139 0)
(0.0501757 0.00109454 0)
(0.0503586 0.0010953 0)
(0.0505449 0.00109385 0)
(0.0507339 0.00109037 0)
(0.0509247 0.00108503 0)
(0.0511168 0.001078 0)
(0.0513096 0.00106945 0)
(0.0515025 0.00105951 0)
(0.0516951 0.00104836 0)
(0.051887 0.00103611 0)
(0.0520777 0.00102292 0)
(0.052267 0.0010089 0)
(0.0524545 0.00099418 0)
(0.0526401 0.000978868 0)
(0.0528235 0.00096307 0)
(0.0530046 0.000946886 0)
(0.0531832 0.000930406 0)
(0.0533591 0.000913715 0)
(0.0535324 0.000896892 0)
(0.0537029 0.000880006 0)
(0.0538706 0.000863122 0)
(0.0540354 0.000846299 0)
(0.0541974 0.00082959 0)
(0.0543565 0.00081304 0)
(0.0545128 0.000796691 0)
(0.0546663 0.000780579 0)
(0.054817 0.000764734 0)
(0.054965 0.000749184 0)
(0.0551103 0.000733951 0)
(0.055253 0.000719052 0)
(0.0553931 0.000704501 0)
(0.0555307 0.00069031 0)
(0.0556659 0.000676486 0)
(0.0557987 0.000663033 0)
(0.0559292 0.000649953 0)
(0.0560575 0.000637246 0)
(0.0561837 0.000624909 0)
(0.0563078 0.000612937 0)
(0.0564298 0.000601323 0)
(0.0565499 0.00059006 0)
(0.0566682 0.000579136 0)
(0.0567846 0.000568543 0)
(0.0568993 0.000558267 0)
(0.0570123 0.000548296 0)
(0.0571236 0.000538616 0)
(0.0572334 0.000529214 0)
(0.0573416 0.000520074 0)
(0.0574484 0.000511182 0)
(0.0575537 0.000502521 0)
(0.0576575 0.000494078 0)
(0.05776 0.000485835 0)
(0.0578612 0.000477777 0)
(0.0579611 0.000469889 0)
(0.0580596 0.000462154 0)
(0.0581569 0.000454559 0)
(0.058253 0.000447088 0)
(0.0583478 0.000439727 0)
(0.0584413 0.00043246 0)
(0.0585337 0.000425275 0)
(0.0586249 0.000418159 0)
(0.0587148 0.000411098 0)
(0.0588035 0.00040408 0)
(0.0588911 0.000397095 0)
(0.0589774 0.000390131 0)
(0.0590624 0.00038318 0)
(0.0591462 0.000376231 0)
(0.0592288 0.000369277 0)
(0.0593101 0.000362311 0)
(0.0593901 0.000355327 0)
(0.0594688 0.00034832 0)
(0.0595462 0.000341285 0)
(0.0596222 0.000334221 0)
(0.0596969 0.000327125 0)
(0.0597702 0.000319998 0)
(0.059842 0.000312839 0)
(0.0599125 0.000305651 0)
(0.0599814 0.000298436 0)
(0.0600489 0.000291196 0)
(0.060115 0.000283935 0)
(0.0601795 0.000276654 0)
(0.0602425 0.000269353 0)
(0.0603039 0.00026203 0)
(0.0603639 0.000254674 0)
(0.0604222 0.000247271 0)
(0.060479 0.000239775 0)
(0.0605342 0.000232167 0)
(0.0605877 0.000224299 0)
(0.0606393 0.000216243 0)
(0.0606888 0.000206871 0)
(0.0607364 0.000199831 0)
(0.0607829 0.000182921 0)
(0.145999 -0.00151728 0)
(0.145631 -0.00185846 0)
(0.145184 -0.00217631 0)
(0.144676 -0.00245633 0)
(0.14412 -0.00269544 0)
(0.143523 -0.00289609 0)
(0.142888 -0.00306277 0)
(0.142218 -0.00320034 0)
(0.141512 -0.00331342 0)
(0.140772 -0.00340619 0)
(0.139998 -0.00348228 0)
(0.13919 -0.00354486 0)
(0.138352 -0.00359666 0)
(0.137482 -0.00364002 0)
(0.136582 -0.00367695 0)
(0.135652 -0.00370916 0)
(0.134695 -0.00373814 0)
(0.133708 -0.00376513 0)
(0.132694 -0.00379118 0)
(0.131653 -0.0038172 0)
(0.130583 -0.00384391 0)
(0.129486 -0.00387193 0)
(0.12836 -0.00390172 0)
(0.127206 -0.00393367 0)
(0.126022 -0.00396804 0)
(0.124809 -0.00400504 0)
(0.123564 -0.00404474 0)
(0.122288 -0.00408719 0)
(0.120979 -0.0041323 0)
(0.119636 -0.00417996 0)
(0.118258 -0.00422995 0)
(0.116843 -0.00428196 0)
(0.115391 -0.00433564 0)
(0.113899 -0.00439053 0)
(0.112366 -0.00444609 0)
(0.110792 -0.00450169 0)
(0.109174 -0.00455664 0)
(0.107511 -0.00461013 0)
(0.105803 -0.00466129 0)
(0.104049 -0.00470915 0)
(0.102247 -0.00475269 0)
(0.100397 -0.00479082 0)
(0.0984996 -0.0048224 0)
(0.0965545 -0.00484624 0)
(0.0945626 -0.00486118 0)
(0.0925251 -0.00486603 0)
(0.0904438 -0.00485968 0)
(0.0883212 -0.00484106 0)
(0.0861604 -0.00480925 0)
(0.0839654 -0.00476344 0)
(0.0817409 -0.00470302 0)
(0.0794923 -0.00462759 0)
(0.0772261 -0.004537 0)
(0.0749491 -0.00443136 0)
(0.0726692 -0.00431108 0)
(0.0703948 -0.00417684 0)
(0.0681347 -0.00402963 0)
(0.065898 -0.00387068 0)
(0.0636942 -0.00370147 0)
(0.0615325 -0.00352367 0)
(0.0594219 -0.00333907 0)
(0.0573711 -0.00314956 0)
(0.055388 -0.002957 0)
(0.0534797 -0.00276324 0)
(0.0516524 -0.00256998 0)
(0.0499112 -0.00237878 0)
(0.0482601 -0.002191 0)
(0.0467021 -0.00200778 0)
(0.0452388 -0.00183004 0)
(0.0438712 -0.00165847 0)
(0.0425988 -0.00149356 0)
(0.0414207 -0.00133564 0)
(0.0403351 -0.00118485 0)
(0.0393396 -0.00104124 0)
(0.0384314 -0.000904747 0)
(0.0376072 -0.000775246 0)
(0.0368635 -0.000652559 0)
(0.0361967 -0.000536475 0)
(0.0356029 -0.000426766 0)
(0.0350785 -0.000323195 0)
(0.0346195 -0.000225524 0)
(0.0342222 -0.000133518 0)
(0.033883 -4.69492e-05 0)
(0.0335983 3.44027e-05 0)
(0.0333646 0.000110747 0)
(0.0331786 0.000182285 0)
(0.0330371 0.000249204 0)
(0.032937 0.000311686 0)
(0.0328754 0.000369899 0)
(0.0328495 0.000424007 0)
(0.0328566 0.000474163 0)
(0.0328942 0.000520514 0)
(0.0329599 0.000563199 0)
(0.0330513 0.000602354 0)
(0.0331663 0.000638109 0)
(0.0333028 0.000670591 0)
(0.0334589 0.000699924 0)
(0.0336327 0.00072623 0)
(0.0338225 0.00074963 0)
(0.0340266 0.000770241 0)
(0.0342434 0.000788182 0)
(0.0344716 0.000803571 0)
(0.0347097 0.000816527 0)
(0.0349565 0.000827165 0)
(0.0352107 0.000835604 0)
(0.0354712 0.000841962 0)
(0.035737 0.000846354 0)
(0.036007 0.000848897 0)
(0.0362805 0.000849708 0)
(0.0365565 0.0008489 0)
(0.0368342 0.000846588 0)
(0.0371131 0.000842883 0)
(0.0373923 0.000837895 0)
(0.0376713 0.000831731 0)
(0.0379496 0.000824497 0)
(0.0382266 0.000816294 0)
(0.038502 0.000807222 0)
(0.0387753 0.000797376 0)
(0.0390462 0.000786848 0)
(0.0393144 0.000775725 0)
(0.0395796 0.000764091 0)
(0.0398415 0.000752025 0)
(0.0401 0.000739603 0)
(0.0403548 0.000726895 0)
(0.040606 0.000713967 0)
(0.0408532 0.000700881 0)
(0.0410965 0.000687694 0)
(0.0413358 0.000674457 0)
(0.041571 0.000661221 0)
(0.0418021 0.000648027 0)
(0.0420291 0.000634917 0)
(0.042252 0.000621925 0)
(0.0424708 0.000609083 0)
(0.0426856 0.00059642 0)
(0.0428964 0.000583958 0)
(0.0431032 0.00057172 0)
(0.0433062 0.000559723 0)
(0.0435053 0.000547981 0)
(0.0437007 0.000536507 0)
(0.0438924 0.000525309 0)
(0.0440805 0.000514393 0)
(0.0442652 0.000503766 0)
(0.0444464 0.000493427 0)
(0.0446243 0.000483379 0)
(0.044799 0.000473619 0)
(0.0449706 0.000464144 0)
(0.0451391 0.000454951 0)
(0.0453046 0.000446033 0)
(0.0454672 0.000437384 0)
(0.0456271 0.000428996 0)
(0.0457843 0.00042086 0)
(0.0459388 0.000412968 0)
(0.0460907 0.000405309 0)
(0.0462402 0.000397872 0)
(0.0463873 0.000390647 0)
(0.046532 0.000383623 0)
(0.0466744 0.000376788 0)
(0.0468146 0.000370131 0)
(0.0469526 0.000363639 0)
(0.0470885 0.000357301 0)
(0.0472223 0.000351106 0)
(0.0473541 0.000345041 0)
(0.0474839 0.000339096 0)
(0.0476117 0.000333258 0)
(0.0477376 0.000327518 0)
(0.0478616 0.000321863 0)
(0.0479837 0.000316284 0)
(0.048104 0.000310771 0)
(0.0482224 0.000305314 0)
(0.0483389 0.000299904 0)
(0.0484537 0.000294531 0)
(0.0485666 0.000289189 0)
(0.0486777 0.000283869 0)
(0.0487869 0.000278565 0)
(0.0488943 0.00027327 0)
(0.0489999 0.000267979 0)
(0.0491037 0.000262687 0)
(0.0492056 0.000257389 0)
(0.0493056 0.000252084 0)
(0.0494038 0.000246767 0)
(0.0495 0.000241439 0)
(0.0495944 0.000236097 0)
(0.0496868 0.000230743 0)
(0.0497773 0.000225376 0)
(0.0498658 0.000219999 0)
(0.0499524 0.000214613 0)
(0.0500369 0.000209219 0)
(0.0501195 0.00020382 0)
(0.0502001 0.000198416 0)
(0.0502786 0.000193005 0)
(0.0503551 0.000187585 0)
(0.0504295 0.000182144 0)
(0.0505019 0.000176677 0)
(0.0505722 0.000171154 0)
(0.0506403 0.000165585 0)
(0.0507062 0.000159791 0)
(0.0507697 0.000154448 0)
(0.0508301 0.000147261 0)
(0.0508878 0.000143813 0)
(0.0509475 0.000137362 0)
(0.126621 -0.0012289 0)
(0.126099 -0.00148088 0)
(0.125473 -0.00171552 0)
(0.124755 -0.00191978 0)
(0.123953 -0.0020891 0)
(0.123079 -0.00222453 0)
(0.122139 -0.00232992 0)
(0.121141 -0.00241008 0)
(0.120089 -0.00246974 0)
(0.11899 -0.00251309 0)
(0.117848 -0.00254367 0)
(0.116669 -0.0025644 0)
(0.115456 -0.00257765 0)
(0.114213 -0.00258536 0)
(0.112943 -0.00258912 0)
(0.111647 -0.00259027 0)
(0.110329 -0.00258989 0)
(0.108988 -0.00258889 0)
(0.107627 -0.002588 0)
(0.106246 -0.00258781 0)
(0.104845 -0.00258879 0)
(0.103425 -0.0025913 0)
(0.101985 -0.00259559 0)
(0.100524 -0.00260182 0)
(0.0990431 -0.00261008 0)
(0.0975404 -0.00262039 0)
(0.0960152 -0.00263268 0)
(0.0944668 -0.00264685 0)
(0.0928939 -0.0026627 0)
(0.0912956 -0.00268 0)
(0.0896708 -0.00269844 0)
(0.0880185 -0.00271768 0)
(0.0863376 -0.00273729 0)
(0.0846274 -0.00275682 0)
(0.0828871 -0.00277572 0)
(0.0811161 -0.00279343 0)
(0.0793141 -0.00280933 0)
(0.0774811 -0.00282273 0)
(0.0756173 -0.00283296 0)
(0.0737236 -0.00283927 0)
(0.0718008 -0.00284093 0)
(0.0698508 -0.00283722 0)
(0.0678755 -0.00282743 0)
(0.0658777 -0.0028109 0)
(0.0638606 -0.00278704 0)
(0.0618283 -0.00275536 0)
(0.0597853 -0.00271549 0)
(0.0577368 -0.00266718 0)
(0.0556886 -0.00261037 0)
(0.0536471 -0.00254516 0)
(0.0516189 -0.00247185 0)
(0.0496114 -0.0023909 0)
(0.0476317 -0.00230297 0)
(0.0456875 -0.00220887 0)
(0.0437861 -0.00210951 0)
(0.0419346 -0.00200592 0)
(0.0401397 -0.00189917 0)
(0.0384075 -0.00179035 0)
(0.0367436 -0.00168051 0)
(0.0351525 -0.00157063 0)
(0.033638 -0.0014616 0)
(0.032203 -0.0013542 0)
(0.0308494 -0.00124909 0)
(0.0295782 -0.00114677 0)
(0.0283897 -0.00104765 0)
(0.0272834 -0.000952024 0)
(0.0262581 -0.000860068 0)
(0.0253122 -0.000771894 0)
(0.0244436 -0.000687549 0)
(0.0236499 -0.000607025 0)
(0.0229283 -0.000530279 0)
(0.0222761 -0.00045724 0)
(0.0216901 -0.000387818 0)
(0.0211675 -0.000321907 0)
(0.0207051 -0.000259392 0)
(0.0202999 -0.000200149 0)
(0.0199488 -0.000144054 0)
(0.019649 -9.09773e-05 0)
(0.0193975 -4.07913e-05 0)
(0.0191917 6.62952e-06 0)
(0.0190288 5.1407e-05 0)
(0.0189062 9.36575e-05 0)
(0.0188214 0.000133491 0)
(0.0187722 0.000171009 0)
(0.0187562 0.000206306 0)
(0.0187712 0.00023947 0)
(0.0188153 0.000270577 0)
(0.0188863 0.0002997 0)
(0.0189824 0.000326902 0)
(0.0191018 0.000352242 0)
(0.0192428 0.000375773 0)
(0.0194037 0.000397544 0)
(0.019583 0.000417601 0)
(0.019779 0.000435988 0)
(0.0199905 0.000452746 0)
(0.0202159 0.000467917 0)
(0.020454 0.000481543 0)
(0.0207036 0.000493666 0)
(0.0209633 0.000504329 0)
(0.0212321 0.000513576 0)
(0.0215089 0.000521454 0)
(0.0217926 0.000528009 0)
(0.0220823 0.000533292 0)
(0.022377 0.000537354 0)
(0.0226759 0.000540248 0)
(0.022978 0.000542029 0)
(0.0232827 0.000542754 0)
(0.0235892 0.000542479 0)
(0.0238968 0.000541263 0)
(0.0242049 0.000539165 0)
(0.0245128 0.000536246 0)
(0.02482 0.000532564 0)
(0.025126 0.000528179 0)
(0.0254304 0.00052315 0)
(0.0257327 0.000517537 0)
(0.0260325 0.000511395 0)
(0.0263294 0.00050478 0)
(0.0266233 0.000497748 0)
(0.0269137 0.000490351 0)
(0.0272004 0.00048264 0)
(0.0274833 0.000474662 0)
(0.0277621 0.000466465 0)
(0.0280366 0.000458091 0)
(0.0283069 0.000449584 0)
(0.0285727 0.00044098 0)
(0.0288339 0.000432316 0)
(0.0290906 0.000423626 0)
(0.0293426 0.00041494 0)
(0.02959 0.000406287 0)
(0.0298328 0.000397691 0)
(0.0300709 0.000389177 0)
(0.0303044 0.000380765 0)
(0.0305333 0.000372472 0)
(0.0307577 0.000364315 0)
(0.0309777 0.000356307 0)
(0.0311932 0.00034846 0)
(0.0314045 0.000340784 0)
(0.0316114 0.000333286 0)
(0.0318143 0.000325972 0)
(0.0320131 0.000318847 0)
(0.0322079 0.000311914 0)
(0.0323989 0.000305173 0)
(0.0325861 0.000298626 0)
(0.0327696 0.000292272 0)
(0.0329496 0.000286108 0)
(0.0331261 0.000280131 0)
(0.0332992 0.000274339 0)
(0.033469 0.000268727 0)
(0.0336357 0.000263289 0)
(0.0337992 0.00025802 0)
(0.0339598 0.000252915 0)
(0.0341175 0.000247965 0)
(0.0342723 0.000243166 0)
(0.0344244 0.000238509 0)
(0.0345738 0.000233987 0)
(0.0347206 0.000229594 0)
(0.0348649 0.000225321 0)
(0.0350067 0.000221161 0)
(0.0351461 0.000217106 0)
(0.0352832 0.000213149 0)
(0.0354179 0.000209282 0)
(0.0355504 0.000205499 0)
(0.0356807 0.000201791 0)
(0.0358088 0.000198151 0)
(0.0359348 0.000194574 0)
(0.0360587 0.000191052 0)
(0.0361805 0.000187579 0)
(0.0363003 0.000184148 0)
(0.036418 0.000180754 0)
(0.0365337 0.000177392 0)
(0.0366474 0.000174056 0)
(0.0367591 0.000170742 0)
(0.0368688 0.000167445 0)
(0.0369765 0.000164161 0)
(0.0370823 0.000160887 0)
(0.0371861 0.00015762 0)
(0.0372878 0.000154357 0)
(0.0373876 0.000151097 0)
(0.0374854 0.000147837 0)
(0.0375812 0.000144577 0)
(0.037675 0.000141316 0)
(0.0377667 0.000138054 0)
(0.0378565 0.000134793 0)
(0.0379441 0.000131532 0)
(0.0380298 0.000128273 0)
(0.0381133 0.000125017 0)
(0.0381949 0.000121764 0)
(0.0382743 0.000118517 0)
(0.0383517 0.000115274 0)
(0.0384269 0.000112034 0)
(0.0385001 0.000108792 0)
(0.0385713 0.000105551 0)
(0.0386402 0.000102298 0)
(0.0387071 9.90091e-05 0)
(0.0387718 9.58657e-05 0)
(0.0388341 9.22094e-05 0)
(0.0388945 9.01611e-05 0)
(0.0389517 8.54273e-05 0)
(0.0390048 8.46081e-05 0)
(0.0390671 8.90289e-05 0)
(0.0882279 -0.000800992 0)
(0.0875295 -0.000954717 0)
(0.0867124 -0.00108358 0)
(0.0857897 -0.00117998 0)
(0.0847789 -0.00124378 0)
(0.0836972 -0.00127964 0)
(0.0825598 -0.00129409 0)
(0.0813799 -0.00129349 0)
(0.080168 -0.00128308 0)
(0.0789324 -0.00126674 0)
(0.0776797 -0.00124713 0)
(0.076415 -0.00122605 0)
(0.0751421 -0.00120467 0)
(0.0738638 -0.00118378 0)
(0.072582 -0.00116391 0)
(0.0712983 -0.00114542 0)
(0.0700133 -0.00112858 0)
(0.0687275 -0.00111354 0)
(0.0674409 -0.00110039 0)
(0.0661532 -0.00108915 0)
(0.0648639 -0.00107981 0)
(0.0635724 -0.00107227 0)
(0.0622777 -0.00106644 0)
(0.0609789 -0.00106219 0)
(0.0596751 -0.00105933 0)
(0.0583652 -0.00105769 0)
(0.0570482 -0.00105708 0)
(0.0557231 -0.00105726 0)
(0.0543891 -0.001058 0)
(0.0530454 -0.00105906 0)
(0.0516914 -0.00106018 0)
(0.0503267 -0.00106109 0)
(0.0489509 -0.0010615 0)
(0.0475642 -0.00106115 0)
(0.0461668 -0.00105974 0)
(0.0447591 -0.00105698 0)
(0.0433423 -0.00105261 0)
(0.0419173 -0.00104635 0)
(0.040486 -0.00103796 0)
(0.0390503 -0.00102723 0)
(0.0376125 -0.00101397 0)
(0.0361754 -0.000998052 0)
(0.0347421 -0.000979386 0)
(0.033316 -0.000957944 0)
(0.031901 -0.000933758 0)
(0.030501 -0.000906924 0)
(0.0291201 -0.000877599 0)
(0.0277626 -0.000846002 0)
(0.0264327 -0.000812401 0)
(0.0251347 -0.000777106 0)
(0.0238725 -0.000740454 0)
(0.0226499 -0.000702797 0)
(0.0214704 -0.00066448 0)
(0.020337 -0.000625836 0)
(0.0192524 -0.000587162 0)
(0.0182187 -0.000548721 0)
(0.0172377 -0.000510729 0)
(0.0163104 -0.00047336 0)
(0.0154376 -0.000436748 0)
(0.0146196 -0.000400996 0)
(0.0138562 -0.000366184 0)
(0.0131468 -0.00033238 0)
(0.0124906 -0.000299647 0)
(0.0118863 -0.000268045 0)
(0.0113326 -0.000237637 0)
(0.0108279 -0.000208478 0)
(0.0103703 -0.000180619 0)
(0.00995808 -0.000154095 0)
(0.00958923 -0.000128924 0)
(0.00926181 -0.000105101 0)
(0.00897385 -8.26002e-05 0)
(0.00872342 -6.13747e-05 0)
(0.0085086 -4.13622e-05 0)
(0.00832755 -2.24889e-05 0)
(0.00817846 -4.67568e-06 0)
(0.00805962 1.21577e-05 0)
(0.00796937 2.80881e-05 0)
(0.00790614 4.3186e-05 0)
(0.00786842 5.75139e-05 0)
(0.00785479 7.11256e-05 0)
(0.00786388 8.40657e-05 0)
(0.00789438 9.63708e-05 0)
(0.00794508 0.00010807 0)
(0.00801477 0.000119184 0)
(0.00810232 0.000129732 0)
(0.00820666 0.000139725 0)
(0.00832674 0.000149172 0)
(0.00846155 0.000158079 0)
(0.00861013 0.000166449 0)
(0.00877153 0.000174286 0)
(0.00894485 0.000181591 0)
(0.0091292 0.000188365 0)
(0.00932372 0.000194608 0)
(0.00952759 0.000200322 0)
(0.00973999 0.00020551 0)
(0.00996014 0.000210174 0)
(0.0101873 0.000214317 0)
(0.0104206 0.000217947 0)
(0.0106595 0.000221069 0)
(0.0109032 0.000223692 0)
(0.011151 0.000225825 0)
(0.0114024 0.000227482 0)
(0.0116566 0.000228675 0)
(0.011913 0.000229419 0)
(0.0121712 0.000229731 0)
(0.0124305 0.000229628 0)
(0.0126904 0.000229131 0)
(0.0129504 0.000228258 0)
(0.0132101 0.000227032 0)
(0.0134691 0.000225474 0)
(0.0137269 0.000223606 0)
(0.0139831 0.000221453 0)
(0.0142374 0.000219038 0)
(0.0144895 0.000216383 0)
(0.0147391 0.000213513 0)
(0.0149859 0.000210449 0)
(0.0152297 0.000207216 0)
(0.0154703 0.000203835 0)
(0.0157074 0.000200327 0)
(0.015941 0.000196714 0)
(0.0161709 0.000193015 0)
(0.0163969 0.000189249 0)
(0.016619 0.000185433 0)
(0.0168371 0.000181586 0)
(0.0170511 0.000177721 0)
(0.017261 0.000173854 0)
(0.0174668 0.000169999 0)
(0.0176685 0.000166166 0)
(0.0178661 0.000162368 0)
(0.0180596 0.000158614 0)
(0.018249 0.000154914 0)
(0.0184344 0.000151273 0)
(0.0186158 0.000147701 0)
(0.0187933 0.000144201 0)
(0.0189669 0.000140779 0)
(0.0191368 0.000137439 0)
(0.019303 0.000134183 0)
(0.0194656 0.000131015 0)
(0.0196247 0.000127935 0)
(0.0197803 0.000124945 0)
(0.0199325 0.000122044 0)
(0.0200816 0.000119233 0)
(0.0202274 0.000116511 0)
(0.0203702 0.000113876 0)
(0.0205099 0.000111327 0)
(0.0206468 0.000108863 0)
(0.0207809 0.00010648 0)
(0.0209122 0.000104176 0)
(0.0210409 0.000101949 0)
(0.0211671 9.97962e-05 0)
(0.0212907 9.77138e-05 0)
(0.021412 9.56991e-05 0)
(0.0215309 9.37487e-05 0)
(0.0216476 9.18594e-05 0)
(0.021762 9.00278e-05 0)
(0.0218744 8.82506e-05 0)
(0.0219846 8.65245e-05 0)
(0.0220928 8.48461e-05 0)
(0.0221991 8.32122e-05 0)
(0.0223034 8.16194e-05 0)
(0.0224058 8.00648e-05 0)
(0.0225064 7.85451e-05 0)
(0.0226052 7.70574e-05 0)
(0.0227022 7.55989e-05 0)
(0.0227975 7.41666e-05 0)
(0.0228911 7.2758e-05 0)
(0.022983 7.13706e-05 0)
(0.0230732 7.0002e-05 0)
(0.0231617 6.86499e-05 0)
(0.0232487 6.73123e-05 0)
(0.023334 6.59873e-05 0)
(0.0234177 6.46731e-05 0)
(0.0234997 6.33681e-05 0)
(0.0235802 6.20712e-05 0)
(0.0236591 6.07809e-05 0)
(0.0237364 5.94965e-05 0)
(0.0238121 5.82172e-05 0)
(0.0238862 5.69424e-05 0)
(0.0239588 5.56719e-05 0)
(0.0240297 5.44056e-05 0)
(0.0240991 5.31435e-05 0)
(0.0241668 5.18859e-05 0)
(0.024233 5.06333e-05 0)
(0.0242975 4.93861e-05 0)
(0.0243605 4.81449e-05 0)
(0.0244219 4.691e-05 0)
(0.0244817 4.56817e-05 0)
(0.0245399 4.446e-05 0)
(0.0245965 4.32439e-05 0)
(0.0246515 4.20327e-05 0)
(0.0247049 4.08269e-05 0)
(0.0247567 3.96144e-05 0)
(0.024807 3.84467e-05 0)
(0.0248555 3.71626e-05 0)
(0.0249026 3.63033e-05 0)
(0.024948 3.46053e-05 0)
(0.0249913 3.51012e-05 0)
(0.0250355 3.32809e-05 0)
(0.0250696 3.35786e-05 0)
(0.0251253 4.5684e-05 0)
(0.0327378 -0.000233075 0)
(0.0321414 -0.000255707 0)
(0.0314846 -0.000257726 0)
(0.0307938 -0.000243015 0)
(0.03009 -0.000218598 0)
(0.0293866 -0.000191464 0)
(0.0286907 -0.000166535 0)
(0.0280054 -0.000146207 0)
(0.027332 -0.000130901 0)
(0.0266706 -0.000119927 0)
(0.0260212 -0.00011221 0)
(0.0253837 -0.000106734 0)
(0.0247576 -0.000102726 0)
(0.0241427 -9.96747e-05 0)
(0.0235381 -9.7273e-05 0)
(0.0229431 -9.53479e-05 0)
(0.0223568 -9.37996e-05 0)
(0.0217782 -9.25625e-05 0)
(0.0212064 -9.1584e-05 0)
(0.0206403 -9.08153e-05 0)
(0.020079 -9.02084e-05 0)
(0.0195216 -8.97167e-05 0)
(0.0189673 -8.92953e-05 0)
(0.0184152 -8.89016e-05 0)
(0.0178647 -8.8496e-05 0)
(0.0173154 -8.80415e-05 0)
(0.0167666 -8.75041e-05 0)
(0.0162182 -8.68525e-05 0)
(0.0156698 -8.60585e-05 0)
(0.0151215 -8.50972e-05 0)
(0.0145731 -8.39477e-05 0)
(0.014025 -8.25931e-05 0)
(0.0134774 -8.10218e-05 0)
(0.0129308 -7.92275e-05 0)
(0.0123857 -7.72104e-05 0)
(0.0118428 -7.49766e-05 0)
(0.011303 -7.25391e-05 0)
(0.0107673 -6.99165e-05 0)
(0.0102365 -6.7133e-05 0)
(0.009712 -6.42166e-05 0)
(0.00919486 -6.11976e-05 0)
(0.00868639 -5.81061e-05 0)
(0.00818788 -5.49696e-05 0)
(0.00770065 -5.18111e-05 0)
(0.00722599 -4.86464e-05 0)
(0.00676518 -4.5483e-05 0)
(0.00631941 -4.232e-05 0)
(0.00588982 -3.9149e-05 0)
(0.00547743 -3.59563e-05 0)
(0.00508312 -3.27271e-05 0)
(0.00470765 -2.94491e-05 0)
(0.00435162 -2.61176e-05 0)
(0.00401546 -2.27388e-05 0)
(0.00369942 -1.93321e-05 0)
(0.00340361 -1.59303e-05 0)
(0.00312797 -1.25782e-05 0)
(0.00287229 -9.32778e-06 0)
(0.00263624 -6.23368e-06 0)
(0.00241939 -3.34692e-06 0)
(0.0022212 -7.09597e-07 0)
(0.0020411 1.64938e-06 0)
(0.00187843 3.71665e-06 0)
(0.00173252 5.49481e-06 0)
(0.00160268 7.00085e-06 0)
(0.00148819 8.26322e-06 0)
(0.00138833 9.31803e-06 0)
(0.00130239 1.02049e-05 0)
(0.00122965 1.09635e-05 0)
(0.0011694 1.16301e-05 0)
(0.00112098 1.22361e-05 0)
(0.00108371 1.28064e-05 0)
(0.00105699 1.33594e-05 0)
(0.00104022 1.39076e-05 0)
(0.00103286 1.44581e-05 0)
(0.00103438 1.50141e-05 0)
(0.00104433 1.55758e-05 0)
(0.00106226 1.61417e-05 0)
(0.00108777 1.67093e-05 0)
(0.00112048 1.72758e-05 0)
(0.00116004 1.78384e-05 0)
(0.00120612 1.83946e-05 0)
(0.00125842 1.89424e-05 0)
(0.00131662 1.94799e-05 0)
(0.00138046 2.00056e-05 0)
(0.00144963 2.05179e-05 0)
(0.00152388 2.10153e-05 0)
(0.00160294 2.1496e-05 0)
(0.00168653 2.19583e-05 0)
(0.0017744 2.24001e-05 0)
(0.00186629 2.28192e-05 0)
(0.00196192 2.32132e-05 0)
(0.00206104 2.35797e-05 0)
(0.00216337 2.39164e-05 0)
(0.00226867 2.42209e-05 0)
(0.00237665 2.4491e-05 0)
(0.00248706 2.47247e-05 0)
(0.00259962 2.49202e-05 0)
(0.00271409 2.50762e-05 0)
(0.00283019 2.51915e-05 0)
(0.00294767 2.52653e-05 0)
(0.00306628 2.52973e-05 0)
(0.00318577 2.52874e-05 0)
(0.00330589 2.52359e-05 0)
(0.00342641 2.51436e-05 0)
(0.00354711 2.50115e-05 0)
(0.00366776 2.48408e-05 0)
(0.00378816 2.46333e-05 0)
(0.00390811 2.43906e-05 0)
(0.00402741 2.4115e-05 0)
(0.0041459 2.38085e-05 0)
(0.00426341 2.34737e-05 0)
(0.00437979 2.3113e-05 0)
(0.00449489 2.27289e-05 0)
(0.00460858 2.23241e-05 0)
(0.00472076 2.19013e-05 0)
(0.00483132 2.14629e-05 0)
(0.00494016 2.10116e-05 0)
(0.0050472 2.05499e-05 0)
(0.00515239 2.00803e-05 0)
(0.00525566 1.96049e-05 0)
(0.00535696 1.9126e-05 0)
(0.00545625 1.86457e-05 0)
(0.00555352 1.8166e-05 0)
(0.00564875 1.76884e-05 0)
(0.00574192 1.72148e-05 0)
(0.00583303 1.67465e-05 0)
(0.00592209 1.62849e-05 0)
(0.00600911 1.58312e-05 0)
(0.00609411 1.53863e-05 0)
(0.00617711 1.49511e-05 0)
(0.00625815 1.45264e-05 0)
(0.00633725 1.41127e-05 0)
(0.00641445 1.37106e-05 0)
(0.00648979 1.33203e-05 0)
(0.00656331 1.29422e-05 0)
(0.00663506 1.25764e-05 0)
(0.00670508 1.2223e-05 0)
(0.00677341 1.18819e-05 0)
(0.00684012 1.15531e-05 0)
(0.00690523 1.12364e-05 0)
(0.00696881 1.09316e-05 0)
(0.0070309 1.06385e-05 0)
(0.00709154 1.03567e-05 0)
(0.00715079 1.00859e-05 0)
(0.00720869 9.8258e-06 0)
(0.00726529 9.57597e-06 0)
(0.00732063 9.33602e-06 0)
(0.00737475 9.10553e-06 0)
(0.0074277 8.88409e-06 0)
(0.00747951 8.67126e-06 0)
(0.00753022 8.46662e-06 0)
(0.00757987 8.26975e-06 0)
(0.00762849 8.08021e-06 0)
(0.00767612 7.8976e-06 0)
(0.00772279 7.72151e-06 0)
(0.00776852 7.55155e-06 0)
(0.00781335 7.38732e-06 0)
(0.0078573 7.22847e-06 0)
(0.00790039 7.07464e-06 0)
(0.00794265 6.92547e-06 0)
(0.0079841 6.78065e-06 0)
(0.00802475 6.63987e-06 0)
(0.00806463 6.50284e-06 0)
(0.00810375 6.36927e-06 0)
(0.00814212 6.23891e-06 0)
(0.00817976 6.11153e-06 0)
(0.00821668 5.9869e-06 0)
(0.00825289 5.86481e-06 0)
(0.0082884 5.74509e-06 0)
(0.00832322 5.62758e-06 0)
(0.00835736 5.51212e-06 0)
(0.00839081 5.39861e-06 0)
(0.0084236 5.28692e-06 0)
(0.00845571 5.17699e-06 0)
(0.00848717 5.06876e-06 0)
(0.00851796 4.96217e-06 0)
(0.0085481 4.85723e-06 0)
(0.00857758 4.75391e-06 0)
(0.00860642 4.65225e-06 0)
(0.00863461 4.55228e-06 0)
(0.00866215 4.45402e-06 0)
(0.00868905 4.35754e-06 0)
(0.00871531 4.26287e-06 0)
(0.00874094 4.17002e-06 0)
(0.00876593 4.07898e-06 0)
(0.0087903 3.98969e-06 0)
(0.00881404 3.90205e-06 0)
(0.00883717 3.81579e-06 0)
(0.00885968 3.73095e-06 0)
(0.00888157 3.64645e-06 0)
(0.00890286 3.56567e-06 0)
(0.00892354 3.47955e-06 0)
(0.00894359 3.42138e-06 0)
(0.00896314 3.31728e-06 0)
(0.00898181 3.38709e-06 0)
(0.00900095 3.22498e-06 0)
(0.00901705 3.7171e-06 0)
(0.00903977 3.98751e-06 0)
(0.00904852 4.20423e-06 0)
(0.00908663 1.17978e-05 0)
)
;

boundaryField
{
    inlet
    {
        type            fixedProfile;
        profile         table
        
21
(
(0 (0 0 0))
(0.05 (0.0285 0 0))
(0.1 (0.054 0 0))
(0.15 (0.0765 0 0))
(0.2 (0.096 0 0))
(0.25 (0.1125 0 0))
(0.3 (0.126 0 0))
(0.35 (0.1365 0 0))
(0.4 (0.144 0 0))
(0.45 (0.1485 0 0))
(0.5 (0.15 0 0))
(0.55 (0.1485 0 0))
(0.6 (0.144 0 0))
(0.65 (0.1365 0 0))
(0.7 (0.126 0 0))
(0.75 (0.1125 0 0))
(0.8 (0.096 0 0))
(0.85 (0.0765 0 0))
(0.9 (0.054 0 0))
(0.95 (0.0285 0 0))
(1 (0 0 0))
)
;
        direction       (0 1 0);
        origin          1;
        value           nonuniform List<vector> 8((0.034875 0 0) (0.091125 0 0) (0.128625 0 0) (0.147375 0 0) (0.147375 0 0) (0.128625 0 0) (0.091125 0 0) (0.034875 0 0));
    }
    outlet
    {
        type            zeroGradient;
    }
    walls
    {
        type            noSlip;
    }
    symwall
    {
        type            empty;
    }
}


// ************************************************************************* //
