/*--------------------------------*- C++ -*----------------------------------*\
| =========                 |                                                 |
| \\      /  F ield         | OpenFOAM: The Open Source CFD Toolbox           |
|  \\    /   O peration     | Version:  4.1                                   |
|   \\  /    A nd           | Web:      www.OpenFOAM.org                      |
|    \\/     M anipulation  |                                                 |
\*---------------------------------------------------------------------------*/
FoamFile
{
    version     2.0;
    format      ascii;
    class       volVectorField;
    location    "18";
    object      U;
}
// * * * * * * * * * * * * * * * * * * * * * * * * * * * * * * * * * * * * * //

dimensions      [0 1 -1 0 0 0 0];

internalField   nonuniform List<vector> 
3264
(
(-0.00147912 0.00136306 0)
(-0.00477347 0.00137036 0)
(-0.00742279 0.00118657 0)
(-0.00921857 0.000849456 0)
(-0.00986836 0.000408363 0)
(-0.00930256 -0.000130437 0)
(-0.00743883 -0.000673615 0)
(-0.00447813 -0.0011458 0)
(-0.000692644 -0.00146046 0)
(0.00348859 -0.00157797 0)
(0.00765635 -0.00151173 0)
(0.0114775 -0.0013194 0)
(0.0147592 -0.00106977 0)
(0.0174355 -0.000817757 0)
(0.0195315 -0.000595858 0)
(0.0211224 -0.000417011 0)
(0.0223015 -0.000281527 0)
(0.02316 -0.000183467 0)
(0.0237768 -0.000114932 0)
(0.0242158 -6.83797e-05 0)
(0.0245257 -3.75518e-05 0)
(0.0247433 -1.76549e-05 0)
(0.0248952 -5.19232e-06 0)
(0.0250005 2.30543e-06 0)
(0.0250729 6.54394e-06 0)
(0.0251223 8.6824e-06 0)
(0.0251553 9.49855e-06 0)
(0.0251771 9.50828e-06 0)
(0.0251909 9.04971e-06 0)
(0.0251993 8.34141e-06 0)
(0.025204 7.52215e-06 0)
(0.0252061 6.67776e-06 0)
(0.0252065 5.85936e-06 0)
(0.0252059 5.09548e-06 0)
(0.0252047 4.40015e-06 0)
(0.025203 3.77835e-06 0)
(0.0252013 3.22948e-06 0)
(0.0251994 2.74977e-06 0)
(0.0251977 2.33373e-06 0)
(0.025196 1.97514e-06 0)
(0.0251944 1.6676e-06 0)
(0.025193 1.40496e-06 0)
(0.0251917 1.18143e-06 0)
(0.0251906 9.91778e-07 0)
(0.0251896 8.31281e-07 0)
(0.0251888 6.95769e-07 0)
(0.025188 5.81587e-07 0)
(0.0251874 4.85553e-07 0)
(0.0251868 4.04918e-07 0)
(0.0251863 3.37315e-07 0)
(0.0251859 2.80717e-07 0)
(0.0251855 2.33393e-07 0)
(0.0251852 1.93873e-07 0)
(0.025185 1.60905e-07 0)
(0.0251848 1.33434e-07 0)
(0.0251846 1.10566e-07 0)
(0.0251844 9.15473e-08 0)
(0.0251843 7.57447e-08 0)
(0.0251842 6.26258e-08 0)
(0.0251841 5.17436e-08 0)
(0.025184 4.27241e-08 0)
(0.025184 3.52542e-08 0)
(0.0251839 2.90722e-08 0)
(0.0251839 2.39596e-08 0)
(0.0251838 1.97344e-08 0)
(0.0251838 1.62448e-08 0)
(0.0251838 1.33647e-08 0)
(0.0251837 1.09891e-08 0)
(0.0251837 9.03082e-09 0)
(0.0251837 7.41754e-09 0)
(0.0251837 6.08925e-09 0)
(0.0251837 4.99621e-09 0)
(0.0251837 4.09726e-09 0)
(0.0251837 3.35833e-09 0)
(0.0251837 2.75128e-09 0)
(0.0251837 2.25285e-09 0)
(0.0251837 1.84381e-09 0)
(0.0251837 1.50829e-09 0)
(0.0251837 1.2332e-09 0)
(0.0251837 1.00778e-09 0)
(0.0251837 8.23171e-10 0)
(0.0251837 6.7207e-10 0)
(0.0251837 5.48453e-10 0)
(0.0251837 4.4735e-10 0)
(0.0251836 3.64685e-10 0)
(0.0251836 2.97133e-10 0)
(0.0251836 2.41974e-10 0)
(0.0251836 1.96971e-10 0)
(0.0251836 1.6027e-10 0)
(0.0251836 1.3034e-10 0)
(0.0251836 1.05933e-10 0)
(0.0251836 8.60389e-11 0)
(0.0251836 6.98434e-11 0)
(0.0251836 5.66749e-11 0)
(0.0251836 4.59693e-11 0)
(0.0251836 3.72629e-11 0)
(0.0251836 3.01772e-11 0)
(0.0251836 2.44183e-11 0)
(0.0251836 1.97523e-11 0)
(0.0251836 1.59809e-11 0)
(0.0251836 1.29309e-11 0)
(0.0251836 1.04567e-11 0)
(0.0251836 8.44178e-12 0)
(0.0251836 6.80034e-12 0)
(0.0251836 5.47422e-12 0)
(0.0251836 4.41022e-12 0)
(0.0251836 3.56167e-12 0)
(0.0251836 2.87824e-12 0)
(0.0251836 2.31667e-12 0)
(0.0251836 1.8532e-12 0)
(0.0251836 1.47155e-12 0)
(0.0251836 1.16826e-12 0)
(0.0251836 9.35202e-13 0)
(0.0251836 7.55027e-13 0)
(0.0251836 6.12204e-13 0)
(0.0251836 4.90322e-13 0)
(0.0251836 3.85286e-13 0)
(0.0251836 2.98493e-13 0)
(0.0251836 2.2776e-13 0)
(0.0251836 1.73868e-13 0)
(0.0251836 1.3478e-13 0)
(0.0251836 1.06309e-13 0)
(0.0251836 8.40328e-14 0)
(0.0251836 6.84234e-14 0)
(0.0251836 5.95358e-14 0)
(0.0251836 5.34647e-14 0)
(0.0251836 5.05114e-14 0)
(0.0251836 4.45701e-14 0)
(0.0251836 3.34205e-14 0)
(0.0251836 2.0302e-14 0)
(0.0251836 5.49435e-15 0)
(0.0251836 -3.60516e-15 0)
(0.0251836 -5.35791e-15 0)
(0.0251836 -1.25048e-15 0)
(0.0251836 5.1105e-15 0)
(0.0251836 8.5918e-15 0)
(0.0251836 9.70461e-15 0)
(0.0251836 6.2771e-15 0)
(0.0251836 6.70015e-16 0)
(0.0251836 -4.33863e-15 0)
(0.0251836 -8.93052e-15 0)
(0.0251836 -8.84433e-15 0)
(0.0251836 -5.61633e-15 0)
(0.0251836 -2.81016e-16 0)
(0.0251836 6.60467e-15 0)
(0.0251836 1.20536e-14 0)
(0.0251836 1.58838e-14 0)
(0.0251836 1.56523e-14 0)
(0.0251836 1.02427e-14 0)
(0.0251836 9.0386e-16 0)
(0.0251836 -1.0691e-14 0)
(0.0251836 -1.9218e-14 0)
(0.0251836 -2.19141e-14 0)
(0.0251836 -1.82746e-14 0)
(0.0251836 -9.43055e-15 0)
(0.0251836 4.34706e-16 0)
(0.0251836 8.3152e-15 0)
(0.0251836 1.11776e-14 0)
(0.0251836 7.61054e-15 0)
(0.0251836 2.83921e-16 0)
(0.0251836 -8.24933e-15 0)
(0.0251836 -1.31181e-14 0)
(0.0251836 -1.13679e-14 0)
(0.0251836 -2.3914e-15 0)
(0.0251836 1.07997e-14 0)
(0.0251836 2.27167e-14 0)
(0.0251836 3.11923e-14 0)
(0.0251836 3.39904e-14 0)
(0.0251836 2.98552e-14 0)
(0.0251836 2.14092e-14 0)
(0.0251836 9.97196e-15 0)
(0.0251836 2.69427e-15 0)
(0.0251836 9.58072e-16 0)
(0.0251836 5.30257e-15 0)
(0.0251836 1.42211e-14 0)
(0.0251836 2.55632e-14 0)
(0.0251836 3.63786e-14 0)
(0.0251836 4.64683e-14 0)
(0.0251836 5.462e-14 0)
(0.0251836 6.43324e-14 0)
(0.0251836 7.68979e-14 0)
(0.0251836 9.62265e-14 0)
(0.0251836 1.25272e-13 0)
(0.0251836 1.63699e-13 0)
(0.0251836 2.11716e-13 0)
(0.0251836 2.69186e-13 0)
(0.0251836 3.377e-13 0)
(0.0251836 4.21006e-13 0)
(0.0251836 5.24495e-13 0)
(0.0251836 6.61319e-13 0)
(0.0251836 8.44977e-13 0)
(0.0251836 1.10518e-12 0)
(0.0251836 1.42391e-12 0)
(0.0251836 1.88275e-12 0)
(0.0251836 2.4444e-12 0)
(0.0251836 2.46997e-12 0)
(0.0251836 2.77012e-12 0)
(0.0251836 4.6955e-12 0)
(0.0251836 -2.24711e-11 0)
(0.0251836 -1.80546e-11 0)
(-0.00171382 0.00448529 0)
(-0.00576603 0.00445849 0)
(-0.00848784 0.00322253 0)
(-0.00992718 0.00160092 0)
(-0.00970768 -0.000327804 0)
(-0.00790645 -0.00249611 0)
(-0.00444785 -0.00462386 0)
(0.000365419 -0.00643607 0)
(0.00619231 -0.00764162 0)
(0.01248 -0.00807949 0)
(0.0186904 -0.00778367 0)
(0.0243859 -0.00695785 0)
(0.0293193 -0.00586295 0)
(0.0334136 -0.00471952 0)
(0.0367083 -0.00366895 0)
(0.0393024 -0.00277865 0)
(0.0413147 -0.0020644 0)
(0.0428604 -0.00151286 0)
(0.0440407 -0.00109821 0)
(0.0449394 -0.000792171 0)
(0.0456228 -0.000569059 0)
(0.0461426 -0.000407664 0)
(0.0465383 -0.000291441 0)
(0.04684 -0.000207941 0)
(0.0470703 -0.000148002 0)
(0.0472463 -0.000104981 0)
(0.0473811 -7.41008e-05 0)
(0.0474843 -5.19369e-05 0)
(0.0475634 -3.60404e-05 0)
(0.0476241 -2.46577e-05 0)
(0.0476706 -1.65311e-05 0)
(0.0477062 -1.0756e-05 0)
(0.0477335 -6.68009e-06 0)
(0.0477543 -3.83141e-06 0)
(0.0477702 -1.8678e-06 0)
(0.0477824 -5.40617e-07 0)
(0.0477916 3.31053e-07 0)
(0.0477985 8.78921e-07 0)
(0.0478038 1.19883e-06 0)
(0.0478077 1.36039e-06 0)
(0.0478106 1.41403e-06 0)
(0.0478128 1.39608e-06 0)
(0.0478144 1.33256e-06 0)
(0.0478156 1.24191e-06 0)
(0.0478164 1.13703e-06 0)
(0.047817 1.0268e-06 0)
(0.0478174 9.17154e-07 0)
(0.0478177 8.11933e-07 0)
(0.0478178 7.13461e-07 0)
(0.0478179 6.23004e-07 0)
(0.047818 5.41091e-07 0)
(0.047818 4.67754e-07 0)
(0.047818 4.02702e-07 0)
(0.047818 3.45442e-07 0)
(0.0478179 2.95365e-07 0)
(0.0478179 2.51815e-07 0)
(0.0478179 2.14122e-07 0)
(0.0478178 1.81636e-07 0)
(0.0478178 1.53742e-07 0)
(0.0478178 1.29872e-07 0)
(0.0478177 1.09504e-07 0)
(0.0478177 9.21725e-08 0)
(0.0478177 7.74605e-08 0)
(0.0478177 6.49999e-08 0)
(0.0478176 5.44679e-08 0)
(0.0478176 4.55827e-08 0)
(0.0478176 3.81e-08 0)
(0.0478176 3.18087e-08 0)
(0.0478176 2.65271e-08 0)
(0.0478176 2.20994e-08 0)
(0.0478176 1.83925e-08 0)
(0.0478176 1.52929e-08 0)
(0.0478175 1.27042e-08 0)
(0.0478175 1.05445e-08 0)
(0.0478175 8.74477e-09 0)
(0.0478175 7.24645e-09 0)
(0.0478175 6.00027e-09 0)
(0.0478175 4.9647e-09 0)
(0.0478175 4.10489e-09 0)
(0.0478175 3.39161e-09 0)
(0.0478175 2.8004e-09 0)
(0.0478175 2.31078e-09 0)
(0.0478175 1.90561e-09 0)
(0.0478175 1.5705e-09 0)
(0.0478175 1.2935e-09 0)
(0.0478175 1.06468e-09 0)
(0.0478175 8.75819e-10 0)
(0.0478175 7.20095e-10 0)
(0.0478175 5.91786e-10 0)
(0.0478175 4.86101e-10 0)
(0.0478175 3.99055e-10 0)
(0.0478175 3.27383e-10 0)
(0.0478175 2.68418e-10 0)
(0.0478175 2.19963e-10 0)
(0.0478175 1.80171e-10 0)
(0.0478175 1.47493e-10 0)
(0.0478175 1.20646e-10 0)
(0.0478175 9.8606e-11 0)
(0.0478175 8.0556e-11 0)
(0.0478175 6.58213e-11 0)
(0.0478175 5.38124e-11 0)
(0.0478175 4.40045e-11 0)
(0.0478175 3.59553e-11 0)
(0.0478175 2.93276e-11 0)
(0.0478175 2.3882e-11 0)
(0.0478175 1.94408e-11 0)
(0.0478175 1.58471e-11 0)
(0.0478175 1.29394e-11 0)
(0.0478175 1.05661e-11 0)
(0.0478175 8.60289e-12 0)
(0.0478175 6.96743e-12 0)
(0.0478175 5.62083e-12 0)
(0.0478175 4.53711e-12 0)
(0.0478175 3.68405e-12 0)
(0.0478175 3.00989e-12 0)
(0.0478175 2.45853e-12 0)
(0.0478175 1.98533e-12 0)
(0.0478175 1.57427e-12 0)
(0.0478175 1.22561e-12 0)
(0.0478175 9.46596e-13 0)
(0.0478175 7.34917e-13 0)
(0.0478175 5.78543e-13 0)
(0.0478175 4.62037e-13 0)
(0.0478175 3.70198e-13 0)
(0.0478175 2.97944e-13 0)
(0.0478175 2.46863e-13 0)
(0.0478175 2.12454e-13 0)
(0.0478175 1.88922e-13 0)
(0.0478175 1.65458e-13 0)
(0.0478175 1.37505e-13 0)
(0.0478175 1.08128e-13 0)
(0.0478175 8.15184e-14 0)
(0.0478175 6.77855e-14 0)
(0.0478175 6.87152e-14 0)
(0.0478175 8.20902e-14 0)
(0.0478175 9.51246e-14 0)
(0.0478175 9.15363e-14 0)
(0.0478175 6.53134e-14 0)
(0.0478175 1.64504e-14 0)
(0.0478175 -4.09194e-14 0)
(0.0478175 -8.90202e-14 0)
(0.0478175 -1.14048e-13 0)
(0.0478175 -1.09414e-13 0)
(0.0478175 -7.92293e-14 0)
(0.0478175 -3.29056e-14 0)
(0.0478175 1.48113e-14 0)
(0.0478175 4.90974e-14 0)
(0.0478175 6.26679e-14 0)
(0.0478175 5.33261e-14 0)
(0.0478175 2.67733e-14 0)
(0.0478175 -6.86505e-15 0)
(0.0478175 -3.69578e-14 0)
(0.0478175 -5.53705e-14 0)
(0.0478175 -5.6043e-14 0)
(0.0478175 -4.14256e-14 0)
(0.0478175 -1.85999e-14 0)
(0.0478175 4.43674e-15 0)
(0.0478175 2.02932e-14 0)
(0.0478175 2.42097e-14 0)
(0.0478175 1.66772e-14 0)
(0.0478175 3.61401e-15 0)
(0.0478175 -7.41513e-15 0)
(0.0478175 -8.41282e-15 0)
(0.0478175 4.27363e-15 0)
(0.0478175 2.82078e-14 0)
(0.0478175 5.60187e-14 0)
(0.0478175 7.91742e-14 0)
(0.0478175 9.12835e-14 0)
(0.0478175 8.80225e-14 0)
(0.0478175 7.31625e-14 0)
(0.0478175 5.40496e-14 0)
(0.0478175 4.13912e-14 0)
(0.0478175 4.45908e-14 0)
(0.0478175 6.40884e-14 0)
(0.0478175 9.99667e-14 0)
(0.0478175 1.45487e-13 0)
(0.0478175 1.91672e-13 0)
(0.0478175 2.30676e-13 0)
(0.0478175 2.64594e-13 0)
(0.0478175 2.97617e-13 0)
(0.0478175 3.41167e-13 0)
(0.0478175 4.08489e-13 0)
(0.0478175 5.09768e-13 0)
(0.0478175 6.54091e-13 0)
(0.0478175 8.42134e-13 0)
(0.0478175 1.07511e-12 0)
(0.0478175 1.35323e-12 0)
(0.0478175 1.68185e-12 0)
(0.0478175 2.08482e-12 0)
(0.0478175 2.59596e-12 0)
(0.0478175 3.27612e-12 0)
(0.0478175 4.20613e-12 0)
(0.0478175 5.45995e-12 0)
(0.0478175 7.23917e-12 0)
(0.0478175 9.69553e-12 0)
(0.0478175 1.21914e-11 0)
(0.0478175 1.84164e-11 0)
(0.0478175 2.07117e-11 0)
(0.0478175 2.33303e-11 0)
(0.0478175 3.44123e-11 0)
(-0.00181063 0.00811321 0)
(-0.0061519 0.00784453 0)
(-0.00902298 0.00530743 0)
(-0.0103958 0.00211511 0)
(-0.00985316 -0.0015759 0)
(-0.0076114 -0.00561045 0)
(-0.00363561 -0.0095385 0)
(0.00173373 -0.0128686 0)
(0.00816254 -0.0150747 0)
(0.0150672 -0.0158236 0)
(0.0218374 -0.0151658 0)
(0.0279669 -0.0135112 0)
(0.0331933 -0.0113867 0)
(0.0374768 -0.00921598 0)
(0.0409093 -0.00724895 0)
(0.0436291 -0.00559044 0)
(0.0457731 -0.00425488 0)
(0.0474595 -0.00321127 0)
(0.0487844 -0.00241173 0)
(0.0498245 -0.00180685 0)
(0.0506402 -0.0013527 0)
(0.0512795 -0.0010131 0)
(0.0517803 -0.000759542 0)
(0.0521723 -0.000570204 0)
(0.0524792 -0.000428648 0)
(0.0527193 -0.00032262 0)
(0.0529072 -0.000243037 0)
(0.0530542 -0.000183175 0)
(0.0531692 -0.000138058 0)
(0.0532592 -0.000103996 0)
(0.0533296 -7.82467e-05 0)
(0.0533846 -5.87647e-05 0)
(0.0534276 -4.40188e-05 0)
(0.0534612 -3.28596e-05 0)
(0.0534874 -2.44206e-05 0)
(0.0535079 -1.80473e-05 0)
(0.0535239 -1.32437e-05 0)
(0.0535363 -9.63289e-06 0)
(0.0535459 -6.92825e-06 0)
(0.0535534 -4.91134e-06 0)
(0.0535592 -3.41558e-06 0)
(0.0535637 -2.31391e-06 0)
(0.0535672 -1.5094e-06 0)
(0.0535699 -9.28159e-07 0)
(0.0535719 -5.13936e-07 0)
(0.0535735 -2.23969e-07 0)
(0.0535747 -2.58291e-08 0)
(0.0535756 1.05004e-07 0)
(0.0535763 1.87006e-07 0)
(0.0535768 2.34037e-07 0)
(0.0535772 2.56438e-07 0)
(0.0535775 2.61874e-07 0)
(0.0535777 2.55984e-07 0)
(0.0535779 2.42873e-07 0)
(0.053578 2.25496e-07 0)
(0.053578 2.05946e-07 0)
(0.0535781 1.85673e-07 0)
(0.0535781 1.65658e-07 0)
(0.0535782 1.46533e-07 0)
(0.0535782 1.28683e-07 0)
(0.0535782 1.12314e-07 0)
(0.0535782 9.75087e-08 0)
(0.0535782 8.42637e-08 0)
(0.0535782 7.25216e-08 0)
(0.0535782 6.21903e-08 0)
(0.0535782 5.31584e-08 0)
(0.0535782 4.53061e-08 0)
(0.0535782 3.8512e-08 0)
(0.0535782 3.26581e-08 0)
(0.0535782 2.76332e-08 0)
(0.0535781 2.33342e-08 0)
(0.0535781 1.96672e-08 0)
(0.0535781 1.65478e-08 0)
(0.0535781 1.39008e-08 0)
(0.0535781 1.16597e-08 0)
(0.0535781 9.76616e-09 0)
(0.0535781 8.16932e-09 0)
(0.0535781 6.82502e-09 0)
(0.0535781 5.69517e-09 0)
(0.0535781 4.74706e-09 0)
(0.0535781 3.95263e-09 0)
(0.0535781 3.2879e-09 0)
(0.0535781 2.73235e-09 0)
(0.0535781 2.26855e-09 0)
(0.0535781 1.88175e-09 0)
(0.0535781 1.55953e-09 0)
(0.0535781 1.29146e-09 0)
(0.0535781 1.06869e-09 0)
(0.0535781 8.83748e-10 0)
(0.0535781 7.30297e-10 0)
(0.0535781 6.03034e-10 0)
(0.0535781 4.97564e-10 0)
(0.0535781 4.1024e-10 0)
(0.0535781 3.38011e-10 0)
(0.0535781 2.78307e-10 0)
(0.0535781 2.28963e-10 0)
(0.0535781 1.88202e-10 0)
(0.0535781 1.54582e-10 0)
(0.0535781 1.26924e-10 0)
(0.0535781 1.0423e-10 0)
(0.0535781 8.56225e-11 0)
(0.0535781 7.03272e-11 0)
(0.0535781 5.77098e-11 0)
(0.0535781 4.72839e-11 0)
(0.0535781 3.86896e-11 0)
(0.0535781 3.16546e-11 0)
(0.0535781 2.59252e-11 0)
(0.0535781 2.12571e-11 0)
(0.0535781 1.74236e-11 0)
(0.0535781 1.4242e-11 0)
(0.0535781 1.15981e-11 0)
(0.0535781 9.41923e-12 0)
(0.0535781 7.65727e-12 0)
(0.0535781 6.25222e-12 0)
(0.0535781 5.12188e-12 0)
(0.0535781 4.19028e-12 0)
(0.0535781 3.39114e-12 0)
(0.0535781 2.69899e-12 0)
(0.0535781 2.11359e-12 0)
(0.0535781 1.64018e-12 0)
(0.0535781 1.27244e-12 0)
(0.0535781 9.96633e-13 0)
(0.0535781 7.87739e-13 0)
(0.0535781 6.27394e-13 0)
(0.0535781 5.02896e-13 0)
(0.0535781 4.09315e-13 0)
(0.0535781 3.44217e-13 0)
(0.0535781 2.97649e-13 0)
(0.0535781 2.60192e-13 0)
(0.0535781 2.23625e-13 0)
(0.0535781 1.8758e-13 0)
(0.0535781 1.63841e-13 0)
(0.0535781 1.60183e-13 0)
(0.0535781 1.79744e-13 0)
(0.0535781 2.07601e-13 0)
(0.0535781 2.22785e-13 0)
(0.0535781 2.01723e-13 0)
(0.0535781 1.32861e-13 0)
(0.0535781 2.57113e-14 0)
(0.0535781 -9.45823e-14 0)
(0.0535781 -1.94522e-13 0)
(0.0535781 -2.44207e-13 0)
(0.0535781 -2.33981e-13 0)
(0.0535781 -1.7028e-13 0)
(0.0535781 -8.00828e-14 0)
(0.0535781 6.87573e-15 0)
(0.0535781 6.60444e-14 0)
(0.0535781 8.45471e-14 0)
(0.0535781 6.47447e-14 0)
(0.0535781 2.12194e-14 0)
(0.0535781 -2.73484e-14 0)
(0.0535781 -6.4862e-14 0)
(0.0535781 -8.04076e-14 0)
(0.0535781 -7.45203e-14 0)
(0.0535781 -5.00798e-14 0)
(0.0535781 -1.67294e-14 0)
(0.0535781 1.38542e-14 0)
(0.0535781 3.32753e-14 0)
(0.0535781 4.15559e-14 0)
(0.0535781 3.97406e-14 0)
(0.0535781 3.52761e-14 0)
(0.0535781 3.39115e-14 0)
(0.0535781 3.99385e-14 0)
(0.0535781 5.35857e-14 0)
(0.0535781 7.14486e-14 0)
(0.0535781 8.81949e-14 0)
(0.0535781 9.46473e-14 0)
(0.0535781 8.82696e-14 0)
(0.0535781 7.34532e-14 0)
(0.0535781 5.88729e-14 0)
(0.0535781 5.67767e-14 0)
(0.0535781 7.3994e-14 0)
(0.0535781 1.14262e-13 0)
(0.0535781 1.76724e-13 0)
(0.0535781 2.49857e-13 0)
(0.0535781 3.22783e-13 0)
(0.0535781 3.83474e-13 0)
(0.0535781 4.30638e-13 0)
(0.0535781 4.6978e-13 0)
(0.0535781 5.15275e-13 0)
(0.0535781 5.89398e-13 0)
(0.0535781 7.08766e-13 0)
(0.0535781 8.88288e-13 0)
(0.0535781 1.13304e-12 0)
(0.0535781 1.44234e-12 0)
(0.0535781 1.81727e-12 0)
(0.0535781 2.25837e-12 0)
(0.0535781 2.78402e-12 0)
(0.0535781 3.43017e-12 0)
(0.0535781 4.25808e-12 0)
(0.0535781 5.36028e-12 0)
(0.0535781 6.85331e-12 0)
(0.0535781 8.88658e-12 0)
(0.0535781 1.17807e-11 0)
(0.0535781 1.55626e-11 0)
(0.0535781 2.09595e-11 0)
(0.0535781 3.13293e-11 0)
(0.0535781 3.43333e-11 0)
(0.0535781 7.79103e-11 0)
(0.0535781 9.50187e-11 0)
(-0.00191838 0.0114631 0)
(-0.00658321 0.0110387 0)
(-0.00913123 0.00710767 0)
(-0.00970764 0.00224546 0)
(-0.00816866 -0.00324973 0)
(-0.00506139 -0.00906796 0)
(-0.000450448 -0.0147004 0)
(0.00529558 -0.0195233 0)
(0.0118944 -0.0228137 0)
(0.0188434 -0.0239745 0)
(0.0255665 -0.0229344 0)
(0.0315386 -0.0202823 0)
(0.0364785 -0.0169111 0)
(0.0403781 -0.0135516 0)
(0.0433948 -0.0105964 0)
(0.0457276 -0.00816973 0)
(0.0475484 -0.00625143 0)
(0.0489852 -0.00476619 0)
(0.0501279 -0.00362886 0)
(0.0510407 -0.00276272 0)
(0.0517705 -0.00210468 0)
(0.0523538 -0.00160505 0)
(0.0528191 -0.00122552 0)
(0.0531895 -0.000936903 0)
(0.053484 -0.000717106 0)
(0.0537176 -0.000549443 0)
(0.0539026 -0.000421332 0)
(0.054049 -0.00032328 0)
(0.0541648 -0.000248121 0)
(0.0542561 -0.000190432 0)
(0.0543282 -0.000146105 0)
(0.054385 -0.000112016 0)
(0.0544298 -8.5788e-05 0)
(0.054465 -6.56036e-05 0)
(0.0544927 -5.00722e-05 0)
(0.0545144 -3.8127e-05 0)
(0.0545315 -2.89476e-05 0)
(0.0545448 -2.19018e-05 0)
(0.0545553 -1.65024e-05 0)
(0.0545635 -1.23728e-05 0)
(0.0545699 -9.22198e-06 0)
(0.0545749 -6.82497e-06 0)
(0.0545788 -5.0077e-06 0)
(0.0545818 -3.63557e-06 0)
(0.0545842 -2.60453e-06 0)
(0.054586 -1.83421e-06 0)
(0.0545874 -1.2626e-06 0)
(0.0545885 -8.41916e-07 0)
(0.0545893 -5.35412e-07 0)
(0.0545899 -3.1488e-07 0)
(0.0545904 -1.58724e-07 0)
(0.0545908 -5.04558e-08 0)
(0.0545911 2.24688e-08 0)
(0.0545913 6.95564e-08 0)
(0.0545914 9.79788e-08 0)
(0.0545915 1.13117e-07 0)
(0.0545916 1.18985e-07 0)
(0.0545917 1.1855e-07 0)
(0.0545917 1.1399e-07 0)
(0.0545918 1.06885e-07 0)
(0.0545918 9.83634e-08 0)
(0.0545918 8.92178e-08 0)
(0.0545918 7.99917e-08 0)
(0.0545918 7.10451e-08 0)
(0.0545918 6.26046e-08 0)
(0.0545918 5.48008e-08 0)
(0.0545918 4.76967e-08 0)
(0.0545918 4.13084e-08 0)
(0.0545918 3.56206e-08 0)
(0.0545918 3.05982e-08 0)
(0.0545918 2.61942e-08 0)
(0.0545918 2.23552e-08 0)
(0.0545918 1.9026e-08 0)
(0.0545918 1.61519e-08 0)
(0.0545918 1.36805e-08 0)
(0.0545918 1.15627e-08 0)
(0.0545918 9.7538e-09 0)
(0.0545918 8.21303e-09 0)
(0.0545918 6.90408e-09 0)
(0.0545918 5.79472e-09 0)
(0.0545918 4.85657e-09 0)
(0.0545918 4.06476e-09 0)
(0.0545918 3.39767e-09 0)
(0.0545918 2.83656e-09 0)
(0.0545918 2.36536e-09 0)
(0.0545918 1.97026e-09 0)
(0.0545918 1.6395e-09 0)
(0.0545918 1.36297e-09 0)
(0.0545918 1.13206e-09 0)
(0.0545918 9.39419e-10 0)
(0.0545918 7.78851e-10 0)
(0.0545918 6.45155e-10 0)
(0.0545918 5.3396e-10 0)
(0.0545918 4.41573e-10 0)
(0.0545918 3.64872e-10 0)
(0.0545918 3.01231e-10 0)
(0.0545918 2.48478e-10 0)
(0.0545918 2.04823e-10 0)
(0.0545918 1.68774e-10 0)
(0.0545918 1.3905e-10 0)
(0.0545918 1.14543e-10 0)
(0.0545918 9.43069e-11 0)
(0.0545918 7.75685e-11 0)
(0.0545918 6.37273e-11 0)
(0.0545918 5.23166e-11 0)
(0.0545918 4.29503e-11 0)
(0.0545918 3.52842e-11 0)
(0.0545918 2.89977e-11 0)
(0.0545918 2.38111e-11 0)
(0.0545918 1.95091e-11 0)
(0.0545918 1.59445e-11 0)
(0.0545918 1.30176e-11 0)
(0.0545918 1.06401e-11 0)
(0.0545918 8.71789e-12 0)
(0.0545918 7.14947e-12 0)
(0.0545918 5.84008e-12 0)
(0.0545918 4.72714e-12 0)
(0.0545918 3.77632e-12 0)
(0.0545918 2.98029e-12 0)
(0.0545918 2.33568e-12 0)
(0.0545918 1.83094e-12 0)
(0.0545918 1.44087e-12 0)
(0.0545918 1.13752e-12 0)
(0.0545918 8.99429e-13 0)
(0.0545918 7.14018e-13 0)
(0.0545918 5.75199e-13 0)
(0.0545918 4.75017e-13 0)
(0.0545918 4.02016e-13 0)
(0.0545918 3.45636e-13 0)
(0.0545918 2.98475e-13 0)
(0.0545918 2.62054e-13 0)
(0.0545918 2.44665e-13 0)
(0.0545918 2.51228e-13 0)
(0.0545918 2.78165e-13 0)
(0.0545918 3.06029e-13 0)
(0.0545918 3.07256e-13 0)
(0.0545918 2.5976e-13 0)
(0.0545918 1.56126e-13 0)
(0.0545918 1.41474e-14 0)
(0.0545918 -1.32121e-13 0)
(0.0545918 -2.43322e-13 0)
(0.0545918 -2.91819e-13 0)
(0.0545918 -2.7021e-13 0)
(0.0545918 -1.93992e-13 0)
(0.0545918 -9.5003e-14 0)
(0.0545918 -7.74878e-15 0)
(0.0545918 4.33815e-14 0)
(0.0545918 5.00498e-14 0)
(0.0545918 2.21631e-14 0)
(0.0545918 -2.37511e-14 0)
(0.0545918 -6.65511e-14 0)
(0.0545918 -9.03902e-14 0)
(0.0545918 -8.88914e-14 0)
(0.0545918 -6.58898e-14 0)
(0.0545918 -3.11288e-14 0)
(0.0545918 6.46493e-15 0)
(0.0545918 3.56535e-14 0)
(0.0545918 5.37899e-14 0)
(0.0545918 6.16249e-14 0)
(0.0545918 6.32809e-14 0)
(0.0545918 6.49775e-14 0)
(0.0545918 6.77526e-14 0)
(0.0545918 7.36027e-14 0)
(0.0545918 8.10536e-14 0)
(0.0545918 8.55924e-14 0)
(0.0545918 8.52925e-14 0)
(0.0545918 7.66794e-14 0)
(0.0545918 6.48522e-14 0)
(0.0545918 5.60131e-14 0)
(0.0545918 6.10161e-14 0)
(0.0545918 8.74672e-14 0)
(0.0545918 1.37857e-13 0)
(0.0545918 2.10524e-13 0)
(0.0545918 2.97096e-13 0)
(0.0545918 3.86625e-13 0)
(0.0545918 4.66363e-13 0)
(0.0545918 5.30335e-13 0)
(0.0545918 5.81966e-13 0)
(0.0545918 6.34157e-13 0)
(0.0545918 7.06436e-13 0)
(0.0545918 8.1894e-13 0)
(0.0545918 9.90337e-13 0)
(0.0545918 1.23187e-12 0)
(0.0545918 1.55199e-12 0)
(0.0545918 1.94988e-12 0)
(0.0545918 2.42529e-12 0)
(0.0545918 2.98827e-12 0)
(0.0545918 3.66538e-12 0)
(0.0545918 4.5072e-12 0)
(0.0545918 5.58851e-12 0)
(0.0545918 7.01247e-12 0)
(0.0545918 8.91599e-12 0)
(0.0545918 1.15038e-11 0)
(0.0545918 1.49552e-11 0)
(0.0545918 1.97269e-11 0)
(0.0545918 2.65118e-11 0)
(0.0545918 3.52817e-11 0)
(0.0545918 4.6811e-11 0)
(0.0545918 8.10752e-11 0)
(0.0545918 9.02998e-11 0)
(-0.00145887 0.0157341 0)
(-0.00498945 0.0148263 0)
(-0.00579277 0.00886733 0)
(-0.00449656 0.00188658 0)
(-0.00132916 -0.00529985 0)
(0.00299121 -0.0125073 0)
(0.00828302 -0.0193743 0)
(0.0141688 -0.025326 0)
(0.0203839 -0.0295713 0)
(0.0265599 -0.0312802 0)
(0.032306 -0.0301055 0)
(0.0372668 -0.0266045 0)
(0.0412458 -0.0219885 0)
(0.0442642 -0.0173901 0)
(0.0464994 -0.0134298 0)
(0.0481677 -0.0102704 0)
(0.0494472 -0.00783887 0)
(0.0504574 -0.00599183 0)
(0.0512719 -0.00459138 0)
(0.0519354 -0.00352676 0)
(0.0524774 -0.00271449 0)
(0.0529195 -0.00209269 0)
(0.0532789 -0.00161543 0)
(0.05357 -0.00124833 0)
(0.0538048 -0.000965476 0)
(0.0539935 -0.000747209 0)
(0.0541447 -0.000578566 0)
(0.0542656 -0.000448115 0)
(0.0543621 -0.000347107 0)
(0.0544388 -0.00026883 0)
(0.0544998 -0.00020813 0)
(0.0545481 -0.000161038 0)
(0.0545864 -0.000124494 0)
(0.0546167 -9.61339e-05 0)
(0.0546407 -7.41303e-05 0)
(0.0546595 -5.70657e-05 0)
(0.0546744 -4.38404e-05 0)
(0.0546861 -3.36003e-05 0)
(0.0546953 -2.56808e-05 0)
(0.0547025 -1.95651e-05 0)
(0.0547081 -1.48504e-05 0)
(0.0547126 -1.12233e-05 0)
(0.054716 -8.43947e-06 0)
(0.0547187 -6.30873e-06 0)
(0.0547208 -4.683e-06 0)
(0.0547224 -3.44711e-06 0)
(0.0547237 -2.51151e-06 0)
(0.0547247 -1.80669e-06 0)
(0.0547254 -1.27875e-06 0)
(0.054726 -8.85941e-07 0)
(0.0547265 -5.96018e-07 0)
(0.0547268 -3.84103e-07 0)
(0.0547271 -2.31054e-07 0)
(0.0547273 -1.22184e-07 0)
(0.0547274 -4.62568e-08 0)
(0.0547275 5.29398e-09 0)
(0.0547276 3.8973e-08 0)
(0.0547277 5.96966e-08 0)
(0.0547277 7.11615e-08 0)
(0.0547277 7.61297e-08 0)
(0.0547278 7.66499e-08 0)
(0.0547278 7.42286e-08 0)
(0.0547278 6.99615e-08 0)
(0.0547278 6.46353e-08 0)
(0.0547278 5.88049e-08 0)
(0.0547278 5.28534e-08 0)
(0.0547278 4.70367e-08 0)
(0.0547278 4.15182e-08 0)
(0.0547278 3.63945e-08 0)
(0.0547278 3.17149e-08 0)
(0.0547278 2.74959e-08 0)
(0.0547278 2.37317e-08 0)
(0.0547278 2.0402e-08 0)
(0.0547278 1.7478e-08 0)
(0.0547278 1.49259e-08 0)
(0.0547278 1.27102e-08 0)
(0.0547278 1.07956e-08 0)
(0.0547278 9.14785e-09 0)
(0.0547278 7.7349e-09 0)
(0.0547278 6.52724e-09 0)
(0.0547278 5.49806e-09 0)
(0.0547278 4.62327e-09 0)
(0.0547278 3.88148e-09 0)
(0.0547278 3.25385e-09 0)
(0.0547278 2.7239e-09 0)
(0.0547278 2.27729e-09 0)
(0.0547278 1.90159e-09 0)
(0.0547278 1.58606e-09 0)
(0.0547278 1.32142e-09 0)
(0.0547278 1.09975e-09 0)
(0.0547278 9.14325e-10 0)
(0.0547278 7.59417e-10 0)
(0.0547278 6.30171e-10 0)
(0.0547278 5.22454e-10 0)
(0.0547278 4.32761e-10 0)
(0.0547278 3.58143e-10 0)
(0.0547278 2.9614e-10 0)
(0.0547278 2.44701e-10 0)
(0.0547278 2.02095e-10 0)
(0.0547278 1.66838e-10 0)
(0.0547278 1.3766e-10 0)
(0.0547278 1.13497e-10 0)
(0.0547278 9.34859e-11 0)
(0.0547278 7.69354e-11 0)
(0.0547278 6.32905e-11 0)
(0.0547278 5.20732e-11 0)
(0.0547278 4.28559e-11 0)
(0.0547278 3.52655e-11 0)
(0.0547278 2.89869e-11 0)
(0.0547278 2.37846e-11 0)
(0.0547278 1.94878e-11 0)
(0.0547278 1.59642e-11 0)
(0.0547278 1.30938e-11 0)
(0.0547278 1.07504e-11 0)
(0.0547278 8.81735e-12 0)
(0.0547278 7.19529e-12 0)
(0.0547278 5.81979e-12 0)
(0.0547278 4.66074e-12 0)
(0.0547278 3.70048e-12 0)
(0.0547278 2.92615e-12 0)
(0.0547278 2.31108e-12 0)
(0.0547278 1.82403e-12 0)
(0.0547278 1.43499e-12 0)
(0.0547278 1.12415e-12 0)
(0.0547278 8.81953e-13 0)
(0.0547278 7.00198e-13 0)
(0.0547278 5.70119e-13 0)
(0.0547278 4.77252e-13 0)
(0.0547278 4.07815e-13 0)
(0.0547278 3.53771e-13 0)
(0.0547278 3.17002e-13 0)
(0.0547278 3.04589e-13 0)
(0.0547278 3.1963e-13 0)
(0.0547278 3.51545e-13 0)
(0.0547278 3.77422e-13 0)
(0.0547278 3.66509e-13 0)
(0.0547278 2.98385e-13 0)
(0.0547278 1.72554e-13 0)
(0.0547278 1.27518e-14 0)
(0.0547278 -1.41875e-13 0)
(0.0547278 -2.52998e-13 0)
(0.0547278 -2.94969e-13 0)
(0.0547278 -2.67215e-13 0)
(0.0547278 -1.91782e-13 0)
(0.0547278 -1.03173e-13 0)
(0.0547278 -3.51907e-14 0)
(0.0547278 -6.30635e-15 0)
(0.0547278 -1.69669e-14 0)
(0.0547278 -5.26797e-14 0)
(0.0547278 -9.13248e-14 0)
(0.0547278 -1.14337e-13 0)
(0.0547278 -1.12078e-13 0)
(0.0547278 -8.63743e-14 0)
(0.0547278 -4.56532e-14 0)
(0.0547278 -1.37022e-15 0)
(0.0547278 3.5441e-14 0)
(0.0547278 6.09973e-14 0)
(0.0547278 7.61525e-14 0)
(0.0547278 8.31764e-14 0)
(0.0547278 8.76324e-14 0)
(0.0547278 9.2183e-14 0)
(0.0547278 9.75012e-14 0)
(0.0547278 1.0248e-13 0)
(0.0547278 1.02077e-13 0)
(0.0547278 9.33346e-14 0)
(0.0547278 7.66602e-14 0)
(0.0547278 5.70487e-14 0)
(0.0547278 4.20655e-14 0)
(0.0547278 4.20449e-14 0)
(0.0547278 6.5223e-14 0)
(0.0547278 1.16143e-13 0)
(0.0547278 1.94722e-13 0)
(0.0547278 2.93337e-13 0)
(0.0547278 3.99149e-13 0)
(0.0547278 4.98679e-13 0)
(0.0547278 5.80959e-13 0)
(0.0547278 6.45386e-13 0)
(0.0547278 7.02252e-13 0)
(0.0547278 7.65017e-13 0)
(0.0547278 8.58574e-13 0)
(0.0547278 1.00327e-12 0)
(0.0547278 1.21781e-12 0)
(0.0547278 1.51369e-12 0)
(0.0547278 1.89071e-12 0)
(0.0547278 2.35138e-12 0)
(0.0547278 2.89606e-12 0)
(0.0547278 3.54007e-12 0)
(0.0547278 4.31789e-12 0)
(0.0547278 5.28275e-12 0)
(0.0547278 6.51826e-12 0)
(0.0547278 8.13092e-12 0)
(0.0547278 1.0272e-11 0)
(0.0547278 1.30984e-11 0)
(0.0547278 1.68648e-11 0)
(0.0547278 2.20195e-11 0)
(0.0547278 2.83235e-11 0)
(0.0547278 3.80901e-11 0)
(0.0547278 4.94469e-11 0)
(0.0547278 7.00082e-11 0)
(0.0547278 8.23008e-11 0)
(-0.000968468 0.0169388 0)
(-0.00210856 0.0152657 0)
(0.000878151 0.00742426 0)
(0.00502823 -0.000602797 0)
(0.0104601 -0.00854137 0)
(0.0162356 -0.0162687 0)
(0.0221762 -0.0235695 0)
(0.0279612 -0.0299306 0)
(0.0333452 -0.0345656 0)
(0.0380707 -0.0365565 0)
(0.0419732 -0.0353447 0)
(0.0450227 -0.0313122 0)
(0.0472938 -0.0257759 0)
(0.048921 -0.0201872 0)
(0.0500722 -0.0154148 0)
(0.0509096 -0.0116875 0)
(0.051555 -0.0088865 0)
(0.0520816 -0.00679873 0)
(0.0525264 -0.00523246 0)
(0.0529067 -0.00404502 0)
(0.0532312 -0.00313635 0)
(0.0535057 -0.00243638 0)
(0.0537359 -0.00189488 0)
(0.0539271 -0.00147486 0)
(0.0540847 -0.00114852 0)
(0.0542138 -0.00089467 0)
(0.0543189 -0.000697024 0)
(0.0544041 -0.000543031 0)
(0.0544729 -0.000422982 0)
(0.0545282 -0.000329356 0)
(0.0545725 -0.000256317 0)
(0.0546079 -0.000199333 0)
(0.0546362 -0.000154875 0)
(0.0546587 -0.0001202 0)
(0.0546765 -9.31636e-05 0)
(0.0546907 -7.20967e-05 0)
(0.0547018 -5.56935e-05 0)
(0.0547107 -4.29337e-05 0)
(0.0547176 -3.30196e-05 0)
(0.0547231 -2.53268e-05 0)
(0.0547274 -1.93672e-05 0)
(0.0547308 -1.47584e-05 0)
(0.0547334 -1.12017e-05 0)
(0.0547355 -8.4632e-06 0)
(0.0547371 -6.36029e-06 0)
(0.0547384 -4.75026e-06 0)
(0.0547393 -3.52177e-06 0)
(0.0547401 -2.58803e-06 0)
(0.0547407 -1.88147e-06 0)
(0.0547411 -1.34955e-06 0)
(0.0547415 -9.51493e-07 0)
(0.0547417 -6.557e-07 0)
(0.0547419 -4.3774e-07 0)
(0.0547421 -2.78763e-07 0)
(0.0547422 -1.64264e-07 0)
(0.0547423 -8.3111e-08 0)
(0.0547424 -2.67923e-08 0)
(0.0547424 1.11799e-08 0)
(0.0547424 3.57288e-08 0)
(0.0547425 5.05726e-08 0)
(0.0547425 5.85042e-08 0)
(0.0547425 6.16076e-08 0)
(0.0547425 6.14264e-08 0)
(0.0547425 5.90931e-08 0)
(0.0547425 5.54296e-08 0)
(0.0547425 5.10239e-08 0)
(0.0547425 4.62892e-08 0)
(0.0547425 4.15087e-08 0)
(0.0547425 3.68706e-08 0)
(0.0547425 3.2493e-08 0)
(0.0547425 2.84446e-08 0)
(0.0547425 2.47583e-08 0)
(0.0547425 2.14429e-08 0)
(0.0547425 1.84907e-08 0)
(0.0547425 1.58837e-08 0)
(0.0547425 1.35974e-08 0)
(0.0547425 1.16045e-08 0)
(0.0547425 9.87609e-09 0)
(0.0547425 8.38394e-09 0)
(0.0547425 7.10082e-09 0)
(0.0547425 6.00136e-09 0)
(0.0547425 5.06224e-09 0)
(0.0547425 4.26236e-09 0)
(0.0547425 3.58284e-09 0)
(0.0547425 3.00696e-09 0)
(0.0547425 2.51996e-09 0)
(0.0547425 2.10894e-09 0)
(0.0547425 1.76267e-09 0)
(0.0547425 1.47143e-09 0)
(0.0547425 1.22686e-09 0)
(0.0547425 1.0218e-09 0)
(0.0547425 8.50135e-10 0)
(0.0547425 7.06623e-10 0)
(0.0547425 5.86785e-10 0)
(0.0547425 4.86818e-10 0)
(0.0547425 4.03515e-10 0)
(0.0547425 3.34185e-10 0)
(0.0547425 2.7656e-10 0)
(0.0547425 2.2872e-10 0)
(0.0547425 1.8903e-10 0)
(0.0547425 1.56107e-10 0)
(0.0547425 1.28805e-10 0)
(0.0547425 1.06187e-10 0)
(0.0547425 8.74889e-11 0)
(0.0547425 7.20687e-11 0)
(0.0547425 5.93711e-11 0)
(0.0547425 4.89087e-11 0)
(0.0547425 4.02671e-11 0)
(0.0547425 3.31161e-11 0)
(0.0547425 2.72014e-11 0)
(0.0547425 2.23308e-11 0)
(0.0547425 1.83395e-11 0)
(0.0547425 1.50742e-11 0)
(0.0547425 1.2388e-11 0)
(0.0547425 1.01525e-11 0)
(0.0547425 8.27499e-12 0)
(0.0547425 6.69486e-12 0)
(0.0547425 5.37879e-12 0)
(0.0547425 4.30045e-12 0)
(0.0547425 3.42842e-12 0)
(0.0547425 2.72337e-12 0)
(0.0547425 2.15001e-12 0)
(0.0547425 1.68054e-12 0)
(0.0547425 1.30211e-12 0)
(0.0547425 1.00868e-12 0)
(0.0547425 7.93035e-13 0)
(0.0547425 6.41631e-13 0)
(0.0547425 5.34355e-13 0)
(0.0547425 4.53485e-13 0)
(0.0547425 3.92086e-13 0)
(0.0547425 3.52671e-13 0)
(0.0547425 3.4211e-13 0)
(0.0547425 3.60646e-13 0)
(0.0547425 3.92922e-13 0)
(0.0547425 4.14248e-13 0)
(0.0547425 3.93787e-13 0)
(0.0547425 3.15325e-13 0)
(0.0547425 1.83835e-13 0)
(0.0547425 2.57156e-14 0)
(0.0547425 -1.17508e-13 0)
(0.0547425 -2.14019e-13 0)
(0.0547425 -2.46336e-13 0)
(0.0547425 -2.22466e-13 0)
(0.0547425 -1.68391e-13 0)
(0.0547425 -1.12256e-13 0)
(0.0547425 -8.21991e-14 0)
(0.0547425 -8.51062e-14 0)
(0.0547425 -1.13491e-13 0)
(0.0547425 -1.46841e-13 0)
(0.0547425 -1.64811e-13 0)
(0.0547425 -1.56462e-13 0)
(0.0547425 -1.20044e-13 0)
(0.0547425 -6.58086e-14 0)
(0.0547425 -8.06141e-15 0)
(0.0547425 4.19642e-14 0)
(0.0547425 7.51618e-14 0)
(0.0547425 9.22869e-14 0)
(0.0547425 9.87479e-14 0)
(0.0547425 1.00417e-13 0)
(0.0547425 1.04537e-13 0)
(0.0547425 1.10212e-13 0)
(0.0547425 1.15781e-13 0)
(0.0547425 1.15939e-13 0)
(0.0547425 1.05661e-13 0)
(0.0547425 8.67618e-14 0)
(0.0547425 6.00853e-14 0)
(0.0547425 3.51112e-14 0)
(0.0547425 2.22612e-14 0)
(0.0547425 3.31043e-14 0)
(0.0547425 7.61373e-14 0)
(0.0547425 1.51164e-13 0)
(0.0547425 2.52596e-13 0)
(0.0547425 3.67197e-13 0)
(0.0547425 4.81826e-13 0)
(0.0547425 5.82522e-13 0)
(0.0547425 6.62303e-13 0)
(0.0547425 7.26588e-13 0)
(0.0547425 7.8475e-13 0)
(0.0547425 8.58616e-13 0)
(0.0547425 9.72159e-13 0)
(0.0547425 1.14599e-12 0)
(0.0547425 1.39707e-12 0)
(0.0547425 1.72994e-12 0)
(0.0547425 2.14475e-12 0)
(0.0547425 2.64244e-12 0)
(0.0547425 3.22564e-12 0)
(0.0547425 3.91215e-12 0)
(0.0547425 4.73749e-12 0)
(0.0547425 5.75921e-12 0)
(0.0547425 7.06036e-12 0)
(0.0547425 8.74442e-12 0)
(0.0547425 1.09318e-11 0)
(0.0547425 1.37875e-11 0)
(0.0547425 1.74946e-11 0)
(0.0547425 2.22258e-11 0)
(0.0547425 2.83156e-11 0)
(0.0547425 3.63462e-11 0)
(0.0547425 4.54285e-11 0)
(0.0547425 5.80781e-11 0)
(0.0547425 6.85306e-11 0)
(0.000368893 0.0191749 0)
(0.00580525 0.014236 0)
(0.0130623 0.00496383 0)
(0.0202928 -0.00403905 0)
(0.0273543 -0.0124127 0)
(0.0338463 -0.0201633 0)
(0.0396706 -0.0272569 0)
(0.0446586 -0.033332 0)
(0.0486058 -0.037692 0)
(0.0513436 -0.0394656 0)
(0.0529 -0.0380515 0)
(0.0535636 -0.0336998 0)
(0.053738 -0.0276722 0)
(0.0537302 -0.0215411 0)
(0.0536911 -0.0163251 0)
(0.0536758 -0.0123049 0)
(0.0536988 -0.00933358 0)
(0.0537572 -0.00714969 0)
(0.0538408 -0.00552457 0)
(0.0539383 -0.00429486 0)
(0.0540401 -0.00335122 0)
(0.0541394 -0.00262024 0)
(0.0542318 -0.00205082 0)
(0.054315 -0.00160589 0)
(0.0543881 -0.00125766 0)
(0.0544512 -0.000984865 0)
(0.0545048 -0.000771069 0)
(0.0545497 -0.000603464 0)
(0.054587 -0.000472057 0)
(0.0546177 -0.000369031 0)
(0.0546428 -0.000288269 0)
(0.0546632 -0.000224976 0)
(0.0546797 -0.000175393 0)
(0.0546929 -0.00013657 0)
(0.0547036 -0.000106193 0)
(0.0547121 -8.2443e-05 0)
(0.0547188 -6.38915e-05 0)
(0.0547242 -4.94164e-05 0)
(0.0547284 -3.81359e-05 0)
(0.0547318 -2.93573e-05 0)
(0.0547345 -2.25363e-05 0)
(0.0547365 -1.72457e-05 0)
(0.0547382 -1.31501e-05 0)
(0.0547395 -9.98667e-06 0)
(0.0547405 -7.5491e-06 0)
(0.0547412 -5.67601e-06 0)
(0.0547418 -4.24109e-06 0)
(0.0547423 -3.14565e-06 0)
(0.0547427 -2.31264e-06 0)
(0.054743 -1.68203e-06 0)
(0.0547432 -1.20711e-06 0)
(0.0547434 -8.51569e-07 0)
(0.0547435 -5.87273e-07 0)
(0.0547436 -3.92448e-07 0)
(0.0547436 -2.50288e-07 0)
(0.0547437 -1.47855e-07 0)
(0.0547437 -7.52156e-08 0)
(0.0547438 -2.47717e-08 0)
(0.0547438 9.26962e-09 0)
(0.0547438 3.13057e-08 0)
(0.0547438 4.46585e-08 0)
(0.0547438 5.18239e-08 0)
(0.0547438 5.46648e-08 0)
(0.0547438 5.45615e-08 0)
(0.0547439 5.25268e-08 0)
(0.0547439 4.92963e-08 0)
(0.0547439 4.53961e-08 0)
(0.0547439 4.11963e-08 0)
(0.0547439 3.69511e-08 0)
(0.0547439 3.28289e-08 0)
(0.0547439 2.89362e-08 0)
(0.0547439 2.53346e-08 0)
(0.0547439 2.2054e-08 0)
(0.0547439 1.91027e-08 0)
(0.0547439 1.64742e-08 0)
(0.0547439 1.41526e-08 0)
(0.0547439 1.21164e-08 0)
(0.0547438 1.03412e-08 0)
(0.0547438 8.80147e-09 0)
(0.0547438 7.47203e-09 0)
(0.0547438 6.32873e-09 0)
(0.0547438 5.34901e-09 0)
(0.0547438 4.51213e-09 0)
(0.0547438 3.79931e-09 0)
(0.0547438 3.19374e-09 0)
(0.0547438 2.68047e-09 0)
(0.0547438 2.24636e-09 0)
(0.0547438 1.87993e-09 0)
(0.0547438 1.57119e-09 0)
(0.0547438 1.31153e-09 0)
(0.0547438 1.09352e-09 0)
(0.0547438 9.10769e-10 0)
(0.0547438 7.57801e-10 0)
(0.0547438 6.29917e-10 0)
(0.0547438 5.2312e-10 0)
(0.0547438 4.3403e-10 0)
(0.0547438 3.598e-10 0)
(0.0547438 2.9802e-10 0)
(0.0547438 2.46649e-10 0)
(0.0547438 2.03962e-10 0)
(0.0547438 1.68514e-10 0)
(0.0547438 1.39105e-10 0)
(0.0547438 1.14749e-10 0)
(0.0547438 9.46201e-11 0)
(0.0547438 7.801e-11 0)
(0.0547438 6.43074e-11 0)
(0.0547438 5.29905e-11 0)
(0.0547438 4.36317e-11 0)
(0.0547438 3.58951e-11 0)
(0.0547438 2.95131e-11 0)
(0.0547438 2.42675e-11 0)
(0.0547438 1.99639e-11 0)
(0.0547438 1.64247e-11 0)
(0.0547438 1.34955e-11 0)
(0.0547438 1.10483e-11 0)
(0.0547438 8.99825e-12 0)
(0.0547438 7.29047e-12 0)
(0.0547438 5.88273e-12 0)
(0.0547438 4.73591e-12 0)
(0.0547438 3.79879e-12 0)
(0.0547438 3.02585e-12 0)
(0.0547438 2.37917e-12 0)
(0.0547438 1.84375e-12 0)
(0.0547438 1.41275e-12 0)
(0.0547438 1.08348e-12 0)
(0.0547438 8.47925e-13 0)
(0.0547438 6.84284e-13 0)
(0.0547438 5.67538e-13 0)
(0.0547438 4.78805e-13 0)
(0.0547438 4.09261e-13 0)
(0.0547438 3.63967e-13 0)
(0.0547438 3.50372e-13 0)
(0.0547438 3.67467e-13 0)
(0.0547438 4.00629e-13 0)
(0.0547438 4.18801e-13 0)
(0.0547438 3.96334e-13 0)
(0.0547438 3.20461e-13 0)
(0.0547438 2.00211e-13 0)
(0.0547438 6.36803e-14 0)
(0.0547438 -5.73475e-14 0)
(0.0547438 -1.35981e-13 0)
(0.0547438 -1.66455e-13 0)
(0.0547438 -1.60608e-13 0)
(0.0547438 -1.40844e-13 0)
(0.0547438 -1.33698e-13 0)
(0.0547438 -1.49871e-13 0)
(0.0547438 -1.86923e-13 0)
(0.0547438 -2.25862e-13 0)
(0.0547438 -2.4586e-13 0)
(0.0547438 -2.34465e-13 0)
(0.0547438 -1.87504e-13 0)
(0.0547438 -1.17013e-13 0)
(0.0547438 -3.69805e-14 0)
(0.0547438 3.34325e-14 0)
(0.0547438 8.24917e-14 0)
(0.0547438 1.0897e-13 0)
(0.0547438 1.17059e-13 0)
(0.0547438 1.15267e-13 0)
(0.0547438 1.14274e-13 0)
(0.0547438 1.1631e-13 0)
(0.0547438 1.22213e-13 0)
(0.0547438 1.25458e-13 0)
(0.0547438 1.19e-13 0)
(0.0547438 1.00209e-13 0)
(0.0547438 7.06479e-14 0)
(0.0547438 3.77559e-14 0)
(0.0547438 1.21054e-14 0)
(0.0547438 5.46715e-15 0)
(0.0547438 2.91456e-14 0)
(0.0547438 8.83901e-14 0)
(0.0547438 1.81949e-13 0)
(0.0547438 2.97587e-13 0)
(0.0547438 4.20414e-13 0)
(0.0547438 5.36014e-13 0)
(0.0547438 6.33725e-13 0)
(0.0547438 7.10243e-13 0)
(0.0547438 7.71429e-13 0)
(0.0547438 8.3256e-13 0)
(0.0547438 9.16165e-13 0)
(0.0547438 1.04664e-12 0)
(0.0547438 1.2437e-12 0)
(0.0547438 1.51722e-12 0)
(0.0547438 1.87112e-12 0)
(0.0547438 2.30221e-12 0)
(0.0547438 2.80921e-12 0)
(0.0547438 3.39854e-12 0)
(0.0547438 4.0876e-12 0)
(0.0547438 4.91148e-12 0)
(0.0547438 5.9275e-12 0)
(0.0547438 7.21113e-12 0)
(0.0547438 8.85226e-12 0)
(0.0547438 1.09571e-11 0)
(0.0547438 1.36424e-11 0)
(0.0547438 1.70159e-11 0)
(0.0547438 2.12934e-11 0)
(0.0547438 2.64685e-11 0)
(0.0547438 3.29386e-11 0)
(0.0547438 4.02051e-11 0)
(0.0547438 4.85239e-11 0)
(0.0547438 5.76286e-11 0)
(0.0082347 0.00901294 0)
(0.0192275 0.0032518 0)
(0.031308 -0.00435302 0)
(0.0405519 -0.0114447 0)
(0.0481808 -0.0180604 0)
(0.0543349 -0.0243278 0)
(0.0591464 -0.030177 0)
(0.0625525 -0.035203 0)
(0.0644142 -0.0387018 0)
(0.0646899 -0.0398625 0)
(0.0636208 -0.0381362 0)
(0.0617745 -0.0337001 0)
(0.0598271 -0.0276555 0)
(0.0582237 -0.0214962 0)
(0.0570679 -0.0162578 0)
(0.0562763 -0.0122398 0)
(0.0557376 -0.00928911 0)
(0.05537 -0.007131 0)
(0.0551201 -0.00552817 0)
(0.0549528 -0.00431447 0)
(0.0548436 -0.00338082 0)
(0.0547748 -0.00265507 0)
(0.0547336 -0.00208738 0)
(0.054711 -0.00164178 0)
(0.0547003 -0.00129133 0)
(0.0546972 -0.00101542 0)
(0.0546985 -0.000798096 0)
(0.0547021 -0.000626888 0)
(0.0547069 -0.000492027 0)
(0.054712 -0.000385831 0)
(0.0547169 -0.000302247 0)
(0.0547214 -0.000236499 0)
(0.0547254 -0.00018482 0)
(0.0547288 -0.000144232 0)
(0.0547317 -0.000112385 0)
(0.0547341 -8.74229e-05 0)
(0.054736 -6.78796e-05 0)
(0.0547377 -5.25982e-05 0)
(0.054739 -4.06659e-05 0)
(0.05474 -3.13627e-05 0)
(0.0547409 -2.41214e-05 0)
(0.0547415 -1.84952e-05 0)
(0.0547421 -1.41326e-05 0)
(0.0547425 -1.07573e-05 0)
(0.0547428 -8.152e-06 0)
(0.0547431 -6.14654e-06 0)
(0.0547433 -4.60738e-06 0)
(0.0547434 -3.43004e-06 0)
(0.0547436 -2.53284e-06 0)
(0.0547437 -1.85203e-06 0)
(0.0547437 -1.33794e-06 0)
(0.0547438 -9.51904e-07 0)
(0.0547438 -6.6393e-07 0)
(0.0547439 -4.50768e-07 0)
(0.0547439 -2.94446e-07 0)
(0.0547439 -1.81108e-07 0)
(0.0547439 -1.00101e-07 0)
(0.0547439 -4.3258e-08 0)
(0.0547439 -4.34366e-09 0)
(0.0547439 2.13866e-08 0)
(0.0547439 3.75252e-08 0)
(0.0547439 4.6779e-08 0)
(0.0547439 5.11745e-08 0)
(0.054744 5.22187e-08 0)
(0.054744 5.10229e-08 0)
(0.054744 4.83978e-08 0)
(0.054744 4.49279e-08 0)
(0.054744 4.1028e-08 0)
(0.054744 3.69859e-08 0)
(0.054744 3.2996e-08 0)
(0.054744 2.91842e-08 0)
(0.054744 2.56268e-08 0)
(0.054744 2.23648e-08 0)
(0.054744 1.94145e-08 0)
(0.054744 1.67755e-08 0)
(0.054744 1.44361e-08 0)
(0.054744 1.2378e-08 0)
(0.054744 1.05789e-08 0)
(0.054744 9.01498e-09 0)
(0.054744 7.66191e-09 0)
(0.054744 6.49626e-09 0)
(0.054744 5.49582e-09 0)
(0.054744 4.64005e-09 0)
(0.054744 3.9102e-09 0)
(0.054744 3.28943e-09 0)
(0.054744 2.7627e-09 0)
(0.054744 2.31676e-09 0)
(0.054744 1.94e-09 0)
(0.054744 1.62231e-09 0)
(0.054744 1.35494e-09 0)
(0.054744 1.13031e-09 0)
(0.054744 9.419e-10 0)
(0.054744 7.84093e-10 0)
(0.054744 6.52085e-10 0)
(0.054744 5.41786e-10 0)
(0.054744 4.49727e-10 0)
(0.054744 3.72973e-10 0)
(0.054744 3.09043e-10 0)
(0.054744 2.55838e-10 0)
(0.054744 2.116e-10 0)
(0.054744 1.74856e-10 0)
(0.054744 1.44381e-10 0)
(0.054744 1.19151e-10 0)
(0.054744 9.82966e-11 0)
(0.054744 8.10703e-11 0)
(0.054744 6.6838e-11 0)
(0.054744 5.5069e-11 0)
(0.054744 4.53382e-11 0)
(0.054744 3.73072e-11 0)
(0.054744 3.06981e-11 0)
(0.054744 2.52714e-11 0)
(0.054744 2.08092e-11 0)
(0.054744 1.7121e-11 0)
(0.054744 1.40539e-11 0)
(0.054744 1.14931e-11 0)
(0.054744 9.36265e-12 0)
(0.054744 7.60732e-12 0)
(0.054744 6.17215e-12 0)
(0.054744 4.99835e-12 0)
(0.054744 4.02537e-12 0)
(0.054744 3.20473e-12 0)
(0.054744 2.5069e-12 0)
(0.054744 1.92356e-12 0)
(0.054744 1.45958e-12 0)
(0.054744 1.11438e-12 0)
(0.054744 8.7287e-13 0)
(0.054744 7.0713e-13 0)
(0.054744 5.84247e-13 0)
(0.054744 4.84853e-13 0)
(0.054744 4.04301e-13 0)
(0.054744 3.50914e-13 0)
(0.054744 3.3276e-13 0)
(0.054744 3.46279e-13 0)
(0.054744 3.77215e-13 0)
(0.054744 3.96049e-13 0)
(0.054744 3.81286e-13 0)
(0.054744 3.22807e-13 0)
(0.054744 2.28835e-13 0)
(0.054744 1.24014e-13 0)
(0.054744 3.15155e-14 0)
(0.054744 -3.16956e-14 0)
(0.054744 -6.76493e-14 0)
(0.054744 -9.21528e-14 0)
(0.054744 -1.21398e-13 0)
(0.054744 -1.69714e-13 0)
(0.054744 -2.31486e-13 0)
(0.054744 -2.92593e-13 0)
(0.054744 -3.31741e-13 0)
(0.054744 -3.30219e-13 0)
(0.054744 -2.8186e-13 0)
(0.054744 -1.95963e-13 0)
(0.054744 -9.21545e-14 0)
(0.054744 4.86044e-15 0)
(0.054744 7.96751e-14 0)
(0.054744 1.23417e-13 0)
(0.054744 1.39929e-13 0)
(0.054744 1.38534e-13 0)
(0.054744 1.30891e-13 0)
(0.054744 1.26008e-13 0)
(0.054744 1.26058e-13 0)
(0.054744 1.29119e-13 0)
(0.054744 1.2697e-13 0)
(0.054744 1.1348e-13 0)
(0.054744 8.73173e-14 0)
(0.054744 5.14233e-14 0)
(0.054744 1.64588e-14 0)
(0.054744 -5.07215e-15 0)
(0.054744 -1.8045e-15 0)
(0.054744 3.53344e-14 0)
(0.054744 1.07731e-13 0)
(0.054744 2.10742e-13 0)
(0.054744 3.31939e-13 0)
(0.054744 4.55441e-13 0)
(0.054744 5.65564e-13 0)
(0.054744 6.55032e-13 0)
(0.054744 7.25035e-13 0)
(0.054744 7.81999e-13 0)
(0.054744 8.46456e-13 0)
(0.054744 9.40062e-13 0)
(0.054744 1.0839e-12 0)
(0.054744 1.29474e-12 0)
(0.054744 1.57766e-12 0)
(0.054744 1.93446e-12 0)
(0.054744 2.36078e-12 0)
(0.054744 2.85398e-12 0)
(0.054744 3.42096e-12 0)
(0.054744 4.07959e-12 0)
(0.054744 4.86282e-12 0)
(0.054744 5.82309e-12 0)
(0.054744 7.02265e-12 0)
(0.054744 8.53759e-12 0)
(0.054744 1.04434e-11 0)
(0.054744 1.28184e-11 0)
(0.054744 1.5741e-11 0)
(0.054744 1.92867e-11 0)
(0.054744 2.34844e-11 0)
(0.054744 2.84207e-11 0)
(0.054744 3.38761e-11 0)
(0.054744 3.95522e-11 0)
(0.054744 4.64091e-11 0)
(0.0344523 -4.53638e-05 0)
(0.0347951 -0.000267293 0)
(0.0354214 -0.000511583 0)
(0.0364463 -0.000835696 0)
(0.0378977 -0.0012006 0)
(0.0399685 -0.0017593 0)
(0.0427008 -0.00195679 0)
(0.0450921 -0.00218148 0)
(0.0908396 -4.42663e-05 0)
(0.0906659 -0.000337702 0)
(0.0907721 -0.000721958 0)
(0.091074 -0.00117791 0)
(0.0915732 -0.0017564 0)
(0.0922645 -0.00247804 0)
(0.0930116 -0.00315028 0)
(0.0948662 -0.00482818 0)
(0.128424 -3.9953e-05 0)
(0.128259 -0.000286588 0)
(0.128204 -0.000630377 0)
(0.128217 -0.00108546 0)
(0.128274 -0.0016632 0)
(0.128349 -0.0023424 0)
(0.128582 -0.0033235 0)
(0.128713 -0.00454894 0)
(0.147208 -4.12388e-05 0)
(0.14703 -0.000288578 0)
(0.146937 -0.000605558 0)
(0.146867 -0.00100744 0)
(0.146776 -0.00150968 0)
(0.146653 -0.00217502 0)
(0.146429 -0.00301242 0)
(0.146108 -0.00414839 0)
(0.147222 -4.67189e-05 0)
(0.147044 -0.000295336 0)
(0.146922 -0.000588677 0)
(0.146789 -0.000941493 0)
(0.146591 -0.00137663 0)
(0.146272 -0.00191264 0)
(0.145801 -0.00260316 0)
(0.145116 -0.00349225 0)
(0.128462 -5.89452e-05 0)
(0.128251 -0.000317038 0)
(0.128053 -0.000573972 0)
(0.127802 -0.000843766 0)
(0.12744 -0.00115526 0)
(0.126911 -0.00155697 0)
(0.126147 -0.00209182 0)
(0.125059 -0.00279033 0)
(0.090901 -8.40572e-05 0)
(0.090582 -0.000320948 0)
(0.0902819 -0.000506435 0)
(0.0898736 -0.00064828 0)
(0.0892229 -0.000765466 0)
(0.0882284 -0.000894348 0)
(0.0868382 -0.00106729 0)
(0.0850429 -0.00128875 0)
(0.0344802 -9.26826e-05 0)
(0.0341218 -0.000253538 0)
(0.0336446 -0.000251578 0)
(0.033274 -4.39512e-05 0)
(0.0331005 0.000262585 0)
(0.0330512 0.000500547 0)
(0.0329578 0.000558506 0)
(0.0326527 0.000407935 0)
(0.0513759 -0.00627666 0)
(0.0590947 -0.00877854 0)
(0.0658963 -0.0122803 0)
(0.0715037 -0.0164198 0)
(0.0759107 -0.0210139 0)
(0.0791454 -0.0258254 0)
(0.0811234 -0.0304849 0)
(0.0816863 -0.0344477 0)
(0.0806982 -0.0370333 0)
(0.0781831 -0.0375746 0)
(0.0744601 -0.0356762 0)
(0.0701826 -0.0315104 0)
(0.0661489 -0.0259512 0)
(0.0629174 -0.0202395 0)
(0.0605914 -0.0153188 0)
(0.0589784 -0.0115156 0)
(0.0578441 -0.00872351 0)
(0.0570239 -0.00669361 0)
(0.0564203 -0.00519716 0)
(0.0559744 -0.00406975 0)
(0.055646 -0.00320354 0)
(0.0554055 -0.00252868 0)
(0.05523 -0.00199837 0)
(0.0551021 -0.00157967 0)
(0.0550089 -0.0012483 0)
(0.0549407 -0.000985789 0)
(0.0548908 -0.000777789 0)
(0.054854 -0.000613033 0)
(0.0548268 -0.000482612 0)
(0.0548065 -0.000379456 0)
(0.0547914 -0.000297944 0)
(0.0547801 -0.000233605 0)
(0.0547716 -0.000182878 0)
(0.0547651 -0.000142933 0)
(0.0547602 -0.000111519 0)
(0.0547564 -8.68472e-05 0)
(0.0547536 -6.74979e-05 0)
(0.0547514 -5.23459e-05 0)
(0.0547497 -4.04995e-05 0)
(0.0547484 -3.12534e-05 0)
(0.0547473 -2.40497e-05 0)
(0.0547466 -1.84484e-05 0)
(0.054746 -1.41022e-05 0)
(0.0547455 -1.07375e-05 0)
(0.0547451 -8.13924e-06 0)
(0.0547449 -6.13833e-06 0)
(0.0547446 -4.60212e-06 0)
(0.0547445 -3.42669e-06 0)
(0.0547444 -2.53072e-06 0)
(0.0547443 -1.8507e-06 0)
(0.0547442 -1.3371e-06 0)
(0.0547441 -9.51385e-07 0)
(0.0547441 -6.63612e-07 0)
(0.054744 -4.50575e-07 0)
(0.054744 -2.94331e-07 0)
(0.054744 -1.81041e-07 0)
(0.054744 -1.00062e-07 0)
(0.054744 -4.32367e-08 0)
(0.054744 -4.3325e-09 0)
(0.054744 2.13919e-08 0)
(0.054744 3.75274e-08 0)
(0.054744 4.67794e-08 0)
(0.054744 5.11741e-08 0)
(0.054744 5.22181e-08 0)
(0.054744 5.10221e-08 0)
(0.0547439 4.8397e-08 0)
(0.0547439 4.49273e-08 0)
(0.0547439 4.10275e-08 0)
(0.0547439 3.69855e-08 0)
(0.0547439 3.29957e-08 0)
(0.0547439 2.9184e-08 0)
(0.0547439 2.56266e-08 0)
(0.0547439 2.23646e-08 0)
(0.0547439 1.94144e-08 0)
(0.054744 1.67754e-08 0)
(0.054744 1.4436e-08 0)
(0.054744 1.2378e-08 0)
(0.054744 1.05789e-08 0)
(0.054744 9.01491e-09 0)
(0.054744 7.66185e-09 0)
(0.054744 6.49622e-09 0)
(0.054744 5.49581e-09 0)
(0.054744 4.64005e-09 0)
(0.054744 3.91019e-09 0)
(0.054744 3.28939e-09 0)
(0.054744 2.76264e-09 0)
(0.054744 2.3167e-09 0)
(0.054744 1.93995e-09 0)
(0.054744 1.62229e-09 0)
(0.054744 1.35496e-09 0)
(0.054744 1.13035e-09 0)
(0.054744 9.41957e-10 0)
(0.054744 7.84152e-10 0)
(0.054744 6.52139e-10 0)
(0.054744 5.41834e-10 0)
(0.054744 4.49765e-10 0)
(0.054744 3.72995e-10 0)
(0.054744 3.0904e-10 0)
(0.054744 2.55812e-10 0)
(0.054744 2.1156e-10 0)
(0.054744 1.74822e-10 0)
(0.054744 1.4437e-10 0)
(0.054744 1.19165e-10 0)
(0.054744 9.83187e-11 0)
(0.054744 8.10819e-11 0)
(0.054744 6.68248e-11 0)
(0.054744 5.50351e-11 0)
(0.054744 4.52998e-11 0)
(0.054744 3.72811e-11 0)
(0.054744 3.06935e-11 0)
(0.054744 2.52806e-11 0)
(0.054744 2.0818e-11 0)
(0.054744 1.71164e-11 0)
(0.054744 1.40329e-11 0)
(0.054744 1.14703e-11 0)
(0.054744 9.35679e-12 0)
(0.054744 7.63036e-12 0)
(0.054744 6.22352e-12 0)
(0.054744 5.06204e-12 0)
(0.054744 4.08152e-12 0)
(0.054744 3.23677e-12 0)
(0.054744 2.51366e-12 0)
(0.054744 1.91285e-12 0)
(0.054744 1.44419e-12 0)
(0.054744 1.10421e-12 0)
(0.054744 8.69627e-13 0)
(0.054744 7.05003e-13 0)
(0.054744 5.78267e-13 0)
(0.054744 4.68372e-13 0)
(0.054744 3.75918e-13 0)
(0.054744 3.13292e-13 0)
(0.054744 2.89412e-13 0)
(0.054744 3.0216e-13 0)
(0.054744 3.3193e-13 0)
(0.054744 3.56978e-13 0)
(0.054744 3.56038e-13 0)
(0.054744 3.22232e-13 0)
(0.054744 2.63693e-13 0)
(0.054744 1.94344e-13 0)
(0.054744 1.29942e-13 0)
(0.054744 7.55049e-14 0)
(0.054744 2.34502e-14 0)
(0.054744 -3.79494e-14 0)
(0.054744 -1.20299e-13 0)
(0.054744 -2.18018e-13 0)
(0.054744 -3.15032e-13 0)
(0.054744 -3.87254e-13 0)
(0.054744 -4.13279e-13 0)
(0.054744 -3.83016e-13 0)
(0.054744 -2.99868e-13 0)
(0.054744 -1.83328e-13 0)
(0.054744 -5.95712e-14 0)
(0.054744 4.59468e-14 0)
(0.054744 1.16473e-13 0)
(0.054744 1.51434e-13 0)
(0.054744 1.57199e-13 0)
(0.054744 1.48517e-13 0)
(0.054744 1.38756e-13 0)
(0.054744 1.3212e-13 0)
(0.054744 1.31412e-13 0)
(0.054744 1.29001e-13 0)
(0.054744 1.2073e-13 0)
(0.054744 1.01511e-13 0)
(0.054744 6.93618e-14 0)
(0.054744 3.22646e-14 0)
(0.054744 -9.79794e-16 0)
(0.054744 -1.56498e-14 0)
(0.054744 -9.41157e-16 0)
(0.054744 4.64832e-14 0)
(0.054744 1.26874e-13 0)
(0.054744 2.3094e-13 0)
(0.054744 3.47671e-13 0)
(0.054744 4.62868e-13 0)
(0.054744 5.62614e-13 0)
(0.054744 6.41958e-13 0)
(0.054744 7.03183e-13 0)
(0.054744 7.59154e-13 0)
(0.054744 8.28707e-13 0)
(0.054744 9.30173e-13 0)
(0.054744 1.08242e-12 0)
(0.054744 1.29464e-12 0)
(0.054744 1.57436e-12 0)
(0.054744 1.91824e-12 0)
(0.054744 2.32116e-12 0)
(0.054744 2.78115e-12 0)
(0.054744 3.30146e-12 0)
(0.054744 3.90154e-12 0)
(0.054744 4.6134e-12 0)
(0.054744 5.47724e-12 0)
(0.054744 6.54585e-12 0)
(0.054744 7.86977e-12 0)
(0.054744 9.50258e-12 0)
(0.054744 1.14886e-11 0)
(0.054744 1.38559e-11 0)
(0.054744 1.66378e-11 0)
(0.054744 1.98146e-11 0)
(0.054744 2.33854e-11 0)
(0.054744 2.73051e-11 0)
(0.054744 3.11152e-11 0)
(0.054744 3.61296e-11 0)
(0.0967797 -0.0065103 0)
(0.0982168 -0.00904436 0)
(0.0997417 -0.0123458 0)
(0.101019 -0.0162199 0)
(0.101838 -0.0203984 0)
(0.101975 -0.0245938 0)
(0.101192 -0.0284572 0)
(0.0992486 -0.0315436 0)
(0.0959735 -0.033335 0)
(0.0913509 -0.033354 0)
(0.0856212 -0.0313646 0)
(0.0793395 -0.0275854 0)
(0.0732932 -0.022744 0)
(0.0681969 -0.017813 0)
(0.0643555 -0.0135411 0)
(0.0616477 -0.0102065 0)
(0.0597753 -0.00773809 0)
(0.0584647 -0.00593788 0)
(0.0575264 -0.00461372 0)
(0.0568409 -0.00362071 0)
(0.0563331 -0.00286039 0)
(0.0559536 -0.00226821 0)
(0.0556682 -0.00180155 0)
(0.0554525 -0.00143122 0)
(0.0552888 -0.00113629 0)
(0.0551641 -0.000901129 0)
(0.0550687 -0.000713628 0)
(0.0549955 -0.000564258 0)
(0.0549391 -0.000445412 0)
(0.0548956 -0.000350994 0)
(0.0548619 -0.000276102 0)
(0.0548358 -0.000216796 0)
(0.0548155 -0.00016991 0)
(0.0547997 -0.000132907 0)
(0.0547874 -0.000103752 0)
(0.0547778 -8.08216e-05 0)
(0.0547703 -6.28175e-05 0)
(0.0547644 -4.87071e-05 0)
(0.0547598 -3.76688e-05 0)
(0.0547563 -2.90505e-05 0)
(0.0547535 -2.23355e-05 0)
(0.0547513 -1.71147e-05 0)
(0.0547496 -1.3065e-05 0)
(0.0547483 -9.93151e-06 0)
(0.0547473 -7.51352e-06 0)
(0.0547465 -5.65315e-06 0)
(0.0547459 -4.22648e-06 0)
(0.0547454 -3.13635e-06 0)
(0.054745 -2.30676e-06 0)
(0.0547447 -1.67834e-06 0)
(0.0547445 -1.20481e-06 0)
(0.0547443 -8.50145e-07 0)
(0.0547442 -5.86402e-07 0)
(0.0547441 -3.91922e-07 0)
(0.054744 -2.49976e-07 0)
(0.054744 -1.47673e-07 0)
(0.0547439 -7.5113e-08 0)
(0.0547439 -2.4716e-08 0)
(0.0547439 9.29799e-09 0)
(0.0547439 3.13186e-08 0)
(0.0547439 4.46631e-08 0)
(0.0547439 5.18242e-08 0)
(0.0547439 5.46632e-08 0)
(0.0547438 5.45591e-08 0)
(0.0547438 5.25243e-08 0)
(0.0547438 4.92939e-08 0)
(0.0547438 4.53941e-08 0)
(0.0547438 4.11948e-08 0)
(0.0547438 3.69499e-08 0)
(0.0547438 3.2828e-08 0)
(0.0547438 2.89355e-08 0)
(0.0547438 2.5334e-08 0)
(0.0547438 2.20536e-08 0)
(0.0547438 1.91024e-08 0)
(0.0547438 1.6474e-08 0)
(0.0547438 1.41524e-08 0)
(0.0547438 1.21163e-08 0)
(0.0547438 1.0341e-08 0)
(0.0547438 8.80128e-09 0)
(0.0547438 7.47187e-09 0)
(0.0547438 6.32863e-09 0)
(0.0547438 5.34895e-09 0)
(0.0547438 4.51209e-09 0)
(0.0547438 3.79926e-09 0)
(0.0547438 3.19365e-09 0)
(0.0547438 2.68035e-09 0)
(0.0547438 2.24624e-09 0)
(0.0547438 1.87984e-09 0)
(0.0547438 1.57116e-09 0)
(0.0547438 1.31158e-09 0)
(0.0547438 1.09363e-09 0)
(0.0547438 9.10914e-10 0)
(0.0547438 7.57947e-10 0)
(0.0547438 6.3005e-10 0)
(0.0547438 5.23238e-10 0)
(0.0547438 4.34129e-10 0)
(0.0547438 3.59863e-10 0)
(0.0547438 2.98027e-10 0)
(0.0547438 2.46596e-10 0)
(0.0547438 2.03873e-10 0)
(0.0547438 1.68434e-10 0)
(0.0547438 1.39076e-10 0)
(0.0547438 1.14778e-10 0)
(0.0547438 9.4672e-11 0)
(0.0547438 7.80336e-11 0)
(0.0547438 6.42682e-11 0)
(0.0547438 5.28958e-11 0)
(0.0547438 4.35245e-11 0)
(0.0547438 3.5821e-11 0)
(0.0547438 2.94961e-11 0)
(0.0547438 2.42912e-11 0)
(0.0547438 1.99871e-11 0)
(0.0547438 1.64128e-11 0)
(0.0547438 1.34421e-11 0)
(0.0547438 1.09905e-11 0)
(0.0547438 8.98707e-12 0)
(0.0547438 7.3591e-12 0)
(0.0547438 6.02792e-12 0)
(0.0547438 4.9131e-12 0)
(0.0547438 3.95351e-12 0)
(0.0547438 3.11697e-12 0)
(0.0547438 2.40056e-12 0)
(0.0547438 1.81731e-12 0)
(0.0547438 1.37348e-12 0)
(0.0547438 1.05783e-12 0)
(0.0547438 8.38383e-13 0)
(0.0547438 6.77239e-13 0)
(0.0547438 5.4464e-13 0)
(0.0547438 4.25232e-13 0)
(0.0547438 3.24962e-13 0)
(0.0547438 2.56469e-13 0)
(0.0547438 2.30371e-13 0)
(0.0547438 2.43335e-13 0)
(0.0547438 2.77176e-13 0)
(0.0547438 3.11261e-13 0)
(0.0547438 3.26925e-13 0)
(0.0547438 3.19872e-13 0)
(0.0547438 2.95943e-13 0)
(0.0547438 2.6113e-13 0)
(0.0547438 2.1936e-13 0)
(0.0547438 1.65707e-13 0)
(0.0547438 9.20399e-14 0)
(0.0547438 -8.40694e-15 0)
(0.0547438 -1.3342e-13 0)
(0.0547438 -2.66864e-13 0)
(0.0547438 -3.83315e-13 0)
(0.0547438 -4.53734e-13 0)
(0.0547438 -4.58999e-13 0)
(0.0547438 -3.99416e-13 0)
(0.0547438 -2.88473e-13 0)
(0.0547438 -1.53845e-13 0)
(0.0547438 -2.57199e-14 0)
(0.0547438 7.50396e-14 0)
(0.0547438 1.36332e-13 0)
(0.0547438 1.60368e-13 0)
(0.0547438 1.59196e-13 0)
(0.0547438 1.48691e-13 0)
(0.0547438 1.3845e-13 0)
(0.0547438 1.33283e-13 0)
(0.0547438 1.3031e-13 0)
(0.0547438 1.23342e-13 0)
(0.0547438 1.07988e-13 0)
(0.0547438 8.19249e-14 0)
(0.0547438 4.7779e-14 0)
(0.0547438 1.19781e-14 0)
(0.0547438 -1.41745e-14 0)
(0.0547438 -1.91908e-14 0)
(0.0547438 3.53504e-15 0)
(0.0547438 5.82071e-14 0)
(0.0547438 1.3921e-13 0)
(0.0547438 2.37024e-13 0)
(0.0547438 3.41739e-13 0)
(0.0547438 4.41949e-13 0)
(0.0547438 5.27841e-13 0)
(0.0547438 5.97158e-13 0)
(0.0547438 6.53568e-13 0)
(0.0547438 7.10189e-13 0)
(0.0547438 7.836e-13 0)
(0.0547438 8.89212e-13 0)
(0.0547438 1.0405e-12 0)
(0.0547438 1.2465e-12 0)
(0.0547438 1.50876e-12 0)
(0.0547438 1.82442e-12 0)
(0.0547438 2.1879e-12 0)
(0.0547438 2.59527e-12 0)
(0.0547438 3.05305e-12 0)
(0.0547438 3.5772e-12 0)
(0.0547438 4.19562e-12 0)
(0.0547438 4.93853e-12 0)
(0.0547438 5.84314e-12 0)
(0.0547438 6.94259e-12 0)
(0.0547438 8.26197e-12 0)
(0.0547438 9.81539e-12 0)
(0.0547438 1.15948e-11 0)
(0.0547438 1.35894e-11 0)
(0.0547438 1.57568e-11 0)
(0.0547438 1.80468e-11 0)
(0.0547438 2.05236e-11 0)
(0.0547438 2.27757e-11 0)
(0.0547438 2.60819e-11 0)
(0.128737 -0.00635912 0)
(0.128755 -0.00862279 0)
(0.128514 -0.0113709 0)
(0.127835 -0.014532 0)
(0.126531 -0.0179347 0)
(0.124418 -0.0213346 0)
(0.121309 -0.0244075 0)
(0.117021 -0.0267466 0)
(0.11142 -0.0279025 0)
(0.10451 -0.0274935 0)
(0.0965591 -0.0253818 0)
(0.0881759 -0.0218509 0)
(0.0801985 -0.01762 0)
(0.073389 -0.013548 0)
(0.0681206 -0.0102052 0)
(0.0643197 -0.00771557 0)
(0.0616704 -0.00592702 0)
(0.0598326 -0.00463151 0)
(0.0585407 -0.0036662 0)
(0.0576138 -0.00292518 0)
(0.0569349 -0.00234317 0)
(0.0564289 -0.00187926 0)
(0.0560466 -0.00150647 0)
(0.0557549 -0.00120584 0)
(0.0555308 -0.000963261 0)
(0.0553576 -0.000767723 0)
(0.0552232 -0.000610422 0)
(0.0551186 -0.000484186 0)
(0.055037 -0.000383143 0)
(0.0549732 -0.000302475 0)
(0.0549232 -0.000238237 0)
(0.0548841 -0.000187209 0)
(0.0548534 -0.000146769 0)
(0.0548293 -0.000114795 0)
(0.0548104 -8.95709e-05 0)
(0.0547956 -6.97149e-05 0)
(0.054784 -5.4119e-05 0)
(0.0547749 -4.18959e-05 0)
(0.0547677 -3.23375e-05 0)
(0.0547621 -2.488e-05 0)
(0.0547577 -1.90753e-05 0)
(0.0547543 -1.45685e-05 0)
(0.0547516 -1.10785e-05 0)
(0.0547496 -8.38361e-06 0)
(0.0547479 -6.30908e-06 0)
(0.0547467 -4.71746e-06 0)
(0.0547457 -3.50086e-06 0)
(0.0547449 -2.57478e-06 0)
(0.0547444 -1.87312e-06 0)
(0.0547439 -1.34433e-06 0)
(0.0547436 -9.48256e-07 0)
(0.0547433 -6.53713e-07 0)
(0.0547431 -4.36534e-07 0)
(0.0547429 -2.78042e-07 0)
(0.0547428 -1.63841e-07 0)
(0.0547427 -8.2869e-08 0)
(0.0547427 -2.66586e-08 0)
(0.0547426 1.125e-08 0)
(0.0547426 3.57624e-08 0)
(0.0547426 5.05861e-08 0)
(0.0547425 5.8507e-08 0)
(0.0547425 6.16054e-08 0)
(0.0547425 6.14221e-08 0)
(0.0547425 5.90883e-08 0)
(0.0547425 5.54251e-08 0)
(0.0547425 5.102e-08 0)
(0.0547425 4.62859e-08 0)
(0.0547425 4.15062e-08 0)
(0.0547425 3.68686e-08 0)
(0.0547425 3.24915e-08 0)
(0.0547425 2.84434e-08 0)
(0.0547425 2.47574e-08 0)
(0.0547425 2.14422e-08 0)
(0.0547425 1.84902e-08 0)
(0.0547425 1.58832e-08 0)
(0.0547425 1.35971e-08 0)
(0.0547425 1.16042e-08 0)
(0.0547425 9.87583e-09 0)
(0.0547425 8.38371e-09 0)
(0.0547425 7.10064e-09 0)
(0.0547425 6.00121e-09 0)
(0.0547425 5.06211e-09 0)
(0.0547425 4.26223e-09 0)
(0.0547425 3.58272e-09 0)
(0.0547425 3.00684e-09 0)
(0.0547425 2.51985e-09 0)
(0.0547425 2.10885e-09 0)
(0.0547425 1.76262e-09 0)
(0.0547425 1.47143e-09 0)
(0.0547425 1.22693e-09 0)
(0.0547425 1.02193e-09 0)
(0.0547425 8.5029e-10 0)
(0.0547425 7.06774e-10 0)
(0.0547425 5.86922e-10 0)
(0.0547425 4.86945e-10 0)
(0.0547425 4.03635e-10 0)
(0.0547425 3.34281e-10 0)
(0.0547425 2.76607e-10 0)
(0.0547425 2.28702e-10 0)
(0.0547425 1.8896e-10 0)
(0.0547425 1.5603e-10 0)
(0.0547425 1.28769e-10 0)
(0.0547425 1.06208e-10 0)
(0.0547425 8.75354e-11 0)
(0.0547425 7.20833e-11 0)
(0.0547425 5.93098e-11 0)
(0.0547425 4.87752e-11 0)
(0.0547425 4.01128e-11 0)
(0.0547425 3.30038e-11 0)
(0.0547425 2.7165e-11 0)
(0.0547425 2.23518e-11 0)
(0.0547425 1.83646e-11 0)
(0.0547425 1.50564e-11 0)
(0.0547425 1.23229e-11 0)
(0.0547425 1.00853e-11 0)
(0.0547425 8.27061e-12 0)
(0.0547425 6.79778e-12 0)
(0.0547425 5.58116e-12 0)
(0.0547425 4.546e-12 0)
(0.0547425 3.6417e-12 0)
(0.0547425 2.85323e-12 0)
(0.0547425 2.18595e-12 0)
(0.0547425 1.65481e-12 0)
(0.0547425 1.26025e-12 0)
(0.0547425 9.80705e-13 0)
(0.0547425 7.82908e-13 0)
(0.0547425 6.26938e-13 0)
(0.0547425 4.8916e-13 0)
(0.0547425 3.64048e-13 0)
(0.0547425 2.60187e-13 0)
(0.0547425 1.93927e-13 0)
(0.0547425 1.71202e-13 0)
(0.0547425 1.85751e-13 0)
(0.0547425 2.22614e-13 0)
(0.0547425 2.62253e-13 0)
(0.0547425 2.94105e-13 0)
(0.0547425 3.11094e-13 0)
(0.0547425 3.15095e-13 0)
(0.0547425 3.06701e-13 0)
(0.0547425 2.7799e-13 0)
(0.0547425 2.21232e-13 0)
(0.0547425 1.27956e-13 0)
(0.0547425 -1.34856e-15 0)
(0.0547425 -1.52777e-13 0)
(0.0547425 -3.01802e-13 0)
(0.0547425 -4.15831e-13 0)
(0.0547425 -4.68894e-13 0)
(0.0547425 -4.50831e-13 0)
(0.0547425 -3.68208e-13 0)
(0.0547425 -2.45032e-13 0)
(0.0547425 -1.11802e-13 0)
(0.0547425 5.10794e-15 0)
(0.0547425 8.76077e-14 0)
(0.0547425 1.32576e-13 0)
(0.0547425 1.48019e-13 0)
(0.0547425 1.45553e-13 0)
(0.0547425 1.37866e-13 0)
(0.0547425 1.31849e-13 0)
(0.0547425 1.28408e-13 0)
(0.0547425 1.23621e-13 0)
(0.0547425 1.12835e-13 0)
(0.0547425 9.20101e-14 0)
(0.0547425 6.17048e-14 0)
(0.0547425 2.80159e-14 0)
(0.0547425 -1.85734e-15 0)
(0.0547425 -1.75074e-14 0)
(0.0547425 -1.39875e-14 0)
(0.0547425 1.50156e-14 0)
(0.0547425 6.88301e-14 0)
(0.0547425 1.40469e-13 0)
(0.0547425 2.25619e-13 0)
(0.0547425 3.12796e-13 0)
(0.0547425 3.94965e-13 0)
(0.0547425 4.65937e-13 0)
(0.0547425 5.26703e-13 0)
(0.0547425 5.80013e-13 0)
(0.0547425 6.39073e-13 0)
(0.0547425 7.13557e-13 0)
(0.0547425 8.17991e-13 0)
(0.0547425 9.62961e-13 0)
(0.0547425 1.15132e-12 0)
(0.0547425 1.38521e-12 0)
(0.0547425 1.65862e-12 0)
(0.0547425 1.96798e-12 0)
(0.0547425 2.31385e-12 0)
(0.0547425 2.69891e-12 0)
(0.0547425 3.13882e-12 0)
(0.0547425 3.65086e-12 0)
(0.0547425 4.25896e-12 0)
(0.0547425 4.98607e-12 0)
(0.0547425 5.84555e-12 0)
(0.0547425 6.83716e-12 0)
(0.0547425 7.94552e-12 0)
(0.0547425 9.13859e-12 0)
(0.0547425 1.03427e-11 0)
(0.0547425 1.15269e-11 0)
(0.0547425 1.25429e-11 0)
(0.0547425 1.3596e-11 0)
(0.0547425 1.42474e-11 0)
(0.0547425 1.59606e-11 0)
(0.145603 -0.00560367 0)
(0.144738 -0.00743791 0)
(0.143406 -0.00964713 0)
(0.141456 -0.0121594 0)
(0.138725 -0.0148257 0)
(0.135031 -0.0174142 0)
(0.130171 -0.0196048 0)
(0.123946 -0.0210045 0)
(0.116262 -0.0212183 0)
(0.107283 -0.0200032 0)
(0.0975578 -0.01746 0)
(0.0879922 -0.0141165 0)
(0.0795538 -0.0107415 0)
(0.0728486 -0.00795441 0)
(0.0679214 -0.00596062 0)
(0.0644381 -0.00462741 0)
(0.0619857 -0.00371995 0)
(0.0602325 -0.00305414 0)
(0.0589524 -0.0025262 0)
(0.0579985 -0.00208771 0)
(0.0572759 -0.00171749 0)
(0.0567215 -0.00140493 0)
(0.0562921 -0.00114276 0)
(0.0559575 -0.000924642 0)
(0.0556955 -0.000744575 0)
(0.0554897 -0.000596965 0)
(0.0553279 -0.000476712 0)
(0.0552004 -0.000379284 0)
(0.0550999 -0.000300734 0)
(0.0550206 -0.00023768 0)
(0.0549581 -0.000187265 0)
(0.0549088 -0.000147101 0)
(0.0548699 -0.000115211 0)
(0.0548393 -8.99682e-05 0)
(0.0548151 -7.00462e-05 0)
(0.0547962 -5.4368e-05 0)
(0.0547812 -4.20637e-05 0)
(0.0547695 -3.24335e-05 0)
(0.0547603 -2.4917e-05 0)
(0.0547531 -1.90666e-05 0)
(0.0547474 -1.45262e-05 0)
(0.054743 -1.10132e-05 0)
(0.0547395 -8.30386e-06 0)
(0.0547368 -6.22155e-06 0)
(0.0547347 -4.62722e-06 0)
(0.0547331 -3.4116e-06 0)
(0.0547318 -2.48903e-06 0)
(0.0547309 -1.79255e-06 0)
(0.0547301 -1.26992e-06 0)
(0.0547295 -8.80477e-07 0)
(0.0547291 -5.92671e-07 0)
(0.0547288 -3.82077e-07 0)
(0.0547285 -2.29847e-07 0)
(0.0547283 -1.21479e-07 0)
(0.0547282 -4.58559e-08 0)
(0.054728 5.51359e-09 0)
(0.054728 3.90865e-08 0)
(0.0547279 5.97498e-08 0)
(0.0547279 7.11814e-08 0)
(0.0547278 7.61323e-08 0)
(0.0547278 7.66444e-08 0)
(0.0547278 7.422e-08 0)
(0.0547278 6.99525e-08 0)
(0.0547278 6.4627e-08 0)
(0.0547278 5.87979e-08 0)
(0.0547278 5.28477e-08 0)
(0.0547278 4.70322e-08 0)
(0.0547278 4.15147e-08 0)
(0.0547278 3.63918e-08 0)
(0.0547278 3.17129e-08 0)
(0.0547278 2.74944e-08 0)
(0.0547278 2.37306e-08 0)
(0.0547278 2.04012e-08 0)
(0.0547278 1.74773e-08 0)
(0.0547278 1.49253e-08 0)
(0.0547278 1.27098e-08 0)
(0.0547278 1.07952e-08 0)
(0.0547278 9.14755e-09 0)
(0.0547278 7.73469e-09 0)
(0.0547278 6.52707e-09 0)
(0.0547278 5.49787e-09 0)
(0.0547278 4.62304e-09 0)
(0.0547278 3.88124e-09 0)
(0.0547278 3.25365e-09 0)
(0.0547278 2.72379e-09 0)
(0.0547278 2.27728e-09 0)
(0.0547278 1.90165e-09 0)
(0.0547278 1.58613e-09 0)
(0.0547278 1.3215e-09 0)
(0.0547278 1.09984e-09 0)
(0.0547278 9.14417e-10 0)
(0.0547278 7.59509e-10 0)
(0.0547278 6.3025e-10 0)
(0.0547278 5.2252e-10 0)
(0.0547278 4.32828e-10 0)
(0.0547278 3.58233e-10 0)
(0.0547278 2.96254e-10 0)
(0.0547278 2.44816e-10 0)
(0.0547278 2.02172e-10 0)
(0.0547278 1.66857e-10 0)
(0.0547278 1.37636e-10 0)
(0.0547278 1.13466e-10 0)
(0.0547278 9.34745e-11 0)
(0.0547278 7.6937e-11 0)
(0.0547278 6.32672e-11 0)
(0.0547278 5.19883e-11 0)
(0.0547278 4.27091e-11 0)
(0.0547278 3.50947e-11 0)
(0.0547278 2.8851e-11 0)
(0.0547278 2.37191e-11 0)
(0.0547278 1.94829e-11 0)
(0.0547278 1.59752e-11 0)
(0.0547278 1.30765e-11 0)
(0.0547278 1.06999e-11 0)
(0.0547278 8.77172e-12 0)
(0.0547278 7.21403e-12 0)
(0.0547278 5.94249e-12 0)
(0.0547278 4.87767e-12 0)
(0.0547278 3.95772e-12 0)
(0.0547278 3.15126e-12 0)
(0.0547278 2.45431e-12 0)
(0.0547278 1.8784e-12 0)
(0.0547278 1.4313e-12 0)
(0.0547278 1.10409e-12 0)
(0.0547278 8.70324e-13 0)
(0.0547278 6.92961e-13 0)
(0.0547278 5.42557e-13 0)
(0.0547278 4.04284e-13 0)
(0.0547278 2.81988e-13 0)
(0.0547278 1.88195e-13 0)
(0.0547278 1.3266e-13 0)
(0.0547278 1.17482e-13 0)
(0.0547278 1.35506e-13 0)
(0.0547278 1.72489e-13 0)
(0.0547278 2.15403e-13 0)
(0.0547278 2.54499e-13 0)
(0.0547278 2.87903e-13 0)
(0.0547278 3.11426e-13 0)
(0.0547278 3.18839e-13 0)
(0.0547278 2.9777e-13 0)
(0.0547278 2.36072e-13 0)
(0.0547278 1.29957e-13 0)
(0.0547278 -1.28075e-14 0)
(0.0547278 -1.69353e-13 0)
(0.0547278 -3.09274e-13 0)
(0.0547278 -4.0262e-13 0)
(0.0547278 -4.3092e-13 0)
(0.0547278 -3.92306e-13 0)
(0.0547278 -3.01973e-13 0)
(0.0547278 -1.86616e-13 0)
(0.0547278 -7.23957e-14 0)
(0.0547278 1.87064e-14 0)
(0.0547278 7.80414e-14 0)
(0.0547278 1.0783e-13 0)
(0.0547278 1.1758e-13 0)
(0.0547278 1.19275e-13 0)
(0.0547278 1.20394e-13 0)
(0.0547278 1.21994e-13 0)
(0.0547278 1.21445e-13 0)
(0.0547278 1.13823e-13 0)
(0.0547278 9.81751e-14 0)
(0.0547278 7.32513e-14 0)
(0.0547278 4.28735e-14 0)
(0.0547278 1.36885e-14 0)
(0.0547278 -7.80836e-15 0)
(0.0547278 -1.46405e-14 0)
(0.0547278 -2.95319e-15 0)
(0.0547278 2.64157e-14 0)
(0.0547278 7.14971e-14 0)
(0.0547278 1.29865e-13 0)
(0.0547278 1.94542e-13 0)
(0.0547278 2.61837e-13 0)
(0.0547278 3.25116e-13 0)
(0.0547278 3.8314e-13 0)
(0.0547278 4.36289e-13 0)
(0.0547278 4.89168e-13 0)
(0.0547278 5.47774e-13 0)
(0.0547278 6.22009e-13 0)
(0.0547278 7.2042e-13 0)
(0.0547278 8.48317e-13 0)
(0.0547278 1.01005e-12 0)
(0.0547278 1.20314e-12 0)
(0.0547278 1.42634e-12 0)
(0.0547278 1.67574e-12 0)
(0.0547278 1.95219e-12 0)
(0.0547278 2.26144e-12 0)
(0.0547278 2.61147e-12 0)
(0.0547278 3.0163e-12 0)
(0.0547278 3.48994e-12 0)
(0.0547278 4.03965e-12 0)
(0.0547278 4.66445e-12 0)
(0.0547278 5.34567e-12 0)
(0.0547278 6.03924e-12 0)
(0.0547278 6.67039e-12 0)
(0.0547278 7.18556e-12 0)
(0.0547278 7.39129e-12 0)
(0.0547278 7.16828e-12 0)
(0.0547278 6.79963e-12 0)
(0.0547278 5.34882e-12 0)
(0.0547278 5.89554e-12 0)
(0.144136 -0.00463606 0)
(0.142756 -0.00605052 0)
(0.140812 -0.0077158 0)
(0.138087 -0.00954914 0)
(0.134332 -0.0113822 0)
(0.129301 -0.0129554 0)
(0.12283 -0.0139408 0)
(0.114953 -0.014017 0)
(0.106015 -0.0130106 0)
(0.0966799 -0.0110559 0)
(0.0877874 -0.00862573 0)
(0.0800711 -0.00631386 0)
(0.0739087 -0.00452312 0)
(0.0692693 -0.0033407 0)
(0.0658643 -0.00263554 0)
(0.0633517 -0.00221589 0)
(0.0614585 -0.00193077 0)
(0.0600022 -0.00169615 0)
(0.0588668 -0.00147874 0)
(0.0579751 -0.00127174 0)
(0.057272 -0.00107804 0)
(0.0567162 -0.000901852 0)
(0.056276 -0.000745909 0)
(0.0559269 -0.000610985 0)
(0.0556497 -0.00049636 0)
(0.0554295 -0.00040039 0)
(0.0552546 -0.000320982 0)
(0.0551158 -0.000255911 0)
(0.0550055 -0.000203016 0)
(0.0549181 -0.000160315 0)
(0.0548489 -0.000126049 0)
(0.0547941 -9.86963e-05 0)
(0.0547507 -7.69652e-05 0)
(0.0547165 -5.97754e-05 0)
(0.0546895 -4.6233e-05 0)
(0.0546682 -3.56053e-05 0)
(0.0546514 -2.72961e-05 0)
(0.0546383 -2.08238e-05 0)
(0.0546279 -1.58009e-05 0)
(0.0546199 -1.1918e-05 0)
(0.0546135 -8.92819e-06 0)
(0.0546086 -6.63597e-06 0)
(0.0546047 -4.88666e-06 0)
(0.0546017 -3.55843e-06 0)
(0.0545994 -2.55564e-06 0)
(0.0545976 -1.80342e-06 0)
(0.0545962 -1.24334e-06 0)
(0.0545951 -8.29974e-07 0)
(0.0545943 -5.28078e-07 0)
(0.0545937 -3.10429e-07 0)
(0.0545932 -1.56062e-07 0)
(0.0545928 -4.88926e-08 0)
(0.0545925 2.33641e-08 0)
(0.0545923 7.00519e-08 0)
(0.0545922 9.82392e-08 0)
(0.054592 1.13243e-07 0)
(0.054592 1.19035e-07 0)
(0.0545919 1.18561e-07 0)
(0.0545919 1.13982e-07 0)
(0.0545918 1.06869e-07 0)
(0.0545918 9.83457e-08 0)
(0.0545918 8.92011e-08 0)
(0.0545918 7.99773e-08 0)
(0.0545918 7.10333e-08 0)
(0.0545918 6.25953e-08 0)
(0.0545918 5.47937e-08 0)
(0.0545918 4.76912e-08 0)
(0.0545918 4.13042e-08 0)
(0.0545918 3.56175e-08 0)
(0.0545918 3.05959e-08 0)
(0.0545918 2.61925e-08 0)
(0.0545918 2.2354e-08 0)
(0.0545918 1.90251e-08 0)
(0.0545918 1.61512e-08 0)
(0.0545918 1.36798e-08 0)
(0.0545918 1.15622e-08 0)
(0.0545918 9.75336e-09 0)
(0.0545918 8.21273e-09 0)
(0.0545918 6.9039e-09 0)
(0.0545918 5.79457e-09 0)
(0.0545918 4.85637e-09 0)
(0.0545918 4.06449e-09 0)
(0.0545918 3.39736e-09 0)
(0.0545918 2.83633e-09 0)
(0.0545918 2.36527e-09 0)
(0.0545918 1.97035e-09 0)
(0.0545918 1.63969e-09 0)
(0.0545918 1.36318e-09 0)
(0.0545918 1.13221e-09 0)
(0.0545918 9.39496e-10 0)
(0.0545918 7.78879e-10 0)
(0.0545918 6.45157e-10 0)
(0.0545918 5.33944e-10 0)
(0.0545918 4.41547e-10 0)
(0.0545918 3.64858e-10 0)
(0.0545918 3.01268e-10 0)
(0.0545918 2.48592e-10 0)
(0.0545918 2.05e-10 0)
(0.0545918 1.68958e-10 0)
(0.0545918 1.39182e-10 0)
(0.0545918 1.14593e-10 0)
(0.0545918 9.42857e-11 0)
(0.0545918 7.7514e-11 0)
(0.0545918 6.36664e-11 0)
(0.0545918 5.22489e-11 0)
(0.0545918 4.2858e-11 0)
(0.0545918 3.51532e-11 0)
(0.0545918 2.88419e-11 0)
(0.0545918 2.3667e-11 0)
(0.0545918 1.94118e-11 0)
(0.0545918 1.59021e-11 0)
(0.0545918 1.30067e-11 0)
(0.0545918 1.0631e-11 0)
(0.0545918 8.69962e-12 0)
(0.0545918 7.14206e-12 0)
(0.0545918 5.88214e-12 0)
(0.0545918 4.84284e-12 0)
(0.0545918 3.96046e-12 0)
(0.0545918 3.19264e-12 0)
(0.0545918 2.52759e-12 0)
(0.0545918 1.96647e-12 0)
(0.0545918 1.51599e-12 0)
(0.0545918 1.17331e-12 0)
(0.0545918 9.20128e-13 0)
(0.0545918 7.2937e-13 0)
(0.0545918 5.7264e-13 0)
(0.0545918 4.32102e-13 0)
(0.0545918 3.04874e-13 0)
(0.0545918 1.98306e-13 0)
(0.0545918 1.24643e-13 0)
(0.0545918 8.72258e-14 0)
(0.0545918 8.07758e-14 0)
(0.0545918 9.76661e-14 0)
(0.0545918 1.25672e-13 0)
(0.0545918 1.60534e-13 0)
(0.0545918 1.9929e-13 0)
(0.0545918 2.38929e-13 0)
(0.0545918 2.71678e-13 0)
(0.0545918 2.85148e-13 0)
(0.0545918 2.66749e-13 0)
(0.0545918 2.06402e-13 0)
(0.0545918 1.0271e-13 0)
(0.0545918 -2.86749e-14 0)
(0.0545918 -1.63503e-13 0)
(0.0545918 -2.71483e-13 0)
(0.0545918 -3.30109e-13 0)
(0.0545918 -3.32496e-13 0)
(0.0545918 -2.84634e-13 0)
(0.0545918 -2.06655e-13 0)
(0.0545918 -1.19683e-13 0)
(0.0545918 -4.43462e-14 0)
(0.0545918 1.03004e-14 0)
(0.0545918 4.38909e-14 0)
(0.0545918 6.34778e-14 0)
(0.0545918 7.60303e-14 0)
(0.0545918 8.81564e-14 0)
(0.0545918 9.9818e-14 0)
(0.0545918 1.08249e-13 0)
(0.0545918 1.09785e-13 0)
(0.0545918 1.00911e-13 0)
(0.0545918 8.16341e-14 0)
(0.0545918 5.57011e-14 0)
(0.0545918 2.9904e-14 0)
(0.0545918 9.09854e-15 0)
(0.0545918 -2.06614e-15 0)
(0.0545918 -1.9624e-15 0)
(0.0545918 9.85623e-15 0)
(0.0545918 3.18843e-14 0)
(0.0545918 6.13962e-14 0)
(0.0545918 9.79469e-14 0)
(0.0545918 1.40025e-13 0)
(0.0545918 1.8636e-13 0)
(0.0545918 2.34039e-13 0)
(0.0545918 2.84646e-13 0)
(0.0545918 3.34837e-13 0)
(0.0545918 3.89322e-13 0)
(0.0545918 4.4837e-13 0)
(0.0545918 5.17122e-13 0)
(0.0545918 6.01781e-13 0)
(0.0545918 7.04537e-13 0)
(0.0545918 8.28184e-13 0)
(0.0545918 9.73487e-13 0)
(0.0545918 1.13825e-12 0)
(0.0545918 1.32412e-12 0)
(0.0545918 1.53051e-12 0)
(0.0545918 1.763e-12 0)
(0.0545918 2.02635e-12 0)
(0.0545918 2.32845e-12 0)
(0.0545918 2.67375e-12 0)
(0.0545918 3.05908e-12 0)
(0.0545918 3.46872e-12 0)
(0.0545918 3.86561e-12 0)
(0.0545918 4.19661e-12 0)
(0.0545918 4.35813e-12 0)
(0.0545918 4.16645e-12 0)
(0.0545918 3.63926e-12 0)
(0.0545918 1.93882e-12 0)
(0.0545918 -1.19027e-13 0)
(0.0545918 -5.12585e-12 0)
(0.0545918 -6.09646e-12 0)
(0.123513 -0.00364702 0)
(0.121335 -0.00461751 0)
(0.118339 -0.00561221 0)
(0.114371 -0.00649788 0)
(0.10936 -0.00711141 0)
(0.10337 -0.00729682 0)
(0.0966468 -0.00696675 0)
(0.0896171 -0.00615808 0)
(0.0828402 -0.0050277 0)
(0.0768626 -0.00378008 0)
(0.0720143 -0.00260037 0)
(0.0683001 -0.00163595 0)
(0.0654965 -0.000978072 0)
(0.0633355 -0.000629895 0)
(0.0616103 -0.000512368 0)
(0.0601916 -0.000516492 0)
(0.0590065 -0.000554431 0)
(0.0580135 -0.000578091 0)
(0.057185 -0.000571943 0)
(0.0564984 -0.000538452 0)
(0.0559333 -0.000486645 0)
(0.055471 -0.000425889 0)
(0.0550947 -0.000363454 0)
(0.0547898 -0.000304089 0)
(0.0545437 -0.000250428 0)
(0.0543456 -0.000203594 0)
(0.0541868 -0.000163745 0)
(0.0540597 -0.00013048 0)
(0.0539583 -0.000103123 0)
(0.0538777 -8.08922e-05 0)
(0.0538136 -6.30059e-05 0)
(0.0537629 -4.87372e-05 0)
(0.0537228 -3.74395e-05 0)
(0.0536911 -2.85551e-05 0)
(0.0536662 -2.16132e-05 0)
(0.0536466 -1.62223e-05 0)
(0.0536312 -1.20614e-05 0)
(0.0536192 -8.8699e-06 0)
(0.0536098 -6.4379e-06 0)
(0.0536025 -4.59763e-06 0)
(0.0535968 -3.2159e-06 0)
(0.0535924 -2.18752e-06 0)
(0.0535889 -1.42991e-06 0)
(0.0535863 -8.78536e-07 0)
(0.0535843 -4.83222e-07 0)
(0.0535827 -2.05151e-07 0)
(0.0535815 -1.44427e-08 0)
(0.0535806 1.11788e-07 0)
(0.0535799 1.90969e-07 0)
(0.0535794 2.36292e-07 0)
(0.053579 2.57673e-07 0)
(0.0535787 2.62513e-07 0)
(0.0535785 2.56283e-07 0)
(0.0535784 2.42985e-07 0)
(0.0535783 2.25511e-07 0)
(0.0535782 2.05915e-07 0)
(0.0535781 1.85625e-07 0)
(0.0535781 1.65607e-07 0)
(0.0535781 1.46486e-07 0)
(0.0535781 1.28643e-07 0)
(0.0535781 1.12282e-07 0)
(0.0535781 9.74829e-08 0)
(0.0535781 8.42438e-08 0)
(0.0535781 7.25065e-08 0)
(0.0535781 6.2179e-08 0)
(0.0535781 5.31502e-08 0)
(0.0535781 4.53001e-08 0)
(0.0535781 3.85075e-08 0)
(0.0535781 3.26549e-08 0)
(0.0535781 2.76308e-08 0)
(0.0535781 2.33325e-08 0)
(0.0535781 1.9666e-08 0)
(0.0535781 1.65469e-08 0)
(0.0535781 1.39001e-08 0)
(0.0535781 1.16591e-08 0)
(0.0535781 9.76567e-09 0)
(0.0535781 8.16892e-09 0)
(0.0535781 6.82473e-09 0)
(0.0535781 5.69498e-09 0)
(0.0535781 4.74692e-09 0)
(0.0535781 3.95247e-09 0)
(0.0535781 3.28766e-09 0)
(0.0535781 2.73208e-09 0)
(0.0535781 2.26834e-09 0)
(0.0535781 1.8817e-09 0)
(0.0535781 1.55968e-09 0)
(0.0535781 1.29172e-09 0)
(0.0535781 1.06896e-09 0)
(0.0535781 8.8392e-10 0)
(0.0535781 7.30352e-10 0)
(0.0535781 6.0301e-10 0)
(0.0535781 4.97505e-10 0)
(0.0535781 4.10167e-10 0)
(0.0535781 3.37931e-10 0)
(0.0535781 2.78238e-10 0)
(0.0535781 2.28952e-10 0)
(0.0535781 1.88295e-10 0)
(0.0535781 1.54781e-10 0)
(0.0535781 1.27174e-10 0)
(0.0535781 1.04441e-10 0)
(0.0535781 8.57199e-11 0)
(0.0535781 7.03035e-11 0)
(0.0535781 5.76092e-11 0)
(0.0535781 4.7168e-11 0)
(0.0535781 3.85959e-11 0)
(0.0535781 3.15748e-11 0)
(0.0535781 2.58343e-11 0)
(0.0535781 2.11381e-11 0)
(0.0535781 1.72888e-11 0)
(0.0535781 1.41249e-11 0)
(0.0535781 1.15228e-11 0)
(0.0535781 9.39433e-12 0)
(0.0535781 7.66666e-12 0)
(0.0535781 6.27686e-12 0)
(0.0535781 5.15904e-12 0)
(0.0535781 4.24525e-12 0)
(0.0535781 3.47943e-12 0)
(0.0535781 2.82058e-12 0)
(0.0535781 2.25352e-12 0)
(0.0535781 1.77553e-12 0)
(0.0535781 1.38913e-12 0)
(0.0535781 1.09086e-12 0)
(0.0535781 8.65137e-13 0)
(0.0535781 6.89747e-13 0)
(0.0535781 5.41121e-13 0)
(0.0535781 4.07337e-13 0)
(0.0535781 2.86462e-13 0)
(0.0535781 1.85284e-13 0)
(0.0535781 1.12449e-13 0)
(0.0535781 7.03203e-14 0)
(0.0535781 5.43035e-14 0)
(0.0535781 5.54058e-14 0)
(0.0535781 6.38985e-14 0)
(0.0535781 7.81563e-14 0)
(0.0535781 9.8362e-14 0)
(0.0535781 1.29598e-13 0)
(0.0535781 1.67496e-13 0)
(0.0535781 2.02681e-13 0)
(0.0535781 2.19994e-13 0)
(0.0535781 2.04345e-13 0)
(0.0535781 1.49992e-13 0)
(0.0535781 6.25344e-14 0)
(0.0535781 -3.94609e-14 0)
(0.0535781 -1.32167e-13 0)
(0.0535781 -1.94423e-13 0)
(0.0535781 -2.15894e-13 0)
(0.0535781 -1.98958e-13 0)
(0.0535781 -1.5745e-13 0)
(0.0535781 -1.08068e-13 0)
(0.0535781 -6.57358e-14 0)
(0.0535781 -3.64157e-14 0)
(0.0535781 -1.91414e-14 0)
(0.0535781 -6.33528e-15 0)
(0.0535781 9.84096e-15 0)
(0.0535781 3.23048e-14 0)
(0.0535781 5.75918e-14 0)
(0.0535781 8.1082e-14 0)
(0.0535781 9.49649e-14 0)
(0.0535781 9.52114e-14 0)
(0.0535781 8.35236e-14 0)
(0.0535781 6.26255e-14 0)
(0.0535781 4.02557e-14 0)
(0.0535781 2.19629e-14 0)
(0.0535781 1.22032e-14 0)
(0.0535781 9.68933e-15 0)
(0.0535781 1.34975e-14 0)
(0.0535781 1.96746e-14 0)
(0.0535781 2.7551e-14 0)
(0.0535781 3.70917e-14 0)
(0.0535781 5.06493e-14 0)
(0.0535781 7.06382e-14 0)
(0.0535781 9.97648e-14 0)
(0.0535781 1.37534e-13 0)
(0.0535781 1.82126e-13 0)
(0.0535781 2.3245e-13 0)
(0.0535781 2.83884e-13 0)
(0.0535781 3.37516e-13 0)
(0.0535781 3.93771e-13 0)
(0.0535781 4.54699e-13 0)
(0.0535781 5.23116e-13 0)
(0.0535781 6.02155e-13 0)
(0.0535781 6.94221e-13 0)
(0.0535781 8.00539e-13 0)
(0.0535781 9.22408e-13 0)
(0.0535781 1.06219e-12 0)
(0.0535781 1.22148e-12 0)
(0.0535781 1.40458e-12 0)
(0.0535781 1.61229e-12 0)
(0.0535781 1.84299e-12 0)
(0.0535781 2.08519e-12 0)
(0.0535781 2.31744e-12 0)
(0.0535781 2.50049e-12 0)
(0.0535781 2.55624e-12 0)
(0.0535781 2.38891e-12 0)
(0.0535781 1.86119e-12 0)
(0.0535781 4.33235e-13 0)
(0.0535781 -1.50452e-12 0)
(0.0535781 -5.26136e-12 0)
(0.0535781 -1.71791e-11 0)
(0.0535781 -1.69147e-11 0)
(0.0828656 -0.00153724 0)
(0.0803496 -0.00177879 0)
(0.0775415 -0.00198196 0)
(0.0744862 -0.00212046 0)
(0.0712442 -0.00216885 0)
(0.0679195 -0.00210076 0)
(0.064668 -0.00189562 0)
(0.0616611 -0.00155153 0)
(0.0590325 -0.00109484 0)
(0.0568556 -0.000581864 0)
(0.0551534 -9.25731e-05 0)
(0.0538969 0.000289343 0)
(0.052996 0.000508791 0)
(0.0523253 0.000562714 0)
(0.0517734 0.000494891 0)
(0.0512728 0.000367373 0)
(0.050799 0.000232154 0)
(0.0503523 0.000119001 0)
(0.0499416 3.78687e-05 0)
(0.0495746 -1.31509e-05 0)
(0.049255 -4.07705e-05 0)
(0.0489826 -5.23015e-05 0)
(0.0487543 -5.38332e-05 0)
(0.0485657 -4.9795e-05 0)
(0.0484115 -4.31312e-05 0)
(0.0482865 -3.56567e-05 0)
(0.048186 -2.84039e-05 0)
(0.0481057 -2.18967e-05 0)
(0.0480418 -1.63464e-05 0)
(0.0479913 -1.17828e-05 0)
(0.0479515 -8.139e-06 0)
(0.0479203 -5.30313e-06 0)
(0.047896 -3.14899e-06 0)
(0.0478771 -1.55322e-06 0)
(0.0478624 -4.0388e-07 0)
(0.0478511 3.95883e-07 0)
(0.0478425 9.27187e-07 0)
(0.0478359 1.25628e-06 0)
(0.0478309 1.43619e-06 0)
(0.0478271 1.50861e-06 0)
(0.0478242 1.5058e-06 0)
(0.0478221 1.45233e-06 0)
(0.0478206 1.36661e-06 0)
(0.0478194 1.26221e-06 0)
(0.0478186 1.1489e-06 0)
(0.047818 1.03356e-06 0)
(0.0478176 9.20862e-07 0)
(0.0478174 8.13856e-07 0)
(0.0478172 7.14365e-07 0)
(0.0478171 6.23346e-07 0)
(0.0478171 5.41141e-07 0)
(0.047817 4.67666e-07 0)
(0.047817 4.0256e-07 0)
(0.0478171 3.4529e-07 0)
(0.0478171 2.95226e-07 0)
(0.0478171 2.51695e-07 0)
(0.0478172 2.14024e-07 0)
(0.0478172 1.81559e-07 0)
(0.0478172 1.53683e-07 0)
(0.0478173 1.29827e-07 0)
(0.0478173 1.0947e-07 0)
(0.0478173 9.21475e-08 0)
(0.0478174 7.74421e-08 0)
(0.0478174 6.49866e-08 0)
(0.0478174 5.44582e-08 0)
(0.0478174 4.55758e-08 0)
(0.0478174 3.80951e-08 0)
(0.0478174 3.18052e-08 0)
(0.0478175 2.65246e-08 0)
(0.0478175 2.20976e-08 0)
(0.0478175 1.83912e-08 0)
(0.0478175 1.5292e-08 0)
(0.0478175 1.27035e-08 0)
(0.0478175 1.0544e-08 0)
(0.0478175 8.74441e-09 0)
(0.0478175 7.24617e-09 0)
(0.0478175 6.00002e-09 0)
(0.0478175 4.96448e-09 0)
(0.0478175 4.10471e-09 0)
(0.0478175 3.39147e-09 0)
(0.0478175 2.8003e-09 0)
(0.0478175 2.31069e-09 0)
(0.0478175 1.9055e-09 0)
(0.0478175 1.57041e-09 0)
(0.0478175 1.29348e-09 0)
(0.0478175 1.06476e-09 0)
(0.0478175 8.75972e-10 0)
(0.0478175 7.2025e-10 0)
(0.0478175 5.91875e-10 0)
(0.0478175 4.86107e-10 0)
(0.0478175 3.99012e-10 0)
(0.0478175 3.27337e-10 0)
(0.0478175 2.68388e-10 0)
(0.0478175 2.1994e-10 0)
(0.0478175 1.80149e-10 0)
(0.0478175 1.47493e-10 0)
(0.0478175 1.20706e-10 0)
(0.0478175 9.87426e-11 0)
(0.0478175 8.07371e-11 0)
(0.0478175 6.59773e-11 0)
(0.0478175 5.38788e-11 0)
(0.0478175 4.39675e-11 0)
(0.0478175 3.58558e-11 0)
(0.0478175 2.92269e-11 0)
(0.0478175 2.3819e-11 0)
(0.0478175 1.94085e-11 0)
(0.0478175 1.58094e-11 0)
(0.0478175 1.2866e-11 0)
(0.0478175 1.04562e-11 0)
(0.0478175 8.48779e-12 0)
(0.0478175 6.88999e-12 0)
(0.0478175 5.60397e-12 0)
(0.0478175 4.57338e-12 0)
(0.0478175 3.74159e-12 0)
(0.0478175 3.05996e-12 0)
(0.0478175 2.48814e-12 0)
(0.0478175 2.00604e-12 0)
(0.0478175 1.60325e-12 0)
(0.0478175 1.27852e-12 0)
(0.0478175 1.02694e-12 0)
(0.0478175 8.37284e-13 0)
(0.0478175 6.89142e-13 0)
(0.0478175 5.61461e-13 0)
(0.0478175 4.3876e-13 0)
(0.0478175 3.22838e-13 0)
(0.0478175 2.1892e-13 0)
(0.0478175 1.40039e-13 0)
(0.0478175 9.10341e-14 0)
(0.0478175 6.76198e-14 0)
(0.0478175 6.05472e-14 0)
(0.0478175 5.54884e-14 0)
(0.0478175 4.54385e-14 0)
(0.0478175 3.05004e-14 0)
(0.0478175 1.78963e-14 0)
(0.0478175 2.07325e-14 0)
(0.0478175 4.00654e-14 0)
(0.0478175 7.06244e-14 0)
(0.0478175 9.99475e-14 0)
(0.0478175 1.10605e-13 0)
(0.0478175 9.84095e-14 0)
(0.0478175 6.29738e-14 0)
(0.0478175 1.50308e-14 0)
(0.0478175 -2.9248e-14 0)
(0.0478175 -5.51807e-14 0)
(0.0478175 -5.94642e-14 0)
(0.0478175 -4.82225e-14 0)
(0.0478175 -3.14467e-14 0)
(0.0478175 -2.1854e-14 0)
(0.0478175 -2.53188e-14 0)
(0.0478175 -4.02659e-14 0)
(0.0478175 -5.78688e-14 0)
(0.0478175 -6.72391e-14 0)
(0.0478175 -6.08765e-14 0)
(0.0478175 -3.72903e-14 0)
(0.0478175 -2.82401e-15 0)
(0.0478175 3.28325e-14 0)
(0.0478175 5.88371e-14 0)
(0.0478175 7.00825e-14 0)
(0.0478175 6.67217e-14 0)
(0.0478175 5.32916e-14 0)
(0.0478175 3.80252e-14 0)
(0.0478175 2.78717e-14 0)
(0.0478175 2.45746e-14 0)
(0.0478175 2.55471e-14 0)
(0.0478175 2.85625e-14 0)
(0.0478175 2.62809e-14 0)
(0.0478175 1.8534e-14 0)
(0.0478175 5.76245e-15 0)
(0.0478175 -8.00661e-15 0)
(0.0478175 -1.46932e-14 0)
(0.0478175 -9.35506e-15 0)
(0.0478175 1.02538e-14 0)
(0.0478175 4.44243e-14 0)
(0.0478175 8.87887e-14 0)
(0.0478175 1.35618e-13 0)
(0.0478175 1.81425e-13 0)
(0.0478175 2.21895e-13 0)
(0.0478175 2.55516e-13 0)
(0.0478175 2.82885e-13 0)
(0.0478175 3.08902e-13 0)
(0.0478175 3.37882e-13 0)
(0.0478175 3.74271e-13 0)
(0.0478175 4.22819e-13 0)
(0.0478175 4.83129e-13 0)
(0.0478175 5.58348e-13 0)
(0.0478175 6.48852e-13 0)
(0.0478175 7.54191e-13 0)
(0.0478175 8.7146e-13 0)
(0.0478175 9.90749e-13 0)
(0.0478175 1.10144e-12 0)
(0.0478175 1.17708e-12 0)
(0.0478175 1.18396e-12 0)
(0.0478175 1.06377e-12 0)
(0.0478175 6.77131e-13 0)
(0.0478175 -5.10289e-14 0)
(0.0478175 -1.543e-12 0)
(0.0478175 -5.24252e-12 0)
(0.0478175 -6.08752e-12 0)
(0.0478175 -3.05382e-11 0)
(0.0478175 -3.38278e-11 0)
(0.032018 8.7348e-05 0)
(0.0310068 -0.000318236 0)
(0.0296523 -0.000698377 0)
(0.0280637 -0.000947755 0)
(0.0264025 -0.00100135 0)
(0.0248459 -0.000855819 0)
(0.023549 -0.000563929 0)
(0.0226194 -0.00020852 0)
(0.0221037 0.000128155 0)
(0.0219868 0.000387466 0)
(0.0222011 0.000543636 0)
(0.0226422 0.000600003 0)
(0.0231906 0.000578671 0)
(0.0237388 0.00050923 0)
(0.0242129 0.000419443 0)
(0.0245793 0.000329538 0)
(0.024837 0.000250789 0)
(0.0250036 0.000187271 0)
(0.0251021 0.000138692 0)
(0.0251543 0.000102777 0)
(0.0251775 7.67506e-05 0)
(0.0251839 5.80602e-05 0)
(0.0251817 4.46384e-05 0)
(0.0251758 3.49262e-05 0)
(0.0251692 2.78004e-05 0)
(0.0251632 2.24756e-05 0)
(0.0251587 1.84127e-05 0)
(0.0251556 1.52455e-05 0)
(0.025154 1.27262e-05 0)
(0.0251536 1.06862e-05 0)
(0.0251541 9.00974e-06 0)
(0.0251553 7.61587e-06 0)
(0.025157 6.4469e-06 0)
(0.025159 5.4605e-06 0)
(0.0251611 4.62478e-06 0)
(0.0251633 3.91499e-06 0)
(0.0251655 3.31142e-06 0)
(0.0251675 2.79803e-06 0)
(0.0251694 2.36148e-06 0)
(0.0251712 1.99057e-06 0)
(0.0251728 1.67577e-06 0)
(0.0251742 1.40894e-06 0)
(0.0251755 1.18308e-06 0)
(0.0251767 9.92189e-07 0)
(0.0251777 8.31081e-07 0)
(0.0251785 6.95312e-07 0)
(0.0251793 5.81062e-07 0)
(0.0251799 4.85053e-07 0)
(0.0251805 4.04482e-07 0)
(0.025181 3.36955e-07 0)
(0.0251814 2.80429e-07 0)
(0.0251818 2.3317e-07 0)
(0.0251821 1.93702e-07 0)
(0.0251823 1.60777e-07 0)
(0.0251825 1.33339e-07 0)
(0.0251827 1.10496e-07 0)
(0.0251829 9.14961e-08 0)
(0.025183 7.57077e-08 0)
(0.0251831 6.25991e-08 0)
(0.0251832 5.17245e-08 0)
(0.0251833 4.27105e-08 0)
(0.0251833 3.52446e-08 0)
(0.0251834 2.90653e-08 0)
(0.0251834 2.39548e-08 0)
(0.0251835 1.9731e-08 0)
(0.0251835 1.62424e-08 0)
(0.0251835 1.33631e-08 0)
(0.0251835 1.0988e-08 0)
(0.0251836 9.03005e-09 0)
(0.0251836 7.417e-09 0)
(0.0251836 6.08886e-09 0)
(0.0251836 4.99593e-09 0)
(0.0251836 4.09706e-09 0)
(0.0251836 3.3582e-09 0)
(0.0251836 2.7512e-09 0)
(0.0251836 2.25278e-09 0)
(0.0251836 1.84374e-09 0)
(0.0251836 1.50822e-09 0)
(0.0251836 1.23315e-09 0)
(0.0251836 1.00776e-09 0)
(0.0251836 8.23176e-10 0)
(0.0251836 6.72077e-10 0)
(0.0251836 5.48444e-10 0)
(0.0251836 4.4733e-10 0)
(0.0251836 3.64674e-10 0)
(0.0251836 2.97142e-10 0)
(0.0251836 2.41997e-10 0)
(0.0251836 1.96989e-10 0)
(0.0251836 1.60273e-10 0)
(0.0251836 1.30334e-10 0)
(0.0251836 1.0593e-10 0)
(0.0251836 8.60489e-11 0)
(0.0251836 6.98604e-11 0)
(0.0251836 5.6688e-11 0)
(0.0251836 4.59763e-11 0)
(0.0251836 3.72692e-11 0)
(0.0251836 3.01961e-11 0)
(0.0251836 2.44491e-11 0)
(0.0251836 1.97796e-11 0)
(0.0251836 1.59889e-11 0)
(0.0251836 1.29152e-11 0)
(0.0251836 1.04265e-11 0)
(0.0251836 8.41575e-12 0)
(0.0251836 6.79167e-12 0)
(0.0251836 5.47578e-12 0)
(0.0251836 4.40705e-12 0)
(0.0251836 3.53722e-12 0)
(0.0251836 2.83365e-12 0)
(0.0251836 2.27161e-12 0)
(0.0251836 1.82557e-12 0)
(0.0251836 1.47582e-12 0)
(0.0251836 1.19561e-12 0)
(0.0251836 9.66554e-13 0)
(0.0251836 7.72718e-13 0)
(0.0251836 6.07535e-13 0)
(0.0251836 4.73012e-13 0)
(0.0251836 3.69643e-13 0)
(0.0251836 2.98527e-13 0)
(0.0251836 2.52442e-13 0)
(0.0251836 2.19087e-13 0)
(0.0251836 1.85572e-13 0)
(0.0251836 1.47843e-13 0)
(0.0251836 1.05291e-13 0)
(0.0251836 6.63536e-14 0)
(0.0251836 3.55985e-14 0)
(0.0251836 1.8891e-14 0)
(0.0251836 1.5473e-14 0)
(0.0251836 1.97055e-14 0)
(0.0251836 2.4086e-14 0)
(0.0251836 1.978e-14 0)
(0.0251836 8.9049e-15 0)
(0.0251836 -4.0743e-15 0)
(0.0251836 -1.35101e-14 0)
(0.0251836 -1.36027e-14 0)
(0.0251836 -6.94519e-15 0)
(0.0251836 2.41422e-15 0)
(0.0251836 1.219e-14 0)
(0.0251836 1.64832e-14 0)
(0.0251836 1.55495e-14 0)
(0.0251836 9.30433e-15 0)
(0.0251836 3.01876e-15 0)
(0.0251836 2.44371e-15 0)
(0.0251836 7.28338e-15 0)
(0.0251836 1.37617e-14 0)
(0.0251836 1.89417e-14 0)
(0.0251836 1.87243e-14 0)
(0.0251836 1.04421e-14 0)
(0.0251836 -4.76243e-15 0)
(0.0251836 -2.00587e-14 0)
(0.0251836 -3.15965e-14 0)
(0.0251836 -3.69684e-14 0)
(0.0251836 -3.23657e-14 0)
(0.0251836 -2.04531e-14 0)
(0.0251836 -5.68835e-15 0)
(0.0251836 6.92282e-15 0)
(0.0251836 1.54264e-14 0)
(0.0251836 1.86364e-14 0)
(0.0251836 1.75023e-14 0)
(0.0251836 1.62111e-14 0)
(0.0251836 1.43369e-14 0)
(0.0251836 1.46363e-14 0)
(0.0251836 1.49052e-14 0)
(0.0251836 1.48787e-14 0)
(0.0251836 1.32602e-14 0)
(0.0251836 6.56628e-15 0)
(0.0251836 -2.20716e-15 0)
(0.0251836 -1.30074e-14 0)
(0.0251836 -2.25066e-14 0)
(0.0251836 -2.49088e-14 0)
(0.0251836 -2.31294e-14 0)
(0.0251836 -1.47114e-14 0)
(0.0251836 2.33023e-16 0)
(0.0251836 1.67301e-14 0)
(0.0251836 3.2828e-14 0)
(0.0251836 4.62674e-14 0)
(0.0251836 5.52155e-14 0)
(0.0251836 6.0044e-14 0)
(0.0251836 6.04709e-14 0)
(0.0251836 5.98046e-14 0)
(0.0251836 5.768e-14 0)
(0.0251836 5.87618e-14 0)
(0.0251836 6.34801e-14 0)
(0.0251836 7.23318e-14 0)
(0.0251836 8.94934e-14 0)
(0.0251836 1.0969e-13 0)
(0.0251836 1.34048e-13 0)
(0.0251836 1.58848e-13 0)
(0.0251836 1.80328e-13 0)
(0.0251836 1.9702e-13 0)
(0.0251836 1.98582e-13 0)
(0.0251836 1.76988e-13 0)
(0.0251836 1.16154e-13 0)
(0.0251836 -1.07854e-14 0)
(0.0251836 -2.60972e-13 0)
(0.0251836 -7.08968e-13 0)
(0.0251836 -1.41441e-12 0)
(0.0251836 -3.94745e-12 0)
(0.0251836 -3.20796e-12 0)
(0.0251836 -2.07874e-11 0)
(0.0251836 -2.11004e-11 0)
)
;

boundaryField
{
    inlet
    {
        type            fixedProfile;
        profile         table
        
21
(
(0 (0 0 0))
(0.05 (0.0285 0 0))
(0.1 (0.054 0 0))
(0.15 (0.0765 0 0))
(0.2 (0.096 0 0))
(0.25 (0.1125 0 0))
(0.3 (0.126 0 0))
(0.35 (0.1365 0 0))
(0.4 (0.144 0 0))
(0.45 (0.1485 0 0))
(0.5 (0.15 0 0))
(0.55 (0.1485 0 0))
(0.6 (0.144 0 0))
(0.65 (0.1365 0 0))
(0.7 (0.126 0 0))
(0.75 (0.1125 0 0))
(0.8 (0.096 0 0))
(0.85 (0.0765 0 0))
(0.9 (0.054 0 0))
(0.95 (0.0285 0 0))
(1 (0 0 0))
)
;
        direction       (0 1 0);
        origin          1;
        value           nonuniform List<vector> 8((0.034875 0 0) (0.091125 0 0) (0.128625 0 0) (0.147375 0 0) (0.147375 0 0) (0.128625 0 0) (0.091125 0 0) (0.034875 0 0));
    }
    outlet
    {
        type            zeroGradient;
    }
    walls
    {
        type            noSlip;
    }
    symwall
    {
        type            empty;
    }
}


// ************************************************************************* //
