/*--------------------------------*- C++ -*----------------------------------*\
| =========                 |                                                 |
| \\      /  F ield         | OpenFOAM: The Open Source CFD Toolbox           |
|  \\    /   O peration     | Version:  4.1                                   |
|   \\  /    A nd           | Web:      www.OpenFOAM.org                      |
|    \\/     M anipulation  |                                                 |
\*---------------------------------------------------------------------------*/
FoamFile
{
    version     2.0;
    format      ascii;
    class       volVectorField;
    location    "279";
    object      U;
}
// * * * * * * * * * * * * * * * * * * * * * * * * * * * * * * * * * * * * * //

dimensions      [0 1 -1 0 0 0 0];

internalField   nonuniform List<vector> 
3264
(
(-2.5355e-06 -3.05149e-07 0)
(-0.000129878 3.00953e-05 0)
(-0.000381395 4.78821e-05 0)
(-0.000663747 4.99654e-05 0)
(-0.000961063 5.13957e-05 0)
(-0.00126301 5.03824e-05 0)
(-0.00156423 5.12217e-05 0)
(-0.00186655 5.14031e-05 0)
(-0.00216595 5.21088e-05 0)
(-0.00246407 5.24523e-05 0)
(-0.00275946 5.29187e-05 0)
(-0.00305371 5.33522e-05 0)
(-0.00334742 5.40237e-05 0)
(-0.00364257 5.50188e-05 0)
(-0.00394093 5.65462e-05 0)
(-0.00424483 5.87599e-05 0)
(-0.00455653 6.18382e-05 0)
(-0.00487834 6.59277e-05 0)
(-0.00521231 7.11528e-05 0)
(-0.00556013 7.75885e-05 0)
(-0.00592288 8.52481e-05 0)
(-0.00630091 9.40613e-05 0)
(-0.00669358 0.00010386 0)
(-0.00709913 0.000114364 0)
(-0.00751461 0.000125185 0)
(-0.00793574 0.000135828 0)
(-0.00835696 0.000145718 0)
(-0.00877152 0.000154232 0)
(-0.00917157 0.000160736 0)
(-0.00954843 0.000164633 0)
(-0.00989282 0.000165397 0)
(-0.0101952 0.000162612 0)
(-0.010446 0.000155995 0)
(-0.0106361 0.000145405 0)
(-0.0107569 0.000130849 0)
(-0.0108005 0.000112475 0)
(-0.0107605 9.05548e-05 0)
(-0.0106314 6.54712e-05 0)
(-0.010409 3.76976e-05 0)
(-0.0100909 7.77879e-06 0)
(-0.00967587 -2.36865e-05 0)
(-0.00916424 -5.60629e-05 0)
(-0.00855789 -8.8693e-05 0)
(-0.00786015 -0.000120912 0)
(-0.00707575 -0.000152058 0)
(-0.00621078 -0.000181489 0)
(-0.00527263 -0.000208586 0)
(-0.00426986 -0.000232775 0)
(-0.00321213 -0.000253528 0)
(-0.00211008 -0.000270384 0)
(-0.000975176 -0.000282956 0)
(0.000180421 -0.000290948 0)
(0.00134406 -0.000294161 0)
(0.00250276 -0.000292511 0)
(0.00364347 -0.000286031 0)
(0.00475325 -0.000274883 0)
(0.00581953 -0.000259355 0)
(0.00683038 -0.000239858 0)
(0.00777471 -0.000216924 0)
(0.00864254 -0.000191187 0)
(0.00942521 -0.000163365 0)
(0.0101155 -0.000134241 0)
(0.010708 -0.000104635 0)
(0.0111988 -7.53734e-05 0)
(0.0115862 -4.72629e-05 0)
(0.0118699 -2.10561e-05 0)
(0.0120519 2.5765e-06 0)
(0.0121356 2.30774e-05 0)
(0.0121263 4.00304e-05 0)
(0.0120308 5.3187e-05 0)
(0.0118569 6.24896e-05 0)
(0.0116137 6.80856e-05 0)
(0.0113112 7.03305e-05 0)
(0.0109595 6.97705e-05 0)
(0.0105694 6.71015e-05 0)
(0.010151 6.30997e-05 0)
(0.00971439 5.85273e-05 0)
(0.00926897 5.40263e-05 0)
(0.00882324 5.00236e-05 0)
(0.00838475 4.66751e-05 0)
(0.00795993 4.3874e-05 0)
(0.00755395 4.13273e-05 0)
(0.00717068 3.86811e-05 0)
(0.00681266 3.56511e-05 0)
(0.00648124 3.2116e-05 0)
(0.0061768 2.81479e-05 0)
(0.00589903 2.39823e-05 0)
(0.00564713 1.99464e-05 0)
(0.00541998 1.63724e-05 0)
(0.00521617 1.35192e-05 0)
(0.00503404 1.15217e-05 0)
(0.00487169 1.03779e-05 0)
(0.00472704 9.97649e-06 0)
(0.00459795 1.01488e-05 0)
(0.00448234 1.0725e-05 0)
(0.00437828 1.15723e-05 0)
(0.00428405 1.26061e-05 0)
(0.00419828 1.37776e-05 0)
(0.00411997 1.50501e-05 0)
(0.00404857 1.63753e-05 0)
(0.00398402 1.76789e-05 0)
(0.00392672 1.88568e-05 0)
(0.00387756 1.97809e-05 0)
(0.00383782 2.03102e-05 0)
(0.00380915 2.03049e-05 0)
(0.00379345 1.96395e-05 0)
(0.00379276 1.82134e-05 0)
(0.00380919 1.59599e-05 0)
(0.00384477 1.28509e-05 0)
(0.00390135 8.89911e-06 0)
(0.00398053 4.15785e-06 0)
(0.00408352 -1.28174e-06 0)
(0.00421109 -7.29494e-06 0)
(0.00436352 -1.37292e-05 0)
(0.00454054 -2.04108e-05 0)
(0.00474131 -2.71525e-05 0)
(0.0049644 -3.37608e-05 0)
(0.00520786 -4.00446e-05 0)
(0.00546919 -4.58224e-05 0)
(0.00574542 -5.093e-05 0)
(0.0060332 -5.52274e-05 0)
(0.00632884 -5.86043e-05 0)
(0.00662845 -6.09846e-05 0)
(0.00692802 -6.23291e-05 0)
(0.00722357 -6.26368e-05 0)
(0.00751123 -6.1943e-05 0)
(0.00778737 -6.03167e-05 0)
(0.00804876 -5.78555e-05 0)
(0.00829257 -5.46787e-05 0)
(0.00851655 -5.09206e-05 0)
(0.00871901 -4.67224e-05 0)
(0.00889889 -4.22257e-05 0)
(0.00905574 -3.7566e-05 0)
(0.00918969 -3.28684e-05 0)
(0.00930143 -2.82445e-05 0)
(0.00939212 -2.37903e-05 0)
(0.0094633 -1.95855e-05 0)
(0.0095168 -1.56937e-05 0)
(0.00955467 -1.21628e-05 0)
(0.00957906 -9.02576e-06 0)
(0.00959218 -6.30151e-06 0)
(0.00959617 -3.9965e-06 0)
(0.00959312 -2.10602e-06 0)
(0.00958495 -6.15925e-07 0)
(0.00957342 4.95603e-07 0)
(0.00956011 1.25632e-06 0)
(0.00954638 1.69841e-06 0)
(0.00953337 1.85719e-06 0)
(0.00952203 1.77018e-06 0)
(0.00951307 1.4763e-06 0)
(0.00950703 1.01527e-06 0)
(0.00950423 4.27034e-07 0)
(0.00950483 -2.48864e-07 0)
(0.00950883 -9.74012e-07 0)
(0.00951607 -1.71194e-06 0)
(0.00952629 -2.42896e-06 0)
(0.00953914 -3.09505e-06 0)
(0.00955417 -3.68464e-06 0)
(0.0095709 -4.1772e-06 0)
(0.00958882 -4.55772e-06 0)
(0.0096074 -4.81691e-06 0)
(0.00962616 -4.95114e-06 0)
(0.00964462 -4.96219e-06 0)
(0.00966236 -4.8567e-06 0)
(0.00967903 -4.64558e-06 0)
(0.00969432 -4.34308e-06 0)
(0.00970802 -3.96595e-06 0)
(0.00971999 -3.53248e-06 0)
(0.00973013 -3.06154e-06 0)
(0.00973845 -2.57172e-06 0)
(0.00974498 -2.08054e-06 0)
(0.00974983 -1.60378e-06 0)
(0.00975314 -1.15497e-06 0)
(0.00975506 -7.45078e-07 0)
(0.0097558 -3.82254e-07 0)
(0.00975555 -7.18482e-08 0)
(0.00975451 1.83504e-07 0)
(0.00975287 3.83655e-07 0)
(0.00975082 5.30625e-07 0)
(0.00974852 6.28222e-07 0)
(0.00974611 6.81621e-07 0)
(0.00974371 6.96935e-07 0)
(0.00974142 6.80804e-07 0)
(0.0097393 6.40012e-07 0)
(0.0097374 5.8116e-07 0)
(0.00973577 5.10401e-07 0)
(0.0097344 4.33238e-07 0)
(0.0097333 3.54383e-07 0)
(0.00973246 2.7769e-07 0)
(0.00973185 2.06136e-07 0)
(0.00973144 1.41833e-07 0)
(0.00973121 8.61543e-08 0)
(0.00973113 3.96281e-08 0)
(0.00973115 2.5946e-09 0)
(0.00973127 -2.62332e-08 0)
(0.00973144 -4.58053e-08 0)
(0.00973164 -6.13066e-08 0)
(0.0097319 -6.90526e-08 0)
(0.00973207 -6.89497e-08 0)
(0.00973245 -1.16442e-07 0)
(-8.22536e-05 0.000132614 0)
(-0.000574531 0.000370745 0)
(-0.00129344 0.000508694 0)
(-0.00206054 0.000553498 0)
(-0.00283583 0.00057585 0)
(-0.00360363 0.00057922 0)
(-0.00435114 0.000581451 0)
(-0.00508255 0.000578141 0)
(-0.00579215 0.000574183 0)
(-0.00648407 0.000569036 0)
(-0.0071578 0.000564965 0)
(-0.0078172 0.00056262 0)
(-0.00846443 0.000563141 0)
(-0.00910308 0.000567097 0)
(-0.00973591 0.000574963 0)
(-0.0103656 0.000586876 0)
(-0.010994 0.000602709 0)
(-0.011622 0.000621997 0)
(-0.0122492 0.000643942 0)
(-0.0128738 0.00066739 0)
(-0.0134923 0.000690852 0)
(-0.0140994 0.000712535 0)
(-0.0146883 0.000730407 0)
(-0.0152505 0.000742282 0)
(-0.015776 0.000745926 0)
(-0.0162537 0.000739182 0)
(-0.0166719 0.000720086 0)
(-0.0170182 0.000686979 0)
(-0.0172803 0.000638603 0)
(-0.0174463 0.000574161 0)
(-0.0175051 0.000493351 0)
(-0.0174463 0.000396371 0)
(-0.017261 0.000283893 0)
(-0.0169416 0.000157021 0)
(-0.0164821 1.72285e-05 0)
(-0.0158781 -0.000133701 0)
(-0.015127 -0.000293741 0)
(-0.0142275 -0.000460682 0)
(-0.0131805 -0.000632186 0)
(-0.0119882 -0.000805837 0)
(-0.0106544 -0.000979178 0)
(-0.00918455 -0.00114975 0)
(-0.00758556 -0.0013151 0)
(-0.00586575 -0.00147286 0)
(-0.00403479 -0.00162071 0)
(-0.00210367 -0.00175643 0)
(-8.45729e-05 -0.00187791 0)
(0.00200918 -0.00198322 0)
(0.00416323 -0.00207055 0)
(0.0063623 -0.00213835 0)
(0.00859028 -0.00218526 0)
(0.0108304 -0.00221022 0)
(0.0130655 -0.00221248 0)
(0.0152779 -0.00219161 0)
(0.01745 -0.00214759 0)
(0.0195642 -0.00208078 0)
(0.0216032 -0.00199194 0)
(0.0235506 -0.00188227 0)
(0.0253903 -0.00175335 0)
(0.0271077 -0.00160717 0)
(0.0286892 -0.00144604 0)
(0.0301228 -0.00127257 0)
(0.031398 -0.00108959 0)
(0.0325059 -0.000900111 0)
(0.0334396 -0.000707245 0)
(0.034194 -0.000514133 0)
(0.0347658 -0.000323886 0)
(0.0351537 -0.000139528 0)
(0.0353581 3.60586e-05 0)
(0.0353817 0.000200185 0)
(0.0352289 0.000350408 0)
(0.034906 0.000484576 0)
(0.0344217 0.000600889 0)
(0.0337865 0.000697948 0)
(0.0330133 0.000774818 0)
(0.032117 0.000831086 0)
(0.0311146 0.000866918 0)
(0.0300252 0.000883112 0)
(0.0288693 0.00088113 0)
(0.0276685 0.000863105 0)
(0.0264445 0.000831774 0)
(0.0252188 0.00079032 0)
(0.024011 0.000742089 0)
(0.022839 0.000690221 0)
(0.0217175 0.000637288 0)
(0.0206583 0.000585058 0)
(0.0196698 0.000534497 0)
(0.0187575 0.00048598 0)
(0.0179234 0.000439626 0)
(0.0171675 0.000395578 0)
(0.0164874 0.000354129 0)
(0.0158796 0.000315689 0)
(0.0153396 0.000280674 0)
(0.0148625 0.000249367 0)
(0.0144434 0.000221838 0)
(0.0140777 0.000197898 0)
(0.0137611 0.000177101 0)
(0.0134899 0.000158778 0)
(0.013261 0.000142091 0)
(0.0130724 0.000126103 0)
(0.0129225 0.000109855 0)
(0.012811 9.24345e-05 0)
(0.0127382 7.30327e-05 0)
(0.012705 5.0982e-05 0)
(0.0127129 2.57848e-05 0)
(0.0127637 -2.87056e-06 0)
(0.0128593 -3.51027e-05 0)
(0.0130013 -7.08355e-05 0)
(0.0131914 -0.000109804 0)
(0.0134306 -0.000151567 0)
(0.0137196 -0.000195522 0)
(0.0140584 -0.000240929 0)
(0.014446 -0.000286938 0)
(0.0148809 -0.000332613 0)
(0.0153608 -0.000376969 0)
(0.0158825 -0.000418998 0)
(0.016442 -0.000457706 0)
(0.0170346 -0.00049214 0)
(0.0176547 -0.000521424 0)
(0.0182964 -0.000544786 0)
(0.0189532 -0.000561588 0)
(0.0196179 -0.000571354 0)
(0.0202834 -0.000573789 0)
(0.0209423 -0.000568804 0)
(0.0215872 -0.000556519 0)
(0.0222111 -0.000537273 0)
(0.0228073 -0.000511616 0)
(0.0233696 -0.000480292 0)
(0.0238926 -0.000444217 0)
(0.0243718 -0.000404434 0)
(0.0248039 -0.000362077 0)
(0.0251864 -0.000318315 0)
(0.0255182 -0.0002743 0)
(0.0257993 -0.000231118 0)
(0.0260309 -0.000189743 0)
(0.0262154 -0.000151004 0)
(0.0263558 -0.000115559 0)
(0.0264562 -8.38868e-05 0)
(0.026521 -5.62877e-05 0)
(0.0265554 -3.28959e-05 0)
(0.0265643 -1.36989e-05 0)
(0.026553 1.4387e-06 0)
(0.0265265 1.27498e-05 0)
(0.0264894 2.05406e-05 0)
(0.0264461 2.51689e-05 0)
(0.0264002 2.70252e-05 0)
(0.0263551 2.65179e-05 0)
(0.0263134 2.40603e-05 0)
(0.0262771 2.00609e-05 0)
(0.0262479 1.49152e-05 0)
(0.0262267 8.99816e-06 0)
(0.026214 2.65872e-06 0)
(0.02621 -3.786e-06 0)
(0.0262144 -1.00551e-05 0)
(0.0262267 -1.59075e-05 0)
(0.0262459 -2.11451e-05 0)
(0.0262711 -2.5614e-05 0)
(0.0263012 -2.92054e-05 0)
(0.0263348 -3.18548e-05 0)
(0.0263709 -3.35397e-05 0)
(0.0264082 -3.42765e-05 0)
(0.0264455 -3.41163e-05 0)
(0.0264819 -3.31392e-05 0)
(0.0265164 -3.14484e-05 0)
(0.0265485 -2.91642e-05 0)
(0.0265774 -2.64169e-05 0)
(0.0266029 -2.33409e-05 0)
(0.0266247 -2.00685e-05 0)
(0.0266428 -1.67248e-05 0)
(0.0266571 -1.34236e-05 0)
(0.0266679 -1.02636e-05 0)
(0.0266755 -7.32631e-06 0)
(0.0266801 -4.67475e-06 0)
(0.0266823 -2.35304e-06 0)
(0.0266823 -3.8705e-07 0)
(0.0266806 1.21429e-06 0)
(0.0266776 2.45702e-06 0)
(0.0266738 3.35981e-06 0)
(0.0266693 3.95135e-06 0)
(0.0266646 4.26761e-06 0)
(0.0266599 4.34922e-06 0)
(0.0266553 4.23899e-06 0)
(0.0266511 3.97971e-06 0)
(0.0266473 3.61232e-06 0)
(0.0266439 3.17446e-06 0)
(0.0266412 2.69939e-06 0)
(0.0266389 2.21535e-06 0)
(0.0266372 1.74525e-06 0)
(0.0266359 1.30662e-06 0)
(0.026635 9.11937e-07 0)
(0.0266345 5.69007e-07 0)
(0.0266343 2.8164e-07 0)
(0.0266343 5.00006e-08 0)
(0.0266344 -1.27665e-07 0)
(0.0266347 -2.57868e-07 0)
(0.0266351 -3.40952e-07 0)
(0.0266356 -3.98023e-07 0)
(0.026636 -4.108e-07 0)
(0.0266364 -4.13173e-07 0)
(0.0266369 -4.63657e-07 0)
(-0.000178244 0.000636899 0)
(-0.00103753 0.00123749 0)
(-0.00215666 0.00151614 0)
(-0.00329197 0.00156208 0)
(-0.00438329 0.00156413 0)
(-0.00542116 0.00152915 0)
(-0.00639006 0.00149573 0)
(-0.00730185 0.00145626 0)
(-0.00815386 0.0014194 0)
(-0.0089552 0.00138418 0)
(-0.00970816 0.00135369 0)
(-0.0104186 0.0013285 0)
(-0.0110896 0.00130959 0)
(-0.0117244 0.00129696 0)
(-0.0123248 0.00129028 0)
(-0.0128915 0.00128855 0)
(-0.0134239 0.00129025 0)
(-0.0139202 0.00129334 0)
(-0.014377 0.00129528 0)
(-0.0147894 0.00129312 0)
(-0.0151512 0.00128365 0)
(-0.0154552 0.0012635 0)
(-0.015693 0.0012293 0)
(-0.0158555 0.00117788 0)
(-0.0159332 0.0011064 0)
(-0.0159166 0.00101248 0)
(-0.0157962 0.00089433 0)
(-0.0155632 0.000750833 0)
(-0.0152095 0.000581554 0)
(-0.0147278 0.000386754 0)
(-0.0141119 0.000167363 0)
(-0.013357 -7.50846e-05 0)
(-0.0124594 -0.000338515 0)
(-0.0114165 -0.000620399 0)
(-0.0102274 -0.000917834 0)
(-0.00889218 -0.00122762 0)
(-0.00741228 -0.00154635 0)
(-0.00579038 -0.00187043 0)
(-0.00403038 -0.00219617 0)
(-0.00213738 -0.00251983 0)
(-0.000117644 -0.00283762 0)
(0.00202139 -0.00314579 0)
(0.00427115 -0.00344059 0)
(0.00662198 -0.00371836 0)
(0.00906312 -0.00397553 0)
(0.0115828 -0.00420866 0)
(0.0141681 -0.00441446 0)
(0.0168054 -0.00458985 0)
(0.0194801 -0.00473198 0)
(0.0221768 -0.00483831 0)
(0.0248794 -0.00490665 0)
(0.0275713 -0.00493524 0)
(0.0302357 -0.0049228 0)
(0.0328553 -0.00486858 0)
(0.0354132 -0.00477247 0)
(0.0378925 -0.00463495 0)
(0.040277 -0.00445721 0)
(0.0425513 -0.00424107 0)
(0.0447007 -0.00398904 0)
(0.0467119 -0.00370419 0)
(0.0485729 -0.00339013 0)
(0.0502731 -0.0030509 0)
(0.0518034 -0.00269089 0)
(0.0531562 -0.0023147 0)
(0.0543255 -0.00192703 0)
(0.0553067 -0.00153262 0)
(0.0560963 -0.00113613 0)
(0.0566922 -0.000742078 0)
(0.0570933 -0.000354826 0)
(0.0572995 2.1463e-05 0)
(0.0573117 0.000382823 0)
(0.0571316 0.00072547 0)
(0.0567619 0.00104578 0)
(0.0562062 0.00134029 0)
(0.0554695 0.00160565 0)
(0.0545581 0.00183867 0)
(0.0534799 0.00203637 0)
(0.0522451 0.00219607 0)
(0.050866 0.00231558 0)
(0.049358 0.00239346 0)
(0.0477392 0.00242928 0)
(0.0460308 0.00242395 0)
(0.0442569 0.00237988 0)
(0.042444 0.00230107 0)
(0.0406201 0.00219289 0)
(0.0388134 0.00206179 0)
(0.0370512 0.00191476 0)
(0.0353579 0.00175877 0)
(0.0337542 0.00160021 0)
(0.0322561 0.00144441 0)
(0.0308745 0.00129528 0)
(0.0296158 0.00115528 0)
(0.0284821 0.00102555 0)
(0.0274717 0.000906218 0)
(0.0265808 0.000796807 0)
(0.0258037 0.000696451 0)
(0.0251338 0.000604067 0)
(0.0245644 0.000518391 0)
(0.0240891 0.000437978 0)
(0.0237023 0.000361227 0)
(0.0233988 0.000286446 0)
(0.0231748 0.000211955 0)
(0.023027 0.000136199 0)
(0.022953 5.78584e-05 0)
(0.022951 -2.40743e-05 0)
(0.0230195 -0.000110236 0)
(0.0231574 -0.000200868 0)
(0.0233636 -0.00029582 0)
(0.0236371 -0.000394565 0)
(0.0239765 -0.000496241 0)
(0.0243801 -0.000599688 0)
(0.0248457 -0.000703511 0)
(0.0253705 -0.000806123 0)
(0.0259512 -0.00090581 0)
(0.0265838 -0.00100078 0)
(0.0272637 -0.00108922 0)
(0.0279856 -0.00116935 0)
(0.0287435 -0.00123946 0)
(0.029531 -0.00129798 0)
(0.0303411 -0.00134353 0)
(0.0311664 -0.00137493 0)
(0.031999 -0.00139131 0)
(0.0328311 -0.00139209 0)
(0.0336545 -0.00137703 0)
(0.0344611 -0.00134631 0)
(0.0352432 -0.00130046 0)
(0.0359932 -0.00124044 0)
(0.0367041 -0.0011676 0)
(0.0373697 -0.00108364 0)
(0.0379845 -0.000990566 0)
(0.0385441 -0.000890654 0)
(0.039045 -0.000786339 0)
(0.0394852 -0.000680134 0)
(0.0398635 -0.000574536 0)
(0.0401804 -0.000471923 0)
(0.0404375 -0.000374464 0)
(0.0406374 -0.000284036 0)
(0.040784 -0.000202162 0)
(0.040882 -0.000129969 0)
(0.0409368 -6.81719e-05 0)
(0.0409544 -1.70765e-05 0)
(0.0409412 2.3389e-05 0)
(0.0409035 5.363e-05 0)
(0.0408477 7.43281e-05 0)
(0.0407798 8.63771e-05 0)
(0.0407052 9.08197e-05 0)
(0.0406289 8.8788e-05 0)
(0.0405552 8.14506e-05 0)
(0.0404875 6.99698e-05 0)
(0.0404286 5.54658e-05 0)
(0.0403803 3.89906e-05 0)
(0.0403441 2.15071e-05 0)
(0.0403203 3.87503e-06 0)
(0.040309 -1.31596e-05 0)
(0.0403097 -2.89714e-05 0)
(0.0403214 -4.30588e-05 0)
(0.0403428 -5.50452e-05 0)
(0.0403725 -6.46767e-05 0)
(0.0404087 -7.18164e-05 0)
(0.0404498 -7.64374e-05 0)
(0.040494 -7.86115e-05 0)
(0.0405397 -7.84962e-05 0)
(0.0405853 -7.63199e-05 0)
(0.0406296 -7.23653e-05 0)
(0.0406713 -6.69525e-05 0)
(0.0407095 -6.0422e-05 0)
(0.0407437 -5.3118e-05 0)
(0.0407732 -4.53745e-05 0)
(0.040798 -3.75017e-05 0)
(0.0408179 -2.97765e-05 0)
(0.0408332 -2.24344e-05 0)
(0.0408441 -1.5665e-05 0)
(0.0408511 -9.61003e-06 0)
(0.0408546 -4.36365e-06 0)
(0.0408551 2.48707e-08 0)
(0.0408534 3.54677e-06 0)
(0.0408498 6.22824e-06 0)
(0.0408449 8.12394e-06 0)
(0.0408392 9.31021e-06 0)
(0.040833 9.87833e-06 0)
(0.0408268 9.92808e-06 0)
(0.0408208 9.562e-06 0)
(0.0408153 8.88045e-06 0)
(0.0408103 7.97757e-06 0)
(0.0408059 6.93833e-06 0)
(0.0408023 5.83641e-06 0)
(0.0407993 4.73314e-06 0)
(0.040797 3.67707e-06 0)
(0.0407954 2.70437e-06 0)
(0.0407942 1.8397e-06 0)
(0.0407936 1.0974e-06 0)
(0.0407933 4.83034e-07 0)
(0.0407933 -5.01401e-09 0)
(0.0407936 -3.73861e-07 0)
(0.040794 -6.35486e-07 0)
(0.0407945 -8.01017e-07 0)
(0.0407951 -8.96325e-07 0)
(0.0407956 -9.12514e-07 0)
(0.0407962 -9.09178e-07 0)
(0.0407968 -8.95751e-07 0)
(-0.000306956 0.00125138 0)
(-0.00152153 0.00229547 0)
(-0.00287887 0.00270573 0)
(-0.00415112 0.00272477 0)
(-0.00525708 0.00266494 0)
(-0.00624637 0.00254931 0)
(-0.00710448 0.0024357 0)
(-0.00786459 0.00231854 0)
(-0.00852749 0.00220959 0)
(-0.00910914 0.00210799 0)
(-0.00961375 0.00201633 0)
(-0.0100489 0.00193423 0)
(-0.0104178 0.00186143 0)
(-0.0107233 0.00179669 0)
(-0.0109664 0.00173835 0)
(-0.0111468 0.00168413 0)
(-0.011263 0.00163129 0)
(-0.0113125 0.00157659 0)
(-0.0112916 0.00151645 0)
(-0.0111958 0.00144704 0)
(-0.01102 0.0013644 0)
(-0.0107585 0.00126465 0)
(-0.0104055 0.00114411 0)
(-0.00995485 0.000999503 0)
(-0.00940074 0.000828078 0)
(-0.00873756 0.000627728 0)
(-0.0079602 0.000397077 0)
(-0.00706412 0.000135524 0)
(-0.00604552 -0.000156748 0)
(-0.00490135 -0.000478798 0)
(-0.0036294 -0.000828972 0)
(-0.0022283 -0.00120497 0)
(-0.000697579 -0.00160394 0)
(0.000962383 -0.00202254 0)
(0.0027503 -0.00245703 0)
(0.004664 -0.00290334 0)
(0.00670038 -0.00335715 0)
(0.00885545 -0.00381394 0)
(0.0111242 -0.00426904 0)
(0.0135009 -0.00471765 0)
(0.0159784 -0.00515493 0)
(0.0185489 -0.005576 0)
(0.0212035 -0.00597596 0)
(0.0239322 -0.00634999 0)
(0.026724 -0.00669331 0)
(0.0295669 -0.00700131 0)
(0.032448 -0.00726951 0)
(0.0353533 -0.00749371 0)
(0.0382683 -0.00766999 0)
(0.0411775 -0.00779484 0)
(0.0440648 -0.00786521 0)
(0.046914 -0.00787867 0)
(0.0497084 -0.00783344 0)
(0.0524314 -0.00772856 0)
(0.055067 -0.0075639 0)
(0.0575995 -0.00734032 0)
(0.0600143 -0.00705958 0)
(0.0622979 -0.00672447 0)
(0.0644384 -0.00633866 0)
(0.0664253 -0.00590666 0)
(0.0682501 -0.00543371 0)
(0.0699058 -0.00492558 0)
(0.0713874 -0.00438844 0)
(0.0726915 -0.00382864 0)
(0.0738162 -0.00325257 0)
(0.0747609 -0.00266648 0)
(0.0755261 -0.00207638 0)
(0.0761131 -0.00148793 0)
(0.0765236 -0.000906412 0)
(0.0767599 -0.00033668 0)
(0.0768242 0.000216779 0)
(0.0767189 0.000749817 0)
(0.0764464 0.00125856 0)
(0.0760087 0.00173934 0)
(0.075408 0.0021886 0)
(0.0746463 0.00260282 0)
(0.073726 0.00297852 0)
(0.0726495 0.00331218 0)
(0.0714202 0.00360031 0)
(0.0700423 0.00383954 0)
(0.0685217 0.00402676 0)
(0.066866 0.00415931 0)
(0.0650857 0.00423529 0)
(0.0631941 0.00425383 0)
(0.0612082 0.00421536 0)
(0.0591486 0.00412197 0)
(0.0570396 0.00397757 0)
(0.0549086 0.00378802 0)
(0.0527849 0.00356103 0)
(0.0506987 0.00330568 0)
(0.0486795 0.00303185 0)
(0.0467542 0.00274928 0)
(0.044946 0.0024668 0)
(0.043273 0.00219163 0)
(0.041748 0.00192897 0)
(0.0403785 0.00168189 0)
(0.0391671 0.00145147 0)
(0.0381123 0.00123718 0)
(0.0372099 0.0010373 0)
(0.0364536 0.000849388 0)
(0.0358358 0.000670661 0)
(0.0353486 0.000498345 0)
(0.0349844 0.000329896 0)
(0.0347355 0.000163157 0)
(0.0345951 -3.54474e-06 0)
(0.0345571 -0.000171353 0)
(0.0346156 -0.00034086 0)
(0.0347654 -0.000512113 0)
(0.0350015 -0.000684646 0)
(0.035319 -0.000857518 0)
(0.0357131 -0.00102938 0)
(0.036179 -0.00119852 0)
(0.0367116 -0.00136296 0)
(0.0373054 -0.00152053 0)
(0.0379548 -0.00166892 0)
(0.0386537 -0.00180576 0)
(0.0393957 -0.00192872 0)
(0.040174 -0.00203555 0)
(0.0409812 -0.00212416 0)
(0.04181 -0.00219268 0)
(0.0426526 -0.00223955 0)
(0.0435009 -0.00226356 0)
(0.0443469 -0.00226392 0)
(0.0451826 -0.00224031 0)
(0.046 -0.00219294 0)
(0.0467915 -0.00212256 0)
(0.04755 -0.00203045 0)
(0.0482688 -0.00191848 0)
(0.0489419 -0.001789 0)
(0.0495643 -0.00164482 0)
(0.0501318 -0.00148915 0)
(0.0506412 -0.00132546 0)
(0.0510907 -0.00115736 0)
(0.0514791 -0.000988535 0)
(0.0518068 -0.00082254 0)
(0.052075 -0.00066273 0)
(0.0522861 -0.000512126 0)
(0.0524431 -0.000373327 0)
(0.0525501 -0.000248437 0)
(0.0526119 -0.000139011 0)
(0.0526338 -4.60427e-05 0)
(0.0526213 3.00436e-05 0)
(0.0525804 8.93597e-05 0)
(0.052517 0.000132509 0)
(0.0524371 0.000160523 0)
(0.0523462 0.000174783 0)
(0.0522497 0.000176934 0)
(0.0521524 0.000168802 0)
(0.0520585 0.000152308 0)
(0.0519715 0.00012939 0)
(0.0518942 0.000101934 0)
(0.0518288 7.17209e-05 0)
(0.0517767 4.03787e-05 0)
(0.0517385 9.35077e-06 0)
(0.0517144 -2.01275e-05 0)
(0.0517039 -4.70415e-05 0)
(0.0517061 -7.06034e-05 0)
(0.0517197 -9.02497e-05 0)
(0.0517432 -0.000105634 0)
(0.0517747 -0.000116614 0)
(0.0518124 -0.000123231 0)
(0.0518544 -0.000125694 0)
(0.0518989 -0.000124345 0)
(0.0519441 -0.000119639 0)
(0.0519886 -0.00011211 0)
(0.0520309 -0.000102341 0)
(0.0520701 -9.0936e-05 0)
(0.0521052 -7.84904e-05 0)
(0.0521358 -6.55684e-05 0)
(0.0521614 -5.26818e-05 0)
(0.0521821 -4.02737e-05 0)
(0.0521979 -2.87087e-05 0)
(0.0522091 -1.82665e-05 0)
(0.0522161 -9.14142e-06 0)
(0.0522195 -1.44591e-06 0)
(0.0522198 4.7828e-06 0)
(0.0522176 9.57278e-06 0)
(0.0522136 1.3006e-05 0)
(0.0522082 1.52061e-05 0)
(0.052202 1.63257e-05 0)
(0.0521954 1.6535e-05 0)
(0.0521888 1.60106e-05 0)
(0.0521825 1.49266e-05 0)
(0.0521767 1.3447e-05 0)
(0.0521715 1.17205e-05 0)
(0.0521671 9.87584e-06 0)
(0.0521634 8.02057e-06 0)
(0.0521605 6.23981e-06 0)
(0.0521583 4.59697e-06 0)
(0.0521568 3.13531e-06 0)
(0.0521558 1.88011e-06 0)
(0.0521553 8.41365e-07 0)
(0.0521551 1.65826e-08 0)
(0.0521553 -6.06287e-07 0)
(0.0521557 -1.04634e-06 0)
(0.0521562 -1.3265e-06 0)
(0.0521568 -1.47641e-06 0)
(0.0521574 -1.50932e-06 0)
(0.052158 -1.49197e-06 0)
(0.0521586 -1.39205e-06 0)
(-0.00040833 0.0024685 0)
(-0.00173251 0.00378694 0)
(-0.00300932 0.00413284 0)
(-0.00407781 0.00388882 0)
(-0.00485603 0.00362632 0)
(-0.00545472 0.00333553 0)
(-0.00586974 0.00308421 0)
(-0.00615963 0.00285182 0)
(-0.00633204 0.0026439 0)
(-0.00641136 0.00245449 0)
(-0.00640388 0.00228239 0)
(-0.00631908 0.00212477 0)
(-0.00615994 0.00197928 0)
(-0.00592932 0.00184318 0)
(-0.00562738 0.00171346 0)
(-0.00525365 0.00158683 0)
(-0.00480633 0.00145964 0)
(-0.00428308 0.00132797 0)
(-0.00368088 0.00118771 0)
(-0.0029964 0.00103463 0)
(-0.00222605 0.000864544 0)
(-0.00136619 0.000673461 0)
(-0.000413209 0.000457738 0)
(0.000636299 0.000214223 0)
(0.00178549 -5.9618e-05 0)
(0.00303714 -0.000365603 0)
(0.00439366 -0.00070477 0)
(0.00585693 -0.00107735 0)
(0.00742837 -0.00148276 0)
(0.00910885 -0.00191965 0)
(0.0108987 -0.00238594 0)
(0.0127975 -0.00287886 0)
(0.0148045 -0.00339509 0)
(0.0169181 -0.00393074 0)
(0.019136 -0.00448152 0)
(0.0214551 -0.00504272 0)
(0.0238718 -0.00560932 0)
(0.0263813 -0.00617604 0)
(0.0289781 -0.00673733 0)
(0.0316558 -0.00728751 0)
(0.0344068 -0.00782069 0)
(0.0372228 -0.00833091 0)
(0.040094 -0.00881216 0)
(0.0430098 -0.00925838 0)
(0.0459585 -0.00966363 0)
(0.0489272 -0.010022 0)
(0.0519023 -0.0103279 0)
(0.0548689 -0.010576 0)
(0.0578117 -0.0107612 0)
(0.0607146 -0.0108791 0)
(0.0635611 -0.0109258 0)
(0.0663347 -0.0108984 0)
(0.069019 -0.0107947 0)
(0.0715981 -0.0106139 0)
(0.074057 -0.0103561 0)
(0.0763823 -0.010023 0)
(0.0785619 -0.00961751 0)
(0.0805859 -0.00914379 0)
(0.0824466 -0.0086073 0)
(0.0841386 -0.00801453 0)
(0.0856589 -0.00737281 0)
(0.0870068 -0.00669005 0)
(0.0881834 -0.00597449 0)
(0.0891918 -0.00523438 0)
(0.0900363 -0.00447778 0)
(0.0907222 -0.00371231 0)
(0.0912556 -0.00294504 0)
(0.0916424 -0.00218237 0)
(0.0918889 -0.00142999 0)
(0.0920005 -0.000692918 0)
(0.0919823 2.44629e-05 0)
(0.0918385 0.000718279 0)
(0.0915725 0.00138506 0)
(0.0911869 0.00202159 0)
(0.0906832 0.00262481 0)
(0.0900622 0.00319164 0)
(0.089324 0.00371893 0)
(0.0884683 0.00420337 0)
(0.0874942 0.00464148 0)
(0.0864009 0.00502962 0)
(0.0851875 0.00536411 0)
(0.083854 0.0056413 0)
(0.082401 0.00585782 0)
(0.0808308 0.00601074 0)
(0.0791473 0.00609778 0)
(0.0773571 0.00611763 0)
(0.0754696 0.00607013 0)
(0.0734974 0.00595657 0)
(0.071457 0.00577991 0)
(0.0693683 0.00554491 0)
(0.0672547 0.00525809 0)
(0.0651426 0.00492761 0)
(0.0630598 0.00456285 0)
(0.0610349 0.00417393 0)
(0.0590951 0.00377099 0)
(0.0572655 0.00336355 0)
(0.055567 0.0029598 0)
(0.0540165 0.00256615 0)
(0.0526253 0.00218693 0)
(0.0514001 0.00182443 0)
(0.0503432 0.00147911 0)
(0.0494526 0.00115002 0)
(0.0487237 0.000835315 0)
(0.0481496 0.000532705 0)
(0.0477222 0.000239898 0)
(0.0474325 -4.50846e-05 0)
(0.0472712 -0.000323696 0)
(0.0472292 -0.000596753 0)
(0.0472976 -0.000864399 0)
(0.0474675 -0.00112613 0)
(0.0477308 -0.00138086 0)
(0.0480791 -0.001627 0)
(0.0485046 -0.00186254 0)
(0.0489993 -0.00208518 0)
(0.0495553 -0.00229239 0)
(0.0501647 -0.00248155 0)
(0.0508195 -0.00265 0)
(0.0515115 -0.00279515 0)
(0.0522324 -0.00291459 0)
(0.0529739 -0.00300615 0)
(0.0537275 -0.00306803 0)
(0.0544848 -0.00309883 0)
(0.0552373 -0.00309768 0)
(0.0559771 -0.00306431 0)
(0.056696 -0.00299908 0)
(0.0573869 -0.00290305 0)
(0.0580427 -0.00277798 0)
(0.0586574 -0.00262633 0)
(0.0592256 -0.00245123 0)
(0.059743 -0.0022564 0)
(0.0602062 -0.00204603 0)
(0.0606131 -0.00182468 0)
(0.0609626 -0.00159711 0)
(0.0612545 -0.00136811 0)
(0.0614901 -0.00114237 0)
(0.0616713 -0.000924267 0)
(0.0618011 -0.000717781 0)
(0.0618833 -0.00052634 0)
(0.0619222 -0.000352748 0)
(0.0619225 -0.00019913 0)
(0.0618895 -6.69056e-05 0)
(0.0618283 4.3196e-05 0)
(0.0617442 0.000131108 0)
(0.0616426 0.000197369 0)
(0.0615284 0.000243054 0)
(0.0614063 0.000269692 0)
(0.0612807 0.000279184 0)
(0.0611557 0.000273706 0)
(0.0610346 0.000255624 0)
(0.0609207 0.000227402 0)
(0.0608163 0.000191523 0)
(0.0607235 0.000150407 0)
(0.0606438 0.000106346 0)
(0.060578 6.14462e-05 0)
(0.0605265 1.75779e-05 0)
(0.0604894 -2.36557e-05 0)
(0.060466 -6.09437e-05 0)
(0.0604556 -9.32786e-05 0)
(0.0604569 -0.000119957 0)
(0.0604684 -0.000140573 0)
(0.0604886 -0.000154995 0)
(0.0605156 -0.000163346 0)
(0.0605478 -0.000165971 0)
(0.0605835 -0.000163397 0)
(0.0606208 -0.000156296 0)
(0.0606584 -0.00014544 0)
(0.060695 -0.000131661 0)
(0.0607293 -0.000115811 0)
(0.0607606 -9.87178e-05 0)
(0.0607882 -8.11584e-05 0)
(0.0608117 -6.38277e-05 0)
(0.0608308 -4.73191e-05 0)
(0.0608457 -3.21105e-05 0)
(0.0608565 -1.85584e-05 0)
(0.0608636 -6.898e-06 0)
(0.0608672 2.75003e-06 0)
(0.0608681 1.03682e-05 0)
(0.0608666 1.60271e-05 0)
(0.0608632 1.98686e-05 0)
(0.0608586 2.20869e-05 0)
(0.0608532 2.29113e-05 0)
(0.0608474 2.2589e-05 0)
(0.0608415 2.13705e-05 0)
(0.0608359 1.94969e-05 0)
(0.0608306 1.71905e-05 0)
(0.060826 1.46478e-05 0)
(0.060822 1.20353e-05 0)
(0.0608187 9.48728e-06 0)
(0.0608161 7.10602e-06 0)
(0.0608142 4.96369e-06 0)
(0.0608128 3.10508e-06 0)
(0.060812 1.5514e-06 0)
(0.0608115 3.04415e-07 0)
(0.0608115 -6.49252e-07 0)
(0.0608117 -1.33423e-06 0)
(0.060812 -1.78211e-06 0)
(0.0608125 -2.03003e-06 0)
(0.0608131 -2.10933e-06 0)
(0.0608136 -2.08859e-06 0)
(0.0608142 -1.90442e-06 0)
(-0.000698826 0.00309628 0)
(-0.0021091 0.00471835 0)
(-0.00257498 0.00494563 0)
(-0.0028088 0.00450065 0)
(-0.0026301 0.00403238 0)
(-0.0023589 0.00356969 0)
(-0.00193214 0.00316919 0)
(-0.00143316 0.00281436 0)
(-0.000851302 0.00250088 0)
(-0.000209951 0.00222014 0)
(0.000491569 0.00196526 0)
(0.00124686 0.00173084 0)
(0.00205654 0.00151165 0)
(0.00292019 0.00130334 0)
(0.00383976 0.00110152 0)
(0.00481731 0.000902036 0)
(0.00585576 0.000700635 0)
(0.00695818 0.000493064 0)
(0.00812786 0.00027502 0)
(0.00936807 4.22573e-05 0)
(0.010682 -0.00020934 0)
(0.0120725 -0.000483631 0)
(0.0135424 -0.000784094 0)
(0.0150939 -0.00111371 0)
(0.0167291 -0.00147484 0)
(0.0184495 -0.00186916 0)
(0.0202562 -0.00229756 0)
(0.0221501 -0.00276016 0)
(0.0241315 -0.00325625 0)
(0.0262001 -0.00378433 0)
(0.0283554 -0.00434213 0)
(0.0305961 -0.00492666 0)
(0.0329205 -0.00553427 0)
(0.0353261 -0.00616071 0)
(0.0378097 -0.00680117 0)
(0.0403675 -0.00745039 0)
(0.0429947 -0.00810266 0)
(0.0456856 -0.00875188 0)
(0.0484336 -0.00939165 0)
(0.051231 -0.0100152 0)
(0.0540691 -0.0106157 0)
(0.056938 -0.0111858 0)
(0.0598266 -0.0117183 0)
(0.0627226 -0.0122058 0)
(0.0656127 -0.0126411 0)
(0.0684824 -0.0130168 0)
(0.0713163 -0.0133262 0)
(0.0740982 -0.0135627 0)
(0.0768112 -0.0137201 0)
(0.0794382 -0.0137932 0)
(0.0819623 -0.0137777 0)
(0.0843668 -0.0136702 0)
(0.0866362 -0.0134689 0)
(0.0887564 -0.0131735 0)
(0.0907155 -0.0127855 0)
(0.092504 -0.0123081 0)
(0.0941155 -0.0117463 0)
(0.0955466 -0.0111069 0)
(0.0967973 -0.0103982 0)
(0.0978708 -0.00962944 0)
(0.0987732 -0.00881089 0)
(0.0995131 -0.00795314 0)
(0.100101 -0.00706677 0)
(0.100549 -0.00616197 0)
(0.100868 -0.00524824 0)
(0.101073 -0.00433415 0)
(0.101174 -0.0034272 0)
(0.101183 -0.00253374 0)
(0.10111 -0.00165905 0)
(0.100963 -0.000807392 0)
(0.10075 1.78512e-05 0)
(0.100475 0.000813971 0)
(0.100142 0.00157876 0)
(0.0997531 0.00231033 0)
(0.099309 0.00300689 0)
(0.0988091 0.00366663 0)
(0.0982513 0.00428757 0)
(0.0976329 0.00486742 0)
(0.0969502 0.00540358 0)
(0.0961988 0.00589306 0)
(0.0953739 0.00633254 0)
(0.0944706 0.00671843 0)
(0.093484 0.00704696 0)
(0.0924097 0.00731437 0)
(0.0912442 0.00751707 0)
(0.0899851 0.00765191 0)
(0.0886316 0.00771638 0)
(0.0871852 0.00770894 0)
(0.0856497 0.00762922 0)
(0.0840322 0.00747831 0)
(0.0823427 0.00725884 0)
(0.0805947 0.00697508 0)
(0.0788049 0.00663288 0)
(0.0769931 0.00623945 0)
(0.0751813 0.00580311 0)
(0.0733933 0.00533292 0)
(0.0716533 0.0048382 0)
(0.0699849 0.00432807 0)
(0.06841 0.00381092 0)
(0.0669478 0.00329411 0)
(0.065614 0.00278359 0)
(0.0644202 0.00228383 0)
(0.063374 0.00179785 0)
(0.062479 0.00132738 0)
(0.0617352 0.00087317 0)
(0.0611395 0.000435278 0)
(0.0606865 1.34546e-05 0)
(0.0603691 -0.000392585 0)
(0.0601788 -0.000782918 0)
(0.0601062 -0.00115725 0)
(0.0601418 -0.00151485 0)
(0.0602756 -0.00185448 0)
(0.0604977 -0.00217449 0)
(0.060798 -0.0024728 0)
(0.0611667 -0.00274707 0)
(0.061594 -0.00299472 0)
(0.0620702 -0.0032131 0)
(0.0625857 -0.00339958 0)
(0.0631309 -0.00355166 0)
(0.0636965 -0.00366712 0)
(0.0642732 -0.00374408 0)
(0.0648519 -0.00378119 0)
(0.0654241 -0.00377767 0)
(0.0659812 -0.00373345 0)
(0.0665157 -0.00364924 0)
(0.0670203 -0.00352656 0)
(0.0674888 -0.00336781 0)
(0.0679155 -0.00317622 0)
(0.0682961 -0.00295581 0)
(0.0686271 -0.00271131 0)
(0.0689063 -0.00244802 0)
(0.0691323 -0.00217165 0)
(0.0693052 -0.00188814 0)
(0.0694259 -0.00160344 0)
(0.0694965 -0.00132334 0)
(0.0695197 -0.00105326 0)
(0.0694994 -0.000798055 0)
(0.0694397 -0.000561915 0)
(0.0693455 -0.000348236 0)
(0.0692221 -0.000159557 0)
(0.0690746 2.46001e-06 0)
(0.0689085 0.000137016 0)
(0.068729 0.000244123 0)
(0.0685412 0.000324528 0)
(0.0683498 0.000379613 0)
(0.068159 0.000411288 0)
(0.0679724 0.000421877 0)
(0.0677934 0.000414005 0)
(0.0676246 0.000390495 0)
(0.0674682 0.000354266 0)
(0.0673257 0.00030825 0)
(0.0671983 0.00025531 0)
(0.0670867 0.000198175 0)
(0.0669911 0.000139376 0)
(0.0669117 8.12009e-05 0)
(0.0668478 2.56513e-05 0)
(0.0667989 -2.55866e-05 0)
(0.066764 -7.11627e-05 0)
(0.0667418 -0.000110073 0)
(0.0667311 -0.000141658 0)
(0.0667304 -0.000165594 0)
(0.0667381 -0.000181867 0)
(0.0667527 -0.00019075 0)
(0.0667725 -0.000192759 0)
(0.066796 -0.000188615 0)
(0.0668218 -0.000179189 0)
(0.0668485 -0.00016546 0)
(0.0668751 -0.000148458 0)
(0.0669005 -0.000129218 0)
(0.066924 -0.000108738 0)
(0.066945 -8.79377e-05 0)
(0.0669631 -6.76281e-05 0)
(0.066978 -4.84903e-05 0)
(0.0669898 -3.10611e-05 0)
(0.0669985 -1.57276e-05 0)
(0.0670044 -2.73096e-06 0)
(0.0670076 7.82449e-06 0)
(0.0670087 1.59552e-05 0)
(0.0670079 2.17793e-05 0)
(0.0670057 2.54945e-05 0)
(0.0670024 2.73558e-05 0)
(0.0669985 2.76536e-05 0)
(0.0669942 2.66935e-05 0)
(0.0669899 2.4779e-05 0)
(0.0669856 2.21971e-05 0)
(0.0669817 1.92074e-05 0)
(0.0669782 1.60352e-05 0)
(0.0669752 1.28667e-05 0)
(0.0669727 9.84839e-06 0)
(0.0669708 7.08749e-06 0)
(0.0669693 4.65527e-06 0)
(0.0669683 2.59113e-06 0)
(0.0669676 9.07659e-07 0)
(0.0669673 -4.03975e-07 0)
(0.0669673 -1.36875e-06 0)
(0.0669674 -2.02253e-06 0)
(0.0669677 -2.40815e-06 0)
(0.0669681 -2.56854e-06 0)
(0.0669685 -2.57022e-06 0)
(0.0669689 -2.33745e-06 0)
(-0.000178637 0.00562354 0)
(-0.000128469 0.00562321 0)
(0.00102679 0.00501606 0)
(0.00223502 0.0039825 0)
(0.00371246 0.0032624 0)
(0.00516253 0.00268805 0)
(0.0066617 0.0022181 0)
(0.00814139 0.00182328 0)
(0.00962125 0.00147561 0)
(0.0110909 0.00116464 0)
(0.0125587 0.000878825 0)
(0.0140274 0.000611911 0)
(0.0155035 0.00035761 0)
(0.0169922 0.000111151 0)
(0.0184996 -0.000132119 0)
(0.0200313 -0.000376435 0)
(0.0215928 -0.000625987 0)
(0.0231893 -0.000884853 0)
(0.0248257 -0.00115706 0)
(0.0265064 -0.00144654 0)
(0.0282355 -0.00175705 0)
(0.0300166 -0.00209207 0)
(0.0318527 -0.00245475 0)
(0.0337462 -0.00284775 0)
(0.0356991 -0.00327318 0)
(0.0377129 -0.00373247 0)
(0.0397884 -0.00422636 0)
(0.0419259 -0.00475477 0)
(0.0441253 -0.00531685 0)
(0.0463857 -0.0059109 0)
(0.0487057 -0.00653444 0)
(0.0510834 -0.00718419 0)
(0.0535159 -0.00785611 0)
(0.0559997 -0.00854548 0)
(0.0585304 -0.00924693 0)
(0.0611027 -0.00995452 0)
(0.0637102 -0.0106617 0)
(0.0663458 -0.0113616 0)
(0.069001 -0.0120467 0)
(0.0716663 -0.0127092 0)
(0.0743307 -0.0133408 0)
(0.0769824 -0.0139331 0)
(0.0796079 -0.0144772 0)
(0.0821926 -0.0149645 0)
(0.0847207 -0.0153861 0)
(0.0871752 -0.0157333 0)
(0.0895386 -0.015998 0)
(0.0917927 -0.0161726 0)
(0.0939192 -0.01625 0)
(0.0959006 -0.0162246 0)
(0.09772 -0.016092 0)
(0.0993627 -0.0158495 0)
(0.100816 -0.0154967 0)
(0.102072 -0.0150351 0)
(0.103125 -0.014469 0)
(0.103975 -0.013805 0)
(0.104625 -0.013052 0)
(0.105085 -0.0122206 0)
(0.105366 -0.0113233 0)
(0.105487 -0.0103734 0)
(0.105465 -0.00938439 0)
(0.105322 -0.00836962 0)
(0.105079 -0.00734166 0)
(0.104758 -0.00631181 0)
(0.104378 -0.00528989 0)
(0.103958 -0.00428403 0)
(0.103514 -0.00330068 0)
(0.103059 -0.00234466 0)
(0.102605 -0.00141936 0)
(0.102159 -0.00052698 0)
(0.101726 0.000331237 0)
(0.101311 0.0011547 0)
(0.100914 0.00194323 0)
(0.100533 0.00269679 0)
(0.100167 0.00341531 0)
(0.099812 0.00409848 0)
(0.0994621 0.00474564 0)
(0.0991118 0.00535568 0)
(0.0987542 0.00592698 0)
(0.0983822 0.0064574 0)
(0.0979878 0.00694428 0)
(0.097563 0.00738453 0)
(0.0970996 0.00777466 0)
(0.0965895 0.00811096 0)
(0.0960247 0.00838956 0)
(0.0953979 0.00860666 0)
(0.0947025 0.0087587 0)
(0.0939332 0.00884256 0)
(0.0930859 0.00885583 0)
(0.0921588 0.008797 0)
(0.091152 0.0086657 0)
(0.0900686 0.00846288 0)
(0.0889141 0.00819088 0)
(0.0876973 0.00785348 0)
(0.0864297 0.00745587 0)
(0.0851255 0.00700445 0)
(0.0838012 0.00650662 0)
(0.0824749 0.00597044 0)
(0.0811654 0.0054043 0)
(0.079892 0.00481653 0)
(0.0786728 0.0042151 0)
(0.0775247 0.0036073 0)
(0.0764621 0.0029996 0)
(0.0754971 0.0023975 0)
(0.0746383 0.00180558 0)
(0.0738916 0.00122756 0)
(0.0732597 0.000666416 0)
(0.0727425 0.000124601 0)
(0.0723376 -0.0003958 0)
(0.0720405 -0.00089287 0)
(0.0718451 -0.00136472 0)
(0.0717437 -0.00180937 0)
(0.0717282 -0.00222468 0)
(0.0717893 -0.00260834 0)
(0.0719177 -0.00295786 0)
(0.0721034 -0.00327065 0)
(0.0723365 -0.00354407 0)
(0.0726072 -0.00377554 0)
(0.0729056 -0.00396266 0)
(0.0732221 -0.0041033 0)
(0.0735473 -0.00419579 0)
(0.0738722 -0.00423904 0)
(0.0741885 -0.00423261 0)
(0.0744885 -0.0041769 0)
(0.074765 -0.0040732 0)
(0.0750121 -0.00392376 0)
(0.0752245 -0.00373181 0)
(0.0753982 -0.00350155 0)
(0.0755302 -0.00323805 0)
(0.0756187 -0.00294715 0)
(0.0756628 -0.00263529 0)
(0.0756628 -0.00230934 0)
(0.0756199 -0.00197634 0)
(0.075536 -0.00164331 0)
(0.075414 -0.00131698 0)
(0.0752571 -0.00100364 0)
(0.0750692 -0.000708886 0)
(0.0748544 -0.000437515 0)
(0.0746173 -0.000193394 0)
(0.0743624 2.06116e-05 0)
(0.0740946 0.000202659 0)
(0.0738184 0.000351916 0)
(0.0735386 0.000468509 0)
(0.0732594 0.00055343 0)
(0.0729849 0.00060843 0)
(0.0727189 0.000635882 0)
(0.0724646 0.000638645 0)
(0.0722248 0.000619923 0)
(0.0720015 0.000583127 0)
(0.0717965 0.000531758 0)
(0.0716108 0.000469293 0)
(0.0714451 0.000399096 0)
(0.0712994 0.000324345 0)
(0.0711734 0.000247963 0)
(0.0710665 0.000172578 0)
(0.0709778 0.00010048 0)
(0.0709061 3.36003e-05 0)
(0.0708499 -2.65104e-05 0)
(0.0708078 -7.86845e-05 0)
(0.0707783 -0.000122138 0)
(0.0707596 -0.000156458 0)
(0.0707502 -0.000181581 0)
(0.0707484 -0.000197766 0)
(0.0707527 -0.000205553 0)
(0.0707617 -0.000205718 0)
(0.070774 -0.000199227 0)
(0.0707885 -0.000187173 0)
(0.0708041 -0.000170731 0)
(0.0708199 -0.000151094 0)
(0.0708352 -0.00012943 0)
(0.0708495 -0.000106833 0)
(0.0708623 -8.42862e-05 0)
(0.0708733 -6.26349e-05 0)
(0.0708824 -4.25661e-05 0)
(0.0708895 -2.45998e-05 0)
(0.0708948 -9.0881e-06 0)
(0.0708984 3.776e-06 0)
(0.0709003 1.39444e-05 0)
(0.070901 2.14938e-05 0)
(0.0709005 2.66022e-05 0)
(0.0708991 2.9524e-05 0)
(0.0708972 3.05651e-05 0)
(0.0708948 3.0059e-05 0)
(0.0708923 2.83462e-05 0)
(0.0708897 2.57559e-05 0)
(0.0708872 2.25923e-05 0)
(0.0708849 1.91244e-05 0)
(0.0708828 1.55795e-05 0)
(0.0708811 1.21405e-05 0)
(0.0708796 8.94554e-06 0)
(0.0708785 6.0909e-06 0)
(0.0708777 3.63471e-06 0)
(0.0708771 1.60255e-06 0)
(0.0708768 -6.61644e-09 0)
(0.0708766 -1.21431e-06 0)
(0.0708766 -2.05645e-06 0)
(0.0708767 -2.57823e-06 0)
(0.0708769 -2.82769e-06 0)
(0.0708771 -2.8677e-06 0)
(0.0708774 -2.62681e-06 0)
(0.00504315 0.00201816 0)
(0.007581 0.00304155 0)
(0.0125416 0.00257923 0)
(0.0158327 0.00195342 0)
(0.0189648 0.00131796 0)
(0.0216689 0.000801715 0)
(0.0241578 0.000367064 0)
(0.0264655 3.75286e-06 0)
(0.0286449 -0.000313434 0)
(0.0307246 -0.000597934 0)
(0.0327286 -0.000861795 0)
(0.0346745 -0.00111279 0)
(0.0365766 -0.00135724 0)
(0.0384468 -0.00160002 0)
(0.0402955 -0.00184545 0)
(0.0421316 -0.00209738 0)
(0.0439628 -0.00235951 0)
(0.0457963 -0.00263542 0)
(0.0476382 -0.00292859 0)
(0.0494941 -0.00324242 0)
(0.0513689 -0.00358013 0)
(0.0532666 -0.00394471 0)
(0.0551907 -0.00433882 0)
(0.057144 -0.00476472 0)
(0.0591286 -0.00522413 0)
(0.061146 -0.00571818 0)
(0.0631968 -0.0062473 0)
(0.0652812 -0.00681118 0)
(0.0673983 -0.00740867 0)
(0.069547 -0.00803781 0)
(0.0717248 -0.00869577 0)
(0.0739289 -0.00937886 0)
(0.0761552 -0.0100825 0)
(0.0783988 -0.0108014 0)
(0.0806536 -0.0115295 0)
(0.0829125 -0.0122599 0)
(0.0851671 -0.0129851 0)
(0.0874078 -0.0136972 0)
(0.0896236 -0.0143873 0)
(0.0918023 -0.0150463 0)
(0.0939301 -0.0156646 0)
(0.0959919 -0.0162319 0)
(0.0979712 -0.0167378 0)
(0.0998501 -0.0171718 0)
(0.101609 -0.0175235 0)
(0.103229 -0.0177826 0)
(0.10469 -0.0179399 0)
(0.105972 -0.017987 0)
(0.107057 -0.0179168 0)
(0.107929 -0.0177241 0)
(0.108575 -0.0174062 0)
(0.108988 -0.0169628 0)
(0.109163 -0.0163969 0)
(0.109105 -0.0157149 0)
(0.108824 -0.014926 0)
(0.108335 -0.0140428 0)
(0.10766 -0.0130799 0)
(0.106827 -0.0120539 0)
(0.105868 -0.0109819 0)
(0.104813 -0.00988105 0)
(0.103698 -0.00876765 0)
(0.102554 -0.00765633 0)
(0.101411 -0.0065596 0)
(0.100296 -0.00548757 0)
(0.0992299 -0.00444785 0)
(0.0982321 -0.00344565 0)
(0.0973158 -0.00248402 0)
(0.0964904 -0.0015642 0)
(0.0957615 -0.000686005 0)
(0.0951313 0.000151796 0)
(0.0945991 0.000951063 0)
(0.0941617 0.00171396 0)
(0.0938143 0.00244268 0)
(0.0935503 0.00313918 0)
(0.0933621 0.00380501 0)
(0.0932414 0.00444119 0)
(0.0931789 0.00504813 0)
(0.0931654 0.00562555 0)
(0.0931909 0.0061725 0)
(0.0932456 0.00668736 0)
(0.0933194 0.00716789 0)
(0.093402 0.00761127 0)
(0.0934835 0.00801423 0)
(0.0935536 0.00837312 0)
(0.0936027 0.00868402 0)
(0.093621 0.00894291 0)
(0.0935993 0.00914578 0)
(0.0935292 0.00928884 0)
(0.0934028 0.00936866 0)
(0.0932135 0.00938238 0)
(0.0929559 0.00932789 0)
(0.0926264 0.00920399 0)
(0.0922232 0.00901056 0)
(0.0917468 0.00874863 0)
(0.0911999 0.00842049 0)
(0.0905877 0.00802963 0)
(0.0899178 0.00758074 0)
(0.0891999 0.00707955 0)
(0.0884455 0.00653264 0)
(0.0876676 0.00594721 0)
(0.08688 0.00533083 0)
(0.0860967 0.00469117 0)
(0.0853314 0.0040358 0)
(0.0845968 0.00337193 0)
(0.0839043 0.00270634 0)
(0.0832634 0.00204525 0)
(0.0826816 0.00139431 0)
(0.082164 0.000758641 0)
(0.0817137 0.000142877 0)
(0.0813315 -0.000448747 0)
(0.0810163 -0.0010123 0)
(0.0807653 -0.00154406 0)
(0.0805742 -0.00204049 0)
(0.0804373 -0.00249812 0)
(0.080348 -0.00291362 0)
(0.0802991 -0.00328374 0)
(0.0802827 -0.00360542 0)
(0.0802907 -0.00387582 0)
(0.080315 -0.00409245 0)
(0.0803474 -0.00425327 0)
(0.0803803 -0.00435683 0)
(0.0804064 -0.00440241 0)
(0.0804191 -0.00439013 0)
(0.0804127 -0.00432107 0)
(0.0803825 -0.00419738 0)
(0.0803249 -0.00402226 0)
(0.0802371 -0.00380003 0)
(0.0801179 -0.003536 0)
(0.079967 -0.0032364 0)
(0.0797849 -0.0029082 0)
(0.0795734 -0.00255892 0)
(0.0793345 -0.00219637 0)
(0.0790712 -0.00182843 0)
(0.0787866 -0.00146282 0)
(0.0784841 -0.00110683 0)
(0.0781671 -0.000767165 0)
(0.0778389 -0.000449735 0)
(0.077503 -0.000159547 0)
(0.0771626 9.94058e-05 0)
(0.0768206 0.000324191 0)
(0.0764801 0.00051296 0)
(0.0761439 0.000664931 0)
(0.0758147 0.000780337 0)
(0.0754951 0.000860343 0)
(0.0751875 0.000906935 0)
(0.0748942 0.0009228 0)
(0.0746172 0.000911173 0)
(0.0743582 0.000875692 0)
(0.0741187 0.00082025 0)
(0.0738996 0.000748852 0)
(0.0737016 0.000665483 0)
(0.073525 0.000574003 0)
(0.0733695 0.000478046 0)
(0.0732346 0.000380948 0)
(0.0731194 0.00028569 0)
(0.0730227 0.000194855 0)
(0.0729431 0.000110602 0)
(0.072879 3.46499e-05 0)
(0.0728288 -3.17249e-05 0)
(0.0727906 -8.7682e-05 0)
(0.0727628 -0.0001328 0)
(0.0727438 -0.000167049 0)
(0.0727318 -0.000190756 0)
(0.0727255 -0.000204559 0)
(0.0727236 -0.000209356 0)
(0.0727249 -0.000206248 0)
(0.0727284 -0.00019648 0)
(0.0727334 -0.00018138 0)
(0.072739 -0.000162296 0)
(0.072745 -0.000140546 0)
(0.0727507 -0.000117366 0)
(0.072756 -9.38731e-05 0)
(0.0727607 -7.10296e-05 0)
(0.0727647 -4.96275e-05 0)
(0.0727679 -3.02756e-05 0)
(0.0727704 -1.33998e-05 0)
(0.0727721 7.49067e-07 0)
(0.0727732 1.20798e-05 0)
(0.0727738 2.06397e-05 0)
(0.0727739 2.65902e-05 0)
(0.0727736 3.018e-05 0)
(0.0727731 3.17186e-05 0)
(0.0727724 3.15506e-05 0)
(0.0727715 3.00332e-05 0)
(0.0727707 2.7516e-05 0)
(0.0727698 2.43254e-05 0)
(0.072769 2.07533e-05 0)
(0.0727683 1.7049e-05 0)
(0.0727676 1.34155e-05 0)
(0.0727671 1.00088e-05 0)
(0.0727667 6.93965e-06 0)
(0.0727663 4.27796e-06 0)
(0.0727661 2.05781e-06 0)
(0.072766 2.8387e-07 0)
(0.0727659 -1.06212e-06 0)
(0.0727659 -2.01492e-06 0)
(0.0727659 -2.62e-06 0)
(0.072766 -2.92678e-06 0)
(0.072766 -2.99558e-06 0)
(0.0727661 -2.7631e-06 0)
(0.034449 -2.56951e-06 0)
(0.0346072 -0.000148668 0)
(0.0349307 -0.000267566 0)
(0.0353716 -0.000331142 0)
(0.0358772 -0.000370334 0)
(0.0365296 -0.000447333 0)
(0.0372089 -0.000328849 0)
(0.0379034 -0.000778842 0)
(0.0908643 -6.19563e-06 0)
(0.090642 -0.000130047 0)
(0.0905775 -0.000295908 0)
(0.0906158 -0.000464714 0)
(0.090766 -0.000646686 0)
(0.0910042 -0.000828934 0)
(0.0913585 -0.00102861 0)
(0.092249 -0.00170341 0)
(0.128437 -9.7817e-06 0)
(0.128259 -9.30989e-05 0)
(0.128173 -0.000219831 0)
(0.128135 -0.000380875 0)
(0.128125 -0.000568858 0)
(0.128146 -0.00078738 0)
(0.128239 -0.0011219 0)
(0.128242 -0.0015505 0)
(0.147212 -1.36379e-05 0)
(0.147034 -0.000103597 0)
(0.146937 -0.000221037 0)
(0.146873 -0.000366481 0)
(0.146822 -0.000543442 0)
(0.146781 -0.000770377 0)
(0.146723 -0.00104624 0)
(0.146657 -0.00141116 0)
(0.147217 -1.89345e-05 0)
(0.147038 -0.000111233 0)
(0.146928 -0.000213528 0)
(0.146841 -0.000336099 0)
(0.146749 -0.000490067 0)
(0.146635 -0.000681967 0)
(0.146487 -0.00092756 0)
(0.146278 -0.0012278 0)
(0.12845 -2.67412e-05 0)
(0.128254 -0.000127424 0)
(0.128112 -0.000216528 0)
(0.127973 -0.000314186 0)
(0.12781 -0.000435641 0)
(0.127608 -0.000592347 0)
(0.127348 -0.000788075 0)
(0.127014 -0.0010226 0)
(0.0908861 -4.08937e-05 0)
(0.0906062 -0.000106349 0)
(0.090386 -0.000140286 0)
(0.0901642 -0.000185247 0)
(0.0899131 -0.00025999 0)
(0.0896089 -0.000368709 0)
(0.0892289 -0.000508718 0)
(0.0887494 -0.000671607 0)
(0.0344547 -4.70003e-05 0)
(0.0343686 -2.77105e-05 0)
(0.0343108 2.93724e-06 0)
(0.0342493 6.2652e-07 0)
(0.034126 -3.32836e-05 0)
(0.0339125 -8.68355e-05 0)
(0.033593 -0.000147294 0)
(0.0331615 -0.000204105 0)
(0.0406143 -0.00354095 0)
(0.0435543 -0.00326304 0)
(0.0462312 -0.00296775 0)
(0.0488384 -0.00268044 0)
(0.0512392 -0.00255151 0)
(0.0534854 -0.00252051 0)
(0.0555997 -0.00255901 0)
(0.0576083 -0.00263989 0)
(0.0595315 -0.0027485 0)
(0.0613845 -0.00287623 0)
(0.0631794 -0.00301891 0)
(0.0649257 -0.00317472 0)
(0.0666316 -0.00334338 0)
(0.068304 -0.00352552 0)
(0.0699493 -0.00372239 0)
(0.0715731 -0.00393569 0)
(0.0731805 -0.00416746 0)
(0.0747765 -0.00441994 0)
(0.0763651 -0.00469554 0)
(0.0779504 -0.00499673 0)
(0.0795356 -0.00532593 0)
(0.0811237 -0.00568545 0)
(0.0827169 -0.00607734 0)
(0.0843169 -0.00650328 0)
(0.0859249 -0.00696452 0)
(0.0875413 -0.00746175 0)
(0.0891658 -0.00799498 0)
(0.0907975 -0.00856348 0)
(0.0924345 -0.00916571 0)
(0.0940742 -0.00979922 0)
(0.095713 -0.0104606 0)
(0.0973462 -0.0111456 0)
(0.098968 -0.0118489 0)
(0.100571 -0.0125641 0)
(0.102148 -0.0132841 0)
(0.103688 -0.0140009 0)
(0.105179 -0.0147056 0)
(0.10661 -0.0153886 0)
(0.107964 -0.0160397 0)
(0.109227 -0.0166478 0)
(0.11038 -0.0172014 0)
(0.111403 -0.0176882 0)
(0.112277 -0.018096 0)
(0.112979 -0.0184121 0)
(0.113486 -0.0186244 0)
(0.113778 -0.018722 0)
(0.113834 -0.0186949 0)
(0.113637 -0.0185356 0)
(0.113174 -0.0182388 0)
(0.112438 -0.0178026 0)
(0.111431 -0.0172289 0)
(0.110163 -0.0165237 0)
(0.10865 -0.0156974 0)
(0.10692 -0.0147645 0)
(0.10501 -0.0137429 0)
(0.102959 -0.0126531 0)
(0.100814 -0.0115171 0)
(0.0986241 -0.0103566 0)
(0.0964354 -0.00919195 0)
(0.0942928 -0.00804142 0)
(0.0922362 -0.00692001 0)
(0.0902991 -0.00583923 0)
(0.0885084 -0.00480701 0)
(0.0868838 -0.00382794 0)
(0.0854381 -0.00290364 0)
(0.0841782 -0.00203334 0)
(0.0831053 -0.00121445 0)
(0.0822168 -0.000443118 0)
(0.0815061 0.00028519 0)
(0.0809647 0.000975281 0)
(0.0805821 0.00163185 0)
(0.0803467 0.0022592 0)
(0.0802464 0.00286106 0)
(0.0802689 0.00344043 0)
(0.0804019 0.00399951 0)
(0.0806332 0.00453967 0)
(0.0809511 0.00506148 0)
(0.0813441 0.00556466 0)
(0.0818009 0.00604823 0)
(0.0823108 0.00651046 0)
(0.082863 0.00694903 0)
(0.0834471 0.00736105 0)
(0.0840529 0.00774319 0)
(0.0846703 0.00809172 0)
(0.0852894 0.00840267 0)
(0.0859003 0.00867188 0)
(0.0864934 0.00889518 0)
(0.0870595 0.00906846 0)
(0.0875895 0.00918783 0)
(0.0880751 0.00924978 0)
(0.0885086 0.00925129 0)
(0.0888831 0.00918999 0)
(0.089193 0.0090643 0)
(0.0894339 0.00887355 0)
(0.0896031 0.00861804 0)
(0.0896995 0.00829916 0)
(0.0897238 0.00791937 0)
(0.0896785 0.00748219 0)
(0.0895681 0.00699213 0)
(0.0893985 0.00645461 0)
(0.089177 0.00587577 0)
(0.088912 0.00526232 0)
(0.0886126 0.00462135 0)
(0.088288 0.00396018 0)
(0.0879474 0.00328615 0)
(0.0875993 0.00260651 0)
(0.0872514 0.00192831 0)
(0.08691 0.00125832 0)
(0.0865803 0.000602986 0)
(0.0862658 -3.15803e-05 0)
(0.0859686 -0.000639596 0)
(0.0856893 -0.0012156 0)
(0.0854271 -0.00175443 0)
(0.08518 -0.00225124 0)
(0.0849449 -0.00270148 0)
(0.084718 -0.00310097 0)
(0.0844947 -0.00344591 0)
(0.0842704 -0.00373298 0)
(0.0840401 -0.00395947 0)
(0.0837991 -0.00412336 0)
(0.0835432 -0.00422344 0)
(0.0832685 -0.0042595 0)
(0.0829725 -0.00423236 0)
(0.0826533 -0.00414402 0)
(0.0823103 -0.00399767 0)
(0.081944 -0.00379769 0)
(0.081556 -0.00354958 0)
(0.081149 -0.00325982 0)
(0.0807264 -0.00293573 0)
(0.0802924 -0.0025852 0)
(0.0798513 -0.00221649 0)
(0.0794076 -0.00183791 0)
(0.0789657 -0.00145763 0)
(0.0785295 -0.00108345 0)
(0.0781026 -0.000722563 0)
(0.0776877 -0.000381427 0)
(0.0772871 -6.56403e-05 0)
(0.0769024 0.00022015 0)
(0.0765348 0.000472302 0)
(0.076185 0.000688204 0)
(0.0758532 0.000866275 0)
(0.0755397 0.00100594 0)
(0.0752444 0.0011076 0)
(0.0749674 0.00117252 0)
(0.0747086 0.0012028 0)
(0.0744681 0.00120122 0)
(0.0742459 0.00117113 0)
(0.074042 0.00111633 0)
(0.0738565 0.00104092 0)
(0.0736891 0.000949127 0)
(0.0735398 0.000845232 0)
(0.0734081 0.000733389 0)
(0.0732934 0.000617543 0)
(0.0731947 0.000501333 0)
(0.0731111 0.000388017 0)
(0.0730414 0.000280412 0)
(0.072984 0.000180865 0)
(0.0729376 9.12243e-05 0)
(0.0729006 1.28339e-05 0)
(0.0728716 -5.3455e-05 0)
(0.0728491 -0.000107265 0)
(0.0728318 -0.000148655 0)
(0.0728185 -0.000178081 0)
(0.0728082 -0.000196333 0)
(0.0728002 -0.000204479 0)
(0.0727937 -0.000203795 0)
(0.0727883 -0.000195698 0)
(0.0727836 -0.000181673 0)
(0.0727795 -0.000163214 0)
(0.0727758 -0.000141763 0)
(0.0727724 -0.000118659 0)
(0.0727694 -9.5099e-05 0)
(0.0727668 -7.2109e-05 0)
(0.0727645 -5.05248e-05 0)
(0.0727627 -3.09857e-05 0)
(0.0727613 -1.3936e-05 0)
(0.0727604 3.63377e-07 0)
(0.0727598 1.18174e-05 0)
(0.0727596 2.04735e-05 0)
(0.0727597 2.64956e-05 0)
(0.0727601 3.01362e-05 0)
(0.0727606 3.17087e-05 0)
(0.0727613 3.15617e-05 0)
(0.0727621 3.00558e-05 0)
(0.0727629 2.75433e-05 0)
(0.0727638 2.43531e-05 0)
(0.0727645 2.07788e-05 0)
(0.0727652 1.70709e-05 0)
(0.0727658 1.34332e-05 0)
(0.0727663 1.00225e-05 0)
(0.0727667 6.94973e-06 0)
(0.072767 4.28498e-06 0)
(0.0727672 2.06241e-06 0)
(0.0727674 2.86649e-07 0)
(0.0727674 -1.06064e-06 0)
(0.0727675 -2.01431e-06 0)
(0.0727674 -2.61993e-06 0)
(0.0727674 -2.927e-06 0)
(0.0727673 -2.99591e-06 0)
(0.0727673 -2.76338e-06 0)
(0.0929023 -0.00222685 0)
(0.092983 -0.002722 0)
(0.0933083 -0.00301292 0)
(0.0937964 -0.00322017 0)
(0.0944438 -0.00338696 0)
(0.0951908 -0.00353879 0)
(0.0960051 -0.00368495 0)
(0.0968616 -0.00382908 0)
(0.0977448 -0.00397312 0)
(0.0986439 -0.0041187 0)
(0.0995517 -0.00426767 0)
(0.100463 -0.00442212 0)
(0.101375 -0.00458434 0)
(0.102285 -0.00475674 0)
(0.103191 -0.00494184 0)
(0.104094 -0.00514222 0)
(0.104991 -0.00536052 0)
(0.105884 -0.00559941 0)
(0.106772 -0.00586155 0)
(0.107655 -0.00614951 0)
(0.108533 -0.00646577 0)
(0.109405 -0.00681259 0)
(0.110272 -0.00719192 0)
(0.111131 -0.00760534 0)
(0.111983 -0.00805389 0)
(0.112823 -0.00853806 0)
(0.113651 -0.00905758 0)
(0.114462 -0.0096114 0)
(0.115253 -0.0101975 0)
(0.116017 -0.010813 0)
(0.11675 -0.0114538 0)
(0.117444 -0.0121146 0)
(0.11809 -0.0127892 0)
(0.118677 -0.0134698 0)
(0.119193 -0.014148 0)
(0.119625 -0.0148138 0)
(0.119957 -0.0154568 0)
(0.12017 -0.0160651 0)
(0.120244 -0.0166264 0)
(0.12016 -0.0171275 0)
(0.119893 -0.0175545 0)
(0.11942 -0.0178927 0)
(0.118717 -0.0181277 0)
(0.11776 -0.0182454 0)
(0.116531 -0.0182332 0)
(0.11501 -0.0180808 0)
(0.113189 -0.0177812 0)
(0.111065 -0.0173315 0)
(0.108646 -0.0167336 0)
(0.105952 -0.0159944 0)
(0.103012 -0.0151266 0)
(0.09987 -0.0141481 0)
(0.0965778 -0.0130811 0)
(0.0931959 -0.0119508 0)
(0.0897894 -0.0107839 0)
(0.0864246 -0.00960685 0)
(0.0831643 -0.00844382 0)
(0.0800653 -0.00731584 0)
(0.0771744 -0.00623957 0)
(0.0745278 -0.00522678 0)
(0.0721496 -0.0042843 0)
(0.070053 -0.00341434 0)
(0.0682412 -0.00261522 0)
(0.0667096 -0.0018823 0)
(0.0654475 -0.00120895 0)
(0.0644404 -0.000587458 0)
(0.0636712 -9.77267e-06 0)
(0.063122 0.000531901 0)
(0.0627744 0.00104473 0)
(0.0626109 0.00153499 0)
(0.0626145 0.002008 0)
(0.0627694 0.00246801 0)
(0.063061 0.00291825 0)
(0.0634757 0.00336098 0)
(0.064001 0.00379753 0)
(0.0646251 0.00422836 0)
(0.0653372 0.00465315 0)
(0.0661272 0.00507086 0)
(0.0669852 0.00547981 0)
(0.0679021 0.00587772 0)
(0.0688688 0.00626185 0)
(0.0698766 0.006629 0)
(0.0709167 0.00697561 0)
(0.0719805 0.00729788 0)
(0.0730595 0.00759176 0)
(0.0741448 0.00785311 0)
(0.0752279 0.00807776 0)
(0.0763 0.00826158 0)
(0.0773525 0.0084006 0)
(0.0783767 0.00849114 0)
(0.0793645 0.00852985 0)
(0.0803079 0.00851388 0)
(0.0811994 0.00844097 0)
(0.0820324 0.00830954 0)
(0.082801 0.0081188 0)
(0.0835002 0.00786883 0)
(0.0841265 0.0075606 0)
(0.0846775 0.00719607 0)
(0.0851519 0.00677813 0)
(0.0855502 0.00631058 0)
(0.0858738 0.00579811 0)
(0.0861255 0.00524613 0)
(0.0863088 0.00466072 0)
(0.0864284 0.0040485 0)
(0.0864889 0.00341645 0)
(0.0864957 0.00277182 0)
(0.0864537 0.00212196 0)
(0.0863677 0.00147426 0)
(0.086242 0.000836041 0)
(0.0860801 0.000214442 0)
(0.0858849 -0.000383604 0)
(0.0856583 -0.000951445 0)
(0.0854015 -0.00148276 0)
(0.0851149 -0.00197161 0)
(0.0847982 -0.0024125 0)
(0.0844508 -0.00280047 0)
(0.0840717 -0.00313119 0)
(0.0836601 -0.00340103 0)
(0.0832153 -0.00360726 0)
(0.0827371 -0.00374808 0)
(0.0822263 -0.00382285 0)
(0.0816843 -0.00383212 0)
(0.081114 -0.00377774 0)
(0.0805192 -0.00366285 0)
(0.079905 -0.00349188 0)
(0.0792776 -0.00327044 0)
(0.0786437 -0.00300513 0)
(0.0780107 -0.00270337 0)
(0.0773861 -0.00237311 0)
(0.0767771 -0.00202257 0)
(0.0761904 -0.00166 0)
(0.0756318 -0.00129341 0)
(0.0751059 -0.000930387 0)
(0.0746162 -0.000577931 0)
(0.074165 -0.000242323 0)
(0.0737534 7.09491e-05 0)
(0.0733814 0.000357241 0)
(0.073048 0.000612781 0)
(0.0727516 0.000834682 0)
(0.0724899 0.00102094 0)
(0.0722605 0.00117043 0)
(0.0720605 0.00128288 0)
(0.0718872 0.00135883 0)
(0.0717378 0.00139961 0)
(0.0716098 0.00140727 0)
(0.0715008 0.00138452 0)
(0.0714086 0.00133458 0)
(0.0713314 0.00126116 0)
(0.0712674 0.00116826 0)
(0.071215 0.00106008 0)
(0.0711729 0.000940891 0)
(0.0711396 0.000814878 0)
(0.0711137 0.000686051 0)
(0.0710941 0.000558123 0)
(0.0710794 0.000434423 0)
(0.0710684 0.000317825 0)
(0.0710599 0.000210695 0)
(0.0710529 0.000114864 0)
(0.0710463 3.16109e-05 0)
(0.0710395 -3.832e-05 0)
(0.0710318 -9.46969e-05 0)
(0.0710229 -0.000137754 0)
(0.0710126 -0.000168137 0)
(0.0710008 -0.00018683 0)
(0.0709877 -0.000195087 0)
(0.0709737 -0.00019435 0)
(0.070959 -0.000186175 0)
(0.0709442 -0.000172156 0)
(0.0709297 -0.000153858 0)
(0.0709158 -0.000132764 0)
(0.070903 -0.000110223 0)
(0.0708915 -8.74168e-05 0)
(0.0708817 -6.53397e-05 0)
(0.0708735 -4.47822e-05 0)
(0.070867 -2.63324e-05 0)
(0.0708623 -1.03828e-05 0)
(0.0708592 2.85373e-06 0)
(0.0708575 1.33231e-05 0)
(0.070857 2.11048e-05 0)
(0.0708576 2.63846e-05 0)
(0.070859 2.9427e-05 0)
(0.070861 3.0548e-05 0)
(0.0708634 3.00909e-05 0)
(0.0708659 2.84043e-05 0)
(0.0708685 2.58246e-05 0)
(0.0708709 2.26612e-05 0)
(0.0708732 1.91873e-05 0)
(0.0708753 1.56332e-05 0)
(0.070877 1.21839e-05 0)
(0.0708784 8.979e-06 0)
(0.0708795 6.11542e-06 0)
(0.0708804 3.65174e-06 0)
(0.0708809 1.61365e-06 0)
(0.0708812 3.96045e-11 0)
(0.0708814 -1.21081e-06 0)
(0.0708814 -2.05506e-06 0)
(0.0708813 -2.57812e-06 0)
(0.0708811 -2.82826e-06 0)
(0.0708809 -2.86853e-06 0)
(0.0708806 -2.62749e-06 0)
(0.128177 -0.0021804 0)
(0.128131 -0.00269974 0)
(0.128068 -0.0030941 0)
(0.128053 -0.00339304 0)
(0.128088 -0.00363356 0)
(0.12817 -0.00383894 0)
(0.128287 -0.00402294 0)
(0.12843 -0.00419361 0)
(0.128591 -0.00435605 0)
(0.128763 -0.00451401 0)
(0.128941 -0.00467066 0)
(0.129119 -0.00482892 0)
(0.129296 -0.00499166 0)
(0.129466 -0.00516169 0)
(0.129629 -0.00534186 0)
(0.129782 -0.00553501 0)
(0.129922 -0.00574398 0)
(0.130048 -0.00597157 0)
(0.130159 -0.00622055 0)
(0.130251 -0.00649355 0)
(0.130322 -0.00679304 0)
(0.130371 -0.00712122 0)
(0.130394 -0.00747996 0)
(0.130388 -0.00787067 0)
(0.130348 -0.00829422 0)
(0.130271 -0.0087508 0)
(0.13015 -0.00923984 0)
(0.129979 -0.00975982 0)
(0.129752 -0.0103082 0)
(0.129459 -0.0108813 0)
(0.129091 -0.0114741 0)
(0.128637 -0.0120802 0)
(0.128083 -0.0126917 0)
(0.127414 -0.0132991 0)
(0.126614 -0.0138917 0)
(0.125662 -0.0144571 0)
(0.124538 -0.0149821 0)
(0.123219 -0.0154521 0)
(0.121681 -0.0158522 0)
(0.119901 -0.0161668 0)
(0.117855 -0.01638 0)
(0.115523 -0.0164763 0)
(0.112887 -0.0164413 0)
(0.109935 -0.0162634 0)
(0.106663 -0.0159347 0)
(0.103076 -0.0154524 0)
(0.0991944 -0.0148195 0)
(0.0950524 -0.0140455 0)
(0.0907011 -0.0131455 0)
(0.0862069 -0.0121406 0)
(0.0816486 -0.0110571 0)
(0.0771133 -0.0099257 0)
(0.0726905 -0.00877939 0)
(0.0684649 -0.0076511 0)
(0.0645099 -0.00657054 0)
(0.0608826 -0.0055614 0)
(0.057621 -0.00463947 0)
(0.0547436 -0.00381205 0)
(0.0522519 -0.00307872 0)
(0.0501339 -0.00243305 0)
(0.0483684 -0.00186476 0)
(0.0469289 -0.00136179 0)
(0.0457866 -0.00091191 0)
(0.044913 -0.000503745 0)
(0.0442812 -0.000127304 0)
(0.0438669 0.000225881 0)
(0.0436482 0.000562826 0)
(0.043606 0.000889261 0)
(0.0437235 0.0012098 0)
(0.043986 0.0015281 0)
(0.0443808 0.00184695 0)
(0.0448964 0.00216838 0)
(0.0455229 0.00249369 0)
(0.046251 0.0028235 0)
(0.0470725 0.00315779 0)
(0.0479798 0.00349594 0)
(0.0489657 0.00383675 0)
(0.0500235 0.00417852 0)
(0.0511464 0.00451906 0)
(0.052328 0.00485577 0)
(0.053562 0.00518568 0)
(0.0548416 0.00550553 0)
(0.0561604 0.00581179 0)
(0.0575115 0.00610073 0)
(0.0588879 0.0063685 0)
(0.0602821 0.00661118 0)
(0.0616868 0.00682483 0)
(0.0630941 0.00700556 0)
(0.064496 0.00714964 0)
(0.0658843 0.00725353 0)
(0.0672508 0.00731398 0)
(0.0685872 0.0073281 0)
(0.0698853 0.00729347 0)
(0.0711371 0.0072082 0)
(0.0723351 0.00707103 0)
(0.0734723 0.00688137 0)
(0.0745421 0.00663943 0)
(0.0755388 0.00634619 0)
(0.0764577 0.00600349 0)
(0.0772948 0.00561402 0)
(0.0780473 0.00518128 0)
(0.0787131 0.0047096 0)
(0.0792913 0.00420402 0)
(0.0797818 0.00367024 0)
(0.080185 0.00311452 0)
(0.0805023 0.00254358 0)
(0.0807351 0.00196447 0)
(0.0808854 0.00138448 0)
(0.0809553 0.000811006 0)
(0.0809469 0.000251451 0)
(0.0808621 -0.000286877 0)
(0.0807028 -0.000796881 0)
(0.080471 -0.00127178 0)
(0.0801684 -0.00170521 0)
(0.079797 -0.00209139 0)
(0.0793591 -0.00242521 0)
(0.0788573 -0.00270241 0)
(0.0782951 -0.00291969 0)
(0.0776768 -0.00307492 0)
(0.0770082 -0.00316717 0)
(0.076296 -0.00319688 0)
(0.0755483 -0.00316589 0)
(0.0747747 -0.00307738 0)
(0.0739857 -0.00293583 0)
(0.0731925 -0.00274684 0)
(0.0724067 -0.0025169 0)
(0.0716399 -0.00225318 0)
(0.0709026 -0.00196315 0)
(0.0702047 -0.00165443 0)
(0.0695543 -0.00133444 0)
(0.0689579 -0.00101025 0)
(0.06842 -0.00068846 0)
(0.0679435 -0.000375055 0)
(0.0675294 -7.53888e-05 0)
(0.0671771 0.000205845 0)
(0.0668847 0.000464619 0)
(0.0666492 0.000697563 0)
(0.0664668 0.000901961 0)
(0.066333 0.00107575 0)
(0.0662429 0.00121754 0)
(0.0661915 0.00132658 0)
(0.0661736 0.00140281 0)
(0.0661841 0.00144683 0)
(0.0662181 0.00145989 0)
(0.0662711 0.00144386 0)
(0.0663386 0.00140122 0)
(0.0664166 0.00133494 0)
(0.0665016 0.00124842 0)
(0.0665901 0.00114538 0)
(0.0666793 0.00102976 0)
(0.0667665 0.00090557 0)
(0.0668496 0.000776769 0)
(0.0669265 0.000647141 0)
(0.0669958 0.000520177 0)
(0.0670561 0.00039898 0)
(0.0671066 0.000286182 0)
(0.0671469 0.000183891 0)
(0.0671767 9.36605e-05 0)
(0.0671963 1.64827e-05 0)
(0.0672061 -4.71911e-05 0)
(0.0672071 -9.74121e-05 0)
(0.0672002 -0.000134676 0)
(0.0671867 -0.000159855 0)
(0.0671679 -0.000174115 0)
(0.0671452 -0.000178838 0)
(0.06712 -0.000175538 0)
(0.0670937 -0.000165786 0)
(0.0670674 -0.000151138 0)
(0.067042 -0.000133082 0)
(0.0670185 -0.000112981 0)
(0.0669975 -9.20458e-05 0)
(0.0669794 -7.13065e-05 0)
(0.0669644 -5.16002e-05 0)
(0.0669525 -3.3569e-05 0)
(0.0669438 -1.76655e-05 0)
(0.066938 -4.16663e-06 0)
(0.0669347 6.80807e-06 0)
(0.0669337 1.52734e-05 0)
(0.0669345 2.13538e-05 0)
(0.0669367 2.52574e-05 0)
(0.06694 2.72511e-05 0)
(0.066944 2.76368e-05 0)
(0.0669483 2.67307e-05 0)
(0.0669526 2.48453e-05 0)
(0.0669569 2.22751e-05 0)
(0.0669608 1.92856e-05 0)
(0.0669643 1.61066e-05 0)
(0.0669673 1.29278e-05 0)
(0.0669698 9.89777e-06 0)
(0.0669718 7.12548e-06 0)
(0.0669732 4.68306e-06 0)
(0.0669743 2.61039e-06 0)
(0.0669749 9.20174e-07 0)
(0.0669752 -3.9651e-07 0)
(0.0669752 -1.36485e-06 0)
(0.0669751 -2.02099e-06 0)
(0.0669748 -2.40805e-06 0)
(0.0669744 -2.56918e-06 0)
(0.066974 -2.57114e-06 0)
(0.0669736 -2.33823e-06 0)
(0.146526 -0.0018202 0)
(0.146276 -0.00223941 0)
(0.145967 -0.00262169 0)
(0.145635 -0.00295606 0)
(0.145299 -0.00324679 0)
(0.144966 -0.00350183 0)
(0.144635 -0.00372855 0)
(0.144301 -0.00393304 0)
(0.14396 -0.00412045 0)
(0.143608 -0.00429526 0)
(0.143241 -0.00446158 0)
(0.142855 -0.00462324 0)
(0.142448 -0.00478389 0)
(0.142016 -0.00494705 0)
(0.141558 -0.00511608 0)
(0.141072 -0.00529426 0)
(0.140553 -0.00548472 0)
(0.14 -0.00569051 0)
(0.13941 -0.00591446 0)
(0.138778 -0.00615922 0)
(0.138102 -0.00642718 0)
(0.137376 -0.00672038 0)
(0.136595 -0.00704041 0)
(0.135752 -0.00738833 0)
(0.134842 -0.00776456 0)
(0.133855 -0.0081687 0)
(0.132783 -0.00859947 0)
(0.131615 -0.00905447 0)
(0.13034 -0.00953008 0)
(0.128945 -0.0100212 0)
(0.127416 -0.0105213 0)
(0.125736 -0.0110217 0)
(0.123888 -0.0115125 0)
(0.121852 -0.0119814 0)
(0.119608 -0.0124151 0)
(0.117135 -0.0127988 0)
(0.114409 -0.0131173 0)
(0.11141 -0.0133551 0)
(0.108116 -0.013497 0)
(0.104513 -0.0135285 0)
(0.10059 -0.0134358 0)
(0.0963454 -0.0132066 0)
(0.0917901 -0.0128312 0)
(0.0869497 -0.0123047 0)
(0.0818693 -0.0116295 0)
(0.0766157 -0.0108177 0)
(0.0712761 -0.00989215 0)
(0.0659538 -0.0088854 0)
(0.0607602 -0.0078376 0)
(0.0558046 -0.00679259 0)
(0.0511834 -0.00579271 0)
(0.0469701 -0.00487314 0)
(0.0432101 -0.00405715 0)
(0.0399201 -0.00335412 0)
(0.0370916 -0.00276072 0)
(0.0346974 -0.00226458 0)
(0.0326996 -0.00184886 0)
(0.0310554 -0.0014962 0)
(0.0297221 -0.00119126 0)
(0.0286609 -0.000921762 0)
(0.0278375 -0.000678512 0)
(0.0272231 -0.000454744 0)
(0.0267939 -0.000245357 0)
(0.0265306 -4.6235e-05 0)
(0.0264171 0.000146204 0)
(0.0264407 0.000335245 0)
(0.0265905 0.000523949 0)
(0.0268577 0.00071512 0)
(0.0272345 0.000911236 0)
(0.0277144 0.00111437 0)
(0.0282919 0.00132612 0)
(0.0289619 0.00154758 0)
(0.02972 0.00177929 0)
(0.0305619 0.00202129 0)
(0.0314839 0.00227306 0)
(0.0324822 0.0025336 0)
(0.0335532 0.00280145 0)
(0.0346932 0.00307472 0)
(0.0358982 0.00335117 0)
(0.0371642 0.00362823 0)
(0.0384869 0.00390302 0)
(0.0398616 0.00417247 0)
(0.0412834 0.00443333 0)
(0.0427467 0.00468218 0)
(0.0442458 0.00491556 0)
(0.0457744 0.00512993 0)
(0.0473257 0.0053218 0)
(0.0488927 0.00548772 0)
(0.0504678 0.00562436 0)
(0.0520431 0.00572858 0)
(0.0536103 0.00579745 0)
(0.0551611 0.00582835 0)
(0.0566866 0.00581901 0)
(0.0581784 0.00576761 0)
(0.0596276 0.00567282 0)
(0.0610256 0.00553384 0)
(0.0623643 0.00535054 0)
(0.0636358 0.00512344 0)
(0.0648325 0.00485375 0)
(0.0659477 0.00454347 0)
(0.0669751 0.00419532 0)
(0.0679094 0.00381277 0)
(0.0687459 0.00340001 0)
(0.0694808 0.00296192 0)
(0.0701108 0.00250396 0)
(0.0706338 0.00203213 0)
(0.071048 0.00155288 0)
(0.0713525 0.00107297 0)
(0.0715471 0.000599372 0)
(0.0716322 0.000139145 0)
(0.0716086 -0.000300719 0)
(0.0714783 -0.000713436 0)
(0.0712437 -0.00109259 0)
(0.0709082 -0.0014323 0)
(0.0704766 -0.0017274 0)
(0.0699545 -0.00197362 0)
(0.0693494 -0.00216774 0)
(0.0686702 -0.00230777 0)
(0.0679276 -0.00239305 0)
(0.067134 -0.00242429 0)
(0.0663032 -0.00240361 0)
(0.0654501 -0.00233441 0)
(0.0645903 -0.00222119 0)
(0.0637397 -0.00206933 0)
(0.0629132 -0.0018848 0)
(0.0621249 -0.00167384 0)
(0.0613869 -0.00144272 0)
(0.0607092 -0.0011975 0)
(0.0600998 -0.000943886 0)
(0.0595639 -0.000687135 0)
(0.0591047 -0.000432042 0)
(0.0587233 -0.000182939 0)
(0.0584189 5.62773e-05 0)
(0.058189 0.000282113 0)
(0.0580301 0.000491458 0)
(0.0579376 0.000681575 0)
(0.057906 0.000850113 0)
(0.0579295 0.000995124 0)
(0.0580019 0.00111509 0)
(0.0581164 0.00120898 0)
(0.0582667 0.00127624 0)
(0.058446 0.00131688 0)
(0.0586478 0.00133145 0)
(0.0588659 0.00132107 0)
(0.0590943 0.00128739 0)
(0.0593272 0.00123259 0)
(0.0595594 0.00115931 0)
(0.059786 0.00107057 0)
(0.0600029 0.000969656 0)
(0.0602062 0.00086004 0)
(0.0603929 0.000745232 0)
(0.0605606 0.000628663 0)
(0.0607075 0.000513562 0)
(0.0608324 0.000402846 0)
(0.0609351 0.000299033 0)
(0.0610157 0.000204172 0)
(0.0610752 0.000119806 0)
(0.0611148 4.69551e-05 0)
(0.0611364 -1.38672e-05 0)
(0.0611423 -6.262e-05 0)
(0.0611347 -9.9681e-05 0)
(0.0611163 -0.000125779 0)
(0.0610896 -0.000141919 0)
(0.061057 -0.000149305 0)
(0.0610209 -0.000149264 0)
(0.0609834 -0.000143178 0)
(0.0609461 -0.000132419 0)
(0.0609107 -0.000118299 0)
(0.0608781 -0.000102029 0)
(0.0608493 -8.46849e-05 0)
(0.0608247 -6.71929e-05 0)
(0.0608046 -5.0313e-05 0)
(0.060789 -3.46397e-05 0)
(0.0607776 -2.06056e-05 0)
(0.0607702 -8.49203e-06 0)
(0.0607663 1.55547e-06 0)
(0.0607653 9.50926e-06 0)
(0.0607668 1.54391e-05 0)
(0.06077 1.94912e-05 0)
(0.0607746 2.18673e-05 0)
(0.06078 2.2805e-05 0)
(0.0607859 2.25599e-05 0)
(0.0607918 2.13904e-05 0)
(0.0607975 1.95446e-05 0)
(0.0608027 1.72508e-05 0)
(0.0608074 1.47104e-05 0)
(0.0608114 1.20936e-05 0)
(0.0608147 9.53767e-06 0)
(0.0608173 7.14714e-06 0)
(0.0608193 4.99553e-06 0)
(0.0608206 3.12852e-06 0)
(0.0608215 1.56775e-06 0)
(0.0608219 3.15127e-07 0)
(0.060822 -6.42768e-07 0)
(0.0608218 -1.33074e-06 0)
(0.0608214 -1.78061e-06 0)
(0.0608209 -2.02975e-06 0)
(0.0608204 -2.10969e-06 0)
(0.0608198 -2.08923e-06 0)
(0.0608193 -1.90501e-06 0)
(0.145987 -0.00157678 0)
(0.145612 -0.00193523 0)
(0.145155 -0.00227341 0)
(0.144634 -0.00257675 0)
(0.14406 -0.0028423 0)
(0.143441 -0.0030728 0)
(0.14278 -0.00327312 0)
(0.142076 -0.00344867 0)
(0.141331 -0.00360473 0)
(0.140544 -0.00374621 0)
(0.139713 -0.00387763 0)
(0.138839 -0.00400311 0)
(0.137921 -0.00412645 0)
(0.136957 -0.00425115 0)
(0.135946 -0.00438049 0)
(0.134886 -0.00451749 0)
(0.133774 -0.004665 0)
(0.132607 -0.00482561 0)
(0.13138 -0.00500168 0)
(0.130089 -0.00519527 0)
(0.128727 -0.00540808 0)
(0.127287 -0.00564137 0)
(0.125761 -0.00589588 0)
(0.12414 -0.0061717 0)
(0.122413 -0.00646818 0)
(0.120568 -0.0067838 0)
(0.118593 -0.007116 0)
(0.116473 -0.00746107 0)
(0.114193 -0.00781395 0)
(0.111736 -0.00816809 0)
(0.109086 -0.00851523 0)
(0.106223 -0.00884523 0)
(0.103129 -0.00914605 0)
(0.0997853 -0.00940374 0)
(0.0961741 -0.00960279 0)
(0.0922801 -0.00972675 0)
(0.0880933 -0.00975914 0)
(0.083612 -0.00968458 0)
(0.0788467 -0.00949001 0)
(0.0738241 -0.00916597 0)
(0.0685904 -0.00870819 0)
(0.0632136 -0.00812018 0)
(0.0577837 -0.00741691 0)
(0.0524081 -0.00662754 0)
(0.0472026 -0.0057942 0)
(0.0422787 -0.00496564 0)
(0.0377315 -0.00418799 0)
(0.0336305 -0.00349614 0)
(0.0300128 -0.00290868 0)
(0.026883 -0.00242737 0)
(0.0242171 -0.00204074 0)
(0.021972 -0.00172988 0)
(0.0200955 -0.00147449 0)
(0.0185347 -0.00125731 0)
(0.0172414 -0.00106636 0)
(0.0161745 -0.00089482 0)
(0.0153008 -0.000739658 0)
(0.014594 -0.000599723 0)
(0.014034 -0.000474245 0)
(0.0136048 -0.000361988 0)
(0.0132939 -0.000261016 0)
(0.0130911 -0.000168816 0)
(0.0129879 -8.2533e-05 0)
(0.0129774 7.93366e-07 0)
(0.013054 8.4061e-05 0)
(0.0132135 0.00016999 0)
(0.0134524 0.000261047 0)
(0.0137684 0.00035939 0)
(0.01416 0.000466828 0)
(0.014626 0.000584791 0)
(0.0151659 0.000714309 0)
(0.0157795 0.000855992 0)
(0.0164666 0.00101003 0)
(0.0172269 0.0011762 0)
(0.0180602 0.00135387 0)
(0.0189661 0.001542 0)
(0.0199436 0.00173923 0)
(0.0209915 0.00194383 0)
(0.0221082 0.00215381 0)
(0.0232915 0.00236691 0)
(0.0245388 0.00258066 0)
(0.0258468 0.00279242 0)
(0.0272115 0.0029994 0)
(0.0286286 0.00319874 0)
(0.0300931 0.00338749 0)
(0.0315991 0.00356271 0)
(0.0331406 0.00372147 0)
(0.0347105 0.00386091 0)
(0.0363016 0.00397825 0)
(0.0379059 0.00407089 0)
(0.039515 0.00413638 0)
(0.0411201 0.00417256 0)
(0.042712 0.00417752 0)
(0.0442813 0.00414971 0)
(0.0458183 0.004088 0)
(0.0473133 0.00399167 0)
(0.0487565 0.00386054 0)
(0.0501385 0.00369496 0)
(0.0514498 0.00349591 0)
(0.0526814 0.00326494 0)
(0.0538248 0.00300429 0)
(0.0548721 0.00271683 0)
(0.0558159 0.00240607 0)
(0.0566497 0.00207611 0)
(0.0573677 0.00173162 0)
(0.0579653 0.00137778 0)
(0.0584387 0.00102014 0)
(0.0587853 0.00066455 0)
(0.0590036 0.000317032 0)
(0.0590935 -1.63781e-05 0)
(0.0590565 -0.00032979 0)
(0.0588955 -0.000617645 0)
(0.0586156 -0.00087491 0)
(0.0582236 -0.00109728 0)
(0.0577285 -0.00128138 0)
(0.0571416 -0.00142494 0)
(0.0564763 -0.00152688 0)
(0.0557478 -0.00158744 0)
(0.054973 -0.00160806 0)
(0.0541697 -0.00159131 0)
(0.0533561 -0.00154065 0)
(0.0525498 -0.00146015 0)
(0.0517678 -0.00135419 0)
(0.0510248 -0.00122721 0)
(0.050334 -0.00108349 0)
(0.0497056 -0.000927027 0)
(0.0491478 -0.000761456 0)
(0.048666 -0.000590081 0)
(0.0482635 -0.000415917 0)
(0.0479416 -0.00024175 0)
(0.0476997 -7.02003e-05 0)
(0.0475359 9.62385e-05 0)
(0.047447 0.000255183 0)
(0.0474288 0.00040436 0)
(0.0474763 0.000541634 0)
(0.0475838 0.000665039 0)
(0.047745 0.000772829 0)
(0.0479534 0.000863522 0)
(0.0482019 0.000935957 0)
(0.0484835 0.00098934 0)
(0.0487908 0.00102328 0)
(0.0491167 0.00103784 0)
(0.049454 0.00103352 0)
(0.0497957 0.0010113 0)
(0.0501352 0.000972598 0)
(0.0504664 0.00091924 0)
(0.0507837 0.000853408 0)
(0.051082 0.000777557 0)
(0.0513572 0.000694326 0)
(0.051606 0.000606431 0)
(0.0518259 0.000516563 0)
(0.0520154 0.000427278 0)
(0.0521739 0.000340905 0)
(0.0523017 0.000259464 0)
(0.0523999 0.00018461 0)
(0.0524704 0.000117598 0)
(0.0525157 5.92706e-05 0)
(0.0525385 1.00725e-05 0)
(0.0525422 -2.99222e-05 0)
(0.0525301 -6.09635e-05 0)
(0.0525056 -8.3572e-05 0)
(0.0524719 -9.84796e-05 0)
(0.0524321 -0.00010657 0)
(0.052389 -0.00010882 0)
(0.0523448 -0.000106251 0)
(0.0523017 -9.98807e-05 0)
(0.0522612 -9.06871e-05 0)
(0.0522245 -7.95782e-05 0)
(0.0521923 -6.73698e-05 0)
(0.0521652 -5.47706e-05 0)
(0.0521433 -4.23736e-05 0)
(0.0521264 -3.06529e-05 0)
(0.0521144 -1.99665e-05 0)
(0.0521068 -1.05621e-05 0)
(0.0521029 -2.58675e-06 0)
(0.0521023 3.90122e-06 0)
(0.0521043 8.91844e-06 0)
(0.0521082 1.25421e-05 0)
(0.0521135 1.48954e-05 0)
(0.0521197 1.61336e-05 0)
(0.0521263 1.64306e-05 0)
(0.0521329 1.5968e-05 0)
(0.0521392 1.49248e-05 0)
(0.0521451 1.34699e-05 0)
(0.0521503 1.17559e-05 0)
(0.0521547 9.9155e-06 0)
(0.0521584 8.05907e-06 0)
(0.0521613 6.27401e-06 0)
(0.0521636 4.62545e-06 0)
(0.0521651 3.15775e-06 0)
(0.0521661 1.89693e-06 0)
(0.0521666 8.53354e-07 0)
(0.0521667 2.46719e-08 0)
(0.0521666 -6.01172e-07 0)
(0.0521662 -1.04337e-06 0)
(0.0521657 -1.325e-06 0)
(0.0521651 -1.47583e-06 0)
(0.0521645 -1.50928e-06 0)
(0.0521639 -1.4922e-06 0)
(0.0521633 -1.39236e-06 0)
(0.126585 -0.00128318 0)
(0.126047 -0.00154981 0)
(0.125401 -0.00180153 0)
(0.124655 -0.00202531 0)
(0.123819 -0.00221666 0)
(0.122903 -0.00237683 0)
(0.121911 -0.00250999 0)
(0.120849 -0.00262136 0)
(0.119723 -0.0027162 0)
(0.118534 -0.00279931 0)
(0.117286 -0.00287491 0)
(0.115982 -0.00294664 0)
(0.114622 -0.00301769 0)
(0.113206 -0.00309084 0)
(0.111734 -0.00316858 0)
(0.110203 -0.00325312 0)
(0.108611 -0.00334638 0)
(0.106951 -0.00345006 0)
(0.10522 -0.0035655 0)
(0.103409 -0.00369373 0)
(0.101511 -0.00383531 0)
(0.0995161 -0.0039903 0)
(0.097414 -0.00415815 0)
(0.0951928 -0.00433761 0)
(0.0928397 -0.00452656 0)
(0.0903411 -0.00472192 0)
(0.087683 -0.0049195 0)
(0.0848507 -0.00511381 0)
(0.0818305 -0.00529786 0)
(0.0786094 -0.005463 0)
(0.0751767 -0.00559876 0)
(0.0715257 -0.00569284 0)
(0.0676549 -0.00573162 0)
(0.0635713 -0.00570115 0)
(0.0592922 -0.00558923 0)
(0.0548488 -0.00538796 0)
(0.0502871 -0.00509638 0)
(0.0456691 -0.00472223 0)
(0.0410716 -0.00428211 0)
(0.0365836 -0.00380004 0)
(0.0323003 -0.00330449 0)
(0.0283122 -0.00282469 0)
(0.0246898 -0.00238642 0)
(0.021471 -0.00200771 0)
(0.0186593 -0.00169586 0)
(0.0162323 -0.00144764 0)
(0.014154 -0.00125198 0)
(0.0123835 -0.00109361 0)
(0.0108803 -0.000957104 0)
(0.00960565 -0.000830983 0)
(0.00852511 -0.000710291 0)
(0.00760918 -0.000596045 0)
(0.00683397 -0.000492238 0)
(0.00618064 -0.000402606 0)
(0.00563413 -0.000328851 0)
(0.00518189 -0.000270473 0)
(0.00481303 -0.00022544 0)
(0.00451785 -0.000191006 0)
(0.00428791 -0.000164317 0)
(0.00411605 -0.000142774 0)
(0.00399654 -0.00012417 0)
(0.00392508 -0.000106676 0)
(0.00389875 -8.87471e-05 0)
(0.00391585 -6.9001e-05 0)
(0.00397583 -4.61233e-05 0)
(0.00407912 -1.88178e-05 0)
(0.00422697 1.41962e-05 0)
(0.00442133 5.4151e-05 0)
(0.0046647 0.000102179 0)
(0.00495998 0.000159256 0)
(0.00531029 0.000226145 0)
(0.00571883 0.00030336 0)
(0.00618876 0.000391128 0)
(0.00672303 0.000489379 0)
(0.00732426 0.000597734 0)
(0.00799463 0.000715517 0)
(0.0087358 0.000841769 0)
(0.0095488 0.000975264 0)
(0.010434 0.00111454 0)
(0.011391 0.00125794 0)
(0.0124187 0.00140361 0)
(0.0135152 0.00154958 0)
(0.0146777 0.00169376 0)
(0.0159028 0.00183397 0)
(0.0171859 0.00196802 0)
(0.0185221 0.00209367 0)
(0.0199055 0.00220873 0)
(0.0213293 0.00231103 0)
(0.0227861 0.00239851 0)
(0.024268 0.0024692 0)
(0.0257662 0.00252131 0)
(0.0272714 0.0025532 0)
(0.028774 0.0025635 0)
(0.0302637 0.00255107 0)
(0.03173 0.0025151 0)
(0.0331622 0.00245513 0)
(0.0345492 0.00237108 0)
(0.0358803 0.00226331 0)
(0.0371447 0.00213264 0)
(0.0383318 0.0019804 0)
(0.0394316 0.0018084 0)
(0.0404347 0.00161899 0)
(0.0413322 0.00141499 0)
(0.0421165 0.00119972 0)
(0.042781 0.000976912 0)
(0.0433204 0.000750638 0)
(0.0437309 0.000525224 0)
(0.0440109 0.000305112 0)
(0.0441603 9.47127e-05 0)
(0.0441814 -0.00010177 0)
(0.044079 -0.000280527 0)
(0.0438603 -0.000438327 0)
(0.0435347 -0.000572689 0)
(0.0431143 -0.000682009 0)
(0.0426131 -0.000765625 0)
(0.0420465 -0.000823809 0)
(0.0414315 -0.000857674 0)
(0.0407853 -0.000869004 0)
(0.0401249 -0.00086004 0)
(0.0394666 -0.00083325 0)
(0.0388254 -0.000791119 0)
(0.0382144 -0.000736 0)
(0.0376449 -0.00067002 0)
(0.0371262 -0.000595059 0)
(0.0366654 -0.000512777 0)
(0.0362678 -0.000424663 0)
(0.035937 -0.000332108 0)
(0.0356749 -0.000236459 0)
(0.0354824 -0.00013907 0)
(0.0353588 -4.1328e-05 0)
(0.0353026 5.53303e-05 0)
(0.0353114 0.000149429 0)
(0.0353817 0.000239471 0)
(0.0355096 0.00032397 0)
(0.0356901 0.000401489 0)
(0.0359179 0.000470686 0)
(0.036187 0.00053036 0)
(0.0364911 0.0005795 0)
(0.0368233 0.000617324 0)
(0.0371767 0.000643322 0)
(0.0375442 0.00065728 0)
(0.0379188 0.000659305 0)
(0.0382935 0.000649827 0)
(0.0386619 0.000629595 0)
(0.0390177 0.000599651 0)
(0.0393554 0.000561292 0)
(0.0396703 0.000516022 0)
(0.0399583 0.000465484 0)
(0.0402166 0.000411393 0)
(0.0404431 0.000355458 0)
(0.0406366 0.000299318 0)
(0.0407972 0.000244475 0)
(0.0409257 0.000192241 0)
(0.0410238 0.000143706 0)
(0.0410936 9.97137e-05 0)
(0.041138 6.08539e-05 0)
(0.0411603 2.74724e-05 0)
(0.0411638 -3.11685e-07 0)
(0.0411521 -2.25793e-05 0)
(0.0411284 -3.95793e-05 0)
(0.0410961 -5.16949e-05 0)
(0.041058 -5.9409e-05 0)
(0.0410169 -6.32721e-05 0)
(0.040975 -6.38716e-05 0)
(0.0409341 -6.18065e-05 0)
(0.0408956 -5.76638e-05 0)
(0.0408608 -5.20008e-05 0)
(0.0408302 -4.53304e-05 0)
(0.0408044 -3.81097e-05 0)
(0.0407834 -3.07338e-05 0)
(0.0407672 -2.3531e-05 0)
(0.0407555 -1.67623e-05 0)
(0.0407479 -1.06229e-05 0)
(0.0407438 -5.24605e-06 0)
(0.0407429 -7.08412e-07 0)
(0.0407443 2.96281e-06 0)
(0.0407477 5.78226e-06 0)
(0.0407525 7.79821e-06 0)
(0.0407581 9.08429e-06 0)
(0.0407642 9.73164e-06 0)
(0.0407704 9.84152e-06 0)
(0.0407764 9.51892e-06 0)
(0.0407819 8.86703e-06 0)
(0.040787 7.98291e-06 0)
(0.0407913 6.95423e-06 0)
(0.040795 5.85705e-06 0)
(0.040798 4.75461e-06 0)
(0.0408003 3.69701e-06 0)
(0.0408019 2.72155e-06 0)
(0.0408031 1.85366e-06 0)
(0.0408037 1.10818e-06 0)
(0.040804 4.90984e-07 0)
(0.040804 5.76214e-10 0)
(0.0408037 -3.70128e-07 0)
(0.0408033 -6.33141e-07 0)
(0.0408028 -7.99657e-07 0)
(0.0408022 -8.95627e-07 0)
(0.0408017 -9.12232e-07 0)
(0.0408011 -9.09142e-07 0)
(0.0408005 -8.95874e-07 0)
(0.0881506 -0.000844067 0)
(0.0874225 -0.00100818 0)
(0.0865676 -0.00114881 0)
(0.0855977 -0.00125825 0)
(0.0845289 -0.00133634 0)
(0.083377 -0.00138784 0)
(0.0821559 -0.00141947 0)
(0.0808767 -0.0014379 0)
(0.0795481 -0.0014487 0)
(0.0781762 -0.00145609 0)
(0.0767646 -0.00146314 0)
(0.0753155 -0.001472 0)
(0.073829 -0.00148418 0)
(0.0723039 -0.00150081 0)
(0.0707375 -0.00152267 0)
(0.0691262 -0.00155034 0)
(0.067465 -0.00158411 0)
(0.065748 -0.00162404 0)
(0.0639684 -0.00166987 0)
(0.0621187 -0.00172099 0)
(0.0601908 -0.00177636 0)
(0.0581764 -0.00183452 0)
(0.0560671 -0.00189346 0)
(0.0538549 -0.00195066 0)
(0.0515328 -0.00200305 0)
(0.0490956 -0.00204708 0)
(0.0465403 -0.00207876 0)
(0.0438678 -0.00209381 0)
(0.0410836 -0.00208792 0)
(0.0381995 -0.00205697 0)
(0.0352353 -0.0019975 0)
(0.0322197 -0.00190724 0)
(0.0291901 -0.00178581 0)
(0.0261919 -0.00163566 0)
(0.0232738 -0.00146284 0)
(0.0204831 -0.00127727 0)
(0.0178597 -0.00109193 0)
(0.0154329 -0.000921247 0)
(0.0132201 -0.000779003 0)
(0.0112282 -0.000675054 0)
(0.00945671 -0.000610179 0)
(0.00790006 -0.000572264 0)
(0.00654778 -0.000539733 0)
(0.00538401 -0.000492758 0)
(0.00438857 -0.000423909 0)
(0.00353947 -0.000339927 0)
(0.00281545 -0.000254939 0)
(0.0021978 -0.000181783 0)
(0.00167124 -0.000127067 0)
(0.00122397 -9.10659e-05 0)
(0.000846523 -7.0259e-05 0)
(0.000530358 -5.9943e-05 0)
(0.000266997 -5.57952e-05 0)
(4.80184e-05 -5.45396e-05 0)
(-0.000134461 -5.41365e-05 0)
(-0.000287324 -5.36928e-05 0)
(-0.000416251 -5.31578e-05 0)
(-0.000525731 -5.29166e-05 0)
(-0.000619179 -5.34225e-05 0)
(-0.000699065 -5.4963e-05 0)
(-0.000767033 -5.75683e-05 0)
(-0.000823977 -6.10159e-05 0)
(-0.000870088 -6.48785e-05 0)
(-0.000904876 -6.85775e-05 0)
(-0.000927162 -7.14302e-05 0)
(-0.000935082 -7.26878e-05 0)
(-0.000926098 -7.15682e-05 0)
(-0.000897032 -6.72874e-05 0)
(-0.000844135 -5.90902e-05 0)
(-0.000763175 -4.6281e-05 0)
(-0.000649561 -2.82537e-05 0)
(-0.000498472 -4.5195e-06 0)
(-0.000305011 2.52691e-05 0)
(-6.43499e-05 6.12989e-05 0)
(0.000228117 0.000103583 0)
(0.000576631 0.000151953 0)
(0.000984938 0.00020606 0)
(0.00145617 0.00026538 0)
(0.00199275 0.000329222 0)
(0.00259631 0.000396745 0)
(0.00326761 0.00046698 0)
(0.00400649 0.000538841 0)
(0.00481187 0.000611159 0)
(0.00568168 0.000682693 0)
(0.00661291 0.000752162 0)
(0.00760155 0.000818263 0)
(0.00864268 0.000879699 0)
(0.00973043 0.000935195 0)
(0.0108581 0.00098353 0)
(0.012018 0.00102355 0)
(0.013202 0.00105422 0)
(0.014401 0.00107461 0)
(0.0156053 0.00108394 0)
(0.0168047 0.00108164 0)
(0.0179889 0.00106731 0)
(0.0191469 0.0010408 0)
(0.0202678 0.00100223 0)
(0.0213409 0.000951992 0)
(0.0223554 0.000890763 0)
(0.0233012 0.000819535 0)
(0.0241688 0.000739597 0)
(0.0249497 0.00065252 0)
(0.0256363 0.000560127 0)
(0.0262227 0.000464439 0)
(0.0267044 0.000367612 0)
(0.0270789 0.000271848 0)
(0.0273455 0.000179295 0)
(0.027506 9.19459e-05 0)
(0.027564 1.153e-05 0)
(0.0275255 -6.05735e-05 0)
(0.0273984 -0.0001234 0)
(0.0271924 -0.000176425 0)
(0.0269185 -0.00021955 0)
(0.0265888 -0.000253048 0)
(0.0262157 -0.000277476 0)
(0.0258118 -0.000293577 0)
(0.0253893 -0.000302181 0)
(0.0249595 -0.000304122 0)
(0.0245328 -0.00030018 0)
(0.0241183 -0.000291043 0)
(0.0237239 -0.000277296 0)
(0.0233565 -0.000259428 0)
(0.0230215 -0.000237844 0)
(0.0227237 -0.000212894 0)
(0.0224667 -0.000184892 0)
(0.0222533 -0.000154157 0)
(0.0220858 -0.000121028 0)
(0.0219654 -8.58974e-05 0)
(0.0218928 -4.92212e-05 0)
(0.0218681 -1.15316e-05 0)
(0.0218906 2.65652e-05 0)
(0.0219588 6.43986e-05 0)
(0.0220706 0.000101251 0)
(0.0222232 0.000136382 0)
(0.0224131 0.000169058 0)
(0.0226364 0.000198577 0)
(0.0228883 0.000224307 0)
(0.0231638 0.000245707 0)
(0.0234575 0.000262354 0)
(0.0237638 0.000273965 0)
(0.024077 0.000280407 0)
(0.0243913 0.000281707 0)
(0.0247013 0.000278046 0)
(0.0250019 0.000269758 0)
(0.0252884 0.000257307 0)
(0.0255569 0.000241268 0)
(0.0258039 0.000222297 0)
(0.026027 0.000201102 0)
(0.0262243 0.000178412 0)
(0.0263949 0.000154942 0)
(0.0265387 0.000131367 0)
(0.0266562 0.000108302 0)
(0.0267486 8.62799e-05 0)
(0.0268177 6.57401e-05 0)
(0.0268656 4.70253e-05 0)
(0.0268948 3.03788e-05 0)
(0.0269078 1.59492e-05 0)
(0.0269075 3.79721e-06 0)
(0.0268963 -6.09395e-06 0)
(0.026877 -1.38076e-05 0)
(0.0268518 -1.94815e-05 0)
(0.026823 -2.32953e-05 0)
(0.0267922 -2.54588e-05 0)
(0.0267613 -2.62012e-05 0)
(0.0267313 -2.57603e-05 0)
(0.0267033 -2.43737e-05 0)
(0.0266782 -2.22714e-05 0)
(0.0266562 -1.96687e-05 0)
(0.0266378 -1.67615e-05 0)
(0.0266229 -1.37226e-05 0)
(0.0266115 -1.0699e-05 0)
(0.0266034 -7.81067e-06 0)
(0.0265983 -5.15061e-06 0)
(0.0265957 -2.78573e-06 0)
(0.0265953 -7.58579e-07 0)
(0.0265967 9.10179e-07 0)
(0.0265995 2.21882e-06 0)
(0.0266032 3.18131e-06 0)
(0.0266076 3.82385e-06 0)
(0.0266122 4.18161e-06 0)
(0.0266169 4.29546e-06 0)
(0.0266215 4.20911e-06 0)
(0.0266257 3.96662e-06 0)
(0.0266295 3.61031e-06 0)
(0.0266328 3.17912e-06 0)
(0.0266356 2.70753e-06 0)
(0.0266379 2.22476e-06 0)
(0.0266397 1.75452e-06 0)
(0.0266409 1.31494e-06 0)
(0.0266418 9.18933e-07 0)
(0.0266424 5.74588e-07 0)
(0.0266426 2.85889e-07 0)
(0.0266426 5.30962e-08 0)
(0.0266424 -1.25509e-07 0)
(0.0266421 -2.56439e-07 0)
(0.0266417 -3.40059e-07 0)
(0.0266413 -3.97508e-07 0)
(0.0266408 -4.10537e-07 0)
(0.0266405 -4.13073e-07 0)
(0.0266399 -4.63694e-07 0)
(0.0326221 -0.00024835 0)
(0.0319903 -0.000273677 0)
(0.0312909 -0.000278392 0)
(0.0305498 -0.00026632 0)
(0.0297873 -0.000244537 0)
(0.0290163 -0.000220165 0)
(0.028243 -0.000198272 0)
(0.0274694 -0.000181367 0)
(0.0266953 -0.000169931 0)
(0.0259197 -0.00016329 0)
(0.0251409 -0.000160351 0)
(0.0243569 -0.000160055 0)
(0.0235657 -0.000161559 0)
(0.0227646 -0.000164255 0)
(0.0219511 -0.000167695 0)
(0.0211224 -0.000171508 0)
(0.0202756 -0.000175326 0)
(0.0194082 -0.000178733 0)
(0.0185178 -0.000181243 0)
(0.0176027 -0.000182289 0)
(0.016662 -0.000181241 0)
(0.0156958 -0.000177437 0)
(0.0147054 -0.000170239 0)
(0.0136935 -0.000159116 0)
(0.0126643 -0.000143765 0)
(0.0116238 -0.000124259 0)
(0.0105791 -0.000101221 0)
(0.00953861 -7.60027e-05 0)
(0.00851161 -5.07943e-05 0)
(0.00750745 -2.85942e-05 0)
(0.00653526 -1.28721e-05 0)
(0.00560354 -6.80017e-06 0)
(0.00472023 -1.20522e-05 0)
(0.00389297 -2.7519e-05 0)
(0.00312959 -4.86889e-05 0)
(0.00243788 -6.84467e-05 0)
(0.00182467 -7.93335e-05 0)
(0.00129393 -7.63313e-05 0)
(0.000844481 -5.88384e-05 0)
(0.000468282 -3.08437e-05 0)
(0.000151176 8.72584e-07 0)
(-0.000122409 2.95021e-05 0)
(-0.000363107 5.02808e-05 0)
(-0.000573504 6.10749e-05 0)
(-0.000750749 6.19973e-05 0)
(-0.000892211 5.4824e-05 0)
(-0.000999495 4.24642e-05 0)
(-0.00107861 2.83706e-05 0)
(-0.00113748 1.57694e-05 0)
(-0.00118317 6.85235e-06 0)
(-0.0012206 2.30384e-06 0)
(-0.00125263 1.43426e-06 0)
(-0.00128084 2.79113e-06 0)
(-0.00130618 4.85431e-06 0)
(-0.00132937 6.49473e-06 0)
(-0.00135108 7.11765e-06 0)
(-0.00137208 6.58446e-06 0)
(-0.00139321 5.04433e-06 0)
(-0.00141538 2.76874e-06 0)
(-0.00143944 3.18222e-08 0)
(-0.00146614 -2.95406e-06 0)
(-0.00149605 -6.05633e-06 0)
(-0.00152948 -9.20955e-06 0)
(-0.00156652 -1.23882e-05 0)
(-0.0016069 -1.55778e-05 0)
(-0.00165003 -1.87515e-05 0)
(-0.00169496 -2.18559e-05 0)
(-0.00174031 -2.4805e-05 0)
(-0.0017843 -2.74819e-05 0)
(-0.00182473 -2.97439e-05 0)
(-0.00185903 -3.14324e-05 0)
(-0.00188426 -3.23827e-05 0)
(-0.00189721 -3.2435e-05 0)
(-0.00189445 -3.14448e-05 0)
(-0.00187246 -2.92926e-05 0)
(-0.00182768 -2.58912e-05 0)
(-0.00175665 -2.11925e-05 0)
(-0.00165612 -1.51913e-05 0)
(-0.00152313 -7.92735e-06 0)
(-0.00135515 5.14653e-07 0)
(-0.00115012 1.00065e-05 0)
(-0.000906571 2.03803e-05 0)
(-0.000623659 3.14324e-05 0)
(-0.000301238 4.29301e-05 0)
(6.01163e-05 5.46173e-05 0)
(0.000459082 6.62219e-05 0)
(0.000893583 7.74637e-05 0)
(0.0013608 8.80619e-05 0)
(0.0018572 9.77434e-05 0)
(0.00237856 0.000106251 0)
(0.00292002 0.000113353 0)
(0.00347619 0.000118849 0)
(0.00404118 0.00012258 0)
(0.00460874 0.000124435 0)
(0.00517235 0.000124359 0)
(0.00572537 0.000122356 0)
(0.00626118 0.000118494 0)
(0.00677335 0.000112903 0)
(0.00725577 0.000105776 0)
(0.00770285 9.73563e-05 0)
(0.00810968 8.79326e-05 0)
(0.00847217 7.78191e-05 0)
(0.0087872 6.73394e-05 0)
(0.00905271 5.68054e-05 0)
(0.00926778 4.64977e-05 0)
(0.00943263 3.66492e-05 0)
(0.00954861 2.74342e-05 0)
(0.00961811 1.89647e-05 0)
(0.00964443 1.12949e-05 0)
(0.00963158 4.43244e-06 0)
(0.00958412 -1.64708e-06 0)
(0.00950693 -6.98546e-06 0)
(0.00940501 -1.16306e-05 0)
(0.00928326 -1.56302e-05 0)
(0.0091464 -1.90304e-05 0)
(0.00899878 -2.18772e-05 0)
(0.0088444 -2.42169e-05 0)
(0.00868682 -2.60953e-05 0)
(0.00852919 -2.75528e-05 0)
(0.00837434 -2.86177e-05 0)
(0.00822474 -2.93013e-05 0)
(0.00808265 -2.95938e-05 0)
(0.00795011 -2.94669e-05 0)
(0.00782899 -2.88786e-05 0)
(0.00772107 -2.77823e-05 0)
(0.00762796 -2.61357e-05 0)
(0.00755116 -2.391e-05 0)
(0.007492 -2.10967e-05 0)
(0.00745159 -1.77117e-05 0)
(0.00743081 -1.37976e-05 0)
(0.00743019 -9.42324e-06 0)
(0.00744996 -4.68122e-06 0)
(0.00748993 3.15638e-07 0)
(0.00754949 5.4395e-06 0)
(0.00762764 1.05534e-05 0)
(0.00772295 1.55174e-05 0)
(0.00783361 2.01953e-05 0)
(0.00795747 2.44605e-05 0)
(0.0080921 2.82015e-05 0)
(0.00823486 3.13269e-05 0)
(0.00838299 3.3768e-05 0)
(0.00853368 3.54822e-05 0)
(0.00868417 3.64527e-05 0)
(0.00883182 3.66888e-05 0)
(0.0089742 3.6224e-05 0)
(0.00910918 3.51133e-05 0)
(0.00923494 3.34296e-05 0)
(0.00935004 3.12595e-05 0)
(0.0094534 2.86986e-05 0)
(0.00954437 2.58477e-05 0)
(0.00962266 2.28073e-05 0)
(0.00968834 1.96748e-05 0)
(0.0097418 1.65406e-05 0)
(0.00978368 1.34855e-05 0)
(0.00981485 1.05791e-05 0)
(0.00983636 7.87848e-06 0)
(0.00984935 5.42779e-06 0)
(0.00985503 3.25837e-06 0)
(0.00985463 1.38932e-06 0)
(0.00984937 -1.71634e-07 0)
(0.00984038 -1.42692e-06 0)
(0.00982875 -2.3878e-06 0)
(0.00981543 -3.07293e-06 0)
(0.00980127 -3.50683e-06 0)
(0.00978699 -3.71842e-06 0)
(0.0097732 -3.73953e-06 0)
(0.00976034 -3.60347e-06 0)
(0.00974877 -3.34376e-06 0)
(0.0097387 -2.99293e-06 0)
(0.00973028 -2.58156e-06 0)
(0.00972352 -2.13739e-06 0)
(0.0097184 -1.68476e-06 0)
(0.00971482 -1.24416e-06 0)
(0.00971263 -8.32018e-07 0)
(0.00971166 -4.60711e-07 0)
(0.00971172 -1.38669e-07 0)
(0.00971261 1.29307e-07 0)
(0.00971413 3.41647e-07 0)
(0.00971609 4.99527e-07 0)
(0.00971833 6.06339e-07 0)
(0.00972071 6.6714e-07 0)
(0.00972308 6.88125e-07 0)
(0.00972537 6.76132e-07 0)
(0.00972748 6.38195e-07 0)
(0.00972938 5.81183e-07 0)
(0.00973102 5.11497e-07 0)
(0.00973239 4.34857e-07 0)
(0.00973349 3.56156e-07 0)
(0.00973434 2.79387e-07 0)
(0.00973496 2.07632e-07 0)
(0.00973537 1.43075e-07 0)
(0.0097356 8.71349e-08 0)
(0.00973569 4.0369e-08 0)
(0.00973566 3.13121e-09 0)
(0.00973555 -2.58613e-08 0)
(0.00973537 -4.55596e-08 0)
(0.00973517 -6.11544e-08 0)
(0.00973491 -6.89663e-08 0)
(0.00973474 -6.89088e-08 0)
(0.00973437 -1.1645e-07 0)
)
;

boundaryField
{
    inlet
    {
        type            fixedProfile;
        profile         table
        
21
(
(0 (0 0 0))
(0.05 (0.0285 0 0))
(0.1 (0.054 0 0))
(0.15 (0.0765 0 0))
(0.2 (0.096 0 0))
(0.25 (0.1125 0 0))
(0.3 (0.126 0 0))
(0.35 (0.1365 0 0))
(0.4 (0.144 0 0))
(0.45 (0.1485 0 0))
(0.5 (0.15 0 0))
(0.55 (0.1485 0 0))
(0.6 (0.144 0 0))
(0.65 (0.1365 0 0))
(0.7 (0.126 0 0))
(0.75 (0.1125 0 0))
(0.8 (0.096 0 0))
(0.85 (0.0765 0 0))
(0.9 (0.054 0 0))
(0.95 (0.0285 0 0))
(1 (0 0 0))
)
;
        direction       (0 1 0);
        origin          1;
        value           nonuniform List<vector> 8((0.034875 0 0) (0.091125 0 0) (0.128625 0 0) (0.147375 0 0) (0.147375 0 0) (0.128625 0 0) (0.091125 0 0) (0.034875 0 0));
    }
    outlet
    {
        type            zeroGradient;
    }
    walls
    {
        type            noSlip;
    }
    symwall
    {
        type            empty;
    }
}


// ************************************************************************* //
