/*--------------------------------*- C++ -*----------------------------------*\
| =========                 |                                                 |
| \\      /  F ield         | OpenFOAM: The Open Source CFD Toolbox           |
|  \\    /   O peration     | Version:  4.1                                   |
|   \\  /    A nd           | Web:      www.OpenFOAM.org                      |
|    \\/     M anipulation  |                                                 |
\*---------------------------------------------------------------------------*/
FoamFile
{
    version     2.0;
    format      ascii;
    class       volVectorField;
    location    "600";
    object      U;
}
// * * * * * * * * * * * * * * * * * * * * * * * * * * * * * * * * * * * * * //

dimensions      [0 1 -1 0 0 0 0];

internalField   nonuniform List<vector> 
3264
(
(-2.64718e-06 -4.91334e-07 0)
(-0.000133151 3.05546e-05 0)
(-0.000389787 4.86579e-05 0)
(-0.000677098 5.09955e-05 0)
(-0.000979127 5.27209e-05 0)
(-0.00128526 5.2126e-05 0)
(-0.00159016 5.34264e-05 0)
(-0.0018952 5.40702e-05 0)
(-0.0021958 5.51753e-05 0)
(-0.00249267 5.58031e-05 0)
(-0.00278326 5.63645e-05 0)
(-0.00306777 5.66156e-05 0)
(-0.00334516 5.67197e-05 0)
(-0.00361552 5.66399e-05 0)
(-0.00387855 5.64509e-05 0)
(-0.00413439 5.61672e-05 0)
(-0.00438307 5.58295e-05 0)
(-0.00462477 5.54593e-05 0)
(-0.00485965 5.50825e-05 0)
(-0.00508792 5.47173e-05 0)
(-0.0053098 5.43815e-05 0)
(-0.0055255 5.40889e-05 0)
(-0.00573521 5.38515e-05 0)
(-0.0059391 5.36781e-05 0)
(-0.0061373 5.35747e-05 0)
(-0.00632991 5.35437e-05 0)
(-0.00651694 5.35834e-05 0)
(-0.00669834 5.36874e-05 0)
(-0.00687396 5.38434e-05 0)
(-0.00704355 5.40329e-05 0)
(-0.00720672 5.42302e-05 0)
(-0.00736296 5.44021e-05 0)
(-0.0075116 5.45073e-05 0)
(-0.00765181 5.44965e-05 0)
(-0.00778258 5.43131e-05 0)
(-0.00790275 5.38934e-05 0)
(-0.00801096 5.31687e-05 0)
(-0.00810572 5.20662e-05 0)
(-0.00818537 5.05123e-05 0)
(-0.00824812 4.84344e-05 0)
(-0.00829211 4.57641e-05 0)
(-0.00831536 4.24403e-05 0)
(-0.0083159 3.84123e-05 0)
(-0.00829174 3.36424e-05 0)
(-0.00824097 2.81086e-05 0)
(-0.00816175 2.18064e-05 0)
(-0.0080524 1.47503e-05 0)
(-0.00791143 6.9749e-06 0)
(-0.00773758 -1.46552e-06 0)
(-0.00752986 -1.04972e-05 0)
(-0.00728759 -2.00283e-05 0)
(-0.00701042 -2.99506e-05 0)
(-0.00669836 -4.01418e-05 0)
(-0.00635181 -5.04684e-05 0)
(-0.00597153 -6.07886e-05 0)
(-0.00555869 -7.09555e-05 0)
(-0.00511481 -8.08206e-05 0)
(-0.00464181 -9.02373e-05 0)
(-0.00414195 -9.90639e-05 0)
(-0.00361781 -0.000107168 0)
(-0.00307227 -0.000114427 0)
(-0.00250847 -0.000120734 0)
(-0.00192976 -0.000126 0)
(-0.00133968 -0.000130151 0)
(-0.000741873 -0.000133139 0)
(-0.00014007 -0.000134933 0)
(0.000461977 -0.000135526 0)
(0.00106055 -0.000134934 0)
(0.00165202 -0.000133195 0)
(0.00223287 -0.000130367 0)
(0.00279979 -0.000126526 0)
(0.00334968 -0.000121766 0)
(0.00387972 -0.000116197 0)
(0.00438738 -0.000109936 0)
(0.00487045 -0.00010311 0)
(0.00532709 -9.58512e-05 0)
(0.0057558 -8.82908e-05 0)
(0.00615545 -8.05584e-05 0)
(0.0065253 -7.27773e-05 0)
(0.00686494 -6.50629e-05 0)
(0.00717431 -5.75191e-05 0)
(0.00745367 -5.02377e-05 0)
(0.00770356 -4.32963e-05 0)
(0.00792482 -3.67578e-05 0)
(0.00811847 -3.06703e-05 0)
(0.00828577 -2.50678e-05 0)
(0.00842811 -1.99703e-05 0)
(0.008547 -1.53856e-05 0)
(0.00864406 -1.13104e-05 0)
(0.00872096 -7.73189e-06 0)
(0.00877938 -4.62983e-06 0)
(0.00882101 -1.97782e-06 0)
(0.00884752 2.54818e-07 0)
(0.00886054 2.10165e-06 0)
(0.00886161 3.59775e-06 0)
(0.00885222 4.77853e-06 0)
(0.00883378 5.6789e-06 0)
(0.00880759 6.33245e-06 0)
(0.00877488 6.77094e-06 0)
(0.00873675 7.02397e-06 0)
(0.00869423 7.11871e-06 0)
(0.00864824 7.07985e-06 0)
(0.00859962 6.92956e-06 0)
(0.0085491 6.68762e-06 0)
(0.00849733 6.3715e-06 0)
(0.00844491 5.99655e-06 0)
(0.00839233 5.57617e-06 0)
(0.00834002 5.12197e-06 0)
(0.00828836 4.64398e-06 0)
(0.00823766 4.15081e-06 0)
(0.00818819 3.64982e-06 0)
(0.00814017 3.14724e-06 0)
(0.00809375 2.64833e-06 0)
(0.0080491 2.15748e-06 0)
(0.0080063 1.67831e-06 0)
(0.00796543 1.21378e-06 0)
(0.00792655 7.6627e-07 0)
(0.00788968 3.37631e-07 0)
(0.00785483 -7.07327e-08 0)
(0.007822 -4.57811e-07 0)
(0.00779117 -8.2294e-07 0)
(0.00776231 -1.16575e-06 0)
(0.00773538 -1.48615e-06 0)
(0.00771033 -1.78423e-06 0)
(0.00768712 -2.06031e-06 0)
(0.00766568 -2.31486e-06 0)
(0.00764597 -2.54848e-06 0)
(0.00762791 -2.76187e-06 0)
(0.00761146 -2.95584e-06 0)
(0.00759655 -3.13127e-06 0)
(0.00758312 -3.28909e-06 0)
(0.00757112 -3.43026e-06 0)
(0.00756048 -3.5558e-06 0)
(0.00755117 -3.66671e-06 0)
(0.00754312 -3.76403e-06 0)
(0.00753629 -3.84878e-06 0)
(0.00753063 -3.92198e-06 0)
(0.00752611 -3.98464e-06 0)
(0.00752269 -4.03773e-06 0)
(0.00752033 -4.08221e-06 0)
(0.007519 -4.11903e-06 0)
(0.00751868 -4.14908e-06 0)
(0.00751934 -4.17323e-06 0)
(0.00752096 -4.19232e-06 0)
(0.00752352 -4.20715e-06 0)
(0.00752701 -4.21846e-06 0)
(0.00753141 -4.22699e-06 0)
(0.00753671 -4.23342e-06 0)
(0.00754291 -4.23838e-06 0)
(0.00755 -4.24248e-06 0)
(0.00755797 -4.24628e-06 0)
(0.00756683 -4.2503e-06 0)
(0.00757657 -4.25502e-06 0)
(0.0075872 -4.26088e-06 0)
(0.00759871 -4.2683e-06 0)
(0.00761111 -4.27763e-06 0)
(0.0076244 -4.28921e-06 0)
(0.00763858 -4.30332e-06 0)
(0.00765367 -4.32021e-06 0)
(0.00766966 -4.34011e-06 0)
(0.00768655 -4.36318e-06 0)
(0.00770436 -4.38959e-06 0)
(0.00772309 -4.41943e-06 0)
(0.00774274 -4.45277e-06 0)
(0.00776331 -4.48966e-06 0)
(0.0077848 -4.53009e-06 0)
(0.00780722 -4.57404e-06 0)
(0.00783056 -4.62144e-06 0)
(0.00785482 -4.67219e-06 0)
(0.00788 -4.72614e-06 0)
(0.00790608 -4.78314e-06 0)
(0.00793306 -4.84297e-06 0)
(0.00796094 -4.90541e-06 0)
(0.00798969 -4.97018e-06 0)
(0.0080193 -5.03698e-06 0)
(0.00804975 -5.10548e-06 0)
(0.00808103 -5.17531e-06 0)
(0.0081131 -5.24608e-06 0)
(0.00814594 -5.31736e-06 0)
(0.00817951 -5.3887e-06 0)
(0.0082138 -5.4596e-06 0)
(0.00824875 -5.52954e-06 0)
(0.00828432 -5.59797e-06 0)
(0.00832049 -5.66431e-06 0)
(0.00835718 -5.72795e-06 0)
(0.00839437 -5.78826e-06 0)
(0.00843198 -5.84472e-06 0)
(0.00846998 -5.89671e-06 0)
(0.00850829 -5.94496e-06 0)
(0.00854686 -5.98729e-06 0)
(0.00858563 -6.03593e-06 0)
(0.00862455 -6.06555e-06 0)
(0.00866351 -6.17937e-06 0)
(0.00870284 -6.15949e-06 0)
(0.00874138 -6.651e-06 0)
(0.00878306 -6.4815e-06 0)
(0.00881778 -8.15276e-06 0)
(0.00887281 -9.21971e-06 0)
(0.00889105 -1.01367e-05 0)
(0.00899018 -3.08149e-05 0)
(-8.33817e-05 0.000136367 0)
(-0.000583096 0.000379252 0)
(-0.00131182 0.000518409 0)
(-0.00208685 0.000562608 0)
(-0.00286714 0.000583716 0)
(-0.00363585 0.000585597 0)
(-0.00437968 0.000585741 0)
(-0.00510156 0.000579286 0)
(-0.00579433 0.000570639 0)
(-0.00646023 0.000558795 0)
(-0.00709661 0.000545554 0)
(-0.00770496 0.000531113 0)
(-0.00828497 0.000516203 0)
(-0.00883785 0.000501071 0)
(-0.00936417 0.000486011 0)
(-0.00986496 0.000471163 0)
(-0.010341 0.000456643 0)
(-0.0107932 0.000442511 0)
(-0.0112222 0.000428801 0)
(-0.0116287 0.000415519 0)
(-0.0120132 0.00040265 0)
(-0.0123762 0.00039016 0)
(-0.012718 0.000377993 0)
(-0.0130387 0.000366074 0)
(-0.0133384 0.000354303 0)
(-0.0136167 0.000342556 0)
(-0.0138735 0.000330684 0)
(-0.014108 0.000318512 0)
(-0.0143195 0.000305837 0)
(-0.0145071 0.00029243 0)
(-0.0146693 0.000278038 0)
(-0.0148049 0.000262386 0)
(-0.014912 0.000245187 0)
(-0.0149888 0.00022614 0)
(-0.0150331 0.000204946 0)
(-0.0150427 0.000181312 0)
(-0.0150151 0.00015496 0)
(-0.0149478 0.000125643 0)
(-0.0148383 9.31499e-05 0)
(-0.014684 5.73167e-05 0)
(-0.0144823 1.80373e-05 0)
(-0.0142309 -2.47299e-05 0)
(-0.0139273 -7.09555e-05 0)
(-0.0135697 -0.000120535 0)
(-0.0131562 -0.000173286 0)
(-0.0126853 -0.00022895 0)
(-0.0121559 -0.000287192 0)
(-0.0115674 -0.000347606 0)
(-0.0109195 -0.000409721 0)
(-0.0102123 -0.000473008 0)
(-0.00944656 -0.000536891 0)
(-0.00862342 -0.000600753 0)
(-0.00774454 -0.00066395 0)
(-0.0068121 -0.000725821 0)
(-0.00582872 -0.000785697 0)
(-0.00479753 -0.000842919 0)
(-0.00372208 -0.00089684 0)
(-0.00260637 -0.000946846 0)
(-0.00145477 -0.000992356 0)
(-0.000271998 -0.00103284 0)
(0.000936913 -0.00106783 0)
(0.00216668 -0.00109692 0)
(0.0034118 -0.00111977 0)
(0.00466662 -0.00113613 0)
(0.00592541 -0.00114584 0)
(0.00718239 -0.0011488 0)
(0.00843179 -0.00114503 0)
(0.00966795 -0.00113463 0)
(0.0108853 -0.00111778 0)
(0.0120786 -0.00109476 0)
(0.0132428 -0.00106592 0)
(0.014373 -0.00103167 0)
(0.015465 -0.000992526 0)
(0.0165147 -0.000949017 0)
(0.0175185 -0.000901739 0)
(0.0184734 -0.000851312 0)
(0.0193768 -0.000798378 0)
(0.0202267 -0.000743585 0)
(0.0210213 -0.000687578 0)
(0.0217597 -0.00063098 0)
(0.0224412 -0.000574392 0)
(0.0230657 -0.000518372 0)
(0.0236336 -0.000463434 0)
(0.0241457 -0.00041004 0)
(0.0246031 -0.000358593 0)
(0.0250073 -0.000309438 0)
(0.0253601 -0.000262855 0)
(0.0256637 -0.000219065 0)
(0.0259204 -0.000178228 0)
(0.0261326 -0.000140447 0)
(0.0263031 -0.000105774 0)
(0.0264345 -7.42114e-05 0)
(0.0265298 -4.57215e-05 0)
(0.0265917 -2.02288e-05 0)
(0.026623 2.37208e-06 0)
(0.0266266 2.22113e-05 0)
(0.0266052 3.9438e-05 0)
(0.0265615 5.42151e-05 0)
(0.0264979 6.67144e-05 0)
(0.026417 7.71127e-05 0)
(0.026321 8.55883e-05 0)
(0.026212 9.23171e-05 0)
(0.0260921 9.74711e-05 0)
(0.0259631 0.000101216 0)
(0.0258268 0.000103708 0)
(0.0256848 0.000105098 0)
(0.0255383 0.000105523 0)
(0.0253888 0.000105112 0)
(0.0252374 0.000103984 0)
(0.025085 0.000102247 0)
(0.0249327 9.99983e-05 0)
(0.0247811 9.73276e-05 0)
(0.0246311 9.43139e-05 0)
(0.0244831 9.10277e-05 0)
(0.0243376 8.75316e-05 0)
(0.0241952 8.38805e-05 0)
(0.0240561 8.01223e-05 0)
(0.0239206 7.62985e-05 0)
(0.023789 7.24448e-05 0)
(0.0236614 6.85913e-05 0)
(0.023538 6.47636e-05 0)
(0.0234188 6.09827e-05 0)
(0.0233039 5.72658e-05 0)
(0.0231934 5.36265e-05 0)
(0.0230872 5.00754e-05 0)
(0.0229854 4.66202e-05 0)
(0.0228878 4.32665e-05 0)
(0.0227945 4.00175e-05 0)
(0.0227054 3.68746e-05 0)
(0.0226205 3.38377e-05 0)
(0.0225396 3.09054e-05 0)
(0.0224628 2.8075e-05 0)
(0.0223899 2.53431e-05 0)
(0.0223208 2.27054e-05 0)
(0.0222555 2.0157e-05 0)
(0.022194 1.76925e-05 0)
(0.0221362 1.53062e-05 0)
(0.0220819 1.29923e-05 0)
(0.0220312 1.07446e-05 0)
(0.0219841 8.55718e-06 0)
(0.0219404 6.42391e-06 0)
(0.0219001 4.33888e-06 0)
(0.0218632 2.29632e-06 0)
(0.0218296 2.90685e-07 0)
(0.0217995 -1.68335e-06 0)
(0.0217726 -3.63079e-06 0)
(0.021749 -5.55635e-06 0)
(0.0217287 -7.46442e-06 0)
(0.0217117 -9.35902e-06 0)
(0.021698 -1.12438e-05 0)
(0.0216876 -1.31221e-05 0)
(0.0216804 -1.49968e-05 0)
(0.0216766 -1.68704e-05 0)
(0.021676 -1.87451e-05 0)
(0.0216787 -2.06228e-05 0)
(0.0216847 -2.25047e-05 0)
(0.0216939 -2.43919e-05 0)
(0.0217065 -2.6285e-05 0)
(0.0217224 -2.81844e-05 0)
(0.0217416 -3.00899e-05 0)
(0.0217641 -3.20011e-05 0)
(0.0217899 -3.39171e-05 0)
(0.021819 -3.58367e-05 0)
(0.0218514 -3.77585e-05 0)
(0.0218871 -3.96803e-05 0)
(0.021926 -4.16001e-05 0)
(0.0219682 -4.35151e-05 0)
(0.0220136 -4.54224e-05 0)
(0.0220621 -4.73185e-05 0)
(0.0221139 -4.91999e-05 0)
(0.0221687 -5.10624e-05 0)
(0.0222266 -5.29017e-05 0)
(0.0222875 -5.47132e-05 0)
(0.0223513 -5.64917e-05 0)
(0.022418 -5.82322e-05 0)
(0.0224875 -5.99289e-05 0)
(0.0225598 -6.15762e-05 0)
(0.0226346 -6.3168e-05 0)
(0.022712 -6.46982e-05 0)
(0.0227918 -6.61605e-05 0)
(0.022874 -6.75485e-05 0)
(0.0229582 -6.88558e-05 0)
(0.0230446 -7.00759e-05 0)
(0.0231328 -7.12024e-05 0)
(0.0232228 -7.2229e-05 0)
(0.0233144 -7.31497e-05 0)
(0.0234074 -7.39583e-05 0)
(0.0235017 -7.46502e-05 0)
(0.0235971 -7.52202e-05 0)
(0.0236934 -7.56667e-05 0)
(0.0237903 -7.59971e-05 0)
(0.0238878 -7.61841e-05 0)
(0.0239857 -7.64066e-05 0)
(0.0240836 -7.61887e-05 0)
(0.0241817 -7.71864e-05 0)
(0.0242796 -7.56971e-05 0)
(0.0243759 -8.04445e-05 0)
(0.0244791 -7.87663e-05 0)
(0.0245589 -8.27046e-05 0)
(0.0247 -0.00011824 0)
(-0.000178922 0.000645187 0)
(-0.00104343 0.00125444 0)
(-0.00216867 0.00153358 0)
(-0.00330651 0.00157528 0)
(-0.00439557 0.0015708 0)
(-0.00542523 0.00152796 0)
(-0.00637984 0.00148487 0)
(-0.00727051 0.00143313 0)
(-0.00809384 0.0013806 0)
(-0.00885801 0.00132563 0)
(-0.00956439 0.00127075 0)
(-0.0102181 0.00121617 0)
(-0.0108217 0.0011627 0)
(-0.0113784 0.00111056 0)
(-0.0118906 0.00105997 0)
(-0.0123606 0.00101094 0)
(-0.0127902 0.000963447 0)
(-0.0131808 0.000917402 0)
(-0.0135338 0.000872666 0)
(-0.0138501 0.000829068 0)
(-0.0141305 0.000786409 0)
(-0.0143755 0.000744459 0)
(-0.0145853 0.000702958 0)
(-0.0147599 0.000661617 0)
(-0.0148991 0.000620112 0)
(-0.0150024 0.000578088 0)
(-0.0150693 0.000535159 0)
(-0.0150988 0.000490907 0)
(-0.0150899 0.000444886 0)
(-0.0150413 0.000396631 0)
(-0.0149516 0.000345661 0)
(-0.014819 0.000291493 0)
(-0.014642 0.000233649 0)
(-0.0144185 0.000171672 0)
(-0.0141468 0.000105137 0)
(-0.0138248 3.36708e-05 0)
(-0.0134506 -4.30415e-05 0)
(-0.0130223 -0.000125236 0)
(-0.012538 -0.00021306 0)
(-0.011996 -0.000306561 0)
(-0.011395 -0.000405677 0)
(-0.0107335 -0.000510231 0)
(-0.0100106 -0.000619927 0)
(-0.00922553 -0.000734352 0)
(-0.00837795 -0.000852972 0)
(-0.00746783 -0.000975142 0)
(-0.00649553 -0.00110011 0)
(-0.00546182 -0.00122704 0)
(-0.00436788 -0.001355 0)
(-0.00321535 -0.00148299 0)
(-0.00200625 -0.00160996 0)
(-0.000743075 -0.0017348 0)
(0.00057128 -0.0018564 0)
(0.0019335 -0.00197362 0)
(0.00333987 -0.00208535 0)
(0.0047863 -0.00219049 0)
(0.00626834 -0.00228797 0)
(0.00778122 -0.00237681 0)
(0.00931988 -0.00245606 0)
(0.010879 -0.00252489 0)
(0.0124531 -0.00258256 0)
(0.0140363 -0.00262843 0)
(0.015623 -0.002662 0)
(0.0172072 -0.0026829 0)
(0.0187831 -0.00269089 0)
(0.0203446 -0.0026859 0)
(0.0218862 -0.00266799 0)
(0.0234021 -0.00263738 0)
(0.0248869 -0.00259442 0)
(0.0263355 -0.00253963 0)
(0.027743 -0.00247365 0)
(0.0291048 -0.00239725 0)
(0.030417 -0.00231131 0)
(0.0316757 -0.0022168 0)
(0.0328778 -0.00211477 0)
(0.0340204 -0.00200633 0)
(0.0351012 -0.00189264 0)
(0.0361186 -0.00177485 0)
(0.0370711 -0.00165414 0)
(0.0379579 -0.00153165 0)
(0.0387786 -0.00140849 0)
(0.0395334 -0.00128572 0)
(0.0402227 -0.00116431 0)
(0.0408474 -0.00104518 0)
(0.0414087 -0.000929136 0)
(0.0419083 -0.000816908 0)
(0.0423479 -0.000709116 0)
(0.0427296 -0.000606282 0)
(0.0430558 -0.000508829 0)
(0.043329 -0.000417082 0)
(0.0435519 -0.000331273 0)
(0.0437271 -0.000251546 0)
(0.0438575 -0.000177965 0)
(0.043946 -0.000110519 0)
(0.0439954 -4.91339e-05 0)
(0.0440088 6.32378e-06 0)
(0.043989 5.60349e-05 0)
(0.0439388 0.000100221 0)
(0.0438609 0.000139138 0)
(0.0437582 0.000173065 0)
(0.043633 0.0002023 0)
(0.043488 0.000227155 0)
(0.0433254 0.000247947 0)
(0.0431476 0.000264995 0)
(0.0429566 0.000278614 0)
(0.0427545 0.000289114 0)
(0.0425429 0.000296797 0)
(0.0423238 0.00030195 0)
(0.0420985 0.000304847 0)
(0.0418687 0.000305749 0)
(0.0416356 0.000304899 0)
(0.0414003 0.000302522 0)
(0.0411641 0.000298828 0)
(0.0409277 0.000294009 0)
(0.0406922 0.00028824 0)
(0.0404582 0.000281681 0)
(0.0402264 0.000274473 0)
(0.0399974 0.000266745 0)
(0.0397717 0.00025861 0)
(0.0395497 0.000250168 0)
(0.0393319 0.000241507 0)
(0.0391183 0.000232701 0)
(0.0389095 0.000223817 0)
(0.0387054 0.000214907 0)
(0.0385064 0.000206019 0)
(0.0383125 0.00019719 0)
(0.0381238 0.00018845 0)
(0.0379405 0.000179822 0)
(0.0377624 0.000171324 0)
(0.0375898 0.00016297 0)
(0.0374225 0.000154766 0)
(0.0372606 0.000146716 0)
(0.0371041 0.000138822 0)
(0.036953 0.000131081 0)
(0.0368072 0.000123489 0)
(0.0366668 0.000116038 0)
(0.0365318 0.000108721 0)
(0.036402 0.000101529 0)
(0.0362776 9.44511e-05 0)
(0.0361585 8.74769e-05 0)
(0.0360446 8.05954e-05 0)
(0.035936 7.37954e-05 0)
(0.0358327 6.70661e-05 0)
(0.0357347 6.03966e-05 0)
(0.035642 5.37767e-05 0)
(0.0355547 4.71969e-05 0)
(0.0354726 4.06479e-05 0)
(0.0353959 3.41216e-05 0)
(0.0353246 2.76106e-05 0)
(0.0352586 2.11082e-05 0)
(0.0351981 1.46087e-05 0)
(0.035143 8.10748e-06 0)
(0.0350934 1.60068e-06 0)
(0.0350493 -4.91452e-06 0)
(0.0350108 -1.144e-05 0)
(0.0349777 -1.79767e-05 0)
(0.0349503 -2.45245e-05 0)
(0.0349284 -3.10825e-05 0)
(0.0349122 -3.76488e-05 0)
(0.0349016 -4.42206e-05 0)
(0.0348966 -5.07942e-05 0)
(0.0348972 -5.7365e-05 0)
(0.0349034 -6.39274e-05 0)
(0.0349153 -7.04753e-05 0)
(0.0349328 -7.70014e-05 0)
(0.0349558 -8.34977e-05 0)
(0.0349844 -8.99553e-05 0)
(0.0350184 -9.63647e-05 0)
(0.0350579 -0.000102715 0)
(0.0351029 -0.000108996 0)
(0.0351531 -0.000115194 0)
(0.0352085 -0.000121298 0)
(0.0352692 -0.000127294 0)
(0.0353349 -0.000133167 0)
(0.0354055 -0.000138903 0)
(0.0354809 -0.000144487 0)
(0.0355611 -0.000149903 0)
(0.0356458 -0.000155134 0)
(0.0357349 -0.000160164 0)
(0.0358282 -0.000164976 0)
(0.0359256 -0.000169554 0)
(0.0360269 -0.00017388 0)
(0.0361318 -0.000177937 0)
(0.0362401 -0.000181708 0)
(0.0363517 -0.000185178 0)
(0.0364663 -0.000188331 0)
(0.0365837 -0.00019115 0)
(0.0367036 -0.000193622 0)
(0.0368257 -0.000195733 0)
(0.0369498 -0.000197475 0)
(0.0370755 -0.000198831 0)
(0.0372027 -0.000199821 0)
(0.037331 -0.000200441 0)
(0.03746 -0.00020064 0)
(0.0375896 -0.000201067 0)
(0.0377187 -0.000199776 0)
(0.0378487 -0.000203005 0)
(0.0379763 -0.00019883 0)
(0.0380979 -0.000204734 0)
(0.0382499 -0.000225437 0)
(-0.000305676 0.00126188 0)
(-0.00151686 0.00231568 0)
(-0.00287114 0.00272412 0)
(-0.00413861 0.00273442 0)
(-0.00523793 0.00266273 0)
(-0.00621824 0.00253385 0)
(-0.00706569 0.00240535 0)
(-0.00781387 0.00227078 0)
(-0.00846425 0.00214112 0)
(-0.00903355 0.0020149 0)
(-0.00952695 0.00189442 0)
(-0.00995337 0.00177927 0)
(-0.0103176 0.00166955 0)
(-0.0106248 0.0015648 0)
(-0.0108785 0.00146462 0)
(-0.0110819 0.0013685 0)
(-0.0112374 0.00127593 0)
(-0.011347 0.00118641 0)
(-0.0114119 0.00109943 0)
(-0.0114335 0.0010145 0)
(-0.0114123 0.000931104 0)
(-0.0113489 0.000848749 0)
(-0.0112434 0.000766916 0)
(-0.0110956 0.000685074 0)
(-0.0109054 0.00060268 0)
(-0.0106722 0.000519171 0)
(-0.0103953 0.00043397 0)
(-0.0100738 0.000346484 0)
(-0.00970676 0.000256115 0)
(-0.0092931 0.000162264 0)
(-0.0088316 6.43412e-05 0)
(-0.00832102 -3.82225e-05 0)
(-0.00776006 -0.000145961 0)
(-0.00714745 -0.000259358 0)
(-0.00648193 -0.000378833 0)
(-0.00576232 -0.000504726 0)
(-0.00498754 -0.000637281 0)
(-0.00415661 -0.000776631 0)
(-0.00326876 -0.000922791 0)
(-0.00232338 -0.00107564 0)
(-0.00132009 -0.00123492 0)
(-0.000258777 -0.00140024 0)
(0.000860423 -0.00157103 0)
(0.00203706 -0.00174662 0)
(0.00327038 -0.00192616 0)
(0.0045593 -0.0021087 0)
(0.00590237 -0.00229315 0)
(0.00729782 -0.00247832 0)
(0.0087435 -0.0026629 0)
(0.0102369 -0.00284553 0)
(0.0117752 -0.00302478 0)
(0.0133551 -0.00319916 0)
(0.0149731 -0.00336718 0)
(0.0166253 -0.00352732 0)
(0.0183074 -0.0036781 0)
(0.020015 -0.00381806 0)
(0.0217431 -0.00394582 0)
(0.0234867 -0.00406006 0)
(0.0252406 -0.00415957 0)
(0.0269993 -0.00424325 0)
(0.0287571 -0.00431016 0)
(0.0305083 -0.00435949 0)
(0.0322472 -0.00439062 0)
(0.0339681 -0.00440311 0)
(0.0356652 -0.00439672 0)
(0.037333 -0.00437141 0)
(0.0389661 -0.00432735 0)
(0.0405592 -0.00426493 0)
(0.0421074 -0.00418473 0)
(0.0436063 -0.00408754 0)
(0.0450515 -0.00397434 0)
(0.0464393 -0.00384627 0)
(0.0477664 -0.00370465 0)
(0.04903 -0.0035509 0)
(0.0502275 -0.00338656 0)
(0.0513573 -0.00321325 0)
(0.0524179 -0.00303262 0)
(0.0534084 -0.00284636 0)
(0.0543286 -0.00265615 0)
(0.0551784 -0.00246362 0)
(0.0559583 -0.00227034 0)
(0.0566693 -0.00207781 0)
(0.0573126 -0.00188743 0)
(0.0578898 -0.00170048 0)
(0.0584027 -0.00151812 0)
(0.0588535 -0.00134135 0)
(0.0592443 -0.00117106 0)
(0.0595778 -0.001008 0)
(0.0598564 -0.000852768 0)
(0.0600829 -0.000705836 0)
(0.0602601 -0.000567551 0)
(0.0603906 -0.000438139 0)
(0.0604773 -0.000317719 0)
(0.0605231 -0.000206309 0)
(0.0605306 -0.00010384 0)
(0.0605026 -1.01636e-05 0)
(0.0604417 7.49335e-05 0)
(0.0603507 0.000151723 0)
(0.0602319 0.000220523 0)
(0.0600879 0.000281689 0)
(0.0599209 0.000335607 0)
(0.0597333 0.000382681 0)
(0.0595271 0.000423332 0)
(0.0593045 0.000457987 0)
(0.0590674 0.000487076 0)
(0.0588175 0.000511024 0)
(0.0585567 0.000530252 0)
(0.0582864 0.000545167 0)
(0.0580083 0.000556165 0)
(0.0577238 0.000563624 0)
(0.057434 0.000567906 0)
(0.0571403 0.000569352 0)
(0.0568438 0.000568285 0)
(0.0565454 0.000565003 0)
(0.056246 0.000559787 0)
(0.0559466 0.000552894 0)
(0.0556478 0.00054456 0)
(0.0553503 0.000535003 0)
(0.0550548 0.000524417 0)
(0.0547617 0.000512979 0)
(0.0544715 0.000500847 0)
(0.0541847 0.00048816 0)
(0.0539017 0.000475043 0)
(0.0536226 0.000461601 0)
(0.0533479 0.000447929 0)
(0.0530777 0.000434106 0)
(0.0528123 0.000420197 0)
(0.0525518 0.00040626 0)
(0.0522964 0.000392338 0)
(0.0520461 0.000378467 0)
(0.0518012 0.000364674 0)
(0.0515616 0.000350978 0)
(0.0513275 0.000337393 0)
(0.0510989 0.000323925 0)
(0.050876 0.000310578 0)
(0.0506586 0.000297349 0)
(0.050447 0.000284232 0)
(0.0502412 0.00027122 0)
(0.0500411 0.000258303 0)
(0.0498469 0.000245468 0)
(0.0496586 0.000232702 0)
(0.0494763 0.000219992 0)
(0.0493 0.000207323 0)
(0.0491298 0.000194682 0)
(0.0489657 0.000182056 0)
(0.0488078 0.000169431 0)
(0.0486562 0.000156795 0)
(0.048511 0.000144139 0)
(0.0483722 0.000131452 0)
(0.0482399 0.000118726 0)
(0.0481142 0.000105956 0)
(0.0479951 9.31354e-05 0)
(0.0478827 8.02622e-05 0)
(0.0477772 6.73345e-05 0)
(0.0476785 5.43526e-05 0)
(0.0475868 4.13184e-05 0)
(0.047502 2.82353e-05 0)
(0.0474244 1.51087e-05 0)
(0.0473538 1.94546e-06 0)
(0.0472904 -1.1246e-05 0)
(0.0472342 -2.44556e-05 0)
(0.0471852 -3.76718e-05 0)
(0.0471434 -5.08817e-05 0)
(0.047109 -6.40708e-05 0)
(0.0470818 -7.72232e-05 0)
(0.0470618 -9.03219e-05 0)
(0.0470491 -0.000103348 0)
(0.0470436 -0.000116283 0)
(0.0470452 -0.000129105 0)
(0.047054 -0.000141792 0)
(0.0470698 -0.00015432 0)
(0.0470925 -0.000166667 0)
(0.0471222 -0.000178806 0)
(0.0471585 -0.000190711 0)
(0.0472015 -0.000202355 0)
(0.0472511 -0.000213711 0)
(0.0473069 -0.000224751 0)
(0.0473689 -0.000235444 0)
(0.047437 -0.000245763 0)
(0.0475109 -0.000255678 0)
(0.0475903 -0.000265158 0)
(0.0476752 -0.000274176 0)
(0.0477653 -0.0002827 0)
(0.0478602 -0.000290704 0)
(0.0479599 -0.000298159 0)
(0.0480639 -0.000305037 0)
(0.048172 -0.000311313 0)
(0.048284 -0.000316961 0)
(0.0483995 -0.000321958 0)
(0.0485183 -0.000326279 0)
(0.0486399 -0.000329909 0)
(0.0487641 -0.000332821 0)
(0.0488906 -0.000335021 0)
(0.0490188 -0.000336472 0)
(0.0491484 -0.000337318 0)
(0.0492789 -0.00033708 0)
(0.0494099 -0.000337981 0)
(0.0495389 -0.000333816 0)
(0.049667 -0.000338902 0)
(0.0498078 -0.000339867 0)
(-0.000405105 0.00246972 0)
(-0.00171923 0.00379663 0)
(-0.00298741 0.00414164 0)
(-0.0040503 0.00389049 0)
(-0.00482702 0.00361755 0)
(-0.00542842 0.00331524 0)
(-0.00585139 0.0030515 0)
(-0.00615543 0.00280523 0)
(-0.00634973 0.00258147 0)
(-0.00646034 0.00237396 0)
(-0.00649565 0.00218152 0)
(-0.00646752 0.00200163 0)
(-0.00638164 0.00183266 0)
(-0.00624391 0.00167299 0)
(-0.0060579 0.00152124 0)
(-0.00582675 0.00137619 0)
(-0.00555255 0.00123671 0)
(-0.00523698 0.00110182 0)
(-0.00488115 0.00097058 0)
(-0.00448581 0.00084215 0)
(-0.00405139 0.000715718 0)
(-0.00357802 0.000590512 0)
(-0.00306561 0.000465784 0)
(-0.00251386 0.000340802 0)
(-0.0019223 0.000214844 0)
(-0.00129033 8.71951e-05 0)
(-0.000617211 -4.28493e-05 0)
(9.78779e-05 -0.000175984 0)
(0.00085582 -0.000312889 0)
(0.00165754 -0.000454217 0)
(0.00250397 -0.000600591 0)
(0.00339604 -0.000752583 0)
(0.00433463 -0.000910711 0)
(0.00532055 -0.00107541 0)
(0.00635452 -0.00124704 0)
(0.00743714 -0.00142585 0)
(0.00856887 -0.00161196 0)
(0.00975 -0.00180537 0)
(0.0109806 -0.00200593 0)
(0.0122606 -0.00221336 0)
(0.0135896 -0.00242719 0)
(0.0149671 -0.00264681 0)
(0.0163921 -0.00287144 0)
(0.0178635 -0.00310013 0)
(0.01938 -0.00333179 0)
(0.0209397 -0.00356519 0)
(0.0225406 -0.00379894 0)
(0.0241804 -0.00403154 0)
(0.0258564 -0.0042614 0)
(0.0275656 -0.00448681 0)
(0.0293047 -0.00470602 0)
(0.03107 -0.00491723 0)
(0.0328577 -0.00511859 0)
(0.0346634 -0.00530828 0)
(0.0364828 -0.00548449 0)
(0.0383109 -0.00564545 0)
(0.0401429 -0.00578948 0)
(0.0419735 -0.00591501 0)
(0.0437973 -0.00602056 0)
(0.045609 -0.00610485 0)
(0.0474028 -0.00616676 0)
(0.0491733 -0.00620535 0)
(0.0509149 -0.00621994 0)
(0.052622 -0.00621006 0)
(0.0542894 -0.00617552 0)
(0.0559119 -0.00611637 0)
(0.0574847 -0.00603296 0)
(0.0590032 -0.00592589 0)
(0.0604634 -0.00579604 0)
(0.0618614 -0.00564454 0)
(0.0631941 -0.00547277 0)
(0.0644587 -0.00528233 0)
(0.0656529 -0.00507501 0)
(0.0667751 -0.00485273 0)
(0.0678242 -0.00461759 0)
(0.0687995 -0.00437172 0)
(0.069701 -0.00411734 0)
(0.070529 -0.00385666 0)
(0.0712844 -0.00359186 0)
(0.0719685 -0.00332505 0)
(0.072583 -0.00305828 0)
(0.0731297 -0.00279344 0)
(0.0736109 -0.0025323 0)
(0.0740292 -0.00227647 0)
(0.074387 -0.00202736 0)
(0.0746872 -0.00178625 0)
(0.0749327 -0.00155419 0)
(0.0751263 -0.00133208 0)
(0.0752711 -0.00112063 0)
(0.0753699 -0.000920389 0)
(0.0754257 -0.000731736 0)
(0.0754414 -0.000554914 0)
(0.0754196 -0.000390028 0)
(0.0753632 -0.000237065 0)
(0.0752748 -9.59035e-05 0)
(0.0751568 3.36695e-05 0)
(0.0750116 0.000151947 0)
(0.0748417 0.000259287 0)
(0.0746492 0.000356103 0)
(0.0744361 0.000442852 0)
(0.0742045 0.000520024 0)
(0.0739562 0.00058813 0)
(0.0736931 0.000647701 0)
(0.0734167 0.000699272 0)
(0.0731286 0.000743383 0)
(0.0728303 0.000780567 0)
(0.0725232 0.000811351 0)
(0.0722085 0.000836248 0)
(0.0718874 0.000855756 0)
(0.0715611 0.000870355 0)
(0.0712306 0.000880502 0)
(0.0708967 0.000886633 0)
(0.0705605 0.00088916 0)
(0.0702226 0.000888471 0)
(0.0698839 0.000884928 0)
(0.069545 0.000878869 0)
(0.0692065 0.000870607 0)
(0.068869 0.000860428 0)
(0.0685329 0.000848596 0)
(0.0681988 0.00083535 0)
(0.067867 0.000820907 0)
(0.0675379 0.000805461 0)
(0.0672118 0.000789186 0)
(0.066889 0.000772235 0)
(0.0665698 0.000754743 0)
(0.0662544 0.000736827 0)
(0.0659429 0.000718587 0)
(0.0656356 0.000700109 0)
(0.0653327 0.000681464 0)
(0.0650342 0.000662709 0)
(0.0647403 0.000643892 0)
(0.0644511 0.000625048 0)
(0.0641666 0.000606203 0)
(0.0638871 0.000587376 0)
(0.0636126 0.000568577 0)
(0.0633431 0.000549809 0)
(0.0630787 0.000531073 0)
(0.0628196 0.000512363 0)
(0.0625658 0.000493668 0)
(0.0623174 0.000474977 0)
(0.0620745 0.000456276 0)
(0.0618371 0.000437549 0)
(0.0616054 0.000418779 0)
(0.0613795 0.000399949 0)
(0.0611594 0.000381044 0)
(0.0609452 0.000362047 0)
(0.0607371 0.000342944 0)
(0.0605352 0.000323722 0)
(0.0603396 0.000304368 0)
(0.0601503 0.000284874 0)
(0.0599676 0.000265233 0)
(0.0597915 0.000245439 0)
(0.0596222 0.00022549 0)
(0.0594597 0.000205387 0)
(0.0593042 0.000185132 0)
(0.0591558 0.000164731 0)
(0.0590145 0.000144193 0)
(0.0588806 0.000123526 0)
(0.0587541 0.000102747 0)
(0.058635 8.18686e-05 0)
(0.0585236 6.09108e-05 0)
(0.0584197 3.9894e-05 0)
(0.0583236 1.8841e-05 0)
(0.0582352 -2.22312e-06 0)
(0.0581546 -2.32711e-05 0)
(0.0580819 -4.42738e-05 0)
(0.058017 -6.52003e-05 0)
(0.0579599 -8.60175e-05 0)
(0.0579107 -0.000106691 0)
(0.0578693 -0.000127185 0)
(0.0578357 -0.000147462 0)
(0.0578098 -0.000167482 0)
(0.0577916 -0.000187206 0)
(0.0577809 -0.000206593 0)
(0.0577777 -0.0002256 0)
(0.0577818 -0.000244185 0)
(0.0577931 -0.000262304 0)
(0.0578116 -0.000279912 0)
(0.0578369 -0.000296966 0)
(0.0578689 -0.000313422 0)
(0.0579075 -0.000329235 0)
(0.0579523 -0.000344362 0)
(0.0580033 -0.00035876 0)
(0.0580602 -0.000372386 0)
(0.0581226 -0.000385202 0)
(0.0581904 -0.000397166 0)
(0.0582633 -0.000408241 0)
(0.058341 -0.00041839 0)
(0.0584231 -0.000427579 0)
(0.0585095 -0.000435773 0)
(0.0585998 -0.000442938 0)
(0.0586936 -0.000449037 0)
(0.0587906 -0.000454046 0)
(0.0588905 -0.000457876 0)
(0.0589928 -0.000460581 0)
(0.059097 -0.000461861 0)
(0.0592024 -0.000462283 0)
(0.0593079 -0.000458986 0)
(0.0594141 -0.000461383 0)
(0.059525 -0.00044553 0)
(-0.000693687 0.00309426 0)
(-0.0020919 0.00472263 0)
(-0.00255472 0.00495174 0)
(-0.00279262 0.00450471 0)
(-0.0026274 0.00403228 0)
(-0.00237821 0.00356553 0)
(-0.00198314 0.00316144 0)
(-0.00152652 0.00280326 0)
(-0.000999492 0.00248655 0)
(-0.000427449 0.00220265 0)
(0.000187835 0.00194501 0)
(0.000837245 0.00170877 0)
(0.0015184 0.00148963 0)
(0.00222765 0.00128452 0)
(0.00296355 0.00109071 0)
(0.00372466 0.000906125 0)
(0.00451038 0.00072891 0)
(0.00532036 0.000557546 0)
(0.0061546 0.000390674 0)
(0.00701331 0.000227101 0)
(0.00789694 6.57369e-05 0)
(0.00880604 -9.44198e-05 0)
(0.00974133 -0.000254306 0)
(0.0107036 -0.000414808 0)
(0.0116938 -0.00057677 0)
(0.0127128 -0.000740998 0)
(0.0137616 -0.000908269 0)
(0.0148412 -0.00107932 0)
(0.0159526 -0.00125485 0)
(0.0170968 -0.00143551 0)
(0.0182745 -0.00162191 0)
(0.0194867 -0.00181456 0)
(0.0207341 -0.00201393 0)
(0.0220173 -0.00222038 0)
(0.0233369 -0.00243416 0)
(0.024693 -0.00265541 0)
(0.0260858 -0.00288413 0)
(0.0275154 -0.00312017 0)
(0.0289814 -0.00336323 0)
(0.0304833 -0.00361286 0)
(0.0320205 -0.00386841 0)
(0.0335919 -0.00412906 0)
(0.0351963 -0.00439384 0)
(0.0368322 -0.00466159 0)
(0.0384976 -0.00493096 0)
(0.0401906 -0.00520048 0)
(0.0419087 -0.00546851 0)
(0.0436492 -0.00573328 0)
(0.045409 -0.00599291 0)
(0.0471848 -0.00624539 0)
(0.0489731 -0.00648869 0)
(0.0507698 -0.00672068 0)
(0.0525707 -0.00693923 0)
(0.0543715 -0.00714219 0)
(0.0561673 -0.00732746 0)
(0.0579533 -0.00749301 0)
(0.0597244 -0.00763687 0)
(0.0614753 -0.00775723 0)
(0.0632006 -0.00785244 0)
(0.0648951 -0.00792102 0)
(0.0665533 -0.00796174 0)
(0.0681699 -0.00797361 0)
(0.0697399 -0.00795594 0)
(0.0712582 -0.00790833 0)
(0.0727204 -0.00783071 0)
(0.074122 -0.00772335 0)
(0.0754593 -0.00758685 0)
(0.0767289 -0.00742216 0)
(0.077928 -0.00723056 0)
(0.0790542 -0.00701365 0)
(0.0801059 -0.0067733 0)
(0.081082 -0.00651166 0)
(0.0819821 -0.00623109 0)
(0.0828063 -0.00593411 0)
(0.0835552 -0.00562337 0)
(0.0842301 -0.0053016 0)
(0.0848328 -0.00497155 0)
(0.0853653 -0.00463594 0)
(0.0858301 -0.00429744 0)
(0.08623 -0.00395858 0)
(0.086568 -0.00362176 0)
(0.0868473 -0.0032892 0)
(0.0870711 -0.00296292 0)
(0.0872428 -0.00264473 0)
(0.0873657 -0.00233621 0)
(0.0874431 -0.00203872 0)
(0.0874783 -0.00175337 0)
(0.0874743 -0.00148109 0)
(0.0874341 -0.00122257 0)
(0.0873607 -0.000978312 0)
(0.0872567 -0.000748641 0)
(0.0871247 -0.000533711 0)
(0.0869672 -0.000333532 0)
(0.0867864 -0.00014798 0)
(0.0865844 2.31817e-05 0)
(0.0863632 0.000180286 0)
(0.0861246 0.000323748 0)
(0.0858705 0.000454049 0)
(0.0856023 0.000571724 0)
(0.0853216 0.000677349 0)
(0.0850298 0.000771531 0)
(0.084728 0.000854895 0)
(0.0844176 0.000928079 0)
(0.0840997 0.000991725 0)
(0.0837752 0.00104647 0)
(0.0834451 0.00109295 0)
(0.0831103 0.00113177 0)
(0.0827716 0.00116355 0)
(0.0824298 0.00118885 0)
(0.0820856 0.00120825 0)
(0.0817397 0.00122226 0)
(0.0813925 0.00123141 0)
(0.0810448 0.00123616 0)
(0.0806969 0.00123697 0)
(0.0803494 0.00123427 0)
(0.0800026 0.00122845 0)
(0.0796571 0.00121987 0)
(0.079313 0.00120887 0)
(0.0789708 0.00119576 0)
(0.0786306 0.00118083 0)
(0.0782929 0.00116434 0)
(0.0779577 0.00114651 0)
(0.0776254 0.00112755 0)
(0.0772961 0.00110765 0)
(0.0769699 0.00108698 0)
(0.076647 0.00106567 0)
(0.0763276 0.00104386 0)
(0.0760117 0.00102164 0)
(0.0756994 0.000999104 0)
(0.0753909 0.000976328 0)
(0.0750863 0.00095337 0)
(0.0747855 0.000930277 0)
(0.0744887 0.000907084 0)
(0.074196 0.000883816 0)
(0.0739074 0.000860489 0)
(0.0736229 0.000837108 0)
(0.0733427 0.000813676 0)
(0.0730669 0.000790186 0)
(0.0727953 0.000766628 0)
(0.0725283 0.000742989 0)
(0.0722657 0.00071925 0)
(0.0720078 0.000695394 0)
(0.0717545 0.000671398 0)
(0.071506 0.000647242 0)
(0.0712623 0.000622905 0)
(0.0710236 0.000598366 0)
(0.07079 0.000573607 0)
(0.0705616 0.000548609 0)
(0.0703384 0.000523357 0)
(0.0701206 0.000497838 0)
(0.0699084 0.000472043 0)
(0.0697018 0.000445964 0)
(0.069501 0.000419599 0)
(0.069306 0.000392946 0)
(0.0691171 0.00036601 0)
(0.0689344 0.000338798 0)
(0.0687579 0.00031132 0)
(0.0685878 0.000283591 0)
(0.0684242 0.00025563 0)
(0.0682672 0.000227458 0)
(0.068117 0.000199101 0)
(0.0679736 0.000170587 0)
(0.0678372 0.000141949 0)
(0.0677078 0.000113222 0)
(0.0675855 8.44435e-05 0)
(0.0674703 5.56556e-05 0)
(0.0673624 2.69019e-05 0)
(0.0672617 -1.77135e-06 0)
(0.0671683 -3.03154e-05 0)
(0.0670822 -5.86795e-05 0)
(0.0670034 -8.68108e-05 0)
(0.0669318 -0.000114655 0)
(0.0668676 -0.000142155 0)
(0.0668105 -0.000169255 0)
(0.0667607 -0.000195895 0)
(0.0667178 -0.000222016 0)
(0.066682 -0.000247558 0)
(0.0666531 -0.000272461 0)
(0.0666309 -0.000296664 0)
(0.0666153 -0.000320107 0)
(0.0666062 -0.00034273 0)
(0.0666033 -0.000364476 0)
(0.0666066 -0.000385286 0)
(0.0666158 -0.000405104 0)
(0.0666307 -0.000423878 0)
(0.0666511 -0.000441555 0)
(0.0666767 -0.000458085 0)
(0.0667074 -0.000473421 0)
(0.0667428 -0.000487519 0)
(0.0667827 -0.000500333 0)
(0.0668269 -0.000511819 0)
(0.066875 -0.000521929 0)
(0.0669268 -0.000530606 0)
(0.0669819 -0.000537772 0)
(0.0670401 -0.000543353 0)
(0.067101 -0.000547107 0)
(0.067164 -0.000548952 0)
(0.0672286 -0.000547582 0)
(0.0672949 -0.00054786 0)
(0.0673647 -0.00052357 0)
(-0.000179642 0.00559897 0)
(-0.000139556 0.00561593 0)
(0.000998664 0.00502283 0)
(0.00218434 0.00399986 0)
(0.00362989 0.00328807 0)
(0.00503853 0.00272123 0)
(0.00648527 0.00225989 0)
(0.00790036 0.0018751 0)
(0.00930193 0.00153936 0)
(0.0106776 0.00124263 0)
(0.0120334 0.000973977 0)
(0.0133696 0.000727948 0)
(0.0146898 0.000499308 0)
(0.0159964 0.000284632 0)
(0.0172923 8.08997e-05 0)
(0.0185798 -0.000114182 0)
(0.0198615 -0.000302595 0)
(0.0211394 -0.000485976 0)
(0.0224157 -0.000665763 0)
(0.0236924 -0.000843212 0)
(0.0249713 -0.00101946 0)
(0.0262543 -0.00119553 0)
(0.0275431 -0.00137239 0)
(0.0288394 -0.00155093 0)
(0.0301448 -0.00173199 0)
(0.0314608 -0.00191636 0)
(0.032789 -0.00210479 0)
(0.0341306 -0.00229797 0)
(0.035487 -0.00249657 0)
(0.0368593 -0.00270115 0)
(0.0382486 -0.00291225 0)
(0.0396559 -0.00313031 0)
(0.0410818 -0.00335567 0)
(0.0425271 -0.00358858 0)
(0.0439921 -0.00382918 0)
(0.045477 -0.00407747 0)
(0.046982 -0.00433329 0)
(0.0485068 -0.00459634 0)
(0.050051 -0.00486616 0)
(0.0516139 -0.0051421 0)
(0.0531945 -0.00542333 0)
(0.0547917 -0.00570883 0)
(0.0564038 -0.00599741 0)
(0.0580292 -0.00628766 0)
(0.0596656 -0.00657803 0)
(0.0613108 -0.00686677 0)
(0.0629619 -0.00715197 0)
(0.0646161 -0.0074316 0)
(0.0662698 -0.00770347 0)
(0.0679196 -0.00796531 0)
(0.0695615 -0.00821475 0)
(0.0711912 -0.00844939 0)
(0.0728045 -0.00866678 0)
(0.0743966 -0.00886449 0)
(0.0759627 -0.00904015 0)
(0.0774978 -0.00919147 0)
(0.0789968 -0.00931627 0)
(0.0804545 -0.00941255 0)
(0.081866 -0.00947852 0)
(0.0832261 -0.00951264 0)
(0.0845302 -0.00951365 0)
(0.0857735 -0.00948063 0)
(0.086952 -0.00941303 0)
(0.0880618 -0.00931067 0)
(0.0890997 -0.00917377 0)
(0.090063 -0.00900299 0)
(0.0909497 -0.0087994 0)
(0.0917584 -0.00856448 0)
(0.0924884 -0.00830008 0)
(0.09314 -0.00800844 0)
(0.0937139 -0.0076921 0)
(0.0942116 -0.00735387 0)
(0.0946354 -0.00699678 0)
(0.0949879 -0.00662399 0)
(0.0952725 -0.00623876 0)
(0.0954929 -0.00584438 0)
(0.095653 -0.00544408 0)
(0.0957571 -0.005041 0)
(0.0958095 -0.00463813 0)
(0.0958148 -0.00423828 0)
(0.0957773 -0.00384401 0)
(0.0957012 -0.00345766 0)
(0.0955906 -0.00308129 0)
(0.0954495 -0.00271666 0)
(0.0952815 -0.0023653 0)
(0.0950899 -0.00202844 0)
(0.0948778 -0.00170707 0)
(0.0946479 -0.00140191 0)
(0.0944029 -0.00111348 0)
(0.0941447 -0.000842088 0)
(0.0938755 -0.000587856 0)
(0.0935968 -0.000350741 0)
(0.0933102 -0.000130564 0)
(0.093017 7.29812e-05 0)
(0.0927182 0.000260299 0)
(0.0924147 0.000431882 0)
(0.0921075 0.00058829 0)
(0.0917972 0.000730135 0)
(0.0914843 0.000858074 0)
(0.0911694 0.00097279 0)
(0.090853 0.00107499 0)
(0.0905354 0.00116538 0)
(0.0902169 0.00124468 0)
(0.089898 0.00131361 0)
(0.0895787 0.00137286 0)
(0.0892595 0.00142313 0)
(0.0889404 0.00146508 0)
(0.0886218 0.00149938 0)
(0.0883038 0.00152663 0)
(0.0879867 0.00154744 0)
(0.0876705 0.00156239 0)
(0.0873555 0.00157201 0)
(0.0870418 0.00157683 0)
(0.0867296 0.00157732 0)
(0.0864189 0.00157393 0)
(0.0861101 0.0015671 0)
(0.0858031 0.00155722 0)
(0.0854981 0.00154464 0)
(0.0851952 0.00152971 0)
(0.0848945 0.00151274 0)
(0.0845962 0.00149399 0)
(0.0843002 0.00147372 0)
(0.0840067 0.00145217 0)
(0.0837157 0.00142953 0)
(0.0834274 0.00140598 0)
(0.0831417 0.00138168 0)
(0.0828587 0.00135677 0)
(0.0825786 0.00133136 0)
(0.0823012 0.00130556 0)
(0.0820268 0.00127945 0)
(0.0817552 0.00125308 0)
(0.0814865 0.00122653 0)
(0.0812209 0.00119982 0)
(0.0809582 0.00117298 0)
(0.0806986 0.00114603 0)
(0.0804421 0.00111898 0)
(0.0801886 0.00109182 0)
(0.0799383 0.00106456 0)
(0.0796912 0.00103718 0)
(0.0794474 0.00100966 0)
(0.0792067 0.000981982 0)
(0.0789694 0.000954121 0)
(0.0787355 0.000926051 0)
(0.078505 0.000897747 0)
(0.078278 0.000869182 0)
(0.0780546 0.00084033 0)
(0.0778348 0.000811166 0)
(0.0776188 0.000781666 0)
(0.0774065 0.000751811 0)
(0.0771981 0.000721582 0)
(0.0769937 0.000690964 0)
(0.0767934 0.000659947 0)
(0.0765973 0.000628523 0)
(0.0764054 0.00059669 0)
(0.0762179 0.000564449 0)
(0.076035 0.000531806 0)
(0.0758566 0.000498772 0)
(0.0756829 0.000465361 0)
(0.0755141 0.000431595 0)
(0.0753502 0.000397498 0)
(0.0751913 0.000363098 0)
(0.0750375 0.000328429 0)
(0.074889 0.00029353 0)
(0.0747458 0.000258443 0)
(0.074608 0.000223213 0)
(0.0744756 0.000187892 0)
(0.0743489 0.000152532 0)
(0.0742277 0.000117192 0)
(0.0741122 8.19301e-05 0)
(0.0740024 4.68113e-05 0)
(0.0738983 1.19009e-05 0)
(0.0738 -2.27328e-05 0)
(0.0737074 -5.70194e-05 0)
(0.0736206 -9.08868e-05 0)
(0.0735396 -0.000124262 0)
(0.0734642 -0.000157069 0)
(0.0733945 -0.000189233 0)
(0.0733304 -0.000220679 0)
(0.0732718 -0.00025133 0)
(0.0732186 -0.000281112 0)
(0.0731708 -0.000309949 0)
(0.0731282 -0.000337768 0)
(0.0730907 -0.000364499 0)
(0.0730581 -0.000390073 0)
(0.0730304 -0.000414421 0)
(0.0730074 -0.000437482 0)
(0.0729888 -0.000459196 0)
(0.0729746 -0.000479505 0)
(0.0729645 -0.000498355 0)
(0.0729583 -0.000515696 0)
(0.0729559 -0.000531476 0)
(0.0729571 -0.00054564 0)
(0.0729616 -0.000558126 0)
(0.0729693 -0.000568847 0)
(0.07298 -0.000577695 0)
(0.0729935 -0.000584436 0)
(0.0730096 -0.000588845 0)
(0.0730282 -0.000590104 0)
(0.0730494 -0.000590382 0)
(0.0730762 -0.000565593 0)
(0.00500529 0.00204176 0)
(0.00750875 0.00307874 0)
(0.0124254 0.00262613 0)
(0.0156717 0.00201175 0)
(0.0187549 0.00139019 0)
(0.0214018 0.000890651 0)
(0.0238248 0.000475478 0)
(0.0260558 0.00013483 0)
(0.0281465 -0.000156167 0)
(0.0301235 -0.000410308 0)
(0.0320088 -0.000638899 0)
(0.0338179 -0.000848732 0)
(0.0355628 -0.00104496 0)
(0.0372531 -0.00123109 0)
(0.0388964 -0.0014098 0)
(0.0404989 -0.00158312 0)
(0.0420661 -0.00175273 0)
(0.0436026 -0.00192001 0)
(0.0451122 -0.00208616 0)
(0.0465985 -0.00225224 0)
(0.0480647 -0.00241924 0)
(0.0495136 -0.00258802 0)
(0.0509477 -0.00275944 0)
(0.0523695 -0.00293425 0)
(0.0537811 -0.0031132 0)
(0.0551845 -0.00329697 0)
(0.0565815 -0.00348619 0)
(0.0579738 -0.00368147 0)
(0.0593628 -0.00388334 0)
(0.0607499 -0.00409226 0)
(0.0621361 -0.00430865 0)
(0.0635225 -0.00453281 0)
(0.0649097 -0.00476496 0)
(0.0662984 -0.0050052 0)
(0.0676889 -0.00525352 0)
(0.0690813 -0.00550975 0)
(0.0704755 -0.00577359 0)
(0.071871 -0.00604455 0)
(0.0732673 -0.00632198 0)
(0.0746635 -0.00660503 0)
(0.0760583 -0.00689267 0)
(0.0774502 -0.00718365 0)
(0.0788375 -0.00747655 0)
(0.080218 -0.00776973 0)
(0.0815894 -0.00806134 0)
(0.0829488 -0.00834939 0)
(0.0842933 -0.00863167 0)
(0.0856195 -0.00890586 0)
(0.0869237 -0.00916947 0)
(0.088202 -0.00941992 0)
(0.0894502 -0.00965455 0)
(0.0906639 -0.00987063 0)
(0.0918386 -0.0100655 0)
(0.0929694 -0.0102364 0)
(0.0940516 -0.0103807 0)
(0.0950803 -0.010496 0)
(0.0960508 -0.0105799 0)
(0.0969584 -0.0106305 0)
(0.0977987 -0.0106458 0)
(0.0985678 -0.0106245 0)
(0.0992621 -0.0105654 0)
(0.0998784 -0.0104679 0)
(0.100415 -0.0103319 0)
(0.100869 -0.0101576 0)
(0.101241 -0.00994594 0)
(0.10153 -0.00969815 0)
(0.101737 -0.00941606 0)
(0.101865 -0.00910195 0)
(0.101916 -0.00875851 0)
(0.101893 -0.00838882 0)
(0.101802 -0.00799622 0)
(0.101647 -0.00758431 0)
(0.101434 -0.00715682 0)
(0.101169 -0.00671753 0)
(0.100857 -0.00627021 0)
(0.100507 -0.00581854 0)
(0.100122 -0.00536603 0)
(0.099711 -0.00491598 0)
(0.0992784 -0.00447142 0)
(0.0988302 -0.00403507 0)
(0.0983714 -0.00360935 0)
(0.0979066 -0.00319634 0)
(0.0974399 -0.00279779 0)
(0.0969749 -0.00241513 0)
(0.0965145 -0.00204947 0)
(0.0960613 -0.00170166 0)
(0.0956172 -0.00137226 0)
(0.0951838 -0.00106163 0)
(0.0947622 -0.000769888 0)
(0.0943532 -0.000496986 0)
(0.0939572 -0.000242719 0)
(0.0935744 -6.75327e-06 0)
(0.0932046 0.000211356 0)
(0.0928478 0.000412142 0)
(0.0925034 0.000596204 0)
(0.0921709 0.000764199 0)
(0.0918497 0.000916821 0)
(0.0915392 0.00105479 0)
(0.0912387 0.00117886 0)
(0.0909474 0.00128976 0)
(0.0906647 0.00138825 0)
(0.0903899 0.00147508 0)
(0.0901222 0.00155098 0)
(0.089861 0.00161667 0)
(0.0896058 0.00167286 0)
(0.089356 0.00172023 0)
(0.0891111 0.00175943 0)
(0.0888705 0.00179112 0)
(0.088634 0.0018159 0)
(0.088401 0.00183434 0)
(0.0881713 0.00184702 0)
(0.0879446 0.00185445 0)
(0.0877206 0.00185713 0)
(0.087499 0.00185553 0)
(0.0872798 0.0018501 0)
(0.0870626 0.00184124 0)
(0.0868475 0.00182934 0)
(0.0866342 0.00181475 0)
(0.0864227 0.0017978 0)
(0.0862129 0.00177879 0)
(0.0860047 0.001758 0)
(0.0857981 0.00173567 0)
(0.0855931 0.00171203 0)
(0.0853896 0.00168728 0)
(0.0851877 0.0016616 0)
(0.0849872 0.00163515 0)
(0.0847882 0.00160806 0)
(0.0845908 0.00158046 0)
(0.0843948 0.00155243 0)
(0.0842004 0.00152407 0)
(0.0840075 0.00149544 0)
(0.0838161 0.00146659 0)
(0.0836263 0.00143756 0)
(0.083438 0.00140839 0)
(0.0832513 0.00137909 0)
(0.0830661 0.00134966 0)
(0.0828826 0.0013201 0)
(0.0827007 0.00129042 0)
(0.0825205 0.00126058 0)
(0.0823419 0.00123058 0)
(0.082165 0.00120038 0)
(0.0819899 0.00116997 0)
(0.0818165 0.0011393 0)
(0.0816448 0.00110836 0)
(0.081475 0.00107712 0)
(0.0813071 0.00104553 0)
(0.081141 0.00101357 0)
(0.0809769 0.000981217 0)
(0.0808147 0.000948442 0)
(0.0806546 0.000915223 0)
(0.0804966 0.00088154 0)
(0.0803408 0.000847379 0)
(0.0801872 0.000812729 0)
(0.0800358 0.000777583 0)
(0.0798868 0.000741939 0)
(0.0797402 0.000705802 0)
(0.0795961 0.000669178 0)
(0.0794546 0.000632083 0)
(0.0793156 0.000594535 0)
(0.0791794 0.000556559 0)
(0.079046 0.000518185 0)
(0.0789155 0.000479448 0)
(0.0787878 0.000440389 0)
(0.0786632 0.000401052 0)
(0.0785416 0.000361488 0)
(0.0784232 0.000321753 0)
(0.078308 0.000281905 0)
(0.078196 0.000242008 0)
(0.0780873 0.000202131 0)
(0.077982 0.000162344 0)
(0.0778801 0.000122722 0)
(0.0777816 8.33432e-05 0)
(0.0776865 4.42876e-05 0)
(0.0775949 5.63806e-06 0)
(0.0775068 -3.25209e-05 0)
(0.0774221 -7.01031e-05 0)
(0.0773409 -0.000107021 0)
(0.0772632 -0.000143188 0)
(0.0771888 -0.000178516 0)
(0.0771179 -0.000212918 0)
(0.0770502 -0.000246306 0)
(0.0769859 -0.000278598 0)
(0.0769247 -0.00030971 0)
(0.0768667 -0.000339562 0)
(0.0768117 -0.000368079 0)
(0.0767597 -0.000395188 0)
(0.0767106 -0.000420821 0)
(0.0766642 -0.000444915 0)
(0.0766205 -0.000467411 0)
(0.0765794 -0.000488256 0)
(0.0765408 -0.000507396 0)
(0.0765046 -0.00052478 0)
(0.0764707 -0.000540353 0)
(0.076439 -0.00055404 0)
(0.0764095 -0.000565744 0)
(0.0763822 -0.00057529 0)
(0.0763572 -0.000582476 0)
(0.0763347 -0.000586729 0)
(0.0763153 -0.000589282 0)
(0.0763032 -0.000569569 0)
(0.0344491 -1.76983e-06 0)
(0.0346034 -0.000145792 0)
(0.0349207 -0.000263238 0)
(0.0353533 -0.000325551 0)
(0.0358484 -0.000363685 0)
(0.0364874 -0.00043827 0)
(0.0371467 -0.000317376 0)
(0.0378247 -0.000770175 0)
(0.0908646 -5.43878e-06 0)
(0.0906415 -0.00012623 0)
(0.0905744 -0.000288823 0)
(0.0906086 -0.000454087 0)
(0.0907526 -0.000631964 0)
(0.0909817 -0.000808734 0)
(0.0913255 -0.0010032 0)
(0.0921979 -0.00166688 0)
(0.128437 -9.19657e-06 0)
(0.128259 -8.95478e-05 0)
(0.128172 -0.000212773 0)
(0.128132 -0.000369628 0)
(0.12812 -0.000552453 0)
(0.128138 -0.000764856 0)
(0.128225 -0.00109102 0)
(0.128222 -0.00150888 0)
(0.147212 -1.31167e-05 0)
(0.147034 -0.000100151 0)
(0.146936 -0.000214042 0)
(0.146873 -0.00035512 0)
(0.146821 -0.000526742 0)
(0.146779 -0.000746893 0)
(0.14672 -0.00101428 0)
(0.146652 -0.00136808 0)
(0.147217 -1.84145e-05 0)
(0.147038 -0.000107795 0)
(0.146928 -0.00020655 0)
(0.146841 -0.000324789 0)
(0.14675 -0.000473402 0)
(0.146637 -0.000658686 0)
(0.146491 -0.000895959 0)
(0.146285 -0.00118571 0)
(0.12845 -2.61593e-05 0)
(0.128254 -0.000123899 0)
(0.128113 -0.000209522 0)
(0.127976 -0.000303025 0)
(0.127815 -0.000419491 0)
(0.127617 -0.000570106 0)
(0.127363 -0.000758327 0)
(0.127036 -0.000983565 0)
(0.0908857 -4.01445e-05 0)
(0.0906067 -0.00010256 0)
(0.090389 -0.000133261 0)
(0.0901714 -0.000174717 0)
(0.0899265 -0.000245486 0)
(0.0896312 -0.000349516 0)
(0.0892632 -0.000483852 0)
(0.0887999 -0.000639852 0)
(0.0344545 -4.62105e-05 0)
(0.0343724 -2.48368e-05 0)
(0.0343208 7.25748e-06 0)
(0.0342676 6.09411e-06 0)
(0.0341548 -2.66532e-05 0)
(0.0339547 -7.88138e-05 0)
(0.0336522 -0.000137544 0)
(0.0332421 -0.000192276 0)
(0.0404955 -0.00349722 0)
(0.0434069 -0.00319333 0)
(0.0460489 -0.00287821 0)
(0.0486155 -0.00257184 0)
(0.05097 -0.00242305 0)
(0.0531632 -0.00236943 0)
(0.055217 -0.00238182 0)
(0.0571566 -0.00243227 0)
(0.0590013 -0.00250553 0)
(0.0607649 -0.00259222 0)
(0.0624581 -0.00268735 0)
(0.064089 -0.00278809 0)
(0.065664 -0.00289301 0)
(0.0671885 -0.00300136 0)
(0.068667 -0.00311285 0)
(0.0701033 -0.00322743 0)
(0.071501 -0.00334525 0)
(0.072863 -0.00346654 0)
(0.0741922 -0.00359163 0)
(0.075491 -0.0037209 0)
(0.0767619 -0.00385477 0)
(0.078007 -0.00399368 0)
(0.0792281 -0.00413808 0)
(0.0804272 -0.00428845 0)
(0.0816058 -0.00444524 0)
(0.0827654 -0.0046089 0)
(0.0839073 -0.00477985 0)
(0.0850328 -0.00495848 0)
(0.0861429 -0.00514514 0)
(0.0872383 -0.00534012 0)
(0.0883199 -0.00554366 0)
(0.0893879 -0.00575588 0)
(0.0904428 -0.00597683 0)
(0.0914847 -0.00620643 0)
(0.0925133 -0.0064445 0)
(0.0935283 -0.00669067 0)
(0.0945292 -0.00694445 0)
(0.095515 -0.00720515 0)
(0.0964847 -0.00747191 0)
(0.0974367 -0.00774365 0)
(0.0983694 -0.0080191 0)
(0.0992808 -0.00829677 0)
(0.100169 -0.00857495 0)
(0.10103 -0.00885175 0)
(0.101862 -0.00912502 0)
(0.102662 -0.00939246 0)
(0.103427 -0.00965156 0)
(0.104151 -0.00989968 0)
(0.104832 -0.010134 0)
(0.105465 -0.0103517 0)
(0.106045 -0.0105497 0)
(0.106569 -0.0107252 0)
(0.107031 -0.010875 0)
(0.107428 -0.0109965 0)
(0.107754 -0.0110869 0)
(0.108006 -0.0111435 0)
(0.10818 -0.0111643 0)
(0.108273 -0.0111472 0)
(0.108282 -0.0110908 0)
(0.108204 -0.0109939 0)
(0.10804 -0.0108562 0)
(0.107789 -0.0106774 0)
(0.107451 -0.0104584 0)
(0.10703 -0.0102003 0)
(0.106528 -0.00990487 0)
(0.10595 -0.0095745 0)
(0.105302 -0.00921207 0)
(0.104589 -0.00882093 0)
(0.10382 -0.0084048 0)
(0.103001 -0.00796767 0)
(0.102143 -0.00751373 0)
(0.101254 -0.00704725 0)
(0.100343 -0.00657246 0)
(0.0994177 -0.00609348 0)
(0.098488 -0.00561424 0)
(0.0975616 -0.00513836 0)
(0.0966459 -0.00466915 0)
(0.0957475 -0.00420956 0)
(0.0948724 -0.00376212 0)
(0.0940254 -0.00332899 0)
(0.0932106 -0.0029119 0)
(0.0924315 -0.00251225 0)
(0.0916903 -0.00213106 0)
(0.0909887 -0.00176904 0)
(0.0903276 -0.00142662 0)
(0.0897074 -0.00110399 0)
(0.0891279 -0.000801109 0)
(0.0885882 -0.000517783 0)
(0.0880874 -0.000253661 0)
(0.087624 -8.27862e-06 0)
(0.0871963 0.000218919 0)
(0.0868025 0.000428558 0)
(0.0864407 0.000621311 0)
(0.0861088 0.000797891 0)
(0.0858047 0.00095903 0)
(0.0855263 0.00110547 0)
(0.0852717 0.00123797 0)
(0.0850387 0.00135726 0)
(0.0848254 0.00146408 0)
(0.0846301 0.00155917 0)
(0.0844508 0.00164322 0)
(0.0842861 0.00171693 0)
(0.0841343 0.00178096 0)
(0.083994 0.00183597 0)
(0.0838639 0.00188259 0)
(0.0837427 0.00192142 0)
(0.0836292 0.00195304 0)
(0.0835226 0.001978 0)
(0.0834218 0.00199685 0)
(0.0833261 0.00201008 0)
(0.0832346 0.00201818 0)
(0.0831467 0.00202162 0)
(0.0830619 0.00202081 0)
(0.0829795 0.00201619 0)
(0.0828991 0.00200812 0)
(0.0828204 0.00199696 0)
(0.082743 0.00198307 0)
(0.0826665 0.00196674 0)
(0.0825908 0.00194828 0)
(0.0825156 0.00192794 0)
(0.0824407 0.00190596 0)
(0.082366 0.00188258 0)
(0.0822914 0.001858 0)
(0.0822168 0.00183239 0)
(0.0821421 0.00180591 0)
(0.0820672 0.00177871 0)
(0.0819921 0.00175091 0)
(0.0819167 0.00172262 0)
(0.0818411 0.00169393 0)
(0.0817653 0.00166492 0)
(0.0816891 0.00163564 0)
(0.0816127 0.00160614 0)
(0.081536 0.00157646 0)
(0.081459 0.00154663 0)
(0.0813818 0.00151665 0)
(0.0813043 0.00148654 0)
(0.0812267 0.00145629 0)
(0.0811488 0.00142589 0)
(0.0810707 0.00139533 0)
(0.0809924 0.00136458 0)
(0.0809139 0.00133361 0)
(0.0808353 0.00130241 0)
(0.0807565 0.00127094 0)
(0.0806776 0.00123918 0)
(0.0805986 0.00120707 0)
(0.0805195 0.0011746 0)
(0.0804403 0.00114174 0)
(0.080361 0.00110845 0)
(0.0802817 0.0010747 0)
(0.0802023 0.00104048 0)
(0.0801229 0.00100576 0)
(0.0800435 0.000970516 0)
(0.0799642 0.000934744 0)
(0.0798849 0.000898431 0)
(0.0798056 0.000861574 0)
(0.0797265 0.000824173 0)
(0.0796475 0.000786236 0)
(0.0795686 0.000747774 0)
(0.07949 0.000708804 0)
(0.0794115 0.000669351 0)
(0.0793334 0.000629442 0)
(0.0792555 0.000589113 0)
(0.0791779 0.000548404 0)
(0.0791007 0.00050736 0)
(0.0790239 0.000466033 0)
(0.0789475 0.00042448 0)
(0.0788717 0.000382761 0)
(0.0787963 0.000340944 0)
(0.0787214 0.000299099 0)
(0.0786472 0.000257301 0)
(0.0785735 0.000215628 0)
(0.0785005 0.000174164 0)
(0.0784281 0.000132994 0)
(0.0783564 9.22055e-05 0)
(0.0782854 5.18901e-05 0)
(0.0782151 1.21397e-05 0)
(0.0781456 -2.69519e-05 0)
(0.0780767 -6.52903e-05 0)
(0.0780086 -0.000102781 0)
(0.0779413 -0.00013933 0)
(0.0778746 -0.000174844 0)
(0.0778087 -0.000209232 0)
(0.0777435 -0.000242406 0)
(0.077679 -0.000274279 0)
(0.0776151 -0.00030477 0)
(0.0775519 -0.000333803 0)
(0.0774894 -0.000361306 0)
(0.0774274 -0.000387214 0)
(0.0773661 -0.000411469 0)
(0.0773054 -0.000434019 0)
(0.0772452 -0.00045482 0)
(0.0771857 -0.00047383 0)
(0.0771267 -0.000491013 0)
(0.0770685 -0.000506327 0)
(0.0770111 -0.000519724 0)
(0.0769547 -0.000531111 0)
(0.0768995 -0.00054041 0)
(0.0768462 -0.000547295 0)
(0.0767956 -0.000553294 0)
(0.076752 -0.000540984 0)
(0.092829 -0.00217287 0)
(0.0928885 -0.00264805 0)
(0.0931922 -0.00291742 0)
(0.0936556 -0.00310136 0)
(0.0942742 -0.00324249 0)
(0.0949877 -0.00336567 0)
(0.0957629 -0.00347947 0)
(0.0965747 -0.0035868 0)
(0.0974067 -0.00368881 0)
(0.0982476 -0.00378629 0)
(0.0990896 -0.00388014 0)
(0.0999268 -0.00397136 0)
(0.100755 -0.00406102 0)
(0.101571 -0.00415015 0)
(0.102373 -0.00423973 0)
(0.103159 -0.00433066 0)
(0.103928 -0.00442376 0)
(0.104678 -0.00451978 0)
(0.105409 -0.00461942 0)
(0.106121 -0.00472334 0)
(0.106814 -0.00483213 0)
(0.107487 -0.00494637 0)
(0.10814 -0.00506659 0)
(0.108773 -0.00519331 0)
(0.109387 -0.00532699 0)
(0.109981 -0.00546806 0)
(0.110556 -0.00561692 0)
(0.11111 -0.00577389 0)
(0.111645 -0.00593927 0)
(0.112159 -0.00611325 0)
(0.112652 -0.00629597 0)
(0.113124 -0.00648745 0)
(0.113574 -0.00668761 0)
(0.114001 -0.00689625 0)
(0.114403 -0.00711301 0)
(0.114781 -0.00733737 0)
(0.115131 -0.00756867 0)
(0.115453 -0.00780601 0)
(0.115744 -0.00804832 0)
(0.116002 -0.0082943 0)
(0.116225 -0.00854244 0)
(0.116409 -0.00879098 0)
(0.116553 -0.00903796 0)
(0.116651 -0.00928117 0)
(0.116702 -0.00951818 0)
(0.1167 -0.0097464 0)
(0.116643 -0.00996301 0)
(0.116526 -0.0101651 0)
(0.116345 -0.0103496 0)
(0.116095 -0.0105133 0)
(0.115772 -0.0106532 0)
(0.115373 -0.0107661 0)
(0.114893 -0.0108491 0)
(0.114329 -0.0108993 0)
(0.113679 -0.0109142 0)
(0.112941 -0.0108914 0)
(0.112113 -0.0108293 0)
(0.111194 -0.0107265 0)
(0.110187 -0.0105822 0)
(0.109093 -0.0103964 0)
(0.107916 -0.0101694 0)
(0.106661 -0.00990269 0)
(0.105335 -0.00959808 0)
(0.103944 -0.00925818 0)
(0.102499 -0.00888619 0)
(0.10101 -0.00848582 0)
(0.0994871 -0.00806123 0)
(0.0979423 -0.00761686 0)
(0.0963875 -0.00715731 0)
(0.0948348 -0.00668725 0)
(0.0932957 -0.00621126 0)
(0.0917814 -0.00573369 0)
(0.0903022 -0.00525863 0)
(0.0888673 -0.00478976 0)
(0.087485 -0.00433034 0)
(0.0861622 -0.00388318 0)
(0.0849043 -0.00345059 0)
(0.0837158 -0.00303442 0)
(0.0825996 -0.00263608 0)
(0.0815575 -0.00225656 0)
(0.0805903 -0.00189649 0)
(0.0796977 -0.00155619 0)
(0.0788786 -0.00123569 0)
(0.0781314 -0.000934827 0)
(0.0774535 -0.00065324 0)
(0.0768423 -0.00039044 0)
(0.0762945 -0.000145837 0)
(0.0758067 8.12316e-05 0)
(0.0753755 0.000291472 0)
(0.074997 0.000485619 0)
(0.0746678 0.000664418 0)
(0.0743842 0.000828612 0)
(0.0741425 0.000978939 0)
(0.0739395 0.00111612 0)
(0.0737717 0.00124085 0)
(0.073636 0.00135382 0)
(0.0735293 0.00145567 0)
(0.073449 0.00154705 0)
(0.0733922 0.00162857 0)
(0.0733565 0.00170081 0)
(0.0733395 0.00176433 0)
(0.0733391 0.00181969 0)
(0.0733533 0.0018674 0)
(0.0733803 0.00190797 0)
(0.0734183 0.00194189 0)
(0.0734658 0.00196961 0)
(0.0735214 0.00199158 0)
(0.0735839 0.00200823 0)
(0.073652 0.00201998 0)
(0.0737247 0.0020272 0)
(0.0738011 0.00203029 0)
(0.0738804 0.00202959 0)
(0.0739618 0.00202544 0)
(0.0740446 0.00201816 0)
(0.0741282 0.00200806 0)
(0.0742122 0.00199543 0)
(0.0742961 0.00198052 0)
(0.0743796 0.0019636 0)
(0.0744622 0.00194489 0)
(0.0745438 0.00192461 0)
(0.074624 0.00190295 0)
(0.0747027 0.00188011 0)
(0.0747797 0.00185623 0)
(0.074855 0.00183148 0)
(0.0749283 0.00180598 0)
(0.0749996 0.00177986 0)
(0.0750688 0.00175321 0)
(0.075136 0.00172612 0)
(0.075201 0.00169866 0)
(0.0752638 0.00167091 0)
(0.0753245 0.00164291 0)
(0.075383 0.00161471 0)
(0.0754394 0.00158632 0)
(0.0754935 0.00155777 0)
(0.0755456 0.00152907 0)
(0.0755954 0.00150022 0)
(0.0756432 0.00147122 0)
(0.0756888 0.00144206 0)
(0.0757323 0.00141272 0)
(0.0757737 0.00138317 0)
(0.0758131 0.00135341 0)
(0.0758503 0.0013234 0)
(0.0758854 0.0012931 0)
(0.0759184 0.0012625 0)
(0.0759493 0.00123155 0)
(0.0759781 0.00120024 0)
(0.0760048 0.00116852 0)
(0.0760293 0.00113636 0)
(0.0760518 0.00110375 0)
(0.076072 0.00107066 0)
(0.0760901 0.00103706 0)
(0.076106 0.00100295 0)
(0.0761197 0.000968294 0)
(0.0761312 0.000933096 0)
(0.0761404 0.000897348 0)
(0.0761474 0.000861051 0)
(0.0761521 0.000824211 0)
(0.0761545 0.000786837 0)
(0.0761546 0.000748946 0)
(0.0761524 0.00071056 0)
(0.0761479 0.000671707 0)
(0.076141 0.000632421 0)
(0.0761318 0.000592739 0)
(0.0761202 0.000552707 0)
(0.0761063 0.000512375 0)
(0.0760901 0.000471799 0)
(0.0760715 0.000431039 0)
(0.0760505 0.000390162 0)
(0.0760272 0.000349237 0)
(0.0760015 0.000308339 0)
(0.0759735 0.000267548 0)
(0.0759432 0.000226946 0)
(0.0759106 0.000186619 0)
(0.0758757 0.000146656 0)
(0.0758385 0.000107149 0)
(0.0757991 6.81912e-05 0)
(0.0757574 2.98767e-05 0)
(0.0757135 -7.6989e-06 0)
(0.0756674 -4.44399e-05 0)
(0.0756191 -8.02512e-05 0)
(0.0755687 -0.000115039 0)
(0.0755161 -0.000148712 0)
(0.0754615 -0.00018118 0)
(0.0754049 -0.00021236 0)
(0.0753463 -0.000242169 0)
(0.0752858 -0.000270533 0)
(0.0752233 -0.000297384 0)
(0.075159 -0.000322661 0)
(0.075093 -0.000346312 0)
(0.0750253 -0.000368296 0)
(0.074956 -0.00038858 0)
(0.0748853 -0.000407146 0)
(0.0748132 -0.000423988 0)
(0.07474 -0.000439108 0)
(0.0746659 -0.000452535 0)
(0.0745913 -0.000464269 0)
(0.0745165 -0.000474411 0)
(0.0744424 -0.000482824 0)
(0.0743696 -0.000492161 0)
(0.0743013 -0.000487381 0)
(0.128149 -0.00212296 0)
(0.128097 -0.00262238 0)
(0.128027 -0.00299421 0)
(0.128004 -0.00326825 0)
(0.12803 -0.00348128 0)
(0.1281 -0.00365603 0)
(0.128204 -0.00380565 0)
(0.128332 -0.00393744 0)
(0.128475 -0.00405573 0)
(0.128626 -0.00416339 0)
(0.12878 -0.00426261 0)
(0.128933 -0.00435524 0)
(0.12908 -0.00444291 0)
(0.129219 -0.00452711 0)
(0.129347 -0.00460918 0)
(0.129463 -0.00469034 0)
(0.129563 -0.00477173 0)
(0.129648 -0.00485434 0)
(0.129715 -0.00493913 0)
(0.129764 -0.00502694 0)
(0.129794 -0.00511854 0)
(0.129803 -0.00521464 0)
(0.12979 -0.00531591 0)
(0.129756 -0.00542291 0)
(0.129699 -0.00553617 0)
(0.129619 -0.00565616 0)
(0.129514 -0.00578327 0)
(0.129383 -0.00591782 0)
(0.129226 -0.00606006 0)
(0.129041 -0.00621013 0)
(0.128827 -0.00636808 0)
(0.128582 -0.00653386 0)
(0.128306 -0.00670727 0)
(0.127995 -0.00688797 0)
(0.127649 -0.00707547 0)
(0.127264 -0.00726909 0)
(0.126839 -0.00746797 0)
(0.126371 -0.00767104 0)
(0.125856 -0.007877 0)
(0.125293 -0.00808433 0)
(0.124677 -0.00829127 0)
(0.124006 -0.00849583 0)
(0.123275 -0.00869577 0)
(0.122482 -0.00888862 0)
(0.121621 -0.00907172 0)
(0.12069 -0.00924221 0)
(0.119684 -0.0093971 0)
(0.118599 -0.00953328 0)
(0.117433 -0.00964761 0)
(0.116182 -0.00973695 0)
(0.114844 -0.00979825 0)
(0.113417 -0.00982863 0)
(0.1119 -0.0098255 0)
(0.110292 -0.00978657 0)
(0.108596 -0.00971003 0)
(0.106813 -0.00959459 0)
(0.104948 -0.0094396 0)
(0.103007 -0.00924507 0)
(0.100997 -0.00901177 0)
(0.0989259 -0.00874121 0)
(0.0968054 -0.00843566 0)
(0.0946473 -0.00809809 0)
(0.0924646 -0.00773211 0)
(0.0902716 -0.00734183 0)
(0.088083 -0.00693177 0)
(0.0859136 -0.00650669 0)
(0.0837784 -0.00607143 0)
(0.0816915 -0.00563078 0)
(0.0796661 -0.00518929 0)
(0.0777141 -0.00475121 0)
(0.0758459 -0.00432034 0)
(0.0740701 -0.00389995 0)
(0.0723937 -0.00349278 0)
(0.0708214 -0.00310101 0)
(0.0693566 -0.00272623 0)
(0.0680008 -0.00236956 0)
(0.0667538 -0.00203162 0)
(0.0656145 -0.00171268 0)
(0.0645803 -0.00141263 0)
(0.0636479 -0.00113116 0)
(0.0628133 -0.000867725 0)
(0.0620719 -0.00062168 0)
(0.0614189 -0.000392279 0)
(0.060849 -0.000178735 0)
(0.0603572 1.97555e-05 0)
(0.0599381 0.000203986 0)
(0.0595866 0.00037473 0)
(0.0592977 0.000532728 0)
(0.0590665 0.000678682 0)
(0.0588884 0.000813255 0)
(0.058759 0.000937072 0)
(0.0586741 0.00105072 0)
(0.0586296 0.00115474 0)
(0.0586219 0.00124965 0)
(0.0586474 0.00133594 0)
(0.058703 0.00141408 0)
(0.0587854 0.00148448 0)
(0.0588919 0.00154759 0)
(0.0590198 0.00160378 0)
(0.0591666 0.00165343 0)
(0.0593302 0.00169693 0)
(0.0595084 0.00173461 0)
(0.0596992 0.00176683 0)
(0.0599009 0.0017939 0)
(0.0601119 0.00181615 0)
(0.0603307 0.00183389 0)
(0.0605559 0.00184741 0)
(0.0607864 0.00185701 0)
(0.0610208 0.00186297 0)
(0.0612584 0.00186556 0)
(0.0614981 0.00186504 0)
(0.0617391 0.00186167 0)
(0.0619807 0.00185567 0)
(0.0622222 0.00184728 0)
(0.0624631 0.00183673 0)
(0.0627029 0.00182422 0)
(0.0629411 0.00180994 0)
(0.0631774 0.00179409 0)
(0.0634113 0.00177683 0)
(0.0636426 0.00175833 0)
(0.0638711 0.00173873 0)
(0.0640965 0.00171818 0)
(0.0643188 0.00169679 0)
(0.0645376 0.00167469 0)
(0.064753 0.00165198 0)
(0.0649649 0.00162874 0)
(0.0651731 0.00160506 0)
(0.0653777 0.001581 0)
(0.0655785 0.00155662 0)
(0.0657755 0.00153198 0)
(0.0659688 0.00150711 0)
(0.0661584 0.00148204 0)
(0.0663441 0.00145679 0)
(0.0665261 0.00143137 0)
(0.0667042 0.00140581 0)
(0.0668786 0.00138008 0)
(0.0670492 0.0013542 0)
(0.067216 0.00132815 0)
(0.0673791 0.00130191 0)
(0.0675383 0.00127547 0)
(0.0676937 0.0012488 0)
(0.0678453 0.00122188 0)
(0.0679931 0.00119469 0)
(0.0681369 0.0011672 0)
(0.0682769 0.00113937 0)
(0.068413 0.00111119 0)
(0.0685451 0.00108263 0)
(0.0686732 0.00105366 0)
(0.0687973 0.00102425 0)
(0.0689173 0.000994391 0)
(0.0690331 0.000964059 0)
(0.0691447 0.000933239 0)
(0.069252 0.000901919 0)
(0.0693551 0.000870092 0)
(0.0694537 0.000837753 0)
(0.0695479 0.000804904 0)
(0.0696376 0.00077155 0)
(0.0697227 0.000737702 0)
(0.0698032 0.000703376 0)
(0.069879 0.000668593 0)
(0.0699501 0.000633378 0)
(0.0700164 0.000597765 0)
(0.0700778 0.00056179 0)
(0.0701342 0.000525495 0)
(0.0701858 0.000488929 0)
(0.0702323 0.000452143 0)
(0.0702738 0.000415197 0)
(0.0703102 0.000378151 0)
(0.0703415 0.000341074 0)
(0.0703677 0.000304037 0)
(0.0703888 0.000267114 0)
(0.0704047 0.000230385 0)
(0.0704154 0.000193931 0)
(0.070421 0.000157837 0)
(0.0704215 0.00012219 0)
(0.0704168 8.70773e-05 0)
(0.070407 5.25898e-05 0)
(0.0703922 1.8817e-05 0)
(0.0703724 -1.41509e-05 0)
(0.0703476 -4.62249e-05 0)
(0.070318 -7.73176e-05 0)
(0.0702835 -0.000107344 0)
(0.0702443 -0.000136222 0)
(0.0702004 -0.000163875 0)
(0.0701521 -0.000190229 0)
(0.0700993 -0.000215221 0)
(0.0700423 -0.000238791 0)
(0.0699812 -0.00026089 0)
(0.0699161 -0.000281481 0)
(0.0698473 -0.000300539 0)
(0.0697749 -0.000318053 0)
(0.0696992 -0.000334032 0)
(0.0696205 -0.000348509 0)
(0.0695389 -0.000361538 0)
(0.0694549 -0.000373241 0)
(0.069369 -0.000383706 0)
(0.0692817 -0.000393273 0)
(0.0691938 -0.000401641 0)
(0.0691056 -0.000413327 0)
(0.0690175 -0.000415785 0)
(0.14652 -0.00176279 0)
(0.14627 -0.00216451 0)
(0.145963 -0.0025263 0)
(0.145632 -0.00283726 0)
(0.1453 -0.0031015 0)
(0.144973 -0.00332662 0)
(0.144648 -0.0035195 0)
(0.144322 -0.00368567 0)
(0.143991 -0.00382957 0)
(0.143651 -0.00395491 0)
(0.143298 -0.00406488 0)
(0.142931 -0.00416232 0)
(0.142545 -0.00424973 0)
(0.142141 -0.00432936 0)
(0.141715 -0.00440321 0)
(0.141268 -0.00447307 0)
(0.140799 -0.00454054 0)
(0.140305 -0.00460702 0)
(0.139787 -0.00467377 0)
(0.139243 -0.00474189 0)
(0.138673 -0.00481237 0)
(0.138076 -0.00488607 0)
(0.13745 -0.00496374 0)
(0.136796 -0.00504604 0)
(0.136111 -0.00513352 0)
(0.135395 -0.00522663 0)
(0.134646 -0.00532574 0)
(0.133864 -0.00543113 0)
(0.133045 -0.00554294 0)
(0.132189 -0.00566124 0)
(0.131293 -0.00578594 0)
(0.130356 -0.00591685 0)
(0.129375 -0.00605362 0)
(0.128347 -0.00619574 0)
(0.127271 -0.00634252 0)
(0.126142 -0.00649308 0)
(0.124959 -0.00664637 0)
(0.123717 -0.00680107 0)
(0.122414 -0.00695569 0)
(0.121047 -0.00710846 0)
(0.119611 -0.00725743 0)
(0.118104 -0.0074004 0)
(0.116522 -0.00753496 0)
(0.114862 -0.00765853 0)
(0.113122 -0.00776838 0)
(0.111299 -0.00786167 0)
(0.109391 -0.00793552 0)
(0.107397 -0.00798708 0)
(0.105316 -0.00801359 0)
(0.103149 -0.00801249 0)
(0.100899 -0.00798148 0)
(0.0985675 -0.00791865 0)
(0.0961605 -0.00782257 0)
(0.0936842 -0.00769233 0)
(0.0911469 -0.00752768 0)
(0.0885587 -0.00732908 0)
(0.0859315 -0.00709772 0)
(0.0832789 -0.00683557 0)
(0.0806158 -0.00654534 0)
(0.0779583 -0.00623044 0)
(0.0753234 -0.00589488 0)
(0.0727282 -0.00554311 0)
(0.0701896 -0.00517988 0)
(0.0677238 -0.00481 0)
(0.0653459 -0.00443821 0)
(0.063069 -0.00406891 0)
(0.0609043 -0.00370605 0)
(0.058861 -0.003353 0)
(0.0569454 -0.00301246 0)
(0.055162 -0.00268647 0)
(0.0535126 -0.00237641 0)
(0.0519973 -0.00208307 0)
(0.0506144 -0.0018067 0)
(0.0493605 -0.00154719 0)
(0.0482312 -0.00130409 0)
(0.0472214 -0.00107675 0)
(0.0463251 -0.00086437 0)
(0.0455362 -0.000666102 0)
(0.0448482 -0.000481071 0)
(0.0442547 -0.000308424 0)
(0.0437495 -0.000147346 0)
(0.0433262 2.92139e-06 0)
(0.042979 0.000143076 0)
(0.0427022 0.000273757 0)
(0.0424904 0.000395542 0)
(0.0423386 0.000508956 0)
(0.042242 0.000614473 0)
(0.042196 0.000712523 0)
(0.0421964 0.000803496 0)
(0.0422392 0.00088775 0)
(0.0423208 0.000965611 0)
(0.0424377 0.00103738 0)
(0.0425866 0.00110333 0)
(0.0427646 0.00116374 0)
(0.0429687 0.00121884 0)
(0.0431964 0.00126886 0)
(0.0434452 0.00131404 0)
(0.0437127 0.00135458 0)
(0.043997 0.00139069 0)
(0.0442959 0.00142258 0)
(0.0446077 0.00145044 0)
(0.0449307 0.00147447 0)
(0.0452632 0.00149485 0)
(0.0456038 0.00151178 0)
(0.0459512 0.00152544 0)
(0.0463041 0.00153601 0)
(0.0466614 0.00154368 0)
(0.0470219 0.00154863 0)
(0.0473849 0.00155102 0)
(0.0477494 0.00155103 0)
(0.0481145 0.00154884 0)
(0.0484797 0.0015446 0)
(0.0488442 0.00153847 0)
(0.0492075 0.00153061 0)
(0.049569 0.00152116 0)
(0.0499283 0.00151028 0)
(0.050285 0.00149809 0)
(0.0506387 0.00148472 0)
(0.0509891 0.0014703 0)
(0.0513359 0.00145494 0)
(0.0516788 0.00143875 0)
(0.0520178 0.00142183 0)
(0.0523525 0.00140426 0)
(0.0526829 0.00138614 0)
(0.0530089 0.00136753 0)
(0.0533302 0.0013485 0)
(0.0536469 0.00132911 0)
(0.0539589 0.00130941 0)
(0.0542661 0.00128945 0)
(0.0545685 0.00126926 0)
(0.0548661 0.00124887 0)
(0.0551587 0.0012283 0)
(0.0554465 0.00120756 0)
(0.0557293 0.00118668 0)
(0.0560071 0.00116565 0)
(0.05628 0.00114447 0)
(0.0565479 0.00112313 0)
(0.0568108 0.00110164 0)
(0.0570687 0.00107997 0)
(0.0573214 0.00105811 0)
(0.0575691 0.00103605 0)
(0.0578116 0.00101376 0)
(0.0580489 0.000991223 0)
(0.058281 0.000968417 0)
(0.0585078 0.000945321 0)
(0.0587292 0.000921912 0)
(0.0589452 0.00089817 0)
(0.0591556 0.000874073 0)
(0.0593605 0.000849604 0)
(0.0595597 0.000824746 0)
(0.0597531 0.000799484 0)
(0.0599407 0.000773808 0)
(0.0601223 0.000747709 0)
(0.0602978 0.000721183 0)
(0.0604672 0.000694227 0)
(0.0606303 0.000666845 0)
(0.060787 0.000639044 0)
(0.0609373 0.000610835 0)
(0.061081 0.000582234 0)
(0.061218 0.000553261 0)
(0.0613482 0.000523941 0)
(0.0614715 0.000494304 0)
(0.0615878 0.000464384 0)
(0.061697 0.000434221 0)
(0.0617991 0.000403858 0)
(0.061894 0.000373343 0)
(0.0619816 0.000342728 0)
(0.0620618 0.00031207 0)
(0.0621346 0.000281429 0)
(0.0621999 0.000250869 0)
(0.0622578 0.000220457 0)
(0.0623082 0.000190263 0)
(0.062351 0.00016036 0)
(0.0623864 0.000130822 0)
(0.0624143 0.000101726 0)
(0.0624347 7.31474e-05 0)
(0.0624478 4.51653e-05 0)
(0.0624535 1.78569e-05 0)
(0.062452 -8.70104e-06 0)
(0.0624434 -3.44333e-05 0)
(0.0624277 -5.92667e-05 0)
(0.0624052 -8.31312e-05 0)
(0.0623761 -0.000105961 0)
(0.0623403 -0.000127694 0)
(0.0622983 -0.000148275 0)
(0.0622501 -0.000167655 0)
(0.062196 -0.000185796 0)
(0.0621364 -0.000202666 0)
(0.0620714 -0.000218248 0)
(0.0620013 -0.000232541 0)
(0.0619265 -0.000245559 0)
(0.0618472 -0.00025734 0)
(0.061764 -0.000267968 0)
(0.0616771 -0.000277522 0)
(0.061587 -0.000286249 0)
(0.0614942 -0.00029424 0)
(0.0613994 -0.000302358 0)
(0.0613034 -0.000309192 0)
(0.0612058 -0.000321753 0)
(0.0611022 -0.000332152 0)
(0.145998 -0.00152152 0)
(0.145629 -0.00186393 0)
(0.145182 -0.00218323 0)
(0.144673 -0.00246492 0)
(0.144116 -0.00270592 0)
(0.143517 -0.00290872 0)
(0.142881 -0.00307783 0)
(0.142208 -0.00321815 0)
(0.141499 -0.00333438 0)
(0.140755 -0.00343071 0)
(0.139977 -0.00351085 0)
(0.139165 -0.00357805 0)
(0.13832 -0.0036351 0)
(0.137444 -0.00368443 0)
(0.136535 -0.00372812 0)
(0.135597 -0.003768 0)
(0.134627 -0.00380564 0)
(0.133628 -0.00384239 0)
(0.132599 -0.00387942 0)
(0.131539 -0.00391774 0)
(0.130448 -0.0039582 0)
(0.129327 -0.00400152 0)
(0.128173 -0.00404831 0)
(0.126985 -0.00409905 0)
(0.125764 -0.00415413 0)
(0.124507 -0.00421381 0)
(0.123212 -0.00427827 0)
(0.121878 -0.0043476 0)
(0.120503 -0.00442174 0)
(0.119085 -0.00450054 0)
(0.11762 -0.00458374 0)
(0.116108 -0.00467091 0)
(0.114544 -0.00476152 0)
(0.112927 -0.00485484 0)
(0.111254 -0.00495001 0)
(0.109521 -0.00504598 0)
(0.107726 -0.00514151 0)
(0.105866 -0.0052352 0)
(0.103938 -0.00532541 0)
(0.101941 -0.00541038 0)
(0.0998715 -0.00548813 0)
(0.0977285 -0.00555655 0)
(0.0955108 -0.00561343 0)
(0.0932182 -0.00565644 0)
(0.0908513 -0.00568328 0)
(0.0884116 -0.00569168 0)
(0.085902 -0.00567948 0)
(0.0833267 -0.00564478 0)
(0.0806915 -0.00558598 0)
(0.0780038 -0.00550188 0)
(0.0752729 -0.00539183 0)
(0.0725097 -0.00525575 0)
(0.0697269 -0.00509426 0)
(0.0669388 -0.00490865 0)
(0.064161 -0.00470096 0)
(0.0614101 -0.00447389 0)
(0.058703 -0.00423073 0)
(0.0560569 -0.00397522 0)
(0.0534882 -0.00371138 0)
(0.0510121 -0.00344334 0)
(0.0486424 -0.00317506 0)
(0.0463906 -0.00291016 0)
(0.0442658 -0.00265177 0)
(0.0422746 -0.00240241 0)
(0.0404212 -0.00216392 0)
(0.0387071 -0.00193751 0)
(0.0371319 -0.00172379 0)
(0.0356932 -0.0015229 0)
(0.034387 -0.0013346 0)
(0.0332084 -0.00115839 0)
(0.0321514 -0.000993644 0)
(0.0312097 -0.000839624 0)
(0.0303768 -0.000695592 0)
(0.029646 -0.000560829 0)
(0.0290106 -0.000434657 0)
(0.0284645 -0.000316449 0)
(0.0280015 -0.000205633 0)
(0.0276157 -0.000101685 0)
(0.0273018 -4.1323e-06 0)
(0.0270547 8.74574e-05 0)
(0.0268694 0.000173474 0)
(0.0267416 0.000254272 0)
(0.0266669 0.000330168 0)
(0.0266414 0.000401449 0)
(0.0266614 0.000468368 0)
(0.0267234 0.000531153 0)
(0.0268242 0.000590004 0)
(0.0269607 0.000645098 0)
(0.0271301 0.000696593 0)
(0.0273297 0.000744629 0)
(0.027557 0.00078933 0)
(0.0278096 0.000830809 0)
(0.0280852 0.000869168 0)
(0.0283819 0.000904505 0)
(0.0286976 0.000936908 0)
(0.0290305 0.000966465 0)
(0.0293788 0.000993261 0)
(0.0297409 0.00101738 0)
(0.0301152 0.0010389 0)
(0.0305003 0.00105791 0)
(0.0308948 0.00107451 0)
(0.0312975 0.00108876 0)
(0.0317071 0.00110077 0)
(0.0321226 0.00111063 0)
(0.0325427 0.00111843 0)
(0.0329667 0.00112428 0)
(0.0333936 0.00112825 0)
(0.0338224 0.00113047 0)
(0.0342525 0.00113101 0)
(0.0346831 0.00113 0)
(0.0351136 0.00112752 0)
(0.0355433 0.00112367 0)
(0.0359717 0.00111856 0)
(0.0363983 0.00111228 0)
(0.0368225 0.00110493 0)
(0.0372441 0.00109658 0)
(0.0376625 0.00108735 0)
(0.0380775 0.0010773 0)
(0.0384888 0.00106652 0)
(0.0388962 0.00105509 0)
(0.0392992 0.00104307 0)
(0.0396979 0.00103054 0)
(0.0400919 0.00101755 0)
(0.0404812 0.00100416 0)
(0.0408655 0.000990432 0)
(0.0412448 0.0009764 0)
(0.041619 0.000962108 0)
(0.041988 0.000947591 0)
(0.0423517 0.000932879 0)
(0.04271 0.000917997 0)
(0.0430629 0.000902966 0)
(0.0434104 0.0008878 0)
(0.0437523 0.00087251 0)
(0.0440887 0.000857104 0)
(0.0444195 0.000841585 0)
(0.0447447 0.000825951 0)
(0.0450642 0.000810199 0)
(0.0453779 0.000794322 0)
(0.0456859 0.000778312 0)
(0.045988 0.000762157 0)
(0.0462843 0.000745844 0)
(0.0465746 0.000729359 0)
(0.0468588 0.000712687 0)
(0.047137 0.000695813 0)
(0.0474089 0.000678721 0)
(0.0476746 0.000661395 0)
(0.0479339 0.000643821 0)
(0.0481867 0.000625985 0)
(0.0484329 0.000607875 0)
(0.0486724 0.000589479 0)
(0.0489051 0.000570788 0)
(0.0491309 0.000551797 0)
(0.0493495 0.0005325 0)
(0.049561 0.000512897 0)
(0.0497652 0.000492988 0)
(0.0499618 0.00047278 0)
(0.0501509 0.000452279 0)
(0.0503322 0.000431497 0)
(0.0505057 0.000410448 0)
(0.0506712 0.000389153 0)
(0.0508286 0.000367632 0)
(0.0509777 0.000345911 0)
(0.0511185 0.00032402 0)
(0.0512509 0.000301991 0)
(0.0513747 0.000279862 0)
(0.05149 0.000257672 0)
(0.0515965 0.000235463 0)
(0.0516943 0.000213281 0)
(0.0517832 0.000191176 0)
(0.0518634 0.000169197 0)
(0.0519347 0.000147398 0)
(0.0519972 0.000125834 0)
(0.052051 0.000104562 0)
(0.0520959 8.36379e-05 0)
(0.0521322 6.31204e-05 0)
(0.0521598 4.30676e-05 0)
(0.052179 2.35371e-05 0)
(0.0521897 4.58586e-06 0)
(0.0521923 -1.37309e-05 0)
(0.0521869 -3.13598e-05 0)
(0.0521736 -4.82503e-05 0)
(0.0521527 -6.43552e-05 0)
(0.0521244 -7.96313e-05 0)
(0.0520891 -9.40405e-05 0)
(0.0520469 -0.00010755 0)
(0.0519983 -0.000120135 0)
(0.0519435 -0.000131778 0)
(0.051883 -0.000142471 0)
(0.051817 -0.00015222 0)
(0.051746 -0.000161041 0)
(0.0516703 -0.00016898 0)
(0.0515904 -0.000176092 0)
(0.0515067 -0.000182492 0)
(0.0514196 -0.000188304 0)
(0.0513296 -0.000193847 0)
(0.0512371 -0.000199027 0)
(0.0511424 -0.000205915 0)
(0.0510471 -0.000210613 0)
(0.0509504 -0.000222414 0)
(0.0508387 -0.000242563 0)
(0.126618 -0.00123276 0)
(0.126095 -0.00148578 0)
(0.125468 -0.00172164 0)
(0.124747 -0.0019273 0)
(0.123944 -0.0020982 0)
(0.123067 -0.0022354 0)
(0.122123 -0.0023428 0)
(0.12112 -0.00242523 0)
(0.120063 -0.00248745 0)
(0.118957 -0.0025337 0)
(0.117808 -0.00256758 0)
(0.11662 -0.00259205 0)
(0.115396 -0.00260953 0)
(0.114141 -0.00262202 0)
(0.112856 -0.00263119 0)
(0.111543 -0.00263843 0)
(0.110205 -0.00264489 0)
(0.108842 -0.00265155 0)
(0.107454 -0.00265921 0)
(0.106042 -0.00266855 0)
(0.104606 -0.00268009 0)
(0.103145 -0.00269425 0)
(0.101658 -0.00271135 0)
(0.100145 -0.0027316 0)
(0.0986026 -0.00275512 0)
(0.0970306 -0.00278193 0)
(0.0954269 -0.00281198 0)
(0.0937894 -0.00284511 0)
(0.0921161 -0.00288106 0)
(0.0904048 -0.00291949 0)
(0.0886531 -0.00295993 0)
(0.0868589 -0.00300181 0)
(0.0850201 -0.00304445 0)
(0.0831344 -0.00308703 0)
(0.0812002 -0.00312863 0)
(0.0792158 -0.00316818 0)
(0.0771801 -0.00320452 0)
(0.0750923 -0.00323634 0)
(0.0729523 -0.00326229 0)
(0.0707609 -0.00328092 0)
(0.0685195 -0.00329074 0)
(0.0662305 -0.00329031 0)
(0.0638977 -0.00327824 0)
(0.0615258 -0.00325328 0)
(0.0591211 -0.00321439 0)
(0.0566911 -0.00316081 0)
(0.0542447 -0.00309216 0)
(0.0517921 -0.00300849 0)
(0.049345 -0.00291029 0)
(0.0469158 -0.00279856 0)
(0.0445176 -0.00267475 0)
(0.0421641 -0.00254074 0)
(0.0398687 -0.00239871 0)
(0.0376445 -0.00225104 0)
(0.0355034 -0.00210017 0)
(0.0334561 -0.00194846 0)
(0.0315114 -0.00179807 0)
(0.0296761 -0.00165085 0)
(0.0279551 -0.00150828 0)
(0.0263508 -0.00137144 0)
(0.0248639 -0.00124103 0)
(0.0234935 -0.00111741 0)
(0.022237 -0.00100069 0)
(0.021091 -0.000890763 0)
(0.0200511 -0.000787412 0)
(0.0191125 -0.000690346 0)
(0.0182701 -0.000599247 0)
(0.0175186 -0.000513791 0)
(0.0168527 -0.000433663 0)
(0.0162673 -0.000358557 0)
(0.0157572 -0.000288176 0)
(0.0153177 -0.000222224 0)
(0.0149441 -0.00016041 0)
(0.0146321 -0.00010244 0)
(0.0143775 -4.80235e-05 0)
(0.0141765 3.12258e-06 0)
(0.0140255 5.12709e-05 0)
(0.0139211 9.66768e-05 0)
(0.0138603 0.000139574 0)
(0.01384 0.000180173 0)
(0.0138576 0.000218655 0)
(0.0139106 0.000255176 0)
(0.0139966 0.000289865 0)
(0.0141134 0.000322829 0)
(0.0142589 0.000354151 0)
(0.0144313 0.000383897 0)
(0.0146286 0.000412115 0)
(0.0148492 0.000438843 0)
(0.0150914 0.000464107 0)
(0.0153537 0.000487927 0)
(0.0156346 0.000510316 0)
(0.0159327 0.000531285 0)
(0.0162466 0.000550842 0)
(0.016575 0.000568996 0)
(0.0169167 0.000585755 0)
(0.0172705 0.00060113 0)
(0.0176352 0.000615132 0)
(0.0180098 0.000627778 0)
(0.0183931 0.000639086 0)
(0.0187842 0.000649078 0)
(0.0191821 0.00065778 0)
(0.019586 0.000665222 0)
(0.0199948 0.000671437 0)
(0.0204077 0.000676462 0)
(0.020824 0.000680337 0)
(0.021243 0.000683106 0)
(0.0216638 0.000684815 0)
(0.0220858 0.000685513 0)
(0.0225084 0.000685249 0)
(0.022931 0.000684077 0)
(0.023353 0.000682049 0)
(0.0237739 0.000679221 0)
(0.0241933 0.000675645 0)
(0.0246106 0.000671377 0)
(0.0250255 0.000666471 0)
(0.0254377 0.000660979 0)
(0.0258467 0.000654953 0)
(0.0262523 0.000648442 0)
(0.0266542 0.000641495 0)
(0.0270521 0.000634157 0)
(0.0274458 0.000626472 0)
(0.0278352 0.000618479 0)
(0.02822 0.000610217 0)
(0.0286 0.000601718 0)
(0.0289753 0.000593016 0)
(0.0293455 0.000584138 0)
(0.0297107 0.000575109 0)
(0.0300707 0.00056595 0)
(0.0304255 0.00055668 0)
(0.0307749 0.000547314 0)
(0.0311189 0.000537865 0)
(0.0314575 0.000528341 0)
(0.0317906 0.00051875 0)
(0.0321181 0.000509096 0)
(0.03244 0.000499379 0)
(0.0327563 0.000489601 0)
(0.0330668 0.000479757 0)
(0.0333716 0.000469845 0)
(0.0336705 0.000459858 0)
(0.0339635 0.000449789 0)
(0.0342506 0.000439631 0)
(0.0345317 0.000429374 0)
(0.0348066 0.000419011 0)
(0.0350753 0.00040853 0)
(0.0353378 0.000397924 0)
(0.0355938 0.000387182 0)
(0.0358434 0.000376297 0)
(0.0360864 0.000365261 0)
(0.0363227 0.000354068 0)
(0.0365521 0.000342711 0)
(0.0367746 0.000331186 0)
(0.0369901 0.000319492 0)
(0.0371983 0.000307627 0)
(0.0373993 0.000295593 0)
(0.0375928 0.000283391 0)
(0.0377787 0.000271029 0)
(0.0379569 0.000258512 0)
(0.0381272 0.000245851 0)
(0.0382896 0.000233058 0)
(0.038444 0.000220147 0)
(0.0385902 0.000207134 0)
(0.0387281 0.000194039 0)
(0.0388577 0.000180882 0)
(0.0389788 0.000167686 0)
(0.0390915 0.000154478 0)
(0.0391956 0.000141283 0)
(0.0392911 0.000128132 0)
(0.0393781 0.000115054 0)
(0.0394564 0.000102081 0)
(0.0395262 8.92464e-05 0)
(0.0395874 7.65839e-05 0)
(0.0396401 6.4128e-05 0)
(0.0396844 5.19135e-05 0)
(0.0397205 3.99752e-05 0)
(0.0397484 2.83478e-05 0)
(0.0397682 1.70651e-05 0)
(0.0397802 6.16017e-06 0)
(0.0397846 -4.33547e-06 0)
(0.0397815 -1.43919e-05 0)
(0.0397712 -2.39814e-05 0)
(0.039754 -3.30786e-05 0)
(0.0397302 -4.16614e-05 0)
(0.0397001 -4.97108e-05 0)
(0.0396639 -5.7212e-05 0)
(0.0396221 -6.41547e-05 0)
(0.039575 -7.05339e-05 0)
(0.039523 -7.6351e-05 0)
(0.0394664 -8.16156e-05 0)
(0.0394057 -8.63448e-05 0)
(0.0393411 -9.0574e-05 0)
(0.0392732 -9.43415e-05 0)
(0.0392023 -9.77346e-05 0)
(0.0391286 -0.000100849 0)
(0.0390527 -0.000103754 0)
(0.0389746 -0.000107147 0)
(0.038895 -0.000109697 0)
(0.0388129 -0.00011636 0)
(0.03873 -0.000119025 0)
(0.0386495 -0.000128358 0)
(0.0385405 -0.000157499 0)
(0.0882224 -0.000804051 0)
(0.0875219 -0.000958516 0)
(0.0867021 -0.00108822 0)
(0.0857761 -0.00118555 0)
(0.0847611 -0.00125038 0)
(0.0836744 -0.00128737 0)
(0.0825311 -0.00130307 0)
(0.0813441 -0.00130386 0)
(0.0801238 -0.00129502 0)
(0.0788785 -0.00128042 0)
(0.0776144 -0.00126278 0)
(0.0763364 -0.00124392 0)
(0.0750482 -0.00122502 0)
(0.0737521 -0.0012069 0)
(0.0724499 -0.00119013 0)
(0.0711426 -0.00117508 0)
(0.0698307 -0.00116205 0)
(0.068514 -0.00115121 0)
(0.0671922 -0.00114267 0)
(0.0658645 -0.00113647 0)
(0.0645298 -0.00113259 0)
(0.0631868 -0.00113095 0)
(0.061834 -0.00113145 0)
(0.0604699 -0.00113391 0)
(0.0590927 -0.00113814 0)
(0.0577008 -0.00114391 0)
(0.0562925 -0.00115095 0)
(0.0548661 -0.00115893 0)
(0.05342 -0.00116753 0)
(0.051953 -0.00117634 0)
(0.0504638 -0.00118495 0)
(0.0489516 -0.00119291 0)
(0.0474159 -0.00119973 0)
(0.0458566 -0.00120489 0)
(0.0442741 -0.00120786 0)
(0.0426694 -0.00120812 0)
(0.041044 -0.00120514 0)
(0.0394004 -0.00119842 0)
(0.0377416 -0.00118753 0)
(0.0360713 -0.0011721 0)
(0.0343943 -0.00115185 0)
(0.032716 -0.00112664 0)
(0.0310426 -0.00109646 0)
(0.0293806 -0.00106147 0)
(0.0277374 -0.001022 0)
(0.0261205 -0.000978525 0)
(0.0245375 -0.000931683 0)
(0.0229958 -0.000882226 0)
(0.0215024 -0.000830977 0)
(0.020064 -0.00077878 0)
(0.0186861 -0.00072644 0)
(0.0173738 -0.000674663 0)
(0.0161307 -0.000624014 0)
(0.0149598 -0.000574883 0)
(0.0138629 -0.000527483 0)
(0.0128408 -0.000481868 0)
(0.0118935 -0.000437984 0)
(0.01102 -0.000395727 0)
(0.0102188 -0.000355011 0)
(0.00948774 -0.000315818 0)
(0.00882411 -0.000278218 0)
(0.00822493 -0.000242366 0)
(0.00768698 -0.000208457 0)
(0.00720692 -0.000176681 0)
(0.00678136 -0.000147172 0)
(0.00640694 -0.000119977 0)
(0.00608041 -9.50471e-05 0)
(0.00579863 -7.22433e-05 0)
(0.00555864 -5.13633e-05 0)
(0.00535764 -3.21697e-05 0)
(0.00519303 -1.44177e-05 0)
(0.00506239 2.12422e-06 0)
(0.0049635 1.76599e-05 0)
(0.00489431 3.236e-05 0)
(0.00485295 4.63616e-05 0)
(0.00483771 5.97708e-05 0)
(0.00484702 7.26683e-05 0)
(0.00487946 8.51139e-05 0)
(0.00493372 9.71513e-05 0)
(0.00500861 0.000108812 0)
(0.00510302 0.000120117 0)
(0.00521591 0.000131081 0)
(0.00534634 0.000141711 0)
(0.0054934 0.00015201 0)
(0.00565623 0.000161975 0)
(0.00583401 0.0001716 0)
(0.00602594 0.000180878 0)
(0.00623127 0.000189795 0)
(0.00644924 0.000198338 0)
(0.00667912 0.000206493 0)
(0.00692018 0.000214245 0)
(0.00717171 0.000221578 0)
(0.00743301 0.000228477 0)
(0.00770338 0.000234929 0)
(0.00798213 0.000240921 0)
(0.00826858 0.000246443 0)
(0.00856206 0.000251487 0)
(0.00886189 0.000256046 0)
(0.00916743 0.000260117 0)
(0.00947804 0.000263699 0)
(0.00979309 0.000266793 0)
(0.010112 0.000269404 0)
(0.0104341 0.000271538 0)
(0.0107588 0.000273205 0)
(0.0110857 0.000274416 0)
(0.0114141 0.000275184 0)
(0.0117435 0.000275526 0)
(0.0120735 0.000275458 0)
(0.0124036 0.000275 0)
(0.0127333 0.000274171 0)
(0.0130622 0.000272993 0)
(0.01339 0.000271486 0)
(0.0137162 0.000269675 0)
(0.0140406 0.000267581 0)
(0.0143628 0.000265228 0)
(0.0146825 0.000262636 0)
(0.0149995 0.00025983 0)
(0.0153134 0.00025683 0)
(0.0156242 0.000253657 0)
(0.0159316 0.000250331 0)
(0.0162354 0.000246871 0)
(0.0165355 0.000243294 0)
(0.0168318 0.000239618 0)
(0.017124 0.000235857 0)
(0.0174122 0.000232024 0)
(0.0176962 0.000228133 0)
(0.0179759 0.000224194 0)
(0.0182513 0.000220216 0)
(0.0185224 0.000216208 0)
(0.0187889 0.000212176 0)
(0.019051 0.000208125 0)
(0.0193086 0.00020406 0)
(0.0195616 0.000199983 0)
(0.01981 0.000195897 0)
(0.0200537 0.0001918 0)
(0.0202928 0.000187694 0)
(0.0205272 0.000183577 0)
(0.0207568 0.000179447 0)
(0.0209817 0.000175302 0)
(0.0212017 0.000171138 0)
(0.0214169 0.000166953 0)
(0.0216271 0.000162742 0)
(0.0218323 0.000158502 0)
(0.0220325 0.000154229 0)
(0.0222276 0.00014992 0)
(0.0224175 0.00014557 0)
(0.0226022 0.000141176 0)
(0.0227815 0.000136737 0)
(0.0229554 0.000132249 0)
(0.0231239 0.00012771 0)
(0.0232867 0.000123119 0)
(0.0234439 0.000118477 0)
(0.0235954 0.000113783 0)
(0.023741 0.000109039 0)
(0.0238807 0.000104246 0)
(0.0240144 9.94083e-05 0)
(0.024142 9.4529e-05 0)
(0.0242635 8.96131e-05 0)
(0.0243787 8.46664e-05 0)
(0.0244877 7.96955e-05 0)
(0.0245903 7.47081e-05 0)
(0.0246864 6.97124e-05 0)
(0.0247762 6.47178e-05 0)
(0.0248595 5.97341e-05 0)
(0.0249364 5.4772e-05 0)
(0.0250067 4.98425e-05 0)
(0.0250707 4.49573e-05 0)
(0.0251282 4.01285e-05 0)
(0.0251793 3.53684e-05 0)
(0.0252241 3.06895e-05 0)
(0.0252626 2.61044e-05 0)
(0.0252951 2.16255e-05 0)
(0.0253214 1.72651e-05 0)
(0.0253419 1.30352e-05 0)
(0.0253566 8.94717e-06 0)
(0.0253657 5.01198e-06 0)
(0.0253694 1.23975e-06 0)
(0.0253679 -2.36024e-06 0)
(0.0253614 -5.77971e-06 0)
(0.0253501 -9.01152e-06 0)
(0.0253342 -1.20498e-05 0)
(0.0253141 -1.48903e-05 0)
(0.02529 -1.75301e-05 0)
(0.025262 -1.99683e-05 0)
(0.0252306 -2.22062e-05 0)
(0.025196 -2.42476e-05 0)
(0.0251585 -2.60993e-05 0)
(0.0251183 -2.77725e-05 0)
(0.0250758 -2.92826e-05 0)
(0.0250311 -3.0653e-05 0)
(0.0249846 -3.19234e-05 0)
(0.0249364 -3.31085e-05 0)
(0.0248867 -3.44148e-05 0)
(0.0248357 -3.55118e-05 0)
(0.0247831 -3.78014e-05 0)
(0.0247291 -3.85245e-05 0)
(0.0246747 -4.42716e-05 0)
(0.0246121 -4.62646e-05 0)
(0.0245651 -5.15184e-05 0)
(0.0244676 -8.41889e-05 0)
(0.0327295 -0.000234159 0)
(0.0321307 -0.000256985 0)
(0.0314709 -0.000259199 0)
(0.0307765 -0.000244682 0)
(0.0300685 -0.000220463 0)
(0.0293602 -0.000193539 0)
(0.0286588 -0.000168845 0)
(0.0279671 -0.000148783 0)
(0.0272864 -0.000133778 0)
(0.0266167 -0.000123141 0)
(0.0259579 -0.000115798 0)
(0.0253097 -0.00011073 0)
(0.0246716 -0.000107164 0)
(0.024043 -0.000104586 0)
(0.023423 -0.000102688 0)
(0.0228108 -0.000101294 0)
(0.0222051 -0.000100303 0)
(0.0216049 -9.96422e-05 0)
(0.021009 -9.92539e-05 0)
(0.0204162 -9.90805e-05 0)
(0.0198252 -9.90637e-05 0)
(0.0192351 -9.9144e-05 0)
(0.0186448 -9.92617e-05 0)
(0.0180534 -9.93569e-05 0)
(0.01746 -9.93705e-05 0)
(0.0168641 -9.92443e-05 0)
(0.016265 -9.89217e-05 0)
(0.0156626 -9.83483e-05 0)
(0.0150565 -9.74737e-05 0)
(0.0144468 -9.62529e-05 0)
(0.0138339 -9.46486e-05 0)
(0.013218 -9.2634e-05 0)
(0.0126 -9.01955e-05 0)
(0.0119808 -8.73354e-05 0)
(0.0113615 -8.40745e-05 0)
(0.0107435 -8.04534e-05 0)
(0.0101284 -7.65325e-05 0)
(0.00951801 -7.23902e-05 0)
(0.00891424 -6.81189e-05 0)
(0.00831918 -6.38172e-05 0)
(0.007735 -5.95809e-05 0)
(0.00716393 -5.54909e-05 0)
(0.00660817 -5.16015e-05 0)
(0.00606989 -4.79294e-05 0)
(0.00555117 -4.44478e-05 0)
(0.0050539 -4.10863e-05 0)
(0.00457981 -3.77407e-05 0)
(0.00413036 -3.42898e-05 0)
(0.00370672 -3.06195e-05 0)
(0.00330973 -2.66489e-05 0)
(0.00293986 -2.23521e-05 0)
(0.00259723 -1.77718e-05 0)
(0.0022816 -1.3019e-05 0)
(0.00199242 -8.25886e-06 0)
(0.00172887 -3.68645e-06 0)
(0.00148997 5.04491e-07 0)
(0.00127458 4.15116e-06 0)
(0.00108153 7.14445e-06 0)
(0.000909658 9.4406e-06 0)
(0.000757785 1.10608e-05 0)
(0.000624764 1.20803e-05 0)
(0.000509447 1.2612e-05 0)
(0.000410685 1.27861e-05 0)
(0.00032732 1.27331e-05 0)
(0.000258205 1.25691e-05 0)
(0.000202222 1.23869e-05 0)
(0.000158309 1.2252e-05 0)
(0.000125488 1.22029e-05 0)
(0.000102878 1.22549e-05 0)
(8.97064e-05 1.24054e-05 0)
(8.53072e-05 1.26411e-05 0)
(8.91121e-05 1.29429e-05 0)
(0.00010064 1.32917e-05 0)
(0.000119481 1.3671e-05 0)
(0.000145289 1.4069e-05 0)
(0.000177764 1.44788e-05 0)
(0.000216648 1.48982e-05 0)
(0.000261712 1.53279e-05 0)
(0.000312755 1.57707e-05 0)
(0.000369597 1.62303e-05 0)
(0.000432069 1.67099e-05 0)
(0.000500017 1.72118e-05 0)
(0.000573292 1.77368e-05 0)
(0.000651748 1.82842e-05 0)
(0.000735239 1.88521e-05 0)
(0.000823615 1.94368e-05 0)
(0.000916724 2.00341e-05 0)
(0.0010144 2.06387e-05 0)
(0.00111648 2.12449e-05 0)
(0.00122278 2.18469e-05 0)
(0.00133311 2.24386e-05 0)
(0.00144727 2.30143e-05 0)
(0.00156505 2.35685e-05 0)
(0.00168623 2.4096e-05 0)
(0.00181057 2.4592e-05 0)
(0.00193786 2.50524e-05 0)
(0.00206783 2.54733e-05 0)
(0.00220025 2.58518e-05 0)
(0.00233486 2.61853e-05 0)
(0.00247141 2.64716e-05 0)
(0.00260965 2.67095e-05 0)
(0.00274932 2.68979e-05 0)
(0.00289016 2.70365e-05 0)
(0.00303195 2.71254e-05 0)
(0.00317442 2.71651e-05 0)
(0.00331735 2.71567e-05 0)
(0.0034605 2.71016e-05 0)
(0.00360367 2.70014e-05 0)
(0.00374663 2.68582e-05 0)
(0.00388919 2.66743e-05 0)
(0.00403116 2.64523e-05 0)
(0.00417237 2.61947e-05 0)
(0.00431264 2.59044e-05 0)
(0.00445183 2.55844e-05 0)
(0.00458979 2.52374e-05 0)
(0.0047264 2.48665e-05 0)
(0.00486153 2.44746e-05 0)
(0.00499509 2.40644e-05 0)
(0.00512698 2.36389e-05 0)
(0.00525711 2.32005e-05 0)
(0.00538542 2.27518e-05 0)
(0.00551184 2.22952e-05 0)
(0.00563632 2.18328e-05 0)
(0.00575882 2.13667e-05 0)
(0.00587929 2.08985e-05 0)
(0.0059977 2.043e-05 0)
(0.00611404 1.99625e-05 0)
(0.00622828 1.94973e-05 0)
(0.0063404 1.90354e-05 0)
(0.00645041 1.85777e-05 0)
(0.00655828 1.81248e-05 0)
(0.00666403 1.76772e-05 0)
(0.00676763 1.72353e-05 0)
(0.0068691 1.67992e-05 0)
(0.00696842 1.63691e-05 0)
(0.00706561 1.59448e-05 0)
(0.00716065 1.55263e-05 0)
(0.00725354 1.51133e-05 0)
(0.00734428 1.47054e-05 0)
(0.00743287 1.43022e-05 0)
(0.00751929 1.39034e-05 0)
(0.00760354 1.35085e-05 0)
(0.00768561 1.3117e-05 0)
(0.00776548 1.27284e-05 0)
(0.00784314 1.23423e-05 0)
(0.00791856 1.19581e-05 0)
(0.00799174 1.15756e-05 0)
(0.00806265 1.11942e-05 0)
(0.00813127 1.08137e-05 0)
(0.00819757 1.04338e-05 0)
(0.00826154 1.00542e-05 0)
(0.00832314 9.67489e-06 0)
(0.00838235 9.29575e-06 0)
(0.00843915 8.91678e-06 0)
(0.00849352 8.53808e-06 0)
(0.00854543 8.15979e-06 0)
(0.00859486 7.78216e-06 0)
(0.0086418 7.40548e-06 0)
(0.00868622 7.03014e-06 0)
(0.00872813 6.65658e-06 0)
(0.0087675 6.28527e-06 0)
(0.00880434 5.91678e-06 0)
(0.00883864 5.55167e-06 0)
(0.00887041 5.19058e-06 0)
(0.00889967 4.83413e-06 0)
(0.00892641 4.48299e-06 0)
(0.00895068 4.13781e-06 0)
(0.00897248 3.79924e-06 0)
(0.00899187 3.46794e-06 0)
(0.00900887 3.14451e-06 0)
(0.00902353 2.82953e-06 0)
(0.00903591 2.52355e-06 0)
(0.00904606 2.22706e-06 0)
(0.00905405 1.94049e-06 0)
(0.00905994 1.66422e-06 0)
(0.00906381 1.39854e-06 0)
(0.00906574 1.1437e-06 0)
(0.00906582 8.99823e-07 0)
(0.00906413 6.66983e-07 0)
(0.00906077 4.45141e-07 0)
(0.00905582 2.34155e-07 0)
(0.0090494 3.37602e-08 0)
(0.0090416 -1.5645e-07 0)
(0.00903251 -3.37065e-07 0)
(0.00902225 -5.08908e-07 0)
(0.00901089 -6.73116e-07 0)
(0.00899855 -8.31329e-07 0)
(0.0089853 -9.85648e-07 0)
(0.00897124 -1.14006e-06 0)
(0.00895642 -1.29687e-06 0)
(0.0089409 -1.47208e-06 0)
(0.00892469 -1.65046e-06 0)
(0.00890786 -1.9261e-06 0)
(0.00889005 -2.13095e-06 0)
(0.00887211 -2.78164e-06 0)
(0.00885068 -2.99904e-06 0)
(0.00883362 -4.59067e-06 0)
(0.00879934 -6.01465e-06 0)
(0.00879148 -6.81843e-06 0)
(0.00872106 -2.28591e-05 0)
)
;

boundaryField
{
    inlet
    {
        type            fixedProfile;
        profile         table
        
21
(
(0 (0 0 0))
(0.05 (0.0285 0 0))
(0.1 (0.054 0 0))
(0.15 (0.0765 0 0))
(0.2 (0.096 0 0))
(0.25 (0.1125 0 0))
(0.3 (0.126 0 0))
(0.35 (0.1365 0 0))
(0.4 (0.144 0 0))
(0.45 (0.1485 0 0))
(0.5 (0.15 0 0))
(0.55 (0.1485 0 0))
(0.6 (0.144 0 0))
(0.65 (0.1365 0 0))
(0.7 (0.126 0 0))
(0.75 (0.1125 0 0))
(0.8 (0.096 0 0))
(0.85 (0.0765 0 0))
(0.9 (0.054 0 0))
(0.95 (0.0285 0 0))
(1 (0 0 0))
)
;
        direction       (0 1 0);
        origin          1;
        value           nonuniform List<vector> 8((0.034875 0 0) (0.091125 0 0) (0.128625 0 0) (0.147375 0 0) (0.147375 0 0) (0.128625 0 0) (0.091125 0 0) (0.034875 0 0));
    }
    outlet
    {
        type            zeroGradient;
    }
    walls
    {
        type            noSlip;
    }
    symwall
    {
        type            empty;
    }
}


// ************************************************************************* //
