/*--------------------------------*- C++ -*----------------------------------*\
| =========                 |                                                 |
| \\      /  F ield         | OpenFOAM: The Open Source CFD Toolbox           |
|  \\    /   O peration     | Version:  4.1                                   |
|   \\  /    A nd           | Web:      www.OpenFOAM.org                      |
|    \\/     M anipulation  |                                                 |
\*---------------------------------------------------------------------------*/
FoamFile
{
    version     2.0;
    format      ascii;
    class       volVectorField;
    location    "46";
    object      U;
}
// * * * * * * * * * * * * * * * * * * * * * * * * * * * * * * * * * * * * * //

dimensions      [0 1 -1 0 0 0 0];

internalField   nonuniform List<vector> 
3264
(
(0.000114466 -0.000256106 0)
(-0.000541454 -6.8744e-05 0)
(-0.00200232 0.00018566 0)
(-0.00405386 0.000508151 0)
(-0.00664654 0.000821833 0)
(-0.00946726 0.00105109 0)
(-0.0122372 0.00115366 0)
(-0.0147046 0.00113679 0)
(-0.0167203 0.00103215 0)
(-0.0182046 0.000872259 0)
(-0.0191335 0.000682594 0)
(-0.0195147 0.0004807 0)
(-0.0193755 0.000278201 0)
(-0.018753 8.24142e-05 0)
(-0.017689 -0.000102235 0)
(-0.0162268 -0.000273164 0)
(-0.0144101 -0.000428691 0)
(-0.0122828 -0.000567294 0)
(-0.009891 -0.000687 0)
(-0.00728444 -0.000785069 0)
(-0.00451957 -0.00085797 0)
(-0.00166178 -0.00090178 0)
(0.00121352 -0.000913002 0)
(0.00402191 -0.000889733 0)
(0.00667462 -0.000832896 0)
(0.00908666 -0.000747049 0)
(0.0111877 -0.00064025 0)
(0.012932 -0.000522811 0)
(0.0143052 -0.000405305 0)
(0.0153234 -0.000296636 0)
(0.0160279 -0.000202845 0)
(0.0164741 -0.000126858 0)
(0.0167222 -6.89448e-05 0)
(0.0168284 -2.75161e-05 0)
(0.0168405 6.08834e-08 0)
(0.0167955 1.67843e-05 0)
(0.0167204 2.55421e-05 0)
(0.0166335 2.88324e-05 0)
(0.0165461 2.86461e-05 0)
(0.0164649 2.64616e-05 0)
(0.016393 2.33072e-05 0)
(0.0163314 1.98502e-05 0)
(0.0162799 1.64902e-05 0)
(0.0162377 1.34402e-05 0)
(0.0162035 1.07913e-05 0)
(0.0161761 8.56077e-06 0)
(0.0161544 6.7242e-06 0)
(0.0161373 5.23743e-06 0)
(0.0161239 4.04952e-06 0)
(0.0161135 3.1102e-06 0)
(0.0161054 2.37371e-06 0)
(0.0160991 1.80032e-06 0)
(0.0160943 1.35665e-06 0)
(0.0160906 1.01528e-06 0)
(0.0160878 7.54006e-07 0)
(0.0160857 5.55081e-07 0)
(0.0160841 4.04449e-07 0)
(0.0160829 2.91047e-07 0)
(0.016082 2.06222e-07 0)
(0.0160814 1.43233e-07 0)
(0.0160809 9.6856e-08 0)
(0.0160805 6.30514e-08 0)
(0.0160803 3.87115e-08 0)
(0.0160801 2.14525e-08 0)
(0.01608 9.4535e-09 0)
(0.0160799 1.32952e-09 0)
(0.0160799 -3.96813e-09 0)
(0.0160798 -7.22919e-09 0)
(0.0160798 -9.04483e-09 0)
(0.0160798 -9.85448e-09 0)
(0.0160798 -9.98209e-09 0)
(0.0160798 -9.66411e-09 0)
(0.0160798 -9.07107e-09 0)
(0.0160799 -8.32413e-09 0)
(0.0160799 -7.50768e-09 0)
(0.0160799 -6.67904e-09 0)
(0.0160799 -5.87573e-09 0)
(0.0160799 -5.12097e-09 0)
(0.0160799 -4.42782e-09 0)
(0.0160799 -3.80227e-09 0)
(0.0160799 -3.24545e-09 0)
(0.0160799 -2.75537e-09 0)
(0.0160799 -2.32807e-09 0)
(0.0160799 -1.95845e-09 0)
(0.0160799 -1.64094e-09 0)
(0.0160799 -1.36984e-09 0)
(0.0160799 -1.1396e-09 0)
(0.0160799 -9.4501e-10 0)
(0.0160799 -7.81265e-10 0)
(0.0160799 -6.44023e-10 0)
(0.0160799 -5.29411e-10 0)
(0.0160799 -4.34027e-10 0)
(0.01608 -3.54903e-10 0)
(0.01608 -2.89471e-10 0)
(0.01608 -2.35523e-10 0)
(0.01608 -1.91162e-10 0)
(0.01608 -1.54782e-10 0)
(0.01608 -1.25018e-10 0)
(0.01608 -1.00726e-10 0)
(0.01608 -8.09514e-11 0)
(0.01608 -6.48947e-11 0)
(0.01608 -5.18895e-11 0)
(0.01608 -4.13845e-11 0)
(0.01608 -3.29214e-11 0)
(0.01608 -2.61169e-11 0)
(0.01608 -2.06579e-11 0)
(0.01608 -1.62844e-11 0)
(0.01608 -1.27893e-11 0)
(0.01608 -1.00069e-11 0)
(0.01608 -7.80087e-12 0)
(0.01608 -6.06113e-12 0)
(0.01608 -4.69128e-12 0)
(0.01608 -3.61237e-12 0)
(0.01608 -2.76585e-12 0)
(0.01608 -2.09944e-12 0)
(0.01608 -1.57829e-12 0)
(0.01608 -1.17197e-12 0)
(0.01608 -8.57713e-13 0)
(0.01608 -6.20381e-13 0)
(0.01608 -4.42757e-13 0)
(0.01608 -3.14391e-13 0)
(0.01608 -2.19653e-13 0)
(0.01608 -1.49694e-13 0)
(0.01608 -9.68873e-14 0)
(0.01608 -5.58871e-14 0)
(0.01608 -2.57407e-14 0)
(0.01608 -4.12687e-15 0)
(0.01608 9.70453e-15 0)
(0.01608 1.66041e-14 0)
(0.01608 1.90952e-14 0)
(0.01608 1.99105e-14 0)
(0.01608 2.03074e-14 0)
(0.01608 2.09829e-14 0)
(0.01608 2.04159e-14 0)
(0.01608 2.06442e-14 0)
(0.01608 2.024e-14 0)
(0.01608 2.20042e-14 0)
(0.01608 2.25571e-14 0)
(0.01608 2.06512e-14 0)
(0.01608 1.69712e-14 0)
(0.01608 9.78387e-15 0)
(0.01608 4.06718e-15 0)
(0.01608 -8.89306e-16 0)
(0.01608 -3.85595e-15 0)
(0.01608 -3.44946e-15 0)
(0.01608 -1.96823e-15 0)
(0.01608 1.83392e-15 0)
(0.01608 6.18887e-15 0)
(0.01608 9.01719e-15 0)
(0.01608 1.18917e-14 0)
(0.01608 1.2075e-14 0)
(0.01608 1.21292e-14 0)
(0.01608 1.00196e-14 0)
(0.01608 6.0255e-15 0)
(0.01608 2.73197e-16 0)
(0.01608 -6.65195e-15 0)
(0.01608 -1.19903e-14 0)
(0.01608 -1.41651e-14 0)
(0.01608 -1.39129e-14 0)
(0.01608 -1.22156e-14 0)
(0.01608 -9.46397e-15 0)
(0.01608 -5.41988e-15 0)
(0.01608 -1.05179e-15 0)
(0.01608 2.47653e-15 0)
(0.01608 3.68709e-15 0)
(0.01608 2.91984e-15 0)
(0.01608 1.57622e-15 0)
(0.01608 9.07251e-16 0)
(0.01608 5.60934e-17 0)
(0.01608 4.23738e-16 0)
(0.01608 1.27062e-15 0)
(0.01608 3.55424e-15 0)
(0.01608 7.99391e-15 0)
(0.01608 1.18279e-14 0)
(0.01608 1.45483e-14 0)
(0.01608 1.55467e-14 0)
(0.01608 1.47334e-14 0)
(0.01608 1.29777e-14 0)
(0.01608 1.07991e-14 0)
(0.01608 1.00395e-14 0)
(0.01608 1.05744e-14 0)
(0.01608 1.3585e-14 0)
(0.01608 2.19201e-14 0)
(0.01608 3.26204e-14 0)
(0.01608 4.49423e-14 0)
(0.01608 5.98245e-14 0)
(0.01608 7.84017e-14 0)
(0.01608 1.02645e-13 0)
(0.01608 1.32231e-13 0)
(0.01608 1.72922e-13 0)
(0.01608 2.26612e-13 0)
(0.01608 2.9191e-13 0)
(0.01608 3.78158e-13 0)
(0.01608 4.15087e-13 0)
(0.01608 5.33041e-13 0)
(0.01608 2.22554e-13 0)
(0.01608 -9.0144e-14 0)
(0.01608 -7.5334e-13 0)
(0.01608 -9.1407e-12 0)
(0.01608 -5.81342e-12 0)
(-0.000508242 0.000761549 0)
(-0.00358813 0.00233448 0)
(-0.00769442 0.00342189 0)
(-0.0119277 0.0042142 0)
(-0.0159641 0.00457649 0)
(-0.0194266 0.00446322 0)
(-0.0221611 0.00397257 0)
(-0.0241075 0.00323871 0)
(-0.0252785 0.00237435 0)
(-0.0257118 0.00145709 0)
(-0.0254565 0.000537457 0)
(-0.0245644 -0.000353397 0)
(-0.0230864 -0.00119674 0)
(-0.0210715 -0.00198186 0)
(-0.018566 -0.00270295 0)
(-0.0156138 -0.0033567 0)
(-0.0122578 -0.00394024 0)
(-0.00854067 -0.00444924 0)
(-0.00450793 -0.00487637 0)
(-0.000210653 -0.00521015 0)
(0.00429044 -0.00543478 0)
(0.00892072 -0.00553118 0)
(0.0135879 -0.00548006 0)
(0.0181809 -0.00526707 0)
(0.0225727 -0.00488964 0)
(0.0266306 -0.00436329 0)
(0.0302322 -0.00372422 0)
(0.0332845 -0.00302554 0)
(0.0357396 -0.00232718 0)
(0.0376015 -0.00168332 0)
(0.0389213 -0.00113236 0)
(0.0397836 -0.000692805 0)
(0.0402879 -0.00036507 0)
(0.0405327 -0.000136964 0)
(0.0406035 1.0093e-05 0)
(0.040568 9.59977e-05 0)
(0.040475 0.000138781 0)
(0.0403573 0.000153135 0)
(0.040235 0.00015013 0)
(0.0401197 0.000137586 0)
(0.0400167 0.000120699 0)
(0.0399282 0.00010271 0)
(0.0398539 8.5485e-05 0)
(0.0397926 6.99722e-05 0)
(0.0397427 5.65453e-05 0)
(0.0397024 4.52381e-05 0)
(0.0396702 3.59025e-05 0)
(0.0396445 2.83068e-05 0)
(0.0396242 2.21952e-05 0)
(0.0396082 1.73198e-05 0)
(0.0395955 1.34568e-05 0)
(0.0395856 1.0413e-05 0)
(0.0395779 8.02564e-06 0)
(0.0395719 6.16071e-06 0)
(0.0395672 4.7092e-06 0)
(0.0395635 3.58337e-06 0)
(0.0395607 2.71313e-06 0)
(0.0395586 2.0428e-06 0)
(0.0395569 1.52837e-06 0)
(0.0395556 1.13513e-06 0)
(0.0395547 8.35844e-07 0)
(0.0395539 6.09168e-07 0)
(0.0395534 4.38422e-07 0)
(0.039553 3.10611e-07 0)
(0.0395527 2.1563e-07 0)
(0.0395524 1.45646e-07 0)
(0.0395523 9.46039e-08 0)
(0.0395522 5.78371e-08 0)
(0.0395521 3.17623e-08 0)
(0.039552 1.36378e-08 0)
(0.039552 1.37524e-09 0)
(0.039552 -6.60892e-09 0)
(0.0395519 -1.15086e-08 0)
(0.0395519 -1.42187e-08 0)
(0.0395519 -1.54048e-08 0)
(0.0395519 -1.55581e-08 0)
(0.0395519 -1.50374e-08 0)
(0.0395519 -1.41015e-08 0)
(0.0395519 -1.29343e-08 0)
(0.0395519 -1.1664e-08 0)
(0.0395519 -1.03776e-08 0)
(0.039552 -9.13194e-09 0)
(0.039552 -7.96231e-09 0)
(0.039552 -6.88841e-09 0)
(0.039552 -5.91919e-09 0)
(0.039552 -5.05629e-09 0)
(0.039552 -4.29653e-09 0)
(0.039552 -3.63375e-09 0)
(0.039552 -3.0601e-09 0)
(0.039552 -2.56696e-09 0)
(0.039552 -2.14554e-09 0)
(0.039552 -1.78731e-09 0)
(0.039552 -1.48424e-09 0)
(0.039552 -1.22893e-09 0)
(0.039552 -1.01471e-09 0)
(0.039552 -8.35605e-10 0)
(0.039552 -6.86351e-10 0)
(0.039552 -5.62361e-10 0)
(0.039552 -4.59659e-10 0)
(0.039552 -3.74829e-10 0)
(0.039552 -3.04951e-10 0)
(0.039552 -2.4754e-10 0)
(0.039552 -2.00496e-10 0)
(0.039552 -1.62038e-10 0)
(0.039552 -1.30668e-10 0)
(0.039552 -1.05132e-10 0)
(0.039552 -8.43824e-11 0)
(0.039552 -6.75596e-11 0)
(0.039552 -5.39508e-11 0)
(0.039552 -4.2972e-11 0)
(0.039552 -3.41396e-11 0)
(0.039552 -2.70511e-11 0)
(0.039552 -2.1372e-11 0)
(0.039552 -1.68291e-11 0)
(0.039552 -1.32058e-11 0)
(0.039552 -1.03229e-11 0)
(0.039552 -8.03897e-12 0)
(0.039552 -6.23488e-12 0)
(0.039552 -4.81499e-12 0)
(0.039552 -3.70588e-12 0)
(0.039552 -2.84286e-12 0)
(0.039552 -2.17176e-12 0)
(0.039552 -1.64854e-12 0)
(0.039552 -1.23964e-12 0)
(0.039552 -9.2251e-13 0)
(0.039552 -6.81398e-13 0)
(0.039552 -5.01109e-13 0)
(0.039552 -3.6918e-13 0)
(0.039552 -2.72708e-13 0)
(0.039552 -2.02408e-13 0)
(0.039552 -1.48435e-13 0)
(0.039552 -1.05311e-13 0)
(0.039552 -6.82345e-14 0)
(0.039552 -3.68526e-14 0)
(0.039552 -1.05222e-14 0)
(0.039552 1.03801e-14 0)
(0.039552 2.74272e-14 0)
(0.039552 4.07374e-14 0)
(0.039552 4.93162e-14 0)
(0.039552 5.21204e-14 0)
(0.039552 4.85291e-14 0)
(0.039552 4.1656e-14 0)
(0.039552 3.37353e-14 0)
(0.039552 2.40116e-14 0)
(0.039552 1.2818e-14 0)
(0.039552 1.11271e-15 0)
(0.039552 -1.11141e-14 0)
(0.039552 -2.13957e-14 0)
(0.039552 -3.05577e-14 0)
(0.039552 -3.64851e-14 0)
(0.039552 -3.73317e-14 0)
(0.039552 -3.46609e-14 0)
(0.039552 -2.98835e-14 0)
(0.039552 -2.52786e-14 0)
(0.039552 -2.09676e-14 0)
(0.039552 -1.90783e-14 0)
(0.039552 -1.89247e-14 0)
(0.039552 -1.90758e-14 0)
(0.039552 -1.9183e-14 0)
(0.039552 -1.75634e-14 0)
(0.039552 -1.60729e-14 0)
(0.039552 -1.23608e-14 0)
(0.039552 -7.43182e-15 0)
(0.039552 -1.68084e-15 0)
(0.039552 3.38556e-15 0)
(0.039552 4.81499e-15 0)
(0.039552 3.9589e-15 0)
(0.039552 1.84555e-15 0)
(0.039552 -8.9359e-16 0)
(0.039552 4.51012e-16 0)
(0.039552 6.02701e-15 0)
(0.039552 1.6918e-14 0)
(0.039552 3.26394e-14 0)
(0.039552 5.00335e-14 0)
(0.039552 6.38926e-14 0)
(0.039552 7.35959e-14 0)
(0.039552 7.65545e-14 0)
(0.039552 7.52457e-14 0)
(0.039552 7.23047e-14 0)
(0.039552 7.16853e-14 0)
(0.039552 8.12592e-14 0)
(0.039552 1.01663e-13 0)
(0.039552 1.32845e-13 0)
(0.039552 1.76372e-13 0)
(0.039552 2.28297e-13 0)
(0.039552 2.91732e-13 0)
(0.039552 3.68179e-13 0)
(0.039552 4.63222e-13 0)
(0.039552 5.88364e-13 0)
(0.039552 7.5593e-13 0)
(0.039552 9.81882e-13 0)
(0.039552 1.28151e-12 0)
(0.039552 1.67297e-12 0)
(0.039552 2.10313e-12 0)
(0.039552 2.78892e-12 0)
(0.039552 2.95158e-12 0)
(0.039552 3.7435e-12 0)
(0.039552 3.73187e-12 0)
(0.039552 -4.76081e-12 0)
(0.039552 -2.23021e-12 0)
(-0.000709984 0.00338451 0)
(-0.00460048 0.0066311 0)
(-0.00912668 0.00788091 0)
(-0.0130448 0.00818553 0)
(-0.016188 0.00781786 0)
(-0.0184583 0.00689491 0)
(-0.0199493 0.00563145 0)
(-0.0207464 0.00418257 0)
(-0.020935 0.00265695 0)
(-0.0205776 0.0011207 0)
(-0.0197231 -0.00038471 0)
(-0.0184086 -0.00183407 0)
(-0.0166633 -0.00321215 0)
(-0.0145113 -0.00450998 0)
(-0.011973 -0.0057223 0)
(-0.00906704 -0.00684527 0)
(-0.00581109 -0.00787421 0)
(-0.00222339 -0.00880112 0)
(0.00167589 -0.00961216 0)
(0.00586211 -0.0102852 0)
(0.0103028 -0.0107884 0)
(0.0149523 -0.0110805 0)
(0.0197458 -0.0111149 0)
(0.0245934 -0.0108483 0)
(0.0293772 -0.010255 0)
(0.0339567 -0.00934223 0)
(0.0381833 -0.00816052 0)
(0.0419227 -0.00680216 0)
(0.0450779 -0.0053848 0)
(0.0476058 -0.0040265 0)
(0.04952 -0.002822 0)
(0.0508819 -0.00182857 0)
(0.0517838 -0.00106418 0)
(0.0523293 -0.000515177 0)
(0.0526177 -0.000148519 0)
(0.0527336 7.64019e-05 0)
(0.0527425 0.000199052 0)
(0.0526914 0.000252899 0)
(0.0526116 0.000263725 0)
(0.0525226 0.000249949 0)
(0.0524355 0.000223891 0)
(0.0523559 0.000193284 0)
(0.0522861 0.000162645 0)
(0.0522267 0.000134361 0)
(0.0521771 0.000109489 0)
(0.0521361 8.83038e-05 0)
(0.0521026 7.06507e-05 0)
(0.0520755 5.61704e-05 0)
(0.0520536 4.4429e-05 0)
(0.052036 3.49904e-05 0)
(0.0520219 2.74534e-05 0)
(0.0520107 2.14663e-05 0)
(0.0520018 1.67305e-05 0)
(0.0519948 1.29981e-05 0)
(0.0519892 1.00658e-05 0)
(0.0519848 7.76874e-06 0)
(0.0519813 5.97441e-06 0)
(0.0519786 4.57669e-06 0)
(0.0519765 3.49103e-06 0)
(0.0519748 2.65029e-06 0)
(0.0519735 2.00133e-06 0)
(0.0519725 1.50213e-06 0)
(0.0519717 1.11959e-06 0)
(0.0519711 8.27696e-07 0)
(0.0519707 6.06007e-07 0)
(0.0519703 4.3853e-07 0)
(0.0519701 3.12769e-07 0)
(0.0519699 2.18988e-07 0)
(0.0519697 1.49617e-07 0)
(0.0519696 9.8795e-08 0)
(0.0519695 6.19908e-08 0)
(0.0519695 3.57178e-08 0)
(0.0519694 1.73018e-08 0)
(0.0519694 4.70088e-09 0)
(0.0519694 -3.63727e-09 0)
(0.0519693 -8.88621e-09 0)
(0.0519693 -1.1928e-08 0)
(0.0519693 -1.34209e-08 0)
(0.0519693 -1.38525e-08 0)
(0.0519693 -1.35803e-08 0)
(0.0519693 -1.28637e-08 0)
(0.0519693 -1.18881e-08 0)
(0.0519693 -1.07837e-08 0)
(0.0519693 -9.64003e-09 0)
(0.0519693 -8.51637e-09 0)
(0.0519693 -7.45036e-09 0)
(0.0519693 -6.46408e-09 0)
(0.0519693 -5.5686e-09 0)
(0.0519693 -4.7675e-09 0)
(0.0519693 -4.05932e-09 0)
(0.0519693 -3.43946e-09 0)
(0.0519693 -2.9014e-09 0)
(0.0519693 -2.4377e-09 0)
(0.0519693 -2.04056e-09 0)
(0.0519693 -1.70229e-09 0)
(0.0519693 -1.41558e-09 0)
(0.0519693 -1.17363e-09 0)
(0.0519693 -9.70266e-10 0)
(0.0519693 -7.99973e-10 0)
(0.0519693 -6.57864e-10 0)
(0.0519693 -5.39657e-10 0)
(0.0519693 -4.41637e-10 0)
(0.0519693 -3.60589e-10 0)
(0.0519693 -2.93754e-10 0)
(0.0519693 -2.3878e-10 0)
(0.0519693 -1.93664e-10 0)
(0.0519693 -1.56721e-10 0)
(0.0519693 -1.26537e-10 0)
(0.0519693 -1.01927e-10 0)
(0.0519693 -8.19055e-11 0)
(0.0519693 -6.56514e-11 0)
(0.0519693 -5.24885e-11 0)
(0.0519693 -4.18571e-11 0)
(0.0519693 -3.32907e-11 0)
(0.0519693 -2.6407e-11 0)
(0.0519693 -2.08884e-11 0)
(0.0519693 -1.64761e-11 0)
(0.0519693 -1.29599e-11 0)
(0.0519693 -1.01648e-11 0)
(0.0519693 -7.94975e-12 0)
(0.0519693 -6.19744e-12 0)
(0.0519693 -4.81269e-12 0)
(0.0519693 -3.71808e-12 0)
(0.0519693 -2.85679e-12 0)
(0.0519693 -2.18447e-12 0)
(0.0519693 -1.66567e-12 0)
(0.0519693 -1.27368e-12 0)
(0.0519693 -9.82424e-13 0)
(0.0519693 -7.66392e-13 0)
(0.0519693 -6.02995e-13 0)
(0.0519693 -4.73412e-13 0)
(0.0519693 -3.67285e-13 0)
(0.0519693 -2.78096e-13 0)
(0.0519693 -2.03694e-13 0)
(0.0519693 -1.40899e-13 0)
(0.0519693 -8.64901e-14 0)
(0.0519693 -4.17137e-14 0)
(0.0519693 -4.99467e-15 0)
(0.0519693 2.36348e-14 0)
(0.0519693 4.53638e-14 0)
(0.0519693 6.38031e-14 0)
(0.0519693 7.53559e-14 0)
(0.0519693 7.9731e-14 0)
(0.0519693 7.50529e-14 0)
(0.0519693 6.07276e-14 0)
(0.0519693 3.83358e-14 0)
(0.0519693 7.85396e-15 0)
(0.0519693 -2.60995e-14 0)
(0.0519693 -5.97214e-14 0)
(0.0519693 -9.00086e-14 0)
(0.0519693 -1.13435e-13 0)
(0.0519693 -1.29163e-13 0)
(0.0519693 -1.35007e-13 0)
(0.0519693 -1.3153e-13 0)
(0.0519693 -1.18512e-13 0)
(0.0519693 -9.63715e-14 0)
(0.0519693 -7.03573e-14 0)
(0.0519693 -4.34889e-14 0)
(0.0519693 -2.052e-14 0)
(0.0519693 -1.87883e-15 0)
(0.0519693 1.19182e-14 0)
(0.0519693 1.70133e-14 0)
(0.0519693 1.75533e-14 0)
(0.0519693 1.30915e-14 0)
(0.0519693 5.49131e-15 0)
(0.0519693 -3.11011e-15 0)
(0.0519693 -1.30031e-14 0)
(0.0519693 -2.14359e-14 0)
(0.0519693 -2.35397e-14 0)
(0.0519693 -1.67312e-14 0)
(0.0519693 1.65184e-15 0)
(0.0519693 2.84501e-14 0)
(0.0519693 5.92437e-14 0)
(0.0519693 9.03996e-14 0)
(0.0519693 1.14994e-13 0)
(0.0519693 1.30973e-13 0)
(0.0519693 1.35886e-13 0)
(0.0519693 1.33573e-13 0)
(0.0519693 1.30723e-13 0)
(0.0519693 1.33288e-13 0)
(0.0519693 1.50034e-13 0)
(0.0519693 1.83658e-13 0)
(0.0519693 2.36275e-13 0)
(0.0519693 3.057e-13 0)
(0.0519693 3.91001e-13 0)
(0.0519693 4.93913e-13 0)
(0.0519693 6.15568e-13 0)
(0.0519693 7.65853e-13 0)
(0.0519693 9.5913e-13 0)
(0.0519693 1.2159e-12 0)
(0.0519693 1.56214e-12 0)
(0.0519693 2.03198e-12 0)
(0.0519693 2.64661e-12 0)
(0.0519693 3.47507e-12 0)
(0.0519693 4.56621e-12 0)
(0.0519693 5.73101e-12 0)
(0.0519693 8.1737e-12 0)
(0.0519693 8.60668e-12 0)
(0.0519693 1.33342e-11 0)
(0.0519693 1.66494e-11 0)
(-0.000489571 0.00553185 0)
(-0.00361184 0.0102002 0)
(-0.00698215 0.0112737 0)
(-0.00948101 0.0108945 0)
(-0.0111216 0.00982329 0)
(-0.0120071 0.00827526 0)
(-0.0123034 0.0064803 0)
(-0.0121164 0.00456409 0)
(-0.0115238 0.00261247 0)
(-0.0105724 0.000674406 0)
(-0.00929389 -0.00121858 0)
(-0.00770933 -0.00304739 0)
(-0.00583416 -0.00480007 0)
(-0.00368126 -0.00646935 0)
(-0.00126184 -0.00805071 0)
(0.00141292 -0.00954047 0)
(0.00433194 -0.0109339 0)
(0.00748359 -0.0122224 0)
(0.0108558 -0.0133906 0)
(0.0144357 -0.0144127 0)
(0.018208 -0.0152481 0)
(0.0221523 -0.015839 0)
(0.0262369 -0.0161113 0)
(0.0304109 -0.0159835 0)
(0.0345969 -0.0153864 0)
(0.0386873 -0.0142921 0)
(0.0425531 -0.0127408 0)
(0.0460621 -0.0108492 0)
(0.0491052 -0.00879047 0)
(0.0516176 -0.00675244 0)
(0.0535876 -0.004895 0)
(0.0550512 -0.00332307 0)
(0.0560782 -0.00208064 0)
(0.0567541 -0.00116079 0)
(0.0571654 -0.000523087 0)
(0.0573893 -0.000111437 0)
(0.0574882 0.000132078 0)
(0.0575091 0.000258682 0)
(0.0574851 0.000309193 0)
(0.0574382 0.000313656 0)
(0.0573821 0.00029276 0)
(0.057325 0.000259917 0)
(0.0572713 0.000223294 0)
(0.0572231 0.00018751 0)
(0.0571811 0.000154904 0)
(0.0571453 0.000126432 0)
(0.0571152 0.000102256 0)
(0.0570902 8.21217e-05 0)
(0.0570696 6.55835e-05 0)
(0.0570527 5.21363e-05 0)
(0.0570389 4.12855e-05 0)
(0.0570278 3.25813e-05 0)
(0.0570188 2.56318e-05 0)
(0.0570115 2.01048e-05 0)
(0.0570057 1.57236e-05 0)
(0.057001 1.2261e-05 0)
(0.0569973 9.53184e-06 0)
(0.0569944 7.38656e-06 0)
(0.056992 5.70464e-06 0)
(0.0569902 4.38953e-06 0)
(0.0569887 3.36408e-06 0)
(0.0569875 2.56684e-06 0)
(0.0569866 1.94894e-06 0)
(0.0569859 1.47164e-06 0)
(0.0569854 1.1043e-06 0)
(0.0569849 8.22692e-07 0)
(0.0569846 6.07764e-07 0)
(0.0569843 4.44523e-07 0)
(0.0569841 3.21218e-07 0)
(0.056984 2.28657e-07 0)
(0.0569839 1.59671e-07 0)
(0.0569838 1.08682e-07 0)
(0.0569837 7.13672e-08 0)
(0.0569837 4.43839e-08 0)
(0.0569836 2.51591e-08 0)
(0.0569836 1.17192e-08 0)
(0.0569836 2.55695e-09 0)
(0.0569836 -3.473e-09 0)
(0.0569836 -7.23636e-09 0)
(0.0569836 -9.38346e-09 0)
(0.0569835 -1.03994e-08 0)
(0.0569835 -1.0643e-08 0)
(0.0569835 -1.03771e-08 0)
(0.0569835 -9.79222e-09 0)
(0.0569835 -9.02413e-09 0)
(0.0569835 -8.16806e-09 0)
(0.0569835 -7.28911e-09 0)
(0.0569835 -6.4303e-09 0)
(0.0569835 -5.61869e-09 0)
(0.0569835 -4.8699e-09 0)
(0.0569835 -4.19154e-09 0)
(0.0569835 -3.58575e-09 0)
(0.0569835 -3.05101e-09 0)
(0.0569835 -2.58352e-09 0)
(0.0569835 -2.17814e-09 0)
(0.0569835 -1.82908e-09 0)
(0.0569835 -1.53034e-09 0)
(0.0569835 -1.27604e-09 0)
(0.0569835 -1.06063e-09 0)
(0.0569835 -8.78959e-10 0)
(0.0569835 -7.26362e-10 0)
(0.0569835 -5.98658e-10 0)
(0.0569835 -4.92153e-10 0)
(0.0569835 -4.03609e-10 0)
(0.0569835 -3.30213e-10 0)
(0.0569835 -2.69543e-10 0)
(0.0569835 -2.19517e-10 0)
(0.0569835 -1.78366e-10 0)
(0.0569835 -1.44595e-10 0)
(0.0569835 -1.16941e-10 0)
(0.0569835 -9.43488e-11 0)
(0.0569835 -7.59367e-11 0)
(0.0569835 -6.09698e-11 0)
(0.0569835 -4.88346e-11 0)
(0.0569835 -3.90211e-11 0)
(0.0569835 -3.11002e-11 0)
(0.0569835 -2.47231e-11 0)
(0.0569835 -1.95997e-11 0)
(0.0569835 -1.54941e-11 0)
(0.0569835 -1.22128e-11 0)
(0.0569835 -9.5984e-12 0)
(0.0569835 -7.5177e-12 0)
(0.0569835 -5.86558e-12 0)
(0.0569835 -4.5569e-12 0)
(0.0569835 -3.52926e-12 0)
(0.0569835 -2.73207e-12 0)
(0.0569835 -2.12093e-12 0)
(0.0569835 -1.65755e-12 0)
(0.0569835 -1.30455e-12 0)
(0.0569835 -1.03329e-12 0)
(0.0569835 -8.217e-13 0)
(0.0569835 -6.51302e-13 0)
(0.0569835 -5.12436e-13 0)
(0.0569835 -3.96784e-13 0)
(0.0569835 -3.0108e-13 0)
(0.0569835 -2.21923e-13 0)
(0.0569835 -1.55244e-13 0)
(0.0569835 -9.74835e-14 0)
(0.0569835 -4.42753e-14 0)
(0.0569835 3.15221e-15 0)
(0.0569835 4.2871e-14 0)
(0.0569835 7.34465e-14 0)
(0.0569835 9.13905e-14 0)
(0.0569835 9.62833e-14 0)
(0.0569835 8.60077e-14 0)
(0.0569835 6.19385e-14 0)
(0.0569835 2.88925e-14 0)
(0.0569835 -1.07128e-14 0)
(0.0569835 -5.30235e-14 0)
(0.0569835 -9.63661e-14 0)
(0.0569835 -1.37862e-13 0)
(0.0569835 -1.73235e-13 0)
(0.0569835 -1.97712e-13 0)
(0.0569835 -2.07536e-13 0)
(0.0569835 -2.00244e-13 0)
(0.0569835 -1.74918e-13 0)
(0.0569835 -1.36212e-13 0)
(0.0569835 -9.19516e-14 0)
(0.0569835 -4.72647e-14 0)
(0.0569835 -9.13497e-15 0)
(0.0569835 1.88871e-14 0)
(0.0569835 3.32901e-14 0)
(0.0569835 3.37705e-14 0)
(0.0569835 2.38748e-14 0)
(0.0569835 6.78372e-15 0)
(0.0569835 -1.23704e-14 0)
(0.0569835 -3.07952e-14 0)
(0.0569835 -4.18496e-14 0)
(0.0569835 -4.10337e-14 0)
(0.0569835 -2.64438e-14 0)
(0.0569835 2.84891e-15 0)
(0.0569835 4.18353e-14 0)
(0.0569835 8.36312e-14 0)
(0.0569835 1.22584e-13 0)
(0.0569835 1.51748e-13 0)
(0.0569835 1.67799e-13 0)
(0.0569835 1.71165e-13 0)
(0.0569835 1.6663e-13 0)
(0.0569835 1.63377e-13 0)
(0.0569835 1.7017e-13 0)
(0.0569835 1.92652e-13 0)
(0.0569835 2.35684e-13 0)
(0.0569835 3.00416e-13 0)
(0.0569835 3.87108e-13 0)
(0.0569835 4.94257e-13 0)
(0.0569835 6.20913e-13 0)
(0.0569835 7.70078e-13 0)
(0.0569835 9.51829e-13 0)
(0.0569835 1.18407e-12 0)
(0.0569835 1.48979e-12 0)
(0.0569835 1.89955e-12 0)
(0.0569835 2.45112e-12 0)
(0.0569835 3.20175e-12 0)
(0.0569835 4.22004e-12 0)
(0.0569835 5.58425e-12 0)
(0.0569835 7.5267e-12 0)
(0.0569835 1.03463e-11 0)
(0.0569835 1.27949e-11 0)
(0.0569835 2.4969e-11 0)
(0.0569835 2.74931e-11 0)
(-5.09072e-06 0.00709907 0)
(-0.00130512 0.0125908 0)
(-0.00283615 0.0134089 0)
(-0.00359255 0.012286 0)
(-0.00367122 0.0106029 0)
(-0.00321302 0.00857052 0)
(-0.00236622 0.00640277 0)
(-0.00121027 0.00417388 0)
(0.000205205 0.00194349 0)
(0.00185578 -0.00025706 0)
(0.00372667 -0.00240495 0)
(0.00580744 -0.00448446 0)
(0.00808778 -0.00648402 0)
(0.0105554 -0.00839502 0)
(0.0131954 -0.0102111 0)
(0.0159899 -0.0119267 0)
(0.0189183 -0.0135359 0)
(0.0219571 -0.0150301 0)
(0.0250807 -0.0163955 0)
(0.0282618 -0.0176094 0)
(0.0314726 -0.0186348 0)
(0.0346846 -0.0194148 0)
(0.0378667 -0.0198688 0)
(0.0409832 -0.0198947 0)
(0.0439897 -0.0193858 0)
(0.0468323 -0.0182644 0)
(0.0494495 -0.0165274 0)
(0.0517799 -0.0142793 0)
(0.0537728 -0.0117263 0)
(0.0553995 -0.00912367 0)
(0.0566603 -0.00670556 0)
(0.0575835 -0.00463315 0)
(0.058219 -0.00297963 0)
(0.0586267 -0.00174387 0)
(0.0588661 -0.000876555 0)
(0.0589887 -0.000306079 0)
(0.0590351 4.21478e-05 0)
(0.0590349 0.000234288 0)
(0.0590085 0.000323249 0)
(0.0589691 0.000348196 0)
(0.0589248 0.000336364 0)
(0.0588806 0.000305662 0)
(0.058839 0.000267243 0)
(0.0588015 0.000227634 0)
(0.0587685 0.000190353 0)
(0.0587399 0.000157051 0)
(0.0587156 0.000128276 0)
(0.0586951 0.000103965 0)
(0.0586779 8.37481e-05 0)
(0.0586637 6.71293e-05 0)
(0.0586519 5.35854e-05 0)
(0.0586423 4.26204e-05 0)
(0.0586344 3.37899e-05 0)
(0.058628 2.67089e-05 0)
(0.0586228 2.10513e-05 0)
(0.0586186 1.65454e-05 0)
(0.0586152 1.29672e-05 0)
(0.0586125 1.01334e-05 0)
(0.0586103 7.89499e-06 0)
(0.0586086 6.13153e-06 0)
(0.0586072 4.74589e-06 0)
(0.0586061 3.66006e-06 0)
(0.0586053 2.81156e-06 0)
(0.0586046 2.15046e-06 0)
(0.058604 1.63699e-06 0)
(0.0586036 1.23952e-06 0)
(0.0586033 9.32937e-07 0)
(0.058603 6.97392e-07 0)
(0.0586028 5.17198e-07 0)
(0.0586026 3.79998e-07 0)
(0.0586025 2.76086e-07 0)
(0.0586024 1.97852e-07 0)
(0.0586024 1.3935e-07 0)
(0.0586023 9.59461e-08 0)
(0.0586023 6.40405e-08 0)
(0.0586022 4.08455e-08 0)
(0.0586022 2.42105e-08 0)
(0.0586022 1.24825e-08 0)
(0.0586022 4.39664e-09 0)
(0.0586022 -1.01068e-09 0)
(0.0586022 -4.46953e-09 0)
(0.0586021 -6.52992e-09 0)
(0.0586021 -7.60338e-09 0)
(0.0586021 -7.99548e-09 0)
(0.0586021 -7.93109e-09 0)
(0.0586021 -7.57386e-09 0)
(0.0586021 -7.04135e-09 0)
(0.0586021 -6.4166e-09 0)
(0.0586021 -5.75701e-09 0)
(0.0586021 -5.10109e-09 0)
(0.0586021 -4.47365e-09 0)
(0.0586021 -3.8896e-09 0)
(0.0586021 -3.35685e-09 0)
(0.0586021 -2.87848e-09 0)
(0.0586021 -2.45433e-09 0)
(0.0586021 -2.08214e-09 0)
(0.0586021 -1.75837e-09 0)
(0.0586021 -1.47882e-09 0)
(0.0586021 -1.23902e-09 0)
(0.0586021 -1.03448e-09 0)
(0.0586021 -8.60902e-10 0)
(0.0586021 -7.14274e-10 0)
(0.0586021 -5.90924e-10 0)
(0.0586021 -4.87551e-10 0)
(0.0586021 -4.01218e-10 0)
(0.0586021 -3.29349e-10 0)
(0.0586021 -2.69699e-10 0)
(0.0586021 -2.20325e-10 0)
(0.0586021 -1.79565e-10 0)
(0.0586021 -1.45999e-10 0)
(0.0586021 -1.18427e-10 0)
(0.0586021 -9.58359e-11 0)
(0.0586021 -7.73724e-11 0)
(0.0586021 -6.23211e-11 0)
(0.0586021 -5.00783e-11 0)
(0.0586021 -4.01403e-11 0)
(0.0586021 -3.20899e-11 0)
(0.0586021 -2.55836e-11 0)
(0.0586021 -2.0341e-11 0)
(0.0586021 -1.61295e-11 0)
(0.0586021 -1.27531e-11 0)
(0.0586021 -1.00522e-11 0)
(0.0586021 -7.89743e-12 0)
(0.0586021 -6.18594e-12 0)
(0.0586021 -4.83479e-12 0)
(0.0586021 -3.77648e-12 0)
(0.0586021 -2.95531e-12 0)
(0.0586021 -2.3225e-12 0)
(0.0586021 -1.83556e-12 0)
(0.0586021 -1.45807e-12 0)
(0.0586021 -1.16204e-12 0)
(0.0586021 -9.27554e-13 0)
(0.0586021 -7.41177e-13 0)
(0.0586021 -5.93361e-13 0)
(0.0586021 -4.73271e-13 0)
(0.0586021 -3.73031e-13 0)
(0.0586021 -2.87414e-13 0)
(0.0586021 -2.10529e-13 0)
(0.0586021 -1.39619e-13 0)
(0.0586021 -7.32382e-14 0)
(0.0586021 -1.35563e-14 0)
(0.0586021 3.46057e-14 0)
(0.0586021 6.7831e-14 0)
(0.0586021 8.39305e-14 0)
(0.0586021 8.41344e-14 0)
(0.0586021 7.0659e-14 0)
(0.0586021 4.54312e-14 0)
(0.0586021 1.00679e-14 0)
(0.0586021 -3.30697e-14 0)
(0.0586021 -8.27254e-14 0)
(0.0586021 -1.36184e-13 0)
(0.0586021 -1.86594e-13 0)
(0.0586021 -2.27588e-13 0)
(0.0586021 -2.51803e-13 0)
(0.0586021 -2.53378e-13 0)
(0.0586021 -2.33162e-13 0)
(0.0586021 -1.94517e-13 0)
(0.0586021 -1.43027e-13 0)
(0.0586021 -9.06254e-14 0)
(0.0586021 -4.4573e-14 0)
(0.0586021 -1.03897e-14 0)
(0.0586021 9.29243e-15 0)
(0.0586021 1.57768e-14 0)
(0.0586021 9.2474e-15 0)
(0.0586021 -5.54799e-15 0)
(0.0586021 -2.41319e-14 0)
(0.0586021 -3.92764e-14 0)
(0.0586021 -4.44379e-14 0)
(0.0586021 -3.68453e-14 0)
(0.0586021 -1.4298e-14 0)
(0.0586021 2.04447e-14 0)
(0.0586021 6.2347e-14 0)
(0.0586021 1.06084e-13 0)
(0.0586021 1.41985e-13 0)
(0.0586021 1.66582e-13 0)
(0.0586021 1.76994e-13 0)
(0.0586021 1.76172e-13 0)
(0.0586021 1.72182e-13 0)
(0.0586021 1.71315e-13 0)
(0.0586021 1.82355e-13 0)
(0.0586021 2.11559e-13 0)
(0.0586021 2.62202e-13 0)
(0.0586021 3.3706e-13 0)
(0.0586021 4.32405e-13 0)
(0.0586021 5.48437e-13 0)
(0.0586021 6.82815e-13 0)
(0.0586021 8.40766e-13 0)
(0.0586021 1.03348e-12 0)
(0.0586021 1.27401e-12 0)
(0.0586021 1.58824e-12 0)
(0.0586021 2.00622e-12 0)
(0.0586021 2.57322e-12 0)
(0.0586021 3.35323e-12 0)
(0.0586021 4.41368e-12 0)
(0.0586021 5.91701e-12 0)
(0.0586021 7.97461e-12 0)
(0.0586021 1.09905e-11 0)
(0.0586021 1.47145e-11 0)
(0.0586021 2.57581e-11 0)
(0.0586021 2.80386e-11 0)
(8.51935e-05 0.00649272 0)
(0.000604599 0.0126145 0)
(0.00162012 0.0134636 0)
(0.00287608 0.0119867 0)
(0.00461724 0.00998023 0)
(0.00655267 0.00771299 0)
(0.00866779 0.00535997 0)
(0.0109128 0.00296973 0)
(0.0132869 0.000579877 0)
(0.0157903 -0.00178531 0)
(0.0184251 -0.00410473 0)
(0.0211895 -0.00635972 0)
(0.0240763 -0.00853372 0)
(0.0270737 -0.0106123 0)
(0.0301646 -0.0125833 0)
(0.0333272 -0.0144354 0)
(0.0365341 -0.0161574 0)
(0.0397521 -0.0177361 0)
(0.0429415 -0.0191544 0)
(0.0460558 -0.0203876 0)
(0.049041 -0.0213993 0)
(0.0518351 -0.0221352 0)
(0.0543676 -0.0225188 0)
(0.0565616 -0.0224525 0)
(0.0583433 -0.0218311 0)
(0.0596603 -0.0205717 0)
(0.0605052 -0.0186556 0)
(0.0609299 -0.0161687 0)
(0.0610373 -0.0133122 0)
(0.0609468 -0.0103641 0)
(0.0607583 -0.00760111 0)
(0.0605355 -0.00522606 0)
(0.0603114 -0.00333579 0)
(0.0601019 -0.00193243 0)
(0.0599151 -0.000956496 0)
(0.0597549 -0.00032118 0)
(0.0596218 6.25483e-05 0)
(0.0595137 0.000272018 0)
(0.0594267 0.000367731 0)
(0.059357 0.000393593 0)
(0.0593008 0.000379624 0)
(0.059255 0.000345315 0)
(0.0592174 0.000302695 0)
(0.0591862 0.000258777 0)
(0.0591602 0.000217345 0)
(0.0591385 0.000180193 0)
(0.0591203 0.000147936 0)
(0.0591051 0.000120536 0)
(0.0590924 9.76196e-05 0)
(0.0590818 7.86698e-05 0)
(0.0590731 6.31341e-05 0)
(0.0590659 5.04823e-05 0)
(0.05906 4.02341e-05 0)
(0.0590551 3.19695e-05 0)
(0.0590512 2.53297e-05 0)
(0.0590479 2.00128e-05 0)
(0.0590453 1.57682e-05 0)
(0.0590432 1.23891e-05 0)
(0.0590415 9.70622e-06 0)
(0.0590402 7.58174e-06 0)
(0.0590391 5.90384e-06 0)
(0.0590382 4.58215e-06 0)
(0.0590375 3.54386e-06 0)
(0.059037 2.73048e-06 0)
(0.0590365 2.09516e-06 0)
(0.0590362 1.60044e-06 0)
(0.0590359 1.21645e-06 0)
(0.0590357 9.19461e-07 0)
(0.0590355 6.90611e-07 0)
(0.0590354 5.14988e-07 0)
(0.0590353 3.80814e-07 0)
(0.0590352 2.78812e-07 0)
(0.0590352 2.01697e-07 0)
(0.0590351 1.43759e-07 0)
(0.0590351 1.0054e-07 0)
(0.059035 6.8569e-08 0)
(0.059035 4.51492e-08 0)
(0.059035 2.81962e-08 0)
(0.059035 1.6103e-08 0)
(0.059035 7.63622e-09 0)
(0.059035 1.85321e-09 0)
(0.059035 -1.96287e-09 0)
(0.059035 -4.35424e-09 0)
(0.059035 -5.72848e-09 0)
(0.059035 -6.38984e-09 0)
(0.059035 -6.56358e-09 0)
(0.059035 -6.41486e-09 0)
(0.059035 -6.06338e-09 0)
(0.059035 -5.59467e-09 0)
(0.059035 -5.06874e-09 0)
(0.059035 -4.5267e-09 0)
(0.059035 -3.99579e-09 0)
(0.059035 -3.4932e-09 0)
(0.059035 -3.02892e-09 0)
(0.059035 -2.6079e-09 0)
(0.059035 -2.23163e-09 0)
(0.059035 -1.89928e-09 0)
(0.059035 -1.60859e-09 0)
(0.059035 -1.35642e-09 0)
(0.059035 -1.13921e-09 0)
(0.059035 -9.5328e-10 0)
(0.059035 -7.94985e-10 0)
(0.059035 -6.60874e-10 0)
(0.059035 -5.47751e-10 0)
(0.059035 -4.52713e-10 0)
(0.059035 -3.7316e-10 0)
(0.059035 -3.06792e-10 0)
(0.059035 -2.51598e-10 0)
(0.059035 -2.0583e-10 0)
(0.059035 -1.67985e-10 0)
(0.059035 -1.36775e-10 0)
(0.059035 -1.11103e-10 0)
(0.059035 -9.00404e-11 0)
(0.059035 -7.27992e-11 0)
(0.059035 -5.87146e-11 0)
(0.059035 -4.72333e-11 0)
(0.059035 -3.78957e-11 0)
(0.059035 -3.03223e-11 0)
(0.059035 -2.41988e-11 0)
(0.059035 -1.92608e-11 0)
(0.059035 -1.52886e-11 0)
(0.059035 -1.21009e-11 0)
(0.059035 -9.54936e-12 0)
(0.059035 -7.51524e-12 0)
(0.059035 -5.90231e-12 0)
(0.059035 -4.63155e-12 0)
(0.059035 -3.63762e-12 0)
(0.059035 -2.86363e-12 0)
(0.059035 -2.26201e-12 0)
(0.059035 -1.79349e-12 0)
(0.059035 -1.42886e-12 0)
(0.059035 -1.14492e-12 0)
(0.059035 -9.24051e-13 0)
(0.059035 -7.51684e-13 0)
(0.059035 -6.14334e-13 0)
(0.059035 -5.02234e-13 0)
(0.059035 -4.05356e-13 0)
(0.059035 -3.17134e-13 0)
(0.059035 -2.34589e-13 0)
(0.059035 -1.54987e-13 0)
(0.059035 -8.47083e-14 0)
(0.059035 -2.59592e-14 0)
(0.059035 1.81759e-14 0)
(0.059035 4.66911e-14 0)
(0.059035 6.28585e-14 0)
(0.059035 6.52897e-14 0)
(0.059035 5.51129e-14 0)
(0.059035 3.19572e-14 0)
(0.059035 -4.71207e-15 0)
(0.059035 -5.3373e-14 0)
(0.059035 -1.10784e-13 0)
(0.059035 -1.68463e-13 0)
(0.059035 -2.18432e-13 0)
(0.059035 -2.52072e-13 0)
(0.059035 -2.63029e-13 0)
(0.059035 -2.52258e-13 0)
(0.059035 -2.22968e-13 0)
(0.059035 -1.82437e-13 0)
(0.059035 -1.38604e-13 0)
(0.059035 -9.72807e-14 0)
(0.059035 -6.43412e-14 0)
(0.059035 -4.20766e-14 0)
(0.059035 -3.03867e-14 0)
(0.059035 -2.82465e-14 0)
(0.059035 -3.10979e-14 0)
(0.059035 -3.51916e-14 0)
(0.059035 -3.56024e-14 0)
(0.059035 -2.85081e-14 0)
(0.059035 -1.11095e-14 0)
(0.059035 1.8447e-14 0)
(0.059035 5.52028e-14 0)
(0.059035 9.4545e-14 0)
(0.059035 1.29895e-13 0)
(0.059035 1.54971e-13 0)
(0.059035 1.6893e-13 0)
(0.059035 1.7066e-13 0)
(0.059035 1.66078e-13 0)
(0.059035 1.60826e-13 0)
(0.059035 1.62103e-13 0)
(0.059035 1.79002e-13 0)
(0.059035 2.1469e-13 0)
(0.059035 2.73387e-13 0)
(0.059035 3.5252e-13 0)
(0.059035 4.49976e-13 0)
(0.059035 5.65782e-13 0)
(0.059035 6.98002e-13 0)
(0.059035 8.50333e-13 0)
(0.059035 1.03056e-12 0)
(0.059035 1.25323e-12 0)
(0.059035 1.54018e-12 0)
(0.059035 1.92068e-12 0)
(0.059035 2.43619e-12 0)
(0.059035 3.14166e-12 0)
(0.059035 4.1184e-12 0)
(0.059035 5.47922e-12 0)
(0.059035 7.33836e-12 0)
(0.059035 1.00941e-11 0)
(0.059035 1.3519e-11 0)
(0.059035 2.09879e-11 0)
(0.059035 2.33474e-11 0)
(0.000419275 0.0069881 0)
(0.003008 0.0107744 0)
(0.00685076 0.0113962 0)
(0.0104307 0.00969032 0)
(0.0141239 0.0075856 0)
(0.0177084 0.00532009 0)
(0.0212577 0.00297909 0)
(0.0247687 0.000593182 0)
(0.028264 -0.00181579 0)
(0.0317583 -0.00422291 0)
(0.035262 -0.00660206 0)
(0.0387791 -0.00892773 0)
(0.0423085 -0.0111765 0)
(0.0458439 -0.0133277 0)
(0.0493735 -0.0153626 0)
(0.0528794 -0.0172634 0)
(0.0563362 -0.0190116 0)
(0.0597095 -0.020586 0)
(0.0629546 -0.021961 0)
(0.0660146 -0.0231029 0)
(0.0688184 -0.0239662 0)
(0.0712776 -0.0244867 0)
(0.0732845 -0.0245788 0)
(0.0747137 -0.0241394 0)
(0.0754349 -0.0230697 0)
(0.0753432 -0.0213164 0)
(0.0744092 -0.0189176 0)
(0.0727307 -0.0160271 0)
(0.0705506 -0.0128919 0)
(0.0682027 -0.00979482 0)
(0.0660011 -0.00698682 0)
(0.0641449 -0.00463642 0)
(0.0626965 -0.00281123 0)
(0.0616242 -0.0014918 0)
(0.0608574 -0.000603325 0)
(0.060322 -4.88357e-05 0)
(0.0599545 0.000266373 0)
(0.0597055 0.000421522 0)
(0.059538 0.000476362 0)
(0.0594255 0.000472632 0)
(0.0593494 0.000437776 0)
(0.0592971 0.000388893 0)
(0.0592603 0.000336086 0)
(0.0592336 0.000284942 0)
(0.0592137 0.000238254 0)
(0.0591984 0.000197156 0)
(0.0591863 0.000161843 0)
(0.0591766 0.000132009 0)
(0.0591687 0.000107111 0)
(0.0591622 8.65255e-05 0)
(0.0591569 6.96283e-05 0)
(0.0591525 5.58387e-05 0)
(0.0591489 4.46395e-05 0)
(0.0591459 3.55811e-05 0)
(0.0591435 2.82807e-05 0)
(0.0591415 2.2416e-05 0)
(0.0591399 1.77189e-05 0)
(0.0591386 1.39673e-05 0)
(0.0591376 1.09792e-05 0)
(0.0591367 8.60542e-06 0)
(0.059136 6.72463e-06 0)
(0.0591355 5.23838e-06 0)
(0.059135 4.06706e-06 0)
(0.0591347 3.14647e-06 0)
(0.0591344 2.425e-06 0)
(0.0591342 1.86125e-06 0)
(0.059134 1.42211e-06 0)
(0.0591339 1.08116e-06 0)
(0.0591338 8.17382e-07 0)
(0.0591337 6.14075e-07 0)
(0.0591336 4.58018e-07 0)
(0.0591336 3.38767e-07 0)
(0.0591335 2.48092e-07 0)
(0.0591335 1.79526e-07 0)
(0.0591335 1.28001e-07 0)
(0.0591335 8.95586e-08 0)
(0.0591334 6.1114e-08 0)
(0.0591334 4.02726e-08 0)
(0.0591334 2.51819e-08 0)
(0.0591334 1.44136e-08 0)
(0.0591334 6.87132e-09 0)
(0.0591334 1.71694e-09 0)
(0.0591334 -1.68695e-09 0)
(0.0591334 -3.82259e-09 0)
(0.0591334 -5.05251e-09 0)
(0.0591334 -5.64737e-09 0)
(0.0591334 -5.8076e-09 0)
(0.0591334 -5.6802e-09 0)
(0.0591334 -5.37173e-09 0)
(0.0591334 -4.95835e-09 0)
(0.0591334 -4.49353e-09 0)
(0.0591334 -4.0139e-09 0)
(0.0591334 -3.54376e-09 0)
(0.0591334 -3.09846e-09 0)
(0.0591334 -2.68696e-09 0)
(0.0591334 -2.31371e-09 0)
(0.0591334 -1.98006e-09 0)
(0.0591334 -1.68531e-09 0)
(0.0591334 -1.42747e-09 0)
(0.0591334 -1.20378e-09 0)
(0.0591334 -1.01108e-09 0)
(0.0591334 -8.46112e-10 0)
(0.0591334 -7.05648e-10 0)
(0.0591334 -5.86629e-10 0)
(0.0591334 -4.86225e-10 0)
(0.0591334 -4.01863e-10 0)
(0.0591334 -3.31242e-10 0)
(0.0591334 -2.72324e-10 0)
(0.0591334 -2.23325e-10 0)
(0.0591334 -1.82699e-10 0)
(0.0591334 -1.49111e-10 0)
(0.0591334 -1.21413e-10 0)
(0.0591334 -9.86269e-11 0)
(0.0591334 -7.99214e-11 0)
(0.0591334 -6.45997e-11 0)
(0.0591334 -5.20801e-11 0)
(0.0591334 -4.18752e-11 0)
(0.0591334 -3.3582e-11 0)
(0.0591334 -2.68614e-11 0)
(0.0591334 -2.14301e-11 0)
(0.0591334 -1.70514e-11 0)
(0.0591334 -1.35305e-11 0)
(0.0591334 -1.07045e-11 0)
(0.0591334 -8.4461e-12 0)
(0.0591334 -6.65019e-12 0)
(0.0591334 -5.22938e-12 0)
(0.0591334 -4.11129e-12 0)
(0.0591334 -3.23488e-12 0)
(0.0591334 -2.54998e-12 0)
(0.0591334 -2.01764e-12 0)
(0.0591334 -1.60567e-12 0)
(0.0591334 -1.29007e-12 0)
(0.0591334 -1.04886e-12 0)
(0.0591334 -8.62e-13 0)
(0.0591334 -7.17266e-13 0)
(0.0591334 -5.9953e-13 0)
(0.0591334 -4.97815e-13 0)
(0.0591334 -4.04711e-13 0)
(0.0591334 -3.16231e-13 0)
(0.0591334 -2.34928e-13 0)
(0.0591334 -1.60407e-13 0)
(0.0591334 -9.63134e-14 0)
(0.0591334 -4.30075e-14 0)
(0.0591334 1.28551e-15 0)
(0.0591334 3.4239e-14 0)
(0.0591334 5.57363e-14 0)
(0.0591334 6.2346e-14 0)
(0.0591334 5.36853e-14 0)
(0.0591334 2.75135e-14 0)
(0.0591334 -1.64229e-14 0)
(0.0591334 -7.19427e-14 0)
(0.0591334 -1.32209e-13 0)
(0.0591334 -1.85637e-13 0)
(0.0591334 -2.24859e-13 0)
(0.0591334 -2.46107e-13 0)
(0.0591334 -2.48375e-13 0)
(0.0591334 -2.36766e-13 0)
(0.0591334 -2.16418e-13 0)
(0.0591334 -1.91559e-13 0)
(0.0591334 -1.65918e-13 0)
(0.0591334 -1.40554e-13 0)
(0.0591334 -1.17224e-13 0)
(0.0591334 -9.738e-14 0)
(0.0591334 -7.9301e-14 0)
(0.0591334 -6.18827e-14 0)
(0.0591334 -4.29281e-14 0)
(0.0591334 -2.20464e-14 0)
(0.0591334 2.24567e-15 0)
(0.0591334 3.12762e-14 0)
(0.0591334 6.41862e-14 0)
(0.0591334 9.80285e-14 0)
(0.0591334 1.27604e-13 0)
(0.0591334 1.4821e-13 0)
(0.0591334 1.58343e-13 0)
(0.0591334 1.58093e-13 0)
(0.0591334 1.5039e-13 0)
(0.0591334 1.40712e-13 0)
(0.0591334 1.35206e-13 0)
(0.0591334 1.40264e-13 0)
(0.0591334 1.62756e-13 0)
(0.0591334 2.06001e-13 0)
(0.0591334 2.68899e-13 0)
(0.0591334 3.49168e-13 0)
(0.0591334 4.4315e-13 0)
(0.0591334 5.50198e-13 0)
(0.0591334 6.70006e-13 0)
(0.0591334 8.02896e-13 0)
(0.0591334 9.54614e-13 0)
(0.0591334 1.13617e-12 0)
(0.0591334 1.36524e-12 0)
(0.0591334 1.66644e-12 0)
(0.0591334 2.07207e-12 0)
(0.0591334 2.62754e-12 0)
(0.0591334 3.39219e-12 0)
(0.0591334 4.45183e-12 0)
(0.0591334 5.89821e-12 0)
(0.0591334 7.97423e-12 0)
(0.0591334 1.05011e-11 0)
(0.0591334 1.48772e-11 0)
(0.0591334 1.6992e-11 0)
(0.00560777 0.00140015 0)
(0.00898687 0.00486226 0)
(0.0166416 0.0055517 0)
(0.0226495 0.00475976 0)
(0.0284455 0.00318546 0)
(0.033714 0.00129193 0)
(0.0386278 -0.000781702 0)
(0.0432541 -0.00296426 0)
(0.0476532 -0.00521452 0)
(0.0518692 -0.00749821 0)
(0.0559354 -0.00978318 0)
(0.0598762 -0.0120388 0)
(0.0637083 -0.0142361 0)
(0.0674394 -0.0163479 0)
(0.0710682 -0.0183475 0)
(0.0745832 -0.0202078 0)
(0.0779605 -0.0218994 0)
(0.0811627 -0.0233888 0)
(0.0841366 -0.0246365 0)
(0.0868111 -0.0255934 0)
(0.0890944 -0.0261965 0)
(0.0908706 -0.0263634 0)
(0.0920006 -0.0259917 0)
(0.0923321 -0.0249691 0)
(0.0917234 -0.0232031 0)
(0.0900808 -0.0206715 0)
(0.0874011 -0.017484 0)
(0.0838118 -0.0139127 0)
(0.079599 -0.0103419 0)
(0.0751901 -0.00713733 0)
(0.0710566 -0.00452482 0)
(0.0675616 -0.00256114 0)
(0.0648588 -0.00118557 0)
(0.0629091 -0.000286955 0)
(0.0615715 0.000253125 0)
(0.0606855 0.000540796 0)
(0.0601132 0.000662323 0)
(0.0597506 0.000682376 0)
(0.0595242 0.000645904 0)
(0.0593846 0.000582018 0)
(0.0592992 0.000508339 0)
(0.0592472 0.00043479 0)
(0.0592155 0.000366462 0)
(0.0591959 0.000305578 0)
(0.0591836 0.000252742 0)
(0.0591757 0.000207702 0)
(0.0591703 0.00016979 0)
(0.0591665 0.000138178 0)
(0.0591637 0.000112013 0)
(0.0591615 9.04833e-05 0)
(0.0591598 7.28559e-05 0)
(0.0591585 5.84851e-05 0)
(0.0591573 4.68136e-05 0)
(0.0591564 3.73667e-05 0)
(0.0591557 2.97447e-05 0)
(0.059155 2.36134e-05 0)
(0.0591545 1.86952e-05 0)
(0.0591541 1.47608e-05 0)
(0.0591537 1.16219e-05 0)
(0.0591535 9.12427e-06 0)
(0.0591532 7.14214e-06 0)
(0.0591531 5.57327e-06 0)
(0.0591529 4.33485e-06 0)
(0.0591528 3.35995e-06 0)
(0.0591527 2.59467e-06 0)
(0.0591526 1.99571e-06 0)
(0.0591526 1.52835e-06 0)
(0.0591525 1.16485e-06 0)
(0.0591525 8.83117e-07 0)
(0.0591525 6.65546e-07 0)
(0.0591524 4.98193e-07 0)
(0.0591524 3.70021e-07 0)
(0.0591524 2.72321e-07 0)
(0.0591524 1.98239e-07 0)
(0.0591524 1.42397e-07 0)
(0.0591524 1.00586e-07 0)
(0.0591524 6.95206e-08 0)
(0.0591524 4.66481e-08 0)
(0.0591524 2.99887e-08 0)
(0.0591524 1.80137e-08 0)
(0.0591524 9.54704e-09 0)
(0.0591524 3.68789e-09 0)
(0.0591524 -2.50567e-10 0)
(0.0591524 -2.78932e-09 0)
(0.0591524 -4.32122e-09 0)
(0.0591524 -5.14059e-09 0)
(0.0591524 -5.46626e-09 0)
(0.0591524 -5.45949e-09 0)
(0.0591524 -5.23784e-09 0)
(0.0591524 -4.88598e-09 0)
(0.0591524 -4.46383e-09 0)
(0.0591524 -4.01299e-09 0)
(0.0591524 -3.56152e-09 0)
(0.0591524 -3.1276e-09 0)
(0.0591524 -2.7223e-09 0)
(0.0591524 -2.35166e-09 0)
(0.0591524 -2.01819e-09 0)
(0.0591524 -1.72205e-09 0)
(0.0591524 -1.46185e-09 0)
(0.0591524 -1.23526e-09 0)
(0.0591524 -1.03944e-09 0)
(0.0591524 -8.71318e-10 0)
(0.0591524 -7.27813e-10 0)
(0.0591524 -6.05943e-10 0)
(0.0591524 -5.02922e-10 0)
(0.0591524 -4.162e-10 0)
(0.0591524 -3.4348e-10 0)
(0.0591524 -2.82721e-10 0)
(0.0591524 -2.32122e-10 0)
(0.0591524 -1.90115e-10 0)
(0.0591524 -1.55338e-10 0)
(0.0591524 -1.26622e-10 0)
(0.0591524 -1.02966e-10 0)
(0.0591524 -8.35223e-11 0)
(0.0591524 -6.75775e-11 0)
(0.0591524 -5.45348e-11 0)
(0.0591524 -4.38951e-11 0)
(0.0591524 -3.52409e-11 0)
(0.0591524 -2.82202e-11 0)
(0.0591524 -2.2539e-11 0)
(0.0591524 -1.79521e-11 0)
(0.0591524 -1.4257e-11 0)
(0.0591524 -1.12909e-11 0)
(0.0591524 -8.91709e-12 0)
(0.0591524 -7.02524e-12 0)
(0.0591524 -5.52356e-12 0)
(0.0591524 -4.33695e-12 0)
(0.0591524 -3.40454e-12 0)
(0.0591524 -2.67632e-12 0)
(0.0591524 -2.11191e-12 0)
(0.0591524 -1.67879e-12 0)
(0.0591524 -1.3502e-12 0)
(0.0591524 -1.10374e-12 0)
(0.0591524 -9.16796e-13 0)
(0.0591524 -7.7265e-13 0)
(0.0591524 -6.54738e-13 0)
(0.0591524 -5.5317e-13 0)
(0.0591524 -4.63044e-13 0)
(0.0591524 -3.78791e-13 0)
(0.0591524 -3.01925e-13 0)
(0.0591524 -2.29907e-13 0)
(0.0591524 -1.62576e-13 0)
(0.0591524 -1.01397e-13 0)
(0.0591524 -4.34624e-14 0)
(0.0591524 6.82864e-15 0)
(0.0591524 4.78479e-14 0)
(0.0591524 7.42163e-14 0)
(0.0591524 7.94307e-14 0)
(0.0591524 6.26972e-14 0)
(0.0591524 2.69183e-14 0)
(0.0591524 -2.1819e-14 0)
(0.0591524 -7.59772e-14 0)
(0.0591524 -1.28491e-13 0)
(0.0591524 -1.71518e-13 0)
(0.0591524 -2.03552e-13 0)
(0.0591524 -2.2446e-13 0)
(0.0591524 -2.36657e-13 0)
(0.0591524 -2.42781e-13 0)
(0.0591524 -2.42595e-13 0)
(0.0591524 -2.35848e-13 0)
(0.0591524 -2.20479e-13 0)
(0.0591524 -1.96184e-13 0)
(0.0591524 -1.63989e-13 0)
(0.0591524 -1.25073e-13 0)
(0.0591524 -8.25619e-14 0)
(0.0591524 -3.73328e-14 0)
(0.0591524 7.47074e-15 0)
(0.0591524 4.94151e-14 0)
(0.0591524 8.70423e-14 0)
(0.0591524 1.18587e-13 0)
(0.0591524 1.4351e-13 0)
(0.0591524 1.58741e-13 0)
(0.0591524 1.62007e-13 0)
(0.0591524 1.55042e-13 0)
(0.0591524 1.40414e-13 0)
(0.0591524 1.23947e-13 0)
(0.0591524 1.09912e-13 0)
(0.0591524 1.0519e-13 0)
(0.0591524 1.15944e-13 0)
(0.0591524 1.4474e-13 0)
(0.0591524 1.92679e-13 0)
(0.0591524 2.56203e-13 0)
(0.0591524 3.32915e-13 0)
(0.0591524 4.19759e-13 0)
(0.0591524 5.13139e-13 0)
(0.0591524 6.11729e-13 0)
(0.0591524 7.15452e-13 0)
(0.0591524 8.2601e-13 0)
(0.0591524 9.51008e-13 0)
(0.0591524 1.1009e-12 0)
(0.0591524 1.29135e-12 0)
(0.0591524 1.54393e-12 0)
(0.0591524 1.88501e-12 0)
(0.0591524 2.35232e-12 0)
(0.0591524 2.99967e-12 0)
(0.0591524 3.8792e-12 0)
(0.0591524 5.11703e-12 0)
(0.0591524 6.60878e-12 0)
(0.0591524 8.86362e-12 0)
(0.0591524 1.03631e-11 0)
(0.0344465 -1.56549e-05 0)
(0.0346709 -0.00019742 0)
(0.0350987 -0.000341989 0)
(0.0356796 -0.000427543 0)
(0.0363614 -0.00048188 0)
(0.0372303 -0.000592048 0)
(0.0382296 -0.000505329 0)
(0.039138 -0.0008533 0)
(0.0908582 -1.86009e-05 0)
(0.0906508 -0.000193647 0)
(0.0906275 -0.000415135 0)
(0.0907357 -0.000644178 0)
(0.0909908 -0.000893456 0)
(0.0913864 -0.00116405 0)
(0.0919198 -0.00143359 0)
(0.0931272 -0.00226694 0)
(0.128433 -1.94309e-05 0)
(0.12826 -0.000152214 0)
(0.128188 -0.000338357 0)
(0.128177 -0.000570645 0)
(0.128211 -0.000846131 0)
(0.128293 -0.00116543 0)
(0.128484 -0.00163529 0)
(0.128611 -0.00222904 0)
(0.14721 -2.22849e-05 0)
(0.147033 -0.000161091 0)
(0.146938 -0.000338748 0)
(0.146882 -0.000559065 0)
(0.146843 -0.000827501 0)
(0.146821 -0.00117018 0)
(0.146791 -0.00158825 0)
(0.146764 -0.00213424 0)
(0.147218 -2.76084e-05 0)
(0.147039 -0.000169006 0)
(0.146927 -0.00033207 0)
(0.146835 -0.000530063 0)
(0.146736 -0.000778069 0)
(0.146609 -0.0010863 0)
(0.146443 -0.00147767 0)
(0.146207 -0.0019606 0)
(0.128454 -3.64999e-05 0)
(0.128254 -0.000187364 0)
(0.128097 -0.000337342 0)
(0.127934 -0.000509069 0)
(0.127731 -0.000720713 0)
(0.127469 -0.000988641 0)
(0.127125 -0.00132268 0)
(0.126673 -0.00173032 0)
(0.0908923 -5.35185e-05 0)
(0.090598 -0.000171994 0)
(0.0903374 -0.000264567 0)
(0.0900458 -0.000375088 0)
(0.0896885 -0.000525981 0)
(0.0892326 -0.000726565 0)
(0.0886436 -0.00098042 0)
(0.087883 -0.00128608 0)
(0.0344576 -6.03921e-05 0)
(0.0343025 -7.93774e-05 0)
(0.0341326 -7.77496e-05 0)
(0.0339191 -0.000104692 0)
(0.0335968 -0.000164247 0)
(0.033125 -0.000249227 0)
(0.0324701 -0.000350467 0)
(0.0316043 -0.000459107 0)
(0.0423823 -0.00411789 0)
(0.0455543 -0.00372072 0)
(0.0493911 -0.00324931 0)
(0.0537061 -0.00310281 0)
(0.0580341 -0.00355491 0)
(0.0622778 -0.00450166 0)
(0.0663895 -0.00582387 0)
(0.0703598 -0.00741936 0)
(0.0741918 -0.00920971 0)
(0.0778934 -0.0111332 0)
(0.0814725 -0.0131378 0)
(0.0849346 -0.0151768 0)
(0.08828 -0.0172061 0)
(0.0915019 -0.0191835 0)
(0.094585 -0.0210672 0)
(0.0975025 -0.0228144 0)
(0.100213 -0.0243783 0)
(0.10266 -0.0257065 0)
(0.104767 -0.0267384 0)
(0.106435 -0.0274021 0)
(0.107541 -0.027609 0)
(0.107933 -0.0272521 0)
(0.107448 -0.0262124 0)
(0.105937 -0.0243821 0)
(0.103314 -0.0217068 0)
(0.099598 -0.0182402 0)
(0.0949414 -0.014193 0)
(0.0896137 -0.00994803 0)
(0.0839634 -0.00600038 0)
(0.0783833 -0.00279988 0)
(0.0732771 -0.000573687 0)
(0.0689813 0.00073168 0)
(0.0656623 0.00134929 0)
(0.0632857 0.0015401 0)
(0.0616841 0.00150327 0)
(0.0606533 0.0013624 0)
(0.0600125 0.00118551 0)
(0.0596255 0.00100709 0)
(0.059398 0.000843054 0)
(0.0592679 0.000699317 0)
(0.0591961 0.000576744 0)
(0.0591583 0.000473839 0)
(0.05914 0.000388217 0)
(0.0591325 0.000317342 0)
(0.0591307 0.000258858 0)
(0.0591317 0.000210704 0)
(0.059134 0.000171131 0)
(0.0591366 0.000138671 0)
(0.0591392 0.0001121 0)
(0.0591415 9.03985e-05 0)
(0.0591435 7.27158e-05 0)
(0.0591452 5.83436e-05 0)
(0.0591466 4.66921e-05 0)
(0.0591478 3.72709e-05 0)
(0.0591487 2.96729e-05 0)
(0.0591494 2.35615e-05 0)
(0.05915 1.86587e-05 0)
(0.0591505 1.47357e-05 0)
(0.0591509 1.1605e-05 0)
(0.0591512 9.11307e-06 0)
(0.0591514 7.13483e-06 0)
(0.0591516 5.56858e-06 0)
(0.0591518 4.33188e-06 0)
(0.0591519 3.3581e-06 0)
(0.059152 2.59354e-06 0)
(0.0591521 1.99503e-06 0)
(0.0591521 1.52795e-06 0)
(0.0591522 1.16463e-06 0)
(0.0591522 8.82995e-07 0)
(0.0591523 6.65484e-07 0)
(0.0591523 4.98164e-07 0)
(0.0591523 3.7001e-07 0)
(0.0591523 2.7232e-07 0)
(0.0591523 1.98242e-07 0)
(0.0591523 1.42402e-07 0)
(0.0591523 1.0059e-07 0)
(0.0591523 6.95247e-08 0)
(0.0591523 4.66515e-08 0)
(0.0591523 2.99914e-08 0)
(0.0591524 1.80158e-08 0)
(0.0591524 9.54856e-09 0)
(0.0591524 3.68898e-09 0)
(0.0591524 -2.4982e-10 0)
(0.0591524 -2.78882e-09 0)
(0.0591524 -4.32089e-09 0)
(0.0591524 -5.14037e-09 0)
(0.0591524 -5.46612e-09 0)
(0.0591524 -5.45939e-09 0)
(0.0591524 -5.23778e-09 0)
(0.0591524 -4.88593e-09 0)
(0.0591524 -4.46379e-09 0)
(0.0591524 -4.01297e-09 0)
(0.0591524 -3.56151e-09 0)
(0.0591524 -3.1276e-09 0)
(0.0591524 -2.72232e-09 0)
(0.0591524 -2.35168e-09 0)
(0.0591524 -2.01821e-09 0)
(0.0591524 -1.72206e-09 0)
(0.0591524 -1.46186e-09 0)
(0.0591524 -1.23527e-09 0)
(0.0591524 -1.03945e-09 0)
(0.0591524 -8.71331e-10 0)
(0.0591524 -7.27822e-10 0)
(0.0591524 -6.05949e-10 0)
(0.0591524 -5.02926e-10 0)
(0.0591524 -4.16202e-10 0)
(0.0591524 -3.43481e-10 0)
(0.0591524 -2.82722e-10 0)
(0.0591524 -2.32127e-10 0)
(0.0591524 -1.90122e-10 0)
(0.0591524 -1.55345e-10 0)
(0.0591524 -1.26623e-10 0)
(0.0591524 -1.02962e-10 0)
(0.0591524 -8.35154e-11 0)
(0.0591524 -6.75717e-11 0)
(0.0591524 -5.45327e-11 0)
(0.0591524 -4.38987e-11 0)
(0.0591524 -3.52484e-11 0)
(0.0591524 -2.82292e-11 0)
(0.0591524 -2.25455e-11 0)
(0.0591524 -1.7955e-11 0)
(0.0591524 -1.42556e-11 0)
(0.0591524 -1.12846e-11 0)
(0.0591524 -8.9069e-12 0)
(0.0591524 -7.01034e-12 0)
(0.0591524 -5.50336e-12 0)
(0.0591524 -4.31076e-12 0)
(0.0591524 -3.3722e-12 0)
(0.0591524 -2.64149e-12 0)
(0.0591524 -2.07884e-12 0)
(0.0591524 -1.65183e-12 0)
(0.0591524 -1.33112e-12 0)
(0.0591524 -1.09207e-12 0)
(0.0591524 -9.14145e-13 0)
(0.0591524 -7.7662e-13 0)
(0.0591524 -6.6616e-13 0)
(0.0591524 -5.73418e-13 0)
(0.0591524 -4.91587e-13 0)
(0.0591524 -4.19093e-13 0)
(0.0591524 -3.51093e-13 0)
(0.0591524 -2.84177e-13 0)
(0.0591524 -2.16844e-13 0)
(0.0591524 -1.46669e-13 0)
(0.0591524 -7.80023e-14 0)
(0.0591524 -1.1596e-14 0)
(0.0591524 4.54351e-14 0)
(0.0591524 8.6154e-14 0)
(0.0591524 1.03948e-13 0)
(0.0591524 9.7461e-14 0)
(0.0591524 7.07328e-14 0)
(0.0591524 3.06838e-14 0)
(0.0591524 -1.51022e-14 0)
(0.0591524 -6.2608e-14 0)
(0.0591524 -1.09503e-13 0)
(0.0591524 -1.53155e-13 0)
(0.0591524 -1.95402e-13 0)
(0.0591524 -2.34266e-13 0)
(0.0591524 -2.67327e-13 0)
(0.0591524 -2.91891e-13 0)
(0.0591524 -3.01438e-13 0)
(0.0591524 -2.93231e-13 0)
(0.0591524 -2.64361e-13 0)
(0.0591524 -2.15835e-13 0)
(0.0591524 -1.54862e-13 0)
(0.0591524 -8.61365e-14 0)
(0.0591524 -1.81419e-14 0)
(0.0591524 4.59607e-14 0)
(0.0591524 1.01134e-13 0)
(0.0591524 1.42618e-13 0)
(0.0591524 1.69711e-13 0)
(0.0591524 1.8074e-13 0)
(0.0591524 1.77999e-13 0)
(0.0591524 1.644e-13 0)
(0.0591524 1.4086e-13 0)
(0.0591524 1.14301e-13 0)
(0.0591524 8.9236e-14 0)
(0.0591524 7.43696e-14 0)
(0.0591524 7.38155e-14 0)
(0.0591524 8.99247e-14 0)
(0.0591524 1.2413e-13 0)
(0.0591524 1.72695e-13 0)
(0.0591524 2.34493e-13 0)
(0.0591524 3.05926e-13 0)
(0.0591524 3.82238e-13 0)
(0.0591524 4.58025e-13 0)
(0.0591524 5.3006e-13 0)
(0.0591524 5.97521e-13 0)
(0.0591524 6.60746e-13 0)
(0.0591524 7.18659e-13 0)
(0.0591524 7.75451e-13 0)
(0.0591524 8.35204e-13 0)
(0.0591524 9.05779e-13 0)
(0.0591524 9.96115e-13 0)
(0.0591524 1.11664e-12 0)
(0.0591524 1.28482e-12 0)
(0.0591524 1.52276e-12 0)
(0.0591524 1.8724e-12 0)
(0.0591524 2.32691e-12 0)
(0.0591524 3.04711e-12 0)
(0.0591524 3.66537e-12 0)
(0.0941912 -0.0030141 0)
(0.0947253 -0.00358526 0)
(0.0956269 -0.00397336 0)
(0.0968958 -0.00448543 0)
(0.0985056 -0.0052444 0)
(0.100332 -0.00628977 0)
(0.102287 -0.0076079 0)
(0.104309 -0.00916157 0)
(0.106357 -0.0109047 0)
(0.108404 -0.0127886 0)
(0.110429 -0.0147637 0)
(0.112413 -0.01678 0)
(0.114332 -0.0187873 0)
(0.116155 -0.0207348 0)
(0.117836 -0.0225694 0)
(0.119318 -0.0242333 0)
(0.120526 -0.0256615 0)
(0.121367 -0.026781 0)
(0.121728 -0.027508 0)
(0.121462 -0.0277424 0)
(0.120401 -0.0273657 0)
(0.118366 -0.0262509 0)
(0.115222 -0.0242888 0)
(0.110932 -0.0214293 0)
(0.105601 -0.0177268 0)
(0.0994966 -0.0133763 0)
(0.0930045 -0.00872243 0)
(0.0865501 -0.00423211 0)
(0.0805009 -0.000414575 0)
(0.0751122 0.00232177 0)
(0.0705399 0.00382779 0)
(0.0668692 0.00426812 0)
(0.064105 0.00400647 0)
(0.0621569 0.0034158 0)
(0.0608652 0.00275651 0)
(0.0600533 0.00216111 0)
(0.0595671 0.00167392 0)
(0.0592898 0.0012944 0)
(0.0591407 0.00100523 0)
(0.0590673 0.000786241 0)
(0.0590368 0.000619795 0)
(0.0590295 0.000492139 0)
(0.0590341 0.000393117 0)
(0.0590441 0.000315421 0)
(0.0590559 0.000253828 0)
(0.0590676 0.000204595 0)
(0.0590784 0.000164998 0)
(0.0590879 0.000133019 0)
(0.0590961 0.000107131 0)
(0.0591029 8.61525e-05 0)
(0.0591087 6.91549e-05 0)
(0.0591134 5.53947e-05 0)
(0.0591173 4.42716e-05 0)
(0.0591204 3.52967e-05 0)
(0.059123 2.80706e-05 0)
(0.0591251 2.22658e-05 0)
(0.0591268 1.76142e-05 0)
(0.0591281 1.38959e-05 0)
(0.0591292 1.09313e-05 0)
(0.0591301 8.57387e-06 0)
(0.0591308 6.70415e-06 0)
(0.0591313 5.2253e-06 0)
(0.0591318 4.05883e-06 0)
(0.0591321 3.14138e-06 0)
(0.0591324 2.42191e-06 0)
(0.0591326 1.85941e-06 0)
(0.0591328 1.42104e-06 0)
(0.0591329 1.08056e-06 0)
(0.059133 8.17063e-07 0)
(0.0591331 6.13916e-07 0)
(0.0591332 4.57949e-07 0)
(0.0591332 3.38746e-07 0)
(0.0591333 2.48094e-07 0)
(0.0591333 1.79538e-07 0)
(0.0591333 1.28016e-07 0)
(0.0591334 8.9573e-08 0)
(0.0591334 6.11264e-08 0)
(0.0591334 4.02828e-08 0)
(0.0591334 2.51899e-08 0)
(0.0591334 1.44196e-08 0)
(0.0591334 6.87573e-09 0)
(0.0591334 1.72009e-09 0)
(0.0591334 -1.68478e-09 0)
(0.0591334 -3.82112e-09 0)
(0.0591334 -5.05153e-09 0)
(0.0591334 -5.64673e-09 0)
(0.0591334 -5.80718e-09 0)
(0.0591334 -5.67992e-09 0)
(0.0591334 -5.37154e-09 0)
(0.0591334 -4.95823e-09 0)
(0.0591334 -4.49345e-09 0)
(0.0591334 -4.01385e-09 0)
(0.0591334 -3.54375e-09 0)
(0.0591334 -3.09848e-09 0)
(0.0591334 -2.687e-09 0)
(0.0591334 -2.31375e-09 0)
(0.0591334 -1.9801e-09 0)
(0.0591334 -1.68535e-09 0)
(0.0591334 -1.42752e-09 0)
(0.0591334 -1.20382e-09 0)
(0.0591334 -1.01112e-09 0)
(0.0591334 -8.4615e-10 0)
(0.0591334 -7.05679e-10 0)
(0.0591334 -5.86653e-10 0)
(0.0591334 -4.86239e-10 0)
(0.0591334 -4.0187e-10 0)
(0.0591334 -3.31245e-10 0)
(0.0591334 -2.72328e-10 0)
(0.0591334 -2.23335e-10 0)
(0.0591334 -1.82713e-10 0)
(0.0591334 -1.49122e-10 0)
(0.0591334 -1.21415e-10 0)
(0.0591334 -9.8617e-11 0)
(0.0591334 -7.99074e-11 0)
(0.0591334 -6.45887e-11 0)
(0.0591334 -5.20781e-11 0)
(0.0591334 -4.18861e-11 0)
(0.0591334 -3.3602e-11 0)
(0.0591334 -2.68833e-11 0)
(0.0591334 -2.14458e-11 0)
(0.0591334 -1.70554e-11 0)
(0.0591334 -1.35212e-11 0)
(0.0591334 -1.06845e-11 0)
(0.0591334 -8.41671e-12 0)
(0.0591334 -6.60828e-12 0)
(0.0591334 -5.17143e-12 0)
(0.0591334 -4.03591e-12 0)
(0.0591334 -3.14424e-12 0)
(0.0591334 -2.45321e-12 0)
(0.0591334 -1.92535e-12 0)
(0.0591334 -1.52797e-12 0)
(0.0591334 -1.23323e-12 0)
(0.0591334 -1.01503e-12 0)
(0.0591334 -8.53562e-13 0)
(0.0591334 -7.3035e-13 0)
(0.0591334 -6.338e-13 0)
(0.0591334 -5.55369e-13 0)
(0.0591334 -4.88461e-13 0)
(0.0591334 -4.29683e-13 0)
(0.0591334 -3.73034e-13 0)
(0.0591334 -3.13227e-13 0)
(0.0591334 -2.46408e-13 0)
(0.0591334 -1.71628e-13 0)
(0.0591334 -9.28562e-14 0)
(0.0591334 -1.67183e-14 0)
(0.0591334 4.92124e-14 0)
(0.0591334 9.68521e-14 0)
(0.0591334 1.22823e-13 0)
(0.0591334 1.25151e-13 0)
(0.0591334 1.08893e-13 0)
(0.0591334 7.87042e-14 0)
(0.0591334 3.92441e-14 0)
(0.0591334 -4.92508e-15 0)
(0.0591334 -5.43645e-14 0)
(0.0591334 -1.10368e-13 0)
(0.0591334 -1.72009e-13 0)
(0.0591334 -2.34411e-13 0)
(0.0591334 -2.90255e-13 0)
(0.0591334 -3.315e-13 0)
(0.0591334 -3.50813e-13 0)
(0.0591334 -3.42992e-13 0)
(0.0591334 -3.05411e-13 0)
(0.0591334 -2.42357e-13 0)
(0.0591334 -1.61152e-13 0)
(0.0591334 -7.31847e-14 0)
(0.0591334 1.18479e-14 0)
(0.0591334 8.6969e-14 0)
(0.0591334 1.46392e-13 0)
(0.0591334 1.85895e-13 0)
(0.0591334 2.03042e-13 0)
(0.0591334 2.00393e-13 0)
(0.0591334 1.82137e-13 0)
(0.0591334 1.52342e-13 0)
(0.0591334 1.18162e-13 0)
(0.0591334 8.39403e-14 0)
(0.0591334 5.74622e-14 0)
(0.0591334 4.40122e-14 0)
(0.0591334 4.75677e-14 0)
(0.0591334 6.86435e-14 0)
(0.0591334 1.05266e-13 0)
(0.0591334 1.54559e-13 0)
(0.0591334 2.12754e-13 0)
(0.0591334 2.74621e-13 0)
(0.0591334 3.36142e-13 0)
(0.0591334 3.90852e-13 0)
(0.0591334 4.34637e-13 0)
(0.0591334 4.64829e-13 0)
(0.0591334 4.76676e-13 0)
(0.0591334 4.66843e-13 0)
(0.0591334 4.28902e-13 0)
(0.0591334 3.57016e-13 0)
(0.0591334 2.41378e-13 0)
(0.0591334 7.12643e-14 0)
(0.0591334 -1.7114e-13 0)
(0.0591334 -5.06228e-13 0)
(0.0591334 -9.43078e-13 0)
(0.0591334 -1.5193e-12 0)
(0.0591334 -2.122e-12 0)
(0.0591334 -2.82257e-12 0)
(0.0591334 -3.19625e-12 0)
(0.12868 -0.0030837 0)
(0.128793 -0.00385452 0)
(0.128999 -0.00453837 0)
(0.129373 -0.00524187 0)
(0.129885 -0.00607744 0)
(0.130488 -0.00710956 0)
(0.131131 -0.00835971 0)
(0.131776 -0.00982098 0)
(0.132394 -0.011469 0)
(0.132964 -0.0132684 0)
(0.133468 -0.0151749 0)
(0.133883 -0.0171352 0)
(0.13417 -0.0190868 0)
(0.134273 -0.0209597 0)
(0.134125 -0.0226788 0)
(0.133644 -0.0241652 0)
(0.132727 -0.0253322 0)
(0.131237 -0.0260782 0)
(0.128994 -0.0262819 0)
(0.125795 -0.0258045 0)
(0.121467 -0.0245102 0)
(0.115934 -0.0223056 0)
(0.10929 -0.0191831 0)
(0.101835 -0.0152528 0)
(0.0940487 -0.0107542 0)
(0.0864971 -0.00604398 0)
(0.0796995 -0.00155346 0)
(0.0739944 0.00228225 0)
(0.0694836 0.00510666 0)
(0.0660734 0.00672409 0)
(0.0635738 0.00716796 0)
(0.0617892 0.00670224 0)
(0.0605564 0.00571531 0)
(0.0597431 0.00456784 0)
(0.0592379 0.00349779 0)
(0.058948 0.00261301 0)
(0.0588001 0.00193207 0)
(0.0587402 0.00142942 0)
(0.0587311 0.00106601 0)
(0.0587489 0.000804723 0)
(0.0587788 0.00061579 0)
(0.0588127 0.000477376 0)
(0.0588458 0.000374228 0)
(0.0588762 0.000295959 0)
(0.058903 0.00023556 0)
(0.058926 0.000188283 0)
(0.0589455 0.000150862 0)
(0.0589618 0.000121004 0)
(0.0589754 9.70523e-05 0)
(0.0589866 7.77776e-05 0)
(0.0589958 6.22438e-05 0)
(0.0590034 4.97223e-05 0)
(0.0590095 3.9636e-05 0)
(0.0590145 3.15223e-05 0)
(0.0590186 2.50071e-05 0)
(0.0590219 1.97865e-05 0)
(0.0590245 1.56128e-05 0)
(0.0590267 1.22845e-05 0)
(0.0590284 9.63695e-06 0)
(0.0590297 7.53661e-06 0)
(0.0590308 5.87489e-06 0)
(0.0590317 4.56386e-06 0)
(0.0590324 3.53249e-06 0)
(0.059033 2.72355e-06 0)
(0.0590334 2.09102e-06 0)
(0.0590338 1.59802e-06 0)
(0.059034 1.21509e-06 0)
(0.0590342 9.18725e-07 0)
(0.0590344 6.90239e-07 0)
(0.0590345 5.1482e-07 0)
(0.0590346 3.80756e-07 0)
(0.0590347 2.7881e-07 0)
(0.0590348 2.01718e-07 0)
(0.0590348 1.43789e-07 0)
(0.0590349 1.0057e-07 0)
(0.0590349 6.85951e-08 0)
(0.0590349 4.51706e-08 0)
(0.0590349 2.8213e-08 0)
(0.0590349 1.61158e-08 0)
(0.0590349 7.64569e-09 0)
(0.059035 1.86008e-09 0)
(0.059035 -1.95799e-09 0)
(0.059035 -4.35084e-09 0)
(0.059035 -5.72617e-09 0)
(0.059035 -6.3883e-09 0)
(0.059035 -6.56257e-09 0)
(0.059035 -6.41421e-09 0)
(0.059035 -6.06297e-09 0)
(0.059035 -5.59442e-09 0)
(0.059035 -5.06859e-09 0)
(0.059035 -4.52662e-09 0)
(0.059035 -3.99577e-09 0)
(0.059035 -3.49321e-09 0)
(0.059035 -3.02895e-09 0)
(0.059035 -2.60794e-09 0)
(0.059035 -2.23167e-09 0)
(0.059035 -1.89932e-09 0)
(0.059035 -1.60863e-09 0)
(0.059035 -1.35647e-09 0)
(0.059035 -1.13927e-09 0)
(0.059035 -9.53338e-10 0)
(0.059035 -7.95043e-10 0)
(0.059035 -6.60927e-10 0)
(0.059035 -5.47793e-10 0)
(0.059035 -4.52741e-10 0)
(0.059035 -3.73174e-10 0)
(0.059035 -3.06796e-10 0)
(0.059035 -2.51597e-10 0)
(0.059035 -2.05828e-10 0)
(0.059035 -1.67985e-10 0)
(0.059035 -1.36775e-10 0)
(0.059035 -1.11103e-10 0)
(0.059035 -9.00382e-11 0)
(0.059035 -7.27953e-11 0)
(0.059035 -5.8716e-11 0)
(0.059035 -4.72459e-11 0)
(0.059035 -3.79205e-11 0)
(0.059035 -3.03543e-11 0)
(0.059035 -2.42274e-11 0)
(0.059035 -1.92769e-11 0)
(0.059035 -1.52871e-11 0)
(0.059035 -1.20825e-11 0)
(0.059035 -9.51702e-12 0)
(0.059035 -7.46891e-12 0)
(0.059035 -5.83843e-12 0)
(0.059035 -4.54635e-12 0)
(0.059035 -3.52869e-12 0)
(0.059035 -2.73461e-12 0)
(0.059035 -2.12331e-12 0)
(0.059035 -1.65959e-12 0)
(0.059035 -1.31496e-12 0)
(0.059035 -1.06187e-12 0)
(0.059035 -8.75798e-13 0)
(0.059035 -7.38446e-13 0)
(0.059035 -6.3517e-13 0)
(0.059035 -5.57674e-13 0)
(0.059035 -4.97677e-13 0)
(0.059035 -4.48868e-13 0)
(0.059035 -4.05167e-13 0)
(0.059035 -3.58774e-13 0)
(0.059035 -3.05369e-13 0)
(0.059035 -2.41004e-13 0)
(0.059035 -1.65398e-13 0)
(0.059035 -8.52003e-14 0)
(0.059035 -6.61508e-15 0)
(0.059035 6.03511e-14 0)
(0.059035 1.0891e-13 0)
(0.059035 1.37216e-13 0)
(0.059035 1.45489e-13 0)
(0.059035 1.3703e-13 0)
(0.059035 1.14836e-13 0)
(0.059035 8.15289e-14 0)
(0.059035 3.74539e-14 0)
(0.059035 -1.75284e-14 0)
(0.059035 -8.41334e-14 0)
(0.059035 -1.59165e-13 0)
(0.059035 -2.35121e-13 0)
(0.059035 -3.02565e-13 0)
(0.059035 -3.50499e-13 0)
(0.059035 -3.69232e-13 0)
(0.059035 -3.54652e-13 0)
(0.059035 -3.06119e-13 0)
(0.059035 -2.31098e-13 0)
(0.059035 -1.39901e-13 0)
(0.059035 -4.26708e-14 0)
(0.059035 4.78385e-14 0)
(0.059035 1.24158e-13 0)
(0.059035 1.78238e-13 0)
(0.059035 2.08384e-13 0)
(0.059035 2.14958e-13 0)
(0.059035 1.99993e-13 0)
(0.059035 1.69561e-13 0)
(0.059035 1.30205e-13 0)
(0.059035 8.98902e-14 0)
(0.059035 5.3659e-14 0)
(0.059035 3.02008e-14 0)
(0.059035 2.03864e-14 0)
(0.059035 2.73775e-14 0)
(0.059035 5.21675e-14 0)
(0.059035 8.83624e-14 0)
(0.059035 1.35822e-13 0)
(0.059035 1.86208e-13 0)
(0.059035 2.36583e-13 0)
(0.059035 2.82005e-13 0)
(0.059035 3.15718e-13 0)
(0.059035 3.34459e-13 0)
(0.059035 3.29166e-13 0)
(0.059035 2.94888e-13 0)
(0.059035 2.22474e-13 0)
(0.059035 9.76479e-14 0)
(0.059035 -9.54272e-14 0)
(0.059035 -3.81657e-13 0)
(0.059035 -8.01104e-13 0)
(0.059035 -1.38878e-12 0)
(0.059035 -2.22005e-12 0)
(0.059035 -3.33553e-12 0)
(0.059035 -4.88711e-12 0)
(0.059035 -6.65481e-12 0)
(0.059035 -9.12089e-12 0)
(0.059035 -1.05951e-11 0)
(0.14669 -0.00276816 0)
(0.146514 -0.00345166 0)
(0.146308 -0.00416181 0)
(0.146116 -0.00493419 0)
(0.145945 -0.00582002 0)
(0.14577 -0.00686072 0)
(0.145549 -0.00807915 0)
(0.145239 -0.00947973 0)
(0.144795 -0.0110506 0)
(0.144177 -0.0127633 0)
(0.143343 -0.0145706 0)
(0.142247 -0.0164055 0)
(0.140839 -0.0181876 0)
(0.139055 -0.0198334 0)
(0.136801 -0.0212581 0)
(0.133929 -0.0223608 0)
(0.130233 -0.0230086 0)
(0.125473 -0.0230371 0)
(0.119453 -0.0222752 0)
(0.112126 -0.0205866 0)
(0.103681 -0.0179272 0)
(0.0945648 -0.0143985 0)
(0.0854349 -0.0102669 0)
(0.077007 -0.00592256 0)
(0.0698624 -0.00178076 0)
(0.0643101 0.00183836 0)
(0.0603737 0.0047604 0)
(0.0578706 0.00689533 0)
(0.0565104 0.00817007 0)
(0.0559713 0.00855441 0)
(0.055951 0.00813732 0)
(0.0562021 0.00714704 0)
(0.0565527 0.00587941 0)
(0.056905 0.0045958 0)
(0.0572165 0.00346266 0)
(0.0574761 0.00254898 0)
(0.0576874 0.0018559 0)
(0.0578582 0.00135052 0)
(0.0579962 0.000990122 0)
(0.0581081 0.000735153 0)
(0.058199 0.000554111 0)
(0.0582732 0.000423965 0)
(0.0583338 0.00032873 0)
(0.0583833 0.000257641 0)
(0.0584239 0.000203546 0)
(0.0584572 0.000161688 0)
(0.0584844 0.000128866 0)
(0.0585067 0.000102875 0)
(0.0585249 8.21553e-05 0)
(0.0585398 6.557e-05 0)
(0.0585519 5.22662e-05 0)
(0.0585617 4.15878e-05 0)
(0.0585697 3.30207e-05 0)
(0.0585762 2.61556e-05 0)
(0.0585814 2.06639e-05 0)
(0.0585857 1.62801e-05 0)
(0.0585891 1.27888e-05 0)
(0.0585918 1.00155e-05 0)
(0.0585939 7.81833e-06 0)
(0.0585957 6.08244e-06 0)
(0.0585971 4.71495e-06 0)
(0.0585982 3.64088e-06 0)
(0.058599 2.79989e-06 0)
(0.0585997 2.14352e-06 0)
(0.0586003 1.63296e-06 0)
(0.0586007 1.23726e-06 0)
(0.058601 9.31728e-07 0)
(0.0586013 6.96791e-07 0)
(0.0586015 5.16935e-07 0)
(0.0586016 3.79916e-07 0)
(0.0586018 2.76092e-07 0)
(0.0586019 1.97896e-07 0)
(0.0586019 1.39406e-07 0)
(0.058602 9.60003e-08 0)
(0.058602 6.40874e-08 0)
(0.0586021 4.08835e-08 0)
(0.0586021 2.424e-08 0)
(0.0586021 1.25048e-08 0)
(0.0586021 4.41305e-09 0)
(0.0586021 -9.98799e-10 0)
(0.0586021 -4.46106e-09 0)
(0.0586021 -6.52395e-09 0)
(0.0586021 -7.59923e-09 0)
(0.0586021 -7.99265e-09 0)
(0.0586021 -7.92919e-09 0)
(0.0586021 -7.57263e-09 0)
(0.0586021 -7.04057e-09 0)
(0.0586021 -6.41613e-09 0)
(0.0586021 -5.75674e-09 0)
(0.0586021 -5.10097e-09 0)
(0.0586021 -4.47362e-09 0)
(0.0586021 -3.88962e-09 0)
(0.0586021 -3.35689e-09 0)
(0.0586021 -2.87852e-09 0)
(0.0586021 -2.45436e-09 0)
(0.0586021 -2.08216e-09 0)
(0.0586021 -1.75839e-09 0)
(0.0586021 -1.47885e-09 0)
(0.0586021 -1.23905e-09 0)
(0.0586021 -1.03453e-09 0)
(0.0586021 -8.60966e-10 0)
(0.0586021 -7.14346e-10 0)
(0.0586021 -5.90995e-10 0)
(0.0586021 -4.8761e-10 0)
(0.0586021 -4.0126e-10 0)
(0.0586021 -3.2937e-10 0)
(0.0586021 -2.69698e-10 0)
(0.0586021 -2.2031e-10 0)
(0.0586021 -1.79542e-10 0)
(0.0586021 -1.45977e-10 0)
(0.0586021 -1.18412e-10 0)
(0.0586021 -9.58334e-11 0)
(0.0586021 -7.73848e-11 0)
(0.0586021 -6.23459e-11 0)
(0.0586021 -5.01141e-11 0)
(0.0586021 -4.01842e-11 0)
(0.0586021 -3.21379e-11 0)
(0.0586021 -2.56288e-11 0)
(0.0586021 -2.0374e-11 0)
(0.0586021 -1.61407e-11 0)
(0.0586021 -1.27415e-11 0)
(0.0586021 -1.00214e-11 0)
(0.0586021 -7.85048e-12 0)
(0.0586021 -6.12413e-12 0)
(0.0586021 -4.75605e-12 0)
(0.0586021 -3.67616e-12 0)
(0.0586021 -2.83155e-12 0)
(0.0586021 -2.17807e-12 0)
(0.0586021 -1.68034e-12 0)
(0.0586021 -1.30801e-12 0)
(0.0586021 -1.0336e-12 0)
(0.0586021 -8.33353e-13 0)
(0.0586021 -6.87445e-13 0)
(0.0586021 -5.80964e-13 0)
(0.0586021 -5.04238e-13 0)
(0.0586021 -4.48219e-13 0)
(0.0586021 -4.07905e-13 0)
(0.0586021 -3.75703e-13 0)
(0.0586021 -3.44925e-13 0)
(0.0586021 -3.09046e-13 0)
(0.0586021 -2.61529e-13 0)
(0.0586021 -2.01905e-13 0)
(0.0586021 -1.31585e-13 0)
(0.0586021 -5.68352e-14 0)
(0.0586021 1.31917e-14 0)
(0.0586021 7.28689e-14 0)
(0.0586021 1.16547e-13 0)
(0.0586021 1.42546e-13 0)
(0.0586021 1.51779e-13 0)
(0.0586021 1.47236e-13 0)
(0.0586021 1.29972e-13 0)
(0.0586021 9.94345e-14 0)
(0.0586021 5.4479e-14 0)
(0.0586021 -5.46183e-15 0)
(0.0586021 -7.80445e-14 0)
(0.0586021 -1.56544e-13 0)
(0.0586021 -2.33627e-13 0)
(0.0586021 -2.971e-13 0)
(0.0586021 -3.36807e-13 0)
(0.0586021 -3.4602e-13 0)
(0.0586021 -3.20489e-13 0)
(0.0586021 -2.65482e-13 0)
(0.0586021 -1.86367e-13 0)
(0.0586021 -9.59509e-14 0)
(0.0586021 -4.80146e-15 0)
(0.0586021 7.78424e-14 0)
(0.0586021 1.42537e-13 0)
(0.0586021 1.85359e-13 0)
(0.0586021 2.03706e-13 0)
(0.0586021 1.98815e-13 0)
(0.0586021 1.76219e-13 0)
(0.0586021 1.4109e-13 0)
(0.0586021 1.00774e-13 0)
(0.0586021 6.16298e-14 0)
(0.0586021 3.13225e-14 0)
(0.0586021 1.24917e-14 0)
(0.0586021 8.74573e-15 0)
(0.0586021 1.97156e-14 0)
(0.0586021 4.36438e-14 0)
(0.0586021 7.84156e-14 0)
(0.0586021 1.18336e-13 0)
(0.0586021 1.60617e-13 0)
(0.0586021 1.99337e-13 0)
(0.0586021 2.29275e-13 0)
(0.0586021 2.45406e-13 0)
(0.0586021 2.41013e-13 0)
(0.0586021 2.09647e-13 0)
(0.0586021 1.39803e-13 0)
(0.0586021 1.94685e-14 0)
(0.0586021 -1.70149e-13 0)
(0.0586021 -4.55576e-13 0)
(0.0586021 -8.79678e-13 0)
(0.0586021 -1.4845e-12 0)
(0.0586021 -2.37565e-12 0)
(0.0586021 -3.62014e-12 0)
(0.0586021 -5.33941e-12 0)
(0.0586021 -7.88697e-12 0)
(0.0586021 -1.08364e-11 0)
(0.0586021 -1.60193e-11 0)
(0.0586021 -1.84301e-11 0)
(0.145876 -0.00253857 0)
(0.145448 -0.00318161 0)
(0.144929 -0.00387645 0)
(0.144329 -0.00463657 0)
(0.143636 -0.00548999 0)
(0.142819 -0.00646292 0)
(0.141826 -0.00757064 0)
(0.1406 -0.00881527 0)
(0.139083 -0.0101862 0)
(0.137224 -0.0116591 0)
(0.134972 -0.0131921 0)
(0.132257 -0.0147211 0)
(0.128951 -0.0161558 0)
(0.124836 -0.0173713 0)
(0.119645 -0.0181989 0)
(0.113142 -0.0184249 0)
(0.105229 -0.017823 0)
(0.0960497 -0.0162412 0)
(0.0860698 -0.0137082 0)
(0.076035 -0.0104716 0)
(0.0667908 -0.00694643 0)
(0.0590274 -0.00359074 0)
(0.0530912 -0.000712061 0)
(0.0489855 0.00164816 0)
(0.0464906 0.00361016 0)
(0.0452968 0.00526539 0)
(0.0451119 0.00659221 0)
(0.0456983 0.00749008 0)
(0.0468428 0.00785632 0)
(0.0483235 0.00765769 0)
(0.049916 0.00696939 0)
(0.0514298 0.00595947 0)
(0.0527409 0.00482817 0)
(0.0537984 0.00374381 0)
(0.0546082 0.00280936 0)
(0.0552075 0.00206332 0)
(0.0556433 0.00149936 0)
(0.0559591 0.0010885 0)
(0.0561898 0.000795623 0)
(0.0563609 0.000588609 0)
(0.0564902 0.000441873 0)
(0.0565898 0.000336655 0)
(0.0566678 0.000259901 0)
(0.0567295 0.000202804 0)
(0.0567789 0.000159513 0)
(0.0568187 0.000126139 0)
(0.0568508 0.000100068 0)
(0.0568767 7.95032e-05 0)
(0.0568978 6.31758e-05 0)
(0.0569148 5.0162e-05 0)
(0.0569285 3.97695e-05 0)
(0.0569396 3.1467e-05 0)
(0.0569486 2.48386e-05 0)
(0.0569558 1.9554e-05 0)
(0.0569615 1.53491e-05 0)
(0.0569662 1.20109e-05 0)
(0.0569698 9.36767e-06 0)
(0.0569728 7.28047e-06 0)
(0.0569751 5.63716e-06 0)
(0.056977 4.34731e-06 0)
(0.0569784 3.33814e-06 0)
(0.0569796 2.55121e-06 0)
(0.0569805 1.93975e-06 0)
(0.0569812 1.4664e-06 0)
(0.0569817 1.10142e-06 0)
(0.0569822 8.21203e-07 0)
(0.0569825 6.07064e-07 0)
(0.0569827 4.44255e-07 0)
(0.0569829 3.21171e-07 0)
(0.0569831 2.28713e-07 0)
(0.0569832 1.59765e-07 0)
(0.0569833 1.08782e-07 0)
(0.0569834 7.14572e-08 0)
(0.0569834 4.44588e-08 0)
(0.0569835 2.52184e-08 0)
(0.0569835 1.17644e-08 0)
(0.0569835 2.59059e-09 0)
(0.0569835 -3.44849e-09 0)
(0.0569835 -7.21881e-09 0)
(0.0569835 -9.37105e-09 0)
(0.0569835 -1.03907e-08 0)
(0.0569835 -1.06369e-08 0)
(0.0569835 -1.0373e-08 0)
(0.0569836 -9.78942e-09 0)
(0.0569836 -9.02227e-09 0)
(0.0569836 -8.16685e-09 0)
(0.0569836 -7.28835e-09 0)
(0.0569836 -6.42985e-09 0)
(0.0569836 -5.61846e-09 0)
(0.0569835 -4.86981e-09 0)
(0.0569835 -4.19155e-09 0)
(0.0569835 -3.5858e-09 0)
(0.0569835 -3.05108e-09 0)
(0.0569835 -2.58357e-09 0)
(0.0569835 -2.17816e-09 0)
(0.0569835 -1.82907e-09 0)
(0.0569835 -1.53032e-09 0)
(0.0569835 -1.27603e-09 0)
(0.0569835 -1.06064e-09 0)
(0.0569835 -8.78999e-10 0)
(0.0569835 -7.26426e-10 0)
(0.0569835 -5.98736e-10 0)
(0.0569835 -4.92232e-10 0)
(0.0569835 -4.03676e-10 0)
(0.0569835 -3.30259e-10 0)
(0.0569835 -2.69558e-10 0)
(0.0569835 -2.19503e-10 0)
(0.0569835 -1.78331e-10 0)
(0.0569835 -1.44549e-10 0)
(0.0569835 -1.16898e-10 0)
(0.0569835 -9.4322e-11 0)
(0.0569835 -7.59352e-11 0)
(0.0569835 -6.09973e-11 0)
(0.0569835 -4.88866e-11 0)
(0.0569835 -3.90872e-11 0)
(0.0569835 -3.11738e-11 0)
(0.0569835 -2.47915e-11 0)
(0.0569835 -1.96537e-11 0)
(0.0569835 -1.5525e-11 0)
(0.0569835 -1.2218e-11 0)
(0.0569835 -9.5773e-12 0)
(0.0569835 -7.47464e-12 0)
(0.0569835 -5.80633e-12 0)
(0.0569835 -4.48606e-12 0)
(0.0569835 -3.44627e-12 0)
(0.0569835 -2.63295e-12 0)
(0.0569835 -2.00349e-12 0)
(0.0569835 -1.52381e-12 0)
(0.0569835 -1.16331e-12 0)
(0.0569835 -8.97628e-13 0)
(0.0569835 -7.04465e-13 0)
(0.0569835 -5.64619e-13 0)
(0.0569835 -4.64272e-13 0)
(0.0569835 -3.91766e-13 0)
(0.0569835 -3.41493e-13 0)
(0.0569835 -3.07834e-13 0)
(0.0569835 -2.85151e-13 0)
(0.0569835 -2.67465e-13 0)
(0.0569835 -2.47092e-13 0)
(0.0569835 -2.18795e-13 0)
(0.0569835 -1.80336e-13 0)
(0.0569835 -1.30585e-13 0)
(0.0569835 -7.40066e-14 0)
(0.0569835 -1.47905e-14 0)
(0.0569835 3.85942e-14 0)
(0.0569835 8.24094e-14 0)
(0.0569835 1.14008e-13 0)
(0.0569835 1.326e-13 0)
(0.0569835 1.39903e-13 0)
(0.0569835 1.34485e-13 0)
(0.0569835 1.1711e-13 0)
(0.0569835 8.59144e-14 0)
(0.0569835 4.08153e-14 0)
(0.0569835 -1.71395e-14 0)
(0.0569835 -8.32069e-14 0)
(0.0569835 -1.50844e-13 0)
(0.0569835 -2.1062e-13 0)
(0.0569835 -2.54685e-13 0)
(0.0569835 -2.75047e-13 0)
(0.0569835 -2.6903e-13 0)
(0.0569835 -2.36351e-13 0)
(0.0569835 -1.82026e-13 0)
(0.0569835 -1.13991e-13 0)
(0.0569835 -3.93829e-14 0)
(0.0569835 3.2217e-14 0)
(0.0569835 9.34928e-14 0)
(0.0569835 1.38288e-13 0)
(0.0569835 1.63546e-13 0)
(0.0569835 1.70133e-13 0)
(0.0569835 1.5923e-13 0)
(0.0569835 1.35298e-13 0)
(0.0569835 1.02844e-13 0)
(0.0569835 6.87565e-14 0)
(0.0569835 3.77146e-14 0)
(0.0569835 1.52286e-14 0)
(0.0569835 3.01297e-15 0)
(0.0569835 3.107e-15 0)
(0.0569835 1.52158e-14 0)
(0.0569835 3.60315e-14 0)
(0.0569835 6.45962e-14 0)
(0.0569835 9.58116e-14 0)
(0.0569835 1.27487e-13 0)
(0.0569835 1.54093e-13 0)
(0.0569835 1.70016e-13 0)
(0.0569835 1.71492e-13 0)
(0.0569835 1.50715e-13 0)
(0.0569835 1.00278e-13 0)
(0.0569835 8.69507e-15 0)
(0.0569835 -1.40701e-13 0)
(0.0569835 -3.68448e-13 0)
(0.0569835 -7.09523e-13 0)
(0.0569835 -1.20667e-12 0)
(0.0569835 -1.94973e-12 0)
(0.0569835 -2.98747e-12 0)
(0.0569835 -4.59617e-12 0)
(0.0569835 -6.74554e-12 0)
(0.0569835 -1.01218e-11 0)
(0.0569835 -1.41617e-11 0)
(0.0569835 -2.36361e-11 0)
(0.0569835 -2.70977e-11 0)
(0.126087 -0.00220736 0)
(0.12534 -0.00274364 0)
(0.124421 -0.00333326 0)
(0.123315 -0.00398321 0)
(0.121996 -0.00470824 0)
(0.120418 -0.00552184 0)
(0.118515 -0.00643171 0)
(0.116202 -0.00744046 0)
(0.113375 -0.00854443 0)
(0.109903 -0.00971768 0)
(0.105616 -0.0108742 0)
(0.100292 -0.0118294 0)
(0.0937126 -0.0123184 0)
(0.0858033 -0.0121026 0)
(0.0767771 -0.011081 0)
(0.0671657 -0.00932317 0)
(0.0577545 -0.00707213 0)
(0.0493698 -0.00474211 0)
(0.0425629 -0.00276365 0)
(0.0375001 -0.00131723 0)
(0.0340911 -0.000265205 0)
(0.032091 0.000655862 0)
(0.0311872 0.00162368 0)
(0.0311192 0.00266596 0)
(0.0317325 0.00370627 0)
(0.0329398 0.00462916 0)
(0.0346553 0.00532257 0)
(0.0367578 0.0056998 0)
(0.0390849 0.00571657 0)
(0.0414492 0.00538687 0)
(0.0436716 0.00478574 0)
(0.0456166 0.00402891 0)
(0.047214 0.00323693 0)
(0.0484577 0.0025036 0)
(0.0493867 0.0018822 0)
(0.0500616 0.0013891 0)
(0.0505448 0.00101593 0)
(0.0508906 0.000742481 0)
(0.0511404 0.000545834 0)
(0.051324 0.000405436 0)
(0.0514618 0.000304943 0)
(0.0515672 0.000232289 0)
(0.0516492 0.000178977 0)
(0.0517138 0.000139189 0)
(0.0517653 0.000108997 0)
(0.0518064 8.57513e-05 0)
(0.0518393 6.76429e-05 0)
(0.0518658 5.34152e-05 0)
(0.0518871 4.21726e-05 0)
(0.0519041 3.32588e-05 0)
(0.0519177 2.61812e-05 0)
(0.0519286 2.0561e-05 0)
(0.0519373 1.61025e-05 0)
(0.0519442 1.25715e-05 0)
(0.0519497 9.78135e-06 0)
(0.051954 7.58231e-06 0)
(0.0519575 5.8542e-06 0)
(0.0519602 4.50044e-06 0)
(0.0519623 3.44348e-06 0)
(0.0519639 2.6212e-06 0)
(0.0519652 1.9839e-06 0)
(0.0519662 1.49195e-06 0)
(0.051967 1.11385e-06 0)
(0.0519676 8.24594e-07 0)
(0.051968 6.04443e-07 0)
(0.0519684 4.37831e-07 0)
(0.0519686 3.12534e-07 0)
(0.0519688 2.18985e-07 0)
(0.051969 1.49717e-07 0)
(0.0519691 9.89279e-08 0)
(0.0519692 6.21222e-08 0)
(0.0519692 3.58327e-08 0)
(0.0519693 1.73956e-08 0)
(0.0519693 4.77413e-09 0)
(0.0519693 -3.58186e-09 0)
(0.0519693 -8.8453e-09 0)
(0.0519694 -1.18983e-08 0)
(0.0519694 -1.33998e-08 0)
(0.0519694 -1.38376e-08 0)
(0.0519694 -1.357e-08 0)
(0.0519694 -1.28566e-08 0)
(0.0519694 -1.18832e-08 0)
(0.0519694 -1.07805e-08 0)
(0.0519694 -9.63784e-09 0)
(0.0519694 -8.51493e-09 0)
(0.0519694 -7.44943e-09 0)
(0.0519694 -6.46349e-09 0)
(0.0519694 -5.56824e-09 0)
(0.0519694 -4.76731e-09 0)
(0.0519694 -4.05925e-09 0)
(0.0519694 -3.43947e-09 0)
(0.0519693 -2.90145e-09 0)
(0.0519693 -2.43776e-09 0)
(0.0519693 -2.04059e-09 0)
(0.0519693 -1.7023e-09 0)
(0.0519693 -1.41556e-09 0)
(0.0519693 -1.17359e-09 0)
(0.0519693 -9.70241e-10 0)
(0.0519693 -7.99973e-10 0)
(0.0519693 -6.57893e-10 0)
(0.0519693 -5.39715e-10 0)
(0.0519693 -4.41707e-10 0)
(0.0519693 -3.60656e-10 0)
(0.0519693 -2.93804e-10 0)
(0.0519693 -2.38801e-10 0)
(0.0519693 -1.93658e-10 0)
(0.0519693 -1.56691e-10 0)
(0.0519693 -1.26492e-10 0)
(0.0519693 -1.01879e-10 0)
(0.0519693 -8.18665e-11 0)
(0.0519693 -6.5633e-11 0)
(0.0519693 -5.24979e-11 0)
(0.0519693 -4.1893e-11 0)
(0.0519693 -3.3351e-11 0)
(0.0519693 -2.64832e-11 0)
(0.0519693 -2.09698e-11 0)
(0.0519693 -1.65518e-11 0)
(0.0519693 -1.30176e-11 0)
(0.0519693 -1.0197e-11 0)
(0.0519693 -7.95262e-12 0)
(0.0519693 -6.17205e-12 0)
(0.0519693 -4.764e-12 0)
(0.0519693 -3.65512e-12 0)
(0.0519693 -2.78491e-12 0)
(0.0519693 -2.10633e-12 0)
(0.0519693 -1.58372e-12 0)
(0.0519693 -1.18508e-12 0)
(0.0519693 -8.86052e-13 0)
(0.0519693 -6.6535e-13 0)
(0.0519693 -5.04539e-13 0)
(0.0519693 -3.88398e-13 0)
(0.0519693 -3.0586e-13 0)
(0.0519693 -2.48038e-13 0)
(0.0519693 -2.09093e-13 0)
(0.0519693 -1.83136e-13 0)
(0.0519693 -1.67998e-13 0)
(0.0519693 -1.57612e-13 0)
(0.0519693 -1.47792e-13 0)
(0.0519693 -1.34416e-13 0)
(0.0519693 -1.13542e-13 0)
(0.0519693 -8.70201e-14 0)
(0.0519693 -5.4848e-14 0)
(0.0519693 -2.06447e-14 0)
(0.0519693 1.2752e-14 0)
(0.0519693 4.43291e-14 0)
(0.0519693 6.96976e-14 0)
(0.0519693 8.86223e-14 0)
(0.0519693 1.00131e-13 0)
(0.0519693 1.02304e-13 0)
(0.0519693 9.44439e-14 0)
(0.0519693 7.49147e-14 0)
(0.0519693 4.46335e-14 0)
(0.0519693 5.07613e-15 0)
(0.0519693 -3.92817e-14 0)
(0.0519693 -8.45598e-14 0)
(0.0519693 -1.24327e-13 0)
(0.0519693 -1.52927e-13 0)
(0.0519693 -1.67844e-13 0)
(0.0519693 -1.68073e-13 0)
(0.0519693 -1.52542e-13 0)
(0.0519693 -1.24728e-13 0)
(0.0519693 -8.68538e-14 0)
(0.0519693 -4.42647e-14 0)
(0.0519693 -3.44361e-17 0)
(0.0519693 3.99187e-14 0)
(0.0519693 7.24736e-14 0)
(0.0519693 9.54763e-14 0)
(0.0519693 1.06788e-13 0)
(0.0519693 1.06957e-13 0)
(0.0519693 9.81919e-14 0)
(0.0519693 8.23615e-14 0)
(0.0519693 6.3253e-14 0)
(0.0519693 4.3244e-14 0)
(0.0519693 2.62565e-14 0)
(0.0519693 1.36255e-14 0)
(0.0519693 7.77352e-15 0)
(0.0519693 9.00889e-15 0)
(0.0519693 1.631e-14 0)
(0.0519693 3.00299e-14 0)
(0.0519693 4.78777e-14 0)
(0.0519693 6.87343e-14 0)
(0.0519693 8.836e-14 0)
(0.0519693 1.0335e-13 0)
(0.0519693 1.10074e-13 0)
(0.0519693 1.01989e-13 0)
(0.0519693 7.38158e-14 0)
(0.0519693 1.63829e-14 0)
(0.0519693 -7.95918e-14 0)
(0.0519693 -2.29699e-13 0)
(0.0519693 -4.5683e-13 0)
(0.0519693 -7.92123e-13 0)
(0.0519693 -1.29107e-12 0)
(0.0519693 -2.00585e-12 0)
(0.0519693 -3.12853e-12 0)
(0.0519693 -4.60761e-12 0)
(0.0519693 -7.14637e-12 0)
(0.0519693 -1.08766e-11 0)
(0.0519693 -1.42094e-11 0)
(0.0519693 -2.99819e-11 0)
(0.0519693 -3.36566e-11 0)
(0.086911 -0.0016376 0)
(0.0856913 -0.00202471 0)
(0.0841912 -0.00244098 0)
(0.0823745 -0.00288676 0)
(0.0801903 -0.00336241 0)
(0.0775631 -0.0038572 0)
(0.074386 -0.00434333 0)
(0.0705227 -0.00477961 0)
(0.0658263 -0.00511656 0)
(0.0601894 -0.00528223 0)
(0.0536517 -0.00515006 0)
(0.0465418 -0.00457415 0)
(0.0394753 -0.00356199 0)
(0.0330585 -0.00239553 0)
(0.0275902 -0.00147014 0)
(0.0231401 -0.00101118 0)
(0.0197412 -0.000944595 0)
(0.017362 -0.000996824 0)
(0.0158434 -0.000914043 0)
(0.0149816 -0.000597335 0)
(0.0146442 -8.57092e-05 0)
(0.0147943 0.000524514 0)
(0.0154411 0.0011455 0)
(0.0165865 0.00172298 0)
(0.0182004 0.00222561 0)
(0.0202156 0.00262574 0)
(0.0225296 0.002893 0)
(0.0250106 0.00300134 0)
(0.0275088 0.00294102 0)
(0.0298763 0.00272752 0)
(0.0319914 0.00240108 0)
(0.0337793 0.00201589 0)
(0.0352176 0.0016246 0)
(0.036328 0.00126634 0)
(0.037159 0.000962506 0)
(0.0377686 0.000719138 0)
(0.0382118 0.000532182 0)
(0.0385342 0.000392685 0)
(0.0387707 0.000290486 0)
(0.0389465 0.000216278 0)
(0.0390792 0.000162449 0)
(0.0391808 0.000123192 0)
(0.0392596 9.42791e-05 0)
(0.0393212 7.2719e-05 0)
(0.0393699 5.64318e-05 0)
(0.0394084 4.39785e-05 0)
(0.0394389 3.4359e-05 0)
(0.0394631 2.687e-05 0)
(0.0394824 2.10075e-05 0)
(0.0394976 1.64029e-05 0)
(0.0395096 1.27807e-05 0)
(0.0395191 9.93083e-06 0)
(0.0395266 7.6908e-06 0)
(0.0395324 5.93328e-06 0)
(0.039537 4.55772e-06 0)
(0.0395406 3.48428e-06 0)
(0.0395433 2.64943e-06 0)
(0.0395455 2.00257e-06 0)
(0.0395471 1.50343e-06 0)
(0.0395484 1.11998e-06 0)
(0.0395493 8.26866e-07 0)
(0.03955 6.04001e-07 0)
(0.0395506 4.35563e-07 0)
(0.039551 3.09115e-07 0)
(0.0395513 2.14916e-07 0)
(0.0395515 1.45362e-07 0)
(0.0395517 9.45442e-08 0)
(0.0395518 5.78833e-08 0)
(0.0395519 3.18496e-08 0)
(0.039552 1.37327e-08 0)
(0.039552 1.46206e-09 0)
(0.039552 -6.53606e-09 0)
(0.039552 -1.14507e-08 0)
(0.039552 -1.41742e-08 0)
(0.039552 -1.53716e-08 0)
(0.039552 -1.55339e-08 0)
(0.039552 -1.502e-08 0)
(0.039552 -1.40892e-08 0)
(0.039552 -1.29257e-08 0)
(0.039552 -1.16581e-08 0)
(0.039552 -1.03735e-08 0)
(0.039552 -9.1292e-09 0)
(0.039552 -7.96048e-09 0)
(0.039552 -6.8872e-09 0)
(0.039552 -5.91841e-09 0)
(0.039552 -5.0558e-09 0)
(0.039552 -4.29622e-09 0)
(0.039552 -3.63356e-09 0)
(0.039552 -3.05999e-09 0)
(0.039552 -2.56689e-09 0)
(0.039552 -2.1455e-09 0)
(0.039552 -1.7873e-09 0)
(0.039552 -1.48424e-09 0)
(0.039552 -1.22894e-09 0)
(0.039552 -1.01471e-09 0)
(0.039552 -8.35595e-10 0)
(0.039552 -6.86341e-10 0)
(0.039552 -5.62357e-10 0)
(0.039552 -4.59667e-10 0)
(0.039552 -3.74852e-10 0)
(0.039552 -3.04987e-10 0)
(0.039552 -2.4758e-10 0)
(0.039552 -2.00526e-10 0)
(0.039552 -1.6205e-10 0)
(0.039552 -1.30659e-10 0)
(0.039552 -1.05108e-10 0)
(0.039552 -8.43548e-11 0)
(0.039552 -6.75368e-11 0)
(0.039552 -5.39389e-11 0)
(0.039552 -4.29695e-11 0)
(0.039552 -3.41425e-11 0)
(0.039552 -2.70575e-11 0)
(0.039552 -2.13846e-11 0)
(0.039552 -1.68531e-11 0)
(0.039552 -1.32405e-11 0)
(0.039552 -1.03655e-11 0)
(0.039552 -8.08301e-12 0)
(0.039552 -6.27438e-12 0)
(0.039552 -4.84562e-12 0)
(0.039552 -3.71949e-12 0)
(0.039552 -2.8382e-12 0)
(0.039552 -2.14926e-12 0)
(0.039552 -1.61375e-12 0)
(0.039552 -1.19739e-12 0)
(0.039552 -8.7923e-13 0)
(0.039552 -6.38479e-13 0)
(0.039552 -4.5728e-13 0)
(0.039552 -3.25288e-13 0)
(0.039552 -2.27926e-13 0)
(0.039552 -1.60207e-13 0)
(0.039552 -1.13781e-13 0)
(0.039552 -8.2464e-14 0)
(0.039552 -6.17283e-14 0)
(0.039552 -4.70416e-14 0)
(0.039552 -3.94294e-14 0)
(0.039552 -3.46528e-14 0)
(0.039552 -3.10007e-14 0)
(0.039552 -2.76846e-14 0)
(0.039552 -2.11858e-14 0)
(0.039552 -1.40919e-14 0)
(0.039552 -6.65018e-15 0)
(0.039552 2.02447e-15 0)
(0.039552 1.09031e-14 0)
(0.039552 1.95762e-14 0)
(0.039552 2.78752e-14 0)
(0.039552 3.51446e-14 0)
(0.039552 4.08953e-14 0)
(0.039552 4.236e-14 0)
(0.039552 3.91331e-14 0)
(0.039552 3.16059e-14 0)
(0.039552 1.92213e-14 0)
(0.039552 4.04758e-15 0)
(0.039552 -1.2459e-14 0)
(0.039552 -2.62791e-14 0)
(0.039552 -3.71868e-14 0)
(0.039552 -4.44947e-14 0)
(0.039552 -4.76984e-14 0)
(0.039552 -4.85873e-14 0)
(0.039552 -4.51672e-14 0)
(0.039552 -4.01945e-14 0)
(0.039552 -3.29961e-14 0)
(0.039552 -2.36873e-14 0)
(0.039552 -1.18725e-14 0)
(0.039552 3.68519e-16 0)
(0.039552 1.29795e-14 0)
(0.039552 2.40693e-14 0)
(0.039552 3.34712e-14 0)
(0.039552 4.04427e-14 0)
(0.039552 4.2917e-14 0)
(0.039552 4.20548e-14 0)
(0.039552 3.76199e-14 0)
(0.039552 3.18341e-14 0)
(0.039552 2.44315e-14 0)
(0.039552 1.65574e-14 0)
(0.039552 1.00735e-14 0)
(0.039552 4.00525e-15 0)
(0.039552 3.11343e-15 0)
(0.039552 5.56975e-15 0)
(0.039552 1.07336e-14 0)
(0.039552 1.94261e-14 0)
(0.039552 2.84057e-14 0)
(0.039552 3.77296e-14 0)
(0.039552 4.33239e-14 0)
(0.039552 3.81376e-14 0)
(0.039552 2.31713e-14 0)
(0.039552 -1.12663e-14 0)
(0.039552 -6.55611e-14 0)
(0.039552 -1.49393e-13 0)
(0.039552 -2.76644e-13 0)
(0.039552 -4.61588e-13 0)
(0.039552 -7.32969e-13 0)
(0.039552 -1.13358e-12 0)
(0.039552 -1.71256e-12 0)
(0.039552 -2.58838e-12 0)
(0.039552 -4.01979e-12 0)
(0.039552 -5.50997e-12 0)
(0.039552 -1.06826e-11 0)
(0.039552 -1.03921e-11 0)
(0.039552 -2.938e-11 0)
(0.039552 -3.60142e-11 0)
(0.0305065 -0.000565759 0)
(0.0291648 -0.000662288 0)
(0.0275738 -0.00074488 0)
(0.025727 -0.000810558 0)
(0.0236229 -0.000843337 0)
(0.0212906 -0.000803436 0)
(0.0188146 -0.00064173 0)
(0.0163196 -0.000340831 0)
(0.0139144 4.74066e-05 0)
(0.0116402 0.000394928 0)
(0.0094799 0.000536398 0)
(0.00743972 0.000372376 0)
(0.00560288 -2.04667e-05 0)
(0.00406132 -0.000424862 0)
(0.00282089 -0.00065681 0)
(0.00180359 -0.000671139 0)
(0.000925824 -0.000530225 0)
(0.000164825 -0.000335238 0)
(-0.000440817 -0.000170491 0)
(-0.000831127 -6.70018e-05 0)
(-0.000954663 -5.00828e-06 0)
(-0.000778029 5.21477e-05 0)
(-0.000286567 0.00012794 0)
(0.000517125 0.000224957 0)
(0.00161278 0.000331839 0)
(0.00295932 0.000432345 0)
(0.00449287 0.000511331 0)
(0.00612955 0.000557902 0)
(0.00777452 0.000567176 0)
(0.00933597 0.000541049 0)
(0.0107402 0.000487345 0)
(0.0119419 0.000417233 0)
(0.0129264 0.000341949 0)
(0.0137041 0.000270294 0)
(0.0143012 0.00020763 0)
(0.0147503 0.000156147 0)
(0.0150839 0.000115777 0)
(0.0153302 8.51858e-05 0)
(0.0155121 6.2547e-05 0)
(0.0156472 4.60368e-05 0)
(0.0157482 3.40764e-05 0)
(0.0158244 2.54117e-05 0)
(0.0158824 1.9101e-05 0)
(0.015927 1.44637e-05 0)
(0.0159615 1.10193e-05 0)
(0.0159882 8.43248e-06 0)
(0.016009 6.47033e-06 0)
(0.0160253 4.96973e-06 0)
(0.0160379 3.81512e-06 0)
(0.0160478 2.92325e-06 0)
(0.0160555 2.23299e-06 0)
(0.0160614 1.69862e-06 0)
(0.016066 1.28541e-06 0)
(0.0160695 9.66627e-07 0)
(0.0160722 7.21506e-07 0)
(0.0160743 5.33807e-07 0)
(0.0160759 3.90792e-07 0)
(0.016077 2.82451e-07 0)
(0.0160779 2.00924e-07 0)
(0.0160786 1.40044e-07 0)
(0.016079 9.49887e-08 0)
(0.0160794 6.19963e-08 0)
(0.0160796 3.81435e-08 0)
(0.0160798 2.11687e-08 0)
(0.0160799 9.32965e-09 0)
(0.01608 1.29129e-09 0)
(0.01608 -3.96393e-09 0)
(0.0160801 -7.20676e-09 0)
(0.0160801 -9.01705e-09 0)
(0.0160801 -9.82768e-09 0)
(0.0160801 -9.95893e-09 0)
(0.0160801 -9.64534e-09 0)
(0.0160801 -9.05648e-09 0)
(0.0160801 -8.31313e-09 0)
(0.01608 -7.49959e-09 0)
(0.01608 -6.67321e-09 0)
(0.01608 -5.8716e-09 0)
(0.01608 -5.11808e-09 0)
(0.01608 -4.42583e-09 0)
(0.01608 -3.8009e-09 0)
(0.01608 -3.24452e-09 0)
(0.01608 -2.75475e-09 0)
(0.01608 -2.32765e-09 0)
(0.01608 -1.95819e-09 0)
(0.01608 -1.64078e-09 0)
(0.01608 -1.36974e-09 0)
(0.01608 -1.13954e-09 0)
(0.01608 -9.44964e-10 0)
(0.01608 -7.81225e-10 0)
(0.01608 -6.43985e-10 0)
(0.01608 -5.29381e-10 0)
(0.01608 -4.34009e-10 0)
(0.01608 -3.54899e-10 0)
(0.01608 -2.89477e-10 0)
(0.01608 -2.3553e-10 0)
(0.01608 -1.91169e-10 0)
(0.01608 -1.54785e-10 0)
(0.01608 -1.2502e-10 0)
(0.01608 -1.00731e-10 0)
(0.01608 -8.09596e-11 0)
(0.01608 -6.49045e-11 0)
(0.01608 -5.19016e-11 0)
(0.01608 -4.13952e-11 0)
(0.01608 -3.29258e-11 0)
(0.01608 -2.61159e-11 0)
(0.01608 -2.06515e-11 0)
(0.01608 -1.628e-11 0)
(0.01608 -1.27893e-11 0)
(0.01608 -1.00099e-11 0)
(0.01608 -7.80505e-12 0)
(0.01608 -6.06133e-12 0)
(0.01608 -4.68459e-12 0)
(0.01608 -3.60297e-12 0)
(0.01608 -2.75584e-12 0)
(0.01608 -2.0937e-12 0)
(0.01608 -1.57946e-12 0)
(0.01608 -1.17939e-12 0)
(0.01608 -8.71921e-13 0)
(0.01608 -6.38283e-13 0)
(0.01608 -4.61808e-13 0)
(0.01608 -3.26026e-13 0)
(0.01608 -2.23132e-13 0)
(0.01608 -1.46055e-13 0)
(0.01608 -8.93683e-14 0)
(0.01608 -4.73978e-14 0)
(0.01608 -1.73663e-14 0)
(0.01608 3.02988e-15 0)
(0.01608 1.51646e-14 0)
(0.01608 2.11436e-14 0)
(0.01608 2.54076e-14 0)
(0.01608 2.74801e-14 0)
(0.01608 2.78144e-14 0)
(0.01608 2.64146e-14 0)
(0.01608 2.26636e-14 0)
(0.01608 2.00817e-14 0)
(0.01608 1.80342e-14 0)
(0.01608 1.65908e-14 0)
(0.01608 1.50198e-14 0)
(0.01608 1.27731e-14 0)
(0.01608 1.14352e-14 0)
(0.01608 9.27499e-15 0)
(0.01608 6.42545e-15 0)
(0.01608 2.95944e-15 0)
(0.01608 5.93394e-16 0)
(0.01608 -8.73869e-16 0)
(0.01608 -1.70061e-15 0)
(0.01608 -7.88542e-16 0)
(0.01608 1.37078e-15 0)
(0.01608 3.33914e-15 0)
(0.01608 4.87388e-15 0)
(0.01608 6.08247e-15 0)
(0.01608 7.16448e-15 0)
(0.01608 7.38792e-15 0)
(0.01608 6.9296e-15 0)
(0.01608 6.54123e-15 0)
(0.01608 4.34418e-15 0)
(0.01608 3.03519e-15 0)
(0.01608 1.98111e-16 0)
(0.01608 -2.20394e-15 0)
(0.01608 -5.40866e-15 0)
(0.01608 -8.07564e-15 0)
(0.01608 -9.57896e-15 0)
(0.01608 -1.08918e-14 0)
(0.01608 -8.34864e-15 0)
(0.01608 -5.07098e-15 0)
(0.01608 -1.60788e-15 0)
(0.01608 1.75313e-15 0)
(0.01608 4.19956e-15 0)
(0.01608 7.372e-15 0)
(0.01608 8.79528e-15 0)
(0.01608 7.8231e-15 0)
(0.01608 6.24859e-15 0)
(0.01608 3.93001e-15 0)
(0.01608 2.04219e-15 0)
(0.01608 -1.60665e-15 0)
(0.01608 -2.74236e-15 0)
(0.01608 -3.59486e-15 0)
(0.01608 -3.99557e-15 0)
(0.01608 -1.36432e-15 0)
(0.01608 -4.27565e-16 0)
(0.01608 1.28475e-15 0)
(0.01608 3.55554e-16 0)
(0.01608 -3.9635e-15 0)
(0.01608 -9.05972e-15 0)
(0.01608 -2.07131e-14 0)
(0.01608 -3.72014e-14 0)
(0.01608 -6.16297e-14 0)
(0.01608 -9.71233e-14 0)
(0.01608 -1.43737e-13 0)
(0.01608 -2.13314e-13 0)
(0.01608 -3.11321e-13 0)
(0.01608 -4.58017e-13 0)
(0.01608 -6.79344e-13 0)
(0.01608 -9.83159e-13 0)
(0.01608 -1.63099e-12 0)
(0.01608 -1.98074e-12 0)
(0.01608 -4.69895e-12 0)
(0.01608 -3.79216e-12 0)
(0.01608 -1.29041e-11 0)
(0.01608 -1.52745e-11 0)
)
;

boundaryField
{
    inlet
    {
        type            fixedProfile;
        profile         table
        
21
(
(0 (0 0 0))
(0.05 (0.0285 0 0))
(0.1 (0.054 0 0))
(0.15 (0.0765 0 0))
(0.2 (0.096 0 0))
(0.25 (0.1125 0 0))
(0.3 (0.126 0 0))
(0.35 (0.1365 0 0))
(0.4 (0.144 0 0))
(0.45 (0.1485 0 0))
(0.5 (0.15 0 0))
(0.55 (0.1485 0 0))
(0.6 (0.144 0 0))
(0.65 (0.1365 0 0))
(0.7 (0.126 0 0))
(0.75 (0.1125 0 0))
(0.8 (0.096 0 0))
(0.85 (0.0765 0 0))
(0.9 (0.054 0 0))
(0.95 (0.0285 0 0))
(1 (0 0 0))
)
;
        direction       (0 1 0);
        origin          1;
        value           nonuniform List<vector> 8((0.034875 0 0) (0.091125 0 0) (0.128625 0 0) (0.147375 0 0) (0.147375 0 0) (0.128625 0 0) (0.091125 0 0) (0.034875 0 0));
    }
    outlet
    {
        type            zeroGradient;
    }
    walls
    {
        type            noSlip;
    }
    symwall
    {
        type            empty;
    }
}


// ************************************************************************* //
