/*--------------------------------*- C++ -*----------------------------------*\
| =========                 |                                                 |
| \\      /  F ield         | OpenFOAM: The Open Source CFD Toolbox           |
|  \\    /   O peration     | Version:  4.1                                   |
|   \\  /    A nd           | Web:      www.OpenFOAM.org                      |
|    \\/     M anipulation  |                                                 |
\*---------------------------------------------------------------------------*/
FoamFile
{
    version     2.0;
    format      ascii;
    class       volVectorField;
    location    "236";
    object      U;
}
// * * * * * * * * * * * * * * * * * * * * * * * * * * * * * * * * * * * * * //

dimensions      [0 1 -1 0 0 0 0];

internalField   nonuniform List<vector> 
3264
(
(-1.39153e-06 -1.15378e-06 0)
(-0.000120235 2.78191e-05 0)
(-0.000359823 4.51137e-05 0)
(-0.000631518 4.69899e-05 0)
(-0.000919536 4.8141e-05 0)
(-0.00121398 4.6708e-05 0)
(-0.00150942 4.71322e-05 0)
(-0.0018084 4.70153e-05 0)
(-0.00210775 4.76478e-05 0)
(-0.00241029 4.82225e-05 0)
(-0.00271585 4.93101e-05 0)
(-0.00302745 5.08387e-05 0)
(-0.00334707 5.31655e-05 0)
(-0.00367803 5.64571e-05 0)
(-0.00402325 6.09908e-05 0)
(-0.0043859 6.69666e-05 0)
(-0.00476866 7.45707e-05 0)
(-0.00517372 8.39036e-05 0)
(-0.00560236 9.4971e-05 0)
(-0.00605474 0.000107643 0)
(-0.00652963 0.000121636 0)
(-0.00702424 0.000136496 0)
(-0.00753407 0.000151609 0)
(-0.00805292 0.000166226 0)
(-0.00857291 0.000179507 0)
(-0.00908469 0.000190582 0)
(-0.00957771 0.000198616 0)
(-0.0100406 0.00020287 0)
(-0.0104614 0.000202753 0)
(-0.0108283 0.000197854 0)
(-0.0111297 0.000187957 0)
(-0.0113548 0.000173044 0)
(-0.0114938 0.000153282 0)
(-0.0115384 0.000128999 0)
(-0.0114814 0.000100659 0)
(-0.0113177 6.88376e-05 0)
(-0.0110435 3.41957e-05 0)
(-0.010657 -2.54327e-06 0)
(-0.0101582 -4.06125e-05 0)
(-0.00954888 -7.92194e-05 0)
(-0.00883235 -0.00011756 0)
(-0.0080138 -0.000154832 0)
(-0.00709999 -0.000190246 0)
(-0.00609923 -0.000223041 0)
(-0.00502129 -0.000252492 0)
(-0.00387732 -0.000277927 0)
(-0.0026797 -0.00029874 0)
(-0.00144195 -0.000314408 0)
(-0.000178511 -0.000324511 0)
(0.0010954 -0.000328745 0)
(0.00236404 -0.000326944 0)
(0.00361135 -0.000319097 0)
(0.0048213 -0.000305359 0)
(0.00597813 -0.000286065 0)
(0.00706673 -0.000261732 0)
(0.00807296 -0.000233059 0)
(0.00898401 -0.000200915 0)
(0.00978875 -0.000166323 0)
(0.010478 -0.000130431 0)
(0.011045 -9.44723e-05 0)
(0.0114855 -5.97191e-05 0)
(0.0117978 -2.74191e-05 0)
(0.0119835 1.27992e-06 0)
(0.0120467 2.54192e-05 0)
(0.0119946 4.43277e-05 0)
(0.0118369 5.77183e-05 0)
(0.0115856 6.57623e-05 0)
(0.0112547 6.91128e-05 0)
(0.010859 6.88476e-05 0)
(0.0104142 6.63096e-05 0)
(0.00993583 6.28559e-05 0)
(0.0094389 5.95657e-05 0)
(0.00893711 5.70036e-05 0)
(0.00844246 5.51363e-05 0)
(0.00796474 5.34555e-05 0)
(0.00751115 5.12639e-05 0)
(0.00708629 4.80037e-05 0)
(0.00669241 4.34952e-05 0)
(0.0063301 3.80177e-05 0)
(0.0059988 3.22319e-05 0)
(0.00569725 2.69868e-05 0)
(0.00542354 2.30699e-05 0)
(0.00517509 2.09815e-05 0)
(0.00494874 2.08172e-05 0)
(0.00474101 2.2305e-05 0)
(0.00454845 2.49624e-05 0)
(0.00436804 2.82816e-05 0)
(0.00419739 3.18531e-05 0)
(0.00403497 3.53947e-05 0)
(0.00388021 3.87106e-05 0)
(0.00373357 4.16302e-05 0)
(0.00359651 4.39637e-05 0)
(0.00347136 4.54918e-05 0)
(0.0033612 4.59801e-05 0)
(0.00326957 4.52085e-05 0)
(0.0032003 4.30006e-05 0)
(0.00315723 3.92469e-05 0)
(0.00314401 3.39183e-05 0)
(0.00316389 2.70685e-05 0)
(0.00321955 1.88303e-05 0)
(0.00331296 9.40498e-06 0)
(0.00344531 -9.51235e-07 0)
(0.00361686 -1.19416e-05 0)
(0.00382699 -2.32443e-05 0)
(0.00407414 -3.45264e-05 0)
(0.00435584 -4.54583e-05 0)
(0.0046688 -5.57257e-05 0)
(0.00500889 -6.5042e-05 0)
(0.00537135 -7.31583e-05 0)
(0.00575083 -7.98725e-05 0)
(0.00614155 -8.50365e-05 0)
(0.00653748 -8.85609e-05 0)
(0.00693248 -9.04166e-05 0)
(0.00732054 -9.06335e-05 0)
(0.00769588 -8.92957e-05 0)
(0.00805323 -8.65338e-05 0)
(0.00838794 -8.25146e-05 0)
(0.00869613 -7.74304e-05 0)
(0.00897481 -7.1488e-05 0)
(0.00922195 -6.48994e-05 0)
(0.00943647 -5.78737e-05 0)
(0.00961826 -5.06118e-05 0)
(0.00976805 -4.33024e-05 0)
(0.00988735 -3.61183e-05 0)
(0.00997831 -2.92144e-05 0)
(0.0100436 -2.27242e-05 0)
(0.0100861 -1.6758e-05 0)
(0.010109 -1.14014e-05 0)
(0.0101157 -6.71511e-06 0)
(0.0101093 -2.73531e-06 0)
(0.010093 5.24661e-07 0)
(0.0100697 3.07263e-06 0)
(0.0100419 4.93563e-06 0)
(0.010012 6.158e-06 0)
(0.00998199 6.79925e-06 0)
(0.00995349 6.93158e-06 0)
(0.00992772 6.63681e-06 0)
(0.00990558 6.00277e-06 0)
(0.00988763 5.11933e-06 0)
(0.00987414 4.07432e-06 0)
(0.00986508 2.94974e-06 0)
(0.00986024 1.81851e-06 0)
(0.00985923 7.42056e-07 0)
(0.00986154 -2.31207e-07 0)
(0.00986656 -1.06648e-06 0)
(0.00987368 -1.74226e-06 0)
(0.00988228 -2.24936e-06 0)
(0.00989177 -2.58931e-06 0)
(0.00990164 -2.77239e-06 0)
(0.00991143 -2.81553e-06 0)
(0.00992077 -2.74014e-06 0)
(0.00992939 -2.57008e-06 0)
(0.00993708 -2.32983e-06 0)
(0.00994372 -2.04304e-06 0)
(0.00994928 -1.73132e-06 0)
(0.00995375 -1.41343e-06 0)
(0.00995719 -1.10482e-06 0)
(0.00995968 -8.17398e-07 0)
(0.00996135 -5.59637e-07 0)
(0.00996231 -3.36779e-07 0)
(0.00996269 -1.51248e-07 0)
(0.00996261 -3.11093e-09 0)
(0.00996219 1.09414e-07 0)
(0.00996153 1.89457e-07 0)
(0.00996073 2.4103e-07 0)
(0.00995985 2.68608e-07 0)
(0.00995896 2.76791e-07 0)
(0.0099581 2.7003e-07 0)
(0.0099573 2.52426e-07 0)
(0.00995658 2.27599e-07 0)
(0.00995596 1.9862e-07 0)
(0.00995544 1.67979e-07 0)
(0.00995501 1.37609e-07 0)
(0.00995468 1.0892e-07 0)
(0.00995442 8.28648e-08 0)
(0.00995424 6.00085e-08 0)
(0.00995411 4.06e-08 0)
(0.00995404 2.46449e-08 0)
(0.009954 1.19715e-08 0)
(0.00995399 2.28798e-09 0)
(0.009954 -4.76877e-09 0)
(0.00995403 -9.59394e-09 0)
(0.00995407 -1.2585e-08 0)
(0.00995411 -1.41199e-08 0)
(0.00995416 -1.45428e-08 0)
(0.0099542 -1.41555e-08 0)
(0.00995424 -1.32138e-08 0)
(0.00995428 -1.19275e-08 0)
(0.00995431 -1.04626e-08 0)
(0.00995433 -8.94562e-09 0)
(0.00995436 -7.46873e-09 0)
(0.00995438 -6.09487e-09 0)
(0.00995439 -4.86322e-09 0)
(0.0099544 -3.79418e-09 0)
(0.00995441 -2.89312e-09 0)
(0.00995442 -2.15478e-09 0)
(0.00995442 -1.56395e-09 0)
(0.00995442 -1.09771e-09 0)
(0.00995443 -7.15812e-10 0)
(0.00995443 -4.35571e-10 0)
(-7.93274e-05 0.000122514 0)
(-0.000555584 0.000351252 0)
(-0.00125544 0.000488142 0)
(-0.00200856 0.000535762 0)
(-0.00277635 0.000561862 0)
(-0.00354439 0.000569318 0)
(-0.00430017 0.000576455 0)
(-0.00504904 0.000579526 0)
(-0.00578655 0.000583916 0)
(-0.00651841 0.0005894 0)
(-0.0072455 0.000598403 0)
(-0.00797285 0.000611585 0)
(-0.0087033 0.000629912 0)
(-0.00944044 0.000653573 0)
(-0.0101861 0.000682432 0)
(-0.0109412 0.00071578 0)
(-0.0117046 0.00075242 0)
(-0.0124729 0.000790629 0)
(-0.0132408 0.000828228 0)
(-0.0140003 0.000862642 0)
(-0.0147416 0.00089103 0)
(-0.0154525 0.000910434 0)
(-0.0161196 0.000917945 0)
(-0.0167282 0.000910888 0)
(-0.0172631 0.000886979 0)
(-0.0177089 0.000844457 0)
(-0.0180509 0.00078218 0)
(-0.018275 0.000699661 0)
(-0.0183686 0.000597072 0)
(-0.0183206 0.000475193 0)
(-0.0181216 0.000335353 0)
(-0.017764 0.000179335 0)
(-0.0172423 9.29028e-06 0)
(-0.016553 -0.000172351 0)
(-0.0156945 -0.000362957 0)
(-0.014667 -0.000559762 0)
(-0.0134728 -0.000759921 0)
(-0.0121159 -0.00096055 0)
(-0.0106021 -0.00115876 0)
(-0.00893891 -0.0013517 0)
(-0.00713536 -0.00153654 0)
(-0.00520219 -0.00171053 0)
(-0.00315163 -0.00187102 0)
(-0.000997342 -0.00201543 0)
(0.0012456 -0.00214134 0)
(0.00356084 -0.00224649 0)
(0.00593078 -0.00232881 0)
(0.00833674 -0.00238647 0)
(0.010759 -0.00241793 0)
(0.0131772 -0.00242199 0)
(0.0155703 -0.00239785 0)
(0.0179167 -0.00234516 0)
(0.0201948 -0.00226404 0)
(0.0223833 -0.00215518 0)
(0.0244611 -0.00201982 0)
(0.0264079 -0.00185977 0)
(0.0282045 -0.00167743 0)
(0.0298332 -0.00147573 0)
(0.0312775 -0.00125816 0)
(0.0325233 -0.00102862 0)
(0.0335582 -0.000791458 0)
(0.0343725 -0.000551334 0)
(0.0349589 -0.000313152 0)
(0.035313 -8.19551e-05 0)
(0.0354334 0.000137197 0)
(0.0353222 0.000339378 0)
(0.0349852 0.000519976 0)
(0.0344323 0.000674903 0)
(0.0336778 0.000800838 0)
(0.0327408 0.000895492 0)
(0.0316452 0.0009579 0)
(0.0304192 0.000988704 0)
(0.0290946 0.000990383 0)
(0.0277054 0.000967283 0)
(0.0262862 0.000925295 0)
(0.0248697 0.000871069 0)
(0.0234858 0.00081089 0)
(0.0221594 0.000749594 0)
(0.0209099 0.000690015 0)
(0.0197505 0.000633227 0)
(0.0186883 0.000579381 0)
(0.0177247 0.000528579 0)
(0.0168568 0.000481312 0)
(0.0160788 0.000438372 0)
(0.0153838 0.000400478 0)
(0.0147648 0.000367927 0)
(0.0142152 0.000340399 0)
(0.0137297 0.000316932 0)
(0.0133043 0.000296009 0)
(0.012936 0.000275752 0)
(0.0126237 0.000254165 0)
(0.0123676 0.000229384 0)
(0.0121689 0.000199871 0)
(0.0120303 0.000164533 0)
(0.0119546 0.000122756 0)
(0.011945 7.4386e-05 0)
(0.0120047 1.96902e-05 0)
(0.0121361 -4.07063e-05 0)
(0.0123411 -0.000105877 0)
(0.0126206 -0.000174654 0)
(0.0129742 -0.000245679 0)
(0.0134007 -0.000317464 0)
(0.0138974 -0.000388438 0)
(0.0144606 -0.000457 0)
(0.0150854 -0.000521559 0)
(0.0157655 -0.000580585 0)
(0.0164939 -0.000632647 0)
(0.0172625 -0.000676452 0)
(0.0180623 -0.000710891 0)
(0.0188837 -0.000735073 0)
(0.0197164 -0.000748364 0)
(0.02055 -0.000750426 0)
(0.0213736 -0.000741241 0)
(0.0221766 -0.000721132 0)
(0.0229487 -0.000690771 0)
(0.0236802 -0.000651164 0)
(0.0243624 -0.000603626 0)
(0.0249875 -0.000549721 0)
(0.0255496 -0.000491198 0)
(0.0260442 -0.000429895 0)
(0.0264687 -0.000367651 0)
(0.0268226 -0.000306208 0)
(0.0271072 -0.000247129 0)
(0.0273259 -0.000191738 0)
(0.0274833 -0.000141082 0)
(0.0275857 -9.59182e-05 0)
(0.0276403 -5.67212e-05 0)
(0.0276547 -2.3709e-05 0)
(0.0276368 3.12653e-06 0)
(0.0275943 2.39841e-05 0)
(0.0275346 3.92192e-05 0)
(0.0274642 4.93113e-05 0)
(0.0273889 5.48335e-05 0)
(0.0273135 5.64236e-05 0)
(0.0272419 5.47569e-05 0)
(0.0271769 5.05192e-05 0)
(0.0271208 4.43828e-05 0)
(0.0270745 3.69841e-05 0)
(0.0270387 2.89048e-05 0)
(0.0270134 2.06569e-05 0)
(0.0269978 1.26714e-05 0)
(0.026991 5.29254e-06 0)
(0.026992 -1.22413e-06 0)
(0.0269992 -6.70953e-06 0)
(0.0270114 -1.10748e-05 0)
(0.0270272 -1.43022e-05 0)
(0.0270452 -1.64339e-05 0)
(0.0270644 -1.75592e-05 0)
(0.0270837 -1.78018e-05 0)
(0.0271023 -1.73069e-05 0)
(0.0271197 -1.62297e-05 0)
(0.0271353 -1.47255e-05 0)
(0.0271489 -1.29413e-05 0)
(0.0271604 -1.10096e-05 0)
(0.0271697 -9.04406e-06 0)
(0.027177 -7.13767e-06 0)
(0.0271824 -5.36156e-06 0)
(0.0271861 -3.76596e-06 0)
(0.0271884 -2.38184e-06 0)
(0.0271895 -1.2234e-06 0)
(0.0271896 -2.90941e-07 0)
(0.0271891 4.26135e-07 0)
(0.027188 9.46333e-07 0)
(0.0271866 1.29333e-06 0)
(0.027185 1.49356e-06 0)
(0.0271834 1.57421e-06 0)
(0.0271818 1.56165e-06 0)
(0.0271803 1.48026e-06 0)
(0.0271789 1.35169e-06 0)
(0.0271778 1.19438e-06 0)
(0.0271767 1.02344e-06 0)
(0.0271759 8.50735e-07 0)
(0.0271752 6.85067e-07 0)
(0.0271747 5.32554e-07 0)
(0.0271743 3.9701e-07 0)
(0.0271741 2.80361e-07 0)
(0.0271739 1.83056e-07 0)
(0.0271738 1.04446e-07 0)
(0.0271738 4.31219e-08 0)
(0.0271738 -2.80527e-09 0)
(0.0271738 -3.54678e-08 0)
(0.0271739 -5.70625e-08 0)
(0.027174 -6.97179e-08 0)
(0.027174 -7.54021e-08 0)
(0.0271741 -7.58664e-08 0)
(0.0271742 -7.26168e-08 0)
(0.0271742 -6.6907e-08 0)
(0.0271743 -5.9747e-08 0)
(0.0271743 -5.19228e-08 0)
(0.0271744 -4.40216e-08 0)
(0.0271744 -3.64609e-08 0)
(0.0271745 -2.95174e-08 0)
(0.0271745 -2.3355e-08 0)
(0.0271745 -1.80503e-08 0)
(0.0271745 -1.36133e-08 0)
(0.0271745 -1.00067e-08 0)
(0.0271745 -7.15796e-09 0)
(0.0271745 -4.959e-09 0)
(0.0271745 -3.29952e-09 0)
(0.0271745 -1.92912e-09 0)
(-0.000176352 0.000616231 0)
(-0.00102557 0.00120122 0)
(-0.00213464 0.00148194 0)
(-0.00326676 0.00153871 0)
(-0.00436316 0.00155432 0)
(-0.00541518 0.00153403 0)
(-0.00640698 0.00151686 0)
(-0.00735062 0.00149612 0)
(-0.00824356 0.00148102 0)
(-0.00909503 0.00147075 0)
(-0.00990707 0.00146811 0)
(-0.0106849 0.00147299 0)
(-0.01143 0.0014853 0)
(-0.0121437 0.0015036 0)
(-0.0128246 0.00152578 0)
(-0.0134699 0.00154884 0)
(-0.0140744 0.00156917 0)
(-0.0146312 0.00158264 0)
(-0.0151318 0.00158486 0)
(-0.0155661 0.00157138 0)
(-0.0159229 0.00153796 0)
(-0.0161906 0.00148079 0)
(-0.0163573 0.00139667 0)
(-0.0164113 0.00128318 0)
(-0.0163416 0.00113878 0)
(-0.0161382 0.000962812 0)
(-0.015792 0.000755534 0)
(-0.0152957 0.00051803 0)
(-0.014643 0.000252138 0)
(-0.0138294 -3.96613e-05 0)
(-0.0128518 -0.000354356 0)
(-0.0117086 -0.000688516 0)
(-0.0103997 -0.00103839 0)
(-0.00892619 -0.00140001 0)
(-0.00729082 -0.00176922 0)
(-0.00549753 -0.00214178 0)
(-0.00355162 -0.00251338 0)
(-0.00145968 -0.0028797 0)
(0.000770387 -0.00323638 0)
(0.00312942 -0.0035791 0)
(0.00560696 -0.00390361 0)
(0.0081913 -0.00420566 0)
(0.0108695 -0.00448116 0)
(0.0136273 -0.00472607 0)
(0.0164494 -0.00493657 0)
(0.0193192 -0.00510901 0)
(0.0222191 -0.00524002 0)
(0.0251307 -0.00532658 0)
(0.0280344 -0.0053661 0)
(0.0309103 -0.0053565 0)
(0.0337379 -0.00529631 0)
(0.0364965 -0.00518477 0)
(0.0391655 -0.0050219 0)
(0.0417246 -0.00480856 0)
(0.0441542 -0.00454647 0)
(0.0464357 -0.00423826 0)
(0.0485516 -0.0038874 0)
(0.050486 -0.00349817 0)
(0.0522243 -0.00307555 0)
(0.0537538 -0.00262516 0)
(0.0550634 -0.0021531 0)
(0.0561435 -0.00166588 0)
(0.0569865 -0.00117029 0)
(0.0575861 -0.000673358 0)
(0.0579374 -0.000182261 0)
(0.058037 0.000295703 0)
(0.0578833 0.000753137 0)
(0.057476 0.00118256 0)
(0.0568172 0.00157644 0)
(0.0559111 0.00192729 0)
(0.0547655 0.00222781 0)
(0.0533919 0.00247129 0)
(0.0518068 0.00265213 0)
(0.0500323 0.00276661 0)
(0.0480973 0.00281368 0)
(0.046037 0.00279558 0)
(0.043893 0.00271821 0)
(0.0417108 0.00259088 0)
(0.0395379 0.00242568 0)
(0.0374197 0.00223634 0)
(0.0353963 0.00203667 0)
(0.0334999 0.00183877 0)
(0.0317535 0.00165154 0)
(0.0301705 0.00147988 0)
(0.028756 0.00132501 0)
(0.0275079 0.00118555 0)
(0.0264192 0.00105881 0)
(0.0254804 0.000941704 0)
(0.024681 0.000831179 0)
(0.0240112 0.000724266 0)
(0.0234626 0.000618086 0)
(0.0230289 0.000509931 0)
(0.0227051 0.000397434 0)
(0.0224878 0.000278758 0)
(0.0223742 0.000152738 0)
(0.0223624 1.89465e-05 0)
(0.0224505 -0.00012231 0)
(0.0226365 -0.000270057 0)
(0.0229181 -0.00042275 0)
(0.0232927 -0.000578386 0)
(0.0237568 -0.000734625 0)
(0.0243061 -0.000888894 0)
(0.0249358 -0.00103849 0)
(0.02564 -0.00118068 0)
(0.026412 -0.00131275 0)
(0.0272444 -0.00143207 0)
(0.028129 -0.00153621 0)
(0.0290567 -0.00162291 0)
(0.0300181 -0.00169021 0)
(0.0310031 -0.00173648 0)
(0.0320012 -0.00176046 0)
(0.0330015 -0.00176138 0)
(0.0339932 -0.00173895 0)
(0.0349652 -0.00169346 0)
(0.0359068 -0.00162579 0)
(0.0368076 -0.00153747 0)
(0.0376579 -0.00143066 0)
(0.0384485 -0.00130814 0)
(0.0391717 -0.00117321 0)
(0.0398207 -0.00102965 0)
(0.0403906 -0.000881514 0)
(0.0408781 -0.000732975 0)
(0.041282 -0.000588119 0)
(0.0416032 -0.00045072 0)
(0.0418449 -0.000324046 0)
(0.0420122 -0.000210688 0)
(0.0421122 -0.000112462 0)
(0.0421533 -3.03723e-05 0)
(0.0421452 3.53593e-05 0)
(0.042098 8.52016e-05 0)
(0.0420217 0.00012019 0)
(0.0419261 0.000141783 0)
(0.0418198 0.000151721 0)
(0.0417105 0.000151899 0)
(0.0416044 0.000144258 0)
(0.0415064 0.000130698 0)
(0.0414199 0.00011301 0)
(0.0413472 9.28271e-05 0)
(0.0412892 7.15843e-05 0)
(0.0412462 5.04981e-05 0)
(0.0412174 3.05524e-05 0)
(0.0412016 1.24966e-05 0)
(0.0411972 -3.14681e-06 0)
(0.0412023 -1.60665e-05 0)
(0.041215 -2.61402e-05 0)
(0.0412332 -3.34066e-05 0)
(0.0412551 -3.80351e-05 0)
(0.0412791 -4.02934e-05 0)
(0.0413037 -4.05158e-05 0)
(0.0413278 -3.90738e-05 0)
(0.0413503 -3.63497e-05 0)
(0.0413707 -3.27148e-05 0)
(0.0413886 -2.85117e-05 0)
(0.0414037 -2.40427e-05 0)
(0.041416 -1.95611e-05 0)
(0.0414256 -1.5269e-05 0)
(0.0414327 -1.13162e-05 0)
(0.0414376 -7.80448e-06 0)
(0.0414406 -4.79177e-06 0)
(0.0414421 -2.29917e-06 0)
(0.0414423 -3.17899e-07 0)
(0.0414416 1.18354e-06 0)
(0.0414402 2.25246e-06 0)
(0.0414385 2.94593e-06 0)
(0.0414364 3.32543e-06 0)
(0.0414344 3.45271e-06 0)
(0.0414323 3.38646e-06 0)
(0.0414304 3.18006e-06 0)
(0.0414287 2.88017e-06 0)
(0.0414272 2.52596e-06 0)
(0.041426 2.14907e-06 0)
(0.0414249 1.77386e-06 0)
(0.0414241 1.41811e-06 0)
(0.0414235 1.09381e-06 0)
(0.041423 8.08105e-07 0)
(0.0414227 5.64219e-07 0)
(0.0414225 3.62382e-07 0)
(0.0414224 2.0063e-07 0)
(0.0414224 7.55234e-08 0)
(0.0414224 -1.72575e-08 0)
(0.0414225 -8.24395e-08 0)
(0.0414225 -1.24792e-07 0)
(0.0414226 -1.48863e-07 0)
(0.0414227 -1.5881e-07 0)
(0.0414228 -1.58289e-07 0)
(0.0414229 -1.50417e-07 0)
(0.041423 -1.37763e-07 0)
(0.0414231 -1.22379e-07 0)
(0.0414231 -1.05844e-07 0)
(0.0414232 -8.93256e-08 0)
(0.0414232 -7.36434e-08 0)
(0.0414232 -5.93295e-08 0)
(0.0414233 -4.66894e-08 0)
(0.0414233 -3.58544e-08 0)
(0.0414233 -2.68278e-08 0)
(0.0414233 -1.95218e-08 0)
(0.0414233 -1.37892e-08 0)
(0.0414233 -9.42669e-09 0)
(0.0414233 -6.2624e-09 0)
(0.0414233 -3.7966e-09 0)
(-0.000307943 0.00122799 0)
(-0.00152567 0.00225598 0)
(-0.00288703 0.00267248 0)
(-0.00416614 0.00270899 0)
(-0.00528193 0.00266989 0)
(-0.00628413 0.00257568 0)
(-0.0071575 0.00248444 0)
(-0.00793467 0.00239152 0)
(-0.00861566 0.00230913 0)
(-0.00921551 0.0022363 0)
(-0.00973725 0.00217494 0)
(-0.0101869 0.0021235 0)
(-0.0105658 0.00208015 0)
(-0.0108744 0.00204171 0)
(-0.0111111 0.00200433 0)
(-0.0112727 0.00196346 0)
(-0.0113548 0.00191414 0)
(-0.0113516 0.00185116 0)
(-0.0112569 0.00176934 0)
(-0.0110635 0.00166376 0)
(-0.0107643 0.00153001 0)
(-0.0103522 0.00136438 0)
(-0.00982039 0.00116401 0)
(-0.00916264 0.000926986 0)
(-0.00837339 0.000652408 0)
(-0.00744794 0.000340369 0)
(-0.00638246 -8.08944e-06 0)
(-0.00517408 -0.000391058 0)
(-0.00382088 -0.000805863 0)
(-0.00232191 -0.00124917 0)
(-0.000677159 -0.00171712 0)
(0.00111242 -0.00220539 0)
(0.00304493 -0.00270933 0)
(0.00511751 -0.00322401 0)
(0.00732628 -0.0037443 0)
(0.00966636 -0.0042649 0)
(0.0121318 -0.00478037 0)
(0.0147156 -0.00528518 0)
(0.0174095 -0.00577376 0)
(0.0202041 -0.00624045 0)
(0.0230888 -0.00667961 0)
(0.0260518 -0.00708561 0)
(0.0290799 -0.00745289 0)
(0.0321589 -0.00777599 0)
(0.0352732 -0.00804962 0)
(0.0384061 -0.00826873 0)
(0.04154 -0.00842863 0)
(0.0446564 -0.00852509 0)
(0.0477359 -0.00855445 0)
(0.0507587 -0.00851381 0)
(0.0537051 -0.00840114 0)
(0.0565551 -0.00821544 0)
(0.0592895 -0.00795684 0)
(0.0618901 -0.0076267 0)
(0.0643399 -0.00722763 0)
(0.0666233 -0.00676348 0)
(0.0687269 -0.00623929 0)
(0.0706391 -0.00566111 0)
(0.0723505 -0.0050359 0)
(0.0738536 -0.00437127 0)
(0.075143 -0.00367531 0)
(0.0762148 -0.0029564 0)
(0.0770664 -0.00222299 0)
(0.0776965 -0.00148355 0)
(0.0781043 -0.000746447 0)
(0.0782896 -1.98879e-05 0)
(0.0782523 0.000688035 0)
(0.0779925 0.00136933 0)
(0.0775102 0.00201604 0)
(0.0768055 0.0026202 0)
(0.0758786 0.00317379 0)
(0.0747303 0.00366876 0)
(0.0733623 0.00409715 0)
(0.0717783 0.00445132 0)
(0.0699845 0.00472429 0)
(0.0679915 0.00491022 0)
(0.0658152 0.00500503 0)
(0.0634784 0.00500713 0)
(0.0610117 0.00491836 0)
(0.0584537 0.00474479 0)
(0.0558497 0.00449725 0)
(0.0532505 0.00419093 0)
(0.0507084 0.00384417 0)
(0.0482736 0.00347631 0)
(0.0459901 0.00310529 0)
(0.0438923 0.00274551 0)
(0.0420035 0.00240644 0)
(0.0403358 0.00209223 0)
(0.0388915 0.00180237 0)
(0.0376651 0.00153297 0)
(0.0366463 0.00127848 0)
(0.0358221 0.00103303 0)
(0.0351785 0.000791533 0)
(0.0347021 0.000550116 0)
(0.0343805 0.000306306 0)
(0.0342028 5.89299e-05 0)
(0.0341592 -0.000192057 0)
(0.0342411 -0.000445756 0)
(0.0344402 -0.000700503 0)
(0.034749 -0.000954026 0)
(0.0351598 -0.00120359 0)
(0.035665 -0.00144614 0)
(0.0362566 -0.0016784 0)
(0.0369265 -0.001897 0)
(0.0376662 -0.00209859 0)
(0.0384667 -0.00227988 0)
(0.0393189 -0.00243779 0)
(0.0402131 -0.00256945 0)
(0.0411394 -0.00267237 0)
(0.0420878 -0.00274445 0)
(0.0430482 -0.00278408 0)
(0.0440103 -0.00279023 0)
(0.0449642 -0.00276248 0)
(0.0459002 -0.00270113 0)
(0.046809 -0.00260721 0)
(0.047682 -0.00248255 0)
(0.0485112 -0.00232972 0)
(0.0492894 -0.00215208 0)
(0.0500102 -0.0019537 0)
(0.0506682 -0.0017393 0)
(0.051259 -0.00151411 0)
(0.0517792 -0.00128375 0)
(0.0522266 -0.00105404 0)
(0.0526002 -0.000830733 0)
(0.0529003 -0.000619322 0)
(0.053129 -0.000424719 0)
(0.0532896 -0.000251019 0)
(0.0533872 -0.000101276 0)
(0.0534284 2.26454e-05 0)
(0.053421 0.000120116 0)
(0.0533738 0.000191702 0)
(0.0532959 0.000239015 0)
(0.0531966 0.000264509 0)
(0.0530848 0.000271228 0)
(0.0529684 0.000262546 0)
(0.0528541 0.000241939 0)
(0.0527476 0.000212786 0)
(0.0526527 0.000178214 0)
(0.0525722 0.000141 0)
(0.0525074 0.0001035 0)
(0.0524588 6.76224e-05 0)
(0.0524256 3.48258e-05 0)
(0.0524066 6.13491e-06 0)
(0.0524001 -1.78244e-05 0)
(0.052404 -3.67794e-05 0)
(0.0524161 -5.07576e-05 0)
(0.0524344 -6.00287e-05 0)
(0.0524567 -6.50456e-05 0)
(0.0524813 -6.63863e-05 0)
(0.0525065 -6.47004e-05 0)
(0.0525311 -6.06614e-05 0)
(0.0525542 -5.49267e-05 0)
(0.0525749 -4.81055e-05 0)
(0.0525929 -4.07369e-05 0)
(0.052608 -3.32747e-05 0)
(0.0526201 -2.60812e-05 0)
(0.0526294 -1.94275e-05 0)
(0.0526361 -1.34981e-05 0)
(0.0526406 -8.40047e-06 0)
(0.0526431 -4.17635e-06 0)
(0.0526441 -8.14488e-07 0)
(0.052644 1.73654e-06 0)
(0.0526429 3.55615e-06 0)
(0.0526412 4.74091e-06 0)
(0.0526392 5.39523e-06 0)
(0.052637 5.62397e-06 0)
(0.0526348 5.52671e-06 0)
(0.0526327 5.19386e-06 0)
(0.0526308 4.70422e-06 0)
(0.0526291 4.12378e-06 0)
(0.0526277 3.50559e-06 0)
(0.0526265 2.89037e-06 0)
(0.0526255 2.30767e-06 0)
(0.0526248 1.77726e-06 0)
(0.0526242 1.31082e-06 0)
(0.0526239 9.13471e-07 0)
(0.0526236 5.85385e-07 0)
(0.0526235 3.23125e-07 0)
(0.0526234 1.20859e-07 0)
(0.0526234 -2.86541e-08 0)
(0.0526235 -1.33274e-07 0)
(0.0526235 -2.00886e-07 0)
(0.0526236 -2.38973e-07 0)
(0.0526237 -2.54339e-07 0)
(0.0526238 -2.52945e-07 0)
(0.0526239 -2.39847e-07 0)
(0.052624 -2.19196e-07 0)
(0.0526241 -1.94289e-07 0)
(0.0526242 -1.67653e-07 0)
(0.0526242 -1.41144e-07 0)
(0.0526243 -1.16053e-07 0)
(0.0526243 -9.3211e-08 0)
(0.0526243 -7.30865e-08 0)
(0.0526243 -5.58718e-08 0)
(0.0526243 -4.15586e-08 0)
(0.0526244 -2.99996e-08 0)
(0.0526244 -2.09597e-08 0)
(0.0526244 -1.41397e-08 0)
(0.0526244 -9.27824e-09 0)
(0.0526244 -5.77218e-09 0)
(-0.00041169 0.0024534 0)
(-0.00174805 0.00375834 0)
(-0.00303573 0.0041099 0)
(-0.00411105 0.00388189 0)
(-0.00489144 0.00363867 0)
(-0.00548776 0.00336759 0)
(-0.00589562 0.00313642 0)
(-0.00617307 0.00292527 0)
(-0.00632693 0.00273991 0)
(-0.00638056 0.00257407 0)
(-0.00633903 0.00242569 0)
(-0.00621048 0.00229063 0)
(-0.00599641 0.00216481 0)
(-0.0056982 0.00204347 0)
(-0.00531454 0.00192141 0)
(-0.00484351 0.00179311 0)
(-0.00428207 0.00165284 0)
(-0.00362676 0.00149493 0)
(-0.00287373 0.0013139 0)
(-0.00201908 0.00110478 0)
(-0.00105896 0.000863218 0)
(1.02704e-05 0.000585716 0)
(0.00119193 0.00026971 0)
(0.00248892 -8.63508e-05 0)
(0.0039037 -0.000482981 0)
(0.00543822 -0.000919686 0)
(0.00709389 -0.00139502 0)
(0.00887156 -0.00190665 0)
(0.0107715 -0.00245148 0)
(0.0127934 -0.00302572 0)
(0.0149361 -0.003625 0)
(0.0171979 -0.00424445 0)
(0.0195763 -0.00487879 0)
(0.0220678 -0.00552238 0)
(0.0246682 -0.00616925 0)
(0.0273721 -0.00681319 0)
(0.030173 -0.00744774 0)
(0.0330635 -0.00806623 0)
(0.0360347 -0.00866181 0)
(0.0390766 -0.00922751 0)
(0.0421776 -0.00975626 0)
(0.0453249 -0.0102409 0)
(0.0485045 -0.0106745 0)
(0.0517009 -0.0110499 0)
(0.0548975 -0.0113604 0)
(0.0580764 -0.0115996 0)
(0.0612189 -0.0117613 0)
(0.0643056 -0.0118402 0)
(0.0673166 -0.0118316 0)
(0.070232 -0.0117321 0)
(0.0730323 -0.0115395 0)
(0.0756989 -0.0112528 0)
(0.0782149 -0.0108731 0)
(0.0805652 -0.0104027 0)
(0.0827371 -0.0098461 0)
(0.0847208 -0.00920911 0)
(0.0865094 -0.00849915 0)
(0.0880988 -0.0077248 0)
(0.089488 -0.00689557 0)
(0.090678 -0.0060215 0)
(0.0916723 -0.00511283 0)
(0.0924755 -0.00417975 0)
(0.0930932 -0.00323211 0)
(0.0935313 -0.00227932 0)
(0.0937956 -0.00133023 0)
(0.0938913 -0.000393159 0)
(0.0938226 0.000524028 0)
(0.0935925 0.00141381 0)
(0.0932027 0.00226884 0)
(0.0926536 0.00308181 0)
(0.0919442 0.0038453 0)
(0.0910725 0.00455172 0)
(0.0900355 0.00519326 0)
(0.0888297 0.00576204 0)
(0.087452 0.00625021 0)
(0.0858999 0.00665025 0)
(0.0841724 0.00695528 0)
(0.0822714 0.00715945 0)
(0.0802026 0.00725847 0)
(0.0779766 0.00725022 0)
(0.075611 0.00713545 0)
(0.0731303 0.00691842 0)
(0.0705677 0.00660725 0)
(0.0679637 0.00621402 0)
(0.0653648 0.00575429 0)
(0.062821 0.00524615 0)
(0.0603816 0.00470867 0)
(0.058092 0.00416008 0)
(0.05599 0.00361581 0)
(0.0541033 0.00308716 0)
(0.0524485 0.00258068 0)
(0.0510322 0.00209854 0)
(0.0498519 0.00163954 0)
(0.0488986 0.00120051 0)
(0.0481592 0.000777626 0)
(0.0476182 0.000367442 0)
(0.0472594 -3.24567e-05 0)
(0.0470668 -0.0004232 0)
(0.0470251 -0.00080463 0)
(0.04712 -0.00117547 0)
(0.0473379 -0.00153353 0)
(0.0476661 -0.00187599 0)
(0.0480924 -0.00219955 0)
(0.0486049 -0.0025007 0)
(0.0491922 -0.00277579 0)
(0.0498426 -0.00302124 0)
(0.0505449 -0.00323363 0)
(0.0512876 -0.00340981 0)
(0.0520596 -0.00354704 0)
(0.0528496 -0.00364307 0)
(0.0536467 -0.00369628 0)
(0.0544406 -0.00370572 0)
(0.0552213 -0.00367129 0)
(0.0559796 -0.00359373 0)
(0.0567071 -0.0034747 0)
(0.0573967 -0.00331677 0)
(0.0580424 -0.00312342 0)
(0.0586393 -0.00289896 0)
(0.0591842 -0.00264845 0)
(0.0596747 -0.00237755 0)
(0.0601099 -0.00209238 0)
(0.0604898 -0.00179937 0)
(0.0608151 -0.0015051 0)
(0.0610872 -0.00121609 0)
(0.061308 -0.00093862 0)
(0.0614796 -0.000678544 0)
(0.0616045 -0.000441063 0)
(0.0616855 -0.000230509 0)
(0.0617261 -5.01489e-05 0)
(0.0617301 9.79853e-05 0)
(0.061702 0.000213188 0)
(0.061647 0.00029609 0)
(0.0615708 0.000348574 0)
(0.0614793 0.000373587 0)
(0.0613785 0.000374894 0)
(0.0612743 0.000356781 0)
(0.0611717 0.000323758 0)
(0.0610752 0.000280281 0)
(0.0609882 0.00023052 0)
(0.0609133 0.000178188 0)
(0.0608519 0.000126423 0)
(0.0608045 7.77366e-05 0)
(0.0607709 3.39959e-05 0)
(0.06075 -3.54556e-06 0)
(0.0607406 -3.41948e-05 0)
(0.0607409 -5.77468e-05 0)
(0.060749 -7.44004e-05 0)
(0.060763 -8.46695e-05 0)
(0.0607811 -8.92952e-05 0)
(0.0608016 -8.91617e-05 0)
(0.0608231 -8.5222e-05 0)
(0.0608443 -7.84322e-05 0)
(0.0608642 -6.97001e-05 0)
(0.0608823 -5.98451e-05 0)
(0.0608981 -4.95723e-05 0)
(0.0609114 -3.94576e-05 0)
(0.060922 -2.99437e-05 0)
(0.0609302 -2.13449e-05 0)
(0.0609361 -1.38579e-05 0)
(0.0609401 -7.57776e-06 0)
(0.0609423 -2.51579e-06 0)
(0.0609431 1.38161e-06 0)
(0.0609429 4.21463e-06 0)
(0.060942 6.11338e-06 0)
(0.0609405 7.22348e-06 0)
(0.0609387 7.69432e-06 0)
(0.0609367 7.66995e-06 0)
(0.0609348 7.28262e-06 0)
(0.060933 6.64865e-06 0)
(0.0609313 5.86626e-06 0)
(0.0609299 5.01501e-06 0)
(0.0609286 4.15651e-06 0)
(0.0609276 3.33586e-06 0)
(0.0609268 2.58377e-06 0)
(0.0609262 1.91882e-06 0)
(0.0609258 1.34984e-06 0)
(0.0609255 8.78161e-07 0)
(0.0609253 4.99645e-07 0)
(0.0609252 2.06496e-07 0)
(0.0609252 -1.12858e-08 0)
(0.0609252 -1.64724e-07 0)
(0.0609252 -2.64973e-07 0)
(0.0609253 -3.22676e-07 0)
(0.0609254 -3.47544e-07 0)
(0.0609255 -3.48112e-07 0)
(0.0609256 -3.31627e-07 0)
(0.0609257 -3.04051e-07 0)
(0.0609257 -2.70124e-07 0)
(0.0609258 -2.33485e-07 0)
(0.0609258 -1.9681e-07 0)
(0.0609259 -1.61966e-07 0)
(0.0609259 -1.30161e-07 0)
(0.060926 -1.02082e-07 0)
(0.060926 -7.80201e-08 0)
(0.060926 -5.79818e-08 0)
(0.060926 -4.17751e-08 0)
(0.060926 -2.90852e-08 0)
(0.060926 -1.95204e-08 0)
(0.060926 -1.27278e-08 0)
(0.060926 -8.01126e-09 0)
(-0.000703476 0.00308881 0)
(-0.00212823 0.0047001 0)
(-0.00260261 0.00492875 0)
(-0.00283689 0.00449276 0)
(-0.00264974 0.0040362 0)
(-0.00236196 0.00358554 0)
(-0.0019104 0.00319715 0)
(-0.00137813 0.00285476 0)
(-0.00075358 0.00255406 0)
(-5.91256e-05 0.00228602 0)
(0.000707112 0.00204291 0)
(0.00153992 0.00181809 0)
(0.00244105 0.00160478 0)
(0.00341108 0.00139683 0)
(0.00445275 0.00118791 0)
(0.00556867 0.000971924 0)
(0.00676206 0.000742786 0)
(0.00803603 0.000494691 0)
(0.00939365 0.00022217 0)
(0.0108378 -7.97055e-05 0)
(0.012371 -0.000415192 0)
(0.0139956 -0.000787725 0)
(0.0157134 -0.00119982 0)
(0.0175262 -0.00165302 0)
(0.019435 -0.00214784 0)
(0.0214409 -0.00268379 0)
(0.0235441 -0.00325939 0)
(0.0257447 -0.00387226 0)
(0.0280422 -0.00451914 0)
(0.0304354 -0.005196 0)
(0.0329225 -0.00589813 0)
(0.035501 -0.00662017 0)
(0.0381674 -0.00735623 0)
(0.0409174 -0.00809992 0)
(0.0437455 -0.0088444 0)
(0.0466452 -0.00958243 0)
(0.0496087 -0.0103064 0)
(0.052627 -0.0110083 0)
(0.0556896 -0.01168 0)
(0.0587847 -0.0123128 0)
(0.0618987 -0.0128981 0)
(0.0650168 -0.0134271 0)
(0.0681227 -0.0138911 0)
(0.0711987 -0.0142814 0)
(0.0742258 -0.0145896 0)
(0.0771843 -0.0148077 0)
(0.0800535 -0.0149285 0)
(0.0828126 -0.0149455 0)
(0.0854411 -0.0148536 0)
(0.0879195 -0.0146492 0)
(0.0902297 -0.0143307 0)
(0.0923565 -0.0138986 0)
(0.0942876 -0.0133557 0)
(0.0960145 -0.0127072 0)
(0.097533 -0.0119606 0)
(0.0988433 -0.0111254 0)
(0.0999498 -0.0102127 0)
(0.100861 -0.00923488 0)
(0.101587 -0.00820472 0)
(0.102143 -0.00713519 0)
(0.102542 -0.0060388 0)
(0.102802 -0.00492727 0)
(0.102936 -0.00381125 0)
(0.102959 -0.00270023 0)
(0.102883 -0.00160251 0)
(0.102718 -0.00052532 0)
(0.102472 0.000525 0)
(0.102151 0.00154276 0)
(0.101757 0.00252265 0)
(0.10129 0.00345954 0)
(0.10075 0.00434815 0)
(0.100132 0.00518295 0)
(0.0994298 0.00595799 0)
(0.0986368 0.00666685 0)
(0.0977443 0.00730262 0)
(0.096743 0.00785808 0)
(0.0956238 0.00832582 0)
(0.0943779 0.00869857 0)
(0.0929981 0.00896957 0)
(0.0914794 0.00913313 0)
(0.0898203 0.00918514 0)
(0.0880238 0.00912371 0)
(0.0860981 0.00894961 0)
(0.0840582 0.0086667 0)
(0.0819259 0.00828202 0)
(0.0797298 0.0078058 0)
(0.0775046 0.00725111 0)
(0.0752899 0.00663326 0)
(0.0731271 0.00596882 0)
(0.0710577 0.00527456 0)
(0.0691193 0.00456619 0)
(0.0673437 0.00385732 0)
(0.0657549 0.00315877 0)
(0.0643682 0.00247827 0)
(0.0631907 0.00182069 0)
(0.0622217 0.00118862 0)
(0.0614549 0.000583109 0)
(0.0608795 4.47211e-06 0)
(0.0604818 -0.000547095 0)
(0.0602466 -0.00107106 0)
(0.060158 -0.00156631 0)
(0.0601997 -0.00203108 0)
(0.0603558 -0.00246302 0)
(0.0606108 -0.00285929 0)
(0.0609496 -0.00321674 0)
(0.0613575 -0.00353208 0)
(0.0618202 -0.00380206 0)
(0.0623238 -0.00402367 0)
(0.062855 -0.00419427 0)
(0.063401 -0.00431182 0)
(0.0639495 -0.00437497 0)
(0.0644891 -0.00438328 0)
(0.0650094 -0.00433725 0)
(0.0655009 -0.00423852 0)
(0.0659559 -0.00408982 0)
(0.0663677 -0.003895 0)
(0.0667318 -0.00365901 0)
(0.067045 -0.00338769 0)
(0.0673062 -0.00308769 0)
(0.0675157 -0.00276621 0)
(0.0676757 -0.00243075 0)
(0.0677896 -0.00208893 0)
(0.0678617 -0.00174816 0)
(0.0678972 -0.00141551 0)
(0.0679014 -0.00109749 0)
(0.0678796 -0.00079993 0)
(0.067837 -0.000527828 0)
(0.0677777 -0.000285289 0)
(0.0677056 -7.54218e-05 0)
(0.0676236 9.97382e-05 0)
(0.0675342 0.00023929 0)
(0.0674395 0.000343499 0)
(0.0673413 0.000413783 0)
(0.0672414 0.000452635 0)
(0.0671418 0.000463474 0)
(0.0670444 0.000450443 0)
(0.0669512 0.000418154 0)
(0.0668642 0.000371418 0)
(0.0667851 0.000314979 0)
(0.0667153 0.000253283 0)
(0.0666559 0.000190285 0)
(0.0666072 0.000129323 0)
(0.0665695 7.30399e-05 0)
(0.0665423 2.33611e-05 0)
(0.0665249 -1.84777e-05 0)
(0.0665161 -5.18745e-05 0)
(0.0665148 -7.67757e-05 0)
(0.0665194 -9.35771e-05 0)
(0.0665287 -0.000103018 0)
(0.0665412 -0.000106076 0)
(0.0665556 -0.000103867 0)
(0.066571 -9.75572e-05 0)
(0.0665862 -8.82919e-05 0)
(0.0666007 -7.71333e-05 0)
(0.066614 -6.50205e-05 0)
(0.0666255 -5.27426e-05 0)
(0.0666353 -4.0927e-05 0)
(0.0666432 -3.00389e-05 0)
(0.0666492 -2.03909e-05 0)
(0.0666536 -1.21601e-05 0)
(0.0666566 -5.40861e-06 0)
(0.0666582 -1.0701e-07 0)
(0.0666589 3.8426e-06 0)
(0.0666587 6.58466e-06 0)
(0.066658 8.29081e-06 0)
(0.066657 9.14357e-06 0)
(0.0666556 9.32353e-06 0)
(0.0666542 8.99975e-06 0)
(0.0666528 8.32341e-06 0)
(0.0666515 7.4241e-06 0)
(0.0666503 6.40832e-06 0)
(0.0666492 5.35984e-06 0)
(0.0666484 4.34115e-06 0)
(0.0666476 3.39588e-06 0)
(0.0666471 2.55158e-06 0)
(0.0666466 1.8227e-06 0)
(0.0666463 1.21348e-06 0)
(0.0666461 7.20586e-07 0)
(0.066646 3.35515e-07 0)
(0.0666459 4.65102e-08 0)
(0.0666459 -1.59829e-07 0)
(0.0666459 -2.97337e-07 0)
(0.066646 -3.79395e-07 0)
(0.066646 -4.18333e-07 0)
(0.0666461 -4.25072e-07 0)
(0.0666462 -4.08951e-07 0)
(0.0666462 -3.77696e-07 0)
(0.0666463 -3.3749e-07 0)
(0.0666464 -2.93108e-07 0)
(0.0666464 -2.4809e-07 0)
(0.0666464 -2.04929e-07 0)
(0.0666465 -1.65264e-07 0)
(0.0666465 -1.30053e-07 0)
(0.0666465 -9.97365e-08 0)
(0.0666465 -7.43789e-08 0)
(0.0666465 -5.37818e-08 0)
(0.0666465 -3.75827e-08 0)
(0.0666465 -2.53226e-08 0)
(0.0666465 -1.65757e-08 0)
(0.0666466 -1.04733e-08 0)
(-0.000179433 0.00563262 0)
(-0.000130828 0.0056182 0)
(0.00102597 0.00500308 0)
(0.00224132 0.00396747 0)
(0.00373357 0.00324849 0)
(0.00520622 0.00267648 0)
(0.00673622 0.00220891 0)
(0.00825549 0.00181629 0)
(0.00978454 0.00147025 0)
(0.0113141 0.00115977 0)
(0.0128537 0.000872532 0)
(0.0144073 0.000601174 0)
(0.0159824 0.000338114 0)
(0.0175853 7.70887e-05 0)
(0.0192227 -0.00018815 0)
(0.0209006 -0.00046345 0)
(0.0226246 -0.000754524 0)
(0.0243997 -0.00106678 0)
(0.0262302 -0.00140527 0)
(0.0281201 -0.00177457 0)
(0.0300724 -0.00217863 0)
(0.0320898 -0.00262067 0)
(0.034174 -0.00310306 0)
(0.0363267 -0.00362726 0)
(0.0385488 -0.00419375 0)
(0.0408405 -0.00480199 0)
(0.0432018 -0.00545046 0)
(0.0456319 -0.00613664 0)
(0.0481294 -0.00685706 0)
(0.0506921 -0.00760736 0)
(0.0533169 -0.00838234 0)
(0.0560001 -0.00917606 0)
(0.0587364 -0.00998186 0)
(0.0615199 -0.0107925 0)
(0.0643432 -0.0116001 0)
(0.0671977 -0.0123962 0)
(0.0700734 -0.013172 0)
(0.0729587 -0.013918 0)
(0.0758407 -0.0146243 0)
(0.0787047 -0.0152806 0)
(0.0815342 -0.0158765 0)
(0.0843111 -0.0164012 0)
(0.0870158 -0.016844 0)
(0.0896273 -0.0171945 0)
(0.0921238 -0.0174428 0)
(0.0944828 -0.0175793 0)
(0.096682 -0.0175959 0)
(0.0986998 -0.0174857 0)
(0.100517 -0.0172441 0)
(0.102116 -0.0168688 0)
(0.103486 -0.0163605 0)
(0.104619 -0.015723 0)
(0.105513 -0.0149635 0)
(0.106175 -0.0140923 0)
(0.106614 -0.0131223 0)
(0.106848 -0.0120685 0)
(0.1069 -0.0109474 0)
(0.106794 -0.00977553 0)
(0.106558 -0.00856939 0)
(0.10622 -0.00734417 0)
(0.105807 -0.00611346 0)
(0.105344 -0.00488887 0)
(0.104854 -0.00367992 0)
(0.104353 -0.00249416 0)
(0.103858 -0.00133733 0)
(0.103379 -0.000213718 0)
(0.102921 0.000873431 0)
(0.10249 0.00192156 0)
(0.102083 0.00292841 0)
(0.101699 0.00389169 0)
(0.101332 0.00480879 0)
(0.100974 0.00567663 0)
(0.100616 0.00649144 0)
(0.100247 0.00724876 0)
(0.0998551 0.00794342 0)
(0.0994273 0.00856954 0)
(0.0989501 0.0091207 0)
(0.0984095 0.00959005 0)
(0.0977918 0.0099706 0)
(0.0970843 0.0102555 0)
(0.0962753 0.0104385 0)
(0.0953559 0.0105143 0)
(0.0943199 0.0104792 0)
(0.0931654 0.0103315 0)
(0.0918952 0.0100719 0)
(0.0905177 0.00970366 0)
(0.0890469 0.00923316 0)
(0.0875027 0.00866949 0)
(0.0859098 0.00802429 0)
(0.084297 0.00731116 0)
(0.0826955 0.00654496 0)
(0.0811369 0.00574102 0)
(0.0796515 0.00491428 0)
(0.0782661 0.0040786 0)
(0.0770026 0.00324626 0)
(0.0758775 0.00242764 0)
(0.0749008 0.0016312 0)
(0.074077 0.000863657 0)
(0.0734051 0.000130326 0)
(0.0728797 -0.000564524 0)
(0.072492 -0.00121728 0)
(0.0722306 -0.00182469 0)
(0.0720823 -0.00238364 0)
(0.0720327 -0.002891 0)
(0.0720671 -0.00334369 0)
(0.0721702 -0.00373861 0)
(0.0723269 -0.00407285 0)
(0.0725224 -0.00434378 0)
(0.0727424 -0.00454925 0)
(0.0729733 -0.00468779 0)
(0.0732026 -0.00475879 0)
(0.0734186 -0.00476268 0)
(0.0736112 -0.00470109 0)
(0.0737719 -0.00457695 0)
(0.0738936 -0.0043945 0)
(0.0739715 -0.00415933 0)
(0.0740025 -0.00387821 0)
(0.0739855 -0.00355892 0)
(0.0739212 -0.00321006 0)
(0.0738123 -0.00284068 0)
(0.0736628 -0.00246002 0)
(0.0734782 -0.00207715 0)
(0.0732648 -0.00170067 0)
(0.0730299 -0.00133843 0)
(0.0727806 -0.000997317 0)
(0.0725244 -0.000683091 0)
(0.0722679 -0.000400315 0)
(0.0720175 -0.000152316 0)
(0.0717779 5.87815e-05 0)
(0.0715532 0.000232006 0)
(0.0713459 0.000367462 0)
(0.0711574 0.000466256 0)
(0.0709882 0.000530412 0)
(0.0708378 0.000562774 0)
(0.0707054 0.000566896 0)
(0.0705896 0.000546893 0)
(0.0704893 0.000507271 0)
(0.070403 0.000452728 0)
(0.0703297 0.00038795 0)
(0.0702683 0.000317405 0)
(0.0702177 0.000245168 0)
(0.0701771 0.000174772 0)
(0.0701456 0.00010911 0)
(0.0701223 5.0382e-05 0)
(0.0701063 8.80364e-08 0)
(0.0700966 -4.09409e-05 0)
(0.0700923 -7.24755e-05 0)
(0.0700925 -9.47992e-05 0)
(0.070096 -0.000108604 0)
(0.0701021 -0.000114884 0)
(0.07011 -0.000114821 0)
(0.0701188 -0.000109693 0)
(0.070128 -0.000100781 0)
(0.070137 -8.93044e-05 0)
(0.0701454 -7.63595e-05 0)
(0.0701531 -6.28897e-05 0)
(0.0701597 -4.96631e-05 0)
(0.0701652 -3.72669e-05 0)
(0.0701697 -2.61146e-05 0)
(0.0701731 -1.64608e-05 0)
(0.0701755 -8.42288e-06 0)
(0.070177 -2.00615e-06 0)
(0.0701779 2.8705e-06 0)
(0.0701782 6.34937e-06 0)
(0.070178 8.6112e-06 0)
(0.0701776 9.85559e-06 0)
(0.0701769 1.02851e-05 0)
(0.0701761 1.00931e-05 0)
(0.0701753 9.45533e-06 0)
(0.0701745 8.52475e-06 0)
(0.0701737 7.42881e-06 0)
(0.0701731 6.26924e-06 0)
(0.0701725 5.12331e-06 0)
(0.070172 4.04617e-06 0)
(0.0701716 3.0739e-06 0)
(0.0701713 2.2268e-06 0)
(0.070171 1.51272e-06 0)
(0.0701709 9.30139e-07 0)
(0.0701707 4.70947e-07 0)
(0.0701707 1.22799e-07 0)
(0.0701707 -1.28971e-07 0)
(0.0701707 -2.99855e-07 0)
(0.0701707 -4.0507e-07 0)
(0.0701707 -4.58801e-07 0)
(0.0701707 -4.73725e-07 0)
(0.0701708 -4.60766e-07 0)
(0.0701708 -4.29029e-07 0)
(0.0701709 -3.8585e-07 0)
(0.0701709 -3.36938e-07 0)
(0.0701709 -2.86559e-07 0)
(0.0701709 -2.37756e-07 0)
(0.070171 -1.92555e-07 0)
(0.070171 -1.52178e-07 0)
(0.070171 -1.17227e-07 0)
(0.070171 -8.78473e-08 0)
(0.070171 -6.38683e-08 0)
(0.070171 -4.49138e-08 0)
(0.070171 -3.04913e-08 0)
(0.070171 -2.01234e-08 0)
(0.070171 -1.27317e-08 0)
(0.00506085 0.00200725 0)
(0.00761338 0.00302138 0)
(0.0125908 0.00255316 0)
(0.0158991 0.00192255 0)
(0.0190514 0.00128247 0)
(0.0217812 0.000761108 0)
(0.0243014 0.000320615 0)
(0.0266473 -4.96286e-05 0)
(0.0288727 -0.000375214 0)
(0.0310073 -0.000670174 0)
(0.0330762 -0.000947308 0)
(0.035098 -0.00121534 0)
(0.0370882 -0.00148168 0)
(0.0390598 -0.00175246 0)
(0.0410237 -0.00203326 0)
(0.0429893 -0.00232926 0)
(0.0449647 -0.00264538 0)
(0.0469569 -0.00298629 0)
(0.0489719 -0.00335633 0)
(0.0510145 -0.00375944 0)
(0.0530888 -0.00419904 0)
(0.0551979 -0.00467791 0)
(0.0573442 -0.0051981 0)
(0.0595291 -0.00576082 0)
(0.0617534 -0.00636636 0)
(0.0640172 -0.00701401 0)
(0.0663196 -0.00770205 0)
(0.0686591 -0.00842773 0)
(0.071033 -0.00918721 0)
(0.073438 -0.00997567 0)
(0.0758693 -0.0107873 0)
(0.0783213 -0.0116153 0)
(0.0807867 -0.0124522 0)
(0.0832569 -0.0132896 0)
(0.085722 -0.0141183 0)
(0.0881703 -0.0149286 0)
(0.0905886 -0.0157099 0)
(0.0929619 -0.0164511 0)
(0.0952733 -0.0171403 0)
(0.097504 -0.0177649 0)
(0.0996332 -0.0183123 0)
(0.101638 -0.0187694 0)
(0.103495 -0.0191234 0)
(0.105179 -0.0193619 0)
(0.106664 -0.0194735 0)
(0.107927 -0.019448 0)
(0.108945 -0.0192773 0)
(0.1097 -0.0189559 0)
(0.110181 -0.0184819 0)
(0.110379 -0.0178574 0)
(0.110299 -0.0170887 0)
(0.10995 -0.016187 0)
(0.109354 -0.0151672 0)
(0.10854 -0.0140477 0)
(0.107544 -0.0128494 0)
(0.106406 -0.0115939 0)
(0.10517 -0.010303 0)
(0.10388 -0.0089966 0)
(0.102578 -0.00769252 0)
(0.101302 -0.00640534 0)
(0.100084 -0.00514634 0)
(0.0989506 -0.00392348 0)
(0.0979221 -0.00274174 0)
(0.097012 -0.00160359 0)
(0.0962285 -0.000509603 0)
(0.0955744 0.000540895 0)
(0.095048 0.00154927 0)
(0.0946443 0.00251705 0)
(0.0943551 0.00344548 0)
(0.0941704 0.00433527 0)
(0.0940781 0.00518627 0)
(0.0940652 0.00599743 0)
(0.0941176 0.00676666 0)
(0.0942207 0.00749088 0)
(0.0943594 0.00816604 0)
(0.094518 0.00878718 0)
(0.0946809 0.00934862 0)
(0.0948323 0.00984405 0)
(0.0949564 0.0102667 0)
(0.0950377 0.0106097 0)
(0.0950613 0.0108662 0)
(0.0950133 0.0110298 0)
(0.0948812 0.0110947 0)
(0.0946546 0.0110565 0)
(0.0943259 0.010912 0)
(0.0938908 0.0106601 0)
(0.0933489 0.0103019 0)
(0.0927044 0.00984091 0)
(0.0919658 0.0092832 0)
(0.0911461 0.00863735 0)
(0.0902622 0.00791418 0)
(0.0893341 0.0071263 0)
(0.0883834 0.0062876 0)
(0.0874326 0.0054126 0)
(0.0865032 0.0045158 0)
(0.0856149 0.00361116 0)
(0.0847841 0.00271167 0)
(0.0840237 0.00182905 0)
(0.0833424 0.000973707 0)
(0.0827448 0.000154719 0)
(0.0822315 -0.00062003 0)
(0.0817998 -0.00134368 0)
(0.081444 -0.00201023 0)
(0.0811558 -0.00261437 0)
(0.0809255 -0.00315141 0)
(0.0807419 -0.00361725 0)
(0.0805932 -0.00400839 0)
(0.0804673 -0.00432204 0)
(0.0803523 -0.00455625 0)
(0.080237 -0.00471008 0)
(0.080111 -0.00478379 0)
(0.0799653 -0.00477896 0)
(0.0797927 -0.00469867 0)
(0.0795874 -0.00454753 0)
(0.0793459 -0.00433167 0)
(0.0790666 -0.00405868 0)
(0.0787498 -0.00373738 0)
(0.0783976 -0.00337756 0)
(0.0780138 -0.0029897 0)
(0.0776032 -0.00258455 0)
(0.0771719 -0.00217279 0)
(0.0767267 -0.00176462 0)
(0.0762744 -0.00136948 0)
(0.0758223 -0.000995724 0)
(0.0753773 -0.000650397 0)
(0.0749459 -0.000339106 0)
(0.0745342 -6.59286e-05 0)
(0.0741474 0.000166583 0)
(0.0737896 0.000357334 0)
(0.073464 0.000506556 0)
(0.0731726 0.000615653 0)
(0.072916 0.000687008 0)
(0.0726939 0.00072381 0)
(0.0725048 0.000729868 0)
(0.0723466 0.000709448 0)
(0.0722165 0.000667118 0)
(0.0721112 0.00060759 0)
(0.0720276 0.000535574 0)
(0.0719623 0.000455624 0)
(0.0719123 0.000371996 0)
(0.071875 0.000288521 0)
(0.0718478 0.000208494 0)
(0.0718288 0.000134597 0)
(0.0718161 6.8857e-05 0)
(0.0718084 1.26339e-05 0)
(0.0718044 -3.33484e-05 0)
(0.0718031 -6.89478e-05 0)
(0.0718038 -9.4523e-05 0)
(0.0718059 -0.000110837 0)
(0.0718089 -0.000118954 0)
(0.0718124 -0.000120133 0)
(0.0718161 -0.000115729 0)
(0.0718197 -0.000107106 0)
(0.0718232 -9.55621e-05 0)
(0.0718264 -8.22773e-05 0)
(0.0718292 -6.82702e-05 0)
(0.0718316 -5.43781e-05 0)
(0.0718336 -4.12492e-05 0)
(0.0718353 -2.93481e-05 0)
(0.0718365 -1.89701e-05 0)
(0.0718374 -1.02632e-05 0)
(0.071838 -3.25335e-06 0)
(0.0718383 2.12861e-06 0)
(0.0718385 6.02052e-06 0)
(0.0718385 8.6047e-06 0)
(0.0718384 1.00869e-05 0)
(0.0718382 1.06789e-05 0)
(0.0718379 1.05852e-05 0)
(0.0718376 9.99334e-06 0)
(0.0718374 9.06788e-06 0)
(0.0718371 7.94713e-06 0)
(0.0718369 6.74246e-06 0)
(0.0718367 5.53924e-06 0)
(0.0718365 4.3992e-06 0)
(0.0718364 3.36346e-06 0)
(0.0718362 2.45597e-06 0)
(0.0718362 1.687e-06 0)
(0.0718361 1.05643e-06 0)
(0.0718361 5.56766e-07 0)
(0.071836 1.75647e-07 0)
(0.071836 -1.02023e-07 0)
(0.071836 -2.9244e-07 0)
(0.071836 -4.11679e-07 0)
(0.071836 -4.74831e-07 0)
(0.071836 -4.95464e-07 0)
(0.0718361 -4.85334e-07 0)
(0.0718361 -4.54277e-07 0)
(0.0718361 -4.1026e-07 0)
(0.0718361 -3.59507e-07 0)
(0.0718361 -3.06698e-07 0)
(0.0718361 -2.55191e-07 0)
(0.0718361 -2.07245e-07 0)
(0.0718361 -1.64242e-07 0)
(0.0718361 -1.26889e-07 0)
(0.0718361 -9.53928e-08 0)
(0.0718361 -6.96072e-08 0)
(0.0718361 -4.91598e-08 0)
(0.0718361 -3.35476e-08 0)
(0.0718361 -2.22651e-08 0)
(0.0718361 -1.40949e-08 0)
(0.0344489 -2.94337e-06 0)
(0.034609 -0.000150013 0)
(0.0349354 -0.000269592 0)
(0.0353802 -0.00033376 0)
(0.0358907 -0.000373448 0)
(0.0365493 -0.000451578 0)
(0.0372381 -0.000334229 0)
(0.0379402 -0.000782939 0)
(0.0908641 -6.54943e-06 0)
(0.0906423 -0.000131832 0)
(0.0905789 -0.000299222 0)
(0.0906191 -0.000469686 0)
(0.0907723 -0.000653573 0)
(0.0910147 -0.000838384 0)
(0.0913739 -0.00104051 0)
(0.0922729 -0.0017205 0)
(0.128437 -1.00552e-05 0)
(0.128259 -9.47592e-05 0)
(0.128173 -0.000223131 0)
(0.128136 -0.000386136 0)
(0.128128 -0.000576531 0)
(0.12815 -0.000797916 0)
(0.128245 -0.00113634 0)
(0.128252 -0.00156996 0)
(0.147212 -1.38815e-05 0)
(0.147034 -0.000105209 0)
(0.146937 -0.000224307 0)
(0.146873 -0.000371794 0)
(0.146823 -0.000551252 0)
(0.146781 -0.00078136 0)
(0.146724 -0.0010612 0)
(0.146659 -0.00143131 0)
(0.147217 -1.91776e-05 0)
(0.147038 -0.00011284 0)
(0.146928 -0.00021679 0)
(0.14684 -0.000341388 0)
(0.146749 -0.000497861 0)
(0.146634 -0.000692854 0)
(0.146485 -0.000942339 0)
(0.146275 -0.00124748 0)
(0.12845 -2.70132e-05 0)
(0.128254 -0.000129072 0)
(0.128111 -0.000219805 0)
(0.127972 -0.000319406 0)
(0.127808 -0.000443195 0)
(0.127603 -0.00060275 0)
(0.127341 -0.000801988 0)
(0.127004 -0.00104086 0)
(0.0908862 -4.12439e-05 0)
(0.0906059 -0.000108121 0)
(0.0903846 -0.000143572 0)
(0.0901608 -0.000190174 0)
(0.0899068 -0.000266776 0)
(0.0895985 -0.00037769 0)
(0.0892128 -0.00052035 0)
(0.0887258 -0.000686457 0)
(0.0344547 -4.73696e-05 0)
(0.0343668 -2.90553e-05 0)
(0.0343061 9.14761e-07 0)
(0.0342408 -1.93354e-06 0)
(0.0341126 -3.63879e-05 0)
(0.0338928 -9.05898e-05 0)
(0.0335653 -0.000151854 0)
(0.0331237 -0.000209633 0)
(0.0406698 -0.00356139 0)
(0.0436235 -0.00329622 0)
(0.0463159 -0.00301062 0)
(0.0489405 -0.00273202 0)
(0.0513615 -0.00261143 0)
(0.0536312 -0.00258946 0)
(0.0557728 -0.00263823 0)
(0.0578135 -0.00273117 0)
(0.0597742 -0.00285413 0)
(0.0616709 -0.00299909 0)
(0.0635165 -0.00316259 0)
(0.0653215 -0.00334364 0)
(0.0670948 -0.00354291 0)
(0.068844 -0.00376208 0)
(0.0705763 -0.00400349 0)
(0.0722976 -0.00426994 0)
(0.0740134 -0.0045645 0)
(0.0757287 -0.00489032 0)
(0.0774475 -0.00525053 0)
(0.0791733 -0.00564806 0)
(0.0809089 -0.00608548 0)
(0.0826562 -0.00656488 0)
(0.0844166 -0.00708773 0)
(0.0861904 -0.00765473 0)
(0.0879775 -0.00826575 0)
(0.0897765 -0.00891968 0)
(0.0915854 -0.00961435 0)
(0.093401 -0.0103465 0)
(0.0952191 -0.0111117 0)
(0.0970343 -0.0119043 0)
(0.0988395 -0.0127175 0)
(0.100626 -0.0135434 0)
(0.102384 -0.0143731 0)
(0.104101 -0.0151965 0)
(0.105763 -0.0160028 0)
(0.107355 -0.0167804 0)
(0.108856 -0.0175165 0)
(0.110249 -0.0181976 0)
(0.111509 -0.0188093 0)
(0.112613 -0.0193363 0)
(0.113533 -0.0197628 0)
(0.114241 -0.0200734 0)
(0.114707 -0.0202531 0)
(0.114905 -0.0202882 0)
(0.11481 -0.0201673 0)
(0.114401 -0.0198816 0)
(0.113667 -0.0194264 0)
(0.112604 -0.0188017 0)
(0.11122 -0.0180135 0)
(0.109536 -0.0170735 0)
(0.107585 -0.0159998 0)
(0.105413 -0.0148154 0)
(0.103074 -0.0135468 0)
(0.100629 -0.0122227 0)
(0.0981413 -0.0108713 0)
(0.0956742 -0.00951858 0)
(0.0932859 -0.00818703 0)
(0.0910272 -0.00689428 0)
(0.0889402 -0.00565288 0)
(0.0870566 -0.00447032 0)
(0.0853977 -0.00334962 0)
(0.0839756 -0.0022901 0)
(0.0827938 -0.00128837 0)
(0.0818488 -0.000339274 0)
(0.0811319 0.000563173 0)
(0.0806304 0.00142506 0)
(0.0803291 0.00225196 0)
(0.0802111 0.00304853 0)
(0.0802589 0.00381821 0)
(0.0804548 0.00456315 0)
(0.0807812 0.00528409 0)
(0.081221 0.00598046 0)
(0.0817576 0.00665043 0)
(0.0823746 0.00729104 0)
(0.0830564 0.00789831 0)
(0.0837874 0.00846736 0)
(0.0845524 0.00899259 0)
(0.0853362 0.00946782 0)
(0.086124 0.00988639 0)
(0.0869008 0.0102414 0)
(0.087652 0.010526 0)
(0.0883631 0.0107332 0)
(0.0890204 0.0108568 0)
(0.0896109 0.0108909 0)
(0.090123 0.0108309 0)
(0.0905466 0.0106733 0)
(0.090874 0.0104162 0)
(0.0910999 0.0100597 0)
(0.0912221 0.009606 0)
(0.0912416 0.00905946 0)
(0.0911629 0.00842685 0)
(0.0909934 0.00771711 0)
(0.0907434 0.0069411 0)
(0.0904255 0.00611126 0)
(0.0900533 0.00524112 0)
(0.0896412 0.0043448 0)
(0.0892028 0.00343656 0)
(0.0887509 0.00253031 0)
(0.0882959 0.00163931 0)
(0.0878463 0.000775931 0)
(0.0874075 -4.85157e-05 0)
(0.0869826 -0.000823814 0)
(0.0865719 -0.00154086 0)
(0.0861735 -0.00219164 0)
(0.0857838 -0.00276923 0)
(0.0853974 -0.00326782 0)
(0.0850084 -0.00368273 0)
(0.0846101 -0.00401056 0)
(0.0841963 -0.00424926 0)
(0.0837613 -0.00439832 0)
(0.0833003 -0.00445888 0)
(0.0828103 -0.00443384 0)
(0.0822898 -0.00432793 0)
(0.0817392 -0.00414764 0)
(0.0811607 -0.00390112 0)
(0.0805582 -0.00359796 0)
(0.0799373 -0.00324883 0)
(0.0793043 -0.00286518 0)
(0.0786664 -0.00245879 0)
(0.0780312 -0.00204137 0)
(0.0774059 -0.00162417 0)
(0.0767975 -0.00121763 0)
(0.0762124 -0.00083109 0)
(0.075656 -0.000472563 0)
(0.075133 -0.000148556 0)
(0.074647 0.000136024 0)
(0.0742009 0.000377913 0)
(0.0737966 0.000575462 0)
(0.0734352 0.000728549 0)
(0.0731169 0.000838433 0)
(0.072841 0.000907566 0)
(0.0726063 0.000939374 0)
(0.0724105 0.000938021 0)
(0.0722509 0.000908182 0)
(0.0721242 0.000854825 0)
(0.0720264 0.000783023 0)
(0.0719538 0.000697784 0)
(0.0719021 0.000603901 0)
(0.0718674 0.00050583 0)
(0.0718461 0.000407583 0)
(0.0718348 0.000312641 0)
(0.0718305 0.00022389 0)
(0.0718309 0.000143581 0)
(0.0718341 7.33129e-05 0)
(0.0718384 1.40538e-05 0)
(0.071843 -3.38251e-05 0)
(0.071847 -7.04827e-05 0)
(0.07185 -9.6527e-05 0)
(0.0718519 -0.00011292 0)
(0.0718526 -0.000120879 0)
(0.0718524 -0.000121774 0)
(0.0718513 -0.000117041 0)
(0.0718496 -0.000108094 0)
(0.0718476 -9.62625e-05 0)
(0.0718454 -8.27401e-05 0)
(0.0718431 -6.8549e-05 0)
(0.071841 -5.45232e-05 0)
(0.0718391 -4.13036e-05 0)
(0.0718375 -2.93459e-05 0)
(0.0718363 -1.89369e-05 0)
(0.0718353 -1.02166e-05 0)
(0.0718346 -3.2047e-06 0)
(0.0718342 2.17285e-06 0)
(0.0718339 6.05734e-06 0)
(0.0718339 8.63334e-06 0)
(0.071834 1.01079e-05 0)
(0.0718341 1.06934e-05 0)
(0.0718344 1.05946e-05 0)
(0.0718346 9.99905e-06 0)
(0.0718349 9.07099e-06 0)
(0.0718351 7.94855e-06 0)
(0.0718354 6.74285e-06 0)
(0.0718356 5.53907e-06 0)
(0.0718358 4.39878e-06 0)
(0.0718359 3.36297e-06 0)
(0.071836 2.45551e-06 0)
(0.0718361 1.68661e-06 0)
(0.0718362 1.05613e-06 0)
(0.0718362 5.56547e-07 0)
(0.0718362 1.75497e-07 0)
(0.0718362 -1.0212e-07 0)
(0.0718362 -2.92498e-07 0)
(0.0718362 -4.1171e-07 0)
(0.0718362 -4.74845e-07 0)
(0.0718362 -4.95468e-07 0)
(0.0718362 -4.85332e-07 0)
(0.0718362 -4.54273e-07 0)
(0.0718362 -4.10255e-07 0)
(0.0718362 -3.59502e-07 0)
(0.0718362 -3.06695e-07 0)
(0.0718362 -2.55188e-07 0)
(0.0718361 -2.07243e-07 0)
(0.0718361 -1.6424e-07 0)
(0.0718361 -1.26888e-07 0)
(0.0718361 -9.53923e-08 0)
(0.0718361 -6.96071e-08 0)
(0.0718361 -4.916e-08 0)
(0.0718361 -3.35481e-08 0)
(0.0718361 -2.2266e-08 0)
(0.0718361 -1.40959e-08 0)
(0.0929366 -0.00225213 0)
(0.093027 -0.00275682 0)
(0.0933622 -0.003058 0)
(0.0938614 -0.00327601 0)
(0.0945217 -0.00345424 0)
(0.0952841 -0.00361851 0)
(0.0961163 -0.00377852 0)
(0.0969941 -0.00393839 0)
(0.0979018 -0.00410063 0)
(0.0988292 -0.00426746 0)
(0.0997695 -0.00444147 0)
(0.100718 -0.00462556 0)
(0.101672 -0.0048229 0)
(0.10263 -0.0050369 0)
(0.10359 -0.00527108 0)
(0.104552 -0.00552903 0)
(0.105515 -0.00581433 0)
(0.106479 -0.00613048 0)
(0.107444 -0.00648079 0)
(0.108409 -0.00686827 0)
(0.109374 -0.0072955 0)
(0.110338 -0.00776454 0)
(0.111297 -0.00827673 0)
(0.112252 -0.00883266 0)
(0.113197 -0.00943196 0)
(0.11413 -0.0100732 0)
(0.115045 -0.0107538 0)
(0.115937 -0.0114699 0)
(0.116798 -0.0122162 0)
(0.117619 -0.0129861 0)
(0.118391 -0.0137713 0)
(0.1191 -0.0145623 0)
(0.119731 -0.015348 0)
(0.120266 -0.0161164 0)
(0.120686 -0.0168541 0)
(0.120968 -0.0175467 0)
(0.121085 -0.0181788 0)
(0.121011 -0.0187334 0)
(0.120715 -0.0191927 0)
(0.120166 -0.0195379 0)
(0.119333 -0.0197503 0)
(0.118186 -0.0198125 0)
(0.116698 -0.0197092 0)
(0.114851 -0.0194291 0)
(0.112634 -0.0189655 0)
(0.110051 -0.0183178 0)
(0.10712 -0.0174927 0)
(0.103875 -0.0165045 0)
(0.100368 -0.0153755 0)
(0.0966662 -0.0141345 0)
(0.0928476 -0.0128149 0)
(0.0889997 -0.0114524 0)
(0.0852116 -0.0100821 0)
(0.081568 -0.00873614 0)
(0.0781435 -0.00744159 0)
(0.0749988 -0.00621892 0)
(0.0721778 -0.00508107 0)
(0.0697071 -0.00403349 0)
(0.0675975 -0.00307496 0)
(0.0658466 -0.00219898 0)
(0.0644418 -0.00139548 0)
(0.0633632 -0.000652562 0)
(0.0625871 4.20966e-05 0)
(0.0620877 0.000700081 0)
(0.0618391 0.00133152 0)
(0.0618161 0.00194469 0)
(0.0619951 0.00254586 0)
(0.0623543 0.00313929 0)
(0.0628738 0.00372741 0)
(0.0635355 0.00431097 0)
(0.0643227 0.00488924 0)
(0.0652203 0.00546023 0)
(0.0662142 0.00602087 0)
(0.0672908 0.00656715 0)
(0.0684375 0.00709434 0)
(0.0696419 0.00759705 0)
(0.0708917 0.00806938 0)
(0.0721745 0.00850507 0)
(0.0734782 0.00889753 0)
(0.0747902 0.00924004 0)
(0.0760977 0.00952585 0)
(0.0773879 0.0097483 0)
(0.0786479 0.00990104 0)
(0.0798647 0.00997815 0)
(0.081026 0.00997442 0)
(0.0821198 0.00988556 0)
(0.083135 0.00970844 0)
(0.0840618 0.00944137 0)
(0.084892 0.00908436 0)
(0.0856194 0.00863931 0)
(0.0862401 0.00811013 0)
(0.0867522 0.00750283 0)
(0.0871566 0.00682546 0)
(0.087456 0.0060879 0)
(0.0876552 0.00530165 0)
(0.0877607 0.00447942 0)
(0.0877795 0.00363477 0)
(0.0877193 0.00278166 0)
(0.0875876 0.00193408 0)
(0.0873912 0.00110571 0)
(0.0871358 0.000309565 0)
(0.0868262 -0.000442176 0)
(0.0864655 -0.00113839 0)
(0.086056 -0.00176917 0)
(0.0855988 -0.00232592 0)
(0.0850942 -0.00280155 0)
(0.0845425 -0.00319058 0)
(0.083944 -0.00348931 0)
(0.0832999 -0.00369595 0)
(0.0826123 -0.00381074 0)
(0.0818848 -0.00383608 0)
(0.0811225 -0.00377645 0)
(0.0803323 -0.00363839 0)
(0.0795224 -0.00343026 0)
(0.0787025 -0.00316193 0)
(0.0778826 -0.00284446 0)
(0.0770734 -0.00248959 0)
(0.0762851 -0.00210934 0)
(0.0755272 -0.00171556 0)
(0.0748079 -0.00131958 0)
(0.0741341 -0.000931835 0)
(0.073511 -0.000561699 0)
(0.0729422 -0.000217239 0)
(0.0724297 9.48823e-05 0)
(0.0719743 0.000369493 0)
(0.0715752 0.000602946 0)
(0.0712309 0.000793124 0)
(0.070939 0.000939391 0)
(0.0706963 0.00104251 0)
(0.0704993 0.0011045 0)
(0.0703441 0.00112848 0)
(0.0702263 0.00111843 0)
(0.0701418 0.00107898 0)
(0.0700858 0.00101517 0)
(0.0700539 0.000932202 0)
(0.0700416 0.000835282 0)
(0.0700446 0.000729395 0)
(0.0700587 0.000619179 0)
(0.0700803 0.000508807 0)
(0.070106 0.000401901 0)
(0.0701332 0.000301468 0)
(0.0701594 0.000209872 0)
(0.0701832 0.000128821 0)
(0.0702032 5.93879e-05 0)
(0.0702189 2.04653e-06 0)
(0.0702299 -4.32677e-05 0)
(0.0702365 -7.70818e-05 0)
(0.070239 -0.000100296 0)
(0.070238 -0.000114091 0)
(0.0702341 -0.000119829 0)
(0.0702281 -0.000118962 0)
(0.0702207 -0.000112954 0)
(0.0702126 -0.000103204 0)
(0.0702044 -9.09971e-05 0)
(0.0701964 -7.74596e-05 0)
(0.070189 -6.35378e-05 0)
(0.0701825 -4.99874e-05 0)
(0.0701771 -3.73752e-05 0)
(0.0701726 -2.60911e-05 0)
(0.0701692 -1.63672e-05 0)
(0.0701668 -8.30138e-06 0)
(0.0701651 -1.88315e-06 0)
(0.0701642 2.98037e-06 0)
(0.0701639 6.43968e-06 0)
(0.070164 8.68074e-06 0)
(0.0701645 9.90614e-06 0)
(0.0701651 1.03198e-05 0)
(0.0701659 1.01155e-05 0)
(0.0701667 9.46882e-06 0)
(0.0701675 8.53205e-06 0)
(0.0701683 7.4321e-06 0)
(0.070169 6.27012e-06 0)
(0.0701696 5.12288e-06 0)
(0.0701701 4.04515e-06 0)
(0.0701705 3.07272e-06 0)
(0.0701708 2.22569e-06 0)
(0.070171 1.51179e-06 0)
(0.0701712 9.29415e-07 0)
(0.0701713 4.70419e-07 0)
(0.0701713 1.22435e-07 0)
(0.0701714 -1.29207e-07 0)
(0.0701714 -2.99997e-07 0)
(0.0701713 -4.05148e-07 0)
(0.0701713 -4.58837e-07 0)
(0.0701713 -4.73735e-07 0)
(0.0701712 -4.60763e-07 0)
(0.0701712 -4.29019e-07 0)
(0.0701712 -3.85839e-07 0)
(0.0701711 -3.36927e-07 0)
(0.0701711 -2.8655e-07 0)
(0.0701711 -2.37749e-07 0)
(0.0701711 -1.9255e-07 0)
(0.070171 -1.52174e-07 0)
(0.070171 -1.17224e-07 0)
(0.070171 -8.78462e-08 0)
(0.070171 -6.38682e-08 0)
(0.070171 -4.49144e-08 0)
(0.070171 -3.04927e-08 0)
(0.070171 -2.01261e-08 0)
(0.070171 -1.27347e-08 0)
(0.12819 -0.00220727 0)
(0.128147 -0.00273597 0)
(0.128087 -0.00314088 0)
(0.128075 -0.00345132 0)
(0.128115 -0.00370432 0)
(0.128202 -0.00392339 0)
(0.128325 -0.00412263 0)
(0.128476 -0.0043105 0)
(0.128647 -0.00449265 0)
(0.128829 -0.00467341 0)
(0.129019 -0.00485663 0)
(0.129212 -0.00504602 0)
(0.129404 -0.00524528 0)
(0.129593 -0.00545817 0)
(0.129775 -0.00568845 0)
(0.129948 -0.0059399 0)
(0.130111 -0.00621625 0)
(0.130259 -0.00652106 0)
(0.130391 -0.00685771 0)
(0.130504 -0.00722918 0)
(0.130594 -0.00763802 0)
(0.130657 -0.00808619 0)
(0.130689 -0.0085749 0)
(0.130684 -0.0091045 0)
(0.130637 -0.00967432 0)
(0.13054 -0.0102825 0)
(0.130384 -0.0109259 0)
(0.130159 -0.0115997 0)
(0.129855 -0.0122976 0)
(0.129457 -0.0130113 0)
(0.128949 -0.0137306 0)
(0.128312 -0.0144431 0)
(0.127525 -0.0151349 0)
(0.126562 -0.0157902 0)
(0.125395 -0.016392 0)
(0.123994 -0.016922 0)
(0.12233 -0.0173609 0)
(0.120369 -0.0176888 0)
(0.118082 -0.0178848 0)
(0.115442 -0.017929 0)
(0.112424 -0.0178036 0)
(0.109013 -0.0174954 0)
(0.105205 -0.0169972 0)
(0.101015 -0.0163095 0)
(0.0964772 -0.0154406 0)
(0.0916507 -0.0144076 0)
(0.086618 -0.0132361 0)
(0.0814823 -0.0119601 0)
(0.076361 -0.0106215 0)
(0.0713766 -0.00926697 0)
(0.0666453 -0.00794369 0)
(0.062266 -0.00669366 0)
(0.0583125 -0.00554884 0)
(0.0548293 -0.00452802 0)
(0.0518325 -0.00363627 0)
(0.049315 -0.00286691 0)
(0.0472522 -0.002205 0)
(0.0456093 -0.00163127 0)
(0.0443467 -0.00112544 0)
(0.0434245 -0.000668485 0)
(0.0428046 -0.000243929 0)
(0.0424527 0.000161774 0)
(0.0423386 0.000559266 0)
(0.0424361 0.000956566 0)
(0.0427228 0.00135941 0)
(0.0431794 0.00177159 0)
(0.0437895 0.00219519 0)
(0.0445389 0.00263087 0)
(0.0454152 0.00307803 0)
(0.0464073 0.00353499 0)
(0.0475052 0.00399915 0)
(0.0486995 0.00446712 0)
(0.0499813 0.00493485 0)
(0.051342 0.0053977 0)
(0.052773 0.00585061 0)
(0.0542655 0.0062881 0)
(0.0558106 0.00670442 0)
(0.0573989 0.00709358 0)
(0.0590205 0.00744946 0)
(0.0606653 0.00776584 0)
(0.0623222 0.00803653 0)
(0.0639801 0.00825548 0)
(0.0656271 0.00841682 0)
(0.0672509 0.00851508 0)
(0.0688393 0.00854531 0)
(0.0703795 0.00850326 0)
(0.0718592 0.00838556 0)
(0.0732664 0.00819 0)
(0.0745896 0.00791568 0)
(0.0758184 0.00756325 0)
(0.0769436 0.00713504 0)
(0.0779575 0.00663525 0)
(0.078854 0.00606988 0)
(0.0796286 0.00544679 0)
(0.080279 0.00477549 0)
(0.080804 0.00406694 0)
(0.0812044 0.00333327 0)
(0.0814819 0.00258741 0)
(0.0816393 0.00184275 0)
(0.0816798 0.00111275 0)
(0.0816073 0.000410554 0)
(0.0814259 -0.000251285 0)
(0.08114 -0.000861178 0)
(0.0807541 -0.00140877 0)
(0.0802733 -0.00188521 0)
(0.0797035 -0.00228342 0)
(0.0790513 -0.00259831 0)
(0.0783249 -0.00282698 0)
(0.0775338 -0.00296885 0)
(0.0766892 -0.00302573 0)
(0.0758041 -0.00300172 0)
(0.0748925 -0.00290311 0)
(0.0739695 -0.00273802 0)
(0.0730507 -0.00251604 0)
(0.0721512 -0.00224777 0)
(0.0712852 -0.00194432 0)
(0.0704652 -0.00161686 0)
(0.069702 -0.00127622 0)
(0.0690037 -0.000932573 0)
(0.0683761 -0.000595208 0)
(0.0678228 -0.000272377 0)
(0.0673447 2.87975e-05 0)
(0.0669412 0.000302372 0)
(0.0666096 0.000543617 0)
(0.066346 0.000749029 0)
(0.0661456 0.000916348 0)
(0.0660024 0.00104455 0)
(0.0659103 0.00113382 0)
(0.0658627 0.00118548 0)
(0.0658529 0.0012019 0)
(0.0658745 0.00118637 0)
(0.065921 0.00114289 0)
(0.0659865 0.00107596 0)
(0.0660652 0.000990394 0)
(0.0661521 0.000891102 0)
(0.0662426 0.000782872 0)
(0.0663326 0.000670219 0)
(0.0664187 0.000557242 0)
(0.0664983 0.00044752 0)
(0.0665692 0.000344046 0)
(0.06663 0.000249183 0)
(0.0666801 0.000164659 0)
(0.0667191 9.1576e-05 0)
(0.0667475 3.04571e-05 0)
(0.0667659 -1.8702e-05 0)
(0.0667754 -5.63571e-05 0)
(0.0667773 -8.33315e-05 0)
(0.066773 -0.000100726 0)
(0.066764 -0.00010983 0)
(0.0667517 -0.00011203 0)
(0.0667373 -0.000108738 0)
(0.066722 -0.000101317 0)
(0.0667068 -9.10327e-05 0)
(0.0666922 -7.90113e-05 0)
(0.066679 -6.6214e-05 0)
(0.0666674 -5.3425e-05 0)
(0.0666577 -4.1251e-05 0)
(0.0666498 -3.0129e-05 0)
(0.0666438 -2.03426e-05 0)
(0.0666394 -1.20415e-05 0)
(0.0666365 -5.26507e-06 0)
(0.0666348 3.38159e-08 0)
(0.0666342 3.96606e-06 0)
(0.0666343 6.68487e-06 0)
(0.066635 8.3673e-06 0)
(0.0666361 9.19886e-06 0)
(0.0666374 9.3614e-06 0)
(0.0666388 9.02424e-06 0)
(0.0666402 8.33818e-06 0)
(0.0666416 7.43218e-06 0)
(0.0666428 6.41207e-06 0)
(0.0666438 5.36096e-06 0)
(0.0666447 4.34082e-06 0)
(0.0666454 3.39488e-06 0)
(0.066646 2.55037e-06 0)
(0.0666464 1.82154e-06 0)
(0.0666467 1.21248e-06 0)
(0.0666469 7.19801e-07 0)
(0.0666471 3.34932e-07 0)
(0.0666471 4.6102e-08 0)
(0.0666471 -1.601e-07 0)
(0.0666471 -2.97505e-07 0)
(0.0666471 -3.79491e-07 0)
(0.066647 -4.18381e-07 0)
(0.0666469 -4.2509e-07 0)
(0.0666469 -4.08952e-07 0)
(0.0666468 -3.77688e-07 0)
(0.0666468 -3.37479e-07 0)
(0.0666467 -2.93097e-07 0)
(0.0666467 -2.4808e-07 0)
(0.0666466 -2.04921e-07 0)
(0.0666466 -1.65258e-07 0)
(0.0666466 -1.30049e-07 0)
(0.0666466 -9.97342e-08 0)
(0.0666465 -7.43778e-08 0)
(0.0666465 -5.37818e-08 0)
(0.0666465 -3.75837e-08 0)
(0.0666465 -2.53247e-08 0)
(0.0666465 -1.65797e-08 0)
(0.0666465 -1.04776e-08 0)
(0.146528 -0.00184706 0)
(0.146278 -0.00227445 0)
(0.14597 -0.00266628 0)
(0.145635 -0.00301147 0)
(0.145298 -0.00331433 0)
(0.144962 -0.00358294 0)
(0.144628 -0.00382492 0)
(0.144291 -0.00404673 0)
(0.143947 -0.00425394 0)
(0.14359 -0.00445158 0)
(0.143218 -0.00464437 0)
(0.142825 -0.00483687 0)
(0.14241 -0.00503348 0)
(0.141969 -0.00523856 0)
(0.141498 -0.00545633 0)
(0.140995 -0.00569088 0)
(0.140455 -0.00594615 0)
(0.139876 -0.0062258 0)
(0.139251 -0.00653317 0)
(0.138577 -0.00687115 0)
(0.137845 -0.00724206 0)
(0.137051 -0.00764753 0)
(0.136184 -0.00808832 0)
(0.135236 -0.00856419 0)
(0.134196 -0.00907367 0)
(0.133052 -0.00961391 0)
(0.13179 -0.0101804 0)
(0.130394 -0.0107667 0)
(0.128847 -0.0113641 0)
(0.127128 -0.0119617 0)
(0.125216 -0.0125456 0)
(0.123084 -0.0131 0)
(0.120707 -0.0136071 0)
(0.118054 -0.0140476 0)
(0.115096 -0.0144023 0)
(0.111801 -0.0146516 0)
(0.108142 -0.0147763 0)
(0.104096 -0.0147575 0)
(0.0996485 -0.0145761 0)
(0.0947981 -0.0142151 0)
(0.0895617 -0.0136617 0)
(0.0839834 -0.012913 0)
(0.0781401 -0.0119794 0)
(0.0721416 -0.0108877 0)
(0.0661251 -0.00968079 0)
(0.0602442 -0.00841543 0)
(0.0546518 -0.00715634 0)
(0.049482 -0.0059671 0)
(0.0448334 -0.0048993 0)
(0.040761 -0.00398399 0)
(0.0372768 -0.0032288 0)
(0.0343572 -0.00262154 0)
(0.0319559 -0.0021378 0)
(0.0300149 -0.00174919 0)
(0.0284745 -0.00142927 0)
(0.0272789 -0.00115659 0)
(0.0263794 -0.000915028 0)
(0.0257358 -0.000692845 0)
(0.0253152 -0.000481244 0)
(0.025092 -0.000273208 0)
(0.0250456 -6.27861e-05 0)
(0.0251598 0.000155195 0)
(0.0254219 0.000385145 0)
(0.0258214 0.000630605 0)
(0.0263496 0.000894134 0)
(0.0269996 0.00117724 0)
(0.0277651 0.00148037 0)
(0.0286408 0.00180297 0)
(0.0296217 0.00214353 0)
(0.0307031 0.00249973 0)
(0.0318804 0.00286856 0)
(0.0331489 0.00324639 0)
(0.0345037 0.00362911 0)
(0.0359394 0.00401224 0)
(0.0374503 0.00439094 0)
(0.0390302 0.00476016 0)
(0.0406722 0.00511468 0)
(0.0423687 0.00544913 0)
(0.0441114 0.00575808 0)
(0.0458914 0.00603612 0)
(0.047699 0.00627785 0)
(0.0495236 0.00647803 0)
(0.051354 0.00663161 0)
(0.0531784 0.00673388 0)
(0.0549843 0.00678051 0)
(0.0567589 0.0067678 0)
(0.0584888 0.00669273 0)
(0.0601608 0.0065532 0)
(0.0617615 0.00634818 0)
(0.0632779 0.00607789 0)
(0.0646976 0.00574399 0)
(0.0660092 0.00534963 0)
(0.067202 0.00489958 0)
(0.0682669 0.00440024 0)
(0.0691961 0.00385954 0)
(0.0699836 0.0032868 0)
(0.0706248 0.00269253 0)
(0.0711169 0.00208817 0)
(0.0714589 0.00148569 0)
(0.0716513 0.000897285 0)
(0.0716962 0.00033497 0)
(0.0715976 -0.000189832 0)
(0.0713612 -0.000666667 0)
(0.0709945 -0.00108644 0)
(0.0705072 -0.00144174 0)
(0.0699111 -0.00172719 0)
(0.0692201 -0.00193962 0)
(0.0684504 -0.00207822 0)
(0.0676199 -0.00214457 0)
(0.066748 -0.00214247 0)
(0.0658549 -0.00207769 0)
(0.0649608 -0.00195758 0)
(0.0640851 -0.00179059 0)
(0.0632455 -0.00158577 0)
(0.0624575 -0.00135236 0)
(0.0617339 -0.00109939 0)
(0.0610843 -0.000835393 0)
(0.0605155 -0.000568268 0)
(0.0600311 -0.000305144 0)
(0.0596323 -5.23713e-05 0)
(0.0593177 0.000184504 0)
(0.0590842 0.000400738 0)
(0.0589269 0.000592408 0)
(0.0588397 0.000756433 0)
(0.0588155 0.000890616 0)
(0.0588464 0.00099367 0)
(0.0589244 0.00106525 0)
(0.059041 0.00110594 0)
(0.0591879 0.00111724 0)
(0.059357 0.00110146 0)
(0.0595405 0.00106161 0)
(0.0597313 0.00100127 0)
(0.059923 0.000924381 0)
(0.06011 0.000835083 0)
(0.0602875 0.000737507 0)
(0.0604517 0.000635622 0)
(0.0605996 0.000533082 0)
(0.0607294 0.000433116 0)
(0.0608397 0.000338446 0)
(0.0609304 0.000251244 0)
(0.0610018 0.000173106 0)
(0.0610549 0.000105076 0)
(0.0610913 4.76681e-05 0)
(0.0611128 9.27854e-07 0)
(0.0611216 -3.55052e-05 0)
(0.0611201 -6.232e-05 0)
(0.0611103 -8.04543e-05 0)
(0.0610946 -9.10146e-05 0)
(0.061075 -9.5201e-05 0)
(0.0610532 -9.42387e-05 0)
(0.0610307 -8.93206e-05 0)
(0.0610087 -8.15608e-05 0)
(0.0609881 -7.19597e-05 0)
(0.0609697 -6.13818e-05 0)
(0.0609537 -5.0544e-05 0)
(0.0609403 -4.00127e-05 0)
(0.0609296 -3.02097e-05 0)
(0.0609215 -2.14238e-05 0)
(0.0609156 -1.38266e-05 0)
(0.0609117 -7.49029e-06 0)
(0.0609096 -2.40784e-06 0)
(0.0609087 1.48853e-06 0)
(0.060909 4.30911e-06 0)
(0.06091 6.19074e-06 0)
(0.0609115 7.2832e-06 0)
(0.0609133 7.73812e-06 0)
(0.0609153 7.70054e-06 0)
(0.0609172 7.30294e-06 0)
(0.060919 6.66137e-06 0)
(0.0609207 5.87364e-06 0)
(0.0609221 5.01883e-06 0)
(0.0609233 4.15807e-06 0)
(0.0609244 3.33611e-06 0)
(0.0609252 2.58333e-06 0)
(0.0609258 1.91809e-06 0)
(0.0609262 1.34905e-06 0)
(0.0609265 8.77434e-07 0)
(0.0609267 4.99041e-07 0)
(0.0609268 2.06028e-07 0)
(0.0609268 -1.16282e-08 0)
(0.0609268 -1.64962e-07 0)
(0.0609267 -2.65128e-07 0)
(0.0609267 -3.2277e-07 0)
(0.0609266 -3.47597e-07 0)
(0.0609265 -3.48137e-07 0)
(0.0609264 -3.31636e-07 0)
(0.0609263 -3.0405e-07 0)
(0.0609263 -2.70119e-07 0)
(0.0609262 -2.33478e-07 0)
(0.0609261 -1.96803e-07 0)
(0.0609261 -1.6196e-07 0)
(0.0609261 -1.30156e-07 0)
(0.060926 -1.02078e-07 0)
(0.060926 -7.80182e-08 0)
(0.060926 -5.7981e-08 0)
(0.060926 -4.17753e-08 0)
(0.060926 -2.90864e-08 0)
(0.060926 -1.95226e-08 0)
(0.060926 -1.27322e-08 0)
(0.060926 -8.01611e-09 0)
(0.145982 -0.00160261 0)
(0.145603 -0.00196855 0)
(0.145142 -0.0023155 0)
(0.144615 -0.00262886 0)
(0.144034 -0.00290569 0)
(0.143406 -0.00314884 0)
(0.142733 -0.0033634 0)
(0.142016 -0.00355509 0)
(0.141254 -0.00372956 0)
(0.140447 -0.00389223 0)
(0.139593 -0.00404813 0)
(0.138692 -0.00420204 0)
(0.137741 -0.00435841 0)
(0.136738 -0.00452144 0)
(0.13568 -0.00469508 0)
(0.134564 -0.00488303 0)
(0.133384 -0.00508865 0)
(0.132136 -0.00531497 0)
(0.130812 -0.00556451 0)
(0.129404 -0.00583926 0)
(0.127902 -0.0061405 0)
(0.126295 -0.00646868 0)
(0.12457 -0.00682326 0)
(0.122714 -0.00720256 0)
(0.12071 -0.0076036 0)
(0.11854 -0.00802182 0)
(0.116185 -0.00845093 0)
(0.113625 -0.00888255 0)
(0.110836 -0.00930591 0)
(0.107795 -0.00970752 0)
(0.104475 -0.0100709 0)
(0.10085 -0.0103769 0)
(0.0968932 -0.0106037 0)
(0.0925805 -0.0107287 0)
(0.0878959 -0.0107294 0)
(0.0828365 -0.0105851 0)
(0.0774191 -0.0102784 0)
(0.0716863 -0.00979673 0)
(0.0657126 -0.00913589 0)
(0.0596081 -0.00830829 0)
(0.0535142 -0.00735042 0)
(0.047591 -0.00632278 0)
(0.041997 -0.00529933 0)
(0.0368689 -0.00435105 0)
(0.0323052 -0.00353076 0)
(0.0283539 -0.00286395 0)
(0.0250114 -0.00234799 0)
(0.0222331 -0.00195925 0)
(0.0199506 -0.00166443 0)
(0.0180876 -0.0014315 0)
(0.0165716 -0.00123681 0)
(0.0153403 -0.00106695 0)
(0.0143437 -0.000916719 0)
(0.0135442 -0.000785148 0)
(0.0129141 -0.000671945 0)
(0.012433 -0.000575455 0)
(0.0120856 -0.000492119 0)
(0.0118603 -0.000416876 0)
(0.011748 -0.00034391 0)
(0.0117417 -0.000267341 0)
(0.0118364 -0.000181746 0)
(0.0120286 -8.24712e-05 0)
(0.0123165 3.41935e-05 0)
(0.0126992 0.000170951 0)
(0.0131767 0.000329495 0)
(0.0137495 0.000510549 0)
(0.0144181 0.000713936 0)
(0.0151833 0.000938664 0)
(0.0160451 0.00118301 0)
(0.0170034 0.00144464 0)
(0.0180575 0.00172067 0)
(0.0192057 0.00200778 0)
(0.0204459 0.00230231 0)
(0.0217749 0.00260029 0)
(0.0231888 0.00289756 0)
(0.0246828 0.00318979 0)
(0.0262513 0.00347254 0)
(0.0278874 0.00374132 0)
(0.0295838 0.00399161 0)
(0.0313319 0.00421892 0)
(0.0331222 0.00441884 0)
(0.0349445 0.0045871 0)
(0.0367875 0.00471962 0)
(0.0386392 0.00481259 0)
(0.0404869 0.00486258 0)
(0.042317 0.00486664 0)
(0.0441155 0.00482241 0)
(0.0458679 0.00472826 0)
(0.0475597 0.00458345 0)
(0.0491761 0.00438824 0)
(0.0507027 0.00414405 0)
(0.0521255 0.00385355 0)
(0.0534315 0.00352069 0)
(0.0546086 0.00315079 0)
(0.0556462 0.00275042 0)
(0.0565353 0.00232733 0)
(0.0572688 0.00189022 0)
(0.0578417 0.00144856 0)
(0.0582517 0.00101219 0)
(0.0584987 0.000591033 0)
(0.0585856 0.000194664 0)
(0.0585183 -0.000168091 0)
(0.0583058 -0.000489551 0)
(0.0579599 -0.000763542 0)
(0.0574959 -0.000985693 0)
(0.0569316 -0.00115362 0)
(0.0562869 -0.00126698 0)
(0.0555838 -0.0013274 0)
(0.0548448 -0.00133818 0)
(0.0540922 -0.00130402 0)
(0.0533474 -0.00123057 0)
(0.05263 -0.001124 0)
(0.0519568 -0.000990684 0)
(0.0513418 -0.000836878 0)
(0.0507958 -0.000668555 0)
(0.0503263 -0.000491308 0)
(0.0499382 -0.00031031 0)
(0.0496332 -0.000130318 0)
(0.049411 4.43242e-05 0)
(0.049269 0.000209681 0)
(0.0492032 0.000362242 0)
(0.0492078 0.000498957 0)
(0.0492761 0.000617283 0)
(0.0494005 0.000715244 0)
(0.0495727 0.000791482 0)
(0.0497839 0.00084531 0)
(0.0500252 0.000876735 0)
(0.0502878 0.000886461 0)
(0.0505631 0.000875854 0)
(0.0508429 0.000846875 0)
(0.0511199 0.00080198 0)
(0.0513875 0.00074399 0)
(0.05164 0.00067595 0)
(0.0518729 0.000600976 0)
(0.0520829 0.000522114 0)
(0.0522676 0.000442213 0)
(0.0524257 0.000363824 0)
(0.0525571 0.000289119 0)
(0.0526624 0.000219848 0)
(0.0527431 0.000157319 0)
(0.052801 0.000102407 0)
(0.0528388 5.55727e-05 0)
(0.0528592 1.69117e-05 0)
(0.0528651 -1.37972e-05 0)
(0.0528593 -3.70307e-05 0)
(0.0528447 -5.346e-05 0)
(0.0528239 -6.38905e-05 0)
(0.0527992 -6.92049e-05 0)
(0.0527725 -7.03132e-05 0)
(0.0527456 -6.811e-05 0)
(0.0527196 -6.34396e-05 0)
(0.0526956 -5.70703e-05 0)
(0.0526742 -4.96762e-05 0)
(0.0526558 -4.18277e-05 0)
(0.0526405 -3.39871e-05 0)
(0.0526283 -2.65111e-05 0)
(0.052619 -1.96576e-05 0)
(0.0526123 -1.35951e-05 0)
(0.0526078 -8.41501e-06 0)
(0.0526053 -4.1448e-06 0)
(0.0526044 -7.61493e-07 0)
(0.0526046 1.79537e-06 0)
(0.0526057 3.61182e-06 0)
(0.0526074 4.78895e-06 0)
(0.0526095 5.43408e-06 0)
(0.0526117 5.65378e-06 0)
(0.0526139 5.54854e-06 0)
(0.052616 5.20915e-06 0)
(0.0526179 4.71442e-06 0)
(0.0526196 4.13021e-06 0)
(0.052621 3.50936e-06 0)
(0.0526222 2.89235e-06 0)
(0.0526232 2.3085e-06 0)
(0.0526239 1.77741e-06 0)
(0.0526245 1.3106e-06 0)
(0.0526248 9.13099e-07 0)
(0.0526251 5.84978e-07 0)
(0.0526252 3.2275e-07 0)
(0.0526253 1.20545e-07 0)
(0.0526253 -2.88983e-08 0)
(0.0526252 -1.33453e-07 0)
(0.0526251 -2.01011e-07 0)
(0.052625 -2.39055e-07 0)
(0.0526249 -2.54388e-07 0)
(0.0526248 -2.52972e-07 0)
(0.0526248 -2.3986e-07 0)
(0.0526247 -2.192e-07 0)
(0.0526246 -1.94288e-07 0)
(0.0526245 -1.6765e-07 0)
(0.0526245 -1.4114e-07 0)
(0.0526244 -1.16049e-07 0)
(0.0526244 -9.32082e-08 0)
(0.0526244 -7.30845e-08 0)
(0.0526244 -5.58706e-08 0)
(0.0526243 -4.15582e-08 0)
(0.0526243 -2.99999e-08 0)
(0.0526243 -2.0961e-08 0)
(0.0526243 -1.41416e-08 0)
(0.0526243 -9.28195e-09 0)
(0.0526243 -5.77653e-09 0)
(0.12657 -0.00130675 0)
(0.126024 -0.00157972 0)
(0.125369 -0.00183881 0)
(0.124611 -0.00207097 0)
(0.123761 -0.00227174 0)
(0.122826 -0.00244246 0)
(0.121812 -0.00258747 0)
(0.120724 -0.00271228 0)
(0.119565 -0.00282244 0)
(0.118338 -0.00292317 0)
(0.117045 -0.00301912 0)
(0.115688 -0.00311443 0)
(0.114264 -0.00321277 0)
(0.112774 -0.00331742 0)
(0.111213 -0.0034313 0)
(0.109577 -0.00355696 0)
(0.107859 -0.00369655 0)
(0.106052 -0.00385176 0)
(0.104145 -0.00402372 0)
(0.102128 -0.00421287 0)
(0.0999879 -0.00441885 0)
(0.097709 -0.00464034 0)
(0.0952753 -0.0048749 0)
(0.0926691 -0.00511882 0)
(0.0898714 -0.00536683 0)
(0.0868626 -0.00561186 0)
(0.0836233 -0.00584469 0)
(0.0801346 -0.00605343 0)
(0.0763804 -0.0062231 0)
(0.0723492 -0.00633543 0)
(0.0680373 -0.00636954 0)
(0.063453 -0.00630426 0)
(0.0586215 -0.00612228 0)
(0.0535889 -0.00581531 0)
(0.0484248 -0.00538823 0)
(0.0432228 -0.00486064 0)
(0.0380994 -0.00426511 0)
(0.0331885 -0.00364273 0)
(0.028626 -0.00303796 0)
(0.0245211 -0.00249232 0)
(0.0209301 -0.00203594 0)
(0.0178532 -0.00168064 0)
(0.0152522 -0.00141937 0)
(0.0130721 -0.00123071 0)
(0.0112536 -0.00108599 0)
(0.00973844 -0.000958602 0)
(0.00847294 -0.000832789 0)
(0.00741081 -0.000706604 0)
(0.00651546 -0.000587501 0)
(0.00575971 -0.000484984 0)
(0.00512346 -0.00040538 0)
(0.00459092 -0.00035033 0)
(0.0041485 -0.000317678 0)
(0.00378391 -0.000303047 0)
(0.00348625 -0.000301189 0)
(0.00324649 -0.000306865 0)
(0.00305794 -0.00031531 0)
(0.00291648 -0.000322371 0)
(0.00282049 -0.000324468 0)
(0.00277062 -0.000318478 0)
(0.00276945 -0.000301644 0)
(0.00282105 -0.00027155 0)
(0.00293057 -0.000226144 0)
(0.00310385 -0.00016381 0)
(0.00334701 -8.34334e-05 0)
(0.00366617 1.55453e-05 0)
(0.00406709 0.000133105 0)
(0.00455496 0.00026865 0)
(0.0051342 0.000421036 0)
(0.00580829 0.000588624 0)
(0.00657965 0.000769339 0)
(0.0074496 0.000960739 0)
(0.00841827 0.00116008 0)
(0.00948457 0.00136438 0)
(0.0106462 0.00157048 0)
(0.0118997 0.00177509 0)
(0.0132403 0.00197484 0)
(0.0146622 0.00216633 0)
(0.0161582 0.00234614 0)
(0.0177201 0.00251091 0)
(0.0193386 0.00265734 0)
(0.0210033 0.00278227 0)
(0.0227027 0.00288271 0)
(0.0244242 0.00295589 0)
(0.0261547 0.00299936 0)
(0.0278799 0.00301105 0)
(0.029585 0.00298938 0)
(0.0312546 0.00293331 0)
(0.032873 0.00284252 0)
(0.0344245 0.00271744 0)
(0.0358934 0.00255937 0)
(0.0372646 0.00237056 0)
(0.0385239 0.00215422 0)
(0.039658 0.00191453 0)
(0.0406556 0.00165658 0)
(0.0415073 0.00138627 0)
(0.042206 0.00111007 0)
(0.0427477 0.000834838 0)
(0.0431312 0.000567498 0)
(0.0433591 0.000314701 0)
(0.0434374 8.24906e-05 0)
(0.0433758 -0.000124021 0)
(0.0431874 -0.000300917 0)
(0.0428883 -0.000445647 0)
(0.0424971 -0.000557082 0)
(0.0420344 -0.000635445 0)
(0.0415213 -0.00068213 0)
(0.040979 -0.000699447 0)
(0.0404278 -0.000690332 0)
(0.0398864 -0.000658082 0)
(0.039371 -0.000606124 0)
(0.0388957 -0.000537869 0)
(0.0384716 -0.00045661 0)
(0.0381071 -0.000365494 0)
(0.0378082 -0.000267507 0)
(0.0375783 -0.000165489 0)
(0.0374189 -6.21459e-05 0)
(0.0373294 3.9949e-05 0)
(0.0373077 0.000138361 0)
(0.03735 0.00023082 0)
(0.0374515 0.000315257 0)
(0.037606 0.000389851 0)
(0.0378068 0.000453084 0)
(0.0380462 0.000503792 0)
(0.0383162 0.000541215 0)
(0.0386086 0.000565031 0)
(0.0389151 0.000575368 0)
(0.0392277 0.000572804 0)
(0.0395389 0.000558332 0)
(0.0398417 0.000533307 0)
(0.0401301 0.000499369 0)
(0.0403991 0.00045835 0)
(0.0406446 0.000412183 0)
(0.0408638 0.000362796 0)
(0.041055 0.000312029 0)
(0.0412175 0.000261558 0)
(0.0413516 0.00021284 0)
(0.0414585 0.000167073 0)
(0.0415399 0.000125183 0)
(0.0415982 8.78198e-05 0)
(0.0416362 5.5374e-05 0)
(0.0416568 2.79999e-05 0)
(0.0416629 5.64709e-06 0)
(0.0416576 -1.19041e-05 0)
(0.0416436 -2.50053e-05 0)
(0.0416235 -3.41043e-05 0)
(0.0415995 -3.97106e-05 0)
(0.0415736 -4.23649e-05 0)
(0.0415473 -4.26127e-05 0)
(0.0415218 -4.09818e-05 0)
(0.0414982 -3.79649e-05 0)
(0.041477 -3.40065e-05 0)
(0.0414585 -2.94945e-05 0)
(0.0414431 -2.47552e-05 0)
(0.0414305 -2.00521e-05 0)
(0.0414208 -1.55877e-05 0)
(0.0414137 -1.15076e-05 0)
(0.0414087 -7.90637e-06 0)
(0.0414057 -4.83414e-06 0)
(0.0414043 -2.30464e-06 0)
(0.0414041 -3.02661e-07 0)
(0.0414049 1.20848e-06 0)
(0.0414063 2.28012e-06 0)
(0.0414081 2.97219e-06 0)
(0.0414101 3.34822e-06 0)
(0.0414122 3.47126e-06 0)
(0.0414142 3.40079e-06 0)
(0.0414161 3.19064e-06 0)
(0.0414178 2.88762e-06 0)
(0.0414193 2.53097e-06 0)
(0.0414206 2.15225e-06 0)
(0.0414216 1.77574e-06 0)
(0.0414224 1.41911e-06 0)
(0.0414231 1.09424e-06 0)
(0.0414235 8.08191e-07 0)
(0.0414238 5.64124e-07 0)
(0.041424 3.62206e-07 0)
(0.0414241 2.00434e-07 0)
(0.0414242 7.53427e-08 0)
(0.0414241 -1.74086e-08 0)
(0.0414241 -8.25568e-08 0)
(0.041424 -1.24877e-07 0)
(0.0414239 -1.48922e-07 0)
(0.0414238 -1.58848e-07 0)
(0.0414237 -1.58312e-07 0)
(0.0414237 -1.5043e-07 0)
(0.0414236 -1.37769e-07 0)
(0.0414235 -1.22381e-07 0)
(0.0414235 -1.05843e-07 0)
(0.0414234 -8.93241e-08 0)
(0.0414234 -7.36416e-08 0)
(0.0414233 -5.93279e-08 0)
(0.0414233 -4.66882e-08 0)
(0.0414233 -3.58538e-08 0)
(0.0414233 -2.68277e-08 0)
(0.0414233 -1.95221e-08 0)
(0.0414233 -1.37902e-08 0)
(0.0414233 -9.42791e-09 0)
(0.0414233 -6.26447e-09 0)
(0.0414232 -3.7995e-09 0)
(0.088117 -0.000862768 0)
(0.087376 -0.00103136 0)
(0.0865047 -0.00117706 0)
(0.0855143 -0.0012921 0)
(0.0844204 -0.00137629 0)
(0.0832382 -0.00143448 0)
(0.081981 -0.00147353 0)
(0.0806591 -0.00150028 0)
(0.0792802 -0.00152055 0)
(0.0778491 -0.00153882 0)
(0.0763684 -0.00155839 0)
(0.0748383 -0.00158163 0)
(0.0732568 -0.00161026 0)
(0.0716205 -0.00164546 0)
(0.069924 -0.00168802 0)
(0.0681605 -0.00173831 0)
(0.0663219 -0.00179628 0)
(0.0643985 -0.00186134 0)
(0.0623802 -0.0019323 0)
(0.0602557 -0.00200732 0)
(0.0580137 -0.00208376 0)
(0.055643 -0.00215821 0)
(0.0531335 -0.00222643 0)
(0.0504768 -0.00228343 0)
(0.047668 -0.00232357 0)
(0.0447066 -0.0023408 0)
(0.0415994 -0.00232893 0)
(0.0383624 -0.00228205 0)
(0.0350242 -0.00219516 0)
(0.0316278 -0.00206504 0)
(0.0282306 -0.00189174 0)
(0.0249006 -0.0016805 0)
(0.0217076 -0.00144347 0)
(0.0187122 -0.00119933 0)
(0.0159582 -0.000971016 0)
(0.0134694 -0.000782839 0)
(0.0112531 -0.000655276 0)
(0.00930611 -0.000594064 0)
(0.00762017 -0.000579624 0)
(0.00618099 -0.0005723 0)
(0.00496558 -0.000535778 0)
(0.00394408 -0.000458497 0)
(0.00308477 -0.00035474 0)
(0.00235865 -0.000249402 0)
(0.00174241 -0.000162318 0)
(0.00121937 -0.000101924 0)
(0.00077796 -6.72486e-05 0)
(0.000408526 -5.26349e-05 0)
(0.000100734 -5.13488e-05 0)
(-0.000157014 -5.75002e-05 0)
(-0.000376637 -6.69684e-05 0)
(-0.000569144 -7.76704e-05 0)
(-0.000743857 -8.92117e-05 0)
(-0.000908123 -0.000102122 0)
(-0.0010673 -0.000117054 0)
(-0.00122483 -0.00013425 0)
(-0.00138232 -0.000153336 0)
(-0.00153965 -0.000173355 0)
(-0.00169502 -0.000192926 0)
(-0.00184513 -0.000210408 0)
(-0.00198521 -0.000224059 0)
(-0.00210921 -0.000232158 0)
(-0.00221004 -0.000233106 0)
(-0.00227972 -0.000225502 0)
(-0.00230978 -0.000208213 0)
(-0.00229146 -0.000180419 0)
(-0.00221613 -0.000141644 0)
(-0.0020755 -9.17748e-05 0)
(-0.00186192 -3.10563e-05 0)
(-0.00156865 3.99205e-05 0)
(-0.00119001 0.000120247 0)
(-0.000721535 0.000208731 0)
(-0.000160109 0.000303939 0)
(0.000495976 0.000404234 0)
(0.00124697 0.000507822 0)
(0.00209162 0.00061279 0)
(0.00302723 0.000717143 0)
(0.00404959 0.000818841 0)
(0.00515306 0.000915828 0)
(0.00633059 0.00100607 0)
(0.00757378 0.00108759 0)
(0.00887292 0.00115849 0)
(0.0102171 0.001217 0)
(0.0115941 0.00126151 0)
(0.012991 0.00129065 0)
(0.0143938 0.00130328 0)
(0.0157876 0.00129862 0)
(0.0171574 0.00127624 0)
(0.0184877 0.00123617 0)
(0.019763 0.00117893 0)
(0.0209683 0.00110555 0)
(0.0220894 0.00101762 0)
(0.0231131 0.000917259 0)
(0.0240281 0.000807081 0)
(0.024825 0.000690093 0)
(0.025497 0.00056958 0)
(0.0260402 0.000448943 0)
(0.0264536 0.000331511 0)
(0.0267397 0.000220358 0)
(0.0269043 0.00011812 0)
(0.0269562 2.68743e-05 0)
(0.0269067 -5.19481e-05 0)
(0.0267694 -0.000117565 0)
(0.0265597 -0.000169794 0)
(0.0262933 -0.00020895 0)
(0.0259865 -0.00023572 0)
(0.0256547 -0.000251034 0)
(0.0253128 -0.00025595 0)
(0.0249739 -0.000251573 0)
(0.0246496 -0.000239 0)
(0.0243499 -0.000219296 0)
(0.0240831 -0.000193487 0)
(0.0238555 -0.000162571 0)
(0.023672 -0.000127535 0)
(0.0235361 -8.93713e-05 0)
(0.0234496 -4.90893e-05 0)
(0.023413 -7.72038e-06 0)
(0.0234258 3.36868e-05 0)
(0.023486 7.40811e-05 0)
(0.0235908 0.000112434 0)
(0.0237361 0.00014777 0)
(0.0239173 0.000179206 0)
(0.0241289 0.000205983 0)
(0.0243649 0.000227505 0)
(0.0246191 0.000243365 0)
(0.0248849 0.000253367 0)
(0.0251561 0.000257528 0)
(0.0254264 0.000256082 0)
(0.0256903 0.000249453 0)
(0.0259426 0.000238235 0)
(0.0261792 0.000223148 0)
(0.0263965 0.000204995 0)
(0.0265922 0.00018462 0)
(0.0267647 0.000162861 0)
(0.0269131 0.000140511 0)
(0.0270377 0.000118291 0)
(0.0271391 9.68211e-05 0)
(0.0272187 7.66145e-05 0)
(0.0272784 5.80661e-05 0)
(0.0273203 4.14558e-05 0)
(0.0273467 2.69548e-05 0)
(0.0273601 1.46364e-05 0)
(0.0273627 4.48823e-06 0)
(0.0273569 -3.57289e-06 0)
(0.0273449 -9.68662e-06 0)
(0.0273286 -1.40347e-05 0)
(0.0273096 -1.68271e-05 0)
(0.0272893 -1.82901e-05 0)
(0.0272689 -1.86546e-05 0)
(0.0272493 -1.81471e-05 0)
(0.0272311 -1.69821e-05 0)
(0.0272149 -1.53556e-05 0)
(0.0272008 -1.34412e-05 0)
(0.027189 -1.13875e-05 0)
(0.0271795 -9.31653e-06 0)
(0.027172 -7.32426e-06 0)
(0.0271666 -5.48174e-06 0)
(0.0271628 -3.83721e-06 0)
(0.0271605 -2.41881e-06 0)
(0.0271594 -1.23767e-06 0)
(0.0271593 -2.91231e-07 0)
(0.0271599 4.33578e-07 0)
(0.0271609 9.57269e-07 0)
(0.0271623 1.30506e-06 0)
(0.0271639 1.50452e-06 0)
(0.0271656 1.58362e-06 0)
(0.0271672 1.56925e-06 0)
(0.0271687 1.4861e-06 0)
(0.02717 1.35596e-06 0)
(0.0271712 1.19736e-06 0)
(0.0271722 1.02543e-06 0)
(0.0271731 8.51975e-07 0)
(0.0271737 6.85783e-07 0)
(0.0271743 5.32919e-07 0)
(0.0271746 3.97153e-07 0)
(0.0271749 2.80375e-07 0)
(0.0271751 1.83003e-07 0)
(0.0271752 1.04367e-07 0)
(0.0271752 4.30386e-08 0)
(0.0271752 -2.87996e-09 0)
(0.0271752 -3.55287e-08 0)
(0.0271751 -5.71089e-08 0)
(0.027175 -6.97512e-08 0)
(0.027175 -7.54245e-08 0)
(0.0271749 -7.58806e-08 0)
(0.0271748 -7.26251e-08 0)
(0.0271747 -6.69113e-08 0)
(0.0271747 -5.97488e-08 0)
(0.0271746 -5.19232e-08 0)
(0.0271746 -4.40212e-08 0)
(0.0271746 -3.64602e-08 0)
(0.0271745 -2.95167e-08 0)
(0.0271745 -2.33545e-08 0)
(0.0271745 -1.805e-08 0)
(0.0271745 -1.36133e-08 0)
(0.0271745 -1.00068e-08 0)
(0.0271745 -7.15852e-09 0)
(0.0271745 -4.95948e-09 0)
(0.0271745 -3.29948e-09 0)
(0.0271745 -1.93005e-09 0)
(0.0325718 -0.000254971 0)
(0.0319247 -0.000281448 0)
(0.0312068 -0.000287304 0)
(0.0304439 -0.000276339 0)
(0.0296562 -0.000255663 0)
(0.028856 -0.000232477 0)
(0.0280493 -0.000211938 0)
(0.0272374 -0.000196633 0)
(0.0264195 -0.000187087 0)
(0.0255936 -0.000182636 0)
(0.0247572 -0.000182152 0)
(0.0239074 -0.000184502 0)
(0.023041 -0.000188723 0)
(0.0221545 -0.000194025 0)
(0.0212446 -0.000199717 0)
(0.0203078 -0.000205108 0)
(0.0193411 -0.000209438 0)
(0.0183424 -0.000211829 0)
(0.0173103 -0.000211284 0)
(0.0162451 -0.000206724 0)
(0.0151487 -0.000197072 0)
(0.0140251 -0.00018139 0)
(0.0128805 -0.000159097 0)
(0.0117233 -0.000130243 0)
(0.0105639 -9.58583e-05 0)
(0.009414 -5.83177e-05 0)
(0.00828598 -2.16197e-05 0)
(0.00719171 8.65484e-06 0)
(0.00614185 2.6081e-05 0)
(0.00514556 2.52117e-05 0)
(0.00421129 4.38915e-06 0)
(0.00334805 -3.1681e-05 0)
(0.00256632 -7.17685e-05 0)
(0.00187709 -0.000101642 0)
(0.00128898 -0.000109886 0)
(0.000803707 -9.28489e-05 0)
(0.000411246 -5.59337e-05 0)
(8.96026e-05 -1.03838e-05 0)
(-0.000186747 3.21877e-05 0)
(-0.000434001 6.36334e-05 0)
(-0.000653109 8.00716e-05 0)
(-0.000835907 8.12233e-05 0)
(-0.000976283 6.9739e-05 0)
(-0.00107646 5.05562e-05 0)
(-0.00114552 2.97479e-05 0)
(-0.00119429 1.27276e-05 0)
(-0.00123133 2.55016e-06 0)
(-0.00126206 -6.67443e-07 0)
(-0.00128963 1.02968e-06 0)
(-0.00131607 4.8416e-06 0)
(-0.00134302 8.37244e-06 0)
(-0.00137214 1.0154e-05 0)
(-0.00140531 9.63426e-06 0)
(-0.00144464 6.90353e-06 0)
(-0.00149235 2.37755e-06 0)
(-0.00155053 -3.44789e-06 0)
(-0.00162087 -1.01379e-05 0)
(-0.00170447 -1.73658e-05 0)
(-0.00180166 -2.48978e-05 0)
(-0.00191194 -3.25487e-05 0)
(-0.00203387 -4.01352e-05 0)
(-0.00216514 -4.74435e-05 0)
(-0.00230251 -5.42148e-05 0)
(-0.00244186 -6.01488e-05 0)
(-0.00257833 -6.49198e-05 0)
(-0.00270643 -6.82e-05 0)
(-0.00282016 -6.96843e-05 0)
(-0.00291325 -6.91142e-05 0)
(-0.00297936 -6.62968e-05 0)
(-0.00301226 -6.11186e-05 0)
(-0.00300606 -5.35529e-05 0)
(-0.00295542 -4.36623e-05 0)
(-0.00285567 -3.15956e-05 0)
(-0.00270303 -1.75814e-05 0)
(-0.00249467 -1.91898e-06 0)
(-0.00222884 1.50323e-05 0)
(-0.00190492 3.28654e-05 0)
(-0.00152348 5.11372e-05 0)
(-0.00108628 6.93818e-05 0)
(-0.00059629 8.71227e-05 0)
(-5.76558e-05 0.000103886 0)
(0.000524355 0.000119214 0)
(0.00114341 0.000132678 0)
(0.0017922 0.000143894 0)
(0.00246258 0.000152538 0)
(0.00314567 0.000158358 0)
(0.00383209 0.00016119 0)
(0.00451213 0.000160971 0)
(0.005176 0.000157749 0)
(0.00581411 0.000151681 0)
(0.00641734 0.000143037 0)
(0.00697737 0.000132188 0)
(0.00748696 0.000119582 0)
(0.00794022 0.000105722 0)
(0.00833285 9.11279e-05 0)
(0.00866227 7.63048e-05 0)
(0.00892772 6.1708e-05 0)
(0.00913026 4.77181e-05 0)
(0.00927257 3.46272e-05 0)
(0.00935881 2.26358e-05 0)
(0.00939433 1.18619e-05 0)
(0.0093853 2.35659e-06 0)
(0.00933844 -5.87749e-06 0)
(0.00926065 -1.28687e-05 0)
(0.0091588 -1.8662e-05 0)
(0.00903945 -2.33084e-05 0)
(0.00890878 -2.68578e-05 0)
(0.00877248 -2.9354e-05 0)
(0.00863568 -3.08334e-05 0)
(0.00850298 -3.13248e-05 0)
(0.00837848 -3.08534e-05 0)
(0.00826575 -2.94463e-05 0)
(0.00816786 -2.71386e-05 0)
(0.0080874 -2.39812e-05 0)
(0.00802644 -2.00456e-05 0)
(0.00798655 -1.54276e-05 0)
(0.00796873 -1.02485e-05 0)
(0.00797341 -4.65346e-06 0)
(0.00800047 1.19262e-06 0)
(0.00804916 7.11072e-06 0)
(0.0081182 1.29154e-05 0)
(0.00820577 1.84234e-05 0)
(0.00830955 2.34623e-05 0)
(0.00842687 2.78797e-05 0)
(0.00855473 3.15506e-05 0)
(0.00868997 3.43833e-05 0)
(0.00882936 3.63241e-05 0)
(0.00896973 3.73579e-05 0)
(0.00910808 3.7508e-05 0)
(0.0092417 3.68321e-05 0)
(0.00936823 3.54171e-05 0)
(0.00948573 3.33719e-05 0)
(0.00959273 3.08199e-05 0)
(0.00968819 2.78913e-05 0)
(0.00977156 2.47158e-05 0)
(0.0098427 2.14169e-05 0)
(0.00990182 1.81067e-05 0)
(0.00994948 1.48828e-05 0)
(0.00998646 1.18265e-05 0)
(0.0100137 9.00166e-06 0)
(0.0100325 6.45491e-06 0)
(0.0100438 4.21679e-06 0)
(0.0100489 2.30291e-06 0)
(0.0100489 7.15748e-07 0)
(0.0100451 -5.53412e-07 0)
(0.0100384 -1.52249e-06 0)
(0.0100297 -2.21657e-06 0)
(0.0100199 -2.6659e-06 0)
(0.0100095 -2.90405e-06 0)
(0.00999925 -2.96613e-06 0)
(0.00998946 -2.88725e-06 0)
(0.00998045 -2.7012e-06 0)
(0.00997244 -2.43933e-06 0)
(0.00996554 -2.12974e-06 0)
(0.00995981 -1.79672e-06 0)
(0.00995521 -1.46043e-06 0)
(0.00995168 -1.13685e-06 0)
(0.00994913 -8.3786e-07 0)
(0.00994744 -5.71579e-07 0)
(0.00994647 -3.42764e-07 0)
(0.00994609 -1.53309e-07 0)
(0.00994617 -2.78102e-09 0)
(0.00994659 1.11037e-07 0)
(0.00994726 1.91631e-07 0)
(0.00994807 2.43284e-07 0)
(0.00994895 2.70674e-07 0)
(0.00994985 2.78541e-07 0)
(0.00995071 2.71426e-07 0)
(0.00995151 2.53483e-07 0)
(0.00995223 2.28363e-07 0)
(0.00995285 1.99145e-07 0)
(0.00995338 1.68322e-07 0)
(0.0099538 1.37817e-07 0)
(0.00995414 1.09036e-07 0)
(0.0099544 8.292e-08 0)
(0.00995458 6.00262e-08 0)
(0.0099547 4.05967e-08 0)
(0.00995478 2.46315e-08 0)
(0.00995482 1.19547e-08 0)
(0.00995483 2.27163e-09 0)
(0.00995481 -4.78282e-09 0)
(0.00995478 -9.60505e-09 0)
(0.00995474 -1.25932e-08 0)
(0.0099547 -1.41256e-08 0)
(0.00995466 -1.45465e-08 0)
(0.00995462 -1.41578e-08 0)
(0.00995458 -1.32151e-08 0)
(0.00995454 -1.19281e-08 0)
(0.00995451 -1.04628e-08 0)
(0.00995448 -8.94561e-09 0)
(0.00995446 -7.46861e-09 0)
(0.00995444 -6.09474e-09 0)
(0.00995443 -4.8631e-09 0)
(0.00995441 -3.79408e-09 0)
(0.00995441 -2.89309e-09 0)
(0.0099544 -2.15474e-09 0)
(0.00995439 -1.56398e-09 0)
(0.00995439 -1.09766e-09 0)
(0.00995439 -7.15191e-10 0)
(0.00995439 -4.35512e-10 0)
)
;

boundaryField
{
    inlet
    {
        type            fixedProfile;
        profile         table
        
21
(
(0 (0 0 0))
(0.05 (0.0285 0 0))
(0.1 (0.054 0 0))
(0.15 (0.0765 0 0))
(0.2 (0.096 0 0))
(0.25 (0.1125 0 0))
(0.3 (0.126 0 0))
(0.35 (0.1365 0 0))
(0.4 (0.144 0 0))
(0.45 (0.1485 0 0))
(0.5 (0.15 0 0))
(0.55 (0.1485 0 0))
(0.6 (0.144 0 0))
(0.65 (0.1365 0 0))
(0.7 (0.126 0 0))
(0.75 (0.1125 0 0))
(0.8 (0.096 0 0))
(0.85 (0.0765 0 0))
(0.9 (0.054 0 0))
(0.95 (0.0285 0 0))
(1 (0 0 0))
)
;
        direction       (0 1 0);
        origin          1;
        value           nonuniform List<vector> 8((0.034875 0 0) (0.091125 0 0) (0.128625 0 0) (0.147375 0 0) (0.147375 0 0) (0.128625 0 0) (0.091125 0 0) (0.034875 0 0));
    }
    outlet
    {
        type            zeroGradient;
    }
    walls
    {
        type            noSlip;
    }
    symwall
    {
        type            empty;
    }
}


// ************************************************************************* //
