/*--------------------------------*- C++ -*----------------------------------*\
| =========                 |                                                 |
| \\      /  F ield         | OpenFOAM: The Open Source CFD Toolbox           |
|  \\    /   O peration     | Version:  4.1                                   |
|   \\  /    A nd           | Web:      www.OpenFOAM.org                      |
|    \\/     M anipulation  |                                                 |
\*---------------------------------------------------------------------------*/
FoamFile
{
    version     2.0;
    format      ascii;
    class       volVectorField;
    location    "131";
    object      U;
}
// * * * * * * * * * * * * * * * * * * * * * * * * * * * * * * * * * * * * * //

dimensions      [0 1 -1 0 0 0 0];

internalField   nonuniform List<vector> 
3264
(
(4.4592e-05 -5.10171e-05 0)
(6.61463e-05 -3.34106e-05 0)
(-4.78743e-05 -1.09792e-05 0)
(-0.000258615 8.59434e-07 0)
(-0.000551112 1.12316e-05 0)
(-0.000915522 1.96519e-05 0)
(-0.00134383 3.17583e-05 0)
(-0.00183745 4.6505e-05 0)
(-0.0023927 6.55212e-05 0)
(-0.00301085 8.81023e-05 0)
(-0.00368921 0.000114367 0)
(-0.00442591 0.000143613 0)
(-0.00521583 0.000175149 0)
(-0.0060522 0.000207837 0)
(-0.00692523 0.000240322 0)
(-0.00782258 0.000271016 0)
(-0.00872937 0.000298265 0)
(-0.00962866 0.000320477 0)
(-0.0105021 0.000336269 0)
(-0.0113304 0.000344562 0)
(-0.0120945 0.000344646 0)
(-0.0127758 0.000336191 0)
(-0.0133571 0.000319221 0)
(-0.0138229 0.000294075 0)
(-0.01416 0.000261342 0)
(-0.0143573 0.000221817 0)
(-0.0144065 0.000176444 0)
(-0.0143019 0.000126282 0)
(-0.0140403 7.24763e-05 0)
(-0.0136214 1.62349e-05 0)
(-0.0130475 -4.11864e-05 0)
(-0.0123237 -9.8498e-05 0)
(-0.0114574 -0.00015439 0)
(-0.0104592 -0.000207544 0)
(-0.00934166 -0.000256654 0)
(-0.00812035 -0.000300452 0)
(-0.00681306 -0.000337733 0)
(-0.00543991 -0.000367405 0)
(-0.00402306 -0.000388534 0)
(-0.00258646 -0.000400408 0)
(-0.00115531 -0.000402597 0)
(0.000244483 -0.000395023 0)
(0.00158707 -0.000378008 0)
(0.00284759 -0.000352315 0)
(0.00400322 -0.000319142 0)
(0.00503426 -0.000280079 0)
(0.00592524 -0.00023702 0)
(0.0066658 -0.000192027 0)
(0.00725131 -0.000147175 0)
(0.00768308 -0.000104381 0)
(0.00796804 -6.52548e-05 0)
(0.00811801 -3.09664e-05 0)
(0.00814857 -2.14724e-06 0)
(0.00807778 2.11641e-05 0)
(0.00792488 3.95037e-05 0)
(0.00770918 5.38502e-05 0)
(0.00744911 6.53489e-05 0)
(0.00716163 7.49284e-05 0)
(0.00686214 8.29435e-05 0)
(0.00656457 8.90249e-05 0)
(0.00628182 9.22477e-05 0)
(0.00602598 9.1538e-05 0)
(0.0058084 8.61027e-05 0)
(0.00563951 7.56768e-05 0)
(0.00552854 6.05354e-05 0)
(0.00548311 4.13543e-05 0)
(0.00550882 1.90429e-05 0)
(0.00560879 -5.36828e-06 0)
(0.00578327 -3.07744e-05 0)
(0.00602937 -5.60059e-05 0)
(0.00634095 -7.98447e-05 0)
(0.00670876 -0.000101075 0)
(0.00712077 -0.000118575 0)
(0.00756286 -0.000131433 0)
(0.00801972 -0.000139069 0)
(0.00847593 -0.000141316 0)
(0.00891714 -0.000138447 0)
(0.00933106 -0.000131135 0)
(0.00970825 -0.000120341 0)
(0.0100425 -0.000107175 0)
(0.0103307 -9.27536e-05 0)
(0.0105728 -7.80741e-05 0)
(0.0107709 -6.39419e-05 0)
(0.0109287 -5.0936e-05 0)
(0.0110509 -3.94139e-05 0)
(0.0111428 -2.9542e-05 0)
(0.0112094 -2.13372e-05 0)
(0.0112557 -1.47112e-05 0)
(0.0112861 -9.50974e-06 0)
(0.0113042 -5.5451e-06 0)
(0.0113132 -2.61972e-06 0)
(0.0113158 -5.42513e-07 0)
(0.011314 8.6125e-07 0)
(0.0113094 1.74473e-06 0)
(0.0113032 2.23775e-06 0)
(0.0112962 2.44719e-06 0)
(0.0112891 2.45878e-06 0)
(0.0112822 2.33954e-06 0)
(0.011276 2.14052e-06 0)
(0.0112703 1.89949e-06 0)
(0.0112654 1.64349e-06 0)
(0.0112613 1.39103e-06 0)
(0.0112578 1.15404e-06 0)
(0.0112549 9.39539e-07 0)
(0.0112526 7.50911e-07 0)
(0.0112508 5.89008e-07 0)
(0.0112494 4.52973e-07 0)
(0.0112483 3.40882e-07 0)
(0.0112475 2.50218e-07 0)
(0.011247 1.78215e-07 0)
(0.0112466 1.22088e-07 0)
(0.0112463 7.91959e-08 0)
(0.0112461 4.71269e-08 0)
(0.011246 2.37497e-08 0)
(0.011246 7.22722e-09 0)
(0.011246 -3.98874e-09 0)
(0.011246 -1.11777e-08 0)
(0.011246 -1.53775e-08 0)
(0.011246 -1.74154e-08 0)
(0.0112461 -1.79387e-08 0)
(0.0112461 -1.74449e-08 0)
(0.0112462 -1.63085e-08 0)
(0.0112462 -1.48057e-08 0)
(0.0112463 -1.31341e-08 0)
(0.0112463 -1.14311e-08 0)
(0.0112463 -9.78764e-09 0)
(0.0112463 -8.26022e-09 0)
(0.0112464 -6.88013e-09 0)
(0.0112464 -5.66072e-09 0)
(0.0112464 -4.60307e-09 0)
(0.0112464 -3.7002e-09 0)
(0.0112464 -2.94028e-09 0)
(0.0112464 -2.30885e-09 0)
(0.0112464 -1.79047e-09 0)
(0.0112464 -1.36978e-09 0)
(0.0112464 -1.03222e-09 0)
(0.0112464 -7.64427e-10 0)
(0.0112464 -5.54464e-10 0)
(0.0112464 -3.91866e-10 0)
(0.0112464 -2.67623e-10 0)
(0.0112464 -1.74101e-10 0)
(0.0112464 -1.04903e-10 0)
(0.0112464 -5.47484e-11 0)
(0.0112464 -1.93199e-11 0)
(0.0112464 4.87277e-12 0)
(0.0112464 2.06179e-11 0)
(0.0112464 3.01213e-11 0)
(0.0112464 3.51029e-11 0)
(0.0112464 3.6893e-11 0)
(0.0112464 3.65056e-11 0)
(0.0112464 3.46994e-11 0)
(0.0112464 3.20397e-11 0)
(0.0112464 2.89299e-11 0)
(0.0112464 2.56579e-11 0)
(0.0112464 2.24183e-11 0)
(0.0112464 1.93387e-11 0)
(0.0112464 1.64954e-11 0)
(0.0112464 1.39289e-11 0)
(0.0112464 1.16525e-11 0)
(0.0112464 9.66217e-12 0)
(0.0112464 7.94482e-12 0)
(0.0112464 6.47982e-12 0)
(0.0112464 5.24245e-12 0)
(0.0112464 4.2072e-12 0)
(0.0112464 3.34727e-12 0)
(0.0112464 2.63944e-12 0)
(0.0112464 2.0631e-12 0)
(0.0112464 1.59882e-12 0)
(0.0112464 1.22661e-12 0)
(0.0112464 9.30438e-13 0)
(0.0112464 6.97012e-13 0)
(0.0112464 5.1483e-13 0)
(0.0112464 3.73781e-13 0)
(0.0112464 2.64955e-13 0)
(0.0112464 1.8097e-13 0)
(0.0112464 1.17085e-13 0)
(0.0112464 6.93274e-14 0)
(0.0112464 3.53948e-14 0)
(0.0112464 1.15917e-14 0)
(0.0112464 -5.46998e-15 0)
(0.0112464 -1.68676e-14 0)
(0.0112464 -2.43073e-14 0)
(0.0112464 -2.94343e-14 0)
(0.0112464 -3.21342e-14 0)
(0.0112464 -3.40186e-14 0)
(0.0112464 -3.45483e-14 0)
(0.0112464 -3.36141e-14 0)
(0.0112464 -3.13465e-14 0)
(0.0112464 -2.79018e-14 0)
(0.0112464 -2.37686e-14 0)
(0.0112464 -1.80608e-14 0)
(0.0112464 -1.53763e-14 0)
(0.0112464 -1.0476e-14 0)
(0.0112464 -2.58077e-14 0)
(0.0112464 -4.1066e-14 0)
(0.0112464 -1.33362e-13 0)
(0.0112464 -3.25358e-13 0)
(0.0112464 -4.93179e-13 0)
(0.0112464 -2.02235e-12 0)
(0.0112464 -1.43583e-12 0)
(-4.56573e-05 -5.84144e-05 0)
(-0.000442655 0.000134142 0)
(-0.00115412 0.000355151 0)
(-0.00205659 0.000528211 0)
(-0.00311399 0.000682397 0)
(-0.00429602 0.00081438 0)
(-0.00556964 0.000940135 0)
(-0.00691832 0.00105675 0)
(-0.00831797 0.00116806 0)
(-0.00975285 0.00127187 0)
(-0.0112024 0.001367 0)
(-0.0126478 0.00145016 0)
(-0.0140671 0.00151781 0)
(-0.0154382 0.00156586 0)
(-0.0167375 0.00159039 0)
(-0.0179417 0.00158795 0)
(-0.0190278 0.00155591 0)
(-0.0199741 0.00149264 0)
(-0.0207607 0.0013976 0)
(-0.0213698 0.00127132 0)
(-0.0217864 0.00111529 0)
(-0.021998 0.000931779 0)
(-0.0219947 0.000723707 0)
(-0.0217698 0.000494451 0)
(-0.0213187 0.000247716 0)
(-0.0206399 -1.25783e-05 0)
(-0.0197342 -0.000282366 0)
(-0.018605 -0.000557489 0)
(-0.0172581 -0.00083372 0)
(-0.0157019 -0.00110678 0)
(-0.013947 -0.00137233 0)
(-0.0120067 -0.001626 0)
(-0.00989662 -0.00186338 0)
(-0.00763504 -0.00208004 0)
(-0.00524283 -0.00227155 0)
(-0.00274348 -0.00243357 0)
(-0.000163172 -0.00256193 0)
(0.0024693 -0.0026527 0)
(0.0051226 -0.00270245 0)
(0.00776304 -0.00270836 0)
(0.010355 -0.00266855 0)
(0.0128614 -0.00258233 0)
(0.0152444 -0.00245049 0)
(0.0174666 -0.00227559 0)
(0.0194923 -0.00206213 0)
(0.0212886 -0.00181661 0)
(0.0228279 -0.00154735 0)
(0.0240888 -0.0012641 0)
(0.0250584 -0.00097741 0)
(0.0257335 -0.000697754 0)
(0.0261216 -0.00043467 0)
(0.026241 -0.00019602 0)
(0.0261203 1.24364e-05 0)
(0.0257967 0.000187073 0)
(0.0253129 0.000326143 0)
(0.0247143 0.000429422 0)
(0.024045 0.000497901 0)
(0.0233453 0.000533542 0)
(0.0226506 0.000539017 0)
(0.0219916 0.000517425 0)
(0.0213947 0.000472008 0)
(0.0208829 0.000405921 0)
(0.0204755 0.000322073 0)
(0.0201878 0.000223085 0)
(0.0200308 0.00011146 0)
(0.020011 -1.00655e-05 0)
(0.0201305 -0.000138147 0)
(0.020387 -0.000268624 0)
(0.0207739 -0.000396557 0)
(0.0212803 -0.000516495 0)
(0.021891 -0.00062288 0)
(0.0225866 -0.000710522 0)
(0.0233444 -0.000775117 0)
(0.0241394 -0.000813724 0)
(0.0249452 -0.000825166 0)
(0.0257363 -0.000810244 0)
(0.0264897 -0.000771689 0)
(0.0271863 -0.000713831 0)
(0.0278122 -0.000642032 0)
(0.0283592 -0.000562 0)
(0.0288245 -0.000479136 0)
(0.0292101 -0.000398038 0)
(0.0295212 -0.000322212 0)
(0.0297656 -0.000253999 0)
(0.0299523 -0.000194664 0)
(0.0300905 -0.000144589 0)
(0.0301892 -0.000103495 0)
(0.0302565 -7.06667e-05 0)
(0.0302994 -4.5141e-05 0)
(0.0303241 -2.58517e-05 0)
(0.0303354 -1.17341e-05 0)
(0.0303373 -1.7918e-06 0)
(0.030333 4.86547e-06 0)
(0.0303248 9.00502e-06 0)
(0.0303144 1.12688e-05 0)
(0.0303032 1.21799e-05 0)
(0.0302921 1.21543e-05 0)
(0.0302815 1.1515e-05 0)
(0.0302718 1.05062e-05 0)
(0.0302632 9.30764e-06 0)
(0.0302558 8.04694e-06 0)
(0.0302495 6.81095e-06 0)
(0.0302443 5.65512e-06 0)
(0.0302401 4.61148e-06 0)
(0.0302367 3.69506e-06 0)
(0.030234 2.90894e-06 0)
(0.0302319 2.24831e-06 0)
(0.0302303 1.70345e-06 0)
(0.0302291 1.26197e-06 0)
(0.0302283 9.104e-07 0)
(0.0302276 6.35309e-07 0)
(0.0302272 4.23988e-07 0)
(0.030227 2.64878e-07 0)
(0.0302268 1.47779e-07 0)
(0.0302267 6.39112e-08 0)
(0.0302267 5.8721e-09 0)
(0.0302267 -3.24573e-08 0)
(0.0302268 -5.60484e-08 0)
(0.0302268 -6.88715e-08 0)
(0.0302269 -7.40446e-08 0)
(0.0302269 -7.39741e-08 0)
(0.030227 -7.04834e-08 0)
(0.0302271 -6.49258e-08 0)
(0.0302271 -5.82823e-08 0)
(0.0302272 -5.12436e-08 0)
(0.0302272 -4.4278e-08 0)
(0.0302272 -3.76868e-08 0)
(0.0302272 -3.16479e-08 0)
(0.0302273 -2.62508e-08 0)
(0.0302273 -2.1523e-08 0)
(0.0302273 -1.7451e-08 0)
(0.0302273 -1.3995e-08 0)
(0.0302273 -1.11001e-08 0)
(0.0302273 -8.70439e-09 0)
(0.0302273 -6.74418e-09 0)
(0.0302273 -5.15783e-09 0)
(0.0302274 -3.88784e-09 0)
(0.0302274 -2.88215e-09 0)
(0.0302274 -2.09466e-09 0)
(0.0302274 -1.48532e-09 0)
(0.0302274 -1.01988e-09 0)
(0.0302274 -6.69418e-10 0)
(0.0302274 -4.09861e-10 0)
(0.0302274 -2.21376e-10 0)
(0.0302274 -8.78079e-11 0)
(0.0302274 3.86978e-12 0)
(0.0302274 6.40451e-11 0)
(0.0302274 1.00916e-10 0)
(0.0302274 1.20881e-10 0)
(0.0302274 1.28875e-10 0)
(0.0302274 1.28656e-10 0)
(0.0302274 1.23051e-10 0)
(0.0302274 1.14147e-10 0)
(0.0302274 1.03458e-10 0)
(0.0302274 9.20525e-11 0)
(0.0302274 8.06616e-11 0)
(0.0302274 6.97658e-11 0)
(0.0302274 5.9657e-11 0)
(0.0302274 5.04962e-11 0)
(0.0302274 4.23442e-11 0)
(0.0302274 3.52006e-11 0)
(0.0302274 2.90215e-11 0)
(0.0302274 2.3737e-11 0)
(0.0302274 1.92658e-11 0)
(0.0302274 1.55161e-11 0)
(0.0302274 1.23984e-11 0)
(0.0302274 9.82841e-12 0)
(0.0302274 7.72736e-12 0)
(0.0302274 6.02517e-12 0)
(0.0302274 4.65588e-12 0)
(0.0302274 3.56119e-12 0)
(0.0302274 2.69269e-12 0)
(0.0302274 2.00941e-12 0)
(0.0302274 1.47124e-12 0)
(0.0302274 1.05247e-12 0)
(0.0302274 7.30453e-13 0)
(0.0302274 4.83511e-13 0)
(0.0302274 2.9934e-13 0)
(0.0302274 1.60545e-13 0)
(0.0302274 5.85538e-14 0)
(0.0302274 -1.38264e-14 0)
(0.0302274 -6.63332e-14 0)
(0.0302274 -1.01695e-13 0)
(0.0302274 -1.28922e-13 0)
(0.0302274 -1.49062e-13 0)
(0.0302274 -1.60455e-13 0)
(0.0302274 -1.66992e-13 0)
(0.0302274 -1.63823e-13 0)
(0.0302274 -1.5658e-13 0)
(0.0302274 -1.43247e-13 0)
(0.0302274 -1.19436e-13 0)
(0.0302274 -9.02024e-14 0)
(0.0302274 -4.89602e-14 0)
(0.0302274 -4.00152e-14 0)
(0.0302274 9.06478e-15 0)
(0.0302274 -1.38815e-13 0)
(0.0302274 -3.52858e-13 0)
(0.0302274 -5.33385e-13 0)
(0.0302274 -3.91521e-12 0)
(0.0302274 -3.34876e-12 0)
(-0.000187947 0.000433464 0)
(-0.00116432 0.00107638 0)
(-0.00253197 0.00158626 0)
(-0.00403309 0.0019211 0)
(-0.00559327 0.00219824 0)
(-0.00716736 0.00240364 0)
(-0.00871118 0.0025723 0)
(-0.0102079 0.00270111 0)
(-0.011634 0.00279993 0)
(-0.0129767 0.00286705 0)
(-0.0142192 0.00290215 0)
(-0.0153469 0.00290186 0)
(-0.0163439 0.00286296 0)
(-0.017195 0.00278218 0)
(-0.0178855 0.00265704 0)
(-0.0184019 0.00248605 0)
(-0.0187322 0.00226888 0)
(-0.018866 0.00200639 0)
(-0.0187949 0.00170053 0)
(-0.0185124 0.00135422 0)
(-0.0180138 0.000971181 0)
(-0.0172962 0.000555749 0)
(-0.0163581 0.000112733 0)
(-0.0152 -0.000352717 0)
(-0.0138236 -0.000835199 0)
(-0.0122325 -0.00132912 0)
(-0.0104315 -0.00182873 0)
(-0.00842724 -0.0023281 0)
(-0.00622794 -0.00282117 0)
(-0.00384364 -0.00330167 0)
(-0.00128624 -0.00376314 0)
(0.00143031 -0.0041989 0)
(0.00428992 -0.00460205 0)
(0.00727418 -0.00496551 0)
(0.0103623 -0.00528199 0)
(0.0135307 -0.00554415 0)
(0.0167533 -0.00574464 0)
(0.0200012 -0.00587632 0)
(0.0232425 -0.00593251 0)
(0.0264427 -0.00590731 0)
(0.0295645 -0.00579604 0)
(0.0325687 -0.00559576 0)
(0.0354143 -0.0053058 0)
(0.0380597 -0.00492839 0)
(0.0404635 -0.00446914 0)
(0.0425862 -0.00393752 0)
(0.0443914 -0.00334699 0)
(0.0458476 -0.00271494 0)
(0.0469304 -0.0020622 0)
(0.0476241 -0.00141213 0)
(0.0479244 -0.000789279 0)
(0.0478395 -0.000217471 0)
(0.0473926 0.000282385 0)
(0.0466217 0.000694695 0)
(0.045579 0.00101115 0)
(0.0443283 0.00123154 0)
(0.042941 0.00136281 0)
(0.0414908 0.00141616 0)
(0.0400482 0.00140329 0)
(0.0386758 0.00133349 0)
(0.037424 0.00121286 0)
(0.0363293 0.00104569 0)
(0.0354149 0.000836559 0)
(0.0346936 0.000591779 0)
(0.0341714 0.000319583 0)
(0.0338498 2.95341e-05 0)
(0.0337271 -0.000268206 0)
(0.0337983 -0.000563362 0)
(0.0340541 -0.000845719 0)
(0.0344807 -0.00110516 0)
(0.0350596 -0.00133179 0)
(0.0357676 -0.00151637 0)
(0.0365771 -0.00165107 0)
(0.037457 -0.00173036 0)
(0.0383738 -0.00175203 0)
(0.039294 -0.00171779 0)
(0.0401859 -0.00163339 0)
(0.0410223 -0.00150807 0)
(0.0417821 -0.00135337 0)
(0.0424516 -0.00118164 0)
(0.0430245 -0.00100457 0)
(0.0435009 -0.000832044 0)
(0.0438863 -0.000671517 0)
(0.0441896 -0.000527837 0)
(0.0444217 -0.000403494 0)
(0.044594 -0.000299068 0)
(0.0447176 -0.000213763 0)
(0.0448026 -0.000145896 0)
(0.0448577 -9.33131e-05 0)
(0.0448904 -5.36929e-05 0)
(0.0449067 -2.47605e-05 0)
(0.0449114 -4.41524e-06 0)
(0.0449084 9.20069e-06 0)
(0.0449005 1.76754e-05 0)
(0.0448898 2.23293e-05 0)
(0.0448779 2.42329e-05 0)
(0.0448658 2.42345e-05 0)
(0.0448541 2.29904e-05 0)
(0.0448435 2.0996e-05 0)
(0.044834 1.8615e-05 0)
(0.0448257 1.61054e-05 0)
(0.0448187 1.36423e-05 0)
(0.0448129 1.13376e-05 0)
(0.0448081 9.2558e-06 0)
(0.0448043 7.42713e-06 0)
(0.0448012 5.85792e-06 0)
(0.0447989 4.53858e-06 0)
(0.0447971 3.44974e-06 0)
(0.0447957 2.56668e-06 0)
(0.0447947 1.86261e-06 0)
(0.044794 1.31076e-06 0)
(0.0447936 8.85879e-07 0)
(0.0447932 5.64987e-07 0)
(0.044793 3.27831e-07 0)
(0.0447929 1.5698e-07 0)
(0.0447929 3.7747e-08 0)
(0.0447929 -4.20105e-08 0)
(0.0447929 -9.21601e-08 0)
(0.044793 -1.20587e-07 0)
(0.0447931 -1.33491e-07 0)
(0.0447931 -1.35661e-07 0)
(0.0447932 -1.30738e-07 0)
(0.0447932 -1.21429e-07 0)
(0.0447933 -1.09707e-07 0)
(0.0447933 -9.6968e-08 0)
(0.0447934 -8.41684e-08 0)
(0.0447934 -7.19313e-08 0)
(0.0447934 -6.06341e-08 0)
(0.0447934 -5.0477e-08 0)
(0.0447935 -4.15357e-08 0)
(0.0447935 -3.38014e-08 0)
(0.0447935 -2.72116e-08 0)
(0.0447935 -2.16716e-08 0)
(0.0447935 -1.70707e-08 0)
(0.0447935 -1.32931e-08 0)
(0.0447935 -1.0225e-08 0)
(0.0447935 -7.75957e-09 0)
(0.0447935 -5.79934e-09 0)
(0.0447935 -4.25763e-09 0)
(0.0447935 -3.0588e-09 0)
(0.0447935 -2.13787e-09 0)
(0.0447935 -1.43984e-09 0)
(0.0447935 -9.18721e-10 0)
(0.0447935 -5.36517e-10 0)
(0.0447935 -2.62171e-10 0)
(0.0447935 -7.05609e-11 0)
(0.0447935 5.842e-11 0)
(0.0447935 1.40704e-10 0)
(0.0447935 1.88778e-10 0)
(0.0447935 2.12322e-10 0)
(0.0447935 2.18753e-10 0)
(0.0447935 2.13674e-10 0)
(0.0447935 2.01259e-10 0)
(0.0447935 1.84561e-10 0)
(0.0447935 1.65766e-10 0)
(0.0447935 1.46401e-10 0)
(0.0447935 1.27483e-10 0)
(0.0447935 1.09666e-10 0)
(0.0447935 9.33256e-11 0)
(0.0447935 7.8649e-11 0)
(0.0447935 6.5688e-11 0)
(0.0447935 5.44013e-11 0)
(0.0447935 4.46942e-11 0)
(0.0447935 3.64351e-11 0)
(0.0447935 2.94778e-11 0)
(0.0447935 2.36713e-11 0)
(0.0447935 1.88639e-11 0)
(0.0447935 1.49171e-11 0)
(0.0447935 1.17006e-11 0)
(0.0447935 9.10119e-12 0)
(0.0447935 7.0145e-12 0)
(0.0447935 5.3492e-12 0)
(0.0447935 4.02768e-12 0)
(0.0447935 2.98868e-12 0)
(0.0447935 2.1746e-12 0)
(0.0447935 1.54381e-12 0)
(0.0447935 1.05752e-12 0)
(0.0447935 6.85374e-13 0)
(0.0447935 4.0608e-13 0)
(0.0447935 1.9786e-13 0)
(0.0447935 4.46987e-14 0)
(0.0447935 -6.75734e-14 0)
(0.0447935 -1.519e-13 0)
(0.0447935 -2.12374e-13 0)
(0.0447935 -2.56751e-13 0)
(0.0447935 -2.86554e-13 0)
(0.0447935 -3.05079e-13 0)
(0.0447935 -3.14782e-13 0)
(0.0447935 -3.1071e-13 0)
(0.0447935 -2.93402e-13 0)
(0.0447935 -2.60484e-13 0)
(0.0447935 -2.11485e-13 0)
(0.0447935 -1.44181e-13 0)
(0.0447935 -6.58902e-14 0)
(0.0447935 5.92454e-14 0)
(0.0447935 5.72088e-14 0)
(0.0447935 2.42711e-13 0)
(0.0447935 -2.22534e-14 0)
(0.0447935 -1.43488e-12 0)
(0.0447935 -8.95513e-13 0)
(-0.000345675 0.00118458 0)
(-0.00177582 0.00241451 0)
(-0.00343893 0.00314877 0)
(-0.00503024 0.00350991 0)
(-0.00645097 0.00374613 0)
(-0.00772348 0.00386275 0)
(-0.00882479 0.00392175 0)
(-0.00977405 0.00392705 0)
(-0.010565 0.00389455 0)
(-0.0112025 0.00382362 0)
(-0.0116822 0.0037142 0)
(-0.0120019 0.00356264 0)
(-0.0121562 0.00336567 0)
(-0.0121406 0.0031201 0)
(-0.01195 0.00282385 0)
(-0.0115798 0.00247594 0)
(-0.0110262 0.00207665 0)
(-0.0102859 0.00162746 0)
(-0.0093564 0.00113094 0)
(-0.00823587 0.000590618 0)
(-0.0069233 1.07874e-05 0)
(-0.0054184 -0.000603602 0)
(-0.00372167 -0.00124708 0)
(-0.00183449 -0.00191376 0)
(0.000240839 -0.00259738 0)
(0.00250093 -0.00329135 0)
(0.0049412 -0.00398875 0)
(0.00755571 -0.00468232 0)
(0.010337 -0.00536443 0)
(0.0132759 -0.00602706 0)
(0.0163613 -0.00666177 0)
(0.0195802 -0.00725971 0)
(0.0229174 -0.00781156 0)
(0.0263552 -0.00830759 0)
(0.0298736 -0.00873768 0)
(0.0334496 -0.00909139 0)
(0.0370579 -0.00935808 0)
(0.0406697 -0.00952716 0)
(0.0442538 -0.00958841 0)
(0.0477759 -0.0095324 0)
(0.0511989 -0.00935109 0)
(0.054484 -0.00903855 0)
(0.0575908 -0.00859174 0)
(0.0604782 -0.00801134 0)
(0.0631061 -0.00730248 0)
(0.0654359 -0.00647532 0)
(0.0674322 -0.00554537 0)
(0.0690632 -0.00453344 0)
(0.0703018 -0.00346533 0)
(0.0711263 -0.00237113 0)
(0.0715207 -0.00128433 0)
(0.0714757 -0.000240605 0)
(0.0709901 0.000723737 0)
(0.0700731 0.00157373 0)
(0.068747 0.00227828 0)
(0.0670504 0.00281315 0)
(0.0650404 0.00316388 0)
(0.0627937 0.00332816 0)
(0.0604028 0.00331672 0)
(0.0579695 0.00315214 0)
(0.0555949 0.00286514 0)
(0.0533696 0.00248887 0)
(0.0513652 0.00205292 0)
(0.0496307 0.00157942 0)
(0.0481927 0.00108275 0)
(0.0470593 0.000572408 0)
(0.0462246 5.681e-05 0)
(0.0456749 -0.000453901 0)
(0.0453921 -0.000946901 0)
(0.0453561 -0.00140711 0)
(0.0455444 -0.00181831 0)
(0.0459316 -0.00216453 0)
(0.0464881 -0.00243156 0)
(0.04718 -0.00260858 0)
(0.0479694 -0.00268986 0)
(0.0488165 -0.00267605 0)
(0.0496813 -0.00257473 0)
(0.050527 -0.00239987 0)
(0.0513226 -0.00217005 0)
(0.0520449 -0.00190602 0)
(0.0526792 -0.00162799 0)
(0.0532194 -0.00135347 0)
(0.0536661 -0.00109586 0)
(0.0540255 -0.000864098 0)
(0.054307 -0.000662926 0)
(0.0545215 -0.000493698 0)
(0.0546804 -0.000355307 0)
(0.0547944 -0.000245088 0)
(0.054873 -0.000159554 0)
(0.0549244 -9.49338e-05 0)
(0.0549555 -4.75408e-05 0)
(0.0549718 -1.3982e-05 0)
(0.0549777 8.73011e-06 0)
(0.0549765 2.31418e-05 0)
(0.0549708 3.13651e-05 0)
(0.0549625 3.51114e-05 0)
(0.054953 3.57367e-05 0)
(0.0549432 3.42922e-05 0)
(0.0549337 3.15734e-05 0)
(0.054925 2.81669e-05 0)
(0.0549172 2.44913e-05 0)
(0.0549104 2.08335e-05 0)
(0.0549046 1.73791e-05 0)
(0.0548998 1.42379e-05 0)
(0.0548959 1.14646e-05 0)
(0.0548928 9.07486e-06 0)
(0.0548903 7.05859e-06 0)
(0.0548883 5.38928e-06 0)
(0.0548869 4.03141e-06 0)
(0.0548858 2.94549e-06 0)
(0.054885 2.09163e-06 0)
(0.0548844 1.43186e-06 0)
(0.054884 9.31475e-07 0)
(0.0548837 5.59761e-07 0)
(0.0548836 2.90198e-07 0)
(0.0548835 1.00388e-07 0)
(0.0548835 -2.82314e-08 0)
(0.0548835 -1.10771e-07 0)
(0.0548835 -1.59336e-07 0)
(0.0548835 -1.8346e-07 0)
(0.0548836 -1.90536e-07 0)
(0.0548836 -1.86191e-07 0)
(0.0548837 -1.74634e-07 0)
(0.0548837 -1.58943e-07 0)
(0.0548837 -1.41311e-07 0)
(0.0548838 -1.23256e-07 0)
(0.0548838 -1.05778e-07 0)
(0.0548838 -8.94998e-08 0)
(0.0548839 -7.47653e-08 0)
(0.0548839 -6.1724e-08 0)
(0.0548839 -5.03923e-08 0)
(0.0548839 -4.06994e-08 0)
(0.0548839 -3.25218e-08 0)
(0.0548839 -2.57082e-08 0)
(0.0548839 -2.00962e-08 0)
(0.0548839 -1.55241e-08 0)
(0.0548839 -1.18386e-08 0)
(0.0548839 -8.8989e-09 0)
(0.054884 -6.57889e-09 0)
(0.054884 -4.76809e-09 0)
(0.054884 -3.37124e-09 0)
(0.054884 -2.30741e-09 0)
(0.054884 -1.50873e-09 0)
(0.054884 -9.18936e-10 0)
(0.054884 -4.91928e-10 0)
(0.054884 -1.90305e-10 0)
(0.054884 1.59646e-11 0)
(0.054884 1.50741e-10 0)
(0.054884 2.32793e-10 0)
(0.054884 2.76719e-10 0)
(0.054884 2.93744e-10 0)
(0.054884 2.92397e-10 0)
(0.054884 2.7906e-10 0)
(0.054884 2.58435e-10 0)
(0.054884 2.33915e-10 0)
(0.054884 2.07892e-10 0)
(0.054884 1.81994e-10 0)
(0.054884 1.57281e-10 0)
(0.054884 1.34397e-10 0)
(0.054884 1.13687e-10 0)
(0.054884 9.52825e-11 0)
(0.054884 7.91718e-11 0)
(0.054884 6.52497e-11 0)
(0.054884 5.33576e-11 0)
(0.054884 4.33022e-11 0)
(0.054884 3.48804e-11 0)
(0.054884 2.78869e-11 0)
(0.054884 2.21265e-11 0)
(0.054884 1.74191e-11 0)
(0.054884 1.36e-11 0)
(0.054884 1.05251e-11 0)
(0.054884 8.06341e-12 0)
(0.054884 6.10627e-12 0)
(0.054884 4.5606e-12 0)
(0.054884 3.34834e-12 0)
(0.054884 2.40407e-12 0)
(0.054884 1.67415e-12 0)
(0.054884 1.11628e-12 0)
(0.054884 6.92432e-13 0)
(0.054884 3.73836e-13 0)
(0.054884 1.36794e-13 0)
(0.054884 -4.08042e-14 0)
(0.054884 -1.71415e-13 0)
(0.054884 -2.68753e-13 0)
(0.054884 -3.4044e-13 0)
(0.054884 -3.93749e-13 0)
(0.054884 -4.31987e-13 0)
(0.054884 -4.54894e-13 0)
(0.054884 -4.62824e-13 0)
(0.054884 -4.53297e-13 0)
(0.054884 -4.23954e-13 0)
(0.054884 -3.69281e-13 0)
(0.054884 -2.82687e-13 0)
(0.054884 -1.5235e-13 0)
(0.054884 2.68308e-14 0)
(0.054884 2.55549e-13 0)
(0.054884 6.69054e-13 0)
(0.054884 7.55912e-13 0)
(0.054884 1.87933e-12 0)
(0.054884 2.28997e-12 0)
(-0.000422005 0.00253337 0)
(-0.00181829 0.00412267 0)
(-0.00318684 0.00479648 0)
(-0.00429549 0.00485083 0)
(-0.0050545 0.00482898 0)
(-0.00556416 0.0047103 0)
(-0.00582951 0.00457093 0)
(-0.00590756 0.00439766 0)
(-0.00580752 0.00419948 0)
(-0.00554999 0.00396968 0)
(-0.00513882 0.00370452 0)
(-0.00457953 0.00339823 0)
(-0.0038722 0.0030462 0)
(-0.00301691 0.00264458 0)
(-0.00201205 0.00219086 0)
(-0.000855934 0.00168382 0)
(0.000453599 0.00112356 0)
(0.00191868 0.000511416 0)
(0.00354142 -0.000150182 0)
(0.00532375 -0.000857803 0)
(0.00726724 -0.00160715 0)
(0.00937298 -0.00239315 0)
(0.0116413 -0.00321006 0)
(0.0140719 -0.00405154 0)
(0.016663 -0.00491066 0)
(0.019412 -0.00577996 0)
(0.0223146 -0.00665139 0)
(0.0253651 -0.00751638 0)
(0.0285558 -0.0083657 0)
(0.0318774 -0.00918951 0)
(0.0353181 -0.00997733 0)
(0.0388641 -0.010718 0)
(0.0424991 -0.0113998 0)
(0.0462045 -0.0120103 0)
(0.0499589 -0.0125365 0)
(0.0537382 -0.0129647 0)
(0.0575155 -0.0132812 0)
(0.0612609 -0.0134717 0)
(0.0649417 -0.0135226 0)
(0.0685229 -0.013421 0)
(0.0719673 -0.0131557 0)
(0.0752366 -0.0127185 0)
(0.0782929 -0.0121047 0)
(0.0810998 -0.0113148 0)
(0.0836242 -0.0103547 0)
(0.0858374 -0.00923706 0)
(0.0877164 -0.00798067 0)
(0.0892437 -0.00661046 0)
(0.0904077 -0.00515657 0)
(0.0912014 -0.0036532 0)
(0.0916211 -0.00213739 0)
(0.0916651 -0.000647774 0)
(0.0913323 0.000776459 0)
(0.090622 0.00209653 0)
(0.0895341 0.00327491 0)
(0.0880708 0.0042763 0)
(0.08624 0.00506895 0)
(0.0840601 0.0056267 0)
(0.0815647 0.00593182 0)
(0.0788072 0.00597832 0)
(0.0758625 0.00577497 0)
(0.0728244 0.0053465 0)
(0.0697989 0.00473177 0)
(0.0668936 0.00397902 0)
(0.0642055 0.00313899 0)
(0.0618113 0.00225809 0)
(0.0597617 0.00137382 0)
(0.0580813 0.000513583 0)
(0.0567722 -0.000302878 0)
(0.0558198 -0.00105953 0)
(0.0551986 -0.00174062 0)
(0.0548764 -0.00232916 0)
(0.054817 -0.00280769 0)
(0.0549811 -0.00316056 0)
(0.0553264 -0.00337698 0)
(0.0558082 -0.00345397 0)
(0.0563816 -0.0033983 0)
(0.0570032 -0.00322654 0)
(0.0576343 -0.00296327 0)
(0.0582429 -0.00263765 0)
(0.0588054 -0.00227938 0)
(0.0593065 -0.00191514 0)
(0.0597387 -0.00156621 0)
(0.0601008 -0.00124741 0)
(0.0603961 -0.00096738 0)
(0.0606309 -0.000729515 0)
(0.0608131 -0.000533341 0)
(0.0609508 -0.000375838 0)
(0.0610521 -0.000252571 0)
(0.0611242 -0.000158536 0)
(0.0611737 -8.87338e-05 0)
(0.0612058 -3.8511e-05 0)
(0.0612249 -3.74135e-06 0)
(0.0612348 1.91095e-05 0)
(0.0612381 3.29867e-05 0)
(0.061237 4.02879e-05 0)
(0.0612332 4.29241e-05 0)
(0.0612278 4.23871e-05 0)
(0.0612218 3.9816e-05 0)
(0.0612156 3.60601e-05 0)
(0.0612097 3.17343e-05 0)
(0.0612043 2.72683e-05 0)
(0.0611995 2.29485e-05 0)
(0.0611954 1.89525e-05 0)
(0.0611919 1.53778e-05 0)
(0.061189 1.22646e-05 0)
(0.0611867 9.61426e-06 0)
(0.0611848 7.40247e-06 0)
(0.0611833 5.59007e-06 0)
(0.0611822 4.1304e-06 0)
(0.0611813 2.97453e-06 0)
(0.0611807 2.07476e-06 0)
(0.0611802 1.38681e-06 0)
(0.0611799 8.70996e-07 0)
(0.0611797 4.92731e-07 0)
(0.0611796 2.22572e-07 0)
(0.0611795 3.59499e-08 0)
(0.0611794 -8.727e-08 0)
(0.0611794 -1.63309e-07 0)
(0.0611794 -2.05026e-07 0)
(0.0611794 -2.22449e-07 0)
(0.0611795 -2.2327e-07 0)
(0.0611795 -2.13282e-07 0)
(0.0611795 -1.96762e-07 0)
(0.0611796 -1.76796e-07 0)
(0.0611796 -1.55546e-07 0)
(0.0611796 -1.34474e-07 0)
(0.0611796 -1.14516e-07 0)
(0.0611796 -9.62217e-08 0)
(0.0611797 -7.98689e-08 0)
(0.0611797 -6.55434e-08 0)
(0.0611797 -5.32039e-08 0)
(0.0611797 -4.27293e-08 0)
(0.0611797 -3.39529e-08 0)
(0.0611797 -2.66865e-08 0)
(0.0611797 -2.0737e-08 0)
(0.0611797 -1.59176e-08 0)
(0.0611797 -1.20545e-08 0)
(0.0611797 -8.99022e-09 0)
(0.0611797 -6.5857e-09 0)
(0.0611797 -4.7201e-09 0)
(0.0611797 -3.29012e-09 0)
(0.0611797 -2.20863e-09 0)
(0.0611797 -1.40307e-09 0)
(0.0611797 -8.13665e-10 0)
(0.0611797 -3.91697e-10 0)
(0.0611797 -9.78787e-11 0)
(0.0611797 9.91619e-11 0)
(0.0611797 2.24215e-10 0)
(0.0611797 2.96668e-10 0)
(0.0611797 3.31513e-10 0)
(0.0611797 3.40209e-10 0)
(0.0611797 3.31392e-10 0)
(0.0611797 3.11478e-10 0)
(0.0611797 2.8515e-10 0)
(0.0611797 2.55748e-10 0)
(0.0611797 2.25589e-10 0)
(0.0611797 1.96226e-10 0)
(0.0611797 1.68635e-10 0)
(0.0611797 1.43382e-10 0)
(0.0611797 1.20737e-10 0)
(0.0611797 1.00765e-10 0)
(0.0611797 8.3399e-11 0)
(0.0611797 6.84775e-11 0)
(0.0611797 5.57956e-11 0)
(0.0611797 4.51215e-11 0)
(0.0611797 3.62172e-11 0)
(0.0611797 2.88541e-11 0)
(0.0611797 2.2811e-11 0)
(0.0611797 1.78884e-11 0)
(0.0611797 1.39065e-11 0)
(0.0611797 1.07083e-11 0)
(0.0611797 8.15636e-12 0)
(0.0611797 6.13358e-12 0)
(0.0611797 4.54279e-12 0)
(0.0611797 3.29948e-12 0)
(0.0611797 2.33548e-12 0)
(0.0611797 1.59421e-12 0)
(0.0611797 1.02886e-12 0)
(0.0611797 6.02203e-13 0)
(0.0611797 2.816e-13 0)
(0.0611797 4.11984e-14 0)
(0.0611797 -1.39068e-13 0)
(0.0611797 -2.74336e-13 0)
(0.0611797 -3.76214e-13 0)
(0.0611797 -4.54387e-13 0)
(0.0611797 -5.14262e-13 0)
(0.0611797 -5.57004e-13 0)
(0.0611797 -5.8316e-13 0)
(0.0611797 -5.91303e-13 0)
(0.0611797 -5.77484e-13 0)
(0.0611797 -5.35367e-13 0)
(0.0611797 -4.49664e-13 0)
(0.0611797 -3.09233e-13 0)
(0.0611797 -7.98241e-14 0)
(0.0611797 2.77046e-13 0)
(0.0611797 8.37042e-13 0)
(0.0611797 1.48109e-12 0)
(0.0611797 3.96804e-12 0)
(0.0611797 4.27238e-12 0)
(-0.000688335 0.00311462 0)
(-0.00200014 0.0049857 0)
(-0.00229654 0.00550687 0)
(-0.00230132 0.00529681 0)
(-0.0018247 0.005 0)
(-0.00119626 0.00464531 0)
(-0.000361854 0.00430077 0)
(0.000592877 0.00395381 0)
(0.001676 0.00360115 0)
(0.00286649 0.00323214 0)
(0.00416576 0.00283674 0)
(0.00557006 0.00240637 0)
(0.00708136 0.00193347 0)
(0.00870111 0.00141247 0)
(0.0104324 0.000839274 0)
(0.0122784 0.000211506 0)
(0.0142427 -0.000471723 0)
(0.0163291 -0.00120985 0)
(0.0185411 -0.002001 0)
(0.0208819 -0.00284205 0)
(0.0233539 -0.00372876 0)
(0.0259591 -0.00465582 0)
(0.0286978 -0.00561696 0)
(0.0315694 -0.00660506 0)
(0.0345715 -0.00761213 0)
(0.0377002 -0.00862945 0)
(0.0409497 -0.00964751 0)
(0.0443123 -0.010656 0)
(0.0477784 -0.0116439 0)
(0.051336 -0.0125992 0)
(0.0549709 -0.0135091 0)
(0.0586664 -0.0143599 0)
(0.0624033 -0.0151372 0)
(0.0661597 -0.0158258 0)
(0.0699108 -0.0164094 0)
(0.073629 -0.0168713 0)
(0.0772839 -0.0171939 0)
(0.080842 -0.0173598 0)
(0.0842676 -0.0173516 0)
(0.0875235 -0.0171535 0)
(0.0905719 -0.0167522 0)
(0.0933767 -0.0161385 0)
(0.0959053 -0.0153086 0)
(0.0981314 -0.0142656 0)
(0.100036 -0.0130206 0)
(0.101611 -0.0115923 0)
(0.102855 -0.0100069 0)
(0.103777 -0.00829663 0)
(0.104393 -0.00649829 0)
(0.10472 -0.00465104 0)
(0.104779 -0.00279487 0)
(0.104588 -0.000969187 0)
(0.104159 0.00078814 0)
(0.103502 0.00244125 0)
(0.102618 0.00395646 0)
(0.101501 0.00530224 0)
(0.100143 0.00644917 0)
(0.0985316 0.00737018 0)
(0.0966544 0.0080413 0)
(0.0945054 0.00844318 0)
(0.0920891 0.00856343 0)
(0.0894266 0.00839946 0)
(0.0865591 0.00796106 0)
(0.0835498 0.00727193 0)
(0.0804806 0.00636944 0)
(0.0774453 0.00530227 0)
(0.07454 0.00412617 0)
(0.0718526 0.00289878 0)
(0.0694534 0.00167456 0)
(0.0673897 0.000501249 0)
(0.0656843 -0.000581387 0)
(0.0643375 -0.0015409 0)
(0.0633319 -0.00235073 0)
(0.0626365 -0.00298977 0)
(0.0622117 -0.00344351 0)
(0.0620127 -0.00370664 0)
(0.061993 -0.00378553 0)
(0.0621074 -0.00369905 0)
(0.0623141 -0.00347694 0)
(0.0625769 -0.00315586 0)
(0.0628663 -0.00277427 0)
(0.0631593 -0.00236774 0)
(0.0634394 -0.00196551 0)
(0.0636955 -0.00158895 0)
(0.0639213 -0.00125155 0)
(0.0641142 -0.000960012 0)
(0.0642742 -0.000715818 0)
(0.0644034 -0.000516855 0)
(0.0645049 -0.000358846 0)
(0.0645824 -0.000236455 0)
(0.0646398 -0.000144057 0)
(0.0646809 -7.62417e-05 0)
(0.0647092 -2.80932e-05 0)
(0.0647275 4.67912e-06 0)
(0.0647385 2.57056e-05 0)
(0.0647441 3.79815e-05 0)
(0.064746 4.39236e-05 0)
(0.0647454 4.54411e-05 0)
(0.0647433 4.40107e-05 0)
(0.0647403 4.07487e-05 0)
(0.064737 3.64768e-05 0)
(0.0647336 3.17818e-05 0)
(0.0647304 2.70658e-05 0)
(0.0647275 2.25897e-05 0)
(0.0647249 1.85086e-05 0)
(0.0647227 1.49008e-05 0)
(0.0647208 1.17911e-05 0)
(0.0647193 9.16791e-06 0)
(0.064718 6.99753e-06 0)
(0.0647171 5.2336e-06 0)
(0.0647163 3.82435e-06 0)
(0.0647157 2.71742e-06 0)
(0.0647152 1.86297e-06 0)
(0.0647149 1.21553e-06 0)
(0.0647147 7.34931e-07 0)
(0.0647145 3.86556e-07 0)
(0.0647144 1.4125e-07 0)
(0.0647143 -2.50918e-08 0)
(0.0647143 -1.32054e-07 0)
(0.0647143 -1.95285e-07 0)
(0.0647143 -2.27087e-07 0)
(0.0647143 -2.36975e-07 0)
(0.0647143 -2.32186e-07 0)
(0.0647143 -2.18115e-07 0)
(0.0647143 -1.98708e-07 0)
(0.0647143 -1.76771e-07 0)
(0.0647143 -1.54243e-07 0)
(0.0647143 -1.32402e-07 0)
(0.0647144 -1.12043e-07 0)
(0.0647144 -9.36067e-08 0)
(0.0647144 -7.72857e-08 0)
(0.0647144 -6.31029e-08 0)
(0.0647144 -5.09713e-08 0)
(0.0647144 -4.07368e-08 0)
(0.0647144 -3.22097e-08 0)
(0.0647144 -2.51868e-08 0)
(0.0647144 -1.94654e-08 0)
(0.0647144 -1.48535e-08 0)
(0.0647144 -1.11745e-08 0)
(0.0647144 -8.27065e-09 0)
(0.0647144 -6.00365e-09 0)
(0.0647144 -4.25428e-09 0)
(0.0647144 -2.92128e-09 0)
(0.0647144 -1.9198e-09 0)
(0.0647144 -1.17951e-09 0)
(0.0647144 -6.4278e-10 0)
(0.0647144 -2.62889e-10 0)
(0.0647144 -2.32579e-12 0)
(0.0647144 1.68716e-10 0)
(0.0647144 2.73679e-10 0)
(0.0647144 3.30797e-10 0)
(0.0647144 3.54102e-10 0)
(0.0647144 3.54247e-10 0)
(0.0647144 3.39214e-10 0)
(0.0647144 3.14886e-10 0)
(0.0647144 2.85514e-10 0)
(0.0647144 2.54098e-10 0)
(0.0647144 2.22687e-10 0)
(0.0647144 1.92624e-10 0)
(0.0647144 1.64728e-10 0)
(0.0647144 1.39442e-10 0)
(0.0647144 1.16946e-10 0)
(0.0647144 9.72363e-11 0)
(0.0647144 8.0192e-11 0)
(0.0647144 6.56222e-11 0)
(0.0647144 5.32937e-11 0)
(0.0647144 4.29587e-11 0)
(0.0647144 3.43683e-11 0)
(0.0647144 2.7286e-11 0)
(0.0647144 2.14916e-11 0)
(0.0647144 1.67842e-11 0)
(0.0647144 1.29868e-11 0)
(0.0647144 9.94461e-12 0)
(0.0647144 7.52412e-12 0)
(0.0647144 5.6129e-12 0)
(0.0647144 4.11385e-12 0)
(0.0647144 2.94884e-12 0)
(0.0647144 2.04986e-12 0)
(0.0647144 1.36105e-12 0)
(0.0647144 8.38086e-13 0)
(0.0647144 4.42022e-13 0)
(0.0647144 1.44996e-13 0)
(0.0647144 -7.9091e-14 0)
(0.0647144 -2.50355e-13 0)
(0.0647144 -3.81534e-13 0)
(0.0647144 -4.83862e-13 0)
(0.0647144 -5.65139e-13 0)
(0.0647144 -6.28718e-13 0)
(0.0647144 -6.78204e-13 0)
(0.0647144 -7.0996e-13 0)
(0.0647144 -7.2235e-13 0)
(0.0647144 -7.05516e-13 0)
(0.0647144 -6.4828e-13 0)
(0.0647144 -5.29082e-13 0)
(0.0647144 -3.1019e-13 0)
(0.0647144 5.52594e-14 0)
(0.0647144 6.74512e-13 0)
(0.0647144 1.5755e-12 0)
(0.0647144 4.33519e-12 0)
(0.0647144 4.60256e-12 0)
(-0.000176589 0.0056041 0)
(-1.84681e-05 0.00569429 0)
(0.0013684 0.00527721 0)
(0.00288384 0.00440185 0)
(0.00474565 0.0037911 0)
(0.00663729 0.00327882 0)
(0.00862679 0.00282576 0)
(0.0106439 0.00240349 0)
(0.0127045 0.00198297 0)
(0.0148005 0.00155022 0)
(0.0169399 0.00109067 0)
(0.0191273 0.000594576 0)
(0.0213695 5.33806e-05 0)
(0.0236729 -0.000539132 0)
(0.0260439 -0.00118758 0)
(0.0284884 -0.0018948 0)
(0.0310119 -0.00266206 0)
(0.0336194 -0.003489 0)
(0.036315 -0.00437379 0)
(0.0391022 -0.00531312 0)
(0.0419831 -0.00630225 0)
(0.0449585 -0.00733514 0)
(0.0480277 -0.0084045 0)
(0.0511879 -0.00950193 0)
(0.0544347 -0.010618 0)
(0.0577614 -0.0117424 0)
(0.0611594 -0.0128639 0)
(0.0646179 -0.0139703 0)
(0.068124 -0.0150486 0)
(0.0716623 -0.0160845 0)
(0.0752149 -0.0170625 0)
(0.0787607 -0.0179663 0)
(0.0822761 -0.0187784 0)
(0.0857339 -0.0194801 0)
(0.0891039 -0.0200519 0)
(0.0923526 -0.0204729 0)
(0.0954436 -0.020722 0)
(0.0983382 -0.0207777 0)
(0.100997 -0.0206199 0)
(0.103381 -0.0202309 0)
(0.105456 -0.0195975 0)
(0.107195 -0.0187133 0)
(0.10858 -0.0175806 0)
(0.109608 -0.0162112 0)
(0.110289 -0.0146273 0)
(0.11065 -0.0128598 0)
(0.110725 -0.0109471 0)
(0.110562 -0.00893146 0)
(0.110207 -0.00685677 0)
(0.109708 -0.00476565 0)
(0.109106 -0.0026976 0)
(0.108433 -0.000688055 0)
(0.107712 0.00123189 0)
(0.106952 0.00303493 0)
(0.106154 0.00469677 0)
(0.105306 0.00619509 0)
(0.104389 0.00750874 0)
(0.103377 0.00861721 0)
(0.10224 0.00950053 0)
(0.100944 0.0101399 0)
(0.0994592 0.0105187 0)
(0.0977608 0.0106246 0)
(0.0958343 0.0104517 0)
(0.0936798 0.0100028 0)
(0.0913159 0.00929172 0)
(0.0887811 0.00834391 0)
(0.0861321 0.00719671 0)
(0.0834402 0.00589792 0)
(0.0807841 0.00450339 0)
(0.0782422 0.00307381 0)
(0.0758839 0.00167105 0)
(0.0737632 0.000354541 0)
(0.0719142 -0.000822211 0)
(0.0703509 -0.00181486 0)
(0.0690692 -0.00259136 0)
(0.0680513 -0.00313494 0)
(0.0672703 -0.00344614 0)
(0.0666952 -0.00354288 0)
(0.0662938 -0.00345778 0)
(0.0660351 -0.00323288 0)
(0.0658901 -0.00291333 0)
(0.0658323 -0.00254153 0)
(0.0658378 -0.00215315 0)
(0.0658858 -0.0017752 0)
(0.065959 -0.00142598 0)
(0.0660434 -0.00111615 0)
(0.0661289 -0.000850383 0)
(0.0662087 -0.000628976 0)
(0.0662787 -0.00044938 0)
(0.0663373 -0.000307367 0)
(0.0663842 -0.000197914 0)
(0.0664202 -0.000115825 0)
(0.0664469 -5.61222e-05 0)
(0.0664657 -1.42818e-05 0)
(0.0664784 1.36496e-05 0)
(0.0664863 3.10222e-05 0)
(0.0664908 4.05997e-05 0)
(0.0664928 4.46072e-05 0)
(0.0664931 4.47941e-05 0)
(0.0664925 4.25035e-05 0)
(0.0664912 3.87401e-05 0)
(0.0664896 3.42332e-05 0)
(0.0664879 2.94938e-05 0)
(0.0664862 2.48634e-05 0)
(0.0664847 2.05553e-05 0)
(0.0664834 1.66884e-05 0)
(0.0664822 1.33144e-05 0)
(0.0664812 1.0439e-05 0)
(0.0664804 8.03847e-06 0)
(0.0664798 6.07134e-06 0)
(0.0664792 4.48734e-06 0)
(0.0664788 3.23338e-06 0)
(0.0664785 2.25758e-06 0)
(0.0664783 1.51172e-06 0)
(0.0664781 9.52598e-07 0)
(0.0664779 5.42587e-07 0)
(0.0664778 2.49687e-07 0)
(0.0664778 4.72212e-08 0)
(0.0664777 -8.66441e-08 0)
(0.0664777 -1.69483e-07 0)
(0.0664777 -2.15211e-07 0)
(0.0664777 -2.34673e-07 0)
(0.0664777 -2.36176e-07 0)
(0.0664777 -2.25976e-07 0)
(0.0664777 -2.08688e-07 0)
(0.0664777 -1.87639e-07 0)
(0.0664777 -1.65162e-07 0)
(0.0664777 -1.42832e-07 0)
(0.0664777 -1.21659e-07 0)
(0.0664777 -1.0224e-07 0)
(0.0664777 -8.48732e-08 0)
(0.0664778 -6.96558e-08 0)
(0.0664778 -5.65461e-08 0)
(0.0664778 -4.54167e-08 0)
(0.0664778 -3.60912e-08 0)
(0.0664778 -2.837e-08 0)
(0.0664778 -2.20481e-08 0)
(0.0664778 -1.69272e-08 0)
(0.0664778 -1.28222e-08 0)
(0.0664778 -9.56614e-09 0)
(0.0664778 -7.01098e-09 0)
(0.0664778 -5.02835e-09 0)
(0.0664778 -3.50847e-09 0)
(0.0664778 -2.35878e-09 0)
(0.0664778 -1.50218e-09 0)
(0.0664778 -8.75181e-10 0)
(0.0664778 -4.26036e-10 0)
(0.0664778 -1.13022e-10 0)
(0.0664778 9.71723e-11 0)
(0.0664778 2.30868e-10 0)
(0.0664778 3.08651e-10 0)
(0.0664778 3.46435e-10 0)
(0.0664778 3.56388e-10 0)
(0.0664778 3.47679e-10 0)
(0.0664778 3.27123e-10 0)
(0.0664778 2.9969e-10 0)
(0.0664778 2.68932e-10 0)
(0.0664778 2.37313e-10 0)
(0.0664778 2.06486e-10 0)
(0.0664778 1.77496e-10 0)
(0.0664778 1.5095e-10 0)
(0.0664778 1.27138e-10 0)
(0.0664778 1.06132e-10 0)
(0.0664778 8.78607e-11 0)
(0.0664778 7.21602e-11 0)
(0.0664778 5.88131e-11 0)
(0.0664778 4.75753e-11 0)
(0.0664778 3.81954e-11 0)
(0.0664778 3.04313e-11 0)
(0.0664778 2.40537e-11 0)
(0.0664778 1.88544e-11 0)
(0.0664778 1.46449e-11 0)
(0.0664778 1.12603e-11 0)
(0.0664778 8.55893e-12 0)
(0.0664778 6.41853e-12 0)
(0.0664778 4.73662e-12 0)
(0.0664778 3.4253e-12 0)
(0.0664778 2.40924e-12 0)
(0.0664778 1.62855e-12 0)
(0.0664778 1.03296e-12 0)
(0.0664778 5.81789e-13 0)
(0.0664778 2.40178e-13 0)
(0.0664778 -1.94832e-14 0)
(0.0664778 -2.18982e-13 0)
(0.0664778 -3.74281e-13 0)
(0.0664778 -4.97517e-13 0)
(0.0664778 -5.98002e-13 0)
(0.0664778 -6.84042e-13 0)
(0.0664778 -7.57352e-13 0)
(0.0664778 -8.17911e-13 0)
(0.0664778 -8.63225e-13 0)
(0.0664778 -8.8807e-13 0)
(0.0664778 -8.80702e-13 0)
(0.0664778 -8.234e-13 0)
(0.0664778 -6.82339e-13 0)
(0.0664778 -4.06997e-13 0)
(0.0664778 1.02531e-13 0)
(0.0664778 9.13675e-13 0)
(0.0664778 3.18717e-12 0)
(0.0664778 3.37408e-12 0)
(0.00514207 0.00187979 0)
(0.00772652 0.00290775 0)
(0.0128449 0.00252052 0)
(0.0163609 0.00196462 0)
(0.0197914 0.00137087 0)
(0.022861 0.000862851 0)
(0.0257725 0.000401158 0)
(0.0285592 -2.80891e-05 0)
(0.0312711 -0.000452836 0)
(0.0339365 -0.000890979 0)
(0.0365787 -0.00135828 0)
(0.0392147 -0.00186624 0)
(0.0418584 -0.00242384 0)
(0.0445205 -0.0030377 0)
(0.04721 -0.00371251 0)
(0.0499339 -0.00445112 0)
(0.052698 -0.00525473 0)
(0.0555068 -0.00612286 0)
(0.0583634 -0.00705337 0)
(0.0612698 -0.0080425 0)
(0.0642264 -0.00908483 0)
(0.067232 -0.0101733 0)
(0.0702835 -0.0112995 0)
(0.0733756 -0.0124534 0)
(0.0765005 -0.0136238 0)
(0.0796481 -0.0147986 0)
(0.0828061 -0.0159647 0)
(0.0859595 -0.0171077 0)
(0.0890908 -0.018212 0)
(0.0921799 -0.0192608 0)
(0.0952029 -0.0202353 0)
(0.0981321 -0.0211153 0)
(0.100936 -0.0218794 0)
(0.103578 -0.0225044 0)
(0.10602 -0.022966 0)
(0.108217 -0.0232388 0)
(0.110127 -0.0232975 0)
(0.111706 -0.0231179 0)
(0.112914 -0.0226789 0)
(0.113721 -0.0219655 0)
(0.114108 -0.0209708 0)
(0.114077 -0.0196998 0)
(0.113649 -0.0181698 0)
(0.112867 -0.0164112 0)
(0.111795 -0.0144652 0)
(0.110509 -0.0123802 0)
(0.109094 -0.0102076 0)
(0.107632 -0.00799767 0)
(0.106196 -0.00579541 0)
(0.104845 -0.00363883 0)
(0.103622 -0.00155815 0)
(0.102553 0.00042362 0)
(0.101645 0.00228924 0)
(0.100893 0.00402548 0)
(0.100281 0.0056213 0)
(0.0997825 0.00706639 0)
(0.0993634 0.0083499 0)
(0.0989853 0.00945979 0)
(0.098606 0.0103825 0)
(0.0981809 0.0111033 0)
(0.097665 0.0116068 0)
(0.0970149 0.0118783 0)
(0.0961913 0.0119053 0)
(0.0951624 0.0116798 0)
(0.0939073 0.0112 0)
(0.092419 0.0104729 0)
(0.0907072 0.00951583 0)
(0.0887986 0.00835745 0)
(0.0867358 0.00703821 0)
(0.0845743 0.00560931 0)
(0.0823769 0.00413066 0)
(0.0802078 0.00266775 0)
(0.0781261 0.00128718 0)
(0.076181 5.10931e-05 0)
(0.0744092 -0.000989146 0)
(0.0728347 -0.00179896 0)
(0.07147 -0.0023648 0)
(0.0703183 -0.00269499 0)
(0.0693752 -0.00281662 0)
(0.0686297 -0.00276923 0)
(0.0680641 -0.00259738 0)
(0.0676555 -0.00234414 0)
(0.0673775 -0.00204682 0)
(0.0672026 -0.00173503 0)
(0.0671043 -0.00143047 0)
(0.0670596 -0.00114777 0)
(0.0670494 -0.000895707 0)
(0.0670591 -0.000678459 0)
(0.0670786 -0.000496832 0)
(0.0671011 -0.000349272 0)
(0.0671226 -0.000232723 0)
(0.0671411 -0.000143307 0)
(0.0671558 -7.68417e-05 0)
(0.0671668 -2.92038e-05 0)
(0.0671746 3.42866e-06 0)
(0.0671798 2.44403e-05 0)
(0.067183 3.67186e-05 0)
(0.0671848 4.26489e-05 0)
(0.0671856 4.4144e-05 0)
(0.0671857 4.26958e-05 0)
(0.0671855 3.94344e-05 0)
(0.067185 3.519e-05 0)
(0.0671845 3.05511e-05 0)
(0.067184 2.59171e-05 0)
(0.0671834 2.15425e-05 0)
(0.067183 1.75754e-05 0)
(0.0671825 1.40869e-05 0)
(0.0671822 1.10954e-05 0)
(0.0671819 8.58468e-06 0)
(0.0671817 6.5176e-06 0)
(0.0671815 4.84583e-06 0)
(0.0671813 3.51672e-06 0)
(0.0671812 2.47792e-06 0)
(0.0671811 1.68021e-06 0)
(0.067181 1.07911e-06 0)
(0.067181 6.35649e-07 0)
(0.067181 3.1651e-07 0)
(0.0671809 9.37855e-08 0)
(0.0671809 -5.54628e-08 0)
(0.0671809 -1.49769e-07 0)
(0.0671809 -2.03868e-07 0)
(0.0671809 -2.29288e-07 0)
(0.0671809 -2.34901e-07 0)
(0.0671809 -2.27415e-07 0)
(0.0671809 -2.11809e-07 0)
(0.0671809 -1.91696e-07 0)
(0.0671809 -1.69627e-07 0)
(0.0671809 -1.47346e-07 0)
(0.0671809 -1.25988e-07 0)
(0.0671809 -1.06242e-07 0)
(0.0671809 -8.84746e-08 0)
(0.0671809 -7.28269e-08 0)
(0.0671809 -5.92889e-08 0)
(0.0671809 -4.77532e-08 0)
(0.0671809 -3.80549e-08 0)
(0.0671809 -3.00004e-08 0)
(0.0671809 -2.33866e-08 0)
(0.0671809 -1.80142e-08 0)
(0.0671809 -1.36958e-08 0)
(0.0671809 -1.02609e-08 0)
(0.0671809 -7.55777e-09 0)
(0.0671809 -5.45395e-09 0)
(0.0671809 -3.83588e-09 0)
(0.0671809 -2.60746e-09 0)
(0.0671809 -1.68836e-09 0)
(0.0671809 -1.01227e-09 0)
(0.0671809 -5.24978e-10 0)
(0.0671809 -1.8267e-10 0)
(0.0671809 4.97367e-11 0)
(0.0671809 2.00038e-10 0)
(0.0671809 2.90028e-10 0)
(0.0671809 3.36612e-10 0)
(0.0671809 3.52747e-10 0)
(0.0671809 3.4824e-10 0)
(0.0671809 3.30408e-10 0)
(0.0671809 3.04615e-10 0)
(0.0671809 2.74716e-10 0)
(0.0671809 2.43412e-10 0)
(0.0671809 2.12529e-10 0)
(0.0671809 1.83243e-10 0)
(0.0671809 1.56258e-10 0)
(0.0671809 1.31933e-10 0)
(0.0671809 1.10387e-10 0)
(0.0671809 9.15816e-11 0)
(0.0671809 7.53724e-11 0)
(0.0671809 6.1555e-11 0)
(0.0671809 4.98914e-11 0)
(0.0671809 4.01337e-11 0)
(0.0671809 3.20373e-11 0)
(0.0671809 2.53715e-11 0)
(0.0671809 1.99252e-11 0)
(0.0671809 1.55067e-11 0)
(0.0671809 1.19475e-11 0)
(0.0671809 9.10196e-12 0)
(0.0671809 6.84376e-12 0)
(0.0671809 5.06661e-12 0)
(0.0671809 3.67697e-12 0)
(0.0671809 2.60029e-12 0)
(0.0671809 1.7718e-12 0)
(0.0671809 1.13927e-12 0)
(0.0671809 6.58662e-13 0)
(0.0671809 2.92427e-13 0)
(0.0671809 1.27898e-14 0)
(0.0671809 -2.0265e-13 0)
(0.0671809 -3.72926e-13 0)
(0.0671809 -5.10746e-13 0)
(0.0671809 -6.27336e-13 0)
(0.0671809 -7.31242e-13 0)
(0.0671809 -8.26804e-13 0)
(0.0671809 -9.17155e-13 0)
(0.0671809 -1.00215e-12 0)
(0.0671809 -1.0802e-12 0)
(0.0671809 -1.14575e-12 0)
(0.0671809 -1.18619e-12 0)
(0.0671809 -1.17834e-12 0)
(0.0671809 -1.08669e-12 0)
(0.0671809 -8.41627e-13 0)
(0.0671809 -3.89251e-13 0)
(0.0671809 9.7355e-13 0)
(0.0671809 1.01185e-12 0)
(0.0344487 -4.85486e-06 0)
(0.0346183 -0.000156942 0)
(0.0349595 -0.000280077 0)
(0.0354242 -0.000347318 0)
(0.0359599 -0.000389558 0)
(0.0366511 -0.00047361 0)
(0.037388 -0.00036147 0)
(0.038129 -0.000805352 0)
(0.0908632 -8.35749e-06 0)
(0.0906436 -0.000140987 0)
(0.0905861 -0.000316261 0)
(0.0906363 -0.000495266 0)
(0.0908044 -0.000689044 0)
(0.0910686 -0.000886931 0)
(0.0914527 -0.00110145 0)
(0.0923946 -0.00180747 0)
(0.128436 -1.14542e-05 0)
(0.12826 -0.000103267 0)
(0.128175 -0.000240072 0)
(0.128142 -0.000413173 0)
(0.12814 -0.000615976 0)
(0.128171 -0.000852046 0)
(0.128279 -0.00121033 0)
(0.128302 -0.00166978 0)
(0.147212 -1.51284e-05 0)
(0.147034 -0.000113464 0)
(0.146937 -0.000241094 0)
(0.146874 -0.000399099 0)
(0.146825 -0.000591427 0)
(0.146786 -0.000837849 0)
(0.146731 -0.0011381 0)
(0.146669 -0.00153482 0)
(0.147217 -2.04227e-05 0)
(0.147038 -0.000121083 0)
(0.146928 -0.000233555 0)
(0.146839 -0.000368613 0)
(0.146746 -0.000538029 0)
(0.146629 -0.000749019 0)
(0.146476 -0.00101858 0)
(0.14626 -0.00134896 0)
(0.128451 -2.84072e-05 0)
(0.128254 -0.000137539 0)
(0.128109 -0.000236683 0)
(0.127966 -0.000346355 0)
(0.127796 -0.000482265 0)
(0.127582 -0.000656625 0)
(0.127307 -0.000874115 0)
(0.126951 -0.00113557 0)
(0.0908871 -4.304e-05 0)
(0.0906046 -0.000117254 0)
(0.0903774 -0.000160574 0)
(0.0901437 -0.00021575 0)
(0.0898746 -0.0003021 0)
(0.0895449 -0.000424546 0)
(0.0891301 -0.000581187 0)
(0.0886042 -0.00076435 0)
(0.034455 -4.9266e-05 0)
(0.0343576 -3.60345e-05 0)
(0.0342818 -9.65263e-06 0)
(0.0341965 -1.53811e-05 0)
(0.0340425 -5.27593e-05 0)
(0.0337898 -0.000110453 0)
(0.0334203 -0.000176072 0)
(0.0329257 -0.000239173 0)
(0.0409577 -0.0036722 0)
(0.0439572 -0.0034566 0)
(0.0467156 -0.0031842 0)
(0.0494484 -0.00290692 0)
(0.0520225 -0.00279585 0)
(0.0544907 -0.00280493 0)
(0.0568764 -0.00291322 0)
(0.0592063 -0.00309935 0)
(0.0615016 -0.00335303 0)
(0.0637778 -0.00366978 0)
(0.0660475 -0.00404918 0)
(0.06832 -0.00449273 0)
(0.0706025 -0.00500277 0)
(0.0729005 -0.00558159 0)
(0.0752181 -0.006231 0)
(0.077558 -0.00695195 0)
(0.0799218 -0.00774431 0)
(0.0823098 -0.00860664 0)
(0.0847214 -0.00953606 0)
(0.0871548 -0.0105281 0)
(0.0896066 -0.0115763 0)
(0.0920718 -0.0126727 0)
(0.0945432 -0.013807 0)
(0.097011 -0.0149672 0)
(0.0994623 -0.0161399 0)
(0.101882 -0.0173103 0)
(0.10425 -0.0184625 0)
(0.106544 -0.0195795 0)
(0.108741 -0.0206424 0)
(0.110808 -0.0216301 0)
(0.112712 -0.0225189 0)
(0.114412 -0.0232829 0)
(0.115862 -0.0238944 0)
(0.117012 -0.0243244 0)
(0.117811 -0.0245429 0)
(0.118207 -0.0245204 0)
(0.118153 -0.0242299 0)
(0.117614 -0.0236495 0)
(0.116569 -0.0227654 0)
(0.115024 -0.0215762 0)
(0.113013 -0.0200959 0)
(0.110603 -0.0183557 0)
(0.107889 -0.0164026 0)
(0.104992 -0.0142946 0)
(0.102044 -0.0120949 0)
(0.0991722 -0.0098647 0)
(0.0964909 -0.00765736 0)
(0.0940882 -0.00551433 0)
(0.0920227 -0.00346409 0)
(0.0903236 -0.00152325 0)
(0.0889948 0.000300829 0)
(0.0880206 0.00200667 0)
(0.0873713 0.00359557 0)
(0.0870086 0.00506905 0)
(0.0868895 0.00642718 0)
(0.0869688 0.00766762 0)
(0.0872006 0.00878524 0)
(0.087539 0.0097721 0)
(0.0879382 0.0106177 0)
(0.0883523 0.0113094 0)
(0.0887357 0.0118332 0)
(0.0890434 0.0121742 0)
(0.0892316 0.0123181 0)
(0.0892595 0.0122524 0)
(0.0890911 0.0119676 0)
(0.0886979 0.0114598 0)
(0.0880618 0.010732 0)
(0.087177 0.00979667 0)
(0.0860523 0.00867718 0)
(0.0847111 0.00740912 0)
(0.0831901 0.00604024 0)
(0.0815369 0.00462872 0)
(0.0798057 0.00323947 0)
(0.0780531 0.00193812 0)
(0.0763342 0.000783515 0)
(0.0747002 -0.000179977 0)
(0.073196 -0.000928104 0)
(0.0718572 -0.00145828 0)
(0.0707081 -0.00178659 0)
(0.0697587 -0.00194172 0)
(0.0690045 -0.00195822 0)
(0.0684287 -0.00187119 0)
(0.0680061 -0.00171298 0)
(0.0677079 -0.00151156 0)
(0.0675055 -0.00128997 0)
(0.0673734 -0.00106625 0)
(0.0672905 -0.000853671 0)
(0.0672404 -0.000661088 0)
(0.0672114 -0.000493567 0)
(0.0671952 -0.000353077 0)
(0.0671865 -0.000239249 0)
(0.0671819 -0.000150114 0)
(0.0671794 -8.27508e-05 0)
(0.0671781 -3.38028e-05 0)
(0.0671773 1.31365e-07 0)
(0.0671769 2.22427e-05 0)
(0.0671766 3.53598e-05 0)
(0.0671765 4.18809e-05 0)
(0.0671766 4.3763e-05 0)
(0.0671768 4.25494e-05 0)
(0.0671771 3.94174e-05 0)
(0.0671775 3.52348e-05 0)
(0.0671779 3.06176e-05 0)
(0.0671783 2.59837e-05 0)
(0.0671787 2.15996e-05 0)
(0.0671791 1.76199e-05 0)
(0.0671794 1.41193e-05 0)
(0.0671797 1.11177e-05 0)
(0.06718 8.59931e-06 0)
(0.0671802 6.52671e-06 0)
(0.0671804 4.85119e-06 0)
(0.0671805 3.51967e-06 0)
(0.0671806 2.47939e-06 0)
(0.0671807 1.68082e-06 0)
(0.0671808 1.07926e-06 0)
(0.0671808 6.35588e-07 0)
(0.0671809 3.16365e-07 0)
(0.0671809 9.36261e-08 0)
(0.0671809 -5.56047e-08 0)
(0.0671809 -1.49883e-07 0)
(0.0671809 -2.03953e-07 0)
(0.0671809 -2.29349e-07 0)
(0.0671809 -2.34942e-07 0)
(0.0671809 -2.27442e-07 0)
(0.0671809 -2.11826e-07 0)
(0.0671809 -1.91706e-07 0)
(0.0671809 -1.69633e-07 0)
(0.0671809 -1.47349e-07 0)
(0.0671809 -1.2599e-07 0)
(0.0671809 -1.06243e-07 0)
(0.0671809 -8.84749e-08 0)
(0.0671809 -7.2827e-08 0)
(0.0671809 -5.92889e-08 0)
(0.0671809 -4.77531e-08 0)
(0.0671809 -3.80548e-08 0)
(0.0671809 -3.00004e-08 0)
(0.0671809 -2.33865e-08 0)
(0.0671809 -1.80141e-08 0)
(0.0671809 -1.36958e-08 0)
(0.0671809 -1.02609e-08 0)
(0.0671809 -7.55777e-09 0)
(0.0671809 -5.45396e-09 0)
(0.0671809 -3.83589e-09 0)
(0.0671809 -2.60746e-09 0)
(0.0671809 -1.68837e-09 0)
(0.0671809 -1.01227e-09 0)
(0.0671809 -5.2498e-10 0)
(0.0671809 -1.82669e-10 0)
(0.0671809 4.97402e-11 0)
(0.0671809 2.00043e-10 0)
(0.0671809 2.90036e-10 0)
(0.0671809 3.36622e-10 0)
(0.0671809 3.52758e-10 0)
(0.0671809 3.48252e-10 0)
(0.0671809 3.3042e-10 0)
(0.0671809 3.04625e-10 0)
(0.0671809 2.74725e-10 0)
(0.0671809 2.43421e-10 0)
(0.0671809 2.12538e-10 0)
(0.0671809 1.83253e-10 0)
(0.0671809 1.56268e-10 0)
(0.0671809 1.31942e-10 0)
(0.0671809 1.10399e-10 0)
(0.0671809 9.15938e-11 0)
(0.0671809 7.53855e-11 0)
(0.0671809 6.15664e-11 0)
(0.0671809 4.99008e-11 0)
(0.0671809 4.01409e-11 0)
(0.0671809 3.20411e-11 0)
(0.0671809 2.53715e-11 0)
(0.0671809 1.99195e-11 0)
(0.0671809 1.54961e-11 0)
(0.0671809 1.19349e-11 0)
(0.0671809 9.0871e-12 0)
(0.0671809 6.82807e-12 0)
(0.0671809 5.04917e-12 0)
(0.0671809 3.66046e-12 0)
(0.0671809 2.58604e-12 0)
(0.0671809 1.7605e-12 0)
(0.0671809 1.1298e-12 0)
(0.0671809 6.49006e-13 0)
(0.0671809 2.83573e-13 0)
(0.0671809 4.25321e-15 0)
(0.0671809 -2.13119e-13 0)
(0.0671809 -3.86299e-13 0)
(0.0671809 -5.3162e-13 0)
(0.0671809 -6.58938e-13 0)
(0.0671809 -7.7544e-13 0)
(0.0671809 -8.90304e-13 0)
(0.0671809 -1.00905e-12 0)
(0.0671809 -1.13647e-12 0)
(0.0671809 -1.27443e-12 0)
(0.0671809 -1.42436e-12 0)
(0.0671809 -1.5855e-12 0)
(0.0671809 -1.75206e-12 0)
(0.0671809 -1.90941e-12 0)
(0.0671809 -2.03371e-12 0)
(0.0671809 -2.0985e-12 0)
(0.0671809 -1.83953e-12 0)
(0.0671809 -2.02379e-12 0)
(0.0931088 -0.00238406 0)
(0.0932474 -0.00293206 0)
(0.0936354 -0.00326853 0)
(0.0942029 -0.00351989 0)
(0.0949538 -0.00373877 0)
(0.0958321 -0.00395986 0)
(0.0968063 -0.00420057 0)
(0.0978525 -0.00447137 0)
(0.0989558 -0.00477998 0)
(0.100106 -0.00513301 0)
(0.101297 -0.00553657 0)
(0.102525 -0.00599622 0)
(0.103784 -0.00651687 0)
(0.105074 -0.00710252 0)
(0.106389 -0.00775613 0)
(0.107728 -0.00847946 0)
(0.109085 -0.00927291 0)
(0.110456 -0.0101354 0)
(0.111836 -0.0110641 0)
(0.113217 -0.0120544 0)
(0.114592 -0.0130993 0)
(0.11595 -0.0141895 0)
(0.117279 -0.0153131 0)
(0.118563 -0.0164554 0)
(0.119781 -0.0175998 0)
(0.120908 -0.0187281 0)
(0.121912 -0.0198203 0)
(0.122759 -0.020855 0)
(0.123407 -0.0218077 0)
(0.123809 -0.0226502 0)
(0.123914 -0.0233509 0)
(0.123664 -0.0238756 0)
(0.122998 -0.0241897 0)
(0.121856 -0.0242589 0)
(0.120184 -0.0240509 0)
(0.117938 -0.023539 0)
(0.115095 -0.0227062 0)
(0.111665 -0.0215493 0)
(0.107695 -0.020083 0)
(0.103283 -0.0183417 0)
(0.0985753 -0.0163802 0)
(0.0937547 -0.0142695 0)
(0.0890247 -0.0120898 0)
(0.0845799 -0.00992 0)
(0.0805807 -0.00782696 0)
(0.0771368 -0.00585674 0)
(0.0743018 -0.0040316 0)
(0.0720798 -0.00235286 0)
(0.0704386 -0.000807559 0)
(0.0693237 0.000623768 0)
(0.0686715 0.00196082 0)
(0.0684167 0.00321954 0)
(0.068498 0.00441044 0)
(0.0688594 0.00553834 0)
(0.0694509 0.00660306 0)
(0.0702272 0.00760028 0)
(0.0711469 0.00852246 0)
(0.0721711 0.00935958 0)
(0.0732623 0.0100998 0)
(0.0743834 0.0107298 0)
(0.0754971 0.0112354 0)
(0.0765658 0.0116021 0)
(0.0775515 0.0118152 0)
(0.0784164 0.0118611 0)
(0.0791241 0.0117277 0)
(0.079641 0.0114062 0)
(0.0799387 0.0108922 0)
(0.0799962 0.010188 0)
(0.0798023 0.00930473 0)
(0.0793576 0.00826416 0)
(0.078676 0.0071001 0)
(0.0777846 0.00585812 0)
(0.0767228 0.00459296 0)
(0.075541 0.00336322 0)
(0.0742974 0.00222404 0)
(0.0730535 0.00121973 0)
(0.0718678 0.00037896 0)
(0.0707889 -0.000286072 0)
(0.0698494 -0.000777268 0)
(0.0690637 -0.00110678 0)
(0.0684296 -0.00129349 0)
(0.0679326 -0.00136043 0)
(0.0675519 -0.00133278 0)
(0.0672649 -0.00123615 0)
(0.0670507 -0.00109482 0)
(0.0668915 -0.000930185 0)
(0.0667734 -0.000759716 0)
(0.0666858 -0.000596418 0)
(0.0666208 -0.000448931 0)
(0.0665727 -0.000322053 0)
(0.0665373 -0.000217506 0)
(0.0665116 -0.000134788 0)
(0.0664933 -7.19575e-05 0)
(0.0664806 -2.62914e-05 0)
(0.0664722 5.21548e-06 0)
(0.0664669 2.55085e-05 0)
(0.0664641 3.72622e-05 0)
(0.0664629 4.27735e-05 0)
(0.0664629 4.39273e-05 0)
(0.0664637 4.2211e-05 0)
(0.066465 3.87552e-05 0)
(0.0664665 3.43877e-05 0)
(0.0664681 2.96899e-05 0)
(0.0664696 2.50503e-05 0)
(0.066471 2.07112e-05 0)
(0.0664723 1.68079e-05 0)
(0.0664734 1.34003e-05 0)
(0.0664744 1.04977e-05 0)
(0.0664751 8.07656e-06 0)
(0.0664758 6.09485e-06 0)
(0.0664763 4.50104e-06 0)
(0.0664767 3.24081e-06 0)
(0.066477 2.26121e-06 0)
(0.0664773 1.51318e-06 0)
(0.0664775 9.52903e-07 0)
(0.0664776 5.42354e-07 0)
(0.0664777 2.49258e-07 0)
(0.0664778 4.67723e-08 0)
(0.0664778 -8.70355e-08 0)
(0.0664778 -1.69792e-07 0)
(0.0664778 -2.1544e-07 0)
(0.0664778 -2.34834e-07 0)
(0.0664778 -2.36285e-07 0)
(0.0664778 -2.26048e-07 0)
(0.0664778 -2.08733e-07 0)
(0.0664778 -1.87667e-07 0)
(0.0664778 -1.65178e-07 0)
(0.0664778 -1.42841e-07 0)
(0.0664778 -1.21664e-07 0)
(0.0664778 -1.02242e-07 0)
(0.0664778 -8.4874e-08 0)
(0.0664778 -6.9656e-08 0)
(0.0664778 -5.65459e-08 0)
(0.0664778 -4.54165e-08 0)
(0.0664778 -3.6091e-08 0)
(0.0664778 -2.83698e-08 0)
(0.0664778 -2.2048e-08 0)
(0.0664778 -1.69271e-08 0)
(0.0664778 -1.28222e-08 0)
(0.0664778 -9.56613e-09 0)
(0.0664778 -7.01099e-09 0)
(0.0664778 -5.02837e-09 0)
(0.0664778 -3.50849e-09 0)
(0.0664778 -2.3588e-09 0)
(0.0664778 -1.5022e-09 0)
(0.0664778 -8.75191e-10 0)
(0.0664778 -4.2604e-10 0)
(0.0664778 -1.1302e-10 0)
(0.0664778 9.71795e-11 0)
(0.0664778 2.30882e-10 0)
(0.0664778 3.08671e-10 0)
(0.0664778 3.46462e-10 0)
(0.0664778 3.56418e-10 0)
(0.0664778 3.47711e-10 0)
(0.0664778 3.27154e-10 0)
(0.0664778 2.99718e-10 0)
(0.0664778 2.68957e-10 0)
(0.0664778 2.37337e-10 0)
(0.0664778 2.0651e-10 0)
(0.0664778 1.77521e-10 0)
(0.0664778 1.50975e-10 0)
(0.0664778 1.27164e-10 0)
(0.0664778 1.06161e-10 0)
(0.0664778 8.78928e-11 0)
(0.0664778 7.21928e-11 0)
(0.0664778 5.88427e-11 0)
(0.0664778 4.75989e-11 0)
(0.0664778 3.82122e-11 0)
(0.0664778 3.04381e-11 0)
(0.0664778 2.40483e-11 0)
(0.0664778 1.88352e-11 0)
(0.0664778 1.46146e-11 0)
(0.0664778 1.12216e-11 0)
(0.0664778 8.51541e-12 0)
(0.0664778 6.37323e-12 0)
(0.0664778 4.69077e-12 0)
(0.0664778 3.3819e-12 0)
(0.0664778 2.37144e-12 0)
(0.0664778 1.5978e-12 0)
(0.0664778 1.00864e-12 0)
(0.0664778 5.60312e-13 0)
(0.0664778 2.19721e-13 0)
(0.0664778 -4.22677e-14 0)
(0.0664778 -2.47154e-13 0)
(0.0664778 -4.13293e-13 0)
(0.0664778 -5.56014e-13 0)
(0.0664778 -6.84785e-13 0)
(0.0664778 -8.10388e-13 0)
(0.0664778 -9.40553e-13 0)
(0.0664778 -1.08442e-12 0)
(0.0664778 -1.25034e-12 0)
(0.0664778 -1.44593e-12 0)
(0.0664778 -1.6824e-12 0)
(0.0664778 -1.96897e-12 0)
(0.0664778 -2.32101e-12 0)
(0.0664778 -2.7499e-12 0)
(0.0664778 -3.28782e-12 0)
(0.0664778 -3.934e-12 0)
(0.0664778 -4.87565e-12 0)
(0.0664778 -5.32696e-12 0)
(0.128257 -0.00234432 0)
(0.12823 -0.00291753 0)
(0.128188 -0.00336907 0)
(0.128203 -0.00372891 0)
(0.12828 -0.0040388 0)
(0.128418 -0.00432865 0)
(0.128606 -0.00461919 0)
(0.128835 -0.00492511 0)
(0.129095 -0.00525766 0)
(0.129377 -0.00562611 0)
(0.129676 -0.00603841 0)
(0.129986 -0.00650142 0)
(0.1303 -0.00702093 0)
(0.130613 -0.00760158 0)
(0.130919 -0.00824676 0)
(0.131212 -0.00895845 0)
(0.131485 -0.00973717 0)
(0.131728 -0.0105818 0)
(0.131932 -0.0114894 0)
(0.132087 -0.0124548 0)
(0.132179 -0.0134704 0)
(0.132193 -0.014525 0)
(0.132108 -0.0156037 0)
(0.131897 -0.0166873 0)
(0.131528 -0.0177527 0)
(0.13096 -0.0187741 0)
(0.130145 -0.019724 0)
(0.129031 -0.0205734 0)
(0.127563 -0.0212901 0)
(0.125683 -0.0218374 0)
(0.123326 -0.0221758 0)
(0.120425 -0.0222665 0)
(0.116912 -0.0220742 0)
(0.112734 -0.0215689 0)
(0.107863 -0.0207294 0)
(0.102317 -0.0195493 0)
(0.096181 -0.0180423 0)
(0.0896206 -0.0162474 0)
(0.0828767 -0.0142346 0)
(0.0762421 -0.0121072 0)
(0.0700179 -0.00999048 0)
(0.0644597 -0.00800394 0)
(0.0597346 -0.00623107 0)
(0.055907 -0.00470251 0)
(0.0529518 -0.00339957 0)
(0.050786 -0.0022728 0)
(0.0493004 -0.00126397 0)
(0.0483842 -0.000322234 0)
(0.0479383 0.000588554 0)
(0.0478806 0.00148942 0)
(0.0481459 0.00238922 0)
(0.0486828 0.00328842 0)
(0.0494506 0.00418225 0)
(0.0504157 0.00506292 0)
(0.0515493 0.00592095 0)
(0.0528249 0.00674588 0)
(0.0542172 0.0075266 0)
(0.0557011 0.00825146 0)
(0.0572507 0.00890839 0)
(0.0588391 0.00948488 0)
(0.0604381 0.00996808 0)
(0.062018 0.010345 0)
(0.0635476 0.0106024 0)
(0.064995 0.0107278 0)
(0.0663279 0.010709 0)
(0.0675147 0.0105358 0)
(0.0685262 0.0102007 0)
(0.0693374 0.00970052 0)
(0.0699295 0.00903879 0)
(0.0702928 0.00822749 0)
(0.0704287 0.00728878 0)
(0.0703518 0.00625521 0)
(0.0700909 0.00516775 0)
(0.0696868 0.00407197 0)
(0.0691888 0.00301329 0)
(0.0686474 0.00203264 0)
(0.0681069 0.00116353 0)
(0.0675993 0.000430429 0)
(0.0671425 -0.000152256 0)
(0.066742 -0.000580726 0)
(0.0663947 -0.000861682 0)
(0.0660941 -0.0010111 0)
(0.0658335 -0.00105176 0)
(0.0656077 -0.00100999 0)
(0.0654132 -0.000912336 0)
(0.0652477 -0.00078275 0)
(0.0651094 -0.000640877 0)
(0.0649962 -0.000501316 0)
(0.0649059 -0.000373748 0)
(0.0648359 -0.00026362 0)
(0.0647832 -0.000173069 0)
(0.064745 -0.000101893 0)
(0.0647185 -4.84141e-05 0)
(0.064701 -1.01643e-05 0)
(0.0646906 1.56029e-05 0)
(0.0646851 3.15754e-05 0)
(0.0646833 4.01804e-05 0)
(0.0646838 4.34859e-05 0)
(0.0646859 4.31726e-05 0)
(0.0646888 4.05516e-05 0)
(0.0646921 3.6606e-05 0)
(0.0646954 3.2044e-05 0)
(0.0646986 2.73523e-05 0)
(0.0647015 2.2847e-05 0)
(0.064704 1.87162e-05 0)
(0.0647062 1.50566e-05 0)
(0.0647081 1.19015e-05 0)
(0.0647096 9.24231e-06 0)
(0.0647108 7.04531e-06 0)
(0.0647118 5.26277e-06 0)
(0.0647126 3.84115e-06 0)
(0.0647132 2.72638e-06 0)
(0.0647136 1.86722e-06 0)
(0.0647139 1.21712e-06 0)
(0.0647142 7.3514e-07 0)
(0.0647143 3.86139e-07 0)
(0.0647144 1.40626e-07 0)
(0.0647145 -2.57146e-08 0)
(0.0647146 -1.32585e-07 0)
(0.0647146 -1.957e-07 0)
(0.0647146 -2.27392e-07 0)
(0.0647146 -2.37189e-07 0)
(0.0647146 -2.3233e-07 0)
(0.0647146 -2.18209e-07 0)
(0.0647145 -1.98767e-07 0)
(0.0647145 -1.76807e-07 0)
(0.0647145 -1.54263e-07 0)
(0.0647145 -1.32413e-07 0)
(0.0647145 -1.12049e-07 0)
(0.0647145 -9.36095e-08 0)
(0.0647145 -7.72868e-08 0)
(0.0647145 -6.31032e-08 0)
(0.0647145 -5.09712e-08 0)
(0.0647144 -4.07365e-08 0)
(0.0647144 -3.22095e-08 0)
(0.0647144 -2.51866e-08 0)
(0.0647144 -1.94653e-08 0)
(0.0647144 -1.48534e-08 0)
(0.0647144 -1.11744e-08 0)
(0.0647144 -8.27064e-09 0)
(0.0647144 -6.00367e-09 0)
(0.0647144 -4.2543e-09 0)
(0.0647144 -2.92131e-09 0)
(0.0647144 -1.91983e-09 0)
(0.0647144 -1.17953e-09 0)
(0.0647144 -6.42793e-10 0)
(0.0647144 -2.62895e-10 0)
(0.0647144 -2.32342e-12 0)
(0.0647144 1.68728e-10 0)
(0.0647144 2.73701e-10 0)
(0.0647144 3.30829e-10 0)
(0.0647144 3.54141e-10 0)
(0.0647144 3.54291e-10 0)
(0.0647144 3.39259e-10 0)
(0.0647144 3.14931e-10 0)
(0.0647144 2.85555e-10 0)
(0.0647144 2.54135e-10 0)
(0.0647144 2.2272e-10 0)
(0.0647144 1.92653e-10 0)
(0.0647144 1.64757e-10 0)
(0.0647144 1.39473e-10 0)
(0.0647144 1.1698e-10 0)
(0.0647144 9.72731e-11 0)
(0.0647144 8.02324e-11 0)
(0.0647144 6.56634e-11 0)
(0.0647144 5.33319e-11 0)
(0.0647144 4.29901e-11 0)
(0.0647144 3.43877e-11 0)
(0.0647144 2.72903e-11 0)
(0.0647144 2.14762e-11 0)
(0.0647144 1.67509e-11 0)
(0.0647144 1.29367e-11 0)
(0.0647144 9.88194e-12 0)
(0.0647144 7.45515e-12 0)
(0.0647144 5.54064e-12 0)
(0.0647144 4.04542e-12 0)
(0.0647144 2.88532e-12 0)
(0.0647144 1.99458e-12 0)
(0.0647144 1.31665e-12 0)
(0.0647144 8.01448e-13 0)
(0.0647144 4.12807e-13 0)
(0.0647144 1.15902e-13 0)
(0.0647144 -1.12612e-13 0)
(0.0647144 -2.92538e-13 0)
(0.0647144 -4.4236e-13 0)
(0.0647144 -5.72345e-13 0)
(0.0647144 -6.96448e-13 0)
(0.0647144 -8.23215e-13 0)
(0.0647144 -9.62338e-13 0)
(0.0647144 -1.12492e-12 0)
(0.0647144 -1.32042e-12 0)
(0.0647144 -1.56526e-12 0)
(0.0647144 -1.87506e-12 0)
(0.0647144 -2.27296e-12 0)
(0.0647144 -2.79332e-12 0)
(0.0647144 -3.46738e-12 0)
(0.0647144 -4.39247e-12 0)
(0.0647144 -5.5698e-12 0)
(0.0647144 -7.77687e-12 0)
(0.0647144 -8.50665e-12 0)
(0.146542 -0.00198465 0)
(0.146294 -0.00245252 0)
(0.145985 -0.00289022 0)
(0.145651 -0.00328764 0)
(0.145316 -0.00365213 0)
(0.144987 -0.0039963 0)
(0.144662 -0.00433295 0)
(0.144335 -0.00467396 0)
(0.143999 -0.0050301 0)
(0.143646 -0.00541114 0)
(0.14327 -0.00582586 0)
(0.14286 -0.00628196 0)
(0.14241 -0.00678594 0)
(0.14191 -0.00734298 0)
(0.141348 -0.00795674 0)
(0.140715 -0.00862933 0)
(0.139995 -0.00936109 0)
(0.139173 -0.0101505 0)
(0.138232 -0.0109936 0)
(0.137152 -0.0118839 0)
(0.13591 -0.0128109 0)
(0.134478 -0.0137591 0)
(0.132825 -0.0147065 0)
(0.130913 -0.0156254 0)
(0.128696 -0.0164835 0)
(0.126122 -0.0172476 0)
(0.123127 -0.0178859 0)
(0.119644 -0.0183672 0)
(0.115601 -0.018657 0)
(0.110921 -0.0187128 0)
(0.105531 -0.0184844 0)
(0.0993802 -0.0179216 0)
(0.092475 -0.0169854 0)
(0.0849118 -0.0156597 0)
(0.076891 -0.0139691 0)
(0.0687189 -0.0120045 0)
(0.0607781 -0.00992611 0)
(0.0534609 -0.00793019 0)
(0.0470851 -0.00619476 0)
(0.0418232 -0.00482739 0)
(0.0376869 -0.00383539 0)
(0.0345705 -0.00313983 0)
(0.032314 -0.00262344 0)
(0.0307498 -0.00217794 0)
(0.0297296 -0.00172871 0)
(0.0291358 -0.00123707 0)
(0.0288834 -0.000690744 0)
(0.0289144 -9.22918e-05 0)
(0.0291907 0.00054964 0)
(0.0296868 0.00122505 0)
(0.0303843 0.00192438 0)
(0.0312683 0.00263876 0)
(0.0323255 0.00335975 0)
(0.0335423 0.0040789 0)
(0.0349048 0.00478758 0)
(0.0363981 0.00547686 0)
(0.0380059 0.00613741 0)
(0.0397109 0.00675956 0)
(0.041494 0.00733326 0)
(0.0433346 0.00784812 0)
(0.0452106 0.00829342 0)
(0.0470981 0.00865813 0)
(0.0489721 0.008931 0)
(0.0508063 0.00910067 0)
(0.0525742 0.00915596 0)
(0.0542492 0.00908633 0)
(0.0558064 0.00888276 0)
(0.0572236 0.00853901 0)
(0.0584829 0.00805321 0)
(0.059573 0.0074297 0)
(0.06049 0.00668058 0)
(0.0612386 0.00582673 0)
(0.0618309 0.00489778 0)
(0.0622836 0.00393095 0)
(0.0626149 0.00296872 0)
(0.0628404 0.00205515 0)
(0.0629721 0.00123137 0)
(0.0630185 0.000530618 0)
(0.0629872 -2.58529e-05 0)
(0.0628881 -0.000431015 0)
(0.0627343 -0.000691746 0)
(0.0625421 -0.000826126 0)
(0.0623294 -0.000859241 0)
(0.0621132 -0.000818673 0)
(0.0619076 -0.000730687 0)
(0.0617227 -0.000617693 0)
(0.0615643 -0.000497037 0)
(0.0614346 -0.000380874 0)
(0.0613328 -0.000276747 0)
(0.0612563 -0.000188495 0)
(0.0612015 -0.000117244 0)
(0.0611645 -6.2307e-05 0)
(0.0611414 -2.19262e-05 0)
(0.0611286 6.16799e-06 0)
(0.0611234 2.43676e-05 0)
(0.0611232 3.49376e-05 0)
(0.0611264 3.9877e-05 0)
(0.0611314 4.08578e-05 0)
(0.0611374 3.92176e-05 0)
(0.0611435 3.59838e-05 0)
(0.0611495 3.1914e-05 0)
(0.0611549 2.75432e-05 0)
(0.0611598 2.32299e-05 0)
(0.061164 1.91982e-05 0)
(0.0611675 1.55733e-05 0)
(0.0611704 1.24102e-05 0)
(0.0611727 9.71696e-06 0)
(0.0611746 7.47155e-06 0)
(0.0611761 5.63443e-06 0)
(0.0611772 4.15751e-06 0)
(0.0611781 2.99017e-06 0)
(0.0611787 2.08313e-06 0)
(0.0611792 1.3908e-06 0)
(0.0611795 8.72501e-07 0)
(0.0611797 4.92939e-07 0)
(0.0611799 2.22187e-07 0)
(0.06118 3.53624e-08 0)
(0.06118 -8.78605e-08 0)
(0.06118 -1.63816e-07 0)
(0.06118 -2.05424e-07 0)
(0.06118 -2.22744e-07 0)
(0.06118 -2.23478e-07 0)
(0.0611799 -2.13423e-07 0)
(0.0611799 -1.96855e-07 0)
(0.0611799 -1.76855e-07 0)
(0.0611799 -1.55582e-07 0)
(0.0611798 -1.34496e-07 0)
(0.0611798 -1.14528e-07 0)
(0.0611798 -9.62281e-08 0)
(0.0611798 -7.98721e-08 0)
(0.0611798 -6.55447e-08 0)
(0.0611798 -5.32043e-08 0)
(0.0611798 -4.27293e-08 0)
(0.0611797 -3.39528e-08 0)
(0.0611797 -2.66863e-08 0)
(0.0611797 -2.07368e-08 0)
(0.0611797 -1.59175e-08 0)
(0.0611797 -1.20544e-08 0)
(0.0611797 -8.99018e-09 0)
(0.0611797 -6.5857e-09 0)
(0.0611797 -4.72012e-09 0)
(0.0611797 -3.29015e-09 0)
(0.0611797 -2.20867e-09 0)
(0.0611797 -1.4031e-09 0)
(0.0611797 -8.13691e-10 0)
(0.0611797 -3.91714e-10 0)
(0.0611797 -9.78845e-11 0)
(0.0611797 9.9167e-11 0)
(0.0611797 2.24232e-10 0)
(0.0611797 2.96696e-10 0)
(0.0611797 3.31552e-10 0)
(0.0611797 3.40255e-10 0)
(0.0611797 3.31444e-10 0)
(0.0611797 3.11533e-10 0)
(0.0611797 2.85203e-10 0)
(0.0611797 2.55796e-10 0)
(0.0611797 2.25631e-10 0)
(0.0611797 1.96259e-10 0)
(0.0611797 1.68662e-10 0)
(0.0611797 1.43406e-10 0)
(0.0611797 1.20762e-10 0)
(0.0611797 1.00795e-10 0)
(0.0611797 8.3433e-11 0)
(0.0611797 6.85173e-11 0)
(0.0611797 5.58374e-11 0)
(0.0611797 4.51621e-11 0)
(0.0611797 3.62508e-11 0)
(0.0611797 2.88733e-11 0)
(0.0611797 2.28104e-11 0)
(0.0611797 1.7867e-11 0)
(0.0611797 1.38635e-11 0)
(0.0611797 1.06471e-11 0)
(0.0611797 8.08131e-12 0)
(0.0611797 6.05171e-12 0)
(0.0611797 4.45964e-12 0)
(0.0611797 3.22089e-12 0)
(0.0611797 2.26641e-12 0)
(0.0611797 1.53617e-12 0)
(0.0611797 9.82318e-13 0)
(0.0611797 5.65304e-13 0)
(0.0611797 2.50504e-13 0)
(0.0611797 1.21977e-14 0)
(0.0611797 -1.72453e-13 0)
(0.0611797 -3.20284e-13 0)
(0.0611797 -4.4489e-13 0)
(0.0611797 -5.58124e-13 0)
(0.0611797 -6.6973e-13 0)
(0.0611797 -7.91281e-13 0)
(0.0611797 -9.31749e-13 0)
(0.0611797 -1.10165e-12 0)
(0.0611797 -1.31414e-12 0)
(0.0611797 -1.58785e-12 0)
(0.0611797 -1.94481e-12 0)
(0.0611797 -2.41579e-12 0)
(0.0611797 -3.05873e-12 0)
(0.0611797 -3.90577e-12 0)
(0.0611797 -5.13165e-12 0)
(0.0611797 -6.62903e-12 0)
(0.0611797 -1.01101e-11 0)
(0.0611797 -1.11113e-11 0)
(0.145957 -0.00173559 0)
(0.145564 -0.00213956 0)
(0.145084 -0.0025311 0)
(0.144532 -0.00289658 0)
(0.143921 -0.00323539 0)
(0.143258 -0.0035539 0)
(0.142542 -0.00386145 0)
(0.141771 -0.0041683 0)
(0.14094 -0.00448456 0)
(0.140042 -0.00481965 0)
(0.139068 -0.00518194 0)
(0.13801 -0.00557849 0)
(0.136854 -0.00601487 0)
(0.135587 -0.00649495 0)
(0.134193 -0.00702083 0)
(0.132652 -0.00759267 0)
(0.130942 -0.00820867 0)
(0.129038 -0.00886491 0)
(0.126912 -0.0095552 0)
(0.124533 -0.0102705 0)
(0.121866 -0.0109981 0)
(0.118874 -0.0117195 0)
(0.115511 -0.0124087 0)
(0.111718 -0.0130301 0)
(0.107424 -0.0135393 0)
(0.102544 -0.0138872 0)
(0.0969996 -0.0140241 0)
(0.0907356 -0.0139006 0)
(0.0837393 -0.0134582 0)
(0.0760626 -0.0126321 0)
(0.0678581 -0.0113923 0)
(0.0593988 -0.00979818 0)
(0.051054 -0.00800335 0)
(0.043237 -0.00621633 0)
(0.036322 -0.00465545 0)
(0.0305342 -0.00349252 0)
(0.0259087 -0.00278633 0)
(0.0223512 -0.00246178 0)
(0.0197027 -0.0023612 0)
(0.0177715 -0.00232703 0)
(0.0163677 -0.00225932 0)
(0.0153375 -0.00212277 0)
(0.0145791 -0.00192049 0)
(0.0140382 -0.00166564 0)
(0.0136922 -0.00136725 0)
(0.0135348 -0.00102838 0)
(0.0135652 -0.000649261 0)
(0.0137827 -0.00023035 0)
(0.014185 0.000226196 0)
(0.0147686 0.000716348 0)
(0.0155285 0.00123458 0)
(0.0164592 0.00177436 0)
(0.0175545 0.00232854 0)
(0.018807 0.00288963 0)
(0.0202083 0.0034499 0)
(0.0217487 0.00400149 0)
(0.023417 0.00453639 0)
(0.0252006 0.00504645 0)
(0.0270853 0.00552329 0)
(0.0290552 0.00595827 0)
(0.0310932 0.00634239 0)
(0.0331806 0.00666626 0)
(0.0352978 0.00691998 0)
(0.0374238 0.00709319 0)
(0.0395374 0.00717515 0)
(0.0416166 0.00715511 0)
(0.0436395 0.00702298 0)
(0.0455846 0.00677054 0)
(0.0474305 0.00639307 0)
(0.0491568 0.00589155 0)
(0.0507436 0.00527484 0)
(0.0521716 0.00456152 0)
(0.0534225 0.00378045 0)
(0.0544798 0.00296943 0)
(0.0553304 0.00217162 0)
(0.055968 0.00143007 0)
(0.0563956 0.000781662 0)
(0.0566279 0.000251929 0)
(0.0566907 -0.000147754 0)
(0.0566187 -0.000419992 0)
(0.0564511 -0.000578613 0)
(0.0562263 -0.000644447 0)
(0.0559779 -0.000640964 0)
(0.0557323 -0.000590752 0)
(0.0555075 -0.000513272 0)
(0.0553138 -0.00042384 0)
(0.0551554 -0.000333526 0)
(0.055032 -0.000249601 0)
(0.0549406 -0.000176238 0)
(0.0548765 -0.000115267 0)
(0.0548346 -6.68762e-05 0)
(0.05481 -3.01923e-05 0)
(0.0547982 -3.74883e-06 0)
(0.0547955 1.41755e-05 0)
(0.0547987 2.53217e-05 0)
(0.0548056 3.13026e-05 0)
(0.0548145 3.35223e-05 0)
(0.054824 3.31442e-05 0)
(0.0548335 3.10918e-05 0)
(0.0548423 2.80686e-05 0)
(0.0548502 2.45887e-05 0)
(0.0548572 2.10106e-05 0)
(0.054863 1.75701e-05 0)
(0.0548679 1.44099e-05 0)
(0.0548719 1.16046e-05 0)
(0.0548751 9.18126e-06 0)
(0.0548776 7.13517e-06 0)
(0.0548796 5.44186e-06 0)
(0.054881 4.06593e-06 0)
(0.0548821 2.96713e-06 0)
(0.054883 2.10452e-06 0)
(0.0548835 1.43906e-06 0)
(0.0548839 9.35156e-07 0)
(0.0548842 5.61371e-07 0)
(0.0548843 2.90671e-07 0)
(0.0548844 1.00295e-07 0)
(0.0548844 -2.85575e-08 0)
(0.0548844 -1.11154e-07 0)
(0.0548844 -1.59689e-07 0)
(0.0548844 -1.83751e-07 0)
(0.0548843 -1.90758e-07 0)
(0.0548843 -1.86353e-07 0)
(0.0548842 -1.74747e-07 0)
(0.0548842 -1.59019e-07 0)
(0.0548842 -1.41361e-07 0)
(0.0548841 -1.23287e-07 0)
(0.0548841 -1.05797e-07 0)
(0.0548841 -8.9511e-08 0)
(0.054884 -7.47715e-08 0)
(0.054884 -6.17274e-08 0)
(0.054884 -5.03939e-08 0)
(0.054884 -4.07001e-08 0)
(0.054884 -3.25221e-08 0)
(0.054884 -2.57082e-08 0)
(0.054884 -2.00961e-08 0)
(0.054884 -1.5524e-08 0)
(0.054884 -1.18386e-08 0)
(0.054884 -8.89885e-09 0)
(0.054884 -6.57887e-09 0)
(0.054884 -4.76809e-09 0)
(0.054884 -3.37126e-09 0)
(0.054884 -2.30744e-09 0)
(0.054884 -1.50876e-09 0)
(0.054884 -9.18964e-10 0)
(0.054884 -4.91951e-10 0)
(0.054884 -1.90317e-10 0)
(0.054884 1.59631e-11 0)
(0.054884 1.50751e-10 0)
(0.054884 2.32814e-10 0)
(0.054884 2.7675e-10 0)
(0.054884 2.93784e-10 0)
(0.054884 2.92445e-10 0)
(0.054884 2.79113e-10 0)
(0.054884 2.5849e-10 0)
(0.054884 2.33966e-10 0)
(0.054884 2.07936e-10 0)
(0.054884 1.82027e-10 0)
(0.054884 1.57303e-10 0)
(0.054884 1.34412e-10 0)
(0.054884 1.13698e-10 0)
(0.054884 9.52945e-11 0)
(0.054884 7.91894e-11 0)
(0.054884 6.52755e-11 0)
(0.054884 5.33916e-11 0)
(0.054884 4.33404e-11 0)
(0.054884 3.49176e-11 0)
(0.054884 2.7917e-11 0)
(0.054884 2.21428e-11 0)
(0.054884 1.7418e-11 0)
(0.054884 1.35784e-11 0)
(0.054884 1.0482e-11 0)
(0.054884 8.00377e-12 0)
(0.054884 6.03539e-12 0)
(0.054884 4.48377e-12 0)
(0.054884 3.27225e-12 0)
(0.054884 2.33374e-12 0)
(0.054884 1.61391e-12 0)
(0.054884 1.06609e-12 0)
(0.054884 6.51477e-13 0)
(0.054884 3.4104e-13 0)
(0.054884 1.07442e-13 0)
(0.054884 -6.84791e-14 0)
(0.054884 -2.04457e-13 0)
(0.054884 -3.15177e-13 0)
(0.054884 -4.1052e-13 0)
(0.054884 -5.01897e-13 0)
(0.054884 -5.97108e-13 0)
(0.054884 -7.04697e-13 0)
(0.054884 -8.35295e-13 0)
(0.054884 -9.97475e-13 0)
(0.054884 -1.20725e-12 0)
(0.054884 -1.47868e-12 0)
(0.054884 -1.84353e-12 0)
(0.054884 -2.32962e-12 0)
(0.054884 -3.00351e-12 0)
(0.054884 -3.92214e-12 0)
(0.054884 -5.31611e-12 0)
(0.054884 -6.68402e-12 0)
(0.054884 -1.12083e-11 0)
(0.054884 -1.24897e-11 0)
(0.126491 -0.00142915 0)
(0.125912 -0.00173538 0)
(0.125212 -0.00203379 0)
(0.124398 -0.00231243 0)
(0.123477 -0.00256885 0)
(0.122454 -0.00280724 0)
(0.121331 -0.00303535 0)
(0.120106 -0.00326226 0)
(0.118775 -0.00349689 0)
(0.11733 -0.00374721 0)
(0.115763 -0.00401979 0)
(0.11406 -0.0043195 0)
(0.112203 -0.00464939 0)
(0.110173 -0.00501055 0)
(0.107945 -0.00540205 0)
(0.105491 -0.00582089 0)
(0.102778 -0.00626198 0)
(0.0997684 -0.00671791 0)
(0.096422 -0.00717845 0)
(0.0926937 -0.00762904 0)
(0.0885352 -0.00804764 0)
(0.0838969 -0.00839898 0)
(0.0787325 -0.0086284 0)
(0.0730094 -0.00866387 0)
(0.06673 -0.00843493 0)
(0.0599538 -0.00790379 0)
(0.0528074 -0.00708705 0)
(0.0454926 -0.00605004 0)
(0.0383079 -0.00488504 0)
(0.0316343 -0.00371015 0)
(0.0258074 -0.00267549 0)
(0.0209652 -0.00192156 0)
(0.0170657 -0.00151054 0)
(0.0140021 -0.00138972 0)
(0.0116445 -0.00142085 0)
(0.00983167 -0.0014697 0)
(0.00839152 -0.00147717 0)
(0.00718305 -0.00145067 0)
(0.0061204 -0.00141567 0)
(0.00516971 -0.00138664 0)
(0.00432934 -0.00136353 0)
(0.0036084 -0.00133662 0)
(0.00301469 -0.00129193 0)
(0.00255295 -0.0012158 0)
(0.00222737 -0.00109808 0)
(0.00204363 -0.000933513 0)
(0.00200898 -0.000721531 0)
(0.00213124 -0.00046505 0)
(0.00241757 -0.000169094 0)
(0.0028736 0.000160335 0)
(0.00350299 0.000516941 0)
(0.00430727 0.000894459 0)
(0.00528591 0.00128674 0)
(0.00643634 0.00168774 0)
(0.00775406 0.00209146 0)
(0.00923272 0.00249183 0)
(0.0108642 0.00288273 0)
(0.0126386 0.00325781 0)
(0.0145443 0.00361049 0)
(0.0165679 0.00393383 0)
(0.0186944 0.00422044 0)
(0.0209068 0.00446243 0)
(0.0231863 0.00465134 0)
(0.0255119 0.00477819 0)
(0.0278604 0.00483375 0)
(0.0302055 0.00480903 0)
(0.0325181 0.00469617 0)
(0.0347659 0.00448981 0)
(0.0369129 0.00418882 0)
(0.038921 0.00379819 0)
(0.0407506 0.00333049 0)
(0.0423645 0.00280633 0)
(0.0437306 0.00225319 0)
(0.0448271 0.00170246 0)
(0.0456464 0.00118518 0)
(0.0461974 0.000727466 0)
(0.0465053 0.000347118 0)
(0.0466088 5.20623e-05 0)
(0.0465546 -0.000158995 0)
(0.0463914 -0.000294381 0)
(0.0461641 -0.000366633 0)
(0.0459103 -0.000389884 0)
(0.0456581 -0.000377898 0)
(0.0454265 -0.000342872 0)
(0.0452261 -0.000294858 0)
(0.0450616 -0.000241622 0)
(0.0449328 -0.000188769 0)
(0.044837 -0.000140013 0)
(0.0447695 -9.75137e-05 0)
(0.0447255 -6.22288e-05 0)
(0.0446998 -3.42442e-05 0)
(0.0446878 -1.30673e-05 0)
(0.0446857 2.13265e-06 0)
(0.0446902 1.23403e-05 0)
(0.0446988 1.85614e-05 0)
(0.0447095 2.17367e-05 0)
(0.044721 2.26922e-05 0)
(0.0447324 2.21176e-05 0)
(0.044743 2.05639e-05 0)
(0.0447526 1.84532e-05 0)
(0.0447609 1.60951e-05 0)
(0.044768 1.37061e-05 0)
(0.044774 1.14284e-05 0)
(0.0447788 9.34754e-06 0)
(0.0447827 7.50727e-06 0)
(0.0447858 5.92207e-06 0)
(0.0447882 4.58681e-06 0)
(0.04479 3.4842e-06 0)
(0.0447914 2.59023e-06 0)
(0.0447923 1.87801e-06 0)
(0.0447931 1.3204e-06 0)
(0.0447935 8.91603e-07 0)
(0.0447938 5.68178e-07 0)
(0.044794 3.29454e-07 0)
(0.0447941 1.57683e-07 0)
(0.0447942 3.79466e-08 0)
(0.0447942 -4.20607e-08 0)
(0.0447941 -9.23132e-08 0)
(0.0447941 -1.20764e-07 0)
(0.044794 -1.33653e-07 0)
(0.044794 -1.35795e-07 0)
(0.0447939 -1.30841e-07 0)
(0.0447939 -1.21504e-07 0)
(0.0447938 -1.09759e-07 0)
(0.0447938 -9.70034e-08 0)
(0.0447937 -8.41915e-08 0)
(0.0447937 -7.19459e-08 0)
(0.0447937 -6.06431e-08 0)
(0.0447936 -5.04824e-08 0)
(0.0447936 -4.15387e-08 0)
(0.0447936 -3.3803e-08 0)
(0.0447936 -2.72124e-08 0)
(0.0447936 -2.1672e-08 0)
(0.0447936 -1.70709e-08 0)
(0.0447936 -1.32932e-08 0)
(0.0447936 -1.0225e-08 0)
(0.0447935 -7.75955e-09 0)
(0.0447935 -5.79931e-09 0)
(0.0447935 -4.25762e-09 0)
(0.0447935 -3.0588e-09 0)
(0.0447935 -2.13789e-09 0)
(0.0447935 -1.43986e-09 0)
(0.0447935 -9.18744e-10 0)
(0.0447935 -5.36537e-10 0)
(0.0447935 -2.62183e-10 0)
(0.0447935 -7.05644e-11 0)
(0.0447935 5.84249e-11 0)
(0.0447935 1.40717e-10 0)
(0.0447935 1.88798e-10 0)
(0.0447935 2.12349e-10 0)
(0.0447935 2.18785e-10 0)
(0.0447935 2.1371e-10 0)
(0.0447935 2.01296e-10 0)
(0.0447935 1.84597e-10 0)
(0.0447935 1.658e-10 0)
(0.0447935 1.46425e-10 0)
(0.0447935 1.27499e-10 0)
(0.0447935 1.09673e-10 0)
(0.0447935 9.33283e-11 0)
(0.0447935 7.86519e-11 0)
(0.0447935 6.56938e-11 0)
(0.0447935 5.44145e-11 0)
(0.0447935 4.47144e-11 0)
(0.0447935 3.64617e-11 0)
(0.0447935 2.95083e-11 0)
(0.0447935 2.36988e-11 0)
(0.0447935 1.88867e-11 0)
(0.0447935 1.49297e-11 0)
(0.0447935 1.17007e-11 0)
(0.0447935 9.08653e-12 0)
(0.0447935 6.98369e-12 0)
(0.0447935 5.30661e-12 0)
(0.0447935 3.97859e-12 0)
(0.0447935 2.93524e-12 0)
(0.0447935 2.12172e-12 0)
(0.0447935 1.49367e-12 0)
(0.0447935 1.01244e-12 0)
(0.0447935 6.48037e-13 0)
(0.0447935 3.74848e-13 0)
(0.0447935 1.70536e-13 0)
(0.0447935 1.98077e-14 0)
(0.0447935 -9.42364e-14 0)
(0.0447935 -1.81834e-13 0)
(0.0447935 -2.5349e-13 0)
(0.0447935 -3.19271e-13 0)
(0.0447935 -3.84244e-13 0)
(0.0447935 -4.57489e-13 0)
(0.0447935 -5.43533e-13 0)
(0.0447935 -6.49577e-13 0)
(0.0447935 -7.86941e-13 0)
(0.0447935 -9.62621e-13 0)
(0.0447935 -1.20012e-12 0)
(0.0447935 -1.50911e-12 0)
(0.0447935 -1.95179e-12 0)
(0.0447935 -2.55323e-12 0)
(0.0447935 -3.30384e-12 0)
(0.0447935 -4.89089e-12 0)
(0.0447935 -5.42323e-12 0)
(0.0447935 -1.02199e-11 0)
(0.0447935 -1.18947e-11 0)
(0.0879441 -0.000961311 0)
(0.0871368 -0.00115448 0)
(0.0861807 -0.00132907 0)
(0.0850842 -0.00147812 0)
(0.0838582 -0.00160294 0)
(0.0825126 -0.00171034 0)
(0.0810528 -0.00180938 0)
(0.0794797 -0.0019088 0)
(0.0777887 -0.00201562 0)
(0.0759703 -0.0021345 0)
(0.0740104 -0.00226753 0)
(0.071891 -0.00241433 0)
(0.0695905 -0.00257204 0)
(0.0670849 -0.00273532 0)
(0.0643482 -0.0028965 0)
(0.0613539 -0.00304564 0)
(0.0580765 -0.00317093 0)
(0.0544937 -0.00325919 0)
(0.0505906 -0.00329638 0)
(0.046366 -0.00326805 0)
(0.0418434 -0.00315933 0)
(0.037089 -0.00295381 0)
(0.0322314 -0.00263432 0)
(0.0274633 -0.0021973 0)
(0.0229945 -0.0016753 0)
(0.0189798 -0.00114048 0)
(0.0154803 -0.000690898 0)
(0.0124825 -0.000429429 0)
(0.00995479 -0.00040598 0)
(0.00788174 -0.000547561 0)
(0.00623332 -0.00069114 0)
(0.00493283 -0.000718401 0)
(0.00387348 -0.000628755 0)
(0.00295628 -0.000489692 0)
(0.00211876 -0.000367545 0)
(0.00133783 -0.000304374 0)
(0.000607048 -0.000316259 0)
(-8.44546e-05 -0.00039278 0)
(-0.000753096 -0.000504426 0)
(-0.00141159 -0.000618502 0)
(-0.00206325 -0.000712161 0)
(-0.00270185 -0.000775446 0)
(-0.00331385 -0.00080706 0)
(-0.00388092 -0.000808854 0)
(-0.00438212 -0.000782548 0)
(-0.00479585 -0.000728944 0)
(-0.00510138 -0.000648439 0)
(-0.00527995 -0.000541722 0)
(-0.00531545 -0.000410174 0)
(-0.00519468 -0.000255933 0)
(-0.00490742 -8.17829e-05 0)
(-0.00444634 0.000109022 0)
(-0.00380693 0.000312911 0)
(-0.00298735 0.000526104 0)
(-0.00198838 0.000744677 0)
(-0.000813329 0.000964592 0)
(0.000532005 0.00118169 0)
(0.00203932 0.00139169 0)
(0.00369779 0.00159013 0)
(0.00549395 0.00177235 0)
(0.00741159 0.0019335 0)
(0.00943152 0.00206851 0)
(0.0115313 0.00217219 0)
(0.0136851 0.00223938 0)
(0.0158631 0.00226526 0)
(0.0180319 0.00224587 0)
(0.0201543 0.00217867 0)
(0.0221903 0.00206342 0)
(0.0240982 0.00190282 0)
(0.0258377 0.00170307 0)
(0.0273723 0.00147375 0)
(0.0286739 0.00122717 0)
(0.0297257 0.000976899 0)
(0.0305248 0.000736136 0)
(0.0310833 0.000516042 0)
(0.0314259 0.000324671 0)
(0.0315874 0.000166575 0)
(0.0316071 4.30399e-05 0)
(0.031525 -4.73029e-05 0)
(0.0313775 -0.000107725 0)
(0.0311954 -0.000142678 0)
(0.0310028 -0.000157168 0)
(0.0308168 -0.000156246 0)
(0.0306487 -0.000144627 0)
(0.0305046 -0.000126423 0)
(0.030387 -0.000104998 0)
(0.0302954 -8.29192e-05 0)
(0.0302276 -6.19988e-05 0)
(0.0301805 -4.33795e-05 0)
(0.0301505 -2.7657e-05 0)
(0.0301339 -1.50104e-05 0)
(0.0301274 -5.32592e-06 0)
(0.0301282 1.69481e-06 0)
(0.0301338 6.44763e-06 0)
(0.0301424 9.36033e-06 0)
(0.0301524 1.08476e-05 0)
(0.0301629 1.12832e-05 0)
(0.0301732 1.09858e-05 0)
(0.0301827 1.02142e-05 0)
(0.0301912 9.16974e-06 0)
(0.0301986 8.002e-06 0)
(0.0302049 6.81686e-06 0)
(0.0302102 5.68477e-06 0)
(0.0302145 4.64867e-06 0)
(0.030218 3.731e-06 0)
(0.0302207 2.93962e-06 0)
(0.0302228 2.27251e-06 0)
(0.0302244 1.72145e-06 0)
(0.0302256 1.27472e-06 0)
(0.0302265 9.1905e-07 0)
(0.0302271 6.40929e-07 0)
(0.0302275 4.27477e-07 0)
(0.0302277 2.66934e-07 0)
(0.0302279 1.48913e-07 0)
(0.030228 6.44778e-08 0)
(0.030228 6.10881e-09 0)
(0.030228 -3.23994e-08 0)
(0.0302279 -5.60773e-08 0)
(0.0302279 -6.89347e-08 0)
(0.0302278 -7.41141e-08 0)
(0.0302278 -7.40368e-08 0)
(0.0302277 -7.05344e-08 0)
(0.0302277 -6.49646e-08 0)
(0.0302276 -5.83104e-08 0)
(0.0302276 -5.12632e-08 0)
(0.0302275 -4.42912e-08 0)
(0.0302275 -3.76955e-08 0)
(0.0302275 -3.16534e-08 0)
(0.0302274 -2.62541e-08 0)
(0.0302274 -2.1525e-08 0)
(0.0302274 -1.74522e-08 0)
(0.0302274 -1.39956e-08 0)
(0.0302274 -1.11004e-08 0)
(0.0302274 -8.70452e-09 0)
(0.0302274 -6.74423e-09 0)
(0.0302274 -5.15784e-09 0)
(0.0302274 -3.88783e-09 0)
(0.0302274 -2.88214e-09 0)
(0.0302274 -2.09465e-09 0)
(0.0302274 -1.48532e-09 0)
(0.0302274 -1.01988e-09 0)
(0.0302274 -6.69421e-10 0)
(0.0302274 -4.09867e-10 0)
(0.0302274 -2.21381e-10 0)
(0.0302274 -8.78085e-11 0)
(0.0302274 3.87234e-12 0)
(0.0302274 6.40502e-11 0)
(0.0302274 1.0092e-10 0)
(0.0302274 1.20885e-10 0)
(0.0302274 1.28878e-10 0)
(0.0302274 1.28661e-10 0)
(0.0302274 1.23059e-10 0)
(0.0302274 1.14157e-10 0)
(0.0302274 1.03471e-10 0)
(0.0302274 9.20634e-11 0)
(0.0302274 8.06713e-11 0)
(0.0302274 6.97727e-11 0)
(0.0302274 5.96607e-11 0)
(0.0302274 5.04987e-11 0)
(0.0302274 4.23449e-11 0)
(0.0302274 3.5203e-11 0)
(0.0302274 2.90265e-11 0)
(0.0302274 2.37455e-11 0)
(0.0302274 1.92777e-11 0)
(0.0302274 1.55294e-11 0)
(0.0302274 1.24141e-11 0)
(0.0302274 9.84439e-12 0)
(0.0302274 7.74089e-12 0)
(0.0302274 6.03409e-12 0)
(0.0302274 4.656e-12 0)
(0.0302274 3.55412e-12 0)
(0.0302274 2.67801e-12 0)
(0.0302274 1.98554e-12 0)
(0.0302274 1.44335e-12 0)
(0.0302274 1.02375e-12 0)
(0.0302274 6.98805e-13 0)
(0.0302274 4.54539e-13 0)
(0.0302274 2.72186e-13 0)
(0.0302274 1.35578e-13 0)
(0.0302274 3.8595e-14 0)
(0.0302274 -3.42345e-14 0)
(0.0302274 -8.44763e-14 0)
(0.0302274 -1.23348e-13 0)
(0.0302274 -1.58394e-13 0)
(0.0302274 -1.91006e-13 0)
(0.0302274 -2.2909e-13 0)
(0.0302274 -2.69795e-13 0)
(0.0302274 -3.2047e-13 0)
(0.0302274 -3.86636e-13 0)
(0.0302274 -4.69895e-13 0)
(0.0302274 -5.82172e-13 0)
(0.0302274 -7.31481e-13 0)
(0.0302274 -9.39986e-13 0)
(0.0302274 -1.19717e-12 0)
(0.0302274 -1.69723e-12 0)
(0.0302274 -1.93995e-12 0)
(0.0302274 -3.45994e-12 0)
(0.0302274 -3.15844e-12 0)
(0.0302274 -6.05693e-12 0)
(0.0302274 -8.32687e-12 0)
(0.0323072 -0.000290755 0)
(0.0315775 -0.00032428 0)
(0.0307586 -0.000338016 0)
(0.0298733 -0.000336144 0)
(0.0289375 -0.000326448 0)
(0.0279581 -0.000316779 0)
(0.026934 -0.000312546 0)
(0.0258591 -0.000315907 0)
(0.0247253 -0.000326152 0)
(0.0235242 -0.000340567 0)
(0.0222493 -0.000355219 0)
(0.0208968 -0.00036549 0)
(0.0194672 -0.000366371 0)
(0.0179662 -0.000352712 0)
(0.0164059 -0.000319654 0)
(0.0148053 -0.000263418 0)
(0.0131893 -0.000182485 0)
(0.0115876 -7.91794e-05 0)
(0.0100312 3.81971e-05 0)
(0.00854758 0.000152644 0)
(0.00715501 0.000236474 0)
(0.00585864 0.000255096 0)
(0.00465635 0.0001839 0)
(0.003555 3.45571e-05 0)
(0.00258086 -0.000135928 0)
(0.00177309 -0.000254587 0)
(0.00116139 -0.00027836 0)
(0.00073342 -0.000214355 0)
(0.000422961 -0.000101083 0)
(0.000150496 2.10247e-05 0)
(-0.000117903 0.000120465 0)
(-0.000363719 0.000174465 0)
(-0.000562006 0.00017384 0)
(-0.000714242 0.000129041 0)
(-0.000841663 6.54965e-05 0)
(-0.000969248 8.03187e-06 0)
(-0.0011204 -3.16328e-05 0)
(-0.00131544 -5.50672e-05 0)
(-0.00156772 -7.00053e-05 0)
(-0.00188072 -8.39793e-05 0)
(-0.00224942 -0.000101328 0)
(-0.00266389 -0.000122833 0)
(-0.0031121 -0.000146748 0)
(-0.00358101 -0.000170198 0)
(-0.00405646 -0.000190317 0)
(-0.00452303 -0.000204888 0)
(-0.00496426 -0.000212543 0)
(-0.00536331 -0.000212676 0)
(-0.00570367 -0.000205249 0)
(-0.00596993 -0.000190592 0)
(-0.00614825 -0.000169256 0)
(-0.00622677 -0.000141924 0)
(-0.00619581 -0.000109376 0)
(-0.00604799 -7.24586e-05 0)
(-0.00577835 -3.2085e-05 0)
(-0.00538434 1.07737e-05 0)
(-0.00486592 5.50908e-05 0)
(-0.00422557 9.97882e-05 0)
(-0.00346833 0.000143742 0)
(-0.0026019 0.00018579 0)
(-0.00163671 0.000224749 0)
(-0.000585962 0.000259434 0)
(0.000534277 0.000288698 0)
(0.00170511 0.000311483 0)
(0.00290496 0.000326893 0)
(0.00410991 0.000334271 0)
(0.00529435 0.000333284 0)
(0.006432 0.000323993 0)
(0.00749734 0.000306882 0)
(0.00846723 0.000282851 0)
(0.00932282 0.000253169 0)
(0.010051 0.000219387 0)
(0.0106457 0.000183249 0)
(0.0111078 0.00014657 0)
(0.0114451 0.000111111 0)
(0.0116704 7.84308e-05 0)
(0.0118003 4.97483e-05 0)
(0.0118534 2.58461e-05 0)
(0.0118481 7.04383e-06 0)
(0.0118019 -6.75906e-06 0)
(0.01173 -1.59915e-05 0)
(0.0116453 -2.12993e-05 0)
(0.0115576 -2.34385e-05 0)
(0.011474 -2.31876e-05 0)
(0.0113992 -2.12812e-05 0)
(0.0113358 -1.83652e-05 0)
(0.0112847 -1.49709e-05 0)
(0.0112457 -1.15051e-05 0)
(0.0112178 -8.25418e-06 0)
(0.0111993 -5.39665e-06 0)
(0.0111886 -3.02222e-06 0)
(0.0111839 -1.15287e-06 0)
(0.0111838 2.36684e-07 0)
(0.0111868 1.20094e-06 0)
(0.0111918 1.80899e-06 0)
(0.0111979 2.13375e-06 0)
(0.0112044 2.24457e-06 0)
(0.0112109 2.2029e-06 0)
(0.0112169 2.06017e-06 0)
(0.0112225 1.85734e-06 0)
(0.0112273 1.62554e-06 0)
(0.0112315 1.3872e-06 0)
(0.011235 1.15755e-06 0)
(0.0112378 9.46127e-07 0)
(0.0112401 7.58119e-07 0)
(0.011242 5.95574e-07 0)
(0.0112434 4.5838e-07 0)
(0.0112445 3.45037e-07 0)
(0.0112453 2.53245e-07 0)
(0.0112459 1.80318e-07 0)
(0.0112463 1.23488e-07 0)
(0.0112466 8.00873e-08 0)
(0.0112467 4.76676e-08 0)
(0.0112468 2.40589e-08 0)
(0.0112469 7.3905e-09 0)
(0.0112469 -3.91297e-09 0)
(0.0112469 -1.11513e-08 0)
(0.0112469 -1.53766e-08 0)
(0.0112468 -1.74259e-08 0)
(0.0112468 -1.79528e-08 0)
(0.0112467 -1.74586e-08 0)
(0.0112467 -1.63202e-08 0)
(0.0112466 -1.48148e-08 0)
(0.0112466 -1.31409e-08 0)
(0.0112466 -1.14359e-08 0)
(0.0112465 -9.79093e-09 0)
(0.0112465 -8.2624e-09 0)
(0.0112465 -6.88153e-09 0)
(0.0112465 -5.66159e-09 0)
(0.0112465 -4.60359e-09 0)
(0.0112465 -3.7005e-09 0)
(0.0112465 -2.94044e-09 0)
(0.0112464 -2.30893e-09 0)
(0.0112464 -1.7905e-09 0)
(0.0112464 -1.36979e-09 0)
(0.0112464 -1.03222e-09 0)
(0.0112464 -7.64425e-10 0)
(0.0112464 -5.54461e-10 0)
(0.0112464 -3.91861e-10 0)
(0.0112464 -2.6762e-10 0)
(0.0112464 -1.74098e-10 0)
(0.0112464 -1.04902e-10 0)
(0.0112464 -5.47481e-11 0)
(0.0112464 -1.9321e-11 0)
(0.0112464 4.8725e-12 0)
(0.0112464 2.06175e-11 0)
(0.0112464 3.01194e-11 0)
(0.0112464 3.50991e-11 0)
(0.0112464 3.68877e-11 0)
(0.0112464 3.65006e-11 0)
(0.0112464 3.46969e-11 0)
(0.0112464 3.20388e-11 0)
(0.0112464 2.8932e-11 0)
(0.0112464 2.56606e-11 0)
(0.0112464 2.24222e-11 0)
(0.0112464 1.93421e-11 0)
(0.0112464 1.64989e-11 0)
(0.0112464 1.39314e-11 0)
(0.0112464 1.16526e-11 0)
(0.0112464 9.66245e-12 0)
(0.0112464 7.94422e-12 0)
(0.0112464 6.48031e-12 0)
(0.0112464 5.24459e-12 0)
(0.0112464 4.20958e-12 0)
(0.0112464 3.35277e-12 0)
(0.0112464 2.64679e-12 0)
(0.0112464 2.07254e-12 0)
(0.0112464 1.60733e-12 0)
(0.0112464 1.23302e-12 0)
(0.0112464 9.34678e-13 0)
(0.0112464 6.97026e-13 0)
(0.0112464 5.12144e-13 0)
(0.0112464 3.67743e-13 0)
(0.0112464 2.55946e-13 0)
(0.0112464 1.69575e-13 0)
(0.0112464 1.06434e-13 0)
(0.0112464 5.99045e-14 0)
(0.0112464 2.54424e-14 0)
(0.0112464 4.25903e-15 0)
(0.0112464 -1.20581e-14 0)
(0.0112464 -2.22571e-14 0)
(0.0112464 -2.91964e-14 0)
(0.0112464 -3.63217e-14 0)
(0.0112464 -3.9377e-14 0)
(0.0112464 -4.60555e-14 0)
(0.0112464 -5.29887e-14 0)
(0.0112464 -6.16751e-14 0)
(0.0112464 -7.23548e-14 0)
(0.0112464 -8.39656e-14 0)
(0.0112464 -1.02574e-13 0)
(0.0112464 -1.26664e-13 0)
(0.0112464 -1.59575e-13 0)
(0.0112464 -2.14549e-13 0)
(0.0112464 -2.5832e-13 0)
(0.0112464 -4.09035e-13 0)
(0.0112464 -3.91204e-13 0)
(0.0112464 -8.36382e-13 0)
(0.0112464 -6.26406e-13 0)
(0.0112464 -8.04344e-13 0)
(0.0112464 -1.99697e-12 0)
)
;

boundaryField
{
    inlet
    {
        type            fixedProfile;
        profile         table
        
21
(
(0 (0 0 0))
(0.05 (0.0285 0 0))
(0.1 (0.054 0 0))
(0.15 (0.0765 0 0))
(0.2 (0.096 0 0))
(0.25 (0.1125 0 0))
(0.3 (0.126 0 0))
(0.35 (0.1365 0 0))
(0.4 (0.144 0 0))
(0.45 (0.1485 0 0))
(0.5 (0.15 0 0))
(0.55 (0.1485 0 0))
(0.6 (0.144 0 0))
(0.65 (0.1365 0 0))
(0.7 (0.126 0 0))
(0.75 (0.1125 0 0))
(0.8 (0.096 0 0))
(0.85 (0.0765 0 0))
(0.9 (0.054 0 0))
(0.95 (0.0285 0 0))
(1 (0 0 0))
)
;
        direction       (0 1 0);
        origin          1;
        value           nonuniform List<vector> 8((0.034875 0 0) (0.091125 0 0) (0.128625 0 0) (0.147375 0 0) (0.147375 0 0) (0.128625 0 0) (0.091125 0 0) (0.034875 0 0));
    }
    outlet
    {
        type            zeroGradient;
    }
    walls
    {
        type            noSlip;
    }
    symwall
    {
        type            empty;
    }
}


// ************************************************************************* //
