/*--------------------------------*- C++ -*----------------------------------*\
| =========                 |                                                 |
| \\      /  F ield         | OpenFOAM: The Open Source CFD Toolbox           |
|  \\    /   O peration     | Version:  4.1                                   |
|   \\  /    A nd           | Web:      www.OpenFOAM.org                      |
|    \\/     M anipulation  |                                                 |
\*---------------------------------------------------------------------------*/
FoamFile
{
    version     2.0;
    format      ascii;
    class       volVectorField;
    location    "34";
    object      U;
}
// * * * * * * * * * * * * * * * * * * * * * * * * * * * * * * * * * * * * * //

dimensions      [0 1 -1 0 0 0 0];

internalField   nonuniform List<vector> 
3264
(
(-0.000342441 0.000227831 0)
(-0.00233319 0.000541647 0)
(-0.00512769 0.000854153 0)
(-0.00825834 0.00114875 0)
(-0.0115573 0.00133414 0)
(-0.0146002 0.00135873 0)
(-0.017077 0.00122559 0)
(-0.0187532 0.000966169 0)
(-0.0195118 0.00062316 0)
(-0.0193183 0.000237046 0)
(-0.0182065 -0.000153654 0)
(-0.0162648 -0.000514719 0)
(-0.0136242 -0.00081744 0)
(-0.0104492 -0.00104247 0)
(-0.00692168 -0.00118115 0)
(-0.0032281 -0.00123544 0)
(0.000455729 -0.00121519 0)
(0.0039739 -0.00113494 0)
(0.00719863 -0.00101143 0)
(0.0100359 -0.00086181 0)
(0.01243 -0.00070239 0)
(0.0143647 -0.000547208 0)
(0.0158597 -0.000406777 0)
(0.0169622 -0.000287429 0)
(0.0177358 -0.000191517 0)
(0.0182491 -0.000118308 0)
(0.0185672 -6.51288e-05 0)
(0.0187458 -2.84147e-05 0)
(0.0188298 -4.4764e-06 0)
(0.0188529 1.00365e-05 0)
(0.0188394 1.7919e-05 0)
(0.0188059 2.13597e-05 0)
(0.0187631 2.19855e-05 0)
(0.0187179 2.09515e-05 0)
(0.0186742 1.90417e-05 0)
(0.0186342 1.67642e-05 0)
(0.0185986 1.44305e-05 0)
(0.0185677 1.22184e-05 0)
(0.0185414 1.02178e-05 0)
(0.0185193 8.46371e-06 0)
(0.0185008 6.95878e-06 0)
(0.0184854 5.68768e-06 0)
(0.0184728 4.62652e-06 0)
(0.0184624 3.74842e-06 0)
(0.0184539 3.02678e-06 0)
(0.018447 2.43694e-06 0)
(0.0184414 1.95692e-06 0)
(0.0184368 1.56771e-06 0)
(0.0184331 1.25308e-06 0)
(0.0184302 9.99438e-07 0)
(0.0184278 7.95442e-07 0)
(0.0184258 6.31741e-07 0)
(0.0184243 5.00648e-07 0)
(0.018423 3.95881e-07 0)
(0.018422 3.12319e-07 0)
(0.0184212 2.45801e-07 0)
(0.0184206 1.92959e-07 0)
(0.0184201 1.51067e-07 0)
(0.0184197 1.17927e-07 0)
(0.0184194 9.17688e-08 0)
(0.0184191 7.11704e-08 0)
(0.0184189 5.49902e-08 0)
(0.0184188 4.23141e-08 0)
(0.0184187 3.24114e-08 0)
(0.0184186 2.46988e-08 0)
(0.0184185 1.87118e-08 0)
(0.0184184 1.40813e-08 0)
(0.0184184 1.0514e-08 0)
(0.0184184 7.77813e-09 0)
(0.0184183 5.69019e-09 0)
(0.0184183 4.1057e-09 0)
(0.0184183 2.91097e-09 0)
(0.0184183 2.01685e-09 0)
(0.0184183 1.35356e-09 0)
(0.0184183 8.66671e-10 0)
(0.0184183 5.13872e-10 0)
(0.0184183 2.62366e-10 0)
(0.0184182 8.68348e-11 0)
(0.0184182 -3.21872e-11 0)
(0.0184182 -1.09603e-10 0)
(0.0184182 -1.56753e-10 0)
(0.0184182 -1.8222e-10 0)
(0.0184182 -1.92448e-10 0)
(0.0184182 -1.9224e-10 0)
(0.0184182 -1.85148e-10 0)
(0.0184182 -1.73767e-10 0)
(0.0184182 -1.59973e-10 0)
(0.0184182 -1.45085e-10 0)
(0.0184182 -1.30015e-10 0)
(0.0184182 -1.15365e-10 0)
(0.0184182 -1.01522e-10 0)
(0.0184182 -8.87132e-11 0)
(0.0184182 -7.70549e-11 0)
(0.0184182 -6.65768e-11 0)
(0.0184182 -5.7256e-11 0)
(0.0184182 -4.9031e-11 0)
(0.0184182 -4.18284e-11 0)
(0.0184182 -3.55616e-11 0)
(0.0184182 -3.0141e-11 0)
(0.0184182 -2.54753e-11 0)
(0.0184182 -2.14751e-11 0)
(0.0184182 -1.8053e-11 0)
(0.0184182 -1.51365e-11 0)
(0.0184182 -1.26626e-11 0)
(0.0184182 -1.05725e-11 0)
(0.0184182 -8.81479e-12 0)
(0.0184182 -7.33581e-12 0)
(0.0184182 -6.0918e-12 0)
(0.0184182 -5.04755e-12 0)
(0.0184182 -4.17263e-12 0)
(0.0184182 -3.44596e-12 0)
(0.0184182 -2.84254e-12 0)
(0.0184182 -2.34231e-12 0)
(0.0184182 -1.92859e-12 0)
(0.0184182 -1.58457e-12 0)
(0.0184182 -1.30144e-12 0)
(0.0184182 -1.06623e-12 0)
(0.0184182 -8.73851e-13 0)
(0.0184182 -7.19017e-13 0)
(0.0184182 -5.91545e-13 0)
(0.0184182 -4.83583e-13 0)
(0.0184182 -3.91397e-13 0)
(0.0184182 -3.14129e-13 0)
(0.0184182 -2.51857e-13 0)
(0.0184182 -2.03884e-13 0)
(0.0184182 -1.69532e-13 0)
(0.0184182 -1.41119e-13 0)
(0.0184182 -1.16143e-13 0)
(0.0184182 -9.15249e-14 0)
(0.0184182 -6.72826e-14 0)
(0.0184182 -4.79072e-14 0)
(0.0184182 -3.40141e-14 0)
(0.0184182 -2.71953e-14 0)
(0.0184182 -2.55043e-14 0)
(0.0184182 -2.44299e-14 0)
(0.0184182 -2.28642e-14 0)
(0.0184182 -1.76225e-14 0)
(0.0184182 -1.16651e-14 0)
(0.0184182 -7.34171e-15 0)
(0.0184182 -5.17116e-15 0)
(0.0184182 -7.86286e-15 0)
(0.0184182 -1.06133e-14 0)
(0.0184182 -1.2809e-14 0)
(0.0184182 -1.15495e-14 0)
(0.0184182 -6.20244e-15 0)
(0.0184182 -3.4754e-16 0)
(0.0184182 6.58936e-15 0)
(0.0184182 1.15794e-14 0)
(0.0184182 1.32665e-14 0)
(0.0184182 1.24281e-14 0)
(0.0184182 8.42956e-15 0)
(0.0184182 3.50385e-15 0)
(0.0184182 -2.50866e-15 0)
(0.0184182 -9.24364e-15 0)
(0.0184182 -1.55287e-14 0)
(0.0184182 -2.02418e-14 0)
(0.0184182 -2.16397e-14 0)
(0.0184182 -1.76495e-14 0)
(0.0184182 -9.14392e-15 0)
(0.0184182 6.71761e-16 0)
(0.0184182 8.86222e-15 0)
(0.0184182 1.4669e-14 0)
(0.0184182 1.60263e-14 0)
(0.0184182 1.18295e-14 0)
(0.0184182 4.33155e-15 0)
(0.0184182 -3.85113e-15 0)
(0.0184182 -8.93869e-15 0)
(0.0184182 -8.8667e-15 0)
(0.0184182 -4.92716e-15 0)
(0.0184182 1.82156e-15 0)
(0.0184182 7.63452e-15 0)
(0.0184182 1.24423e-14 0)
(0.0184182 1.51863e-14 0)
(0.0184182 1.58577e-14 0)
(0.0184182 1.52688e-14 0)
(0.0184182 1.41353e-14 0)
(0.0184182 1.4816e-14 0)
(0.0184182 1.80295e-14 0)
(0.0184182 2.30082e-14 0)
(0.0184182 2.85688e-14 0)
(0.0184182 3.57877e-14 0)
(0.0184182 4.43087e-14 0)
(0.0184182 5.53006e-14 0)
(0.0184182 7.02367e-14 0)
(0.0184182 8.9539e-14 0)
(0.0184182 1.15563e-13 0)
(0.0184182 1.49424e-13 0)
(0.0184182 1.93939e-13 0)
(0.0184182 2.50043e-13 0)
(0.0184182 3.22345e-13 0)
(0.0184182 4.13361e-13 0)
(0.0184182 5.29348e-13 0)
(0.0184182 6.8035e-13 0)
(0.0184182 7.95588e-13 0)
(0.0184182 1.06017e-12 0)
(0.0184182 7.46147e-13 0)
(0.0184182 5.17363e-13 0)
(0.0184182 2.14784e-13 0)
(0.0184182 -1.31332e-11 0)
(0.0184182 -8.97518e-12 0)
(-0.000961507 0.00242272 0)
(-0.00537274 0.00430622 0)
(-0.0103403 0.00497723 0)
(-0.0148724 0.00516509 0)
(-0.0187036 0.00484807 0)
(-0.0215135 0.0040273 0)
(-0.0231845 0.00282877 0)
(-0.0236773 0.00138626 0)
(-0.0230188 -0.000178069 0)
(-0.0212719 -0.00176244 0)
(-0.0185232 -0.00327414 0)
(-0.0148842 -0.00462814 0)
(-0.010485 -0.00574818 0)
(-0.0054817 -0.00657444 0)
(-5.01366e-05 -0.00707097 0)
(0.00561418 -0.00722967 0)
(0.0113069 -0.00706924 0)
(0.016825 -0.00663042 0)
(0.021982 -0.00597113 0)
(0.026623 -0.00516185 0)
(0.030639 -0.00427974 0)
(0.0339763 -0.00339992 0)
(0.0366376 -0.00258534 0)
(0.0386734 -0.00187905 0)
(0.0401673 -0.00130171 0)
(0.0412186 -0.00085437 0)
(0.041927 -0.000524482 0)
(0.0423824 -0.000292395 0)
(0.0426588 -0.000136661 0)
(0.0428139 -3.74388e-05 0)
(0.04289 2.18475e-05 0)
(0.0429166 5.40933e-05 0)
(0.042914 6.87994e-05 0)
(0.0428954 7.26634e-05 0)
(0.042869 7.02283e-05 0)
(0.04284 6.4465e-05 0)
(0.0428112 5.72435e-05 0)
(0.0427843 4.96881e-05 0)
(0.04276 4.24349e-05 0)
(0.0427387 3.58091e-05 0)
(0.0427202 2.9946e-05 0)
(0.0427043 2.48686e-05 0)
(0.0426909 2.05389e-05 0)
(0.0426796 1.68879e-05 0)
(0.0426702 1.38354e-05 0)
(0.0426623 1.12997e-05 0)
(0.0426558 9.20428e-06 0)
(0.0426504 7.47979e-06 0)
(0.0426459 6.06545e-06 0)
(0.0426423 4.90883e-06 0)
(0.0426393 3.96536e-06 0)
(0.0426368 3.1975e-06 0)
(0.0426348 2.57383e-06 0)
(0.0426332 2.06825e-06 0)
(0.0426318 1.65913e-06 0)
(0.0426308 1.32866e-06 0)
(0.0426299 1.06215e-06 0)
(0.0426292 8.47595e-07 0)
(0.0426286 6.7515e-07 0)
(0.0426281 5.36783e-07 0)
(0.0426278 4.25947e-07 0)
(0.0426275 3.37314e-07 0)
(0.0426272 2.66562e-07 0)
(0.042627 2.10185e-07 0)
(0.0426269 1.65343e-07 0)
(0.0426268 1.29747e-07 0)
(0.0426267 1.01544e-07 0)
(0.0426266 7.92465e-08 0)
(0.0426265 6.16557e-08 0)
(0.0426265 4.781e-08 0)
(0.0426264 3.69385e-08 0)
(0.0426264 2.84244e-08 0)
(0.0426264 2.17751e-08 0)
(0.0426264 1.65976e-08 0)
(0.0426264 1.25792e-08 0)
(0.0426264 9.47146e-09 0)
(0.0426263 7.07737e-09 0)
(0.0426263 5.24101e-09 0)
(0.0426263 3.83929e-09 0)
(0.0426263 2.77518e-09 0)
(0.0426263 1.97243e-09 0)
(0.0426263 1.37122e-09 0)
(0.0426263 9.24787e-10 0)
(0.0426263 5.96672e-10 0)
(0.0426263 3.5853e-10 0)
(0.0426263 1.8839e-10 0)
(0.0426263 6.92806e-11 0)
(0.0426263 -1.18505e-11 0)
(0.0426263 -6.49912e-11 0)
(0.0426263 -9.77352e-11 0)
(0.0426263 -1.15826e-10 0)
(0.0426263 -1.23585e-10 0)
(0.0426263 -1.24241e-10 0)
(0.0426263 -1.20187e-10 0)
(0.0426263 -1.13174e-10 0)
(0.0426263 -1.04464e-10 0)
(0.0426263 -9.49518e-11 0)
(0.0426263 -8.52539e-11 0)
(0.0426263 -7.57844e-11 0)
(0.0426263 -6.68078e-11 0)
(0.0426263 -5.84795e-11 0)
(0.0426263 -5.08747e-11 0)
(0.0426263 -4.40164e-11 0)
(0.0426263 -3.78904e-11 0)
(0.0426263 -3.24644e-11 0)
(0.0426263 -2.76984e-11 0)
(0.0426263 -2.35446e-11 0)
(0.0426263 -1.99511e-11 0)
(0.0426263 -1.68574e-11 0)
(0.0426263 -1.42037e-11 0)
(0.0426263 -1.19363e-11 0)
(0.0426263 -1.00064e-11 0)
(0.0426263 -8.37101e-12 0)
(0.0426263 -6.99342e-12 0)
(0.0426263 -5.83783e-12 0)
(0.0426263 -4.87188e-12 0)
(0.0426263 -4.06406e-12 0)
(0.0426263 -3.38562e-12 0)
(0.0426263 -2.81529e-12 0)
(0.0426263 -2.33578e-12 0)
(0.0426263 -1.93374e-12 0)
(0.0426263 -1.59926e-12 0)
(0.0426263 -1.32236e-12 0)
(0.0426263 -1.09894e-12 0)
(0.0426263 -9.18793e-13 0)
(0.0426263 -7.72093e-13 0)
(0.0426263 -6.49075e-13 0)
(0.0426263 -5.39552e-13 0)
(0.0426263 -4.38382e-13 0)
(0.0426263 -3.44491e-13 0)
(0.0426263 -2.60511e-13 0)
(0.0426263 -1.92063e-13 0)
(0.0426263 -1.41634e-13 0)
(0.0426263 -1.09913e-13 0)
(0.0426263 -9.0579e-14 0)
(0.0426263 -7.42439e-14 0)
(0.0426263 -5.52439e-14 0)
(0.0426263 -3.23462e-14 0)
(0.0426263 -1.16831e-14 0)
(0.0426263 6.45242e-16 0)
(0.0426263 1.11261e-15 0)
(0.0426263 -9.28156e-15 0)
(0.0426263 -2.76096e-14 0)
(0.0426263 -5.0177e-14 0)
(0.0426263 -6.88521e-14 0)
(0.0426263 -7.7703e-14 0)
(0.0426263 -7.68694e-14 0)
(0.0426263 -6.68632e-14 0)
(0.0426263 -5.19285e-14 0)
(0.0426263 -3.4919e-14 0)
(0.0426263 -1.68111e-14 0)
(0.0426263 -3.65771e-15 0)
(0.0426263 2.19785e-15 0)
(0.0426263 -1.93682e-15 0)
(0.0426263 -1.34837e-14 0)
(0.0426263 -2.90433e-14 0)
(0.0426263 -4.30706e-14 0)
(0.0426263 -4.93489e-14 0)
(0.0426263 -4.5753e-14 0)
(0.0426263 -3.32507e-14 0)
(0.0426263 -1.83692e-14 0)
(0.0426263 -5.9325e-15 0)
(0.0426263 4.83562e-16 0)
(0.0426263 -2.87625e-16 0)
(0.0426263 -6.54476e-15 0)
(0.0426263 -1.3541e-14 0)
(0.0426263 -1.55217e-14 0)
(0.0426263 -7.99493e-15 0)
(0.0426263 8.87457e-15 0)
(0.0426263 3.15414e-14 0)
(0.0426263 5.24923e-14 0)
(0.0426263 6.74567e-14 0)
(0.0426263 7.41564e-14 0)
(0.0426263 7.47808e-14 0)
(0.0426263 7.15201e-14 0)
(0.0426263 7.14854e-14 0)
(0.0426263 7.87948e-14 0)
(0.0426263 9.45256e-14 0)
(0.0426263 1.19857e-13 0)
(0.0426263 1.51786e-13 0)
(0.0426263 1.89422e-13 0)
(0.0426263 2.31168e-13 0)
(0.0426263 2.77481e-13 0)
(0.0426263 3.34744e-13 0)
(0.0426263 4.07938e-13 0)
(0.0426263 5.07506e-13 0)
(0.0426263 6.40048e-13 0)
(0.0426263 8.14642e-13 0)
(0.0426263 1.04252e-12 0)
(0.0426263 1.33451e-12 0)
(0.0426263 1.7086e-12 0)
(0.0426263 2.19163e-12 0)
(0.0426263 2.80887e-12 0)
(0.0426263 3.55018e-12 0)
(0.0426263 4.67822e-12 0)
(0.0426263 5.3013e-12 0)
(0.0426263 7.17763e-12 0)
(0.0426263 7.67199e-12 0)
(0.0426263 -2.27161e-13 0)
(0.0426263 3.62201e-12 0)
(-0.00101901 0.00576173 0)
(-0.00575673 0.00915535 0)
(-0.0106302 0.00954356 0)
(-0.0145361 0.00892111 0)
(-0.0173572 0.00760801 0)
(-0.0190107 0.00570473 0)
(-0.0195847 0.00342352 0)
(-0.0191668 0.000916306 0)
(-0.0178524 -0.00168572 0)
(-0.0157288 -0.0042764 0)
(-0.0128704 -0.00675335 0)
(-0.00934755 -0.00901352 0)
(-0.00522135 -0.0109531 0)
(-0.000559478 -0.0124736 0)
(0.00455899 -0.0134948 0)
(0.010027 -0.0139651 0)
(0.0157028 -0.0138717 0)
(0.0214078 -0.013245 0)
(0.0269397 -0.0121598 0)
(0.0320979 -0.0107306 0)
(0.0367145 -0.00909859 0)
(0.0406798 -0.00741163 0)
(0.0439524 -0.00580094 0)
(0.0465534 -0.0043635 0)
(0.0485495 -0.00315434 0)
(0.0500325 -0.00218932 0)
(0.051102 -0.00145477 0)
(0.0518524 -0.000919295 0)
(0.0523653 -0.000544419 0)
(0.052707 -0.000292113 0)
(0.0529285 -0.000129129 0)
(0.0530677 -2.86898e-05 0)
(0.0531517 2.95044e-05 0)
(0.0531992 6.01369e-05 0)
(0.0532233 7.34324e-05 0)
(0.0532327 7.62832e-05 0)
(0.0532332 7.32011e-05 0)
(0.0532285 6.70545e-05 0)
(0.053221 5.961e-05 0)
(0.0532124 5.1913e-05 0)
(0.0532036 4.45481e-05 0)
(0.053195 3.78123e-05 0)
(0.0531871 3.18281e-05 0)
(0.0531799 2.66164e-05 0)
(0.0531735 2.21414e-05 0)
(0.053168 1.83393e-05 0)
(0.0531632 1.51349e-05 0)
(0.0531591 1.24511e-05 0)
(0.0531555 1.0215e-05 0)
(0.0531526 8.35956e-06 0)
(0.0531501 6.82555e-06 0)
(0.053148 5.5612e-06 0)
(0.0531462 4.52196e-06 0)
(0.0531448 3.66986e-06 0)
(0.0531436 2.97279e-06 0)
(0.0531426 2.40376e-06 0)
(0.0531417 1.94018e-06 0)
(0.0531411 1.56323e-06 0)
(0.0531405 1.2573e-06 0)
(0.0531401 1.00945e-06 0)
(0.0531397 8.09014e-07 0)
(0.0531394 6.47205e-07 0)
(0.0531391 5.16807e-07 0)
(0.0531389 4.11904e-07 0)
(0.0531388 3.2766e-07 0)
(0.0531386 2.60125e-07 0)
(0.0531385 2.06082e-07 0)
(0.0531384 1.62913e-07 0)
(0.0531384 1.28495e-07 0)
(0.0531383 1.01107e-07 0)
(0.0531383 7.93544e-08 0)
(0.0531382 6.2114e-08 0)
(0.0531382 4.84786e-08 0)
(0.0531382 3.77185e-08 0)
(0.0531382 2.92471e-08 0)
(0.0531382 2.25942e-08 0)
(0.0531381 1.73832e-08 0)
(0.0531381 1.33131e-08 0)
(0.0531381 1.01439e-08 0)
(0.0531381 7.68421e-09 0)
(0.0531381 5.78214e-09 0)
(0.0531381 4.31709e-09 0)
(0.0531381 3.1936e-09 0)
(0.0531381 2.33631e-09 0)
(0.0531381 1.68578e-09 0)
(0.0531381 1.19531e-09 0)
(0.0531381 8.28267e-10 0)
(0.0531381 5.55973e-10 0)
(0.0531381 3.56076e-10 0)
(0.0531381 2.11197e-10 0)
(0.0531381 1.07881e-10 0)
(0.0531381 3.57527e-11 0)
(0.0531381 -1.3166e-11 0)
(0.0531381 -4.49886e-11 0)
(0.0531381 -6.43733e-11 0)
(0.0531381 -7.48574e-11 0)
(0.0531381 -7.90924e-11 0)
(0.0531381 -7.90541e-11 0)
(0.0531381 -7.61985e-11 0)
(0.0531381 -7.15868e-11 0)
(0.0531381 -6.59779e-11 0)
(0.0531381 -5.99122e-11 0)
(0.0531381 -5.37497e-11 0)
(0.0531381 -4.77301e-11 0)
(0.0531381 -4.20129e-11 0)
(0.0531381 -3.66939e-11 0)
(0.0531381 -3.18395e-11 0)
(0.0531381 -2.74768e-11 0)
(0.0531381 -2.36019e-11 0)
(0.0531381 -2.01918e-11 0)
(0.0531381 -1.72037e-11 0)
(0.0531381 -1.4603e-11 0)
(0.0531381 -1.23535e-11 0)
(0.0531381 -1.04234e-11 0)
(0.0531381 -8.78507e-12 0)
(0.0531381 -7.39865e-12 0)
(0.0531381 -6.2297e-12 0)
(0.0531381 -5.23759e-12 0)
(0.0531381 -4.38817e-12 0)
(0.0531381 -3.66105e-12 0)
(0.0531381 -3.04784e-12 0)
(0.0531381 -2.53802e-12 0)
(0.0531381 -2.1243e-12 0)
(0.0531381 -1.79159e-12 0)
(0.0531381 -1.52186e-12 0)
(0.0531381 -1.29678e-12 0)
(0.0531381 -1.10004e-12 0)
(0.0531381 -9.2141e-13 0)
(0.0531381 -7.58543e-13 0)
(0.0531381 -6.12097e-13 0)
(0.0531381 -4.84177e-13 0)
(0.0531381 -3.78692e-13 0)
(0.0531381 -2.93046e-13 0)
(0.0531381 -2.23772e-13 0)
(0.0531381 -1.63914e-13 0)
(0.0531381 -1.10353e-13 0)
(0.0531381 -6.29868e-14 0)
(0.0531381 -2.27655e-14 0)
(0.0531381 6.50032e-15 0)
(0.0531381 2.30263e-14 0)
(0.0531381 2.51179e-14 0)
(0.0531381 1.25664e-14 0)
(0.0531381 -1.32714e-14 0)
(0.0531381 -4.84354e-14 0)
(0.0531381 -8.92383e-14 0)
(0.0531381 -1.29857e-13 0)
(0.0531381 -1.62552e-13 0)
(0.0531381 -1.82412e-13 0)
(0.0531381 -1.82834e-13 0)
(0.0531381 -1.63571e-13 0)
(0.0531381 -1.2887e-13 0)
(0.0531381 -8.69551e-14 0)
(0.0531381 -4.81787e-14 0)
(0.0531381 -1.96487e-14 0)
(0.0531381 -6.52996e-15 0)
(0.0531381 -7.05508e-15 0)
(0.0531381 -1.77752e-14 0)
(0.0531381 -3.36789e-14 0)
(0.0531381 -4.84357e-14 0)
(0.0531381 -5.74735e-14 0)
(0.0531381 -6.07326e-14 0)
(0.0531381 -6.16179e-14 0)
(0.0531381 -6.0562e-14 0)
(0.0531381 -5.74184e-14 0)
(0.0531381 -5.02976e-14 0)
(0.0531381 -3.59526e-14 0)
(0.0531381 -1.4574e-14 0)
(0.0531381 1.35934e-14 0)
(0.0531381 4.63338e-14 0)
(0.0531381 7.84248e-14 0)
(0.0531381 1.04823e-13 0)
(0.0531381 1.19108e-13 0)
(0.0531381 1.2327e-13 0)
(0.0531381 1.19246e-13 0)
(0.0531381 1.14016e-13 0)
(0.0531381 1.1669e-13 0)
(0.0531381 1.3131e-13 0)
(0.0531381 1.62101e-13 0)
(0.0531381 2.09987e-13 0)
(0.0531381 2.71163e-13 0)
(0.0531381 3.43444e-13 0)
(0.0531381 4.21073e-13 0)
(0.0531381 5.06875e-13 0)
(0.0531381 6.02747e-13 0)
(0.0531381 7.17323e-13 0)
(0.0531381 8.6617e-13 0)
(0.0531381 1.06305e-12 0)
(0.0531381 1.32571e-12 0)
(0.0531381 1.67412e-12 0)
(0.0531381 2.12962e-12 0)
(0.0531381 2.72277e-12 0)
(0.0531381 3.49364e-12 0)
(0.0531381 4.47999e-12 0)
(0.0531381 5.80442e-12 0)
(0.0531381 7.53332e-12 0)
(0.0531381 9.61832e-12 0)
(0.0531381 1.37309e-11 0)
(0.0531381 1.4906e-11 0)
(0.0531381 2.72073e-11 0)
(0.0531381 3.30929e-11 0)
(-0.000714603 0.00843556 0)
(-0.00460575 0.0131818 0)
(-0.0082684 0.0130982 0)
(-0.0107413 0.0115887 0)
(-0.0120653 0.00934904 0)
(-0.0123686 0.00657642 0)
(-0.0118188 0.0035004 0)
(-0.0105605 0.000260491 0)
(-0.0087066 -0.00302609 0)
(-0.00635957 -0.00626658 0)
(-0.00359042 -0.00937446 0)
(-0.000455149 -0.0122604 0)
(0.00302058 -0.0148296 0)
(0.00682868 -0.0169789 0)
(0.0109744 -0.0186021 0)
(0.0154542 -0.0195965 0)
(0.0202326 -0.0198766 0)
(0.0252162 -0.019396 0)
(0.0302433 -0.0181763 0)
(0.0350999 -0.016331 0)
(0.039565 -0.01406 0)
(0.0434659 -0.011609 0)
(0.0467145 -0.00921057 0)
(0.0493092 -0.0070389 0)
(0.0513115 -0.00519301 0)
(0.052815 -0.00370444 0)
(0.0539199 -0.00255654 0)
(0.0547179 -0.00170506 0)
(0.0552863 -0.00109487 0)
(0.0556861 -0.000671182 0)
(0.0559642 -0.00038572 0)
(0.0561553 -0.000199184 0)
(0.0562851 -8.13498e-05 0)
(0.0563718 -9.96374e-06 0)
(0.0564286 3.08067e-05 0)
(0.0564648 5.19139e-05 0)
(0.0564869 6.07566e-05 0)
(0.0564995 6.22287e-05 0)
(0.0565059 5.95026e-05 0)
(0.0565081 5.45912e-05 0)
(0.0565078 4.87405e-05 0)
(0.0565059 4.26969e-05 0)
(0.0565032 3.68864e-05 0)
(0.0565001 3.15329e-05 0)
(0.0564969 2.67358e-05 0)
(0.0564938 2.25194e-05 0)
(0.0564909 1.88655e-05 0)
(0.0564883 1.57324e-05 0)
(0.0564859 1.30684e-05 0)
(0.0564838 1.08182e-05 0)
(0.056482 8.92798e-06 0)
(0.0564804 7.3476e-06 0)
(0.056479 6.03152e-06 0)
(0.0564779 4.93939e-06 0)
(0.0564769 4.03595e-06 0)
(0.056476 3.29072e-06 0)
(0.0564754 2.67761e-06 0)
(0.0564748 2.17442e-06 0)
(0.0564743 1.76239e-06 0)
(0.0564739 1.42573e-06 0)
(0.0564736 1.15124e-06 0)
(0.0564733 9.27881e-07 0)
(0.0564731 7.46479e-07 0)
(0.0564729 5.99434e-07 0)
(0.0564727 4.80461e-07 0)
(0.0564726 3.84377e-07 0)
(0.0564725 3.06921e-07 0)
(0.0564724 2.44594e-07 0)
(0.0564724 1.94533e-07 0)
(0.0564723 1.54397e-07 0)
(0.0564723 1.22279e-07 0)
(0.0564722 9.66246e-08 0)
(0.0564722 7.61733e-08 0)
(0.0564722 5.99018e-08 0)
(0.0564722 4.69822e-08 0)
(0.0564721 3.67458e-08 0)
(0.0564721 2.8653e-08 0)
(0.0564721 2.22698e-08 0)
(0.0564721 1.72472e-08 0)
(0.0564721 1.33055e-08 0)
(0.0564721 1.02204e-08 0)
(0.0564721 7.81297e-09 0)
(0.0564721 5.94021e-09 0)
(0.0564721 4.48843e-09 0)
(0.0564721 3.36725e-09 0)
(0.0564721 2.50499e-09 0)
(0.0564721 1.84494e-09 0)
(0.0564721 1.3423e-09 0)
(0.0564721 9.61802e-10 0)
(0.0564721 6.75713e-10 0)
(0.0564721 4.62325e-10 0)
(0.0564721 3.04672e-10 0)
(0.0564721 1.89537e-10 0)
(0.0564721 1.06649e-10 0)
(0.0564721 4.8046e-11 0)
(0.0564721 7.59299e-12 0)
(0.0564721 -1.9421e-11 0)
(0.0564721 -3.65867e-11 0)
(0.0564721 -4.66294e-11 0)
(0.0564721 -5.16062e-11 0)
(0.0564721 -5.30581e-11 0)
(0.0564721 -5.21219e-11 0)
(0.0564721 -4.96293e-11 0)
(0.0564721 -4.61844e-11 0)
(0.0564721 -4.22234e-11 0)
(0.0564721 -3.80625e-11 0)
(0.0564721 -3.39222e-11 0)
(0.0564721 -2.99531e-11 0)
(0.0564721 -2.6246e-11 0)
(0.0564721 -2.28441e-11 0)
(0.0564721 -1.97638e-11 0)
(0.0564721 -1.70041e-11 0)
(0.0564721 -1.45623e-11 0)
(0.0564721 -1.24283e-11 0)
(0.0564721 -1.05815e-11 0)
(0.0564721 -8.99429e-12 0)
(0.0564721 -7.6286e-12 0)
(0.0564721 -6.45141e-12 0)
(0.0564721 -5.43513e-12 0)
(0.0564721 -4.56321e-12 0)
(0.0564721 -3.82341e-12 0)
(0.0564721 -3.20914e-12 0)
(0.0564721 -2.70802e-12 0)
(0.0564721 -2.30028e-12 0)
(0.0564721 -1.9658e-12 0)
(0.0564721 -1.68206e-12 0)
(0.0564721 -1.43337e-12 0)
(0.0564721 -1.21175e-12 0)
(0.0564721 -1.0134e-12 0)
(0.0564721 -8.39896e-13 0)
(0.0564721 -6.89391e-13 0)
(0.0564721 -5.59576e-13 0)
(0.0564721 -4.45872e-13 0)
(0.0564721 -3.43695e-13 0)
(0.0564721 -2.51436e-13 0)
(0.0564721 -1.69447e-13 0)
(0.0564721 -9.9992e-14 0)
(0.0564721 -4.56803e-14 0)
(0.0564721 -5.41747e-15 0)
(0.0564721 1.83648e-14 0)
(0.0564721 2.7355e-14 0)
(0.0564721 2.13327e-14 0)
(0.0564721 -3.97756e-16 0)
(0.0564721 -3.71039e-14 0)
(0.0564721 -8.86946e-14 0)
(0.0564721 -1.47427e-13 0)
(0.0564721 -2.0404e-13 0)
(0.0564721 -2.46137e-13 0)
(0.0564721 -2.62902e-13 0)
(0.0564721 -2.51559e-13 0)
(0.0564721 -2.14506e-13 0)
(0.0564721 -1.60326e-13 0)
(0.0564721 -1.02641e-13 0)
(0.0564721 -5.5771e-14 0)
(0.0564721 -2.68575e-14 0)
(0.0564721 -1.72439e-14 0)
(0.0564721 -2.52415e-14 0)
(0.0564721 -4.45532e-14 0)
(0.0564721 -6.4832e-14 0)
(0.0564721 -8.30139e-14 0)
(0.0564721 -9.34963e-14 0)
(0.0564721 -9.76672e-14 0)
(0.0564721 -9.51704e-14 0)
(0.0564721 -8.43456e-14 0)
(0.0564721 -6.45934e-14 0)
(0.0564721 -3.5419e-14 0)
(0.0564721 8.77275e-16 0)
(0.0564721 4.02191e-14 0)
(0.0564721 7.95756e-14 0)
(0.0564721 1.12294e-13 0)
(0.0564721 1.35368e-13 0)
(0.0564721 1.45003e-13 0)
(0.0564721 1.43039e-13 0)
(0.0564721 1.37617e-13 0)
(0.0564721 1.35934e-13 0)
(0.0564721 1.45748e-13 0)
(0.0564721 1.72828e-13 0)
(0.0564721 2.20844e-13 0)
(0.0564721 2.90245e-13 0)
(0.0564721 3.76605e-13 0)
(0.0564721 4.73353e-13 0)
(0.0564721 5.77139e-13 0)
(0.0564721 6.8647e-13 0)
(0.0564721 8.08218e-13 0)
(0.0564721 9.52441e-13 0)
(0.0564721 1.13355e-12 0)
(0.0564721 1.37186e-12 0)
(0.0564721 1.68933e-12 0)
(0.0564721 2.11272e-12 0)
(0.0564721 2.66907e-12 0)
(0.0564721 3.39376e-12 0)
(0.0564721 4.33071e-12 0)
(0.0564721 5.56036e-12 0)
(0.0564721 7.18164e-12 0)
(0.0564721 9.33054e-12 0)
(0.0564721 1.24013e-11 0)
(0.0564721 1.67211e-11 0)
(0.0564721 2.10082e-11 0)
(0.0564721 3.97176e-11 0)
(0.0564721 4.38602e-11 0)
(-7.72539e-05 0.0104658 0)
(-0.00214701 0.0160902 0)
(-0.0039456 0.0154495 0)
(-0.00453235 0.0129589 0)
(-0.00414798 0.00989242 0)
(-0.00299612 0.0064338 0)
(-0.00125488 0.00280012 0)
(0.000925457 -0.000899673 0)
(0.00343595 -0.00457035 0)
(0.00617448 -0.00813664 0)
(0.0090689 -0.0115355 0)
(0.0120639 -0.0147047 0)
(0.0151342 -0.0175801 0)
(0.0182809 -0.0200871 0)
(0.0215314 -0.0221355 0)
(0.024929 -0.0236134 0)
(0.0285127 -0.0243872 0)
(0.032287 -0.0243177 0)
(0.03619 -0.0233061 0)
(0.0400775 -0.0213661 0)
(0.0437463 -0.0186781 0)
(0.0469961 -0.0155685 0)
(0.049695 -0.0124086 0)
(0.0518104 -0.00950141 0)
(0.0533936 -0.00702432 0)
(0.0545412 -0.00503532 0)
(0.0553578 -0.00351046 0)
(0.0559349 -0.00238366 0)
(0.0563429 -0.00157567 0)
(0.0566327 -0.00101087 0)
(0.0568393 -0.000624931 0)
(0.0569869 -0.000366851 0)
(0.0570921 -0.000198068 0)
(0.0571668 -9.04345e-05 0)
(0.0572192 -2.39411e-05 0)
(0.0572555 1.53421e-05 0)
(0.0572801 3.69488e-05 0)
(0.0572963 4.73092e-05 0)
(0.0573066 5.07036e-05 0)
(0.0573126 4.99445e-05 0)
(0.0573158 4.68542e-05 0)
(0.0573171 4.25934e-05 0)
(0.057317 3.78856e-05 0)
(0.0573161 3.31673e-05 0)
(0.0573148 2.86891e-05 0)
(0.0573133 2.45824e-05 0)
(0.0573116 2.09041e-05 0)
(0.05731 1.76648e-05 0)
(0.0573085 1.48486e-05 0)
(0.0573071 1.24245e-05 0)
(0.0573058 1.03547e-05 0)
(0.0573047 8.599e-06 0)
(0.0573037 7.11812e-06 0)
(0.0573029 5.875e-06 0)
(0.0573021 4.83584e-06 0)
(0.0573015 3.97043e-06 0)
(0.0573009 3.25212e-06 0)
(0.0573005 2.65774e-06 0)
(0.0573001 2.16729e-06 0)
(0.0572998 1.76366e-06 0)
(0.0572995 1.4323e-06 0)
(0.0572993 1.1609e-06 0)
(0.0572991 9.3911e-07 0)
(0.0572989 7.58242e-07 0)
(0.0572988 6.1105e-07 0)
(0.0572987 4.91502e-07 0)
(0.0572986 3.94596e-07 0)
(0.0572986 3.16193e-07 0)
(0.0572985 2.52881e-07 0)
(0.0572985 2.01849e-07 0)
(0.0572984 1.60793e-07 0)
(0.0572984 1.27824e-07 0)
(0.0572984 1.01399e-07 0)
(0.0572983 8.0259e-08 0)
(0.0572983 6.33799e-08 0)
(0.0572983 4.99294e-08 0)
(0.0572983 3.92328e-08 0)
(0.0572983 3.07441e-08 0)
(0.0572983 2.40221e-08 0)
(0.0572983 1.87112e-08 0)
(0.0572983 1.45251e-08 0)
(0.0572983 1.12338e-08 0)
(0.0572983 8.65295e-09 0)
(0.0572983 6.63493e-09 0)
(0.0572983 5.06181e-09 0)
(0.0572983 3.83954e-09 0)
(0.0572983 2.89328e-09 0)
(0.0572983 2.16359e-09 0)
(0.0572983 1.60334e-09 0)
(0.0572983 1.17529e-09 0)
(0.0572983 8.50035e-10 0)
(0.0572983 6.04457e-10 0)
(0.0572983 4.20387e-10 0)
(0.0572983 2.836e-10 0)
(0.0572983 1.82983e-10 0)
(0.0572983 1.0989e-10 0)
(0.0572983 5.76158e-11 0)
(0.0572983 2.09818e-11 0)
(0.0572983 -3.99677e-12 0)
(0.0572983 -2.03759e-11 0)
(0.0572983 -3.04823e-11 0)
(0.0572983 -3.60752e-11 0)
(0.0572983 -3.84742e-11 0)
(0.0572983 -3.86665e-11 0)
(0.0572983 -3.73829e-11 0)
(0.0572983 -3.51691e-11 0)
(0.0572983 -3.24255e-11 0)
(0.0572983 -2.94328e-11 0)
(0.0572983 -2.63874e-11 0)
(0.0572983 -2.34136e-11 0)
(0.0572983 -2.05921e-11 0)
(0.0572983 -1.79749e-11 0)
(0.0572983 -1.55922e-11 0)
(0.0572983 -1.3459e-11 0)
(0.0572983 -1.15717e-11 0)
(0.0572983 -9.91274e-12 0)
(0.0572983 -8.4604e-12 0)
(0.0572983 -7.1898e-12 0)
(0.0572983 -6.08551e-12 0)
(0.0572983 -5.13383e-12 0)
(0.0572983 -4.32802e-12 0)
(0.0572983 -3.65661e-12 0)
(0.0572983 -3.10443e-12 0)
(0.0572983 -2.64998e-12 0)
(0.0572983 -2.26986e-12 0)
(0.0572983 -1.94615e-12 0)
(0.0572983 -1.6643e-12 0)
(0.0572983 -1.41827e-12 0)
(0.0572983 -1.20353e-12 0)
(0.0572983 -1.01656e-12 0)
(0.0572983 -8.543e-13 0)
(0.0572983 -7.09395e-13 0)
(0.0572983 -5.76317e-13 0)
(0.0572983 -4.52847e-13 0)
(0.0572983 -3.37807e-13 0)
(0.0572983 -2.35803e-13 0)
(0.0572983 -1.50159e-13 0)
(0.0572983 -8.27394e-14 0)
(0.0572983 -3.2339e-14 0)
(0.0572983 3.89053e-15 0)
(0.0572983 2.61409e-14 0)
(0.0572983 3.23167e-14 0)
(0.0572983 1.85767e-14 0)
(0.0572983 -1.63788e-14 0)
(0.0572983 -7.17833e-14 0)
(0.0572983 -1.42056e-13 0)
(0.0572983 -2.13865e-13 0)
(0.0572983 -2.71551e-13 0)
(0.0572983 -3.02224e-13 0)
(0.0572983 -2.99459e-13 0)
(0.0572983 -2.67141e-13 0)
(0.0572983 -2.15655e-13 0)
(0.0572983 -1.59556e-13 0)
(0.0572983 -1.11304e-13 0)
(0.0572983 -7.91114e-14 0)
(0.0572983 -6.64583e-14 0)
(0.0572983 -7.03609e-14 0)
(0.0572983 -8.11937e-14 0)
(0.0572983 -9.66504e-14 0)
(0.0572983 -1.09842e-13 0)
(0.0572983 -1.17129e-13 0)
(0.0572983 -1.16733e-13 0)
(0.0572983 -1.06542e-13 0)
(0.0572983 -8.70821e-14 0)
(0.0572983 -5.85104e-14 0)
(0.0572983 -2.24708e-14 0)
(0.0572983 1.9004e-14 0)
(0.0572983 6.24207e-14 0)
(0.0572983 1.00932e-13 0)
(0.0572983 1.29381e-13 0)
(0.0572983 1.43942e-13 0)
(0.0572983 1.46789e-13 0)
(0.0572983 1.43019e-13 0)
(0.0572983 1.37811e-13 0)
(0.0572983 1.41595e-13 0)
(0.0572983 1.61347e-13 0)
(0.0572983 2.02246e-13 0)
(0.0572983 2.68597e-13 0)
(0.0572983 3.5518e-13 0)
(0.0572983 4.58582e-13 0)
(0.0572983 5.7176e-13 0)
(0.0572983 6.90367e-13 0)
(0.0572983 8.15857e-13 0)
(0.0572983 9.50918e-13 0)
(0.0572983 1.11034e-12 0)
(0.0572983 1.30856e-12 0)
(0.0572983 1.56749e-12 0)
(0.0572983 1.91454e-12 0)
(0.0572983 2.37172e-12 0)
(0.0572983 2.97266e-12 0)
(0.0572983 3.74921e-12 0)
(0.0572983 4.75535e-12 0)
(0.0572983 6.06973e-12 0)
(0.0572983 7.78303e-12 0)
(0.0572983 1.01377e-11 0)
(0.0572983 1.32343e-11 0)
(0.0572983 1.77543e-11 0)
(0.0572983 2.33557e-11 0)
(0.0572983 3.74422e-11 0)
(0.0572983 4.17073e-11 0)
(0.000335621 0.0101753 0)
(0.000411916 0.016664 0)
(0.00134328 0.015636 0)
(0.00296556 0.0124602 0)
(0.00532549 0.00887327 0)
(0.00807127 0.00504394 0)
(0.0111148 0.00113751 0)
(0.0143217 -0.00275293 0)
(0.0176091 -0.00655194 0)
(0.0208961 -0.0101969 0)
(0.0241239 -0.0136394 0)
(0.0272494 -0.016837 0)
(0.0302495 -0.0197488 0)
(0.0331182 -0.022327 0)
(0.0358662 -0.0245084 0)
(0.0385167 -0.0262019 0)
(0.0410982 -0.0272754 0)
(0.0436315 -0.0275544 0)
(0.0461111 -0.0268522 0)
(0.0484902 -0.0250536 0)
(0.0506799 -0.0222299 0)
(0.0525748 -0.0186965 0)
(0.0540962 -0.0149287 0)
(0.0552241 -0.0113806 0)
(0.0559995 -0.00834503 0)
(0.0565002 -0.00592865 0)
(0.056811 -0.00410458 0)
(0.057003 -0.00277978 0)
(0.0571261 -0.00184427 0)
(0.0572106 -0.0011974 0)
(0.0572732 -0.000757474 0)
(0.0573222 -0.000462602 0)
(0.0573613 -0.000267795 0)
(0.0573926 -0.00014119 0)
(0.0574172 -6.0606e-05 0)
(0.0574361 -1.07752e-05 0)
(0.0574503 1.87199e-05 0)
(0.0574605 3.49389e-05 0)
(0.0574675 4.26353e-05 0)
(0.0574722 4.49884e-05 0)
(0.057475 4.41081e-05 0)
(0.0574765 4.13807e-05 0)
(0.057477 3.77054e-05 0)
(0.0574769 3.36538e-05 0)
(0.0574763 2.95796e-05 0)
(0.0574756 2.56921e-05 0)
(0.0574746 2.21056e-05 0)
(0.0574737 1.88733e-05 0)
(0.0574727 1.60098e-05 0)
(0.0574718 1.35061e-05 0)
(0.057471 1.13396e-05 0)
(0.0574702 9.48047e-06 0)
(0.0574696 7.89638e-06 0)
(0.057469 6.5546e-06 0)
(0.0574685 5.42391e-06 0)
(0.057468 4.47538e-06 0)
(0.0574676 3.68285e-06 0)
(0.0574673 3.02306e-06 0)
(0.057467 2.47557e-06 0)
(0.0574668 2.02264e-06 0)
(0.0574666 1.64899e-06 0)
(0.0574664 1.34154e-06 0)
(0.0574663 1.0892e-06 0)
(0.0574662 8.82562e-07 0)
(0.0574661 7.13731e-07 0)
(0.057466 5.76086e-07 0)
(0.0574659 4.64097e-07 0)
(0.0574659 3.73166e-07 0)
(0.0574659 2.99477e-07 0)
(0.0574658 2.39877e-07 0)
(0.0574658 1.91764e-07 0)
(0.0574658 1.52996e-07 0)
(0.0574657 1.21818e-07 0)
(0.0574657 9.67906e-08 0)
(0.0574657 7.67389e-08 0)
(0.0574657 6.07045e-08 0)
(0.0574657 4.79077e-08 0)
(0.0574657 3.77151e-08 0)
(0.0574657 2.96135e-08 0)
(0.0574657 2.31875e-08 0)
(0.0574657 1.81019e-08 0)
(0.0574657 1.40863e-08 0)
(0.0574657 1.09233e-08 0)
(0.0574657 8.43826e-09 0)
(0.0574657 6.49113e-09 0)
(0.0574657 4.96992e-09 0)
(0.0574657 3.78517e-09 0)
(0.0574657 2.8656e-09 0)
(0.0574657 2.15448e-09 0)
(0.0574657 1.6068e-09 0)
(0.0574657 1.18691e-09 0)
(0.0574657 8.66607e-10 0)
(0.0574657 6.23679e-10 0)
(0.0574657 4.40641e-10 0)
(0.0574657 3.0378e-10 0)
(0.0574657 2.02372e-10 0)
(0.0574657 1.28053e-10 0)
(0.0574657 7.43185e-11 0)
(0.0574657 3.61227e-11 0)
(0.0574657 9.57031e-12 0)
(0.0574657 -8.33029e-12 0)
(0.0574657 -1.98672e-11 0)
(0.0574657 -2.67767e-11 0)
(0.0574657 -3.03717e-11 0)
(0.0574657 -3.16425e-11 0)
(0.0574657 -3.13307e-11 0)
(0.0574657 -2.99867e-11 0)
(0.0574657 -2.80096e-11 0)
(0.0574657 -2.56844e-11 0)
(0.0574657 -2.32125e-11 0)
(0.0574657 -2.07309e-11 0)
(0.0574657 -1.83348e-11 0)
(0.0574657 -1.60855e-11 0)
(0.0574657 -1.40171e-11 0)
(0.0574657 -1.21444e-11 0)
(0.0574657 -1.04647e-11 0)
(0.0574657 -8.97086e-12 0)
(0.0574657 -7.6522e-12 0)
(0.0574657 -6.4997e-12 0)
(0.0574657 -5.50635e-12 0)
(0.0574657 -4.66405e-12 0)
(0.0574657 -3.95894e-12 0)
(0.0574657 -3.37223e-12 0)
(0.0574657 -2.88317e-12 0)
(0.0574657 -2.47099e-12 0)
(0.0574657 -2.11975e-12 0)
(0.0574657 -1.81885e-12 0)
(0.0574657 -1.5611e-12 0)
(0.0574657 -1.3407e-12 0)
(0.0574657 -1.15056e-12 0)
(0.0574657 -9.8322e-13 0)
(0.0574657 -8.30131e-13 0)
(0.0574657 -6.86318e-13 0)
(0.0574657 -5.51113e-13 0)
(0.0574657 -4.25142e-13 0)
(0.0574657 -3.13927e-13 0)
(0.0574657 -2.19317e-13 0)
(0.0574657 -1.40961e-13 0)
(0.0574657 -7.81493e-14 0)
(0.0574657 -2.59387e-14 0)
(0.0574657 1.27298e-14 0)
(0.0574657 3.39601e-14 0)
(0.0574657 3.18539e-14 0)
(0.0574657 1.46097e-15 0)
(0.0574657 -5.22338e-14 0)
(0.0574657 -1.23487e-13 0)
(0.0574657 -1.96827e-13 0)
(0.0574657 -2.57147e-13 0)
(0.0574657 -2.93048e-13 0)
(0.0574657 -2.98983e-13 0)
(0.0574657 -2.79588e-13 0)
(0.0574657 -2.44533e-13 0)
(0.0574657 -2.06657e-13 0)
(0.0574657 -1.74607e-13 0)
(0.0574657 -1.54331e-13 0)
(0.0574657 -1.45484e-13 0)
(0.0574657 -1.44018e-13 0)
(0.0574657 -1.45214e-13 0)
(0.0574657 -1.44351e-13 0)
(0.0574657 -1.38509e-13 0)
(0.0574657 -1.27847e-13 0)
(0.0574657 -1.11239e-13 0)
(0.0574657 -8.97257e-14 0)
(0.0574657 -6.33555e-14 0)
(0.0574657 -3.04626e-14 0)
(0.0574657 6.63472e-15 0)
(0.0574657 4.54458e-14 0)
(0.0574657 8.23949e-14 0)
(0.0574657 1.11683e-13 0)
(0.0574657 1.31707e-13 0)
(0.0574657 1.393e-13 0)
(0.0574657 1.37247e-13 0)
(0.0574657 1.31785e-13 0)
(0.0574657 1.29821e-13 0)
(0.0574657 1.41694e-13 0)
(0.0574657 1.72891e-13 0)
(0.0574657 2.2944e-13 0)
(0.0574657 3.09967e-13 0)
(0.0574657 4.09697e-13 0)
(0.0574657 5.23978e-13 0)
(0.0574657 6.45843e-13 0)
(0.0574657 7.72003e-13 0)
(0.0574657 9.01736e-13 0)
(0.0574657 1.04143e-12 0)
(0.0574657 1.20432e-12 0)
(0.0574657 1.40758e-12 0)
(0.0574657 1.67191e-12 0)
(0.0574657 2.02106e-12 0)
(0.0574657 2.47866e-12 0)
(0.0574657 3.07269e-12 0)
(0.0574657 3.83531e-12 0)
(0.0574657 4.81263e-12 0)
(0.0574657 6.06671e-12 0)
(0.0574657 7.70616e-12 0)
(0.0574657 9.86771e-12 0)
(0.0574657 1.26994e-11 0)
(0.0574657 1.67412e-11 0)
(0.0574657 2.15826e-11 0)
(0.0574657 3.04389e-11 0)
(0.0574657 3.48168e-11 0)
(0.000854143 0.0101107 0)
(0.00396025 0.0148366 0)
(0.00825842 0.0135277 0)
(0.0124916 0.00996407 0)
(0.0169764 0.00613768 0)
(0.0214405 0.00223844 0)
(0.0258558 -0.00165821 0)
(0.0301353 -0.00548014 0)
(0.0342241 -0.00916838 0)
(0.0380797 -0.0126738 0)
(0.041677 -0.0159608 0)
(0.0450039 -0.0190009 0)
(0.048056 -0.0217655 0)
(0.0508315 -0.0242182 0)
(0.0533266 -0.0263058 0)
(0.0555307 -0.0279461 0)
(0.0574197 -0.0290133 0)
(0.0589524 -0.0293315 0)
(0.0600747 -0.0286943 0)
(0.0607433 -0.0269361 0)
(0.0609619 -0.02405 0)
(0.0608042 -0.0202938 0)
(0.0603978 -0.0161646 0)
(0.0598774 -0.0122112 0)
(0.0593457 -0.00882455 0)
(0.0588638 -0.00615999 0)
(0.0584607 -0.00418946 0)
(0.058145 -0.00279364 0)
(0.0579121 -0.00183279 0)
(0.0577497 -0.00118323 0)
(0.0576424 -0.000749027 0)
(0.0575754 -0.00046105 0)
(0.0575359 -0.000271435 0)
(0.0575142 -0.000147737 0)
(0.0575035 -6.8148e-05 0)
(0.0574991 -1.80327e-05 0)
(0.0574979 1.24524e-05 0)
(0.0574982 2.99453e-05 0)
(0.0574991 3.89322e-05 0)
(0.0575 4.24456e-05 0)
(0.0575006 4.25314e-05 0)
(0.057501 4.05629e-05 0)
(0.057501 3.74537e-05 0)
(0.0575009 3.38033e-05 0)
(0.0575005 2.99965e-05 0)
(0.0575001 2.62726e-05 0)
(0.0574996 2.27721e-05 0)
(0.057499 1.95702e-05 0)
(0.0574985 1.66988e-05 0)
(0.057498 1.41621e-05 0)
(0.0574975 1.19475e-05 0)
(0.0574971 1.00326e-05 0)
(0.0574967 8.38977e-06 0)
(0.0574963 6.98989e-06 0)
(0.057496 5.80388e-06 0)
(0.0574957 4.80413e-06 0)
(0.0574955 3.96513e-06 0)
(0.0574953 3.26386e-06 0)
(0.0574951 2.67981e-06 0)
(0.057495 2.195e-06 0)
(0.0574949 1.79379e-06 0)
(0.0574948 1.4627e-06 0)
(0.0574947 1.1902e-06 0)
(0.0574946 9.66481e-07 0)
(0.0574946 7.83239e-07 0)
(0.0574945 6.33491e-07 0)
(0.0574945 5.1138e-07 0)
(0.0574944 4.12012e-07 0)
(0.0574944 3.31317e-07 0)
(0.0574944 2.65914e-07 0)
(0.0574944 2.13009e-07 0)
(0.0574944 1.70295e-07 0)
(0.0574944 1.35875e-07 0)
(0.0574943 1.08191e-07 0)
(0.0574943 8.59668e-08 0)
(0.0574943 6.81596e-08 0)
(0.0574943 5.39191e-08 0)
(0.0574943 4.25534e-08 0)
(0.0574943 3.35002e-08 0)
(0.0574943 2.6304e-08 0)
(0.0574943 2.0596e-08 0)
(0.0574943 1.60785e-08 0)
(0.0574943 1.25115e-08 0)
(0.0574943 9.70176e-09 0)
(0.0574943 7.49424e-09 0)
(0.0574943 5.76459e-09 0)
(0.0574943 4.4133e-09 0)
(0.0574943 3.36092e-09 0)
(0.0574943 2.54411e-09 0)
(0.0574943 1.91249e-09 0)
(0.0574943 1.42606e-09 0)
(0.0574943 1.05314e-09 0)
(0.0574943 7.68689e-10 0)
(0.0574943 5.5296e-10 0)
(0.0574943 3.90434e-10 0)
(0.0574943 2.68936e-10 0)
(0.0574943 1.78942e-10 0)
(0.0574943 1.13019e-10 0)
(0.0574943 6.53793e-11 0)
(0.0574943 3.15387e-11 0)
(0.0574943 8.03497e-12 0)
(0.0574943 -7.7908e-12 0)
(0.0574943 -1.79687e-11 0)
(0.0574943 -2.40423e-11 0)
(0.0574943 -2.71858e-11 0)
(0.0574943 -2.82794e-11 0)
(0.0574943 -2.79785e-11 0)
(0.0574943 -2.67655e-11 0)
(0.0574943 -2.49906e-11 0)
(0.0574943 -2.29091e-11 0)
(0.0574943 -2.06999e-11 0)
(0.0574943 -1.84864e-11 0)
(0.0574943 -1.635e-11 0)
(0.0574943 -1.43387e-11 0)
(0.0574943 -1.2482e-11 0)
(0.0574943 -1.07934e-11 0)
(0.0574943 -9.27606e-12 0)
(0.0574943 -7.93083e-12 0)
(0.0574943 -6.75274e-12 0)
(0.0574943 -5.73768e-12 0)
(0.0574943 -4.8742e-12 0)
(0.0574943 -4.14672e-12 0)
(0.0574943 -3.53355e-12 0)
(0.0574943 -3.01792e-12 0)
(0.0574943 -2.58331e-12 0)
(0.0574943 -2.21614e-12 0)
(0.0574943 -1.90767e-12 0)
(0.0574943 -1.64915e-12 0)
(0.0574943 -1.42972e-12 0)
(0.0574943 -1.24125e-12 0)
(0.0574943 -1.07288e-12 0)
(0.0574943 -9.17799e-13 0)
(0.0574943 -7.71841e-13 0)
(0.0574943 -6.32478e-13 0)
(0.0574943 -5.05295e-13 0)
(0.0574943 -3.91728e-13 0)
(0.0574943 -2.9243e-13 0)
(0.0574943 -2.04669e-13 0)
(0.0574943 -1.25357e-13 0)
(0.0574943 -5.58076e-14 0)
(0.0574943 -1.58547e-16 0)
(0.0574943 3.55638e-14 0)
(0.0574943 4.3818e-14 0)
(0.0574943 2.43014e-14 0)
(0.0574943 -2.27096e-14 0)
(0.0574943 -8.65981e-14 0)
(0.0574943 -1.54648e-13 0)
(0.0574943 -2.11185e-13 0)
(0.0574943 -2.47312e-13 0)
(0.0574943 -2.6473e-13 0)
(0.0574943 -2.66413e-13 0)
(0.0574943 -2.60938e-13 0)
(0.0574943 -2.54312e-13 0)
(0.0574943 -2.50448e-13 0)
(0.0574943 -2.49202e-13 0)
(0.0574943 -2.45751e-13 0)
(0.0574943 -2.36003e-13 0)
(0.0574943 -2.18478e-13 0)
(0.0574943 -1.92025e-13 0)
(0.0574943 -1.59071e-13 0)
(0.0574943 -1.22376e-13 0)
(0.0574943 -8.64236e-14 0)
(0.0574943 -5.35595e-14 0)
(0.0574943 -2.26998e-14 0)
(0.0574943 7.84209e-15 0)
(0.0574943 3.91151e-14 0)
(0.0574943 6.85754e-14 0)
(0.0574943 9.2865e-14 0)
(0.0574943 1.1007e-13 0)
(0.0574943 1.18033e-13 0)
(0.0574943 1.18899e-13 0)
(0.0574943 1.13711e-13 0)
(0.0574943 1.0905e-13 0)
(0.0574943 1.13413e-13 0)
(0.0574943 1.3476e-13 0)
(0.0574943 1.79772e-13 0)
(0.0574943 2.4944e-13 0)
(0.0574943 3.40825e-13 0)
(0.0574943 4.48499e-13 0)
(0.0574943 5.6751e-13 0)
(0.0574943 6.91894e-13 0)
(0.0574943 8.17333e-13 0)
(0.0574943 9.44345e-13 0)
(0.0574943 1.07882e-12 0)
(0.0574943 1.23472e-12 0)
(0.0574943 1.43067e-12 0)
(0.0574943 1.68371e-12 0)
(0.0574943 2.01334e-12 0)
(0.0574943 2.44042e-12 0)
(0.0574943 2.98508e-12 0)
(0.0574943 3.67374e-12 0)
(0.0574943 4.53808e-12 0)
(0.0574943 5.63141e-12 0)
(0.0574943 7.02336e-12 0)
(0.0574943 8.82676e-12 0)
(0.0574943 1.11514e-11 0)
(0.0574943 1.42871e-11 0)
(0.0574943 1.79768e-11 0)
(0.0574943 2.33319e-11 0)
(0.0574943 2.73383e-11 0)
(0.0056661 0.003622 0)
(0.0107356 0.00800572 0)
(0.0198096 0.00715887 0)
(0.0270272 0.00456008 0)
(0.0337541 0.00129794 0)
(0.0397964 -0.00214752 0)
(0.0452766 -0.00562092 0)
(0.0502398 -0.00903358 0)
(0.0547277 -0.0123301 0)
(0.0587783 -0.0154717 0)
(0.0624259 -0.0184291 0)
(0.0656965 -0.0211741 0)
(0.0686033 -0.0236734 0)
(0.0711439 -0.0258826 0)
(0.0732962 -0.0277383 0)
(0.0750143 -0.0291464 0)
(0.0762206 -0.0299669 0)
(0.0768011 -0.0300095 0)
(0.0766185 -0.0290626 0)
(0.0755641 -0.0269758 0)
(0.0736467 -0.0237783 0)
(0.0710712 -0.0197637 0)
(0.068219 -0.0154537 0)
(0.0655054 -0.0114129 0)
(0.0632152 -0.00803457 0)
(0.0614448 -0.00545379 0)
(0.0601549 -0.00360814 0)
(0.0592512 -0.00234604 0)
(0.0586352 -0.00150649 0)
(0.0582244 -0.000955968 0)
(0.0579555 -0.000596823 0)
(0.0577824 -0.000362592 0)
(0.0576729 -0.000209755 0)
(0.0576045 -0.000110279 0)
(0.0575626 -4.61081e-05 0)
(0.0575371 -5.49022e-06 0)
(0.057522 1.93382e-05 0)
(0.057513 3.35869e-05 0)
(0.0575078 4.07966e-05 0)
(0.0575048 4.33946e-05 0)
(0.0575031 4.30505e-05 0)
(0.0575021 4.09108e-05 0)
(0.0575014 3.77572e-05 0)
(0.057501 3.41155e-05 0)
(0.0575007 3.03323e-05 0)
(0.0575005 2.66283e-05 0)
(0.0575002 2.31373e-05 0)
(0.0575 1.99331e-05 0)
(0.0574998 1.70491e-05 0)
(0.0574997 1.44922e-05 0)
(0.0574995 1.22523e-05 0)
(0.0574994 1.03092e-05 0)
(0.0574993 8.63725e-06 0)
(0.0574991 7.20866e-06 0)
(0.057499 5.9953e-06 0)
(0.0574989 4.97013e-06 0)
(0.0574989 4.108e-06 0)
(0.0574988 3.38599e-06 0)
(0.0574988 2.78361e-06 0)
(0.0574987 2.28275e-06 0)
(0.0574987 1.86763e-06 0)
(0.0574986 1.52457e-06 0)
(0.0574986 1.24185e-06 0)
(0.0574986 1.00944e-06 0)
(0.0574986 8.18857e-07 0)
(0.0574985 6.62936e-07 0)
(0.0574985 5.35655e-07 0)
(0.0574985 4.31973e-07 0)
(0.0574985 3.4769e-07 0)
(0.0574985 2.79313e-07 0)
(0.0574985 2.2395e-07 0)
(0.0574985 1.7921e-07 0)
(0.0574985 1.43124e-07 0)
(0.0574985 1.14074e-07 0)
(0.0574985 9.07315e-08 0)
(0.0574985 7.20114e-08 0)
(0.0574985 5.7027e-08 0)
(0.0574985 4.50564e-08 0)
(0.0574985 3.55123e-08 0)
(0.0574985 2.79184e-08 0)
(0.0574985 2.18889e-08 0)
(0.0574985 1.7112e-08 0)
(0.0574985 1.3336e-08 0)
(0.0574985 1.03582e-08 0)
(0.0574985 8.01586e-09 0)
(0.0574985 6.17818e-09 0)
(0.0574985 4.74051e-09 0)
(0.0574985 3.6192e-09 0)
(0.0574985 2.74749e-09 0)
(0.0574985 2.07223e-09 0)
(0.0574985 1.55119e-09 0)
(0.0574985 1.15086e-09 0)
(0.0574985 8.44759e-10 0)
(0.0574985 6.11974e-10 0)
(0.0574985 4.36047e-10 0)
(0.0574985 3.04052e-10 0)
(0.0574985 2.05858e-10 0)
(0.0574985 1.33547e-10 0)
(0.0574985 8.09499e-11 0)
(0.0574985 4.32753e-11 0)
(0.0574985 1.68192e-11 0)
(0.0574985 -1.27177e-12 0)
(0.0574985 -1.31828e-11 0)
(0.0574985 -2.05789e-11 0)
(0.0574985 -2.47243e-11 0)
(0.0574985 -2.65713e-11 0)
(0.0574985 -2.68325e-11 0)
(0.0574985 -2.60356e-11 0)
(0.0574985 -2.4566e-11 0)
(0.0574985 -2.27046e-11 0)
(0.0574985 -2.06491e-11 0)
(0.0574985 -1.85386e-11 0)
(0.0574985 -1.64635e-11 0)
(0.0574985 -1.44822e-11 0)
(0.0574985 -1.26332e-11 0)
(0.0574985 -1.0939e-11 0)
(0.0574985 -9.41114e-12 0)
(0.0574985 -8.05553e-12 0)
(0.0574985 -6.86989e-12 0)
(0.0574985 -5.8453e-12 0)
(0.0574985 -4.96794e-12 0)
(0.0574985 -4.22128e-12 0)
(0.0574985 -3.59055e-12 0)
(0.0574985 -3.05838e-12 0)
(0.0574985 -2.61241e-12 0)
(0.0574985 -2.24135e-12 0)
(0.0574985 -1.93424e-12 0)
(0.0574985 -1.68198e-12 0)
(0.0574985 -1.47016e-12 0)
(0.0574985 -1.28668e-12 0)
(0.0574985 -1.12196e-12 0)
(0.0574985 -9.69647e-13 0)
(0.0574985 -8.29373e-13 0)
(0.0574985 -6.97657e-13 0)
(0.0574985 -5.76855e-13 0)
(0.0574985 -4.65162e-13 0)
(0.0574985 -3.60938e-13 0)
(0.0574985 -2.63809e-13 0)
(0.0574985 -1.70037e-13 0)
(0.0574985 -8.54049e-14 0)
(0.0574985 -1.43836e-14 0)
(0.0574985 3.52007e-14 0)
(0.0574985 5.55336e-14 0)
(0.0574985 4.75641e-14 0)
(0.0574985 1.34007e-14 0)
(0.0574985 -3.46931e-14 0)
(0.0574985 -8.68351e-14 0)
(0.0574985 -1.35737e-13 0)
(0.0574985 -1.75914e-13 0)
(0.0574985 -2.08726e-13 0)
(0.0574985 -2.37413e-13 0)
(0.0574985 -2.6786e-13 0)
(0.0574985 -3.00025e-13 0)
(0.0574985 -3.28505e-13 0)
(0.0574985 -3.46382e-13 0)
(0.0574985 -3.45796e-13 0)
(0.0574985 -3.23864e-13 0)
(0.0574985 -2.8173e-13 0)
(0.0574985 -2.24672e-13 0)
(0.0574985 -1.60516e-13 0)
(0.0574985 -9.84668e-14 0)
(0.0574985 -4.47624e-14 0)
(0.0574985 -2.10506e-15 0)
(0.0574985 2.9854e-14 0)
(0.0574985 5.37562e-14 0)
(0.0574985 7.28719e-14 0)
(0.0574985 8.81671e-14 0)
(0.0574985 9.81039e-14 0)
(0.0574985 1.01613e-13 0)
(0.0574985 9.88936e-14 0)
(0.0574985 9.21203e-14 0)
(0.0574985 8.63779e-14 0)
(0.0574985 8.59813e-14 0)
(0.0574985 9.87839e-14 0)
(0.0574985 1.30951e-13 0)
(0.0574985 1.86895e-13 0)
(0.0574985 2.64581e-13 0)
(0.0574985 3.62279e-13 0)
(0.0574985 4.74051e-13 0)
(0.0574985 5.92721e-13 0)
(0.0574985 7.13041e-13 0)
(0.0574985 8.30399e-13 0)
(0.0574985 9.47144e-13 0)
(0.0574985 1.07128e-12 0)
(0.0574985 1.21467e-12 0)
(0.0574985 1.39267e-12 0)
(0.0574985 1.62134e-12 0)
(0.0574985 1.91396e-12 0)
(0.0574985 2.28421e-12 0)
(0.0574985 2.74429e-12 0)
(0.0574985 3.30856e-12 0)
(0.0574985 3.99833e-12 0)
(0.0574985 4.8421e-12 0)
(0.0574985 5.88648e-12 0)
(0.0574985 7.20395e-12 0)
(0.0574985 8.85973e-12 0)
(0.0574985 1.10028e-11 0)
(0.0574985 1.35059e-11 0)
(0.0574985 1.67144e-11 0)
(0.0574985 1.98501e-11 0)
(0.0344442 -2.19462e-05 0)
(0.0347028 -0.000224038 0)
(0.0351879 -0.000385051 0)
(0.0358464 -0.000483437 0)
(0.0366251 -0.00054581 0)
(0.0376047 -0.000660999 0)
(0.0387459 -0.000594519 0)
(0.0397995 -0.000876144 0)
(0.090855 -2.47221e-05 0)
(0.0906548 -0.000226539 0)
(0.0906519 -0.00047834 0)
(0.0907951 -0.000740698 0)
(0.0911036 -0.00102569 0)
(0.0915809 -0.00133861 0)
(0.0922245 -0.00164903 0)
(0.0936136 -0.0025602 0)
(0.128431 -2.4255e-05 0)
(0.12826 -0.000182404 0)
(0.128195 -0.000400046 0)
(0.128197 -0.000670464 0)
(0.128253 -0.000992004 0)
(0.128367 -0.00136556 0)
(0.128608 -0.00190836 0)
(0.12879 -0.0025748 0)
(0.14721 -2.66338e-05 0)
(0.147032 -0.000190332 0)
(0.146939 -0.000399676 0)
(0.146887 -0.000660023 0)
(0.146854 -0.000977824 0)
(0.146845 -0.00138206 0)
(0.14683 -0.00187255 0)
(0.146829 -0.00250854 0)
(0.147219 -3.19877e-05 0)
(0.147041 -0.000198611 0)
(0.146928 -0.000394042 0)
(0.146834 -0.000633177 0)
(0.146734 -0.000932657 0)
(0.146604 -0.00130353 0)
(0.146434 -0.00177168 0)
(0.14619 -0.00234837 0)
(0.128456 -4.14416e-05 0)
(0.128254 -0.000218475 0)
(0.128091 -0.000401745 0)
(0.127916 -0.000615378 0)
(0.127695 -0.000878325 0)
(0.127406 -0.00120759 0)
(0.127022 -0.00161364 0)
(0.126514 -0.00210745 0)
(0.0908958 -5.99696e-05 0)
(0.0905949 -0.000206804 0)
(0.0903138 -0.000332706 0)
(0.0899853 -0.0004827 0)
(0.0895723 -0.000680384 0)
(0.0890383 -0.000934631 0)
(0.0883408 -0.00124757 0)
(0.0874266 -0.0016173 0)
(0.0344596 -6.75124e-05 0)
(0.0342673 -0.000107823 0)
(0.0340359 -0.000123725 0)
(0.0337343 -0.000169597 0)
(0.0332884 -0.000251179 0)
(0.0326536 -0.000354357 0)
(0.0318027 -0.000459627 0)
(0.0307195 -0.00055443 0)
(0.0431842 -0.0040498 0)
(0.0472814 -0.00347367 0)
(0.0525008 -0.00335747 0)
(0.0579055 -0.00409675 0)
(0.0630615 -0.00565982 0)
(0.0678771 -0.00776455 0)
(0.072315 -0.0101895 0)
(0.0763731 -0.0127805 0)
(0.0800621 -0.0154304 0)
(0.0833953 -0.0180601 0)
(0.08638 -0.020604 0)
(0.0890126 -0.0230015 0)
(0.0912742 -0.0251902 0)
(0.0931269 -0.0270987 0)
(0.0945085 -0.0286372 0)
(0.0953241 -0.0296832 0)
(0.0954356 -0.030067 0)
(0.0946635 -0.0295737 0)
(0.0928219 -0.0279895 0)
(0.0897961 -0.0252079 0)
(0.0856475 -0.0213667 0)
(0.0806915 -0.0169125 0)
(0.0754803 -0.0124836 0)
(0.0706411 -0.00864972 0)
(0.0666366 -0.00570097 0)
(0.0636246 -0.00363128 0)
(0.0615099 -0.00226743 0)
(0.0600887 -0.00140216 0)
(0.0591573 -0.000862762 0)
(0.0585552 -0.000526999 0)
(0.058169 -0.000315896 0)
(0.0579222 -0.000181093 0)
(0.0577649 -9.37843e-05 0)
(0.057665 -3.68767e-05 0)
(0.0576015 -4.2047e-08 0)
(0.0575615 2.31888e-05 0)
(0.0575362 3.70513e-05 0)
(0.0575204 4.44376e-05 0)
(0.0575106 4.73852e-05 0)
(0.0575046 4.73563e-05 0)
(0.0575009 4.54062e-05 0)
(0.0574988 4.22933e-05 0)
(0.0574976 3.85557e-05 0)
(0.057497 3.45676e-05 0)
(0.0574968 3.05817e-05 0)
(0.0574967 2.6761e-05 0)
(0.0574968 2.32043e-05 0)
(0.0574969 1.9964e-05 0)
(0.0574971 1.7061e-05 0)
(0.0574972 1.44946e-05 0)
(0.0574974 1.22504e-05 0)
(0.0574975 1.03058e-05 0)
(0.0574977 8.63367e-06 0)
(0.0574978 7.20546e-06 0)
(0.0574979 5.99267e-06 0)
(0.057498 4.96809e-06 0)
(0.0574981 4.10646e-06 0)
(0.0574981 3.38486e-06 0)
(0.0574982 2.7828e-06 0)
(0.0574982 2.28218e-06 0)
(0.0574983 1.86723e-06 0)
(0.0574983 1.5243e-06 0)
(0.0574983 1.24166e-06 0)
(0.0574984 1.00931e-06 0)
(0.0574984 8.18774e-07 0)
(0.0574984 6.62881e-07 0)
(0.0574984 5.35619e-07 0)
(0.0574984 4.3195e-07 0)
(0.0574984 3.47675e-07 0)
(0.0574984 2.79304e-07 0)
(0.0574985 2.23944e-07 0)
(0.0574985 1.79206e-07 0)
(0.0574985 1.43122e-07 0)
(0.0574985 1.14073e-07 0)
(0.0574985 9.07308e-08 0)
(0.0574985 7.2011e-08 0)
(0.0574985 5.70268e-08 0)
(0.0574985 4.50562e-08 0)
(0.0574985 3.55122e-08 0)
(0.0574985 2.79184e-08 0)
(0.0574985 2.18889e-08 0)
(0.0574985 1.7112e-08 0)
(0.0574985 1.3336e-08 0)
(0.0574985 1.03582e-08 0)
(0.0574985 8.01587e-09 0)
(0.0574985 6.17817e-09 0)
(0.0574985 4.7405e-09 0)
(0.0574985 3.61918e-09 0)
(0.0574985 2.74747e-09 0)
(0.0574985 2.0722e-09 0)
(0.0574985 1.55115e-09 0)
(0.0574985 1.15082e-09 0)
(0.0574985 8.44722e-10 0)
(0.0574985 6.11947e-10 0)
(0.0574985 4.36034e-10 0)
(0.0574985 3.04051e-10 0)
(0.0574985 2.05866e-10 0)
(0.0574985 1.33561e-10 0)
(0.0574985 8.09659e-11 0)
(0.0574985 4.32934e-11 0)
(0.0574985 1.68377e-11 0)
(0.0574985 -1.25225e-12 0)
(0.0574985 -1.31653e-11 0)
(0.0574985 -2.05671e-11 0)
(0.0574985 -2.4719e-11 0)
(0.0574985 -2.65714e-11 0)
(0.0574985 -2.68366e-11 0)
(0.0574985 -2.60451e-11 0)
(0.0574985 -2.45835e-11 0)
(0.0574985 -2.27298e-11 0)
(0.0574985 -2.0679e-11 0)
(0.0574985 -1.85659e-11 0)
(0.0574985 -1.64831e-11 0)
(0.0574985 -1.44924e-11 0)
(0.0574985 -1.26338e-11 0)
(0.0574985 -1.09335e-11 0)
(0.0574985 -9.40408e-12 0)
(0.0574985 -8.04948e-12 0)
(0.0574985 -6.8647e-12 0)
(0.0574985 -5.8376e-12 0)
(0.0574985 -4.95274e-12 0)
(0.0574985 -4.19558e-12 0)
(0.0574985 -3.55369e-12 0)
(0.0574985 -3.01512e-12 0)
(0.0574985 -2.5698e-12 0)
(0.0574985 -2.20555e-12 0)
(0.0574985 -1.90851e-12 0)
(0.0574985 -1.66465e-12 0)
(0.0574985 -1.46199e-12 0)
(0.0574985 -1.28756e-12 0)
(0.0574985 -1.13216e-12 0)
(0.0574985 -9.90477e-13 0)
(0.0574985 -8.59849e-13 0)
(0.0574985 -7.40767e-13 0)
(0.0574985 -6.29221e-13 0)
(0.0574985 -5.21818e-13 0)
(0.0574985 -4.14795e-13 0)
(0.0574985 -3.07913e-13 0)
(0.0574985 -2.04321e-13 0)
(0.0574985 -1.08556e-13 0)
(0.0574985 -2.66534e-14 0)
(0.0574985 3.23432e-14 0)
(0.0574985 6.55661e-14 0)
(0.0574985 7.06076e-14 0)
(0.0574985 5.47658e-14 0)
(0.0574985 2.56643e-14 0)
(0.0574985 -9.62777e-15 0)
(0.0574985 -4.91151e-14 0)
(0.0574985 -9.50864e-14 0)
(0.0574985 -1.48142e-13 0)
(0.0574985 -2.09654e-13 0)
(0.0574985 -2.77641e-13 0)
(0.0574985 -3.44645e-13 0)
(0.0574985 -4.00447e-13 0)
(0.0574985 -4.3144e-13 0)
(0.0574985 -4.29421e-13 0)
(0.0574985 -3.91064e-13 0)
(0.0574985 -3.21558e-13 0)
(0.0574985 -2.34344e-13 0)
(0.0574985 -1.42962e-13 0)
(0.0574985 -6.14072e-14 0)
(0.0574985 4.40621e-15 0)
(0.0574985 5.17247e-14 0)
(0.0574985 8.01008e-14 0)
(0.0574985 9.5128e-14 0)
(0.0574985 9.93472e-14 0)
(0.0574985 9.85018e-14 0)
(0.0574985 9.45579e-14 0)
(0.0574985 8.56039e-14 0)
(0.0574985 7.51787e-14 0)
(0.0574985 6.3389e-14 0)
(0.0574985 5.79196e-14 0)
(0.0574985 6.37922e-14 0)
(0.0574985 8.45437e-14 0)
(0.0574985 1.25798e-13 0)
(0.0574985 1.87453e-13 0)
(0.0574985 2.70482e-13 0)
(0.0574985 3.70069e-13 0)
(0.0574985 4.79889e-13 0)
(0.0574985 5.92503e-13 0)
(0.0574985 7.01384e-13 0)
(0.0574985 8.07089e-13 0)
(0.0574985 9.11981e-13 0)
(0.0574985 1.02276e-12 0)
(0.0574985 1.14965e-12 0)
(0.0574985 1.30274e-12 0)
(0.0574985 1.49602e-12 0)
(0.0574985 1.73728e-12 0)
(0.0574985 2.03164e-12 0)
(0.0574985 2.38287e-12 0)
(0.0574985 2.7912e-12 0)
(0.0574985 3.26314e-12 0)
(0.0574985 3.80835e-12 0)
(0.0574985 4.4457e-12 0)
(0.0574985 5.20552e-12 0)
(0.0574985 6.12687e-12 0)
(0.0574985 7.27204e-12 0)
(0.0574985 8.64798e-12 0)
(0.0574985 1.03397e-11 0)
(0.0574985 1.23908e-11 0)
(0.0949501 -0.00324919 0)
(0.0958004 -0.00384652 0)
(0.0971495 -0.00456959 0)
(0.0989343 -0.00569722 0)
(0.100985 -0.00727176 0)
(0.103118 -0.00923646 0)
(0.105219 -0.0114891 0)
(0.107217 -0.01392 0)
(0.109065 -0.016428 0)
(0.110725 -0.018924 0)
(0.112154 -0.0213283 0)
(0.113303 -0.0235646 0)
(0.114105 -0.0255535 0)
(0.114474 -0.0272035 0)
(0.114293 -0.0283986 0)
(0.113401 -0.028982 0)
(0.111589 -0.0287481 0)
(0.108632 -0.0274673 0)
(0.104375 -0.0249667 0)
(0.0988454 -0.0212589 0)
(0.0923309 -0.0166637 0)
(0.0853623 -0.0118198 0)
(0.0785896 -0.00748875 0)
(0.0726133 -0.00421679 0)
(0.0678214 -0.00211779 0)
(0.0642978 -0.000955641 0)
(0.0618763 -0.000387257 0)
(0.0602853 -0.000135707 0)
(0.0592658 -3.21828e-05 0)
(0.0586195 9.61227e-06 0)
(0.0582104 2.83465e-05 0)
(0.0579504 3.9228e-05 0)
(0.0577842 4.72288e-05 0)
(0.0576774 5.344e-05 0)
(0.0576083 5.78168e-05 0)
(0.0575637 6.02118e-05 0)
(0.0575348 6.0663e-05 0)
(0.0575162 5.93984e-05 0)
(0.0575044 5.67597e-05 0)
(0.0574971 5.31247e-05 0)
(0.0574926 4.88522e-05 0)
(0.0574901 4.42512e-05 0)
(0.0574888 3.95686e-05 0)
(0.0574883 3.49894e-05 0)
(0.0574883 3.06423e-05 0)
(0.0574886 2.66097e-05 0)
(0.057489 2.29371e-05 0)
(0.0574895 1.96421e-05 0)
(0.05749 1.67226e-05 0)
(0.0574906 1.41628e-05 0)
(0.0574911 1.19384e-05 0)
(0.0574915 1.00206e-05 0)
(0.0574919 8.37814e-06 0)
(0.0574923 6.97991e-06 0)
(0.0574926 5.79588e-06 0)
(0.0574929 4.79799e-06 0)
(0.0574931 3.96057e-06 0)
(0.0574933 3.26054e-06 0)
(0.0574935 2.67745e-06 0)
(0.0574936 2.19334e-06 0)
(0.0574937 1.79264e-06 0)
(0.0574938 1.46192e-06 0)
(0.0574939 1.18967e-06 0)
(0.057494 9.66123e-07 0)
(0.057494 7.83001e-07 0)
(0.0574941 6.33334e-07 0)
(0.0574941 5.11278e-07 0)
(0.0574942 4.11947e-07 0)
(0.0574942 3.31275e-07 0)
(0.0574942 2.65888e-07 0)
(0.0574942 2.12993e-07 0)
(0.0574942 1.70285e-07 0)
(0.0574943 1.35869e-07 0)
(0.0574943 1.08188e-07 0)
(0.0574943 8.59648e-08 0)
(0.0574943 6.81585e-08 0)
(0.0574943 5.39185e-08 0)
(0.0574943 4.2553e-08 0)
(0.0574943 3.35001e-08 0)
(0.0574943 2.63039e-08 0)
(0.0574943 2.0596e-08 0)
(0.0574943 1.60785e-08 0)
(0.0574943 1.25115e-08 0)
(0.0574943 9.70179e-09 0)
(0.0574943 7.49425e-09 0)
(0.0574943 5.76457e-09 0)
(0.0574943 4.41326e-09 0)
(0.0574943 3.36086e-09 0)
(0.0574943 2.54403e-09 0)
(0.0574943 1.9124e-09 0)
(0.0574943 1.42596e-09 0)
(0.0574943 1.05304e-09 0)
(0.0574943 7.68601e-10 0)
(0.0574943 5.52897e-10 0)
(0.0574943 3.90403e-10 0)
(0.0574943 2.68934e-10 0)
(0.0574943 1.7896e-10 0)
(0.0574943 1.1305e-10 0)
(0.0574943 6.5418e-11 0)
(0.0574943 3.15838e-11 0)
(0.0574943 8.08458e-12 0)
(0.0574943 -7.73907e-12 0)
(0.0574943 -1.79202e-11 0)
(0.0574943 -2.40065e-11 0)
(0.0574943 -2.71653e-11 0)
(0.0574943 -2.82741e-11 0)
(0.0574943 -2.79891e-11 0)
(0.0574943 -2.67928e-11 0)
(0.0574943 -2.50394e-11 0)
(0.0574943 -2.29768e-11 0)
(0.0574943 -2.07782e-11 0)
(0.0574943 -1.8562e-11 0)
(0.0574943 -1.64078e-11 0)
(0.0574943 -1.43729e-11 0)
(0.0574943 -1.2491e-11 0)
(0.0574943 -1.07828e-11 0)
(0.0574943 -9.25858e-12 0)
(0.0574943 -7.9118e-12 0)
(0.0574943 -6.73384e-12 0)
(0.0574943 -5.70993e-12 0)
(0.0574943 -4.82631e-12 0)
(0.0574943 -4.06999e-12 0)
(0.0574943 -3.43027e-12 0)
(0.0574943 -2.89881e-12 0)
(0.0574943 -2.46414e-12 0)
(0.0574943 -2.11433e-12 0)
(0.0574943 -1.83259e-12 0)
(0.0574943 -1.60203e-12 0)
(0.0574943 -1.41013e-12 0)
(0.0574943 -1.24574e-12 0)
(0.0574943 -1.103e-12 0)
(0.0574943 -9.76489e-13 0)
(0.0574943 -8.61274e-13 0)
(0.0574943 -7.54674e-13 0)
(0.0574943 -6.52243e-13 0)
(0.0574943 -5.49609e-13 0)
(0.0574943 -4.42838e-13 0)
(0.0574943 -3.31721e-13 0)
(0.0574943 -2.22362e-13 0)
(0.0574943 -1.20685e-13 0)
(0.0574943 -3.51054e-14 0)
(0.0574943 2.95016e-14 0)
(0.0574943 7.19597e-14 0)
(0.0574943 9.24569e-14 0)
(0.0574943 9.6498e-14 0)
(0.0574943 8.6299e-14 0)
(0.0574943 6.36901e-14 0)
(0.0574943 2.76647e-14 0)
(0.0574943 -2.66737e-14 0)
(0.0574943 -9.95307e-14 0)
(0.0574943 -1.91191e-13 0)
(0.0574943 -2.91785e-13 0)
(0.0574943 -3.85572e-13 0)
(0.0574943 -4.56801e-13 0)
(0.0574943 -4.90045e-13 0)
(0.0574943 -4.78278e-13 0)
(0.0574943 -4.21278e-13 0)
(0.0574943 -3.29052e-13 0)
(0.0574943 -2.19722e-13 0)
(0.0574943 -1.11952e-13 0)
(0.0574943 -1.86279e-14 0)
(0.0574943 5.08169e-14 0)
(0.0574943 9.5483e-14 0)
(0.0574943 1.17035e-13 0)
(0.0574943 1.20651e-13 0)
(0.0574943 1.13128e-13 0)
(0.0574943 9.88513e-14 0)
(0.0574943 8.23324e-14 0)
(0.0574943 6.48541e-14 0)
(0.0574943 4.781e-14 0)
(0.0574943 3.53916e-14 0)
(0.0574943 3.19118e-14 0)
(0.0574943 4.32357e-14 0)
(0.0574943 7.16096e-14 0)
(0.0574943 1.19139e-13 0)
(0.0574943 1.85662e-13 0)
(0.0574943 2.68932e-13 0)
(0.0574943 3.64919e-13 0)
(0.0574943 4.6633e-13 0)
(0.0574943 5.67332e-13 0)
(0.0574943 6.6368e-13 0)
(0.0574943 7.5521e-13 0)
(0.0574943 8.45672e-13 0)
(0.0574943 9.3988e-13 0)
(0.0574943 1.04513e-12 0)
(0.0574943 1.16981e-12 0)
(0.0574943 1.32182e-12 0)
(0.0574943 1.50287e-12 0)
(0.0574943 1.7122e-12 0)
(0.0574943 1.94164e-12 0)
(0.0574943 2.18186e-12 0)
(0.0574943 2.42024e-12 0)
(0.0574943 2.64748e-12 0)
(0.0574943 2.85118e-12 0)
(0.0574943 3.02816e-12 0)
(0.0574943 3.18461e-12 0)
(0.0574943 3.3117e-12 0)
(0.0574943 3.5501e-12 0)
(0.0574943 3.83709e-12 0)
(0.0574943 4.70549e-12 0)
(0.12893 -0.00352376 0)
(0.129201 -0.00443754 0)
(0.129624 -0.0053942 0)
(0.13019 -0.00655826 0)
(0.130819 -0.0080236 0)
(0.131432 -0.00979723 0)
(0.131965 -0.0118307 0)
(0.13237 -0.0140474 0)
(0.132603 -0.016358 0)
(0.13262 -0.0186679 0)
(0.132359 -0.0208798 0)
(0.131747 -0.0228935 0)
(0.130688 -0.0246018 0)
(0.129048 -0.0258781 0)
(0.126642 -0.0265597 0)
(0.123235 -0.0264375 0)
(0.11859 -0.0252777 0)
(0.112573 -0.0228963 0)
(0.105288 -0.0192752 0)
(0.0971548 -0.0146716 0)
(0.0888588 -0.00965369 0)
(0.0811454 -0.00499705 0)
(0.0745671 -0.00141389 0)
(0.0693572 0.000760733 0)
(0.0654798 0.0016738 0)
(0.0627425 0.00176292 0)
(0.0608905 0.00147179 0)
(0.0596743 0.001093 0)
(0.058889 0.000762767 0)
(0.058385 0.00051871 0)
(0.0580608 0.000353892 0)
(0.0578507 0.000248281 0)
(0.0577133 0.000182409 0)
(0.0576226 0.000141466 0)
(0.0575625 0.000115429 0)
(0.0575226 9.79822e-05 0)
(0.0574962 8.53544e-05 0)
(0.0574789 7.53997e-05 0)
(0.0574679 6.69587e-05 0)
(0.057461 5.94443e-05 0)
(0.0574571 5.25846e-05 0)
(0.057455 4.62707e-05 0)
(0.0574542 4.04691e-05 0)
(0.0574543 3.51745e-05 0)
(0.0574548 3.03858e-05 0)
(0.0574556 2.60963e-05 0)
(0.0574565 2.22901e-05 0)
(0.0574575 1.89423e-05 0)
(0.0574585 1.60218e-05 0)
(0.0574594 1.34927e-05 0)
(0.0574603 1.13173e-05 0)
(0.057461 9.45746e-06 0)
(0.0574617 7.87601e-06 0)
(0.0574623 6.53798e-06 0)
(0.0574629 5.411e-06 0)
(0.0574633 4.4657e-06 0)
(0.0574637 3.67577e-06 0)
(0.057464 3.01798e-06 0)
(0.0574643 2.47199e-06 0)
(0.0574645 2.02015e-06 0)
(0.0574647 1.64728e-06 0)
(0.0574649 1.34038e-06 0)
(0.057465 1.08842e-06 0)
(0.0574652 8.82041e-07 0)
(0.0574652 7.13388e-07 0)
(0.0574653 5.75861e-07 0)
(0.0574654 4.63952e-07 0)
(0.0574654 3.73073e-07 0)
(0.0574655 2.99418e-07 0)
(0.0574655 2.3984e-07 0)
(0.0574655 1.91741e-07 0)
(0.0574656 1.52982e-07 0)
(0.0574656 1.2181e-07 0)
(0.0574656 9.67859e-08 0)
(0.0574656 7.67363e-08 0)
(0.0574656 6.07031e-08 0)
(0.0574656 4.7907e-08 0)
(0.0574656 3.77148e-08 0)
(0.0574656 2.96133e-08 0)
(0.0574656 2.31875e-08 0)
(0.0574657 1.81019e-08 0)
(0.0574657 1.40864e-08 0)
(0.0574657 1.09234e-08 0)
(0.0574657 8.4383e-09 0)
(0.0574657 6.49114e-09 0)
(0.0574657 4.96989e-09 0)
(0.0574657 3.78511e-09 0)
(0.0574657 2.8655e-09 0)
(0.0574657 2.15436e-09 0)
(0.0574657 1.60667e-09 0)
(0.0574657 1.18677e-09 0)
(0.0574657 8.6649e-10 0)
(0.0574657 6.23588e-10 0)
(0.0574657 4.40581e-10 0)
(0.0574657 3.0375e-10 0)
(0.0574657 2.02367e-10 0)
(0.0574657 1.28066e-10 0)
(0.0574657 7.43444e-11 0)
(0.0574657 3.61612e-11 0)
(0.0574657 9.62203e-12 0)
(0.0574657 -8.26702e-12 0)
(0.0574657 -1.97958e-11 0)
(0.0574657 -2.67043e-11 0)
(0.0574657 -3.03089e-11 0)
(0.0574657 -3.15988e-11 0)
(0.0574657 -3.13128e-11 0)
(0.0574657 -2.9998e-11 0)
(0.0574657 -2.80511e-11 0)
(0.0574657 -2.57553e-11 0)
(0.0574657 -2.33074e-11 0)
(0.0574657 -2.08408e-11 0)
(0.0574657 -1.84454e-11 0)
(0.0574657 -1.61799e-11 0)
(0.0574657 -1.40812e-11 0)
(0.0574657 -1.21728e-11 0)
(0.0574657 -1.0464e-11 0)
(0.0574657 -8.95113e-12 0)
(0.0574657 -7.62233e-12 0)
(0.0574657 -6.46136e-12 0)
(0.0574657 -5.45253e-12 0)
(0.0574657 -4.5829e-12 0)
(0.0574657 -3.84223e-12 0)
(0.0574657 -3.22259e-12 0)
(0.0574657 -2.71233e-12 0)
(0.0574657 -2.30084e-12 0)
(0.0574657 -1.97069e-12 0)
(0.0574657 -1.70646e-12 0)
(0.0574657 -1.49182e-12 0)
(0.0574657 -1.31275e-12 0)
(0.0574657 -1.16301e-12 0)
(0.0574657 -1.0348e-12 0)
(0.0574657 -9.24136e-13 0)
(0.0574657 -8.24767e-13 0)
(0.0574657 -7.30542e-13 0)
(0.0574657 -6.37747e-13 0)
(0.0574657 -5.39589e-13 0)
(0.0574657 -4.35666e-13 0)
(0.0574657 -3.27617e-13 0)
(0.0574657 -2.20689e-13 0)
(0.0574657 -1.21686e-13 0)
(0.0574657 -3.76409e-14 0)
(0.0574657 2.87909e-14 0)
(0.0574657 7.76948e-14 0)
(0.0574657 1.1152e-13 0)
(0.0574657 1.30059e-13 0)
(0.0574657 1.34174e-13 0)
(0.0574657 1.20161e-13 0)
(0.0574657 8.34698e-14 0)
(0.0574657 1.97133e-14 0)
(0.0574657 -7.19147e-14 0)
(0.0574657 -1.8436e-13 0)
(0.0574657 -3.02346e-13 0)
(0.0574657 -4.07217e-13 0)
(0.0574657 -4.78556e-13 0)
(0.0574657 -5.04517e-13 0)
(0.0574657 -4.77731e-13 0)
(0.0574657 -4.04748e-13 0)
(0.0574657 -3.0015e-13 0)
(0.0574657 -1.8302e-13 0)
(0.0574657 -7.087e-14 0)
(0.0574657 2.04576e-14 0)
(0.0574657 8.57464e-14 0)
(0.0574657 1.22382e-13 0)
(0.0574657 1.35046e-13 0)
(0.0574657 1.30448e-13 0)
(0.0574657 1.13738e-13 0)
(0.0574657 9.21193e-14 0)
(0.0574657 6.71321e-14 0)
(0.0574657 4.36399e-14 0)
(0.0574657 2.52502e-14 0)
(0.0574657 1.41162e-14 0)
(0.0574657 1.5053e-14 0)
(0.0574657 3.01665e-14 0)
(0.0574657 6.22931e-14 0)
(0.0574657 1.12539e-13 0)
(0.0574657 1.77824e-13 0)
(0.0574657 2.56653e-13 0)
(0.0574657 3.42891e-13 0)
(0.0574657 4.31313e-13 0)
(0.0574657 5.19098e-13 0)
(0.0574657 6.01109e-13 0)
(0.0574657 6.79159e-13 0)
(0.0574657 7.53193e-13 0)
(0.0574657 8.29913e-13 0)
(0.0574657 9.12787e-13 0)
(0.0574657 1.00901e-12 0)
(0.0574657 1.11687e-12 0)
(0.0574657 1.23625e-12 0)
(0.0574657 1.35825e-12 0)
(0.0574657 1.46643e-12 0)
(0.0574657 1.54184e-12 0)
(0.0574657 1.55611e-12 0)
(0.0574657 1.46979e-12 0)
(0.0574657 1.25692e-12 0)
(0.0574657 8.46426e-13 0)
(0.0574657 2.23763e-13 0)
(0.0574657 -7.34556e-13 0)
(0.0574657 -1.76375e-12 0)
(0.0574657 -3.19921e-12 0)
(0.0574657 -3.67755e-12 0)
(0.146799 -0.00325148 0)
(0.14668 -0.00409564 0)
(0.146536 -0.00506599 0)
(0.146378 -0.00622536 0)
(0.146167 -0.00762336 0)
(0.145835 -0.00927191 0)
(0.145312 -0.0111424 0)
(0.14453 -0.0131716 0)
(0.143427 -0.0152708 0)
(0.141937 -0.0173352 0)
(0.139982 -0.0192524 0)
(0.13745 -0.0209001 0)
(0.13417 -0.0221313 0)
(0.129912 -0.0227565 0)
(0.124422 -0.0225444 0)
(0.117527 -0.0212595 0)
(0.109276 -0.0187457 0)
(0.100059 -0.015044 0)
(0.090606 -0.0104901 0)
(0.0818058 -0.00570734 0)
(0.0744057 -0.00142864 0)
(0.0687653 0.00177153 0)
(0.0648146 0.00364616 0)
(0.0622091 0.00428942 0)
(0.0605401 0.00404415 0)
(0.0594709 0.00333655 0)
(0.0587732 0.00251667 0)
(0.0583069 0.00178803 0)
(0.0579889 0.00122538 0)
(0.0577689 0.000826988 0)
(0.0576154 0.000559976 0)
(0.0575077 0.000386739 0)
(0.0574321 0.000275922 0)
(0.0573791 0.00020484 0)
(0.0573422 0.000158359 0)
(0.0573169 0.000126889 0)
(0.0573 0.000104561 0)
(0.0572891 8.78653e-05 0)
(0.0572825 7.47421e-05 0)
(0.0572789 6.39933e-05 0)
(0.0572774 5.49246e-05 0)
(0.0572773 4.71297e-05 0)
(0.0572781 4.03628e-05 0)
(0.0572795 3.44662e-05 0)
(0.0572811 2.93289e-05 0)
(0.0572829 2.48648e-05 0)
(0.0572846 2.10009e-05 0)
(0.0572863 1.76718e-05 0)
(0.0572879 1.48172e-05 0)
(0.0572893 1.23812e-05 0)
(0.0572906 1.0312e-05 0)
(0.0572918 8.56208e-06 0)
(0.0572928 7.0884e-06 0)
(0.0572936 5.85214e-06 0)
(0.0572944 4.81881e-06 0)
(0.057295 3.95803e-06 0)
(0.0572956 3.24327e-06 0)
(0.057296 2.65152e-06 0)
(0.0572964 2.16298e-06 0)
(0.0572967 1.76071e-06 0)
(0.057297 1.4303e-06 0)
(0.0572972 1.15956e-06 0)
(0.0572974 9.38217e-07 0)
(0.0572976 7.57654e-07 0)
(0.0572977 6.10666e-07 0)
(0.0572978 4.91254e-07 0)
(0.0572979 3.94438e-07 0)
(0.057298 3.16093e-07 0)
(0.057298 2.52818e-07 0)
(0.0572981 2.01811e-07 0)
(0.0572981 1.6077e-07 0)
(0.0572981 1.2781e-07 0)
(0.0572982 1.01391e-07 0)
(0.0572982 8.02546e-08 0)
(0.0572982 6.33776e-08 0)
(0.0572982 4.99283e-08 0)
(0.0572982 3.92324e-08 0)
(0.0572982 3.0744e-08 0)
(0.0572982 2.40222e-08 0)
(0.0572982 1.87113e-08 0)
(0.0572982 1.45252e-08 0)
(0.0572982 1.12339e-08 0)
(0.0572982 8.65303e-09 0)
(0.0572982 6.63498e-09 0)
(0.0572983 5.06182e-09 0)
(0.0572983 3.8395e-09 0)
(0.0572983 2.89319e-09 0)
(0.0572983 2.16345e-09 0)
(0.0572983 1.60318e-09 0)
(0.0572983 1.17513e-09 0)
(0.0572983 8.49914e-10 0)
(0.0572983 6.04377e-10 0)
(0.0572983 4.20344e-10 0)
(0.0572983 2.83579e-10 0)
(0.0572983 1.82972e-10 0)
(0.0572983 1.09882e-10 0)
(0.0572983 5.76114e-11 0)
(0.0572983 2.0985e-11 0)
(0.0572983 -3.98101e-12 0)
(0.0572983 -2.03414e-11 0)
(0.0572983 -3.04251e-11 0)
(0.0572983 -3.59966e-11 0)
(0.0572983 -3.83831e-11 0)
(0.0572983 -3.85767e-11 0)
(0.0572983 -3.73134e-11 0)
(0.0572983 -3.51345e-11 0)
(0.0572983 -3.24318e-11 0)
(0.0572983 -2.94815e-11 0)
(0.0572983 -2.64708e-11 0)
(0.0572983 -2.35239e-11 0)
(0.0572983 -2.072e-11 0)
(0.0572983 -1.81077e-11 0)
(0.0572983 -1.57152e-11 0)
(0.0572983 -1.3556e-11 0)
(0.0572983 -1.16317e-11 0)
(0.0572983 -9.93418e-12 0)
(0.0572983 -8.44699e-12 0)
(0.0572983 -7.1506e-12 0)
(0.0572983 -6.02406e-12 0)
(0.0572983 -5.05092e-12 0)
(0.0572983 -4.21773e-12 0)
(0.0572983 -3.5152e-12 0)
(0.0572983 -2.93285e-12 0)
(0.0572983 -2.45886e-12 0)
(0.0572983 -2.07804e-12 0)
(0.0572983 -1.77406e-12 0)
(0.0572983 -1.53123e-12 0)
(0.0572983 -1.33436e-12 0)
(0.0572983 -1.17302e-12 0)
(0.0572983 -1.03837e-12 0)
(0.0572983 -9.25989e-13 0)
(0.0572983 -8.3015e-13 0)
(0.0572983 -7.44639e-13 0)
(0.0572983 -6.63184e-13 0)
(0.0572983 -5.77915e-13 0)
(0.0572983 -4.87979e-13 0)
(0.0572983 -3.92884e-13 0)
(0.0572983 -2.94363e-13 0)
(0.0572983 -1.98422e-13 0)
(0.0572983 -1.09252e-13 0)
(0.0572983 -3.11276e-14 0)
(0.0572983 3.34526e-14 0)
(0.0572983 8.51544e-14 0)
(0.0572983 1.24542e-13 0)
(0.0572983 1.51326e-13 0)
(0.0572983 1.61121e-13 0)
(0.0572983 1.47726e-13 0)
(0.0572983 1.05766e-13 0)
(0.0572983 3.27551e-14 0)
(0.0572983 -6.74555e-14 0)
(0.0572983 -1.8351e-13 0)
(0.0572983 -2.98951e-13 0)
(0.0572983 -3.93817e-13 0)
(0.0572983 -4.51548e-13 0)
(0.0572983 -4.60245e-13 0)
(0.0572983 -4.20772e-13 0)
(0.0572983 -3.41719e-13 0)
(0.0572983 -2.3892e-13 0)
(0.0572983 -1.30126e-13 0)
(0.0572983 -3.17128e-14 0)
(0.0572983 4.61422e-14 0)
(0.0572983 9.83137e-14 0)
(0.0572983 1.25799e-13 0)
(0.0572983 1.31585e-13 0)
(0.0572983 1.21286e-13 0)
(0.0572983 1.01776e-13 0)
(0.0572983 7.64093e-14 0)
(0.0572983 5.08847e-14 0)
(0.0572983 2.74545e-14 0)
(0.0572983 9.21776e-15 0)
(0.0572983 7.80782e-16 0)
(0.0572983 4.00466e-15 0)
(0.0572983 2.17029e-14 0)
(0.0572983 5.45367e-14 0)
(0.0572983 1.01035e-13 0)
(0.0572983 1.60607e-13 0)
(0.0572983 2.28318e-13 0)
(0.0572983 3.01585e-13 0)
(0.0572983 3.76765e-13 0)
(0.0572983 4.48394e-13 0)
(0.0572983 5.16978e-13 0)
(0.0572983 5.80711e-13 0)
(0.0572983 6.41205e-13 0)
(0.0572983 7.01882e-13 0)
(0.0572983 7.65469e-13 0)
(0.0572983 8.31748e-13 0)
(0.0572983 9.00358e-13 0)
(0.0572983 9.62771e-13 0)
(0.0572983 1.00624e-12 0)
(0.0572983 1.0104e-12 0)
(0.0572983 9.4486e-13 0)
(0.0572983 7.65937e-13 0)
(0.0572983 4.30787e-13 0)
(0.0572983 -1.67887e-13 0)
(0.0572983 -1.07098e-12 0)
(0.0572983 -2.42758e-12 0)
(0.0572983 -4.52975e-12 0)
(0.0572983 -6.88764e-12 0)
(0.0572983 -1.1e-11 0)
(0.0572983 -1.26128e-11 0)
(0.145843 -0.00304697 0)
(0.145388 -0.0038553 0)
(0.144813 -0.0047848 0)
(0.144092 -0.00586822 0)
(0.143174 -0.00713386 0)
(0.141989 -0.00858607 0)
(0.140462 -0.0101984 0)
(0.138513 -0.0119137 0)
(0.136045 -0.0136465 0)
(0.132914 -0.0152801 0)
(0.128916 -0.0166591 0)
(0.123798 -0.0175797 0)
(0.117335 -0.0177945 0)
(0.10944 -0.0170536 0)
(0.100301 -0.0151941 0)
(0.0904664 -0.0122511 0)
(0.0807918 -0.00853698 0)
(0.0722004 -0.00460295 0)
(0.0653686 -0.00102188 0)
(0.0605373 0.00185152 0)
(0.0575399 0.00389112 0)
(0.0559779 0.00507102 0)
(0.055398 0.00542955 0)
(0.0553904 0.00511178 0)
(0.0556352 0.00436233 0)
(0.0559258 0.0034462 0)
(0.0561618 0.00256673 0)
(0.0563173 0.00183349 0)
(0.0564032 0.00127684 0)
(0.0564416 0.000880478 0)
(0.0564525 0.000609923 0)
(0.05645 0.000429674 0)
(0.0564425 0.000310604 0)
(0.0564347 0.000231475 0)
(0.0564285 0.000177885 0)
(0.0564246 0.000140505 0)
(0.056423 0.000113474 0)
(0.0564234 9.31674e-05 0)
(0.0564252 7.73624e-05 0)
(0.056428 6.4691e-05 0)
(0.0564315 5.43005e-05 0)
(0.0564353 4.5646e-05 0)
(0.0564392 3.83658e-05 0)
(0.056443 3.22083e-05 0)
(0.0564466 2.69885e-05 0)
(0.05645 2.25633e-05 0)
(0.0564531 1.88165e-05 0)
(0.0564558 1.5651e-05 0)
(0.0564582 1.2984e-05 0)
(0.0564604 1.07435e-05 0)
(0.0564622 8.86699e-06 0)
(0.0564638 7.30023e-06 0)
(0.0564651 5.99598e-06 0)
(0.0564663 4.9134e-06 0)
(0.0564673 4.01731e-06 0)
(0.0564681 3.27758e-06 0)
(0.0564688 2.66847e-06 0)
(0.0564694 2.16814e-06 0)
(0.0564699 1.75812e-06 0)
(0.0564703 1.42286e-06 0)
(0.0564706 1.14933e-06 0)
(0.0564709 9.2662e-07 0)
(0.0564711 7.45655e-07 0)
(0.0564713 5.989e-07 0)
(0.0564714 4.80119e-07 0)
(0.0564716 3.8416e-07 0)
(0.0564717 3.06785e-07 0)
(0.0564717 2.4451e-07 0)
(0.0564718 1.94481e-07 0)
(0.0564719 1.54366e-07 0)
(0.0564719 1.22261e-07 0)
(0.0564719 9.66146e-08 0)
(0.056472 7.61679e-08 0)
(0.056472 5.98991e-08 0)
(0.056472 4.69811e-08 0)
(0.056472 3.67455e-08 0)
(0.056472 2.86531e-08 0)
(0.056472 2.22701e-08 0)
(0.0564721 1.72476e-08 0)
(0.0564721 1.33058e-08 0)
(0.0564721 1.02207e-08 0)
(0.0564721 7.81313e-09 0)
(0.0564721 5.94032e-09 0)
(0.0564721 4.4885e-09 0)
(0.0564721 3.36727e-09 0)
(0.0564721 2.50495e-09 0)
(0.0564721 1.84483e-09 0)
(0.0564721 1.34215e-09 0)
(0.0564721 9.61634e-10 0)
(0.0564721 6.75575e-10 0)
(0.0564721 4.62243e-10 0)
(0.0564721 3.0465e-10 0)
(0.0564721 1.89554e-10 0)
(0.0564721 1.06673e-10 0)
(0.0564721 4.80574e-11 0)
(0.0564721 7.58367e-12 0)
(0.0564721 -1.94432e-11 0)
(0.0564721 -3.66112e-11 0)
(0.0564721 -4.66434e-11 0)
(0.0564721 -5.15984e-11 0)
(0.0564721 -5.30158e-11 0)
(0.0564721 -5.20435e-11 0)
(0.0564721 -4.95245e-11 0)
(0.0564721 -4.60742e-11 0)
(0.0564721 -4.21341e-11 0)
(0.0564721 -3.8015e-11 0)
(0.0564721 -3.39273e-11 0)
(0.0564721 -3.00072e-11 0)
(0.0564721 -2.6337e-11 0)
(0.0564721 -2.29597e-11 0)
(0.0564721 -1.98934e-11 0)
(0.0564721 -1.71416e-11 0)
(0.0564721 -1.46968e-11 0)
(0.0564721 -1.25466e-11 0)
(0.0564721 -1.06681e-11 0)
(0.0564721 -9.03528e-12 0)
(0.0564721 -7.62252e-12 0)
(0.0564721 -6.4033e-12 0)
(0.0564721 -5.35525e-12 0)
(0.0564721 -4.45867e-12 0)
(0.0564721 -3.6993e-12 0)
(0.0564721 -3.06574e-12 0)
(0.0564721 -2.54412e-12 0)
(0.0564721 -2.12357e-12 0)
(0.0564721 -1.78632e-12 0)
(0.0564721 -1.51777e-12 0)
(0.0564721 -1.30363e-12 0)
(0.0564721 -1.12996e-12 0)
(0.0564721 -9.89901e-13 0)
(0.0564721 -8.73894e-13 0)
(0.0564721 -7.77023e-13 0)
(0.0564721 -6.93182e-13 0)
(0.0564721 -6.17754e-13 0)
(0.0564721 -5.46739e-13 0)
(0.0564721 -4.74588e-13 0)
(0.0564721 -3.98707e-13 0)
(0.0564721 -3.19277e-13 0)
(0.0564721 -2.38454e-13 0)
(0.0564721 -1.59429e-13 0)
(0.0564721 -8.61566e-14 0)
(0.0564721 -1.99085e-14 0)
(0.0564721 3.74244e-14 0)
(0.0564721 8.54688e-14 0)
(0.0564721 1.21899e-13 0)
(0.0564721 1.44524e-13 0)
(0.0564721 1.48559e-13 0)
(0.0564721 1.29466e-13 0)
(0.0564721 8.32563e-14 0)
(0.0564721 1.10877e-14 0)
(0.0564721 -8.04453e-14 0)
(0.0564721 -1.79155e-13 0)
(0.0564721 -2.69446e-13 0)
(0.0564721 -3.34979e-13 0)
(0.0564721 -3.66019e-13 0)
(0.0564721 -3.5738e-13 0)
(0.0564721 -3.12776e-13 0)
(0.0564721 -2.4138e-13 0)
(0.0564721 -1.57126e-13 0)
(0.0564721 -7.27781e-14 0)
(0.0564721 -2.37701e-16 0)
(0.0564721 5.57009e-14 0)
(0.0564721 9.12631e-14 0)
(0.0564721 1.07867e-13 0)
(0.0564721 1.10022e-13 0)
(0.0564721 1.00062e-13 0)
(0.0564721 8.31949e-14 0)
(0.0564721 6.18961e-14 0)
(0.0564721 3.90934e-14 0)
(0.0564721 1.97265e-14 0)
(0.0564721 4.83831e-15 0)
(0.0564721 -1.33632e-15 0)
(0.0564721 2.97271e-15 0)
(0.0564721 1.82901e-14 0)
(0.0564721 4.57084e-14 0)
(0.0564721 8.3281e-14 0)
(0.0564721 1.31214e-13 0)
(0.0564721 1.85939e-13 0)
(0.0564721 2.43554e-13 0)
(0.0564721 3.03601e-13 0)
(0.0564721 3.62186e-13 0)
(0.0564721 4.17849e-13 0)
(0.0564721 4.69006e-13 0)
(0.0564721 5.16186e-13 0)
(0.0564721 5.60065e-13 0)
(0.0564721 6.01797e-13 0)
(0.0564721 6.40184e-13 0)
(0.0564721 6.70498e-13 0)
(0.0564721 6.84358e-13 0)
(0.0564721 6.64384e-13 0)
(0.0564721 5.87421e-13 0)
(0.0564721 4.17035e-13 0)
(0.0564721 1.06273e-13 0)
(0.0564721 -4.31316e-13 0)
(0.0564721 -1.25364e-12 0)
(0.0564721 -2.65031e-12 0)
(0.0564721 -4.53049e-12 0)
(0.0564721 -7.74534e-12 0)
(0.0564721 -1.16236e-11 0)
(0.0564721 -2.02835e-11 0)
(0.0564721 -2.33243e-11 0)
(0.125846 -0.00269246 0)
(0.124979 -0.00337277 0)
(0.123877 -0.00415997 0)
(0.122487 -0.00507342 0)
(0.120732 -0.00612817 0)
(0.118505 -0.00731933 0)
(0.115666 -0.00860461 0)
(0.11203 -0.00988328 0)
(0.107382 -0.0109799 0)
(0.10152 -0.0116574 0)
(0.0943643 -0.0116761 0)
(0.0860778 -0.0108782 0)
(0.077129 -0.0092577 0)
(0.0682467 -0.0070108 0)
(0.0602345 -0.00452812 0)
(0.0537214 -0.00222845 0)
(0.0490137 -0.00031732 0)
(0.0460829 0.00124789 0)
(0.0446534 0.00256593 0)
(0.044367 0.00363657 0)
(0.0449013 0.00437013 0)
(0.0459739 0.00467883 0)
(0.0473164 0.00455155 0)
(0.048687 0.00407377 0)
(0.049907 0.00339404 0)
(0.0508837 0.00266527 0)
(0.0516022 0.00199923 0)
(0.0520969 0.00145224 0)
(0.0524219 0.00103555 0)
(0.0526292 0.000734253 0)
(0.0527605 0.000523608 0)
(0.0528449 0.000378957 0)
(0.0529011 0.000280018 0)
(0.0529408 0.000211785 0)
(0.0529705 0.000163867 0)
(0.0529941 0.000129357 0)
(0.0530138 0.000103785 0)
(0.0530306 8.42908e-05 0)
(0.0530453 6.90477e-05 0)
(0.0530582 5.68775e-05 0)
(0.0530696 4.70049e-05 0)
(0.0530796 3.89054e-05 0)
(0.0530883 3.22109e-05 0)
(0.053096 2.66532e-05 0)
(0.0531025 2.2029e-05 0)
(0.0531082 1.81791e-05 0)
(0.0531131 1.49754e-05 0)
(0.0531172 1.23126e-05 0)
(0.0531207 1.0103e-05 0)
(0.0531237 8.27323e-06 0)
(0.0531262 6.7611e-06 0)
(0.0531283 5.51424e-06 0)
(0.05313 4.48839e-06 0)
(0.0531315 3.64624e-06 0)
(0.0531327 2.95639e-06 0)
(0.0531337 2.39251e-06 0)
(0.0531345 1.93255e-06 0)
(0.0531352 1.55811e-06 0)
(0.0531357 1.25389e-06 0)
(0.0531362 1.0072e-06 0)
(0.0531365 8.07548e-07 0)
(0.0531368 6.46258e-07 0)
(0.0531371 5.16201e-07 0)
(0.0531373 4.11521e-07 0)
(0.0531374 3.2742e-07 0)
(0.0531376 2.59977e-07 0)
(0.0531377 2.05992e-07 0)
(0.0531378 1.6286e-07 0)
(0.0531378 1.28464e-07 0)
(0.0531379 1.01089e-07 0)
(0.0531379 7.93452e-08 0)
(0.053138 6.21095e-08 0)
(0.053138 4.84767e-08 0)
(0.053138 3.77179e-08 0)
(0.053138 2.92473e-08 0)
(0.0531381 2.25947e-08 0)
(0.0531381 1.73838e-08 0)
(0.0531381 1.33137e-08 0)
(0.0531381 1.01444e-08 0)
(0.0531381 7.68461e-09 0)
(0.0531381 5.78244e-09 0)
(0.0531381 4.3173e-09 0)
(0.0531381 3.19375e-09 0)
(0.0531381 2.33639e-09 0)
(0.0531381 1.68581e-09 0)
(0.0531381 1.19528e-09 0)
(0.0531381 8.28173e-10 0)
(0.0531381 5.55846e-10 0)
(0.0531381 3.55952e-10 0)
(0.0531381 2.11111e-10 0)
(0.0531381 1.07853e-10 0)
(0.0531381 3.57762e-11 0)
(0.0531381 -1.31168e-11 0)
(0.0531381 -4.49416e-11 0)
(0.0531381 -6.43521e-11 0)
(0.0531381 -7.48645e-11 0)
(0.0531381 -7.91214e-11 0)
(0.0531381 -7.90913e-11 0)
(0.0531381 -7.62278e-11 0)
(0.0531381 -7.15915e-11 0)
(0.0531381 -6.59477e-11 0)
(0.0531381 -5.98379e-11 0)
(0.0531381 -5.36429e-11 0)
(0.0531381 -4.76159e-11 0)
(0.0531381 -4.19205e-11 0)
(0.0531381 -3.66528e-11 0)
(0.0531381 -3.18562e-11 0)
(0.0531381 -2.75434e-11 0)
(0.0531381 -2.37009e-11 0)
(0.0531381 -2.03043e-11 0)
(0.0531381 -1.73257e-11 0)
(0.0531381 -1.47289e-11 0)
(0.0531381 -1.24804e-11 0)
(0.0531381 -1.05403e-11 0)
(0.0531381 -8.87278e-12 0)
(0.0531381 -7.44482e-12 0)
(0.0531381 -6.22345e-12 0)
(0.0531381 -5.18393e-12 0)
(0.0531381 -4.30103e-12 0)
(0.0531381 -3.55639e-12 0)
(0.0531381 -2.93373e-12 0)
(0.0531381 -2.41854e-12 0)
(0.0531381 -1.99706e-12 0)
(0.0531381 -1.65614e-12 0)
(0.0531381 -1.38316e-12 0)
(0.0531381 -1.16639e-12 0)
(0.0531381 -9.94091e-13 0)
(0.0531381 -8.5721e-13 0)
(0.0531381 -7.45624e-13 0)
(0.0531381 -6.53106e-13 0)
(0.0531381 -5.74455e-13 0)
(0.0531381 -5.05029e-13 0)
(0.0531381 -4.42761e-13 0)
(0.0531381 -3.84497e-13 0)
(0.0531381 -3.28715e-13 0)
(0.0531381 -2.74885e-13 0)
(0.0531381 -2.20269e-13 0)
(0.0531381 -1.65649e-13 0)
(0.0531381 -1.10238e-13 0)
(0.0531381 -5.59497e-14 0)
(0.0531381 -5.01926e-15 0)
(0.0531381 4.03075e-14 0)
(0.0531381 7.70806e-14 0)
(0.0531381 1.02268e-13 0)
(0.0531381 1.11867e-13 0)
(0.0531381 1.04016e-13 0)
(0.0531381 7.77815e-14 0)
(0.0531381 3.36063e-14 0)
(0.0531381 -2.37892e-14 0)
(0.0531381 -8.74717e-14 0)
(0.0531381 -1.47961e-13 0)
(0.0531381 -1.95558e-13 0)
(0.0531381 -2.23467e-13 0)
(0.0531381 -2.27434e-13 0)
(0.0531381 -2.09026e-13 0)
(0.0531381 -1.7392e-13 0)
(0.0531381 -1.27964e-13 0)
(0.0531381 -7.90317e-14 0)
(0.0531381 -3.27007e-14 0)
(0.0531381 6.06952e-15 0)
(0.0531381 3.6622e-14 0)
(0.0531381 5.72471e-14 0)
(0.0531381 6.84079e-14 0)
(0.0531381 7.17098e-14 0)
(0.0531381 6.85804e-14 0)
(0.0531381 5.87778e-14 0)
(0.0531381 4.59308e-14 0)
(0.0531381 3.10057e-14 0)
(0.0531381 1.69325e-14 0)
(0.0531381 7.24706e-15 0)
(0.0531381 3.09476e-15 0)
(0.0531381 5.0915e-15 0)
(0.0531381 1.42943e-14 0)
(0.0531381 3.17054e-14 0)
(0.0531381 5.61518e-14 0)
(0.0531381 8.64259e-14 0)
(0.0531381 1.24165e-13 0)
(0.0531381 1.6627e-13 0)
(0.0531381 2.10637e-13 0)
(0.0531381 2.565e-13 0)
(0.0531381 2.99681e-13 0)
(0.0531381 3.39572e-13 0)
(0.0531381 3.75157e-13 0)
(0.0531381 4.05048e-13 0)
(0.0531381 4.26876e-13 0)
(0.0531381 4.40741e-13 0)
(0.0531381 4.402e-13 0)
(0.0531381 4.17389e-13 0)
(0.0531381 3.57839e-13 0)
(0.0531381 2.37613e-13 0)
(0.0531381 2.37708e-14 0)
(0.0531381 -3.3828e-13 0)
(0.0531381 -9.16394e-13 0)
(0.0531381 -1.88723e-12 0)
(0.0531381 -3.23688e-12 0)
(0.0531381 -5.77376e-12 0)
(0.0531381 -9.2566e-12 0)
(0.0531381 -1.3225e-11 0)
(0.0531381 -2.97796e-11 0)
(0.0531381 -3.2625e-11 0)
(0.0862355 -0.00204091 0)
(0.0847053 -0.00251434 0)
(0.0827657 -0.00303563 0)
(0.0803252 -0.00359879 0)
(0.0772598 -0.0041791 0)
(0.0734246 -0.00471779 0)
(0.0687026 -0.00511269 0)
(0.0630935 -0.00522462 0)
(0.056807 -0.00492346 0)
(0.0502783 -0.00418329 0)
(0.044041 -0.00315742 0)
(0.0385313 -0.00212238 0)
(0.0340114 -0.00130385 0)
(0.0306121 -0.000739926 0)
(0.0283419 -0.000302676 0)
(0.027084 0.000164359 0)
(0.0266743 0.000731931 0)
(0.0269854 0.0013645 0)
(0.0279245 0.0019668 0)
(0.0293819 0.00244022 0)
(0.0312015 0.00271478 0)
(0.0331895 0.00276218 0)
(0.0351477 0.00260048 0)
(0.0369128 0.00228698 0)
(0.0383856 0.00189739 0)
(0.0395367 0.00150125 0)
(0.0403908 0.00114585 0)
(0.0410012 0.00085345 0)
(0.0414279 0.000627095 0)
(0.0417245 0.00045904 0)
(0.0419322 0.000337517 0)
(0.0420805 0.000250812 0)
(0.0421894 0.000189095 0)
(0.0422717 0.000144864 0)
(0.0423356 0.000112724 0)
(0.0423865 8.89364e-05 0)
(0.0424277 7.09717e-05 0)
(0.0424616 5.71342e-05 0)
(0.0424896 4.62866e-05 0)
(0.0425129 3.76589e-05 0)
(0.0425324 3.07193e-05 0)
(0.0425486 2.5092e-05 0)
(0.0425622 2.05034e-05 0)
(0.0425734 1.67488e-05 0)
(0.0425828 1.36709e-05 0)
(0.0425906 1.11459e-05 0)
(0.0425971 9.07478e-06 0)
(0.0426024 7.3772e-06 0)
(0.0426068 5.98737e-06 0)
(0.0426105 4.85111e-06 0)
(0.0426134 3.92363e-06 0)
(0.0426159 3.16786e-06 0)
(0.0426179 2.5531e-06 0)
(0.0426195 2.05393e-06 0)
(0.0426208 1.64936e-06 0)
(0.0426219 1.32205e-06 0)
(0.0426228 1.05774e-06 0)
(0.0426235 8.44672e-07 0)
(0.042624 6.73233e-07 0)
(0.0426245 5.35538e-07 0)
(0.0426249 4.25146e-07 0)
(0.0426252 3.36805e-07 0)
(0.0426254 2.66242e-07 0)
(0.0426256 2.09986e-07 0)
(0.0426257 1.65222e-07 0)
(0.0426259 1.29674e-07 0)
(0.042626 1.01501e-07 0)
(0.042626 7.92222e-08 0)
(0.0426261 6.16425e-08 0)
(0.0426261 4.78032e-08 0)
(0.0426262 3.69354e-08 0)
(0.0426262 2.84234e-08 0)
(0.0426262 2.17751e-08 0)
(0.0426263 1.6598e-08 0)
(0.0426263 1.25798e-08 0)
(0.0426263 9.47206e-09 0)
(0.0426263 7.07791e-09 0)
(0.0426263 5.24147e-09 0)
(0.0426263 3.83966e-09 0)
(0.0426263 2.77546e-09 0)
(0.0426263 1.97263e-09 0)
(0.0426263 1.37136e-09 0)
(0.0426263 9.24881e-10 0)
(0.0426263 5.96734e-10 0)
(0.0426263 3.58558e-10 0)
(0.0426263 1.88383e-10 0)
(0.0426263 6.92449e-11 0)
(0.0426263 -1.19006e-11 0)
(0.0426263 -6.50344e-11 0)
(0.0426263 -9.7759e-11 0)
(0.0426263 -1.15828e-10 0)
(0.0426263 -1.2357e-10 0)
(0.0426263 -1.2422e-10 0)
(0.0426263 -1.20167e-10 0)
(0.0426263 -1.13164e-10 0)
(0.0426263 -1.04465e-10 0)
(0.0426263 -9.49602e-11 0)
(0.0426263 -8.52632e-11 0)
(0.0426263 -7.57836e-11 0)
(0.0426263 -6.67854e-11 0)
(0.0426263 -5.84309e-11 0)
(0.0426263 -5.08041e-11 0)
(0.0426263 -4.3938e-11 0)
(0.0426263 -3.78261e-11 0)
(0.0426263 -3.24313e-11 0)
(0.0426263 -2.77039e-11 0)
(0.0426263 -2.35831e-11 0)
(0.0426263 -2.001e-11 0)
(0.0426263 -1.69279e-11 0)
(0.0426263 -1.42807e-11 0)
(0.0426263 -1.20198e-11 0)
(0.0426263 -1.00923e-11 0)
(0.0426263 -8.45262e-12 0)
(0.0426263 -7.06087e-12 0)
(0.0426263 -5.8793e-12 0)
(0.0426263 -4.88151e-12 0)
(0.0426263 -4.04205e-12 0)
(0.0426263 -3.34028e-12 0)
(0.0426263 -2.75682e-12 0)
(0.0426263 -2.27292e-12 0)
(0.0426263 -1.86888e-12 0)
(0.0426263 -1.53251e-12 0)
(0.0426263 -1.25394e-12 0)
(0.0426263 -1.02876e-12 0)
(0.0426263 -8.49431e-13 0)
(0.0426263 -7.10643e-13 0)
(0.0426263 -6.04015e-13 0)
(0.0426263 -5.19522e-13 0)
(0.0426263 -4.49449e-13 0)
(0.0426263 -3.85332e-13 0)
(0.0426263 -3.24962e-13 0)
(0.0426263 -2.71331e-13 0)
(0.0426263 -2.25833e-13 0)
(0.0426263 -1.88799e-13 0)
(0.0426263 -1.61402e-13 0)
(0.0426263 -1.38082e-13 0)
(0.0426263 -1.14561e-13 0)
(0.0426263 -8.7442e-14 0)
(0.0426263 -5.60421e-14 0)
(0.0426263 -2.30143e-14 0)
(0.0426263 6.56796e-15 0)
(0.0426263 2.9565e-14 0)
(0.0426263 4.20999e-14 0)
(0.0426263 4.1883e-14 0)
(0.0426263 3.31523e-14 0)
(0.0426263 1.75015e-14 0)
(0.0426263 -2.08545e-15 0)
(0.0426263 -2.32113e-14 0)
(0.0426263 -4.28162e-14 0)
(0.0426263 -5.76659e-14 0)
(0.0426263 -6.7997e-14 0)
(0.0426263 -7.24242e-14 0)
(0.0426263 -7.17454e-14 0)
(0.0426263 -6.43262e-14 0)
(0.0426263 -5.46196e-14 0)
(0.0426263 -4.24422e-14 0)
(0.0426263 -3.10774e-14 0)
(0.0426263 -2.12531e-14 0)
(0.0426263 -1.30375e-14 0)
(0.0426263 -3.62862e-15 0)
(0.0426263 3.64101e-15 0)
(0.0426263 1.19404e-14 0)
(0.0426263 2.03638e-14 0)
(0.0426263 2.83503e-14 0)
(0.0426263 3.29826e-14 0)
(0.0426263 3.58651e-14 0)
(0.0426263 3.45272e-14 0)
(0.0426263 2.99545e-14 0)
(0.0426263 2.27726e-14 0)
(0.0426263 1.55367e-14 0)
(0.0426263 6.88417e-15 0)
(0.0426263 2.13184e-15 0)
(0.0426263 1.32968e-15 0)
(0.0426263 4.79127e-15 0)
(0.0426263 1.54554e-14 0)
(0.0426263 3.25775e-14 0)
(0.0426263 5.58852e-14 0)
(0.0426263 8.41276e-14 0)
(0.0426263 1.14689e-13 0)
(0.0426263 1.43683e-13 0)
(0.0426263 1.68755e-13 0)
(0.0426263 1.89822e-13 0)
(0.0426263 2.04515e-13 0)
(0.0426263 2.10046e-13 0)
(0.0426263 2.09625e-13 0)
(0.0426263 1.96578e-13 0)
(0.0426263 1.72378e-13 0)
(0.0426263 1.28834e-13 0)
(0.0426263 5.15089e-14 0)
(0.0426263 -7.25454e-14 0)
(0.0426263 -2.76286e-13 0)
(0.0426263 -6.03712e-13 0)
(0.0426263 -1.11414e-12 0)
(0.0426263 -1.95471e-12 0)
(0.0426263 -3.32789e-12 0)
(0.0426263 -5.06508e-12 0)
(0.0426263 -1.04547e-11 0)
(0.0426263 -1.04152e-11 0)
(0.0426263 -3.41945e-11 0)
(0.0426263 -4.09922e-11 0)
(0.0293883 -0.000635156 0)
(0.0277915 -0.000700859 0)
(0.025916 -0.000743032 0)
(0.0237665 -0.000737195 0)
(0.0213859 -0.000648394 0)
(0.0188605 -0.000462039 0)
(0.0162943 -0.000221897 0)
(0.0137778 -2.93548e-05 0)
(0.0113961 1.79484e-05 0)
(0.00925254 -9.38305e-05 0)
(0.00744959 -0.000275181 0)
(0.00603787 -0.000401447 0)
(0.00500593 -0.000399275 0)
(0.00432157 -0.000276545 0)
(0.0039717 -9.36254e-05 0)
(0.00396731 8.81102e-05 0)
(0.00432652 0.000240768 0)
(0.00505381 0.000365687 0)
(0.00612281 0.000469186 0)
(0.00746825 0.000548689 0)
(0.00898985 0.000595183 0)
(0.0105671 0.000601667 0)
(0.0120819 0.000569005 0)
(0.0134408 0.000506362 0)
(0.01459 0.000427382 0)
(0.0155148 0.000345282 0)
(0.0162311 0.000269609 0)
(0.0167708 0.000205417 0)
(0.0171706 0.000154093 0)
(0.0174648 0.00011474 0)
(0.0176816 8.5401e-05 0)
(0.0178427 6.38902e-05 0)
(0.0179639 4.82267e-05 0)
(0.0180563 3.68063e-05 0)
(0.018128 2.84152e-05 0)
(0.0181842 2.2175e-05 0)
(0.0182289 1.74673e-05 0)
(0.0182648 1.38629e-05 0)
(0.0182937 1.1065e-05 0)
(0.0183171 8.86746e-06 0)
(0.0183361 7.1249e-06 0)
(0.0183517 5.73315e-06 0)
(0.0183643 4.61586e-06 0)
(0.0183746 3.71583e-06 0)
(0.018383 2.98936e-06 0)
(0.0183898 2.40242e-06 0)
(0.0183953 1.92814e-06 0)
(0.0183998 1.54509e-06 0)
(0.0184035 1.236e-06 0)
(0.0184064 9.86904e-07 0)
(0.0184088 7.86448e-07 0)
(0.0184107 6.25402e-07 0)
(0.0184122 4.9625e-07 0)
(0.0184135 3.9287e-07 0)
(0.0184145 3.10282e-07 0)
(0.0184152 2.4444e-07 0)
(0.0184159 1.92059e-07 0)
(0.0184164 1.50478e-07 0)
(0.0184168 1.17546e-07 0)
(0.0184171 9.15253e-08 0)
(0.0184173 7.10167e-08 0)
(0.0184175 5.48945e-08 0)
(0.0184177 4.22555e-08 0)
(0.0184178 3.23761e-08 0)
(0.0184179 2.46781e-08 0)
(0.018418 1.87e-08 0)
(0.0184181 1.40748e-08 0)
(0.0184181 1.05108e-08 0)
(0.0184181 7.77664e-09 0)
(0.0184182 5.68968e-09 0)
(0.0184182 4.1057e-09 0)
(0.0184182 2.9112e-09 0)
(0.0184182 2.01715e-09 0)
(0.0184182 1.35386e-09 0)
(0.0184182 8.66936e-10 0)
(0.0184182 5.14094e-10 0)
(0.0184182 2.62546e-10 0)
(0.0184182 8.6974e-11 0)
(0.0184182 -3.20895e-11 0)
(0.0184182 -1.09538e-10 0)
(0.0184182 -1.56714e-10 0)
(0.0184182 -1.82192e-10 0)
(0.0184182 -1.92422e-10 0)
(0.0184182 -1.92216e-10 0)
(0.0184182 -1.85127e-10 0)
(0.0184182 -1.73756e-10 0)
(0.0184182 -1.59969e-10 0)
(0.0184182 -1.45088e-10 0)
(0.0184182 -1.30021e-10 0)
(0.0184182 -1.15372e-10 0)
(0.0184182 -1.01531e-10 0)
(0.0184182 -8.872e-11 0)
(0.0184182 -7.70559e-11 0)
(0.0184182 -6.65715e-11 0)
(0.0184182 -5.72454e-11 0)
(0.0184182 -4.90227e-11 0)
(0.0184182 -4.18217e-11 0)
(0.0184182 -3.55541e-11 0)
(0.0184182 -3.01285e-11 0)
(0.0184182 -2.5456e-11 0)
(0.0184182 -2.14515e-11 0)
(0.0184182 -1.80371e-11 0)
(0.0184182 -1.51351e-11 0)
(0.0184182 -1.26746e-11 0)
(0.0184182 -1.05938e-11 0)
(0.0184182 -8.83482e-12 0)
(0.0184182 -7.35298e-12 0)
(0.0184182 -6.1068e-12 0)
(0.0184182 -5.0624e-12 0)
(0.0184182 -4.19266e-12 0)
(0.0184182 -3.46532e-12 0)
(0.0184182 -2.85999e-12 0)
(0.0184182 -2.35407e-12 0)
(0.0184182 -1.93169e-12 0)
(0.0184182 -1.58262e-12 0)
(0.0184182 -1.29437e-12 0)
(0.0184182 -1.06048e-12 0)
(0.0184182 -8.69894e-13 0)
(0.0184182 -7.12528e-13 0)
(0.0184182 -5.8026e-13 0)
(0.0184182 -4.70264e-13 0)
(0.0184182 -3.76311e-13 0)
(0.0184182 -3.00942e-13 0)
(0.0184182 -2.41373e-13 0)
(0.0184182 -1.98828e-13 0)
(0.0184182 -1.69373e-13 0)
(0.0184182 -1.45218e-13 0)
(0.0184182 -1.23872e-13 0)
(0.0184182 -1.0071e-13 0)
(0.0184182 -7.90654e-14 0)
(0.0184182 -5.98584e-14 0)
(0.0184182 -4.46908e-14 0)
(0.0184182 -3.55294e-14 0)
(0.0184182 -3.18782e-14 0)
(0.0184182 -2.90945e-14 0)
(0.0184182 -2.52822e-14 0)
(0.0184182 -1.96239e-14 0)
(0.0184182 -1.21984e-14 0)
(0.0184182 -4.78347e-15 0)
(0.0184182 6.95597e-16 0)
(0.0184182 2.24331e-15 0)
(0.0184182 4.19003e-16 0)
(0.0184182 -3.70761e-15 0)
(0.0184182 -6.6951e-15 0)
(0.0184182 -8.48659e-15 0)
(0.0184182 -9.78446e-15 0)
(0.0184182 -8.11512e-15 0)
(0.0184182 -5.32789e-15 0)
(0.0184182 -1.88167e-15 0)
(0.0184182 3.23409e-16 0)
(0.0184182 1.76078e-15 0)
(0.0184182 3.12349e-15 0)
(0.0184182 4.29478e-15 0)
(0.0184182 4.40986e-15 0)
(0.0184182 4.53712e-15 0)
(0.0184182 2.63926e-15 0)
(0.0184182 1.16713e-15 0)
(0.0184182 -3.23323e-15 0)
(0.0184182 -5.38552e-15 0)
(0.0184182 -8.55684e-15 0)
(0.0184182 -8.58076e-15 0)
(0.0184182 -7.46229e-15 0)
(0.0184182 -3.69323e-15 0)
(0.0184182 3.23693e-15 0)
(0.0184182 8.99149e-15 0)
(0.0184182 1.25216e-14 0)
(0.0184182 1.39571e-14 0)
(0.0184182 1.26189e-14 0)
(0.0184182 8.21802e-15 0)
(0.0184182 1.50597e-15 0)
(0.0184182 -4.34076e-15 0)
(0.0184182 -9.02246e-15 0)
(0.0184182 -1.09077e-14 0)
(0.0184182 -7.87772e-15 0)
(0.0184182 -3.109e-15 0)
(0.0184182 3.85516e-15 0)
(0.0184182 1.21649e-14 0)
(0.0184182 1.99321e-14 0)
(0.0184182 2.61328e-14 0)
(0.0184182 3.02583e-14 0)
(0.0184182 3.21818e-14 0)
(0.0184182 3.11057e-14 0)
(0.0184182 2.61441e-14 0)
(0.0184182 2.15626e-14 0)
(0.0184182 1.17255e-14 0)
(0.0184182 -1.93211e-16 0)
(0.0184182 -1.77239e-14 0)
(0.0184182 -4.36442e-14 0)
(0.0184182 -8.01358e-14 0)
(0.0184182 -1.39137e-13 0)
(0.0184182 -2.28612e-13 0)
(0.0184182 -3.73838e-13 0)
(0.0184182 -6.002e-13 0)
(0.0184182 -9.51811e-13 0)
(0.0184182 -1.64637e-12 0)
(0.0184182 -2.19946e-12 0)
(0.0184182 -5.44853e-12 0)
(0.0184182 -4.32165e-12 0)
(0.0184182 -1.83341e-11 0)
(0.0184182 -2.0282e-11 0)
)
;

boundaryField
{
    inlet
    {
        type            fixedProfile;
        profile         table
        
21
(
(0 (0 0 0))
(0.05 (0.0285 0 0))
(0.1 (0.054 0 0))
(0.15 (0.0765 0 0))
(0.2 (0.096 0 0))
(0.25 (0.1125 0 0))
(0.3 (0.126 0 0))
(0.35 (0.1365 0 0))
(0.4 (0.144 0 0))
(0.45 (0.1485 0 0))
(0.5 (0.15 0 0))
(0.55 (0.1485 0 0))
(0.6 (0.144 0 0))
(0.65 (0.1365 0 0))
(0.7 (0.126 0 0))
(0.75 (0.1125 0 0))
(0.8 (0.096 0 0))
(0.85 (0.0765 0 0))
(0.9 (0.054 0 0))
(0.95 (0.0285 0 0))
(1 (0 0 0))
)
;
        direction       (0 1 0);
        origin          1;
        value           nonuniform List<vector> 8((0.034875 0 0) (0.091125 0 0) (0.128625 0 0) (0.147375 0 0) (0.147375 0 0) (0.128625 0 0) (0.091125 0 0) (0.034875 0 0));
    }
    outlet
    {
        type            zeroGradient;
    }
    walls
    {
        type            noSlip;
    }
    symwall
    {
        type            empty;
    }
}


// ************************************************************************* //
