/*--------------------------------*- C++ -*----------------------------------*\
| =========                 |                                                 |
| \\      /  F ield         | OpenFOAM: The Open Source CFD Toolbox           |
|  \\    /   O peration     | Version:  4.1                                   |
|   \\  /    A nd           | Web:      www.OpenFOAM.org                      |
|    \\/     M anipulation  |                                                 |
\*---------------------------------------------------------------------------*/
FoamFile
{
    version     2.0;
    format      ascii;
    class       volVectorField;
    location    "840";
    object      U;
}
// * * * * * * * * * * * * * * * * * * * * * * * * * * * * * * * * * * * * * //

dimensions      [0 1 -1 0 0 0 0];

internalField   nonuniform List<vector> 
3264
(
(-2.66505e-06 -4.76919e-07 0)
(-0.000133198 3.05681e-05 0)
(-0.000389823 4.8669e-05 0)
(-0.000677077 5.10069e-05 0)
(-0.000978985 5.27298e-05 0)
(-0.00128491 5.2131e-05 0)
(-0.00158951 5.34239e-05 0)
(-0.00189412 5.40564e-05 0)
(-0.00219414 5.5145e-05 0)
(-0.00249025 5.57504e-05 0)
(-0.00277985 5.62817e-05 0)
(-0.00306312 5.64935e-05 0)
(-0.00333894 5.65472e-05 0)
(-0.00360735 5.64031e-05 0)
(-0.00386799 5.61331e-05 0)
(-0.00412091 5.57477e-05 0)
(-0.00436604 5.52835e-05 0)
(-0.00460347 5.4757e-05 0)
(-0.00483324 5.41882e-05 0)
(-0.00505544 5.35895e-05 0)
(-0.00527016 5.29717e-05 0)
(-0.00547746 5.2342e-05 0)
(-0.00567739 5.17052e-05 0)
(-0.00586999 5.10638e-05 0)
(-0.00605527 5.0418e-05 0)
(-0.00623319 4.97661e-05 0)
(-0.00640368 4.91042e-05 0)
(-0.00656665 4.84261e-05 0)
(-0.00672192 4.77237e-05 0)
(-0.00686931 4.69865e-05 0)
(-0.00700853 4.62018e-05 0)
(-0.00713927 4.53544e-05 0)
(-0.00726114 4.44272e-05 0)
(-0.00737371 4.34009e-05 0)
(-0.00747645 4.2254e-05 0)
(-0.00756879 4.09637e-05 0)
(-0.00765009 3.95058e-05 0)
(-0.00771967 3.78553e-05 0)
(-0.00777676 3.59871e-05 0)
(-0.00782057 3.38767e-05 0)
(-0.00785027 3.15006e-05 0)
(-0.007865 2.88376e-05 0)
(-0.00786389 2.58695e-05 0)
(-0.00784606 2.25817e-05 0)
(-0.00781065 1.89646e-05 0)
(-0.00775683 1.50135e-05 0)
(-0.00768383 1.07301e-05 0)
(-0.00759093 6.12246e-06 0)
(-0.00747751 1.2057e-06 0)
(-0.00734304 -3.99807e-06 0)
(-0.00718711 -9.45958e-06 0)
(-0.00700944 -1.51427e-05 0)
(-0.0068099 -2.10049e-05 0)
(-0.00658851 -2.69975e-05 0)
(-0.00634547 -3.3067e-05 0)
(-0.00608115 -3.91556e-05 0)
(-0.00579607 -4.52024e-05 0)
(-0.00549096 -5.11444e-05 0)
(-0.00516672 -5.69179e-05 0)
(-0.0048244 -6.24598e-05 0)
(-0.00446523 -6.77089e-05 0)
(-0.00409058 -7.26068e-05 0)
(-0.00370199 -7.70994e-05 0)
(-0.00330108 -8.11382e-05 0)
(-0.00288961 -8.46807e-05 0)
(-0.00246941 -8.76919e-05 0)
(-0.00204239 -9.01443e-05 0)
(-0.00161049 -9.20191e-05 0)
(-0.00117568 -9.3306e-05 0)
(-0.000739929 -9.40037e-05 0)
(-0.000305188 -9.41193e-05 0)
(0.000126645 -9.36687e-05 0)
(0.000553734 -9.26753e-05 0)
(0.000974331 -9.11701e-05 0)
(0.00138679 -8.91906e-05 0)
(0.0017896 -8.67795e-05 0)
(0.00218135 -8.39843e-05 0)
(0.00256081 -8.08557e-05 0)
(0.0029269 -7.74467e-05 0)
(0.00327867 -7.38112e-05 0)
(0.00361538 -7.00032e-05 0)
(0.00393641 -6.60754e-05 0)
(0.00424134 -6.20787e-05 0)
(0.00452988 -5.80609e-05 0)
(0.00480191 -5.4066e-05 0)
(0.00505744 -5.01342e-05 0)
(0.00529662 -4.63007e-05 0)
(0.00551972 -4.25962e-05 0)
(0.00572711 -3.90462e-05 0)
(0.00591926 -3.56712e-05 0)
(0.00609672 -3.24872e-05 0)
(0.00626012 -2.95052e-05 0)
(0.00641013 -2.67323e-05 0)
(0.00654745 -2.41717e-05 0)
(0.00667284 -2.18232e-05 0)
(0.00678706 -1.96835e-05 0)
(0.00689086 -1.7747e-05 0)
(0.00698503 -1.6006e-05 0)
(0.00707032 -1.44511e-05 0)
(0.00714747 -1.30718e-05 0)
(0.00721719 -1.18569e-05 0)
(0.00728017 -1.07943e-05 0)
(0.00733708 -9.87217e-06 0)
(0.00738852 -9.07827e-06 0)
(0.0074351 -8.40077e-06 0)
(0.00747736 -7.82813e-06 0)
(0.0075158 -7.34931e-06 0)
(0.00755089 -6.95384e-06 0)
(0.00758308 -6.63186e-06 0)
(0.00761274 -6.37418e-06 0)
(0.00764025 -6.17231e-06 0)
(0.00766592 -6.01842e-06 0)
(0.00769004 -5.90539e-06 0)
(0.00771288 -5.82673e-06 0)
(0.00773465 -5.77659e-06 0)
(0.00775557 -5.74973e-06 0)
(0.0077758 -5.74146e-06 0)
(0.0077955 -5.74764e-06 0)
(0.0078148 -5.76461e-06 0)
(0.00783382 -5.78915e-06 0)
(0.00785263 -5.81849e-06 0)
(0.00787132 -5.85021e-06 0)
(0.00788995 -5.88227e-06 0)
(0.00790857 -5.91293e-06 0)
(0.00792721 -5.94072e-06 0)
(0.00794591 -5.96447e-06 0)
(0.00796466 -5.9832e-06 0)
(0.0079835 -5.99616e-06 0)
(0.00800241 -6.00276e-06 0)
(0.0080214 -6.00261e-06 0)
(0.00804046 -5.99542e-06 0)
(0.00805957 -5.98106e-06 0)
(0.00807872 -5.95948e-06 0)
(0.00809789 -5.93073e-06 0)
(0.00811707 -5.89495e-06 0)
(0.00813622 -5.85233e-06 0)
(0.00815532 -5.80315e-06 0)
(0.00817436 -5.74768e-06 0)
(0.00819331 -5.68627e-06 0)
(0.00821214 -5.61929e-06 0)
(0.00823083 -5.54711e-06 0)
(0.00824936 -5.47014e-06 0)
(0.00826771 -5.38878e-06 0)
(0.00828585 -5.30346e-06 0)
(0.00830376 -5.21456e-06 0)
(0.00832143 -5.12251e-06 0)
(0.00833884 -5.0277e-06 0)
(0.00835597 -4.93051e-06 0)
(0.00837281 -4.83133e-06 0)
(0.00838933 -4.7305e-06 0)
(0.00840554 -4.62839e-06 0)
(0.00842142 -4.5253e-06 0)
(0.00843696 -4.42156e-06 0)
(0.00845214 -4.31745e-06 0)
(0.00846697 -4.21325e-06 0)
(0.00848144 -4.1092e-06 0)
(0.00849555 -4.00555e-06 0)
(0.00850928 -3.90249e-06 0)
(0.00852264 -3.80024e-06 0)
(0.00853563 -3.69897e-06 0)
(0.00854824 -3.59884e-06 0)
(0.00856048 -3.5e-06 0)
(0.00857235 -3.40256e-06 0)
(0.00858386 -3.30665e-06 0)
(0.00859499 -3.21235e-06 0)
(0.00860577 -3.11976e-06 0)
(0.00861618 -3.02892e-06 0)
(0.00862625 -2.9399e-06 0)
(0.00863597 -2.85274e-06 0)
(0.00864535 -2.76746e-06 0)
(0.00865439 -2.68408e-06 0)
(0.00866311 -2.60259e-06 0)
(0.00867151 -2.52299e-06 0)
(0.0086796 -2.44524e-06 0)
(0.00868738 -2.36931e-06 0)
(0.00869487 -2.29514e-06 0)
(0.00870206 -2.22266e-06 0)
(0.00870898 -2.15177e-06 0)
(0.00871562 -2.08234e-06 0)
(0.008722 -2.01422e-06 0)
(0.00872811 -1.94722e-06 0)
(0.00873397 -1.88107e-06 0)
(0.00873959 -1.81544e-06 0)
(0.00874496 -1.74988e-06 0)
(0.00875009 -1.6838e-06 0)
(0.00875498 -1.61637e-06 0)
(0.00875963 -1.54646e-06 0)
(0.00876403 -1.47254e-06 0)
(0.00876818 -1.39219e-06 0)
(0.00877206 -1.303e-06 0)
(0.00877563 -1.19807e-06 0)
(0.00877885 -1.07821e-06 0)
(0.00878169 -9.14244e-07 0)
(0.00878395 -7.43538e-07 0)
(0.0087858 -4.31934e-07 0)
(0.00878619 -1.80246e-07 0)
(0.00878707 4.13573e-07 0)
(0.00878277 1.08991e-06 0)
(0.00878387 1.41717e-06 0)
(0.008769 5.47052e-06 0)
(-8.33584e-05 0.000136421 0)
(-0.000582913 0.000379263 0)
(-0.00131135 0.000518329 0)
(-0.00208596 0.000562412 0)
(-0.00286563 0.000583365 0)
(-0.00363349 0.000585057 0)
(-0.0043762 0.000584969 0)
(-0.00509662 0.000578237 0)
(-0.00578756 0.000569254 0)
(-0.00645118 0.000557007 0)
(-0.00708477 0.000543284 0)
(-0.00768973 0.000528266 0)
(-0.00826568 0.000512671 0)
(-0.00881372 0.000496728 0)
(-0.00933433 0.000480714 0)
(-0.00982842 0.000464751 0)
(-0.0102967 0.000448935 0)
(-0.0107398 0.000433308 0)
(-0.0111585 0.000417888 0)
(-0.0115532 0.000402668 0)
(-0.0119245 0.000387625 0)
(-0.0122727 0.000372723 0)
(-0.0125981 0.000357916 0)
(-0.0129008 0.000343147 0)
(-0.0131809 0.00032835 0)
(-0.0134385 0.000313451 0)
(-0.0136733 0.000298367 0)
(-0.0138851 0.00028301 0)
(-0.0140737 0.000267282 0)
(-0.0142384 0.000251081 0)
(-0.0143789 0.000234299 0)
(-0.0144944 0.000216823 0)
(-0.0145842 0.00019854 0)
(-0.0146474 0.000179333 0)
(-0.0146833 0.00015909 0)
(-0.0146908 0.000137702 0)
(-0.0146688 0.000115066 0)
(-0.0146163 9.10929e-05 0)
(-0.0145323 6.57027e-05 0)
(-0.0144156 3.88338e-05 0)
(-0.0142651 1.0444e-05 0)
(-0.0140798 -1.9487e-05 0)
(-0.0138586 -5.09543e-05 0)
(-0.0136008 -8.39263e-05 0)
(-0.0133054 -0.000118342 0)
(-0.0129719 -0.000154113 0)
(-0.0125996 -0.000191116 0)
(-0.0121882 -0.000229203 0)
(-0.0117374 -0.000268194 0)
(-0.0112475 -0.00030788 0)
(-0.0107185 -0.000348031 0)
(-0.0101509 -0.000388389 0)
(-0.00954539 -0.000428681 0)
(-0.00890299 -0.000468616 0)
(-0.00822484 -0.000507892 0)
(-0.00751236 -0.0005462 0)
(-0.00676723 -0.00058323 0)
(-0.00599134 -0.000618673 0)
(-0.00518681 -0.000652228 0)
(-0.00435598 -0.000683606 0)
(-0.00350137 -0.000712535 0)
(-0.00262567 -0.000738765 0)
(-0.00173174 -0.000762069 0)
(-0.000822561 -0.000782251 0)
(9.87849e-05 -0.000799146 0)
(0.00102913 -0.000812625 0)
(0.00196526 -0.000822593 0)
(0.00290393 -0.000828998 0)
(0.00384191 -0.000831823 0)
(0.004776 -0.000831093 0)
(0.00570306 -0.00082687 0)
(0.00662006 -0.000819255 0)
(0.00752405 -0.000808384 0)
(0.00841226 -0.000794427 0)
(0.00928207 -0.000777584 0)
(0.010131 -0.000758081 0)
(0.0109569 -0.000736165 0)
(0.0117577 -0.000712106 0)
(0.0125317 -0.000686182 0)
(0.0132772 -0.000658683 0)
(0.013993 -0.000629903 0)
(0.0146781 -0.000600134 0)
(0.0153316 -0.000569667 0)
(0.015953 -0.000538778 0)
(0.0165419 -0.000507737 0)
(0.0170983 -0.000476794 0)
(0.0176222 -0.000446181 0)
(0.018114 -0.000416112 0)
(0.0185742 -0.000386775 0)
(0.0190035 -0.000358336 0)
(0.0194027 -0.00033094 0)
(0.0197727 -0.000304703 0)
(0.0201146 -0.000279722 0)
(0.0204296 -0.000256069 0)
(0.0207189 -0.000233796 0)
(0.0209839 -0.000212932 0)
(0.0212259 -0.000193492 0)
(0.0214462 -0.000175471 0)
(0.0216463 -0.000158851 0)
(0.0218275 -0.000143601 0)
(0.0219912 -0.000129681 0)
(0.0221388 -0.000117038 0)
(0.0222715 -0.000105616 0)
(0.0223906 -9.53517e-05 0)
(0.0224974 -8.61779e-05 0)
(0.022593 -7.80251e-05 0)
(0.0226785 -7.08225e-05 0)
(0.022755 -6.4499e-05 0)
(0.0228234 -5.8984e-05 0)
(0.0228846 -5.42086e-05 0)
(0.0229396 -5.01056e-05 0)
(0.0229891 -4.66105e-05 0)
(0.0230337 -4.36618e-05 0)
(0.0230742 -4.1201e-05 0)
(0.0231112 -3.91732e-05 0)
(0.0231452 -3.75269e-05 0)
(0.0231767 -3.62143e-05 0)
(0.0232061 -3.51911e-05 0)
(0.0232338 -3.44165e-05 0)
(0.0232602 -3.38532e-05 0)
(0.0232855 -3.34673e-05 0)
(0.0233101 -3.32279e-05 0)
(0.023334 -3.31075e-05 0)
(0.0233576 -3.30811e-05 0)
(0.0233809 -3.31266e-05 0)
(0.0234041 -3.32245e-05 0)
(0.0234274 -3.33576e-05 0)
(0.0234507 -3.35108e-05 0)
(0.0234741 -3.36711e-05 0)
(0.0234978 -3.38275e-05 0)
(0.0235216 -3.39705e-05 0)
(0.0235457 -3.40922e-05 0)
(0.02357 -3.41862e-05 0)
(0.0235945 -3.42471e-05 0)
(0.0236193 -3.42711e-05 0)
(0.0236442 -3.42549e-05 0)
(0.0236693 -3.41965e-05 0)
(0.0236945 -3.40945e-05 0)
(0.0237197 -3.39481e-05 0)
(0.0237451 -3.37575e-05 0)
(0.0237704 -3.35229e-05 0)
(0.0237957 -3.32455e-05 0)
(0.0238208 -3.29264e-05 0)
(0.0238459 -3.25673e-05 0)
(0.0238708 -3.217e-05 0)
(0.0238954 -3.17368e-05 0)
(0.0239198 -3.12697e-05 0)
(0.023944 -3.07713e-05 0)
(0.0239677 -3.0244e-05 0)
(0.0239911 -2.96903e-05 0)
(0.0240141 -2.91127e-05 0)
(0.0240367 -2.85139e-05 0)
(0.0240588 -2.78963e-05 0)
(0.0240804 -2.72624e-05 0)
(0.0241015 -2.66147e-05 0)
(0.024122 -2.59555e-05 0)
(0.024142 -2.52872e-05 0)
(0.0241614 -2.46119e-05 0)
(0.0241803 -2.39318e-05 0)
(0.0241985 -2.32488e-05 0)
(0.0242162 -2.25649e-05 0)
(0.0242332 -2.18819e-05 0)
(0.0242496 -2.12015e-05 0)
(0.0242654 -2.05252e-05 0)
(0.0242806 -1.98545e-05 0)
(0.0242951 -1.91909e-05 0)
(0.0243091 -1.85355e-05 0)
(0.0243224 -1.78895e-05 0)
(0.0243351 -1.72539e-05 0)
(0.0243473 -1.66297e-05 0)
(0.0243588 -1.60176e-05 0)
(0.0243698 -1.54184e-05 0)
(0.0243802 -1.48327e-05 0)
(0.02439 -1.42609e-05 0)
(0.0243993 -1.37033e-05 0)
(0.0244081 -1.31603e-05 0)
(0.0244163 -1.26318e-05 0)
(0.0244241 -1.21177e-05 0)
(0.0244314 -1.16179e-05 0)
(0.0244382 -1.11319e-05 0)
(0.0244446 -1.06588e-05 0)
(0.0244505 -1.01977e-05 0)
(0.024456 -9.74706e-06 0)
(0.0244611 -9.30483e-06 0)
(0.0244657 -8.86824e-06 0)
(0.02447 -8.43347e-06 0)
(0.0244739 -7.99534e-06 0)
(0.0244775 -7.5465e-06 0)
(0.0244806 -7.07698e-06 0)
(0.0244833 -6.5728e-06 0)
(0.0244856 -6.01169e-06 0)
(0.0244874 -5.37584e-06 0)
(0.0244887 -4.58628e-06 0)
(0.0244893 -3.70479e-06 0)
(0.024489 -2.32951e-06 0)
(0.0244877 -1.09029e-06 0)
(0.0244854 1.59938e-06 0)
(0.0244796 4.0099e-06 0)
(0.0244761 6.88608e-06 0)
(0.0244582 1.79344e-05 0)
(-0.00017883 0.000644976 0)
(-0.00104293 0.00125399 0)
(-0.00216759 0.00153288 0)
(-0.00330468 0.00157427 0)
(-0.00439278 0.00156938 0)
(-0.00542125 0.00152604 0)
(-0.0063744 0.00148236 0)
(-0.00726332 0.00142992 0)
(-0.00808459 0.00137657 0)
(-0.00884637 0.00132064 0)
(-0.00954999 0.00126465 0)
(-0.0102006 0.00120878 0)
(-0.0108006 0.00115383 0)
(-0.0113534 0.00110001 0)
(-0.0118613 0.00104749 0)
(-0.0123266 0.000996309 0)
(-0.012751 0.000946413 0)
(-0.0131363 0.000897708 0)
(-0.0134837 0.000850065 0)
(-0.0137944 0.000803335 0)
(-0.0140692 0.00075735 0)
(-0.0143089 0.000711934 0)
(-0.014514 0.000666901 0)
(-0.0146848 0.000622058 0)
(-0.0148216 0.000577207 0)
(-0.0149245 0.000532144 0)
(-0.0149934 0.000486662 0)
(-0.015028 0.00044055 0)
(-0.0150283 0.000393594 0)
(-0.0149936 0.000345582 0)
(-0.0149237 0.000296303 0)
(-0.0148178 0.000245554 0)
(-0.0146755 0.000193136 0)
(-0.0144959 0.000138866 0)
(-0.0142785 8.25772e-05 0)
(-0.0140224 2.41213e-05 0)
(-0.013727 -3.66235e-05 0)
(-0.0133915 -9.97496e-05 0)
(-0.0130153 -0.000165316 0)
(-0.0125976 -0.000233343 0)
(-0.0121381 -0.00030381 0)
(-0.0116361 -0.000376654 0)
(-0.0110914 -0.00045176 0)
(-0.0105037 -0.000528971 0)
(-0.00987301 -0.000608076 0)
(-0.00919933 -0.000688818 0)
(-0.00848295 -0.00077089 0)
(-0.00772434 -0.000853941 0)
(-0.00692416 -0.000937576 0)
(-0.00608327 -0.00102136 0)
(-0.00520276 -0.00110483 0)
(-0.00428393 -0.00118749 0)
(-0.0033283 -0.00126882 0)
(-0.00233763 -0.00134827 0)
(-0.00131386 -0.00142532 0)
(-0.000259183 -0.0014994 0)
(0.000824044 -0.00156999 0)
(0.00193325 -0.00163654 0)
(0.00306571 -0.00169856 0)
(0.0042185 -0.00175556 0)
(0.0053886 -0.00180709 0)
(0.00657283 -0.00185275 0)
(0.00776793 -0.00189219 0)
(0.00897055 -0.0019251 0)
(0.0101773 -0.00195122 0)
(0.0113847 -0.00197039 0)
(0.0125894 -0.00198248 0)
(0.013788 -0.00198743 0)
(0.014977 -0.00198526 0)
(0.0161533 -0.00197606 0)
(0.0173136 -0.00195998 0)
(0.018455 -0.00193722 0)
(0.0195745 -0.00190808 0)
(0.0206693 -0.00187287 0)
(0.0217371 -0.001832 0)
(0.0227754 -0.00178589 0)
(0.0237822 -0.00173501 0)
(0.0247555 -0.00167987 0)
(0.0256939 -0.001621 0)
(0.0265959 -0.00155895 0)
(0.0274604 -0.00149426 0)
(0.0282866 -0.00142751 0)
(0.0290738 -0.00135923 0)
(0.0298216 -0.00128998 0)
(0.03053 -0.00122025 0)
(0.031199 -0.00115055 0)
(0.0318289 -0.00108134 0)
(0.0324202 -0.00101305 0)
(0.0329735 -0.000946063 0)
(0.0334897 -0.000880734 0)
(0.0339698 -0.00081737 0)
(0.0344148 -0.000756237 0)
(0.0348261 -0.000697558 0)
(0.0352049 -0.000641517 0)
(0.0355525 -0.000588254 0)
(0.0358706 -0.000537873 0)
(0.0361606 -0.000490441 0)
(0.0364239 -0.000445993 0)
(0.0366622 -0.000404531 0)
(0.036877 -0.000366031 0)
(0.0370699 -0.000330444 0)
(0.0372423 -0.000297701 0)
(0.0373958 -0.000267713 0)
(0.0375319 -0.000240377 0)
(0.0376519 -0.000215577 0)
(0.0377572 -0.000193189 0)
(0.0378491 -0.000173081 0)
(0.0379289 -0.000155114 0)
(0.0379977 -0.000139151 0)
(0.0380567 -0.00012505 0)
(0.0381069 -0.000112671 0)
(0.0381494 -0.000101878 0)
(0.0381849 -9.25351e-05 0)
(0.0382144 -8.45132e-05 0)
(0.0382386 -7.76871e-05 0)
(0.0382583 -7.19374e-05 0)
(0.0382742 -6.71509e-05 0)
(0.0382868 -6.3221e-05 0)
(0.0382966 -6.00474e-05 0)
(0.0383042 -5.75368e-05 0)
(0.03831 -5.56026e-05 0)
(0.0383143 -5.41648e-05 0)
(0.0383175 -5.315e-05 0)
(0.03832 -5.24911e-05 0)
(0.0383219 -5.21272e-05 0)
(0.0383235 -5.20031e-05 0)
(0.038325 -5.20694e-05 0)
(0.0383265 -5.22816e-05 0)
(0.0383282 -5.26006e-05 0)
(0.0383301 -5.29915e-05 0)
(0.0383324 -5.34241e-05 0)
(0.038335 -5.38718e-05 0)
(0.0383382 -5.43119e-05 0)
(0.0383417 -5.47252e-05 0)
(0.0383458 -5.50954e-05 0)
(0.0383504 -5.54091e-05 0)
(0.0383554 -5.56554e-05 0)
(0.0383609 -5.58257e-05 0)
(0.0383669 -5.59135e-05 0)
(0.0383732 -5.59142e-05 0)
(0.0383799 -5.58247e-05 0)
(0.0383869 -5.56433e-05 0)
(0.0383942 -5.53698e-05 0)
(0.0384018 -5.50049e-05 0)
(0.0384095 -5.45503e-05 0)
(0.0384173 -5.40084e-05 0)
(0.0384252 -5.33825e-05 0)
(0.0384332 -5.26762e-05 0)
(0.0384411 -5.18938e-05 0)
(0.038449 -5.10397e-05 0)
(0.0384568 -5.01189e-05 0)
(0.0384644 -4.91363e-05 0)
(0.0384719 -4.80972e-05 0)
(0.0384791 -4.70067e-05 0)
(0.038486 -4.58702e-05 0)
(0.0384927 -4.46929e-05 0)
(0.0384991 -4.348e-05 0)
(0.038505 -4.22367e-05 0)
(0.0385106 -4.0968e-05 0)
(0.0385159 -3.96788e-05 0)
(0.0385206 -3.83738e-05 0)
(0.038525 -3.70575e-05 0)
(0.0385289 -3.57343e-05 0)
(0.0385323 -3.44083e-05 0)
(0.0385352 -3.30836e-05 0)
(0.0385377 -3.17639e-05 0)
(0.0385397 -3.04527e-05 0)
(0.0385411 -2.91533e-05 0)
(0.0385421 -2.78687e-05 0)
(0.0385426 -2.66019e-05 0)
(0.0385426 -2.53554e-05 0)
(0.0385421 -2.41316e-05 0)
(0.0385412 -2.29326e-05 0)
(0.0385397 -2.17603e-05 0)
(0.0385378 -2.06162e-05 0)
(0.0385355 -1.95017e-05 0)
(0.0385327 -1.84178e-05 0)
(0.0385296 -1.73652e-05 0)
(0.038526 -1.63441e-05 0)
(0.038522 -1.53545e-05 0)
(0.0385176 -1.43957e-05 0)
(0.0385129 -1.34665e-05 0)
(0.0385078 -1.2565e-05 0)
(0.0385024 -1.16881e-05 0)
(0.0384967 -1.08318e-05 0)
(0.0384906 -9.99001e-06 0)
(0.0384843 -9.15469e-06 0)
(0.0384777 -8.31428e-06 0)
(0.0384708 -7.45331e-06 0)
(0.0384636 -6.54847e-06 0)
(0.0384562 -5.5706e-06 0)
(0.0384484 -4.47236e-06 0)
(0.0384403 -3.18867e-06 0)
(0.0384317 -1.66142e-06 0)
(0.0384226 3.78914e-07 0)
(0.038413 2.66827e-06 0)
(0.0384022 6.54032e-06 0)
(0.0383903 1.05102e-05 0)
(0.0383782 1.5863e-05 0)
(0.0383563 3.09587e-05 0)
(-0.00030552 0.00126144 0)
(-0.00151613 0.00231479 0)
(-0.00286975 0.00272279 0)
(-0.00413655 0.0027326 0)
(-0.00523519 0.0026603 0)
(-0.00621482 0.00253073 0)
(-0.0070616 0.00240144 0)
(-0.00780915 0.00226599 0)
(-0.008459 0.00213535 0)
(-0.00902791 0.00200803 0)
(-0.00952112 0.00188631 0)
(-0.00994765 0.0017698 0)
(-0.0103124 0.00165857 0)
(-0.0106206 0.00155219 0)
(-0.010876 0.00145024 0)
(-0.011082 0.00135223 0)
(-0.011241 0.00125769 0)
(-0.0113555 0.00116613 0)
(-0.011427 0.00107711 0)
(-0.011457 0.00099019 0)
(-0.0114466 0.00090496 0)
(-0.0113968 0.000821026 0)
(-0.0113081 0.000738008 0)
(-0.0111812 0.000655543 0)
(-0.0110162 0.000573278 0)
(-0.0108134 0.000490872 0)
(-0.0105728 0.000407996 0)
(-0.0102944 0.00032433 0)
(-0.009978 0.000239568 0)
(-0.00962342 0.000153418 0)
(-0.00923038 6.56042e-05 0)
(-0.00879855 -2.41297e-05 0)
(-0.0083276 -0.000116016 0)
(-0.00781718 -0.000210261 0)
(-0.00726695 -0.000307038 0)
(-0.00667657 -0.000406482 0)
(-0.00604578 -0.000508691 0)
(-0.00537434 -0.000613714 0)
(-0.00466211 -0.000721552 0)
(-0.00390901 -0.000832149 0)
(-0.00311509 -0.000945395 0)
(-0.00228049 -0.00106112 0)
(-0.00140551 -0.00117909 0)
(-0.000490573 -0.00129901 0)
(0.000463735 -0.00142053 0)
(0.00145666 -0.00154323 0)
(0.00248729 -0.00166663 0)
(0.0035545 -0.0017902 0)
(0.00465702 -0.00191336 0)
(0.00579336 -0.00203549 0)
(0.00696184 -0.00215592 0)
(0.00816061 -0.00227396 0)
(0.00938761 -0.00238888 0)
(0.0106406 -0.00249995 0)
(0.0119172 -0.00260644 0)
(0.0132148 -0.0027076 0)
(0.0145306 -0.00280271 0)
(0.0158618 -0.00289108 0)
(0.0172053 -0.00297202 0)
(0.018558 -0.00304493 0)
(0.0199167 -0.00310922 0)
(0.0212781 -0.00316438 0)
(0.0226387 -0.00320996 0)
(0.0239953 -0.0032456 0)
(0.0253443 -0.00327101 0)
(0.0266825 -0.00328599 0)
(0.0280064 -0.00329042 0)
(0.0293129 -0.0032843 0)
(0.0305987 -0.00326771 0)
(0.0318607 -0.00324081 0)
(0.0330962 -0.00320388 0)
(0.0343023 -0.00315729 0)
(0.0354766 -0.00310147 0)
(0.0366166 -0.00303694 0)
(0.0377204 -0.00296431 0)
(0.0387859 -0.00288423 0)
(0.0398117 -0.00279741 0)
(0.0407964 -0.00270461 0)
(0.0417388 -0.00260662 0)
(0.0426381 -0.00250424 0)
(0.0434937 -0.00239828 0)
(0.0443054 -0.00228957 0)
(0.0450729 -0.00217891 0)
(0.0457966 -0.00206707 0)
(0.0464766 -0.00195482 0)
(0.0471137 -0.00184286 0)
(0.0477085 -0.00173187 0)
(0.0482619 -0.00162246 0)
(0.0487751 -0.00151519 0)
(0.0492493 -0.00141057 0)
(0.0496857 -0.00130904 0)
(0.0500858 -0.001211 0)
(0.0504511 -0.00111675 0)
(0.0507832 -0.00102658 0)
(0.0510836 -0.000940689 0)
(0.0513539 -0.000859227 0)
(0.0515959 -0.0007823 0)
(0.0518112 -0.000709962 0)
(0.0520014 -0.000642226 0)
(0.0521681 -0.000579063 0)
(0.052313 -0.000520411 0)
(0.0524376 -0.000466176 0)
(0.0525435 -0.000416236 0)
(0.052632 -0.00037045 0)
(0.0527047 -0.000328654 0)
(0.0527628 -0.000290673 0)
(0.0528078 -0.000256318 0)
(0.0528407 -0.000225391 0)
(0.0528629 -0.000197692 0)
(0.0528753 -0.000173014 0)
(0.0528791 -0.000151153 0)
(0.0528753 -0.000131903 0)
(0.0528647 -0.000115065 0)
(0.0528481 -0.000100441 0)
(0.0528264 -8.78428e-05 0)
(0.0528003 -7.7086e-05 0)
(0.0527705 -6.79956e-05 0)
(0.0527375 -6.04048e-05 0)
(0.052702 -5.41557e-05 0)
(0.0526643 -4.90997e-05 0)
(0.052625 -4.50972e-05 0)
(0.0525845 -4.20187e-05 0)
(0.0525431 -3.97434e-05 0)
(0.0525012 -3.81602e-05 0)
(0.052459 -3.71667e-05 0)
(0.0524167 -3.66696e-05 0)
(0.0523746 -3.65836e-05 0)
(0.0523329 -3.68318e-05 0)
(0.0522917 -3.73447e-05 0)
(0.0522512 -3.80603e-05 0)
(0.0522114 -3.89232e-05 0)
(0.0521723 -3.98846e-05 0)
(0.0521342 -4.09015e-05 0)
(0.052097 -4.19367e-05 0)
(0.0520608 -4.29578e-05 0)
(0.0520255 -4.39373e-05 0)
(0.0519912 -4.48521e-05 0)
(0.0519579 -4.56829e-05 0)
(0.0519255 -4.64141e-05 0)
(0.051894 -4.70332e-05 0)
(0.0518634 -4.75308e-05 0)
(0.0518337 -4.78999e-05 0)
(0.0518049 -4.8136e-05 0)
(0.0517767 -4.82366e-05 0)
(0.0517494 -4.82009e-05 0)
(0.0517227 -4.80298e-05 0)
(0.0516966 -4.77254e-05 0)
(0.0516712 -4.72913e-05 0)
(0.0516462 -4.67316e-05 0)
(0.0516218 -4.60517e-05 0)
(0.0515978 -4.52574e-05 0)
(0.0515742 -4.43551e-05 0)
(0.0515509 -4.33516e-05 0)
(0.0515279 -4.22542e-05 0)
(0.0515052 -4.10702e-05 0)
(0.0514827 -3.98071e-05 0)
(0.0514604 -3.84727e-05 0)
(0.0514383 -3.70745e-05 0)
(0.0514162 -3.56202e-05 0)
(0.0513942 -3.41172e-05 0)
(0.0513723 -3.25728e-05 0)
(0.0513504 -3.09944e-05 0)
(0.0513285 -2.93888e-05 0)
(0.0513065 -2.77629e-05 0)
(0.0512845 -2.61231e-05 0)
(0.0512625 -2.44757e-05 0)
(0.0512404 -2.28267e-05 0)
(0.0512182 -2.11818e-05 0)
(0.0511958 -1.95463e-05 0)
(0.0511734 -1.79253e-05 0)
(0.0511509 -1.63235e-05 0)
(0.0511282 -1.47453e-05 0)
(0.0511054 -1.31947e-05 0)
(0.0510826 -1.16755e-05 0)
(0.0510595 -1.01908e-05 0)
(0.0510364 -8.74359e-06 0)
(0.0510132 -7.33631e-06 0)
(0.0509898 -5.97093e-06 0)
(0.0509663 -4.64891e-06 0)
(0.0509428 -3.37114e-06 0)
(0.0509192 -2.1378e-06 0)
(0.0508955 -9.4831e-07 0)
(0.0508717 1.98909e-07 0)
(0.0508479 1.30663e-06 0)
(0.050824 2.37919e-06 0)
(0.0508001 3.42293e-06 0)
(0.0507762 4.44695e-06 0)
(0.0507523 5.46391e-06 0)
(0.0507284 6.49193e-06 0)
(0.0507045 7.55558e-06 0)
(0.0506806 8.69118e-06 0)
(0.0506567 9.94689e-06 0)
(0.0506328 1.13974e-05 0)
(0.0506089 1.31357e-05 0)
(0.050585 1.53437e-05 0)
(0.0505611 1.80964e-05 0)
(0.0505369 2.21478e-05 0)
(0.0505126 2.68972e-05 0)
(0.0504882 3.37777e-05 0)
(0.0504578 5.01661e-05 0)
(-0.000404961 0.00246856 0)
(-0.00171877 0.00379493 0)
(-0.00298674 0.00413959 0)
(-0.00404961 0.00388815 0)
(-0.00482663 0.00361479 0)
(-0.00542868 0.003312 0)
(-0.00585272 0.00304773 0)
(-0.00615833 0.00280089 0)
(-0.00635479 0.00257654 0)
(-0.00646828 0.00236842 0)
(-0.00650733 0.00217536 0)
(-0.00648395 0.00199488 0)
(-0.00640403 0.00182534 0)
(-0.00627369 0.00166518 0)
(-0.00609675 0.00151305 0)
(-0.00587663 0.00136776 0)
(-0.00561575 0.00122826 0)
(-0.00531615 0.00109363 0)
(-0.00497935 0.000963051 0)
(-0.00460656 0.000835774 0)
(-0.00419868 0.000711126 0)
(-0.0037564 0.000588496 0)
(-0.00328021 0.000467318 0)
(-0.00277043 0.000347068 0)
(-0.00222726 0.000227259 0)
(-0.00165079 0.000107435 0)
(-0.00104102 -1.283e-05 0)
(-0.000397867 -0.000133933 0)
(0.000278789 -0.000256242 0)
(0.000989109 -0.000380097 0)
(0.00173327 -0.000505805 0)
(0.00251147 -0.000633639 0)
(0.00332387 -0.000763835 0)
(0.00417062 -0.000896585 0)
(0.00505183 -0.00103204 0)
(0.00596756 -0.00117029 0)
(0.0069178 -0.00131139 0)
(0.00790244 -0.00145531 0)
(0.0089213 -0.00160199 0)
(0.00997409 -0.00175127 0)
(0.0110604 -0.00190294 0)
(0.0121797 -0.00205672 0)
(0.0133312 -0.00221226 0)
(0.0145143 -0.00236912 0)
(0.0157278 -0.00252681 0)
(0.0169707 -0.00268476 0)
(0.0182417 -0.00284234 0)
(0.0195392 -0.00299886 0)
(0.0208617 -0.00315356 0)
(0.0222073 -0.00330566 0)
(0.023574 -0.00345431 0)
(0.0249597 -0.00359864 0)
(0.026362 -0.00373777 0)
(0.0277785 -0.00387077 0)
(0.0292065 -0.00399676 0)
(0.0306434 -0.00411483 0)
(0.032086 -0.0042241 0)
(0.0335315 -0.00432374 0)
(0.0349768 -0.00441294 0)
(0.0364186 -0.00449096 0)
(0.0378537 -0.00455713 0)
(0.0392787 -0.00461087 0)
(0.0406905 -0.00465166 0)
(0.0420856 -0.0046791 0)
(0.0434609 -0.00469289 0)
(0.0448131 -0.00469286 0)
(0.0461391 -0.00467892 0)
(0.047436 -0.00465115 0)
(0.0487009 -0.00460972 0)
(0.0499311 -0.00455492 0)
(0.0511242 -0.00448719 0)
(0.0522778 -0.00440705 0)
(0.0533899 -0.00431516 0)
(0.0544588 -0.00421225 0)
(0.0554829 -0.00409916 0)
(0.0564609 -0.00397681 0)
(0.0573919 -0.00384616 0)
(0.0582751 -0.00370826 0)
(0.0591101 -0.00356415 0)
(0.0598968 -0.00341492 0)
(0.0606352 -0.00326167 0)
(0.0613257 -0.00310547 0)
(0.0619688 -0.00294739 0)
(0.0625653 -0.00278844 0)
(0.0631162 -0.00262962 0)
(0.0636226 -0.00247184 0)
(0.0640858 -0.00231598 0)
(0.0645074 -0.0021628 0)
(0.0648888 -0.00201304 0)
(0.0652317 -0.00186733 0)
(0.0655378 -0.00172623 0)
(0.0658088 -0.00159021 0)
(0.0660467 -0.00145967 0)
(0.0662532 -0.00133493 0)
(0.0664302 -0.00121622 0)
(0.0665794 -0.00110374 0)
(0.0667028 -0.000997583 0)
(0.066802 -0.000897799 0)
(0.0668788 -0.000804381 0)
(0.0669349 -0.000717272 0)
(0.0669719 -0.00063637 0)
(0.0669914 -0.000561535 0)
(0.0669949 -0.000492594 0)
(0.0669838 -0.000429346 0)
(0.0669595 -0.000371568 0)
(0.0669233 -0.000319017 0)
(0.0668764 -0.000271437 0)
(0.06682 -0.000228562 0)
(0.0667552 -0.00019012 0)
(0.0666829 -0.000155835 0)
(0.0666042 -0.000125432 0)
(0.0665199 -9.8637e-05 0)
(0.0664308 -7.51815e-05 0)
(0.0663376 -5.48027e-05 0)
(0.0662412 -3.72456e-05 0)
(0.0661419 -2.22645e-05 0)
(0.0660406 -9.6239e-06 0)
(0.0659377 9.01003e-07 0)
(0.0658336 9.52337e-06 0)
(0.0657288 1.64445e-05 0)
(0.0656236 2.18536e-05 0)
(0.0655185 2.59276e-05 0)
(0.0654136 2.88313e-05 0)
(0.0653094 3.07177e-05 0)
(0.0652059 3.17277e-05 0)
(0.0651035 3.19911e-05 0)
(0.0650022 3.16264e-05 0)
(0.0649022 3.07417e-05 0)
(0.0648037 2.94347e-05 0)
(0.0647067 2.77936e-05 0)
(0.0646113 2.58976e-05 0)
(0.0645175 2.38171e-05 0)
(0.0644255 2.16146e-05 0)
(0.0643352 1.9345e-05 0)
(0.0642466 1.70562e-05 0)
(0.0641598 1.47897e-05 0)
(0.0640748 1.25811e-05 0)
(0.0639915 1.04604e-05 0)
(0.0639098 8.45272e-06 0)
(0.0638299 6.57851e-06 0)
(0.0637516 4.85423e-06 0)
(0.0636749 3.29257e-06 0)
(0.0635997 1.90291e-06 0)
(0.0635261 6.9167e-07 0)
(0.0634538 -3.37379e-07 0)
(0.063383 -1.18278e-06 0)
(0.0633136 -1.84509e-06 0)
(0.0632454 -2.32667e-06 0)
(0.0631785 -2.63136e-06 0)
(0.0631128 -2.76434e-06 0)
(0.0630482 -2.73185e-06 0)
(0.0629847 -2.54106e-06 0)
(0.0629222 -2.19987e-06 0)
(0.0628607 -1.71678e-06 0)
(0.0628001 -1.10075e-06 0)
(0.0627405 -3.61088e-07 0)
(0.0626816 4.92687e-07 0)
(0.0626236 1.4509e-06 0)
(0.0625663 2.50383e-06 0)
(0.0625098 3.64177e-06 0)
(0.0624539 4.85507e-06 0)
(0.0623987 6.13424e-06 0)
(0.0623441 7.46997e-06 0)
(0.0622901 8.85313e-06 0)
(0.0622366 1.02749e-05 0)
(0.0621837 1.17267e-05 0)
(0.0621313 1.32003e-05 0)
(0.0620793 1.46877e-05 0)
(0.0620278 1.61814e-05 0)
(0.0619768 1.76742e-05 0)
(0.0619262 1.91592e-05 0)
(0.061876 2.06301e-05 0)
(0.0618263 2.20809e-05 0)
(0.0617769 2.3506e-05 0)
(0.0617279 2.49003e-05 0)
(0.0616792 2.62592e-05 0)
(0.061631 2.75786e-05 0)
(0.0615831 2.88551e-05 0)
(0.0615355 3.00858e-05 0)
(0.0614883 3.12684e-05 0)
(0.0614415 3.24014e-05 0)
(0.0613951 3.34845e-05 0)
(0.0613489 3.45181e-05 0)
(0.0613032 3.5504e-05 0)
(0.0612578 3.64458e-05 0)
(0.0612128 3.73489e-05 0)
(0.0611681 3.82215e-05 0)
(0.0611239 3.90757e-05 0)
(0.06108 3.99278e-05 0)
(0.0610365 4.08016e-05 0)
(0.0609934 4.17298e-05 0)
(0.0609508 4.27584e-05 0)
(0.0609086 4.39565e-05 0)
(0.0608668 4.54105e-05 0)
(0.0608256 4.72772e-05 0)
(0.0607849 4.9711e-05 0)
(0.0607449 5.31733e-05 0)
(0.0607058 5.75702e-05 0)
(0.0606674 6.46616e-05 0)
(0.0606273 7.88612e-05 0)
(-0.00069345 0.00309348 0)
(-0.00209161 0.00472141 0)
(-0.00255526 0.00495032 0)
(-0.00279443 0.00450326 0)
(-0.00263113 0.00403081 0)
(-0.00238447 0.0035641 0)
(-0.00199266 0.00316013 0)
(-0.00154015 0.00280215 0)
(-0.00101819 0.00248575 0)
(-0.000452344 0.00220232 0)
(0.000155437 0.00194532 0)
(0.000795834 0.00170994 0)
(0.00146624 0.00149193 0)
(0.00216274 0.00128828 0)
(0.00288359 0.00109634 0)
(0.00362705 0.000914101 0)
(0.00439216 0.000739814 0)
(0.00517815 0.00057207 0)
(0.00598462 0.000409639 0)
(0.0068113 0.000251477 0)
(0.00765814 9.66607e-05 0)
(0.00852516 -5.56209e-05 0)
(0.00941251 -0.000206094 0)
(0.0103204 -0.000355413 0)
(0.0112491 -0.000504168 0)
(0.012199 -0.000652898 0)
(0.0131702 -0.000802091 0)
(0.0141633 -0.000952189 0)
(0.0151786 -0.00110359 0)
(0.0162163 -0.00125665 0)
(0.0172767 -0.00141168 0)
(0.0183602 -0.00156894 0)
(0.019467 -0.00172864 0)
(0.0205971 -0.00189094 0)
(0.0217507 -0.00205595 0)
(0.0229278 -0.0022237 0)
(0.0241283 -0.00239417 0)
(0.0253519 -0.00256726 0)
(0.0265984 -0.00274283 0)
(0.0278673 -0.00292062 0)
(0.0291581 -0.00310032 0)
(0.03047 -0.00328153 0)
(0.0318022 -0.00346379 0)
(0.0331537 -0.00364654 0)
(0.0345234 -0.00382915 0)
(0.0359099 -0.00401091 0)
(0.0373117 -0.00419106 0)
(0.0387273 -0.00436874 0)
(0.0401548 -0.00454307 0)
(0.0415922 -0.00471308 0)
(0.0430374 -0.00487779 0)
(0.0444881 -0.00503616 0)
(0.045942 -0.00518716 0)
(0.0473964 -0.00532972 0)
(0.0488486 -0.00546279 0)
(0.0502959 -0.00558534 0)
(0.0517353 -0.00569635 0)
(0.0531638 -0.00579486 0)
(0.0545785 -0.00587996 0)
(0.0559761 -0.00595084 0)
(0.0573535 -0.00600674 0)
(0.0587078 -0.00604702 0)
(0.0600357 -0.00607114 0)
(0.0613344 -0.00607872 0)
(0.0626008 -0.00606946 0)
(0.0638321 -0.00604324 0)
(0.0650259 -0.00600008 0)
(0.0661795 -0.00594015 0)
(0.0672906 -0.00586375 0)
(0.0683574 -0.00577136 0)
(0.0693779 -0.00566359 0)
(0.0703506 -0.00554121 0)
(0.0712744 -0.00540508 0)
(0.0721481 -0.00525621 0)
(0.0729711 -0.00509571 0)
(0.0737432 -0.00492477 0)
(0.074464 -0.00474465 0)
(0.0751339 -0.00455666 0)
(0.0757533 -0.00436216 0)
(0.0763229 -0.0041625 0)
(0.0768437 -0.00395904 0)
(0.0773167 -0.00375313 0)
(0.0777433 -0.00354605 0)
(0.078125 -0.00333906 0)
(0.0784634 -0.00313334 0)
(0.0787604 -0.00292997 0)
(0.0790178 -0.00272999 0)
(0.0792374 -0.00253431 0)
(0.0794212 -0.00234375 0)
(0.0795712 -0.00215905 0)
(0.0796895 -0.00198081 0)
(0.079778 -0.00180957 0)
(0.0798387 -0.00164575 0)
(0.0798735 -0.00148968 0)
(0.0798843 -0.00134159 0)
(0.0798729 -0.00120164 0)
(0.0798412 -0.00106992 0)
(0.0797908 -0.000946415 0)
(0.0797233 -0.000831084 0)
(0.0796404 -0.000723807 0)
(0.0795435 -0.00062442 0)
(0.0794341 -0.000532713 0)
(0.0793134 -0.000448443 0)
(0.0791827 -0.000371333 0)
(0.0790432 -0.000301084 0)
(0.078896 -0.000237377 0)
(0.0787421 -0.000179879 0)
(0.0785825 -0.000128247 0)
(0.0784181 -8.21344e-05 0)
(0.0782498 -4.1191e-05 0)
(0.0780781 -5.0694e-06 0)
(0.0779039 2.65736e-05 0)
(0.0777279 5.40745e-05 0)
(0.0775505 7.77608e-05 0)
(0.0773723 9.79492e-05 0)
(0.0771938 0.000114945 0)
(0.0770155 0.000129039 0)
(0.0768376 0.000140511 0)
(0.0766607 0.000149622 0)
(0.0764849 0.000156623 0)
(0.0763105 0.000161746 0)
(0.0761378 0.00016521 0)
(0.0759671 0.000167218 0)
(0.0757984 0.00016796 0)
(0.0756319 0.000167608 0)
(0.0754678 0.000166325 0)
(0.0753061 0.000164256 0)
(0.0751469 0.000161535 0)
(0.0749904 0.000158285 0)
(0.0748364 0.000154613 0)
(0.0746852 0.00015062 0)
(0.0745367 0.000146393 0)
(0.0743908 0.00014201 0)
(0.0742477 0.000137541 0)
(0.0741072 0.000133045 0)
(0.0739694 0.000128576 0)
(0.0738342 0.000124178 0)
(0.0737017 0.000119891 0)
(0.0735716 0.000115746 0)
(0.0734441 0.00011177 0)
(0.073319 0.000107985 0)
(0.0731963 0.000104408 0)
(0.073076 0.000101052 0)
(0.0729579 9.79263e-05 0)
(0.0728421 9.50366e-05 0)
(0.0727284 9.23862e-05 0)
(0.0726168 8.99754e-05 0)
(0.0725073 8.78025e-05 0)
(0.0723998 8.58639e-05 0)
(0.0722942 8.41541e-05 0)
(0.0721904 8.26664e-05 0)
(0.0720885 8.13929e-05 0)
(0.0719883 8.03245e-05 0)
(0.0718898 7.94516e-05 0)
(0.0717929 7.87637e-05 0)
(0.0716977 7.82501e-05 0)
(0.071604 7.78994e-05 0)
(0.0715117 7.77003e-05 0)
(0.0714209 7.76412e-05 0)
(0.0713316 7.77105e-05 0)
(0.0712435 7.78965e-05 0)
(0.0711568 7.81879e-05 0)
(0.0710713 7.85732e-05 0)
(0.0709871 7.90413e-05 0)
(0.0709041 7.95816e-05 0)
(0.0708222 8.01833e-05 0)
(0.0707415 8.08362e-05 0)
(0.0706619 8.15306e-05 0)
(0.0705833 8.22569e-05 0)
(0.0705058 8.30061e-05 0)
(0.0704293 8.37694e-05 0)
(0.0703537 8.45388e-05 0)
(0.0702792 8.53065e-05 0)
(0.0702056 8.60653e-05 0)
(0.0701329 8.68083e-05 0)
(0.0700611 8.75295e-05 0)
(0.0699902 8.82233e-05 0)
(0.0699202 8.88846e-05 0)
(0.0698511 8.95091e-05 0)
(0.0697827 9.00933e-05 0)
(0.0697153 9.06343e-05 0)
(0.0696486 9.11304e-05 0)
(0.0695828 9.15806e-05 0)
(0.0695178 9.19856e-05 0)
(0.0694535 9.23472e-05 0)
(0.0693901 9.26693e-05 0)
(0.0693275 9.29582e-05 0)
(0.0692656 9.32229e-05 0)
(0.0692045 9.34769e-05 0)
(0.0691443 9.37384e-05 0)
(0.0690848 9.40334e-05 0)
(0.0690262 9.43978e-05 0)
(0.0689684 9.48826e-05 0)
(0.0689116 9.55575e-05 0)
(0.0688558 9.65323e-05 0)
(0.0688011 9.7948e-05 0)
(0.0687478 0.00010007 0)
(0.0686962 0.000103045 0)
(0.0686464 0.000108573 0)
(0.0685997 0.000117222 0)
(-0.000179835 0.0055968 0)
(-0.000141354 0.0056148 0)
(0.000994364 0.00502256 0)
(0.00217712 0.00400048 0)
(0.00361903 0.0032896 0)
(0.00502327 0.00272366 0)
(0.00646473 0.00226339 0)
(0.00787351 0.00187985 0)
(0.00926761 0.00154562 0)
(0.0106345 0.00125071 0)
(0.01198 0.000984249 0)
(0.0133042 0.000740842 0)
(0.0146105 0.000515331 0)
(0.015901 0.000304378 0)
(0.0171783 0.00010506 0)
(0.0184444 -8.48092e-05 0)
(0.0197016 -0.000267085 0)
(0.0209515 -0.000443267 0)
(0.022196 -0.000614636 0)
(0.0234365 -0.000782276 0)
(0.0246745 -0.000947128 0)
(0.0259114 -0.00111002 0)
(0.0271484 -0.00127167 0)
(0.0283866 -0.00143274 0)
(0.0296272 -0.0015938 0)
(0.0308711 -0.00175537 0)
(0.0321194 -0.00191792 0)
(0.0333727 -0.00208186 0)
(0.034632 -0.00224756 0)
(0.0358979 -0.00241533 0)
(0.037171 -0.00258542 0)
(0.0384518 -0.00275804 0)
(0.0397407 -0.00293335 0)
(0.0410381 -0.00311144 0)
(0.0423442 -0.00329233 0)
(0.043659 -0.00347598 0)
(0.0449826 -0.00366229 0)
(0.0463147 -0.00385105 0)
(0.047655 -0.00404202 0)
(0.0490032 -0.00423485 0)
(0.0503586 -0.0044291 0)
(0.0517204 -0.00462427 0)
(0.0530879 -0.00481975 0)
(0.0544599 -0.00501486 0)
(0.0558352 -0.00520884 0)
(0.0572125 -0.00540085 0)
(0.0585902 -0.00558996 0)
(0.0599666 -0.00577519 0)
(0.0613399 -0.00595548 0)
(0.0627081 -0.00612975 0)
(0.064069 -0.00629685 0)
(0.0654203 -0.0064556 0)
(0.0667595 -0.00660481 0)
(0.0680843 -0.00674328 0)
(0.0693919 -0.00686984 0)
(0.0706796 -0.00698331 0)
(0.0719447 -0.00708259 0)
(0.0731843 -0.00716661 0)
(0.0743957 -0.0072344 0)
(0.0755761 -0.00728507 0)
(0.0767226 -0.00731786 0)
(0.0778327 -0.0073321 0)
(0.0789037 -0.00732729 0)
(0.0799332 -0.00730308 0)
(0.080919 -0.00725927 0)
(0.081859 -0.00719586 0)
(0.0827514 -0.007113 0)
(0.0835946 -0.00701104 0)
(0.0843874 -0.00689049 0)
(0.0851288 -0.00675207 0)
(0.0858181 -0.00659664 0)
(0.0864549 -0.00642522 0)
(0.0870393 -0.006239 0)
(0.0875715 -0.00603926 0)
(0.088052 -0.00582742 0)
(0.0884819 -0.00560497 0)
(0.0888622 -0.00537347 0)
(0.0891943 -0.00513452 0)
(0.08948 -0.00488975 0)
(0.0897209 -0.00464076 0)
(0.0899192 -0.00438914 0)
(0.0900768 -0.00413644 0)
(0.090196 -0.00388414 0)
(0.0902791 -0.00363362 0)
(0.0903283 -0.00338619 0)
(0.0903459 -0.00314306 0)
(0.0903342 -0.0029053 0)
(0.0902954 -0.00267389 0)
(0.0902318 -0.00244967 0)
(0.0901454 -0.00223338 0)
(0.0900383 -0.00202562 0)
(0.0899123 -0.00182688 0)
(0.0897694 -0.00163754 0)
(0.0896112 -0.00145789 0)
(0.0894393 -0.00128809 0)
(0.0892554 -0.00112824 0)
(0.0890607 -0.000978329 0)
(0.0888566 -0.000838298 0)
(0.0886444 -0.000708004 0)
(0.0884251 -0.000587253 0)
(0.0881998 -0.000475796 0)
(0.0879694 -0.000373345 0)
(0.0877349 -0.000279576 0)
(0.087497 -0.000194135 0)
(0.0872565 -0.000116645 0)
(0.0870141 -4.67155e-05 0)
(0.0867703 1.60591e-05 0)
(0.0865257 7.20891e-05 0)
(0.0862809 0.000121788 0)
(0.0860363 0.000165568 0)
(0.0857923 0.000203836 0)
(0.0855494 0.000236992 0)
(0.0853078 0.000265428 0)
(0.0850679 0.000289523 0)
(0.0848299 0.000309641 0)
(0.0845941 0.000326133 0)
(0.0843608 0.000339336 0)
(0.08413 0.000349566 0)
(0.083902 0.000357127 0)
(0.083677 0.000362302 0)
(0.083455 0.000365358 0)
(0.0832361 0.000366544 0)
(0.0830204 0.000366094 0)
(0.0828081 0.000364221 0)
(0.0825991 0.000361126 0)
(0.0823936 0.00035699 0)
(0.0821914 0.000351982 0)
(0.0819927 0.000346255 0)
(0.0817975 0.000339947 0)
(0.0816057 0.000333182 0)
(0.0814173 0.000326075 0)
(0.0812323 0.000318725 0)
(0.0810508 0.000311223 0)
(0.0808725 0.000303646 0)
(0.0806977 0.000296065 0)
(0.080526 0.00028854 0)
(0.0803576 0.000281122 0)
(0.0801924 0.000273856 0)
(0.0800303 0.00026678 0)
(0.0798713 0.000259924 0)
(0.0797153 0.000253312 0)
(0.0795622 0.000246967 0)
(0.079412 0.000240901 0)
(0.0792647 0.000235126 0)
(0.0791201 0.00022965 0)
(0.0789782 0.000224476 0)
(0.078839 0.000219604 0)
(0.0787024 0.000215034 0)
(0.0785682 0.000210761 0)
(0.0784366 0.000206779 0)
(0.0783073 0.000203081 0)
(0.0781804 0.000199658 0)
(0.0780558 0.000196499 0)
(0.0779334 0.000193595 0)
(0.0778132 0.000190932 0)
(0.0776952 0.000188499 0)
(0.0775792 0.000186283 0)
(0.0774652 0.000184272 0)
(0.0773532 0.00018245 0)
(0.0772431 0.000180807 0)
(0.0771349 0.000179327 0)
(0.0770285 0.000177999 0)
(0.0769239 0.000176809 0)
(0.0768211 0.000175744 0)
(0.07672 0.000174791 0)
(0.0766205 0.000173939 0)
(0.0765227 0.000173176 0)
(0.0764264 0.000172489 0)
(0.0763317 0.000171869 0)
(0.0762385 0.000171304 0)
(0.0761468 0.000170784 0)
(0.0760565 0.0001703 0)
(0.0759677 0.000169842 0)
(0.0758803 0.000169402 0)
(0.0757942 0.000168971 0)
(0.0757095 0.000168543 0)
(0.075626 0.000168109 0)
(0.0755439 0.000167664 0)
(0.075463 0.000167202 0)
(0.0753834 0.000166718 0)
(0.0753049 0.000166208 0)
(0.0752277 0.000165669 0)
(0.0751516 0.000165099 0)
(0.0750767 0.000164496 0)
(0.075003 0.000163862 0)
(0.0749304 0.000163196 0)
(0.0748589 0.000162504 0)
(0.0747885 0.000161791 0)
(0.0747192 0.000161064 0)
(0.074651 0.000160337 0)
(0.0745839 0.000159624 0)
(0.0745179 0.000158946 0)
(0.0744531 0.000158334 0)
(0.0743896 0.000157824 0)
(0.0743274 0.000157473 0)
(0.0742667 0.000157347 0)
(0.0742079 0.000157566 0)
(0.0741513 0.000158241 0)
(0.0740976 0.000160585 0)
(0.0740504 0.000161223 0)
(0.00500173 0.00204424 0)
(0.00750196 0.00308232 0)
(0.0124142 0.00263038 0)
(0.0156559 0.00201696 0)
(0.0187341 0.0013967 0)
(0.0213753 0.000898806 0)
(0.0237917 0.000485594 0)
(0.0260152 0.000147265 0)
(0.0280973 -0.000141021 0)
(0.0300644 -0.00039199 0)
(0.0319385 -0.000616882 0)
(0.0337347 -0.000822403 0)
(0.035465 -0.00101362 0)
(0.0371385 -0.00119392 0)
(0.0387627 -0.00136587 0)
(0.0403437 -0.00153138 0)
(0.0418866 -0.00169198 0)
(0.0433956 -0.00184888 0)
(0.0448743 -0.00200313 0)
(0.0463259 -0.00215559 0)
(0.0477533 -0.00230704 0)
(0.0491589 -0.00245813 0)
(0.0505448 -0.00260946 0)
(0.0519131 -0.00276156 0)
(0.0532655 -0.00291489 0)
(0.0546037 -0.00306988 0)
(0.0559289 -0.00322688 0)
(0.0572426 -0.00338623 0)
(0.0585458 -0.00354818 0)
(0.0598395 -0.00371297 0)
(0.0611246 -0.00388075 0)
(0.0624017 -0.00405163 0)
(0.0636715 -0.00422569 0)
(0.0649343 -0.00440289 0)
(0.0661906 -0.00458318 0)
(0.0674403 -0.00476641 0)
(0.0686835 -0.00495235 0)
(0.0699201 -0.00514071 0)
(0.0711497 -0.00533111 0)
(0.072372 -0.00552308 0)
(0.0735862 -0.00571607 0)
(0.0747917 -0.00590944 0)
(0.0759875 -0.00610245 0)
(0.0771724 -0.00629429 0)
(0.0783453 -0.00648405 0)
(0.0795046 -0.00667075 0)
(0.0806489 -0.00685332 0)
(0.0817765 -0.00703062 0)
(0.0828853 -0.00720147 0)
(0.0839736 -0.00736462 0)
(0.085039 -0.00751878 0)
(0.0860795 -0.00766265 0)
(0.0870927 -0.0077949 0)
(0.0880762 -0.00791422 0)
(0.0890276 -0.00801932 0)
(0.0899444 -0.00810895 0)
(0.0908242 -0.00818192 0)
(0.0916646 -0.00823713 0)
(0.0924633 -0.00827357 0)
(0.0932181 -0.00829037 0)
(0.0939268 -0.00828679 0)
(0.0945877 -0.00826226 0)
(0.095199 -0.00821636 0)
(0.0957592 -0.00814889 0)
(0.0962674 -0.00805984 0)
(0.0967227 -0.00794939 0)
(0.0971245 -0.00781797 0)
(0.0974728 -0.00766618 0)
(0.0977678 -0.00749485 0)
(0.0980102 -0.007305 0)
(0.0982009 -0.00709783 0)
(0.0983412 -0.00687472 0)
(0.098433 -0.00663717 0)
(0.098478 -0.00638682 0)
(0.0984787 -0.0061254 0)
(0.0984375 -0.00585471 0)
(0.0983571 -0.00557658 0)
(0.0982403 -0.00529285 0)
(0.0980901 -0.00500535 0)
(0.0979096 -0.00471587 0)
(0.0977016 -0.00442614 0)
(0.0974692 -0.00413778 0)
(0.0972154 -0.00385233 0)
(0.0969428 -0.0035712 0)
(0.0966543 -0.0032957 0)
(0.0963523 -0.00302697 0)
(0.0960393 -0.00276603 0)
(0.0957173 -0.00251377 0)
(0.0953884 -0.00227093 0)
(0.0950544 -0.00203811 0)
(0.094717 -0.0018158 0)
(0.0943774 -0.00160436 0)
(0.0940371 -0.00140402 0)
(0.0936971 -0.00121493 0)
(0.0933583 -0.00103713 0)
(0.0930215 -0.000870591 0)
(0.0926874 -0.000715178 0)
(0.0923565 -0.00057071 0)
(0.0920294 -0.000436942 0)
(0.0917062 -0.000313576 0)
(0.0913874 -0.000200277 0)
(0.0910731 -9.66706e-05 0)
(0.0907635 -2.35734e-06 0)
(0.0904586 8.30843e-05 0)
(0.0901586 0.000160091 0)
(0.0898634 0.000229111 0)
(0.0895732 0.000290595 0)
(0.0892877 0.000344999 0)
(0.0890071 0.000392775 0)
(0.0887313 0.000434368 0)
(0.0884602 0.000470218 0)
(0.0881937 0.000500752 0)
(0.0879319 0.000526386 0)
(0.0876746 0.000547521 0)
(0.0874218 0.000564541 0)
(0.0871734 0.000577817 0)
(0.0869293 0.0005877 0)
(0.0866894 0.000594523 0)
(0.0864538 0.000598603 0)
(0.0862223 0.000600236 0)
(0.085995 0.000599701 0)
(0.0857716 0.000597258 0)
(0.0855522 0.00059315 0)
(0.0853367 0.0005876 0)
(0.085125 0.000580818 0)
(0.0849172 0.000572992 0)
(0.084713 0.000564299 0)
(0.0845126 0.000554897 0)
(0.0843158 0.000544932 0)
(0.0841226 0.000534534 0)
(0.0839329 0.000523821 0)
(0.0837467 0.000512899 0)
(0.0835639 0.00050186 0)
(0.0833844 0.000490788 0)
(0.0832083 0.000479755 0)
(0.0830355 0.000468824 0)
(0.0828659 0.000458051 0)
(0.0826994 0.00044748 0)
(0.0825361 0.000437151 0)
(0.0823758 0.000427097 0)
(0.0822185 0.000417344 0)
(0.0820642 0.000407913 0)
(0.0819128 0.000398819 0)
(0.0817642 0.000390073 0)
(0.0816185 0.000381684 0)
(0.0814755 0.000373655 0)
(0.0813352 0.000365987 0)
(0.0811975 0.000358677 0)
(0.0810625 0.000351722 0)
(0.08093 0.000345114 0)
(0.0808001 0.000338847 0)
(0.0806726 0.00033291 0)
(0.0805475 0.000327292 0)
(0.0804248 0.000321981 0)
(0.0803044 0.000316966 0)
(0.0801863 0.000312232 0)
(0.0800704 0.000307766 0)
(0.0799567 0.000303554 0)
(0.0798452 0.000299581 0)
(0.0797357 0.000295833 0)
(0.0796283 0.000292297 0)
(0.0795229 0.000288957 0)
(0.0794196 0.000285799 0)
(0.0793181 0.00028281 0)
(0.0792185 0.000279975 0)
(0.0791208 0.000277283 0)
(0.079025 0.000274719 0)
(0.0789309 0.000272271 0)
(0.0788385 0.000269926 0)
(0.0787479 0.000267674 0)
(0.0786589 0.000265503 0)
(0.0785716 0.000263403 0)
(0.0784859 0.000261362 0)
(0.0784018 0.000259371 0)
(0.0783192 0.000257422 0)
(0.0782381 0.000255505 0)
(0.0781585 0.000253613 0)
(0.0780804 0.000251738 0)
(0.0780037 0.000249874 0)
(0.0779284 0.000248015 0)
(0.0778544 0.000246155 0)
(0.0777818 0.00024429 0)
(0.0777105 0.000242416 0)
(0.0776405 0.000240532 0)
(0.0775718 0.000238635 0)
(0.0775044 0.000236725 0)
(0.0774381 0.000234802 0)
(0.0773731 0.000232869 0)
(0.0773093 0.000230928 0)
(0.0772467 0.000228983 0)
(0.0771853 0.00022704 0)
(0.0771251 0.000225103 0)
(0.0770662 0.000223178 0)
(0.0770086 0.000221266 0)
(0.0769525 0.000219363 0)
(0.0768979 0.00021745 0)
(0.0768453 0.000215504 0)
(0.076795 0.000213428 0)
(0.0767479 0.000211798 0)
(0.0767086 0.000203512 0)
(0.0344491 -1.69461e-06 0)
(0.034603 -0.000145523 0)
(0.0349197 -0.000262833 0)
(0.0353516 -0.000325028 0)
(0.0358457 -0.000363063 0)
(0.0364834 -0.00043742 0)
(0.0371408 -0.0003163 0)
(0.0378173 -0.000769363 0)
(0.0908647 -5.36755e-06 0)
(0.0906414 -0.000125871 0)
(0.0905741 -0.000288158 0)
(0.0906079 -0.000453091 0)
(0.0907514 -0.000630584 0)
(0.0909796 -0.00080684 0)
(0.0913224 -0.00100082 0)
(0.0921931 -0.00166345 0)
(0.128437 -9.14151e-06 0)
(0.128259 -8.9214e-05 0)
(0.128172 -0.000212111 0)
(0.128132 -0.000368573 0)
(0.12812 -0.000550914 0)
(0.128137 -0.000762744 0)
(0.128223 -0.00108812 0)
(0.12822 -0.00150497 0)
(0.147212 -1.30677e-05 0)
(0.147034 -9.98268e-05 0)
(0.146936 -0.000213385 0)
(0.146873 -0.000354054 0)
(0.146821 -0.000525175 0)
(0.146778 -0.00074469 0)
(0.146719 -0.00101128 0)
(0.146652 -0.00136403 0)
(0.147217 -1.83655e-05 0)
(0.147038 -0.000107472 0)
(0.146928 -0.000205895 0)
(0.146841 -0.000323728 0)
(0.146751 -0.000471839 0)
(0.146638 -0.000656504 0)
(0.146491 -0.000892997 0)
(0.146286 -0.00118176 0)
(0.12845 -2.61046e-05 0)
(0.128254 -0.000123568 0)
(0.128113 -0.000208864 0)
(0.127976 -0.000301979 0)
(0.127816 -0.000417978 0)
(0.127617 -0.000568023 0)
(0.127364 -0.000755541 0)
(0.127039 -0.000979909 0)
(0.0908857 -4.00741e-05 0)
(0.0906068 -0.000102205 0)
(0.0903893 -0.000132603 0)
(0.0901721 -0.000173732 0)
(0.0899278 -0.000244131 0)
(0.0896333 -0.000347723 0)
(0.0892665 -0.000481529 0)
(0.0888047 -0.000636885 0)
(0.0344545 -4.61363e-05 0)
(0.0343728 -2.4568e-05 0)
(0.0343218 7.66045e-06 0)
(0.0342693 6.60329e-06 0)
(0.0341575 -2.6036e-05 0)
(0.0339586 -7.8067e-05 0)
(0.0336577 -0.000136636 0)
(0.0332497 -0.000191172 0)
(0.0404844 -0.00349303 0)
(0.0433931 -0.00318671 0)
(0.0460318 -0.00286979 0)
(0.0485946 -0.00256168 0)
(0.0509446 -0.00241102 0)
(0.0531327 -0.00235522 0)
(0.0551806 -0.00236504 0)
(0.0571137 -0.00241248 0)
(0.0589508 -0.0024822 0)
(0.0607058 -0.00256477 0)
(0.0623893 -0.00265511 0)
(0.0640092 -0.00275031 0)
(0.0655718 -0.00284883 0)
(0.0670823 -0.00294981 0)
(0.068545 -0.00305284 0)
(0.0699636 -0.00315773 0)
(0.0713414 -0.00326446 0)
(0.0726812 -0.00337312 0)
(0.0739856 -0.00348384 0)
(0.0752569 -0.0035968 0)
(0.0764971 -0.00371221 0)
(0.0777082 -0.00383029 0)
(0.0788919 -0.00395124 0)
(0.0800497 -0.0040753 0)
(0.081183 -0.00420265 0)
(0.0822931 -0.00433348 0)
(0.083381 -0.00446795 0)
(0.0844477 -0.00460619 0)
(0.0854942 -0.00474831 0)
(0.086521 -0.00489435 0)
(0.0875289 -0.00504435 0)
(0.0885181 -0.00519827 0)
(0.0894891 -0.00535602 0)
(0.0904421 -0.00551748 0)
(0.091377 -0.00568242 0)
(0.0922937 -0.00585058 0)
(0.0931921 -0.0060216 0)
(0.0940717 -0.00619506 0)
(0.0949321 -0.00637043 0)
(0.0957724 -0.00654712 0)
(0.096592 -0.00672443 0)
(0.0973898 -0.00690159 0)
(0.0981646 -0.00707771 0)
(0.0989153 -0.00725184 0)
(0.0996403 -0.00742293 0)
(0.100338 -0.00758985 0)
(0.101007 -0.00775138 0)
(0.101646 -0.00790626 0)
(0.102252 -0.00805315 0)
(0.102823 -0.00819068 0)
(0.103358 -0.00831743 0)
(0.103855 -0.008432 0)
(0.104311 -0.00853297 0)
(0.104724 -0.00861894 0)
(0.105092 -0.00868858 0)
(0.105414 -0.00874061 0)
(0.105687 -0.00877385 0)
(0.10591 -0.00878723 0)
(0.106082 -0.00877982 0)
(0.1062 -0.00875087 0)
(0.106266 -0.00869979 0)
(0.106277 -0.0086262 0)
(0.106233 -0.00852995 0)
(0.106136 -0.00841109 0)
(0.105985 -0.00826995 0)
(0.105782 -0.00810707 0)
(0.105528 -0.00792322 0)
(0.105225 -0.00771944 0)
(0.104875 -0.00749695 0)
(0.104482 -0.00725717 0)
(0.104048 -0.00700173 0)
(0.103576 -0.00673235 0)
(0.103072 -0.00645092 0)
(0.102538 -0.00615938 0)
(0.101978 -0.00585974 0)
(0.101398 -0.00555401 0)
(0.1008 -0.00524418 0)
(0.100189 -0.00493223 0)
(0.0995683 -0.00462002 0)
(0.0989426 -0.00430935 0)
(0.0983151 -0.00400187 0)
(0.0976891 -0.00369913 0)
(0.0970676 -0.00340251 0)
(0.0964533 -0.00311325 0)
(0.0958486 -0.00283243 0)
(0.0952556 -0.00256098 0)
(0.094676 -0.00229967 0)
(0.0941113 -0.00204914 0)
(0.0935625 -0.00180985 0)
(0.0930306 -0.00158219 0)
(0.0925162 -0.00136638 0)
(0.0920197 -0.00116255 0)
(0.0915411 -0.000970736 0)
(0.0910805 -0.000790871 0)
(0.0906377 -0.000622822 0)
(0.0902124 -0.000466385 0)
(0.0898041 -0.000321298 0)
(0.0894124 -0.00018725 0)
(0.0890365 -6.38903e-05 0)
(0.088676 4.91661e-05 0)
(0.08833 0.00015233 0)
(0.087998 0.000246032 0)
(0.0876791 0.000330717 0)
(0.0873727 0.000406842 0)
(0.087078 0.000474866 0)
(0.0867943 0.000535251 0)
(0.0865211 0.000588458 0)
(0.0862575 0.000634943 0)
(0.0860031 0.000675152 0)
(0.0857572 0.000709525 0)
(0.0855193 0.000738488 0)
(0.0852888 0.000762456 0)
(0.0850653 0.000781828 0)
(0.0848484 0.000796989 0)
(0.0846375 0.000808307 0)
(0.0844323 0.000816134 0)
(0.0842326 0.000820804 0)
(0.0840379 0.000822632 0)
(0.0838479 0.00082192 0)
(0.0836624 0.000818947 0)
(0.0834812 0.000813977 0)
(0.083304 0.000807257 0)
(0.0831307 0.000799016 0)
(0.082961 0.000789467 0)
(0.0827949 0.000778806 0)
(0.082632 0.000767213 0)
(0.0824725 0.000754856 0)
(0.082316 0.000741884 0)
(0.0821625 0.000728435 0)
(0.082012 0.000714634 0)
(0.0818643 0.000700593 0)
(0.0817194 0.00068641 0)
(0.0815772 0.000672177 0)
(0.0814376 0.000657971 0)
(0.0813007 0.000643861 0)
(0.0811662 0.000629908 0)
(0.0810343 0.000616163 0)
(0.0809048 0.000602671 0)
(0.0807777 0.000589469 0)
(0.080653 0.000576587 0)
(0.0805306 0.000564051 0)
(0.0804105 0.00055188 0)
(0.0802927 0.000540089 0)
(0.0801772 0.000528688 0)
(0.0800639 0.000517684 0)
(0.0799528 0.00050708 0)
(0.0798438 0.000496877 0)
(0.079737 0.000487072 0)
(0.0796323 0.000477661 0)
(0.0795297 0.000468636 0)
(0.0794291 0.000459989 0)
(0.0793306 0.000451711 0)
(0.079234 0.000443791 0)
(0.0791395 0.000436216 0)
(0.0790469 0.000428973 0)
(0.0789562 0.000422049 0)
(0.0788674 0.000415431 0)
(0.0787804 0.000409103 0)
(0.0786953 0.000403052 0)
(0.078612 0.000397262 0)
(0.0785305 0.00039172 0)
(0.0784507 0.00038641 0)
(0.0783727 0.000381319 0)
(0.0782963 0.000376432 0)
(0.0782216 0.000371735 0)
(0.0781486 0.000367214 0)
(0.0780771 0.000362857 0)
(0.0780072 0.00035865 0)
(0.0779389 0.000354581 0)
(0.0778721 0.000350638 0)
(0.0778067 0.000346809 0)
(0.0777429 0.000343083 0)
(0.0776804 0.000339449 0)
(0.0776194 0.000335898 0)
(0.0775597 0.000332419 0)
(0.0775014 0.000329003 0)
(0.0774443 0.000325643 0)
(0.0773886 0.00032233 0)
(0.0773341 0.000319056 0)
(0.0772809 0.000315816 0)
(0.0772288 0.000312603 0)
(0.077178 0.000309413 0)
(0.0771283 0.00030624 0)
(0.0770797 0.00030308 0)
(0.0770322 0.000299931 0)
(0.0769859 0.00029679 0)
(0.0769406 0.000293655 0)
(0.0768963 0.000290523 0)
(0.0768531 0.000287393 0)
(0.0768109 0.000284263 0)
(0.0767697 0.000281126 0)
(0.0767296 0.000277973 0)
(0.0766906 0.000274789 0)
(0.0766527 0.00027154 0)
(0.076616 0.000268174 0)
(0.0765806 0.000264589 0)
(0.0765467 0.000260641 0)
(0.0765148 0.000255999 0)
(0.0764855 0.000250879 0)
(0.0764627 0.000234774 0)
(0.0928221 -0.00216777 0)
(0.0928796 -0.00264108 0)
(0.0931813 -0.00290843 0)
(0.0936424 -0.0030902 0)
(0.0942583 -0.00322891 0)
(0.0949686 -0.00334936 0)
(0.0957401 -0.00346004 0)
(0.0965476 -0.00356378 0)
(0.0973748 -0.00366166 0)
(0.0982102 -0.00375439 0)
(0.0990459 -0.00384278 0)
(0.0998762 -0.00392774 0)
(0.100697 -0.00401021 0)
(0.101504 -0.00409112 0)
(0.102296 -0.00417131 0)
(0.103071 -0.00425153 0)
(0.103827 -0.00433244 0)
(0.104564 -0.00441464 0)
(0.10528 -0.00449861 0)
(0.105976 -0.00458482 0)
(0.10665 -0.00467366 0)
(0.107303 -0.00476548 0)
(0.107935 -0.00486056 0)
(0.108545 -0.00495918 0)
(0.109133 -0.00506156 0)
(0.1097 -0.00516786 0)
(0.110245 -0.00527824 0)
(0.110768 -0.00539278 0)
(0.111269 -0.00551154 0)
(0.111747 -0.00563453 0)
(0.112204 -0.00576169 0)
(0.112637 -0.00589293 0)
(0.113048 -0.00602808 0)
(0.113434 -0.00616691 0)
(0.113796 -0.00630912 0)
(0.114134 -0.00645434 0)
(0.114445 -0.00660211 0)
(0.11473 -0.00675191 0)
(0.114986 -0.00690309 0)
(0.115214 -0.00705495 0)
(0.115412 -0.00720667 0)
(0.115578 -0.00735736 0)
(0.115711 -0.00750601 0)
(0.11581 -0.00765154 0)
(0.115872 -0.00779278 0)
(0.115897 -0.00792849 0)
(0.115881 -0.00805734 0)
(0.115825 -0.00817795 0)
(0.115725 -0.00828891 0)
(0.115579 -0.00838875 0)
(0.115387 -0.00847602 0)
(0.115147 -0.00854927 0)
(0.114856 -0.00860707 0)
(0.114514 -0.00864805 0)
(0.11412 -0.00867096 0)
(0.113672 -0.0086746 0)
(0.11317 -0.00865795 0)
(0.112614 -0.00862014 0)
(0.112004 -0.00856049 0)
(0.11134 -0.00847853 0)
(0.110624 -0.00837403 0)
(0.109858 -0.00824699 0)
(0.109042 -0.00809769 0)
(0.108181 -0.00792666 0)
(0.107277 -0.0077347 0)
(0.106334 -0.00752285 0)
(0.105356 -0.00729242 0)
(0.104347 -0.0070449 0)
(0.103313 -0.006782 0)
(0.102259 -0.00650558 0)
(0.10119 -0.00621761 0)
(0.100111 -0.00592015 0)
(0.0990285 -0.00561531 0)
(0.0979472 -0.00530521 0)
(0.0968726 -0.00499191 0)
(0.0958096 -0.00467744 0)
(0.094763 -0.0043637 0)
(0.093737 -0.00405248 0)
(0.0927356 -0.00374543 0)
(0.0917621 -0.00344406 0)
(0.0908195 -0.00314967 0)
(0.0899102 -0.00286343 0)
(0.0890363 -0.00258633 0)
(0.0881992 -0.00231918 0)
(0.0873999 -0.00206265 0)
(0.0866391 -0.00181726 0)
(0.085917 -0.00158336 0)
(0.0852335 -0.00136122 0)
(0.0845881 -0.00115096 0)
(0.0839801 -0.000952626 0)
(0.0834085 -0.000766154 0)
(0.0828723 -0.000591417 0)
(0.0823701 -0.000428219 0)
(0.0819005 -0.000276309 0)
(0.081462 -0.000135393 0)
(0.0810531 -5.13744e-06 0)
(0.080672 0.000114821 0)
(0.0803173 0.000224868 0)
(0.0799872 0.000325408 0)
(0.0796801 0.000416855 0)
(0.0793946 0.000499635 0)
(0.079129 0.000574178 0)
(0.078882 0.000640912 0)
(0.078652 0.000700269 0)
(0.0784378 0.000752673 0)
(0.078238 0.000798545 0)
(0.0780515 0.000838298 0)
(0.0778771 0.000872335 0)
(0.0777139 0.000901049 0)
(0.0775606 0.000924824 0)
(0.0774166 0.00094403 0)
(0.0772809 0.000959024 0)
(0.0771527 0.000970149 0)
(0.0770314 0.000977736 0)
(0.0769162 0.0009821 0)
(0.0768066 0.00098354 0)
(0.076702 0.000982342 0)
(0.076602 0.000978777 0)
(0.076506 0.0009731 0)
(0.0764138 0.000965551 0)
(0.0763249 0.000956356 0)
(0.076239 0.000945724 0)
(0.0761559 0.000933853 0)
(0.0760753 0.000920925 0)
(0.075997 0.000907107 0)
(0.0759207 0.000892557 0)
(0.0758464 0.000877415 0)
(0.0757738 0.000861813 0)
(0.0757029 0.000845869 0)
(0.0756336 0.00082969 0)
(0.0755657 0.000813374 0)
(0.0754992 0.000797005 0)
(0.075434 0.000780663 0)
(0.0753701 0.000764415 0)
(0.0753074 0.00074832 0)
(0.0752459 0.000732431 0)
(0.0751855 0.000716793 0)
(0.0751263 0.000701445 0)
(0.0750682 0.000686417 0)
(0.0750113 0.000671738 0)
(0.0749554 0.000657427 0)
(0.0749006 0.000643502 0)
(0.0748469 0.000629975 0)
(0.0747943 0.000616855 0)
(0.0747428 0.000604147 0)
(0.0746924 0.000591853 0)
(0.074643 0.000579973 0)
(0.0745948 0.000568504 0)
(0.0745476 0.000557441 0)
(0.0745016 0.000546777 0)
(0.0744566 0.000536503 0)
(0.0744128 0.000526612 0)
(0.07437 0.00051709 0)
(0.0743283 0.000507928 0)
(0.0742877 0.000499113 0)
(0.0742482 0.000490632 0)
(0.0742098 0.000482471 0)
(0.0741724 0.000474618 0)
(0.0741361 0.000467057 0)
(0.0741009 0.000459776 0)
(0.0740668 0.00045276 0)
(0.0740336 0.000445996 0)
(0.0740015 0.000439469 0)
(0.0739705 0.000433167 0)
(0.0739404 0.000427075 0)
(0.0739113 0.000421181 0)
(0.0738832 0.000415471 0)
(0.0738561 0.000409934 0)
(0.07383 0.000404558 0)
(0.0738047 0.000399329 0)
(0.0737804 0.000394238 0)
(0.073757 0.000389274 0)
(0.0737345 0.000384425 0)
(0.0737129 0.000379683 0)
(0.0736921 0.000375037 0)
(0.0736721 0.000370479 0)
(0.0736529 0.000366 0)
(0.0736346 0.000361592 0)
(0.073617 0.000357249 0)
(0.0736002 0.000352962 0)
(0.0735841 0.000348727 0)
(0.0735687 0.000344536 0)
(0.073554 0.000340386 0)
(0.07354 0.000336272 0)
(0.0735267 0.000332188 0)
(0.073514 0.000328131 0)
(0.0735019 0.000324097 0)
(0.0734904 0.000320081 0)
(0.0734796 0.000316076 0)
(0.0734693 0.000312074 0)
(0.0734597 0.000308063 0)
(0.0734506 0.00030402 0)
(0.0734422 0.000299916 0)
(0.0734344 0.000295694 0)
(0.0734273 0.000291273 0)
(0.0734209 0.000286491 0)
(0.0734154 0.000281143 0)
(0.0734109 0.000274715 0)
(0.0734077 0.000267779 0)
(0.0734081 0.000247036 0)
(0.128147 -0.00211756 0)
(0.128094 -0.0026151 0)
(0.128023 -0.00298481 0)
(0.127999 -0.00325652 0)
(0.128024 -0.00346695 0)
(0.128093 -0.0036388 0)
(0.128196 -0.00378511 0)
(0.128322 -0.00391315 0)
(0.128464 -0.00402715 0)
(0.128613 -0.0041299 0)
(0.128765 -0.0042235 0)
(0.128915 -0.00430969 0)
(0.12906 -0.00439 0)
(0.129196 -0.00446579 0)
(0.129321 -0.00453827 0)
(0.129433 -0.00460852 0)
(0.129531 -0.00467752 0)
(0.129612 -0.0047461 0)
(0.129675 -0.00481502 0)
(0.12972 -0.00488493 0)
(0.129745 -0.0049564 0)
(0.12975 -0.00502994 0)
(0.129734 -0.00510596 0)
(0.129696 -0.00518481 0)
(0.129636 -0.0052668 0)
(0.129553 -0.00535214 0)
(0.129446 -0.00544102 0)
(0.129315 -0.00553353 0)
(0.129159 -0.00562974 0)
(0.128977 -0.00572963 0)
(0.128769 -0.00583312 0)
(0.128533 -0.00594008 0)
(0.128269 -0.0060503 0)
(0.127975 -0.00616347 0)
(0.127651 -0.00627926 0)
(0.127296 -0.00639719 0)
(0.126907 -0.00651676 0)
(0.126485 -0.00663733 0)
(0.126027 -0.0067582 0)
(0.125532 -0.00687857 0)
(0.124998 -0.00699752 0)
(0.124425 -0.00711409 0)
(0.12381 -0.00722718 0)
(0.123151 -0.00733565 0)
(0.122448 -0.00743824 0)
(0.121699 -0.00753366 0)
(0.120901 -0.00762055 0)
(0.120055 -0.00769751 0)
(0.119158 -0.00776313 0)
(0.11821 -0.007816 0)
(0.117209 -0.00785473 0)
(0.116156 -0.00787798 0)
(0.11505 -0.00788451 0)
(0.113891 -0.00787315 0)
(0.11268 -0.00784291 0)
(0.111418 -0.00779293 0)
(0.110107 -0.00772258 0)
(0.108749 -0.00763142 0)
(0.107347 -0.00751927 0)
(0.105904 -0.0073862 0)
(0.104424 -0.00723256 0)
(0.102912 -0.00705896 0)
(0.101373 -0.0068663 0)
(0.0998129 -0.00665572 0)
(0.0982375 -0.0064286 0)
(0.0966533 -0.00618654 0)
(0.095067 -0.00593133 0)
(0.0934855 -0.00566488 0)
(0.0919155 -0.0053892 0)
(0.0903637 -0.00510639 0)
(0.0888368 -0.00481851 0)
(0.0873408 -0.00452761 0)
(0.0858816 -0.00423569 0)
(0.0844644 -0.00394462 0)
(0.0830938 -0.00365614 0)
(0.0817739 -0.00337185 0)
(0.0805081 -0.00309315 0)
(0.0792991 -0.00282129 0)
(0.0781489 -0.00255734 0)
(0.0770588 -0.00230216 0)
(0.0760297 -0.00205647 0)
(0.0750617 -0.00182081 0)
(0.0741546 -0.00159559 0)
(0.0733074 -0.00138106 0)
(0.0725191 -0.00117737 0)
(0.071788 -0.000984574 0)
(0.0711124 -0.000802623 0)
(0.0704902 -0.000631404 0)
(0.0699191 -0.000470741 0)
(0.0693967 -0.000320412 0)
(0.0689207 -0.000180154 0)
(0.0684885 -4.96734e-05 0)
(0.0680975 7.13436e-05 0)
(0.0677453 0.000183229 0)
(0.0674292 0.000286328 0)
(0.0671469 0.000380991 0)
(0.066896 0.000467576 0)
(0.0666742 0.00054644 0)
(0.0664792 0.000617941 0)
(0.0663089 0.000682438 0)
(0.0661612 0.000740282 0)
(0.0660343 0.000791824 0)
(0.0659264 0.000837408 0)
(0.0658356 0.000877371 0)
(0.0657604 0.000912047 0)
(0.0656993 0.000941759 0)
(0.0656509 0.000966824 0)
(0.0656138 0.000987552 0)
(0.0655868 0.00100424 0)
(0.0655689 0.00101719 0)
(0.0655589 0.00102666 0)
(0.065556 0.00103295 0)
(0.0655592 0.0010363 0)
(0.0655678 0.00103698 0)
(0.065581 0.00103521 0)
(0.0655981 0.00103124 0)
(0.0656187 0.00102527 0)
(0.065642 0.00101753 0)
(0.0656677 0.0010082 0)
(0.0656954 0.000997463 0)
(0.0657246 0.000985507 0)
(0.0657551 0.00097249 0)
(0.0657864 0.000958565 0)
(0.0658184 0.000943876 0)
(0.0658509 0.000928554 0)
(0.0658836 0.000912721 0)
(0.0659163 0.00089649 0)
(0.0659491 0.000879964 0)
(0.0659816 0.000863236 0)
(0.0660139 0.000846392 0)
(0.0660458 0.000829509 0)
(0.0660774 0.000812656 0)
(0.0661085 0.000795893 0)
(0.0661391 0.000779276 0)
(0.0661692 0.000762853 0)
(0.0661988 0.000746664 0)
(0.0662279 0.000730745 0)
(0.0662564 0.000715128 0)
(0.0662845 0.000699837 0)
(0.0663121 0.000684894 0)
(0.0663392 0.000670315 0)
(0.0663659 0.000656112 0)
(0.0663922 0.000642297 0)
(0.066418 0.000628874 0)
(0.0664435 0.000615847 0)
(0.0664687 0.000603217 0)
(0.0664936 0.000590984 0)
(0.0665182 0.000579143 0)
(0.0665426 0.00056769 0)
(0.0665668 0.000556619 0)
(0.0665908 0.000545921 0)
(0.0666146 0.000535589 0)
(0.0666384 0.000525611 0)
(0.066662 0.000515978 0)
(0.0666856 0.000506678 0)
(0.0667091 0.000497701 0)
(0.0667325 0.000489033 0)
(0.066756 0.000480662 0)
(0.0667795 0.000472577 0)
(0.066803 0.000464764 0)
(0.0668266 0.000457212 0)
(0.0668502 0.000449907 0)
(0.0668739 0.000442837 0)
(0.0668976 0.000435989 0)
(0.0669215 0.000429353 0)
(0.0669454 0.000422916 0)
(0.0669695 0.000416665 0)
(0.0669936 0.000410591 0)
(0.0670179 0.000404682 0)
(0.0670423 0.000398928 0)
(0.0670668 0.000393317 0)
(0.0670914 0.000387841 0)
(0.0671161 0.00038249 0)
(0.0671409 0.000377254 0)
(0.0671659 0.000372125 0)
(0.0671909 0.000367096 0)
(0.0672161 0.000362157 0)
(0.0672413 0.000357302 0)
(0.0672666 0.000352523 0)
(0.067292 0.000347815 0)
(0.0673174 0.000343172 0)
(0.0673429 0.000338587 0)
(0.0673685 0.000334056 0)
(0.0673941 0.000329573 0)
(0.0674198 0.000325135 0)
(0.0674454 0.000320735 0)
(0.0674711 0.000316368 0)
(0.0674968 0.000312027 0)
(0.0675226 0.000307703 0)
(0.0675483 0.000303385 0)
(0.067574 0.000299054 0)
(0.0675997 0.000294686 0)
(0.0676255 0.00029024 0)
(0.0676512 0.000285654 0)
(0.0676769 0.000280848 0)
(0.0677027 0.000275638 0)
(0.0677283 0.000269858 0)
(0.0677538 0.00026277 0)
(0.0677792 0.000256303 0)
(0.0678053 0.000235799 0)
(0.146519 -0.0017574 0)
(0.146269 -0.00215747 0)
(0.145962 -0.00251734 0)
(0.145632 -0.0028261 0)
(0.145301 -0.00308784 0)
(0.144973 -0.00331011 0)
(0.144649 -0.00349976 0)
(0.144324 -0.00366225 0)
(0.143994 -0.00380196 0)
(0.143655 -0.0039225 0)
(0.143304 -0.004027 0)
(0.142938 -0.00411818 0)
(0.142555 -0.00419846 0)
(0.142153 -0.00426996 0)
(0.141731 -0.00433457 0)
(0.141288 -0.00439394 0)
(0.140823 -0.00444951 0)
(0.140336 -0.00450254 0)
(0.139825 -0.00455412 0)
(0.139289 -0.00460517 0)
(0.13873 -0.00465649 0)
(0.138145 -0.00470876 0)
(0.137534 -0.00476252 0)
(0.136897 -0.00481823 0)
(0.136232 -0.00487625 0)
(0.13554 -0.00493685 0)
(0.13482 -0.00500021 0)
(0.134071 -0.00506645 0)
(0.133291 -0.0051356 0)
(0.13248 -0.00520761 0)
(0.131637 -0.00528237 0)
(0.130762 -0.00535968 0)
(0.129852 -0.00543926 0)
(0.128906 -0.00552077 0)
(0.127924 -0.00560378 0)
(0.126904 -0.00568776 0)
(0.125844 -0.00577212 0)
(0.124744 -0.00585616 0)
(0.123602 -0.00593912 0)
(0.122416 -0.00602014 0)
(0.121186 -0.00609827 0)
(0.11991 -0.00617249 0)
(0.118587 -0.00624171 0)
(0.117216 -0.00630478 0)
(0.115796 -0.0063605 0)
(0.114327 -0.00640764 0)
(0.112808 -0.00644495 0)
(0.111239 -0.00647117 0)
(0.109621 -0.00648511 0)
(0.107954 -0.00648559 0)
(0.106241 -0.00647153 0)
(0.104481 -0.00644199 0)
(0.102678 -0.00639612 0)
(0.100835 -0.00633328 0)
(0.0989557 -0.006253 0)
(0.0970436 -0.00615505 0)
(0.0951039 -0.00603943 0)
(0.093142 -0.00590639 0)
(0.0911641 -0.00575643 0)
(0.0891769 -0.00559033 0)
(0.0871873 -0.0054091 0)
(0.0852029 -0.00521401 0)
(0.0832312 -0.0050065 0)
(0.0812802 -0.00478821 0)
(0.0793575 -0.00456091 0)
(0.0774708 -0.00432647 0)
(0.0756273 -0.00408677 0)
(0.0738339 -0.00384373 0)
(0.0720969 -0.00359919 0)
(0.0704218 -0.00335489 0)
(0.0688135 -0.00311248 0)
(0.0672761 -0.00287342 0)
(0.0658127 -0.00263902 0)
(0.0644259 -0.00241038 0)
(0.063117 -0.00218845 0)
(0.061887 -0.00197395 0)
(0.060736 -0.00176747 0)
(0.0596632 -0.00156943 0)
(0.0586677 -0.00138009 0)
(0.0577477 -0.00119963 0)
(0.0569011 -0.00102808 0)
(0.0561256 -0.000865423 0)
(0.0554185 -0.000711559 0)
(0.0547769 -0.000566339 0)
(0.0541977 -0.000429576 0)
(0.0536778 -0.000301052 0)
(0.0532141 -0.000180531 0)
(0.0528034 -6.7762e-05 0)
(0.0524425 3.75118e-05 0)
(0.0521283 0.000135552 0)
(0.0518577 0.000226623 0)
(0.0516279 0.000310985 0)
(0.0514359 0.000388898 0)
(0.0512789 0.00046062 0)
(0.0511544 0.000526403 0)
(0.0510597 0.000586497 0)
(0.0509926 0.000641148 0)
(0.0509506 0.000690599 0)
(0.0509316 0.000735087 0)
(0.0509336 0.000774848 0)
(0.0509546 0.000810112 0)
(0.0509927 0.000841109 0)
(0.0510463 0.000868062 0)
(0.0511138 0.000891192 0)
(0.0511936 0.000910716 0)
(0.0512844 0.000926848 0)
(0.0513848 0.000939797 0)
(0.0514936 0.000949768 0)
(0.0516098 0.000956961 0)
(0.0517322 0.000961571 0)
(0.0518599 0.00096379 0)
(0.0519921 0.000963802 0)
(0.052128 0.000961786 0)
(0.0522668 0.000957915 0)
(0.0524078 0.000952356 0)
(0.0525504 0.00094527 0)
(0.0526942 0.00093681 0)
(0.0528386 0.000927123 0)
(0.0529832 0.000916348 0)
(0.0531276 0.000904618 0)
(0.0532714 0.000892057 0)
(0.0534144 0.000878784 0)
(0.0535562 0.000864909 0)
(0.0536967 0.000850536 0)
(0.0538357 0.00083576 0)
(0.053973 0.000820672 0)
(0.0541084 0.000805352 0)
(0.0542419 0.000789878 0)
(0.0543733 0.000774317 0)
(0.0545027 0.000758733 0)
(0.0546298 0.000743183 0)
(0.0547548 0.000727716 0)
(0.0548775 0.00071238 0)
(0.054998 0.000697214 0)
(0.0551163 0.000682254 0)
(0.0552324 0.00066753 0)
(0.0553463 0.000653068 0)
(0.055458 0.000638892 0)
(0.0555677 0.000625018 0)
(0.0556752 0.000611464 0)
(0.0557807 0.00059824 0)
(0.0558843 0.000585356 0)
(0.0559859 0.000572817 0)
(0.0560857 0.000560629 0)
(0.0561836 0.000548791 0)
(0.0562798 0.000537306 0)
(0.0563742 0.000526169 0)
(0.0564671 0.000515379 0)
(0.0565584 0.00050493 0)
(0.0566481 0.000494816 0)
(0.0567364 0.000485031 0)
(0.0568232 0.000475566 0)
(0.0569087 0.000466413 0)
(0.0569929 0.000457563 0)
(0.0570759 0.000449006 0)
(0.0571576 0.000440732 0)
(0.0572382 0.000432732 0)
(0.0573177 0.000424994 0)
(0.0573961 0.000417507 0)
(0.0574735 0.000410263 0)
(0.0575498 0.000403249 0)
(0.0576253 0.000396454 0)
(0.0576998 0.00038987 0)
(0.0577734 0.000383484 0)
(0.0578462 0.000377288 0)
(0.0579181 0.00037127 0)
(0.0579893 0.000365421 0)
(0.0580596 0.000359732 0)
(0.0581292 0.000354194 0)
(0.0581981 0.000348796 0)
(0.0582663 0.000343531 0)
(0.0583338 0.000338391 0)
(0.0584006 0.000333366 0)
(0.0584667 0.000328451 0)
(0.0585322 0.000323636 0)
(0.058597 0.000318916 0)
(0.0586612 0.000314284 0)
(0.0587248 0.000309733 0)
(0.0587877 0.000305258 0)
(0.0588501 0.000300853 0)
(0.0589118 0.000296513 0)
(0.0589729 0.000292233 0)
(0.0590335 0.000288009 0)
(0.0590934 0.000283835 0)
(0.0591527 0.000279707 0)
(0.0592115 0.00027562 0)
(0.0592696 0.000271567 0)
(0.0593272 0.000267542 0)
(0.0593842 0.000263535 0)
(0.0594405 0.000259532 0)
(0.0594963 0.000255515 0)
(0.0595515 0.000251458 0)
(0.0596061 0.000247329 0)
(0.0596601 0.000243058 0)
(0.0597133 0.000238613 0)
(0.0597659 0.000233796 0)
(0.0598175 0.000228719 0)
(0.0598677 0.00022199 0)
(0.059917 0.000217813 0)
(0.0599664 0.000202876 0)
(0.145999 -0.00151634 0)
(0.145631 -0.00185724 0)
(0.145185 -0.00217477 0)
(0.144677 -0.00245442 0)
(0.144121 -0.0026931 0)
(0.143524 -0.00289328 0)
(0.14289 -0.00305941 0)
(0.14222 -0.00319637 0)
(0.141515 -0.00330875 0)
(0.140775 -0.00340073 0)
(0.140002 -0.00347591 0)
(0.139196 -0.00353747 0)
(0.138358 -0.00358809 0)
(0.13749 -0.00363012 0)
(0.136592 -0.00366553 0)
(0.135665 -0.00369604 0)
(0.13471 -0.00372308 0)
(0.133726 -0.00374788 0)
(0.132716 -0.00377149 0)
(0.131678 -0.00379475 0)
(0.130613 -0.00381838 0)
(0.129521 -0.00384296 0)
(0.128402 -0.00386893 0)
(0.127255 -0.00389664 0)
(0.12608 -0.00392635 0)
(0.124876 -0.00395822 0)
(0.123643 -0.00399231 0)
(0.12238 -0.00402863 0)
(0.121085 -0.00406711 0)
(0.119759 -0.0041076 0)
(0.1184 -0.0041499 0)
(0.117007 -0.00419372 0)
(0.115579 -0.00423871 0)
(0.114115 -0.00428444 0)
(0.112614 -0.00433044 0)
(0.111074 -0.00437614 0)
(0.109496 -0.00442093 0)
(0.107877 -0.00446409 0)
(0.106218 -0.00450488 0)
(0.104518 -0.00454249 0)
(0.102776 -0.00457604 0)
(0.100992 -0.00460462 0)
(0.0991667 -0.0046273 0)
(0.0973002 -0.00464311 0)
(0.0953935 -0.00465109 0)
(0.093448 -0.0046503 0)
(0.0914654 -0.00463984 0)
(0.0894481 -0.00461888 0)
(0.087399 -0.00458666 0)
(0.0853217 -0.00454256 0)
(0.0832202 -0.00448609 0)
(0.0810993 -0.00441694 0)
(0.0789644 -0.00433496 0)
(0.0768215 -0.00424024 0)
(0.074677 -0.00413307 0)
(0.0725379 -0.00401395 0)
(0.0704117 -0.0038836 0)
(0.0683058 -0.00374295 0)
(0.066228 -0.00359313 0)
(0.064186 -0.00343538 0)
(0.0621875 -0.00327109 0)
(0.0602397 -0.00310172 0)
(0.0583495 -0.00292875 0)
(0.056523 -0.00275366 0)
(0.0547657 -0.00257787 0)
(0.0530826 -0.00240269 0)
(0.0514774 -0.00222934 0)
(0.0499532 -0.00205887 0)
(0.0485121 -0.00189217 0)
(0.0471556 -0.00172999 0)
(0.0458841 -0.00157291 0)
(0.0446974 -0.00142136 0)
(0.0435945 -0.00127564 0)
(0.0425741 -0.00113596 0)
(0.0416343 -0.0010024 0)
(0.0407726 -0.000874979 0)
(0.0399864 -0.000753659 0)
(0.0392729 -0.000638351 0)
(0.038629 -0.000528937 0)
(0.0380515 -0.000425274 0)
(0.0375371 -0.000327205 0)
(0.0370827 -0.000234564 0)
(0.036685 -0.000147184 0)
(0.0363408 -6.48937e-05 0)
(0.0360469 1.2475e-05 0)
(0.0358003 8.50875e-05 0)
(0.0355981 0.000153105 0)
(0.0354372 0.000216685 0)
(0.035315 0.00027598 0)
(0.0352288 0.000331138 0)
(0.035176 0.000382302 0)
(0.0351542 0.000429614 0)
(0.035161 0.000473208 0)
(0.0351942 0.000513219 0)
(0.0352516 0.000549778 0)
(0.0353312 0.000583013 0)
(0.0354311 0.000613052 0)
(0.0355495 0.000640021 0)
(0.0356845 0.000664043 0)
(0.0358347 0.000685244 0)
(0.0359984 0.000703748 0)
(0.0361741 0.000719677 0)
(0.0363605 0.000733154 0)
(0.0365564 0.000744303 0)
(0.0367604 0.000753246 0)
(0.0369715 0.000760104 0)
(0.0371886 0.000764998 0)
(0.0374107 0.000768049 0)
(0.0376369 0.000769374 0)
(0.0378664 0.000769093 0)
(0.0380984 0.000767319 0)
(0.0383321 0.000764166 0)
(0.0385669 0.000759746 0)
(0.0388022 0.000754166 0)
(0.0390374 0.000747532 0)
(0.0392721 0.000739945 0)
(0.0395057 0.000731505 0)
(0.039738 0.000722305 0)
(0.0399684 0.000712436 0)
(0.0401968 0.000701984 0)
(0.0404227 0.000691031 0)
(0.040646 0.000679656 0)
(0.0408665 0.000667931 0)
(0.0410839 0.000655925 0)
(0.0412981 0.000643701 0)
(0.041509 0.00063132 0)
(0.0417165 0.000618837 0)
(0.0419205 0.000606302 0)
(0.042121 0.000593761 0)
(0.0423178 0.000581257 0)
(0.042511 0.000568827 0)
(0.0427006 0.000556507 0)
(0.0428865 0.000544325 0)
(0.0430689 0.000532309 0)
(0.0432476 0.000520483 0)
(0.0434229 0.000508866 0)
(0.0435946 0.000497477 0)
(0.0437629 0.000486328 0)
(0.0439278 0.000475432 0)
(0.0440895 0.000464799 0)
(0.0442478 0.000454435 0)
(0.0444031 0.000444346 0)
(0.0445552 0.000434535 0)
(0.0447043 0.000425003 0)
(0.0448505 0.00041575 0)
(0.0449939 0.000406776 0)
(0.0451345 0.000398077 0)
(0.0452724 0.00038965 0)
(0.0454077 0.000381491 0)
(0.0455405 0.000373594 0)
(0.0456708 0.000365954 0)
(0.0457988 0.000358563 0)
(0.0459245 0.000351415 0)
(0.046048 0.000344502 0)
(0.0461693 0.000337817 0)
(0.0462886 0.000331352 0)
(0.0464059 0.000325097 0)
(0.0465212 0.000319047 0)
(0.0466346 0.00031319 0)
(0.0467463 0.000307521 0)
(0.0468561 0.00030203 0)
(0.0469643 0.000296709 0)
(0.0470708 0.00029155 0)
(0.0471757 0.000286545 0)
(0.0472791 0.000281687 0)
(0.0473809 0.000276967 0)
(0.0474813 0.000272378 0)
(0.0475803 0.000267913 0)
(0.0476778 0.000263565 0)
(0.047774 0.000259327 0)
(0.0478689 0.000255193 0)
(0.0479625 0.000251157 0)
(0.0480549 0.000247212 0)
(0.048146 0.000243352 0)
(0.0482359 0.000239573 0)
(0.0483246 0.000235869 0)
(0.0484121 0.000232235 0)
(0.0484985 0.000228667 0)
(0.0485838 0.00022516 0)
(0.0486679 0.00022171 0)
(0.048751 0.000218314 0)
(0.0488329 0.000214968 0)
(0.0489138 0.000211667 0)
(0.0489937 0.000208409 0)
(0.0490724 0.000205189 0)
(0.0491502 0.000202002 0)
(0.0492269 0.000198845 0)
(0.0493025 0.000195708 0)
(0.0493772 0.000192585 0)
(0.0494508 0.000189462 0)
(0.0495234 0.000186327 0)
(0.049595 0.000183155 0)
(0.0496655 0.000179927 0)
(0.049735 0.000176596 0)
(0.0498032 0.000173175 0)
(0.0498703 0.000169407 0)
(0.0499359 0.000166157 0)
(0.0499992 0.000160588 0)
(0.0500606 0.00015925 0)
(0.0501257 0.000154396 0)
(0.126622 -0.00122804 0)
(0.126099 -0.00147979 0)
(0.125474 -0.00171415 0)
(0.124756 -0.00191811 0)
(0.123956 -0.00208707 0)
(0.123082 -0.0022221 0)
(0.122143 -0.00232705 0)
(0.121145 -0.00240671 0)
(0.120095 -0.00246579 0)
(0.118997 -0.00250849 0)
(0.117857 -0.00253834 0)
(0.11668 -0.00255824 0)
(0.11547 -0.00257054 0)
(0.114229 -0.00257718 0)
(0.112962 -0.00257975 0)
(0.11167 -0.00257953 0)
(0.110356 -0.00257763 0)
(0.109021 -0.00257491 0)
(0.107666 -0.0025721 0)
(0.106291 -0.00256978 0)
(0.104899 -0.00256839 0)
(0.103487 -0.00256827 0)
(0.102057 -0.00256967 0)
(0.100609 -0.00257274 0)
(0.0991412 -0.00257754 0)
(0.0976539 -0.00258409 0)
(0.0961463 -0.00259233 0)
(0.0946176 -0.00260213 0)
(0.0930672 -0.00261332 0)
(0.0914941 -0.00262568 0)
(0.0898976 -0.00263893 0)
(0.0882769 -0.00265274 0)
(0.0866313 -0.00266674 0)
(0.0849603 -0.00268051 0)
(0.0832634 -0.00269361 0)
(0.0815403 -0.00270552 0)
(0.079791 -0.00271573 0)
(0.0780155 -0.00272366 0)
(0.0762145 -0.00272874 0)
(0.0743886 -0.00273036 0)
(0.0725391 -0.00272794 0)
(0.0706675 -0.00272088 0)
(0.0687758 -0.00270862 0)
(0.0668665 -0.00269064 0)
(0.0649426 -0.00266647 0)
(0.0630075 -0.00263572 0)
(0.0610652 -0.0025981 0)
(0.0591201 -0.00255341 0)
(0.0571772 -0.0025016 0)
(0.0552418 -0.00244272 0)
(0.0533195 -0.00237699 0)
(0.0514163 -0.00230474 0)
(0.0495384 -0.00222645 0)
(0.047692 -0.00214272 0)
(0.0458831 -0.00205422 0)
(0.0441179 -0.00196174 0)
(0.042402 -0.00186609 0)
(0.0407408 -0.00176813 0)
(0.0391389 -0.00166869 0)
(0.0376007 -0.00156857 0)
(0.0361296 -0.00146854 0)
(0.0347285 -0.00136928 0)
(0.0333995 -0.00127137 0)
(0.032144 -0.00117534 0)
(0.0309629 -0.0010816 0)
(0.0298562 -0.000990477 0)
(0.0288234 -0.000902226 0)
(0.0278637 -0.000817026 0)
(0.0269756 -0.000734998 0)
(0.0261575 -0.000656209 0)
(0.0254073 -0.00058069 0)
(0.0247229 -0.000508435 0)
(0.0241017 -0.000439418 0)
(0.0235415 -0.000373588 0)
(0.0230394 -0.000310885 0)
(0.0225931 -0.000251233 0)
(0.0221997 -0.000194552 0)
(0.0218567 -0.000140754 0)
(0.0215615 -8.97487e-05 0)
(0.0213116 -4.14455e-05 0)
(0.0211045 4.2475e-06 0)
(0.0209377 4.742e-05 0)
(0.020809 8.81592e-05 0)
(0.020716 0.000126549 0)
(0.0206566 0.000162668 0)
(0.0206286 0.000196593 0)
(0.0206301 0.000228393 0)
(0.020659 0.000258135 0)
(0.0207136 0.000285882 0)
(0.0207919 0.000311691 0)
(0.0208923 0.000335617 0)
(0.0210131 0.000357713 0)
(0.0211527 0.00037803 0)
(0.0213096 0.000396616 0)
(0.0214823 0.00041352 0)
(0.0216694 0.00042879 0)
(0.0218697 0.000442473 0)
(0.0220818 0.000454618 0)
(0.0223045 0.000465275 0)
(0.0225366 0.000474494 0)
(0.0227771 0.000482327 0)
(0.0230249 0.000488827 0)
(0.023279 0.000494049 0)
(0.0235385 0.00049805 0)
(0.0238024 0.000500886 0)
(0.02407 0.000502616 0)
(0.0243404 0.0005033 0)
(0.024613 0.000502998 0)
(0.0248869 0.000501771 0)
(0.0251617 0.00049968 0)
(0.0254366 0.000496786 0)
(0.0257112 0.000493151 0)
(0.0259848 0.000488833 0)
(0.0262572 0.000483894 0)
(0.0265277 0.00047839 0)
(0.0267961 0.00047238 0)
(0.027062 0.000465918 0)
(0.0273251 0.000459059 0)
(0.0275851 0.000451853 0)
(0.0278417 0.00044435 0)
(0.0280948 0.000436598 0)
(0.0283441 0.000428641 0)
(0.0285895 0.000420521 0)
(0.0288309 0.000412279 0)
(0.0290682 0.000403951 0)
(0.0293012 0.000395572 0)
(0.02953 0.000387173 0)
(0.0297544 0.000378784 0)
(0.0299745 0.000370431 0)
(0.0301903 0.00036214 0)
(0.0304017 0.00035393 0)
(0.0306087 0.000345822 0)
(0.0308115 0.000337832 0)
(0.03101 0.000329976 0)
(0.0312043 0.000322267 0)
(0.0313945 0.000314715 0)
(0.0315806 0.000307329 0)
(0.0317628 0.000300117 0)
(0.031941 0.000293084 0)
(0.0321154 0.000286235 0)
(0.032286 0.000279573 0)
(0.032453 0.0002731 0)
(0.0326165 0.000266816 0)
(0.0327765 0.000260721 0)
(0.0329331 0.000254814 0)
(0.0330865 0.000249093 0)
(0.0332367 0.000243556 0)
(0.0333838 0.000238198 0)
(0.0335279 0.000233017 0)
(0.0336691 0.000228007 0)
(0.0338076 0.000223165 0)
(0.0339433 0.000218486 0)
(0.0340764 0.000213964 0)
(0.0342069 0.000209594 0)
(0.034335 0.000205371 0)
(0.0344607 0.000201289 0)
(0.0345841 0.000197343 0)
(0.0347052 0.000193527 0)
(0.0348242 0.000189834 0)
(0.0349411 0.000186261 0)
(0.035056 0.000182801 0)
(0.0351689 0.000179449 0)
(0.0352799 0.0001762 0)
(0.035389 0.000173047 0)
(0.0354964 0.000169988 0)
(0.035602 0.000167016 0)
(0.0357059 0.000164126 0)
(0.0358081 0.000161315 0)
(0.0359088 0.000158577 0)
(0.0360078 0.000155909 0)
(0.0361054 0.000153307 0)
(0.0362014 0.000150766 0)
(0.036296 0.000148283 0)
(0.0363891 0.000145854 0)
(0.0364809 0.000143477 0)
(0.0365713 0.000141147 0)
(0.0366603 0.000138863 0)
(0.036748 0.000136621 0)
(0.0368344 0.000134418 0)
(0.0369195 0.000132253 0)
(0.0370034 0.000130123 0)
(0.037086 0.000128026 0)
(0.0371674 0.000125958 0)
(0.0372476 0.000123919 0)
(0.0373266 0.000121905 0)
(0.0374043 0.000119913 0)
(0.037481 0.000117938 0)
(0.0375564 0.000115977 0)
(0.0376307 0.000114021 0)
(0.0377038 0.000112065 0)
(0.0377758 0.000110093 0)
(0.0378466 0.000108103 0)
(0.0379162 0.000106074 0)
(0.0379845 0.000103962 0)
(0.0380517 0.000102009 0)
(0.0381172 9.93419e-05 0)
(0.0381817 9.86204e-05 0)
(0.0382438 9.4552e-05 0)
(0.038302 9.50237e-05 0)
(0.038372 0.00010137 0)
(0.0882291 -0.000800311 0)
(0.0875312 -0.000953872 0)
(0.0867147 -0.00108255 0)
(0.0857928 -0.00117874 0)
(0.0847829 -0.00124231 0)
(0.0837022 -0.00127792 0)
(0.0825662 -0.00129209 0)
(0.0813879 -0.00129118 0)
(0.0801778 -0.00128042 0)
(0.0789444 -0.00126369 0)
(0.0776943 -0.00124364 0)
(0.0764326 -0.00122207 0)
(0.075163 -0.00120014 0)
(0.0738886 -0.00117863 0)
(0.0726115 -0.00115806 0)
(0.0713329 -0.0011388 0)
(0.0700539 -0.0011211 0)
(0.068775 -0.00110512 0)
(0.0674962 -0.00109093 0)
(0.0662175 -0.00107855 0)
(0.0649384 -0.00106797 0)
(0.0636583 -0.00105909 0)
(0.0623765 -0.00105182 0)
(0.0610924 -0.00104601 0)
(0.0598049 -0.00104151 0)
(0.0585133 -0.00103813 0)
(0.0572167 -0.0010357 0)
(0.0559144 -0.00103399 0)
(0.0546055 -0.0010328 0)
(0.0532896 -0.00103191 0)
(0.0519661 -0.00103107 0)
(0.0506348 -0.00103005 0)
(0.0492954 -0.00102861 0)
(0.0479481 -0.00102651 0)
(0.0465932 -0.0010235 0)
(0.0452312 -0.00101935 0)
(0.0438631 -0.00101382 0)
(0.0424899 -0.0010067 0)
(0.0411131 -0.000997797 0)
(0.0397343 -0.000986927 0)
(0.0383558 -0.000973947 0)
(0.0369798 -0.000958747 0)
(0.035609 -0.000941256 0)
(0.0342463 -0.000921445 0)
(0.0328949 -0.000899333 0)
(0.031558 -0.000874985 0)
(0.0302391 -0.000848516 0)
(0.0289419 -0.000820082 0)
(0.0276699 -0.00078988 0)
(0.0264265 -0.000758139 0)
(0.0252153 -0.000725113 0)
(0.0240394 -0.000691067 0)
(0.0229018 -0.000656273 0)
(0.0218053 -0.000620995 0)
(0.0207523 -0.00058548 0)
(0.0197447 -0.000549955 0)
(0.0187843 -0.000514618 0)
(0.0178723 -0.000479642 0)
(0.0170095 -0.000445167 0)
(0.0161965 -0.000411312 0)
(0.0154334 -0.000378173 0)
(0.0147201 -0.000345834 0)
(0.014056 -0.000314364 0)
(0.0134403 -0.000283827 0)
(0.0128722 -0.000254282 0)
(0.0123503 -0.000225782 0)
(0.0118734 -0.000198371 0)
(0.0114399 -0.000172086 0)
(0.0110484 -0.000146951 0)
(0.0106972 -0.000122978 0)
(0.0103846 -0.000100163 0)
(0.0101089 -7.84867e-05 0)
(0.00986855 -5.79195e-05 0)
(0.00966178 -3.84198e-05 0)
(0.00948699 -1.99389e-05 0)
(0.00934259 -2.42424e-06 0)
(0.00922702 1.41782e-05 0)
(0.00913881 2.9921e-05 0)
(0.00907649 4.48532e-05 0)
(0.00903867 5.90196e-05 0)
(0.00902401 7.24591e-05 0)
(0.00903122 8.52054e-05 0)
(0.00905905 9.72864e-05 0)
(0.00910631 0.000108725 0)
(0.00917185 0.00011954 0)
(0.00925455 0.000129746 0)
(0.00935334 0.000139354 0)
(0.00946719 0.000148374 0)
(0.00959508 0.000156812 0)
(0.00973604 0.000164675 0)
(0.00988914 0.000171967 0)
(0.0100535 0.000178693 0)
(0.0102281 0.000184858 0)
(0.0104122 0.000190468 0)
(0.010605 0.000195527 0)
(0.0108055 0.000200043 0)
(0.0110131 0.000204022 0)
(0.011227 0.000207476 0)
(0.0114464 0.000210412 0)
(0.0116707 0.000212844 0)
(0.011899 0.000214784 0)
(0.0121309 0.000216247 0)
(0.0123657 0.000217248 0)
(0.0126027 0.000217807 0)
(0.0128413 0.000217939 0)
(0.0130811 0.000217667 0)
(0.0133216 0.000217009 0)
(0.0135622 0.000215989 0)
(0.0138024 0.000214628 0)
(0.0140419 0.000212949 0)
(0.0142802 0.000210975 0)
(0.0145171 0.00020873 0)
(0.014752 0.000206238 0)
(0.0149848 0.000203521 0)
(0.0152152 0.000200604 0)
(0.0154428 0.000197508 0)
(0.0156675 0.000194257 0)
(0.0158891 0.000190871 0)
(0.0161073 0.000187371 0)
(0.016322 0.000183778 0)
(0.0165332 0.000180111 0)
(0.0167406 0.000176387 0)
(0.0169443 0.000172623 0)
(0.017144 0.000168835 0)
(0.0173399 0.000165039 0)
(0.0175317 0.000161247 0)
(0.0177196 0.000157472 0)
(0.0179036 0.000153725 0)
(0.0180835 0.000150017 0)
(0.0182595 0.000146356 0)
(0.0184316 0.000142751 0)
(0.0185998 0.000139208 0)
(0.0187642 0.000135734 0)
(0.0189248 0.000132334 0)
(0.0190817 0.000129012 0)
(0.019235 0.000125772 0)
(0.0193847 0.000122615 0)
(0.019531 0.000119545 0)
(0.0196739 0.000116563 0)
(0.0198134 0.000113668 0)
(0.0199498 0.000110863 0)
(0.020083 0.000108146 0)
(0.0202132 0.000105516 0)
(0.0203404 0.000102974 0)
(0.0204648 0.000100516 0)
(0.0205864 9.81429e-05 0)
(0.0207053 9.58513e-05 0)
(0.0208216 9.36395e-05 0)
(0.0209353 9.15053e-05 0)
(0.0210467 8.94463e-05 0)
(0.0211557 8.746e-05 0)
(0.0212624 8.5544e-05 0)
(0.0213669 8.36955e-05 0)
(0.0214693 8.1912e-05 0)
(0.0215697 8.01907e-05 0)
(0.021668 7.85291e-05 0)
(0.0217644 7.69245e-05 0)
(0.021859 7.53743e-05 0)
(0.0219518 7.3876e-05 0)
(0.0220428 7.2427e-05 0)
(0.0221322 7.10249e-05 0)
(0.0222199 6.96674e-05 0)
(0.022306 6.83522e-05 0)
(0.0223906 6.70769e-05 0)
(0.0224737 6.58396e-05 0)
(0.0225554 6.4638e-05 0)
(0.0226356 6.34703e-05 0)
(0.0227145 6.23345e-05 0)
(0.0227921 6.12289e-05 0)
(0.0228683 6.01517e-05 0)
(0.0229433 5.91013e-05 0)
(0.023017 5.80762e-05 0)
(0.0230896 5.7075e-05 0)
(0.0231609 5.60963e-05 0)
(0.0232311 5.51388e-05 0)
(0.0233002 5.42013e-05 0)
(0.0233681 5.32828e-05 0)
(0.023435 5.23822e-05 0)
(0.0235008 5.14986e-05 0)
(0.0235655 5.0631e-05 0)
(0.0236292 4.97785e-05 0)
(0.0236919 4.89401e-05 0)
(0.0237535 4.81149e-05 0)
(0.0238142 4.73018e-05 0)
(0.0238739 4.64993e-05 0)
(0.0239326 4.57059e-05 0)
(0.0239904 4.49193e-05 0)
(0.0240472 4.4137e-05 0)
(0.024103 4.33552e-05 0)
(0.0241579 4.25703e-05 0)
(0.0242119 4.17802e-05 0)
(0.0242649 4.09665e-05 0)
(0.0243169 4.01949e-05 0)
(0.0243679 3.9249e-05 0)
(0.0244179 3.88249e-05 0)
(0.0244668 3.7309e-05 0)
(0.024514 3.84691e-05 0)
(0.0245632 3.67828e-05 0)
(0.0246011 3.75748e-05 0)
(0.0246649 5.22905e-05 0)
(0.0327396 -0.000232833 0)
(0.0321438 -0.000255423 0)
(0.0314877 -0.000257398 0)
(0.0307977 -0.000242644 0)
(0.0300948 -0.000218183 0)
(0.0293924 -0.000191002 0)
(0.0286978 -0.00016602 0)
(0.0280139 -0.000145633 0)
(0.0273421 -0.000130259 0)
(0.0266826 -0.000119209 0)
(0.0260353 -0.000111408 0)
(0.0254001 -0.00010584 0)
(0.0247768 -0.000101732 0)
(0.0241649 -9.85731e-05 0)
(0.0235637 -9.60563e-05 0)
(0.0229726 -9.4009e-05 0)
(0.0223906 -9.2332e-05 0)
(0.0218169 -9.09602e-05 0)
(0.0212505 -8.98422e-05 0)
(0.0206904 -8.89305e-05 0)
(0.0201358 -8.8179e-05 0)
(0.0195857 -8.75431e-05 0)
(0.0190395 -8.69805e-05 0)
(0.0184964 -8.64515e-05 0)
(0.0179557 -8.59197e-05 0)
(0.017417 -8.5352e-05 0)
(0.0168798 -8.47182e-05 0)
(0.0163438 -8.39911e-05 0)
(0.0158088 -8.31467e-05 0)
(0.0152748 -8.21641e-05 0)
(0.0147417 -8.10259e-05 0)
(0.0142098 -7.97183e-05 0)
(0.0136792 -7.82316e-05 0)
(0.0131503 -7.65607e-05 0)
(0.0126237 -7.47048e-05 0)
(0.0121 -7.26679e-05 0)
(0.0115797 -7.04589e-05 0)
(0.0110638 -6.80906e-05 0)
(0.0105532 -6.55798e-05 0)
(0.0100487 -6.29459e-05 0)
(0.00955138 -6.021e-05 0)
(0.00906236 -5.73932e-05 0)
(0.0085827 -5.45155e-05 0)
(0.00811352 -5.15941e-05 0)
(0.00765592 -4.86422e-05 0)
(0.00721098 -4.56682e-05 0)
(0.00677973 -4.26758e-05 0)
(0.00636316 -3.96641e-05 0)
(0.00596214 -3.66295e-05 0)
(0.00557748 -3.35672e-05 0)
(0.00520986 -3.04737e-05 0)
(0.00485985 -2.73497e-05 0)
(0.00452788 -2.42017e-05 0)
(0.00421427 -2.10441e-05 0)
(0.00391917 -1.78989e-05 0)
(0.00364264 -1.47955e-05 0)
(0.00338461 -1.17686e-05 0)
(0.00314487 -8.855e-06 0)
(0.00292315 -6.09084e-06 0)
(0.00271908 -3.50781e-06 0)
(0.00253222 -1.13044e-06 0)
(0.00236209 1.02599e-06 0)
(0.00220814 2.95637e-06 0)
(0.0020698 4.66555e-06 0)
(0.0019465 6.16715e-06 0)
(0.00183761 7.48166e-06 0)
(0.00174254 8.63403e-06 0)
(0.00166067 9.65128e-06 0)
(0.00159137 1.05603e-05 0)
(0.00153406 1.13861e-05 0)
(0.00148814 1.21504e-05 0)
(0.00145304 1.28712e-05 0)
(0.00142822 1.35623e-05 0)
(0.00141315 1.42336e-05 0)
(0.00140733 1.48915e-05 0)
(0.00141029 1.55396e-05 0)
(0.00142159 1.61795e-05 0)
(0.0014408 1.68109e-05 0)
(0.00146754 1.74329e-05 0)
(0.00150143 1.80438e-05 0)
(0.0015421 1.86416e-05 0)
(0.00158922 1.92244e-05 0)
(0.00164246 1.97902e-05 0)
(0.00170151 2.03372e-05 0)
(0.00176604 2.08634e-05 0)
(0.00183576 2.13673e-05 0)
(0.00191038 2.18469e-05 0)
(0.0019896 2.23006e-05 0)
(0.00207313 2.27266e-05 0)
(0.00216068 2.3123e-05 0)
(0.00225197 2.34881e-05 0)
(0.00234671 2.38201e-05 0)
(0.00244463 2.41173e-05 0)
(0.00254543 2.4378e-05 0)
(0.00264885 2.46009e-05 0)
(0.00275459 2.47846e-05 0)
(0.0028624 2.49282e-05 0)
(0.002972 2.50308e-05 0)
(0.00308312 2.50921e-05 0)
(0.0031955 2.51118e-05 0)
(0.00330889 2.50901e-05 0)
(0.00342303 2.50275e-05 0)
(0.0035377 2.49246e-05 0)
(0.00365265 2.47826e-05 0)
(0.00376767 2.46028e-05 0)
(0.00388253 2.43868e-05 0)
(0.00399704 2.41364e-05 0)
(0.004111 2.38536e-05 0)
(0.00422424 2.35406e-05 0)
(0.00433658 2.31998e-05 0)
(0.00444787 2.28336e-05 0)
(0.00455797 2.24444e-05 0)
(0.00466673 2.20349e-05 0)
(0.00477405 2.16076e-05 0)
(0.00487982 2.11651e-05 0)
(0.00498393 2.07098e-05 0)
(0.00508631 2.02443e-05 0)
(0.00518688 1.9771e-05 0)
(0.00528559 1.9292e-05 0)
(0.00538238 1.88095e-05 0)
(0.00547722 1.83257e-05 0)
(0.00557007 1.78423e-05 0)
(0.00566091 1.73612e-05 0)
(0.00574973 1.6884e-05 0)
(0.00583653 1.6412e-05 0)
(0.0059213 1.59467e-05 0)
(0.00600406 1.54891e-05 0)
(0.00608482 1.50404e-05 0)
(0.00616361 1.46013e-05 0)
(0.00624045 1.41726e-05 0)
(0.00631536 1.37549e-05 0)
(0.00638839 1.33488e-05 0)
(0.00645957 1.29544e-05 0)
(0.00652894 1.25723e-05 0)
(0.00659654 1.22024e-05 0)
(0.00666242 1.18449e-05 0)
(0.00672662 1.14998e-05 0)
(0.00678919 1.1167e-05 0)
(0.00685018 1.08464e-05 0)
(0.00690962 1.05378e-05 0)
(0.00696758 1.0241e-05 0)
(0.0070241 9.95571e-06 0)
(0.00707922 9.68159e-06 0)
(0.00713299 9.41834e-06 0)
(0.00718546 9.16559e-06 0)
(0.00723667 8.92297e-06 0)
(0.00728667 8.69011e-06 0)
(0.0073355 8.46662e-06 0)
(0.0073832 8.25209e-06 0)
(0.00742981 8.04615e-06 0)
(0.00747538 7.84839e-06 0)
(0.00751993 7.65844e-06 0)
(0.0075635 7.47591e-06 0)
(0.00760613 7.30044e-06 0)
(0.00764785 7.13166e-06 0)
(0.0076887 6.96923e-06 0)
(0.0077287 6.81282e-06 0)
(0.00776788 6.6621e-06 0)
(0.00780628 6.51676e-06 0)
(0.00784391 6.37652e-06 0)
(0.0078808 6.24109e-06 0)
(0.00791698 6.11021e-06 0)
(0.00795247 5.98363e-06 0)
(0.00798728 5.86111e-06 0)
(0.00802145 5.74243e-06 0)
(0.00805498 5.62739e-06 0)
(0.0080879 5.51578e-06 0)
(0.00812023 5.40744e-06 0)
(0.00815198 5.30218e-06 0)
(0.00818316 5.19986e-06 0)
(0.00821379 5.10033e-06 0)
(0.00824388 5.00346e-06 0)
(0.00827345 4.90912e-06 0)
(0.00830251 4.81722e-06 0)
(0.00833107 4.72765e-06 0)
(0.00835914 4.6403e-06 0)
(0.00838673 4.55511e-06 0)
(0.00841385 4.47198e-06 0)
(0.00844051 4.39084e-06 0)
(0.00846671 4.3116e-06 0)
(0.00849248 4.23416e-06 0)
(0.00851781 4.15842e-06 0)
(0.0085427 4.08423e-06 0)
(0.00856718 4.01141e-06 0)
(0.00859124 3.93974e-06 0)
(0.00861489 3.8689e-06 0)
(0.00863813 3.79852e-06 0)
(0.00866097 3.72807e-06 0)
(0.00868341 3.65737e-06 0)
(0.00870544 3.58483e-06 0)
(0.00872706 3.51467e-06 0)
(0.00874827 3.43475e-06 0)
(0.00876904 3.38794e-06 0)
(0.00878951 3.2784e-06 0)
(0.00880919 3.38374e-06 0)
(0.00882976 3.19599e-06 0)
(0.00884685 3.80192e-06 0)
(0.00887224 4.14914e-06 0)
(0.00888113 4.4498e-06 0)
(0.00892488 1.34736e-05 0)
)
;

boundaryField
{
    inlet
    {
        type            fixedProfile;
        profile         table
        
21
(
(0 (0 0 0))
(0.05 (0.0285 0 0))
(0.1 (0.054 0 0))
(0.15 (0.0765 0 0))
(0.2 (0.096 0 0))
(0.25 (0.1125 0 0))
(0.3 (0.126 0 0))
(0.35 (0.1365 0 0))
(0.4 (0.144 0 0))
(0.45 (0.1485 0 0))
(0.5 (0.15 0 0))
(0.55 (0.1485 0 0))
(0.6 (0.144 0 0))
(0.65 (0.1365 0 0))
(0.7 (0.126 0 0))
(0.75 (0.1125 0 0))
(0.8 (0.096 0 0))
(0.85 (0.0765 0 0))
(0.9 (0.054 0 0))
(0.95 (0.0285 0 0))
(1 (0 0 0))
)
;
        direction       (0 1 0);
        origin          1;
        value           nonuniform List<vector> 8((0.034875 0 0) (0.091125 0 0) (0.128625 0 0) (0.147375 0 0) (0.147375 0 0) (0.128625 0 0) (0.091125 0 0) (0.034875 0 0));
    }
    outlet
    {
        type            zeroGradient;
    }
    walls
    {
        type            noSlip;
    }
    symwall
    {
        type            empty;
    }
}


// ************************************************************************* //
