/*--------------------------------*- C++ -*----------------------------------*\
| =========                 |                                                 |
| \\      /  F ield         | OpenFOAM: The Open Source CFD Toolbox           |
|  \\    /   O peration     | Version:  4.1                                   |
|   \\  /    A nd           | Web:      www.OpenFOAM.org                      |
|    \\/     M anipulation  |                                                 |
\*---------------------------------------------------------------------------*/
FoamFile
{
    version     2.0;
    format      ascii;
    class       volVectorField;
    location    "593";
    object      U;
}
// * * * * * * * * * * * * * * * * * * * * * * * * * * * * * * * * * * * * * //

dimensions      [0 1 -1 0 0 0 0];

internalField   nonuniform List<vector> 
3264
(
(-2.64607e-06 -4.92237e-07 0)
(-0.000133148 3.05536e-05 0)
(-0.000389783 4.86571e-05 0)
(-0.000677098 5.09947e-05 0)
(-0.000979133 5.27201e-05 0)
(-0.00128527 5.21254e-05 0)
(-0.00159019 5.34262e-05 0)
(-0.00189526 5.40706e-05 0)
(-0.00219589 5.51764e-05 0)
(-0.0024928 5.58054e-05 0)
(-0.00278344 5.63683e-05 0)
(-0.00306803 5.66214e-05 0)
(-0.0033455 5.67281e-05 0)
(-0.00361597 5.66517e-05 0)
(-0.00387914 5.64671e-05 0)
(-0.00413515 5.61889e-05 0)
(-0.00438402 5.58583e-05 0)
(-0.00462597 5.54971e-05 0)
(-0.00486114 5.51314e-05 0)
(-0.00508977 5.47802e-05 0)
(-0.00531208 5.44614e-05 0)
(-0.00552827 5.41895e-05 0)
(-0.00573856 5.39769e-05 0)
(-0.00594313 5.38329e-05 0)
(-0.00614211 5.37637e-05 0)
(-0.00633561 5.37722e-05 0)
(-0.00652364 5.38566e-05 0)
(-0.00670615 5.40102e-05 0)
(-0.006883 5.42204e-05 0)
(-0.00705392 5.44679e-05 0)
(-0.00721852 5.47258e-05 0)
(-0.00737626 5.49593e-05 0)
(-0.00752646 5.51251e-05 0)
(-0.00766825 5.51715e-05 0)
(-0.00780058 5.50392e-05 0)
(-0.00792225 5.46615e-05 0)
(-0.00803186 5.39663e-05 0)
(-0.00812784 5.28779e-05 0)
(-0.00820849 5.13193e-05 0)
(-0.00827195 4.92152e-05 0)
(-0.00831628 4.64947e-05 0)
(-0.00833946 4.30951e-05 0)
(-0.00833944 3.89647e-05 0)
(-0.00831418 3.40654e-05 0)
(-0.00826169 2.83761e-05 0)
(-0.00818012 2.1894e-05 0)
(-0.00806774 1.46361e-05 0)
(-0.00792303 6.64039e-06 0)
(-0.00774472 -2.03464e-06 0)
(-0.00753182 -1.13105e-05 0)
(-0.00728367 -2.10901e-05 0)
(-0.00699994 -3.12598e-05 0)
(-0.0066807 -4.16916e-05 0)
(-0.00632636 -5.22463e-05 0)
(-0.00593779 -6.27767e-05 0)
(-0.0055162 -7.31308e-05 0)
(-0.00506322 -8.31554e-05 0)
(-0.00458085 -9.26997e-05 0)
(-0.00407145 -0.000101619 0)
(-0.00353771 -0.000109777 0)
(-0.00298262 -0.000117052 0)
(-0.00240942 -0.000123334 0)
(-0.00182158 -0.000128533 0)
(-0.00122274 -0.00013258 0)
(-0.000616646 -0.000135424 0)
(-7.13253e-06 -0.00013704 0)
(0.000601966 -0.000137424 0)
(0.00120685 -0.000136596 0)
(0.00180381 -0.000134598 0)
(0.0023893 -0.000131494 0)
(0.00295994 -0.000127367 0)
(0.00351261 -0.000122315 0)
(0.00404448 -0.000116454 0)
(0.00455299 -0.000109908 0)
(0.00503598 -0.000102809 0)
(0.00549161 -9.5293e-05 0)
(0.00591842 -8.7496e-05 0)
(0.00631534 -7.95509e-05 0)
(0.00668168 -7.15838e-05 0)
(0.00701709 -6.37116e-05 0)
(0.0073216 -5.60392e-05 0)
(0.00759553 -4.86583e-05 0)
(0.00783951 -4.16459e-05 0)
(0.00805445 -3.50633e-05 0)
(0.00824147 -2.89568e-05 0)
(0.00840188 -2.33578e-05 0)
(0.00853716 -1.82837e-05 0)
(0.0086489 -1.37392e-05 0)
(0.00873876 -9.71818e-06 0)
(0.00880847 -6.20495e-06 0)
(0.00885978 -3.17639e-06 0)
(0.0088944 -6.036e-07 0)
(0.00891406 1.5464e-06 0)
(0.00892038 3.30915e-06 0)
(0.00891497 4.72136e-06 0)
(0.00889933 5.81985e-06 0)
(0.00887486 6.64054e-06 0)
(0.00884289 7.21782e-06 0)
(0.00880464 7.584e-06 0)
(0.00876123 7.76901e-06 0)
(0.00871367 7.8002e-06 0)
(0.00866289 7.70226e-06 0)
(0.0086097 7.49732e-06 0)
(0.00855486 7.20499e-06 0)
(0.00849899 6.84254e-06 0)
(0.00844267 6.42507e-06 0)
(0.0083864 5.96573e-06 0)
(0.0083306 5.47586e-06 0)
(0.00827564 4.96524e-06 0)
(0.00822181 4.44222e-06 0)
(0.00816937 3.91392e-06 0)
(0.00811854 3.38634e-06 0)
(0.00806947 2.86453e-06 0)
(0.00802229 2.35269e-06 0)
(0.00797711 1.85427e-06 0)
(0.00793399 1.37206e-06 0)
(0.00789298 9.08281e-07 0)
(0.00785409 4.64657e-07 0)
(0.00781735 4.24648e-08 0)
(0.00778272 -3.57401e-07 0)
(0.0077502 -7.3438e-07 0)
(0.00771975 -1.0882e-06 0)
(0.00769133 -1.41885e-06 0)
(0.00766489 -1.72652e-06 0)
(0.00764038 -2.01158e-06 0)
(0.00761774 -2.27458e-06 0)
(0.00759691 -2.51617e-06 0)
(0.00757783 -2.73712e-06 0)
(0.00756044 -2.93829e-06 0)
(0.00754468 -3.12058e-06 0)
(0.0075305 -3.28499e-06 0)
(0.00751783 -3.43251e-06 0)
(0.00750662 -3.56419e-06 0)
(0.00749682 -3.68107e-06 0)
(0.00748837 -3.78421e-06 0)
(0.00748124 -3.87466e-06 0)
(0.00747537 -3.95347e-06 0)
(0.00747072 -4.02166e-06 0)
(0.00746727 -4.08025e-06 0)
(0.00746497 -4.1302e-06 0)
(0.00746379 -4.17248e-06 0)
(0.00746371 -4.20801e-06 0)
(0.0074647 -4.23767e-06 0)
(0.00746674 -4.26232e-06 0)
(0.00746981 -4.28277e-06 0)
(0.0074739 -4.29979e-06 0)
(0.00747899 -4.31412e-06 0)
(0.00748508 -4.32645e-06 0)
(0.00749215 -4.33744e-06 0)
(0.00750019 -4.3477e-06 0)
(0.00750921 -4.3578e-06 0)
(0.0075192 -4.36827e-06 0)
(0.00753016 -4.37961e-06 0)
(0.00754208 -4.39225e-06 0)
(0.00755497 -4.40661e-06 0)
(0.00756882 -4.42305e-06 0)
(0.00758365 -4.4419e-06 0)
(0.00759945 -4.46345e-06 0)
(0.00761623 -4.48795e-06 0)
(0.00763398 -4.51559e-06 0)
(0.00765272 -4.54656e-06 0)
(0.00767243 -4.58098e-06 0)
(0.00769313 -4.61894e-06 0)
(0.00771481 -4.6605e-06 0)
(0.00773747 -4.70566e-06 0)
(0.00776112 -4.75441e-06 0)
(0.00778574 -4.80668e-06 0)
(0.00781134 -4.86237e-06 0)
(0.0078379 -4.92134e-06 0)
(0.00786542 -4.98343e-06 0)
(0.00789389 -5.04841e-06 0)
(0.00792329 -5.11604e-06 0)
(0.00795361 -5.18604e-06 0)
(0.00798483 -5.25809e-06 0)
(0.00801692 -5.33185e-06 0)
(0.00804987 -5.40694e-06 0)
(0.00808365 -5.48295e-06 0)
(0.00811822 -5.55945e-06 0)
(0.00815355 -5.63599e-06 0)
(0.0081896 -5.71208e-06 0)
(0.00822634 -5.78724e-06 0)
(0.00826371 -5.86094e-06 0)
(0.00830167 -5.93267e-06 0)
(0.00834016 -6.00188e-06 0)
(0.00837914 -6.06805e-06 0)
(0.00841854 -6.13066e-06 0)
(0.00845831 -6.18936e-06 0)
(0.00849839 -6.2437e-06 0)
(0.0085387 -6.2947e-06 0)
(0.00857919 -6.34053e-06 0)
(0.00861978 -6.39384e-06 0)
(0.00866046 -6.43002e-06 0)
(0.00870108 -6.55276e-06 0)
(0.008742 -6.54547e-06 0)
(0.00878205 -7.05551e-06 0)
(0.0088252 -6.90567e-06 0)
(0.00886131 -8.61844e-06 0)
(0.00891792 -9.71683e-06 0)
(0.00893717 -1.06375e-05 0)
(0.00903876 -3.16563e-05 0)
(-8.33829e-05 0.000136363 0)
(-0.000583106 0.00037925 0)
(-0.00131185 0.000518412 0)
(-0.0020869 0.000562618 0)
(-0.00286722 0.000583735 0)
(-0.00363597 0.000585626 0)
(-0.00437987 0.000585783 0)
(-0.00510183 0.000579344 0)
(-0.00579471 0.000570715 0)
(-0.00646074 0.000558894 0)
(-0.00709728 0.000545681 0)
(-0.00770582 0.000531272 0)
(-0.00828607 0.000516402 0)
(-0.00883922 0.000501317 0)
(-0.00936588 0.000486313 0)
(-0.00986706 0.000471531 0)
(-0.0103436 0.000457089 0)
(-0.0107962 0.000443047 0)
(-0.0112259 0.000429441 0)
(-0.0116331 0.000416278 0)
(-0.0120184 0.000403543 0)
(-0.0123823 0.000391202 0)
(-0.0127251 0.000379199 0)
(-0.0130469 0.000367456 0)
(-0.0133477 0.00035587 0)
(-0.0136273 0.000344314 0)
(-0.0138854 0.000332635 0)
(-0.0141212 0.000320648 0)
(-0.0143341 0.000308143 0)
(-0.0145229 0.000294882 0)
(-0.0146864 0.000280602 0)
(-0.014823 0.000265017 0)
(-0.014931 0.000247826 0)
(-0.0150083 0.000228719 0)
(-0.0150528 0.000207383 0)
(-0.0150621 0.000183515 0)
(-0.0150337 0.000156829 0)
(-0.014965 0.000127069 0)
(-0.0148534 9.40203e-05 0)
(-0.0146962 5.7517e-05 0)
(-0.0144907 1.7454e-05 0)
(-0.0142345 -2.62057e-05 0)
(-0.0139253 -7.34251e-05 0)
(-0.013561 -0.000124089 0)
(-0.0131397 -0.000178001 0)
(-0.0126601 -0.000234886 0)
(-0.0121209 -0.00029439 0)
(-0.0115215 -0.000356087 0)
(-0.0108616 -0.000419485 0)
(-0.0101416 -0.000484034 0)
(-0.00936213 -0.000549132 0)
(-0.00852444 -0.000614143 0)
(-0.00763031 -0.0006784 0)
(-0.00668198 -0.000741222 0)
(-0.00568222 -0.000801923 0)
(-0.00463426 -0.000859825 0)
(-0.00354181 -0.000914268 0)
(-0.00240898 -0.000964623 0)
(-0.0012403 -0.0010103 0)
(-4.06162e-05 -0.00105077 0)
(0.00118488 -0.00108555 0)
(0.00243076 -0.00111424 0)
(0.00369139 -0.0011365 0)
(0.00496098 -0.00115208 0)
(0.00623364 -0.00116083 0)
(0.00750349 -0.00116268 0)
(0.00876464 -0.00115764 0)
(0.0100113 -0.00114584 0)
(0.0112379 -0.00112748 0)
(0.012439 -0.00110284 0)
(0.0136095 -0.00107232 0)
(0.0147446 -0.00103635 0)
(0.0158399 -0.000995451 0)
(0.0168913 -0.000950196 0)
(0.0178954 -0.000901196 0)
(0.018849 -0.000849095 0)
(0.0197497 -0.000794557 0)
(0.0205953 -0.000738249 0)
(0.0213843 -0.00068083 0)
(0.0221158 -0.000622939 0)
(0.0227892 -0.000565186 0)
(0.0234045 -0.000508138 0)
(0.0239621 -0.000452313 0)
(0.024463 -0.000398174 0)
(0.0249084 -0.000346125 0)
(0.0253 -0.000296504 0)
(0.0256396 -0.000249587 0)
(0.0259294 -0.000205586 0)
(0.026172 -0.000164653 0)
(0.0263698 -0.00012688 0)
(0.0265257 -9.23069e-05 0)
(0.0266425 -6.0926e-05 0)
(0.0267231 -3.26868e-05 0)
(0.0267704 -7.50275e-06 0)
(0.0267872 1.47424e-05 0)
(0.0267765 3.41891e-05 0)
(0.026741 5.09957e-05 0)
(0.0266834 6.53335e-05 0)
(0.0266063 7.7382e-05 0)
(0.0265122 8.73246e-05 0)
(0.0264033 9.53448e-05 0)
(0.0262819 0.000101623 0)
(0.0261499 0.000106336 0)
(0.0260092 0.000109651 0)
(0.0258616 0.000111727 0)
(0.0257086 0.000112716 0)
(0.0255516 0.000112757 0)
(0.0253919 0.000111979 0)
(0.0252307 0.000110501 0)
(0.025069 0.000108431 0)
(0.0249076 0.000105866 0)
(0.0247473 0.000102894 0)
(0.0245888 9.95936e-05 0)
(0.0244328 9.60349e-05 0)
(0.0242796 9.22791e-05 0)
(0.0241298 8.838e-05 0)
(0.0239836 8.43845e-05 0)
(0.0238413 8.03328e-05 0)
(0.0237031 7.62596e-05 0)
(0.0235693 7.21941e-05 0)
(0.0234399 6.81607e-05 0)
(0.023315 6.41796e-05 0)
(0.0231947 6.02669e-05 0)
(0.0230791 5.64355e-05 0)
(0.022968 5.26953e-05 0)
(0.0228615 4.90534e-05 0)
(0.0227596 4.55145e-05 0)
(0.0226623 4.20815e-05 0)
(0.0225694 3.87552e-05 0)
(0.0224809 3.55353e-05 0)
(0.0223968 3.24199e-05 0)
(0.0223169 2.94063e-05 0)
(0.0222413 2.64906e-05 0)
(0.0221698 2.36686e-05 0)
(0.0221024 2.09352e-05 0)
(0.0220391 1.8285e-05 0)
(0.0219797 1.57125e-05 0)
(0.0219242 1.32117e-05 0)
(0.0218725 1.07768e-05 0)
(0.0218247 8.40176e-06 0)
(0.0217806 6.08078e-06 0)
(0.0217403 3.80811e-06 0)
(0.0217037 1.57819e-06 0)
(0.0216707 -6.14312e-07 0)
(0.0216414 -2.77447e-06 0)
(0.0216157 -4.90705e-06 0)
(0.0215936 -7.01653e-06 0)
(0.0215751 -9.10702e-06 0)
(0.0215602 -1.11823e-05 0)
(0.0215488 -1.32458e-05 0)
(0.0215411 -1.53005e-05 0)
(0.0215369 -1.73492e-05 0)
(0.0215362 -1.93941e-05 0)
(0.0215392 -2.14371e-05 0)
(0.0215456 -2.34798e-05 0)
(0.0215557 -2.55233e-05 0)
(0.0215693 -2.75684e-05 0)
(0.0215864 -2.96154e-05 0)
(0.0216071 -3.16644e-05 0)
(0.0216314 -3.37149e-05 0)
(0.0216591 -3.57662e-05 0)
(0.0216904 -3.78172e-05 0)
(0.0217252 -3.98663e-05 0)
(0.0217635 -4.19115e-05 0)
(0.0218052 -4.39505e-05 0)
(0.0218503 -4.59805e-05 0)
(0.0218989 -4.79986e-05 0)
(0.0219508 -5.00011e-05 0)
(0.022006 -5.19841e-05 0)
(0.0220645 -5.39434e-05 0)
(0.0221263 -5.58744e-05 0)
(0.0221911 -5.7772e-05 0)
(0.022259 -5.96308e-05 0)
(0.02233 -6.14453e-05 0)
(0.0224038 -6.32094e-05 0)
(0.0224805 -6.4917e-05 0)
(0.0225598 -6.65617e-05 0)
(0.0226418 -6.81368e-05 0)
(0.0227262 -6.96356e-05 0)
(0.022813 -7.10515e-05 0)
(0.022902 -7.23777e-05 0)
(0.0229931 -7.36074e-05 0)
(0.0230861 -7.47343e-05 0)
(0.0231808 -7.57521e-05 0)
(0.0232771 -7.66548e-05 0)
(0.0233748 -7.7437e-05 0)
(0.0234736 -7.80938e-05 0)
(0.0235735 -7.86216e-05 0)
(0.0236743 -7.90173e-05 0)
(0.0237756 -7.92815e-05 0)
(0.0238773 -7.94247e-05 0)
(0.0239793 -7.94236e-05 0)
(0.0240813 -7.94608e-05 0)
(0.024183 -7.90695e-05 0)
(0.0242846 -7.99093e-05 0)
(0.0243856 -7.8284e-05 0)
(0.0244848 -8.29689e-05 0)
(0.0245908 -8.12044e-05 0)
(0.0246728 -8.51425e-05 0)
(0.0248171 -0.000121265 0)
(-0.000178927 0.000645198 0)
(-0.00104346 0.00125447 0)
(-0.00216873 0.00153362 0)
(-0.00330662 0.00157534 0)
(-0.00439573 0.00157088 0)
(-0.00542546 0.00152806 0)
(-0.00638016 0.00148501 0)
(-0.00727092 0.00143331 0)
(-0.00809437 0.00138083 0)
(-0.00885868 0.00132591 0)
(-0.00956522 0.0012711 0)
(-0.0102191 0.00121659 0)
(-0.0108229 0.00116321 0)
(-0.0113799 0.00111117 0)
(-0.0118923 0.00106069 0)
(-0.0123626 0.00101179 0)
(-0.0127925 0.000964447 0)
(-0.0131834 0.000918564 0)
(-0.0135368 0.000874006 0)
(-0.0138534 0.000830602 0)
(-0.0141342 0.000788148 0)
(-0.0143795 0.000746411 0)
(-0.0145895 0.000705125 0)
(-0.0147643 0.000663994 0)
(-0.0149037 0.000622686 0)
(-0.0150071 0.000580835 0)
(-0.0150738 0.00053804 0)
(-0.015103 0.000493868 0)
(-0.0150936 0.00044786 0)
(-0.0150441 0.000399531 0)
(-0.014953 0.000348384 0)
(-0.0148188 0.000293918 0)
(-0.0146395 0.000235638 0)
(-0.0144133 0.000173072 0)
(-0.0141382 0.000105783 0)
(-0.0138121 3.33857e-05 0)
(-0.013433 -4.44394e-05 0)
(-0.0129989 -0.000127931 0)
(-0.012508 -0.000217235 0)
(-0.0119586 -0.000312391 0)
(-0.011349 -0.000413327 0)
(-0.0106781 -0.000519848 0)
(-0.00994477 -0.00063164 0)
(-0.00914829 -0.000748263 0)
(-0.0082883 -0.000869157 0)
(-0.00736482 -0.000993646 0)
(-0.00637824 -0.00112095 0)
(-0.00532938 -0.00125019 0)
(-0.00421949 -0.0013804 0)
(-0.00305026 -0.00151055 0)
(-0.00182383 -0.00163955 0)
(-0.000542756 -0.00176626 0)
(0.000789952 -0.00188954 0)
(0.00217087 -0.00200822 0)
(0.00359617 -0.00212116 0)
(0.00506163 -0.00222723 0)
(0.00656269 -0.00232536 0)
(0.00809443 -0.00241452 0)
(0.00965166 -0.00249377 0)
(0.0112289 -0.00256227 0)
(0.0128206 -0.00261926 0)
(0.0144208 -0.00266412 0)
(0.0160235 -0.00269634 0)
(0.0176229 -0.00271557 0)
(0.0192128 -0.00272158 0)
(0.0207872 -0.00271431 0)
(0.0223404 -0.00269386 0)
(0.0238666 -0.00266047 0)
(0.0253602 -0.00261452 0)
(0.0268161 -0.00255658 0)
(0.0282294 -0.00248731 0)
(0.0295955 -0.00240753 0)
(0.0309102 -0.00231815 0)
(0.0321699 -0.00222019 0)
(0.0333714 -0.00211474 0)
(0.0345119 -0.00200295 0)
(0.0355891 -0.001886 0)
(0.0366013 -0.0017651 0)
(0.0375473 -0.00164145 0)
(0.0384263 -0.0015162 0)
(0.039238 -0.0013905 0)
(0.0399825 -0.0012654 0)
(0.0406605 -0.00114192 0)
(0.0412729 -0.00102095 0)
(0.041821 -0.000903325 0)
(0.0423066 -0.000789758 0)
(0.0427315 -0.000680868 0)
(0.0430981 -0.00057717 0)
(0.0434085 -0.000479074 0)
(0.0436656 -0.000386892 0)
(0.0438719 -0.000300841 0)
(0.0440303 -0.000221048 0)
(0.0441438 -0.000147561 0)
(0.0442152 -8.03506e-05 0)
(0.0442476 -1.93251e-05 0)
(0.0442439 3.5665e-05 0)
(0.044207 8.48177e-05 0)
(0.0441398 0.00012837 0)
(0.0440451 0.000166592 0)
(0.0439257 0.000199776 0)
(0.0437841 0.000228234 0)
(0.0436229 0.000252286 0)
(0.0434445 0.00027226 0)
(0.043251 0.000288484 0)
(0.0430447 0.000301279 0)
(0.0428274 0.000310963 0)
(0.0426012 0.000317839 0)
(0.0423677 0.000322201 0)
(0.0421284 0.000324325 0)
(0.0418848 0.000324474 0)
(0.0416383 0.000322891 0)
(0.04139 0.000319803 0)
(0.041141 0.00031542 0)
(0.0408923 0.000309933 0)
(0.0406447 0.000303516 0)
(0.040399 0.000296328 0)
(0.0401558 0.000288509 0)
(0.0399158 0.000280186 0)
(0.0396794 0.000271469 0)
(0.039447 0.000262458 0)
(0.0392191 0.000253238 0)
(0.0389958 0.000243881 0)
(0.0387776 0.000234452 0)
(0.0385645 0.000225002 0)
(0.0383568 0.000215576 0)
(0.0381545 0.00020621 0)
(0.0379578 0.000196932 0)
(0.0377668 0.000187765 0)
(0.0375815 0.000178726 0)
(0.0374019 0.000169825 0)
(0.0372281 0.00016107 0)
(0.0370601 0.000152463 0)
(0.0368979 0.000144007 0)
(0.0367414 0.000135697 0)
(0.0365908 0.000127529 0)
(0.0364459 0.000119497 0)
(0.0363069 0.000111593 0)
(0.0361735 0.000103808 0)
(0.036046 9.61323e-05 0)
(0.0359242 8.85557e-05 0)
(0.0358082 8.10683e-05 0)
(0.0356979 7.36597e-05 0)
(0.0355934 6.63199e-05 0)
(0.0354947 5.90392e-05 0)
(0.0354018 5.18086e-05 0)
(0.0353148 4.46195e-05 0)
(0.0352335 3.7464e-05 0)
(0.0351581 3.03351e-05 0)
(0.0350886 2.32264e-05 0)
(0.0350249 1.61326e-05 0)
(0.0349672 9.04913e-06 0)
(0.0349154 1.97252e-06 0)
(0.0348696 -5.09993e-06 0)
(0.0348297 -1.21699e-05 0)
(0.0347959 -1.92382e-05 0)
(0.034768 -2.63047e-05 0)
(0.0347462 -3.33682e-05 0)
(0.0347304 -4.04268e-05 0)
(0.0347206 -4.74775e-05 0)
(0.0347169 -5.45165e-05 0)
(0.0347192 -6.1539e-05 0)
(0.0347275 -6.85394e-05 0)
(0.0347418 -7.5511e-05 0)
(0.034762 -8.24466e-05 0)
(0.0347881 -8.93377e-05 0)
(0.0348202 -9.61751e-05 0)
(0.034858 -0.000102949 0)
(0.0349016 -0.000109648 0)
(0.0349508 -0.00011626 0)
(0.0350057 -0.000122773 0)
(0.0350661 -0.000129174 0)
(0.0351319 -0.000135447 0)
(0.0352029 -0.000141578 0)
(0.0352792 -0.000147552 0)
(0.0353604 -0.000153352 0)
(0.0354465 -0.00015896 0)
(0.0355374 -0.00016436 0)
(0.0356327 -0.000169535 0)
(0.0357324 -0.000174465 0)
(0.0358363 -0.000179133 0)
(0.0359441 -0.000183521 0)
(0.0360557 -0.000187612 0)
(0.0361707 -0.000191388 0)
(0.036289 -0.000194832 0)
(0.0364102 -0.000197929 0)
(0.0365342 -0.000200664 0)
(0.0366606 -0.000203023 0)
(0.0367892 -0.000204995 0)
(0.0369197 -0.000206568 0)
(0.0370517 -0.000207742 0)
(0.037185 -0.000208502 0)
(0.0373192 -0.000208876 0)
(0.0374541 -0.000208871 0)
(0.0375893 -0.000208446 0)
(0.0377245 -0.000208261 0)
(0.0378588 -0.000206397 0)
(0.0379934 -0.000209127 0)
(0.0381252 -0.000204475 0)
(0.0382505 -0.000210099 0)
(0.0384066 -0.00023119 0)
(-0.000305685 0.00126191 0)
(-0.00151691 0.00231573 0)
(-0.00287122 0.00272419 0)
(-0.00413873 0.00273452 0)
(-0.00523809 0.00266286 0)
(-0.00621844 0.00253403 0)
(-0.00706593 0.00240557 0)
(-0.00781415 0.00227105 0)
(-0.00846457 0.00214145 0)
(-0.00903389 0.0020153 0)
(-0.00952731 0.00189489 0)
(-0.00995373 0.00177982 0)
(-0.0103179 0.00167019 0)
(-0.0106251 0.00156554 0)
(-0.0108787 0.00146546 0)
(-0.011082 0.00136945 0)
(-0.0112373 0.00127701 0)
(-0.0113465 0.00118761 0)
(-0.0114112 0.00110076 0)
(-0.0114322 0.00101595 0)
(-0.0114104 0.000932679 0)
(-0.0113462 0.000850424 0)
(-0.0112397 0.000768664 0)
(-0.0110908 0.000686859 0)
(-0.0108991 0.000604452 0)
(-0.0106641 0.000520864 0)
(-0.010385 0.000435501 0)
(-0.010061 0.000347754 0)
(-0.00969105 0.000257004 0)
(-0.00927394 0.000162634 0)
(-0.00880844 6.40341e-05 0)
(-0.00829327 -3.9382e-05 0)
(-0.00772709 -0.000148164 0)
(-0.00710856 -0.000262811 0)
(-0.00643641 -0.000383751 0)
(-0.0057094 -0.000511332 0)
(-0.00492641 -0.000645797 0)
(-0.00408647 -0.00078728 0)
(-0.00318875 -0.000935783 0)
(-0.00223265 -0.00109118 0)
(-0.00121779 -0.00125318 0)
(-0.000144049 -0.00142137 0)
(0.000988412 -0.00159516 0)
(0.00217912 -0.00177384 0)
(0.00342729 -0.00195654 0)
(0.00473179 -0.00214225 0)
(0.00609114 -0.00232983 0)
(0.00750348 -0.00251807 0)
(0.00896661 -0.00270561 0)
(0.010478 -0.00289103 0)
(0.0120346 -0.00307287 0)
(0.0136331 -0.0032496 0)
(0.0152699 -0.00341968 0)
(0.016941 -0.00358156 0)
(0.0186421 -0.00373371 0)
(0.0203684 -0.00387467 0)
(0.022115 -0.00400299 0)
(0.0238768 -0.00411736 0)
(0.0256483 -0.00421654 0)
(0.0274239 -0.00429942 0)
(0.029198 -0.00436506 0)
(0.0309647 -0.00441264 0)
(0.032718 -0.00444156 0)
(0.0344522 -0.00445139 0)
(0.0361614 -0.00444191 0)
(0.03784 -0.00441311 0)
(0.0394825 -0.00436519 0)
(0.0410836 -0.00429857 0)
(0.0426383 -0.0042139 0)
(0.0441421 -0.004112 0)
(0.0455908 -0.00399391 0)
(0.0469805 -0.00386084 0)
(0.0483079 -0.00371414 0)
(0.0495701 -0.00355531 0)
(0.050765 -0.00338594 0)
(0.0518906 -0.0032077 0)
(0.0529456 -0.00302229 0)
(0.0539294 -0.00283146 0)
(0.0548415 -0.0026369 0)
(0.0556821 -0.00244029 0)
(0.0564518 -0.00224324 0)
(0.0571516 -0.00204726 0)
(0.0577829 -0.00185377 0)
(0.0583473 -0.00166404 0)
(0.0588467 -0.00147923 0)
(0.0592834 -0.00130037 0)
(0.0596598 -0.00112832 0)
(0.0599783 -0.000963813 0)
(0.0602416 -0.000807441 0)
(0.0604525 -0.000659655 0)
(0.0606137 -0.000520782 0)
(0.0607282 -0.000391027 0)
(0.0607988 -0.000270486 0)
(0.0608283 -0.000159155 0)
(0.0608195 -5.69413e-05 0)
(0.0607752 3.63229e-05 0)
(0.0606981 0.000120873 0)
(0.0605908 0.000197001 0)
(0.0604558 0.000265043 0)
(0.0602957 0.000325371 0)
(0.0601127 0.000378387 0)
(0.0599092 0.000424509 0)
(0.0596874 0.000464171 0)
(0.0594491 0.00049781 0)
(0.0591965 0.000525867 0)
(0.0589314 0.000548774 0)
(0.0586554 0.000566959 0)
(0.0583702 0.000580836 0)
(0.0580774 0.000590804 0)
(0.0577783 0.000597245 0)
(0.0574742 0.000600524 0)
(0.0571663 0.000600983 0)
(0.0568558 0.000598945 0)
(0.0565436 0.00059471 0)
(0.0562307 0.000588556 0)
(0.0559179 0.000580742 0)
(0.0556059 0.000571501 0)
(0.0552956 0.000561049 0)
(0.0549873 0.000549578 0)
(0.0546818 0.000537263 0)
(0.0543795 0.000524259 0)
(0.0540808 0.000510704 0)
(0.053786 0.000496717 0)
(0.0534956 0.000482404 0)
(0.0532097 0.000467855 0)
(0.0529287 0.000453147 0)
(0.0526527 0.000438344 0)
(0.052382 0.000423499 0)
(0.0521167 0.000408656 0)
(0.0518569 0.000393848 0)
(0.0516028 0.0003791 0)
(0.0513544 0.000364432 0)
(0.0511119 0.000349854 0)
(0.0508753 0.000335374 0)
(0.0506448 0.000320994 0)
(0.0504204 0.000306711 0)
(0.0502021 0.000292521 0)
(0.0499901 0.000278417 0)
(0.0497844 0.000264389 0)
(0.049585 0.000250427 0)
(0.0493921 0.000236518 0)
(0.0492057 0.000222652 0)
(0.0490259 0.000208815 0)
(0.0488527 0.000194997 0)
(0.0486863 0.000181186 0)
(0.0485267 0.000167371 0)
(0.0483739 0.000153545 0)
(0.0482282 0.000139698 0)
(0.0480895 0.000125824 0)
(0.0479579 0.000111918 0)
(0.0478335 9.79772e-05 0)
(0.0477164 8.39985e-05 0)
(0.0476067 6.99819e-05 0)
(0.0475044 5.59288e-05 0)
(0.0474096 4.18422e-05 0)
(0.0473223 2.77266e-05 0)
(0.0472426 1.35884e-05 0)
(0.0471706 -5.64664e-07 0)
(0.0471063 -1.47231e-05 0)
(0.0470497 -2.8876e-05 0)
(0.0470008 -4.30108e-05 0)
(0.0469597 -5.71136e-05 0)
(0.0469264 -7.11691e-05 0)
(0.0469008 -8.51605e-05 0)
(0.0468829 -9.90696e-05 0)
(0.0468727 -0.000112877 0)
(0.0468701 -0.000126562 0)
(0.0468752 -0.000140102 0)
(0.0468877 -0.000153474 0)
(0.0469077 -0.000166654 0)
(0.046935 -0.000179616 0)
(0.0469696 -0.000192333 0)
(0.0470112 -0.000204778 0)
(0.0470597 -0.000216922 0)
(0.047115 -0.000228735 0)
(0.047177 -0.000240188 0)
(0.0472454 -0.00025125 0)
(0.04732 -0.000261889 0)
(0.0474006 -0.000272075 0)
(0.047487 -0.000281776 0)
(0.0475789 -0.000290961 0)
(0.0476761 -0.0002996 0)
(0.0477783 -0.000307663 0)
(0.0478853 -0.000315122 0)
(0.0479966 -0.000321949 0)
(0.0481121 -0.000328119 0)
(0.0482314 -0.000333608 0)
(0.0483543 -0.000338393 0)
(0.0484802 -0.000342457 0)
(0.048609 -0.000345781 0)
(0.0487402 -0.000348358 0)
(0.0488735 -0.00035017 0)
(0.0490085 -0.000351235 0)
(0.0491448 -0.000351533 0)
(0.049282 -0.000351223 0)
(0.0494195 -0.000349855 0)
(0.0495568 -0.000349686 0)
(0.0496916 -0.000344503 0)
(0.049825 -0.000348843 0)
(0.0499711 -0.000349512 0)
(-0.000405113 0.00246978 0)
(-0.00171926 0.00379673 0)
(-0.00298746 0.00414176 0)
(-0.00405034 0.00389063 0)
(-0.00482705 0.00361771 0)
(-0.00542841 0.00331543 0)
(-0.00585132 0.00305172 0)
(-0.00615528 0.00280548 0)
(-0.00634945 0.00258176 0)
(-0.0064599 0.00237429 0)
(-0.00649501 0.00218188 0)
(-0.00646661 0.00200203 0)
(-0.00638039 0.00183309 0)
(-0.00624225 0.00167345 0)
(-0.00605572 0.00152173 0)
(-0.00582394 0.0013767 0)
(-0.00554898 0.00123723 0)
(-0.0052325 0.00110233 0)
(-0.00487557 0.000971061 0)
(-0.00447895 0.000842573 0)
(-0.00404299 0.000716046 0)
(-0.00356784 0.000590698 0)
(-0.00305334 0.000465768 0)
(-0.00249917 0.000340512 0)
(-0.00190483 0.000214192 0)
(-0.00126967 8.60774e-05 0)
(-0.000592909 -4.45549e-05 0)
(0.000126303 -0.000178418 0)
(0.000888893 -0.00031621 0)
(0.00169582 -0.000458605 0)
(0.00254806 -0.000606239 0)
(0.00344657 -0.000759704 0)
(0.00439226 -0.000919529 0)
(0.00538597 -0.00108617 0)
(0.00642844 -0.00125997 0)
(0.00752029 -0.0014412 0)
(0.00866198 -0.00162997 0)
(0.00985381 -0.00182627 0)
(0.0110959 -0.00202995 0)
(0.0123881 -0.0022407 0)
(0.01373 -0.00245802 0)
(0.015121 -0.00268127 0)
(0.0165603 -0.00290964 0)
(0.0180467 -0.00314215 0)
(0.0195786 -0.00337765 0)
(0.0211543 -0.00361487 0)
(0.0227718 -0.00385236 0)
(0.0244285 -0.0040886 0)
(0.0261218 -0.00432191 0)
(0.0278485 -0.00455055 0)
(0.0296053 -0.00477272 0)
(0.0313884 -0.00498655 0)
(0.0331939 -0.00519017 0)
(0.0350173 -0.00538169 0)
(0.036854 -0.00555926 0)
(0.0386992 -0.00572108 0)
(0.0405478 -0.00586544 0)
(0.0423944 -0.00599073 0)
(0.0442336 -0.00609547 0)
(0.0460597 -0.00617835 0)
(0.0478671 -0.00623824 0)
(0.0496501 -0.00627422 0)
(0.051403 -0.0062856 0)
(0.0531202 -0.00627195 0)
(0.0547963 -0.00623309 0)
(0.0564261 -0.00616913 0)
(0.0580048 -0.00608045 0)
(0.0595277 -0.00596771 0)
(0.0609907 -0.00583185 0)
(0.06239 -0.00567407 0)
(0.0637224 -0.00549582 0)
(0.0649852 -0.00529877 0)
(0.0661763 -0.00508478 0)
(0.067294 -0.00485587 0)
(0.0683372 -0.00461418 0)
(0.0693055 -0.00436193 0)
(0.0701988 -0.0041014 0)
(0.0710176 -0.00383484 0)
(0.071763 -0.00356449 0)
(0.0724362 -0.00329251 0)
(0.0730391 -0.00302096 0)
(0.0735737 -0.00275177 0)
(0.0740422 -0.00248671 0)
(0.0744474 -0.00222739 0)
(0.0747919 -0.00197524 0)
(0.0750785 -0.00173151 0)
(0.0753102 -0.00149726 0)
(0.0754899 -0.00127334 0)
(0.0756208 -0.00106046 0)
(0.0757056 -0.000859132 0)
(0.0757475 -0.000669716 0)
(0.0757492 -0.000492424 0)
(0.0757136 -0.000327333 0)
(0.0756434 -0.0001744 0)
(0.0755412 -3.34771e-05 0)
(0.0754096 9.56762e-05 0)
(0.075251 0.000213377 0)
(0.0750677 0.000320008 0)
(0.0748619 0.000416004 0)
(0.0746357 0.000501841 0)
(0.074391 0.000578027 0)
(0.0741297 0.00064509 0)
(0.0738537 0.000703573 0)
(0.0735645 0.000754025 0)
(0.0732637 0.000796995 0)
(0.0729527 0.000833028 0)
(0.072633 0.000862655 0)
(0.0723058 0.000886397 0)
(0.0719724 0.000904756 0)
(0.0716337 0.000918215 0)
(0.0712909 0.000927233 0)
(0.0709448 0.000932249 0)
(0.0705964 0.000933675 0)
(0.0702465 0.000931898 0)
(0.0698957 0.00092728 0)
(0.0695448 0.000920157 0)
(0.0691945 0.000910839 0)
(0.0688451 0.000899611 0)
(0.0684974 0.000886733 0)
(0.0681516 0.000872442 0)
(0.0678083 0.00085695 0)
(0.0674678 0.000840449 0)
(0.0671304 0.000823108 0)
(0.0667964 0.000805078 0)
(0.0664662 0.000786488 0)
(0.0661399 0.000767454 0)
(0.0658177 0.000748072 0)
(0.0655 0.000728423 0)
(0.0651867 0.000708577 0)
(0.0648781 0.000688587 0)
(0.0645743 0.0006685 0)
(0.0642755 0.000648348 0)
(0.0639817 0.000628156 0)
(0.0636932 0.00060794 0)
(0.0634099 0.000587712 0)
(0.063132 0.000567473 0)
(0.0628597 0.000547225 0)
(0.0625929 0.00052696 0)
(0.0623319 0.000506672 0)
(0.0620767 0.000486349 0)
(0.0618274 0.000465979 0)
(0.0615842 0.000445549 0)
(0.0613471 0.000425046 0)
(0.0611163 0.000404454 0)
(0.0608919 0.000383763 0)
(0.060674 0.000362959 0)
(0.0604627 0.000342032 0)
(0.0602582 0.000320973 0)
(0.0600606 0.000299776 0)
(0.05987 0.000278437 0)
(0.0596865 0.000256952 0)
(0.0595104 0.000235322 0)
(0.0593416 0.000213549 0)
(0.0591803 0.00019164 0)
(0.0590267 0.000169602 0)
(0.0588808 0.000147446 0)
(0.0587428 0.000125185 0)
(0.0586127 0.000102835 0)
(0.0584906 8.04137e-05 0)
(0.0583767 5.79421e-05 0)
(0.058271 3.54431e-05 0)
(0.0581735 1.29421e-05 0)
(0.0580843 -9.53367e-06 0)
(0.0580034 -3.19546e-05 0)
(0.0579309 -5.42893e-05 0)
(0.0578667 -7.65044e-05 0)
(0.0578109 -9.85648e-05 0)
(0.0577634 -0.000120434 0)
(0.0577242 -0.000142072 0)
(0.0576932 -0.000163441 0)
(0.0576704 -0.000184499 0)
(0.0576556 -0.000205202 0)
(0.0576488 -0.000225509 0)
(0.0576499 -0.000245372 0)
(0.0576586 -0.000264748 0)
(0.0576749 -0.00028359 0)
(0.0576986 -0.000301851 0)
(0.0577294 -0.000319485 0)
(0.0577672 -0.000336445 0)
(0.0578118 -0.000352684 0)
(0.0578629 -0.000368156 0)
(0.0579202 -0.000382818 0)
(0.0579836 -0.000396625 0)
(0.0580527 -0.000409536 0)
(0.0581272 -0.000421511 0)
(0.0582069 -0.000432513 0)
(0.0582914 -0.000442508 0)
(0.0583804 -0.000451463 0)
(0.0584736 -0.000459349 0)
(0.0585706 -0.00046614 0)
(0.0586711 -0.000471812 0)
(0.0587747 -0.000476339 0)
(0.0588811 -0.000479711 0)
(0.0589898 -0.000481859 0)
(0.0591004 -0.000482854 0)
(0.0592125 -0.000482426 0)
(0.0593252 -0.000481172 0)
(0.0594374 -0.000476247 0)
(0.0595498 -0.000477308 0)
(0.0596663 -0.000460072 0)
(-0.000693701 0.0030943 0)
(-0.00209192 0.0047227 0)
(-0.00255469 0.00495183 0)
(-0.00279252 0.00450479 0)
(-0.00262719 0.00403237 0)
(-0.00237786 0.00356562 0)
(-0.0019826 0.00316152 0)
(-0.00152576 0.00280333 0)
(-0.000998438 0.0024866 0)
(-0.000426043 0.00220268 0)
(0.000189668 0.001945 0)
(0.000839591 0.00170872 0)
(0.00152136 0.00148952 0)
(0.00223133 0.00128433 0)
(0.00296809 0.00109042 0)
(0.0037302 0.000905697 0)
(0.00451711 0.00072832 0)
(0.00532845 0.000556755 0)
(0.00616428 0.000389635 0)
(0.00702483 0.000225759 0)
(0.00791055 6.40252e-05 0)
(0.00882206 -9.65781e-05 0)
(0.00976009 -0.000257001 0)
(0.0107255 -0.000418144 0)
(0.0117192 -0.000580866 0)
(0.0127421 -0.000745991 0)
(0.0137953 -0.000914311 0)
(0.0148799 -0.00108658 0)
(0.0159967 -0.00126352 0)
(0.0171468 -0.00144579 0)
(0.0183311 -0.00163402 0)
(0.0195505 -0.00182873 0)
(0.0208057 -0.00203041 0)
(0.0220974 -0.00223941 0)
(0.0234259 -0.002456 0)
(0.0247918 -0.00268031 0)
(0.026195 -0.00291233 0)
(0.0276356 -0.0031519 0)
(0.0291133 -0.00339872 0)
(0.0306275 -0.00365229 0)
(0.0321775 -0.00391194 0)
(0.0337624 -0.00417682 0)
(0.0353807 -0.00444592 0)
(0.0370309 -0.00471803 0)
(0.0387112 -0.00499176 0)
(0.0404194 -0.00526557 0)
(0.0421529 -0.00553778 0)
(0.043909 -0.00580655 0)
(0.0456847 -0.00606995 0)
(0.0474764 -0.00632592 0)
(0.0492804 -0.00657234 0)
(0.0510928 -0.00680705 0)
(0.0529092 -0.00702785 0)
(0.054725 -0.00723254 0)
(0.0565354 -0.00741897 0)
(0.0583354 -0.00758506 0)
(0.0601197 -0.00772881 0)
(0.061883 -0.00784838 0)
(0.0636198 -0.00794208 0)
(0.0653246 -0.00800844 0)
(0.0669919 -0.0080462 0)
(0.0686165 -0.00805441 0)
(0.070193 -0.00803236 0)
(0.0717164 -0.00797971 0)
(0.0731821 -0.00789641 0)
(0.0745859 -0.00778279 0)
(0.0759237 -0.00763952 0)
(0.0771923 -0.00746762 0)
(0.0783888 -0.00726845 0)
(0.079511 -0.00704369 0)
(0.0805574 -0.00679532 0)
(0.0815269 -0.00652557 0)
(0.0824191 -0.0062369 0)
(0.0832344 -0.00593192 0)
(0.0839735 -0.00561337 0)
(0.0846378 -0.00528405 0)
(0.0852292 -0.0049468 0)
(0.0857499 -0.0046044 0)
(0.0862025 -0.00425955 0)
(0.0865899 -0.00391483 0)
(0.0869153 -0.00357267 0)
(0.0871819 -0.0032353 0)
(0.0873931 -0.00290476 0)
(0.0875523 -0.00258284 0)
(0.0876629 -0.00227111 0)
(0.0877282 -0.00197091 0)
(0.0877515 -0.00168334 0)
(0.0877359 -0.00140928 0)
(0.0876845 -0.0011494 0)
(0.0876001 -0.00090417 0)
(0.0874855 -0.00067387 0)
(0.0873432 -0.000458624 0)
(0.0871756 -0.000258402 0)
(0.086985 -7.3049e-05 0)
(0.0867734 9.77042e-05 0)
(0.0865429 0.000254222 0)
(0.0862953 0.000396946 0)
(0.0860323 0.000526386 0)
(0.0857553 0.000643099 0)
(0.085466 0.000747682 0)
(0.0851657 0.00084076 0)
(0.0848555 0.000922975 0)
(0.0845368 0.000994979 0)
(0.0842106 0.00105742 0)
(0.0838779 0.00111096 0)
(0.0835396 0.00115623 0)
(0.0831966 0.00119385 0)
(0.0828498 0.00122443 0)
(0.0824998 0.00124855 0)
(0.0821474 0.00126678 0)
(0.0817932 0.00127965 0)
(0.0814379 0.00128767 0)
(0.0810818 0.00129131 0)
(0.0807256 0.00129103 0)
(0.0803698 0.00128724 0)
(0.0800146 0.00128034 0)
(0.0796606 0.0012707 0)
(0.0793081 0.00125864 0)
(0.0789573 0.00124447 0)
(0.0786086 0.00122848 0)
(0.0782623 0.00121091 0)
(0.0779186 0.00119199 0)
(0.0775776 0.00117193 0)
(0.0772397 0.0011509 0)
(0.0769049 0.00112907 0)
(0.0765734 0.00110657 0)
(0.0762454 0.00108352 0)
(0.075921 0.00106003 0)
(0.0756003 0.00103618 0)
(0.0752834 0.00101203 0)
(0.0749704 0.000987653 0)
(0.0746614 0.000963082 0)
(0.0743565 0.000938351 0)
(0.0740559 0.000913484 0)
(0.0737594 0.000888493 0)
(0.0734674 0.000863386 0)
(0.0731798 0.000838161 0)
(0.0728967 0.000812815 0)
(0.0726182 0.000787336 0)
(0.0723444 0.000761712 0)
(0.0720754 0.000735928 0)
(0.0718114 0.000709967 0)
(0.0715524 0.00068381 0)
(0.0712985 0.000657441 0)
(0.0710498 0.000630843 0)
(0.0708065 0.000603999 0)
(0.0705687 0.000576895 0)
(0.0703365 0.00054952 0)
(0.0701101 0.000521864 0)
(0.0698895 0.000493921 0)
(0.069675 0.000465686 0)
(0.0694666 0.000437162 0)
(0.0692646 0.000408349 0)
(0.069069 0.000379257 0)
(0.0688799 0.000349897 0)
(0.0686976 0.000320282 0)
(0.0685222 0.000290431 0)
(0.0683537 0.000260367 0)
(0.0681923 0.000230115 0)
(0.0680381 0.000199704 0)
(0.0678913 0.000169168 0)
(0.0677518 0.000138543 0)
(0.0676199 0.000107867 0)
(0.0674955 7.71838e-05 0)
(0.0673788 4.65374e-05 0)
(0.0672698 1.59761e-05 0)
(0.0671684 -1.44499e-05 0)
(0.0670749 -4.46879e-05 0)
(0.066989 -7.46832e-05 0)
(0.066911 -0.000104379 0)
(0.0668406 -0.000133716 0)
(0.0667779 -0.000162636 0)
(0.0667228 -0.000191076 0)
(0.0666752 -0.000218974 0)
(0.0666351 -0.000246266 0)
(0.0666023 -0.00027289 0)
(0.0665767 -0.00029878 0)
(0.0665582 -0.000323873 0)
(0.0665465 -0.000348105 0)
(0.0665416 -0.000371414 0)
(0.0665432 -0.000393737 0)
(0.0665511 -0.000415015 0)
(0.0665651 -0.000435189 0)
(0.0665849 -0.000454206 0)
(0.0666103 -0.000472012 0)
(0.0666411 -0.000488558 0)
(0.066677 -0.000503799 0)
(0.0667177 -0.000517694 0)
(0.0667629 -0.000530204 0)
(0.0668123 -0.000541295 0)
(0.0668657 -0.000550934 0)
(0.0669227 -0.000559085 0)
(0.0669829 -0.000565709 0)
(0.0670462 -0.000570744 0)
(0.0671121 -0.000574142 0)
(0.0671802 -0.000575682 0)
(0.06725 -0.000575312 0)
(0.067321 -0.000571748 0)
(0.067393 -0.000570053 0)
(0.0674679 -0.0005432 0)
(-0.000179631 0.0055991 0)
(-0.000139455 0.00561599 0)
(0.000998907 0.00502285 0)
(0.00218474 0.00399983 0)
(0.00363051 0.00328799 0)
(0.00503939 0.0027211 0)
(0.00648644 0.0022597 0)
(0.00790189 0.00187484 0)
(0.00930388 0.00153901 0)
(0.01068 0.00124218 0)
(0.0120365 0.000973403 0)
(0.0133733 0.000727227 0)
(0.0146944 0.000498411 0)
(0.0160019 0.000283525 0)
(0.0172988 7.95447e-05 0)
(0.0185876 -0.000115831 0)
(0.0198706 -0.000304589 0)
(0.0211501 -0.000488376 0)
(0.0224282 -0.000668638 0)
(0.0237069 -0.000846642 0)
(0.0249882 -0.00102353 0)
(0.0262738 -0.00120035 0)
(0.0275656 -0.00137808 0)
(0.0288652 -0.00155761 0)
(0.0301742 -0.00173981 0)
(0.0314943 -0.00192548 0)
(0.032827 -0.00211538 0)
(0.0341736 -0.00231024 0)
(0.0355354 -0.00251071 0)
(0.0369137 -0.00271739 0)
(0.0383094 -0.00293083 0)
(0.0397237 -0.00315146 0)
(0.0411572 -0.00337966 0)
(0.0426105 -0.00361566 0)
(0.0440841 -0.00385961 0)
(0.0455783 -0.00411149 0)
(0.047093 -0.00437114 0)
(0.0486281 -0.00463826 0)
(0.050183 -0.00491234 0)
(0.051757 -0.00519272 0)
(0.0533493 -0.00547853 0)
(0.0549585 -0.00576872 0)
(0.056583 -0.00606204 0)
(0.058221 -0.00635704 0)
(0.0598703 -0.00665211 0)
(0.0615285 -0.00694545 0)
(0.0631928 -0.00723508 0)
(0.06486 -0.00751889 0)
(0.0665267 -0.00779465 0)
(0.0681892 -0.00806001 0)
(0.0698435 -0.00831253 0)
(0.0714853 -0.00854974 0)
(0.07311 -0.00876913 0)
(0.0747129 -0.00896821 0)
(0.076289 -0.00914456 0)
(0.0778331 -0.00929582 0)
(0.0793401 -0.00941978 0)
(0.0808047 -0.00951441 0)
(0.0822217 -0.0095779 0)
(0.083586 -0.00960868 0)
(0.0848927 -0.00960552 0)
(0.0861373 -0.00956751 0)
(0.0873153 -0.00949411 0)
(0.0884231 -0.0093852 0)
(0.0894574 -0.00924108 0)
(0.0904155 -0.00906246 0)
(0.0912954 -0.00885051 0)
(0.092096 -0.0086068 0)
(0.0928166 -0.0083333 0)
(0.0934575 -0.00803236 0)
(0.0940197 -0.00770664 0)
(0.094505 -0.00735906 0)
(0.0949156 -0.00699276 0)
(0.0952545 -0.00661101 0)
(0.0955252 -0.00621718 0)
(0.0957316 -0.00581462 0)
(0.0958777 -0.00540664 0)
(0.0959681 -0.00499645 0)
(0.0960073 -0.00458707 0)
(0.0959997 -0.00418133 0)
(0.0959498 -0.00378183 0)
(0.0958621 -0.00339087 0)
(0.0957407 -0.00301052 0)
(0.0955894 -0.00264253 0)
(0.0954119 -0.00228839 0)
(0.0952116 -0.00194928 0)
(0.0949915 -0.00162616 0)
(0.0947544 -0.00131972 0)
(0.0945026 -0.00103043 0)
(0.0942385 -0.000758542 0)
(0.0939638 -0.000504143 0)
(0.0936802 -0.000267148 0)
(0.0933891 -4.73351e-05 0)
(0.0930917 0.000155636 0)
(0.0927892 0.000342207 0)
(0.0924823 0.0005129 0)
(0.0921718 0.000668303 0)
(0.0918585 0.000809055 0)
(0.0915428 0.000935833 0)
(0.0912251 0.00104934 0)
(0.090906 0.0011503 0)
(0.0905858 0.00123944 0)
(0.0902648 0.00131748 0)
(0.0899432 0.00138515 0)
(0.0896214 0.00144316 0)
(0.0892995 0.00149221 0)
(0.0889777 0.00153296 0)
(0.0886563 0.00156608 0)
(0.0883354 0.00159218 0)
(0.0880153 0.00161188 0)
(0.087696 0.00162573 0)
(0.0873778 0.00163429 0)
(0.0870608 0.00163807 0)
(0.0867451 0.00163754 0)
(0.0864309 0.00163315 0)
(0.0861184 0.00162534 0)
(0.0858075 0.00161447 0)
(0.0854986 0.00160092 0)
(0.0851916 0.00158502 0)
(0.0848867 0.00156706 0)
(0.084584 0.00154732 0)
(0.0842836 0.00152604 0)
(0.0839855 0.00150345 0)
(0.0836898 0.00147974 0)
(0.0833967 0.00145509 0)
(0.0831062 0.00142965 0)
(0.0828183 0.00140355 0)
(0.0825331 0.0013769 0)
(0.0822506 0.0013498 0)
(0.081971 0.00132232 0)
(0.0816942 0.00129453 0)
(0.0814204 0.00126647 0)
(0.0811494 0.00123819 0)
(0.0808815 0.00120969 0)
(0.0806166 0.00118101 0)
(0.0803549 0.00115214 0)
(0.0800962 0.00112309 0)
(0.0798408 0.00109385 0)
(0.0795886 0.00106439 0)
(0.0793397 0.00103472 0)
(0.0790942 0.0010048 0)
(0.0788522 0.000974623 0)
(0.0786136 0.000944156 0)
(0.0783787 0.000913379 0)
(0.0781475 0.000882269 0)
(0.07792 0.000850805 0)
(0.0776964 0.000818968 0)
(0.0774767 0.00078674 0)
(0.0772611 0.000754107 0)
(0.0770497 0.000721058 0)
(0.0768426 0.000687586 0)
(0.0766399 0.000653688 0)
(0.0764417 0.000619366 0)
(0.0762481 0.000584625 0)
(0.0760593 0.000549475 0)
(0.0758754 0.000513933 0)
(0.0756964 0.000478018 0)
(0.0755226 0.000441754 0)
(0.075354 0.000405173 0)
(0.0751908 0.000368308 0)
(0.075033 0.000331198 0)
(0.0748808 0.000293887 0)
(0.0747343 0.000256421 0)
(0.0745935 0.000218854 0)
(0.0744585 0.000181241 0)
(0.0743294 0.00014364 0)
(0.0742063 0.000106116 0)
(0.0740892 6.87331e-05 0)
(0.0739781 3.1561e-05 0)
(0.0738732 -5.32876e-06 0)
(0.0737743 -4.18624e-05 0)
(0.0736815 -7.7964e-05 0)
(0.0735948 -0.000113556 0)
(0.0735141 -0.000148559 0)
(0.0734394 -0.000182893 0)
(0.0733707 -0.000216478 0)
(0.0733078 -0.000249233 0)
(0.0732507 -0.000281076 0)
(0.0731993 -0.000311929 0)
(0.0731535 -0.000341711 0)
(0.0731131 -0.000370347 0)
(0.0730779 -0.00039776 0)
(0.0730479 -0.00042388 0)
(0.0730229 -0.000448638 0)
(0.0730027 -0.000471969 0)
(0.072987 -0.000493813 0)
(0.0729757 -0.000514114 0)
(0.0729687 -0.000532823 0)
(0.0729656 -0.000549895 0)
(0.0729663 -0.000565288 0)
(0.0729705 -0.000578965 0)
(0.072978 -0.000590886 0)
(0.0729887 -0.000601007 0)
(0.0730023 -0.00060926 0)
(0.0730186 -0.000615558 0)
(0.0730373 -0.000619693 0)
(0.0730583 -0.000621463 0)
(0.0730815 -0.000620071 0)
(0.0731069 -0.000617804 0)
(0.0731372 -0.000589459 0)
(0.00500549 0.00204162 0)
(0.00750913 0.00307854 0)
(0.012426 0.00262589 0)
(0.0156726 0.00201146 0)
(0.0187561 0.00138982 0)
(0.0214033 0.000890191 0)
(0.0238266 0.000474907 0)
(0.0260581 0.000134128 0)
(0.0281493 -0.000157022 0)
(0.0301268 -0.000411343 0)
(0.0320128 -0.000640143 0)
(0.0338226 -0.00085022 0)
(0.0355684 -0.00104674 0)
(0.0372596 -0.00123319 0)
(0.038904 -0.00141228 0)
(0.0405078 -0.00158605 0)
(0.0420764 -0.00175616 0)
(0.0436144 -0.00192403 0)
(0.0451257 -0.00209085 0)
(0.046614 -0.0022577 0)
(0.0480824 -0.00242558 0)
(0.0495338 -0.00259537 0)
(0.0509706 -0.00276792 0)
(0.0523955 -0.00294402 0)
(0.0538104 -0.00312441 0)
(0.0552175 -0.00330981 0)
(0.0566185 -0.00350086 0)
(0.0580152 -0.00369817 0)
(0.059409 -0.00390228 0)
(0.0608012 -0.00411369 0)
(0.0621931 -0.00433281 0)
(0.0635855 -0.00455995 0)
(0.0649792 -0.00479533 0)
(0.0663747 -0.00503907 0)
(0.0677725 -0.00529113 0)
(0.0691725 -0.00555136 0)
(0.0705747 -0.00581942 0)
(0.0719786 -0.00609482 0)
(0.0733836 -0.00637687 0)
(0.0747888 -0.00666469 0)
(0.0761928 -0.00695722 0)
(0.0775941 -0.00725317 0)
(0.0789909 -0.00755105 0)
(0.0803811 -0.00784917 0)
(0.081762 -0.00814563 0)
(0.0831308 -0.00843835 0)
(0.0844845 -0.00872508 0)
(0.0858196 -0.00900339 0)
(0.0871323 -0.00927074 0)
(0.0884185 -0.00952447 0)
(0.089674 -0.00976182 0)
(0.0908942 -0.00998003 0)
(0.0920744 -0.0101763 0)
(0.0932097 -0.0103478 0)
(0.0942952 -0.010492 0)
(0.0953259 -0.0106063 0)
(0.0962969 -0.0106883 0)
(0.0972034 -0.010736 0)
(0.0980412 -0.0107474 0)
(0.0988059 -0.0107213 0)
(0.0994942 -0.0106565 0)
(0.100103 -0.0105524 0)
(0.100629 -0.0104089 0)
(0.101073 -0.0102264 0)
(0.101432 -0.0100058 0)
(0.101707 -0.00974855 0)
(0.101899 -0.00945656 0)
(0.102011 -0.00913225 0)
(0.102045 -0.00877846 0)
(0.102005 -0.00839838 0)
(0.101896 -0.00799553 0)
(0.101723 -0.00757361 0)
(0.101493 -0.00713648 0)
(0.10121 -0.00668804 0)
(0.100883 -0.00623215 0)
(0.100516 -0.00577255 0)
(0.100118 -0.00531281 0)
(0.0996936 -0.00485627 0)
(0.0992493 -0.00440596 0)
(0.0987907 -0.00396461 0)
(0.0983229 -0.00353462 0)
(0.0978505 -0.00311805 0)
(0.0973775 -0.00271659 0)
(0.0969075 -0.00233164 0)
(0.0964433 -0.00196427 0)
(0.0959874 -0.00161525 0)
(0.0955417 -0.0012851 0)
(0.0951077 -0.00097412 0)
(0.0946863 -0.000682376 0)
(0.0942782 -0.000409771 0)
(0.0938838 -0.000156053 0)
(0.0935031 7.91585e-05 0)
(0.0931359 0.000296345 0)
(0.092782 0.000496075 0)
(0.0924409 0.00067898 0)
(0.0921119 0.000845744 0)
(0.0917943 0.000997085 0)
(0.0914876 0.00113375 0)
(0.0911908 0.00125648 0)
(0.0909033 0.00136606 0)
(0.0906244 0.00146325 0)
(0.0903532 0.00154879 0)
(0.0900891 0.00162343 0)
(0.0898314 0.00168789 0)
(0.0895795 0.0017429 0)
(0.0893329 0.00178912 0)
(0.0890909 0.00182723 0)
(0.0888532 0.00185786 0)
(0.0886193 0.00188161 0)
(0.0883888 0.00189908 0)
(0.0881614 0.00191081 0)
(0.0879367 0.00191733 0)
(0.0877145 0.00191913 0)
(0.0874946 0.00191668 0)
(0.0872768 0.00191041 0)
(0.0870608 0.00190074 0)
(0.0868467 0.00188803 0)
(0.0866343 0.00187263 0)
(0.0864234 0.00185487 0)
(0.086214 0.00183505 0)
(0.0860061 0.00181343 0)
(0.0857996 0.00179025 0)
(0.0855944 0.00176573 0)
(0.0853906 0.00174007 0)
(0.0851882 0.00171344 0)
(0.0849871 0.00168598 0)
(0.0847873 0.00165784 0)
(0.0845888 0.00162912 0)
(0.0843918 0.00159992 0)
(0.084196 0.00157031 0)
(0.0840017 0.00154035 0)
(0.0838087 0.0015101 0)
(0.0836172 0.00147959 0)
(0.0834271 0.00144884 0)
(0.0832384 0.00141787 0)
(0.0830513 0.00138668 0)
(0.0828656 0.00135527 0)
(0.0826815 0.00132362 0)
(0.082499 0.00129173 0)
(0.082318 0.00125957 0)
(0.0821387 0.00122712 0)
(0.0819611 0.00119436 0)
(0.0817852 0.00116125 0)
(0.081611 0.00112777 0)
(0.0814387 0.0010939 0)
(0.0812682 0.0010596 0)
(0.0810997 0.00102485 0)
(0.0809331 0.000989629 0)
(0.0807686 0.000953921 0)
(0.0806062 0.000917709 0)
(0.080446 0.00088098 0)
(0.080288 0.000843729 0)
(0.0801324 0.000805953 0)
(0.0799792 0.000767654 0)
(0.0798284 0.000728842 0)
(0.0796802 0.000689529 0)
(0.0795347 0.000649735 0)
(0.079392 0.000609484 0)
(0.079252 0.000568806 0)
(0.079115 0.000527738 0)
(0.078981 0.00048632 0)
(0.0788501 0.0004446 0)
(0.0787223 0.000402629 0)
(0.0785977 0.000360464 0)
(0.0784765 0.000318167 0)
(0.0783586 0.000275803 0)
(0.0782442 0.000233445 0)
(0.0781333 0.000191165 0)
(0.0780259 0.000149044 0)
(0.0779221 0.000107162 0)
(0.0778219 6.56038e-05 0)
(0.0777254 2.44575e-05 0)
(0.0776325 -1.61875e-05 0)
(0.0775432 -5.62398e-05 0)
(0.0774576 -9.56065e-05 0)
(0.0773757 -0.000134194 0)
(0.0772973 -0.000171908 0)
(0.0772226 -0.000208655 0)
(0.0771513 -0.000244342 0)
(0.0770836 -0.000278876 0)
(0.0770192 -0.000312169 0)
(0.0769582 -0.000344134 0)
(0.0769004 -0.000374687 0)
(0.0768457 -0.000403748 0)
(0.0767941 -0.000431244 0)
(0.0767455 -0.000457105 0)
(0.0766997 -0.000481269 0)
(0.0766566 -0.000503681 0)
(0.076616 -0.00052429 0)
(0.076578 -0.000543054 0)
(0.0765423 -0.000559937 0)
(0.0765089 -0.000574902 0)
(0.0764777 -0.000587913 0)
(0.0764485 -0.000598917 0)
(0.0764213 -0.000607839 0)
(0.0763962 -0.000614528 0)
(0.0763732 -0.000618805 0)
(0.0763525 -0.000620112 0)
(0.0763348 -0.00061975 0)
(0.076324 -0.00059587 0)
(0.0344491 -1.7741e-06 0)
(0.0346034 -0.000145808 0)
(0.0349207 -0.000263261 0)
(0.0353534 -0.000325581 0)
(0.0358486 -0.00036372 0)
(0.0364876 -0.000438319 0)
(0.037147 -0.000317437 0)
(0.0378251 -0.000770222 0)
(0.0908646 -5.44283e-06 0)
(0.0906415 -0.00012625 0)
(0.0905744 -0.000288861 0)
(0.0906086 -0.000454144 0)
(0.0907527 -0.000632042 0)
(0.0909818 -0.000808842 0)
(0.0913257 -0.00100334 0)
(0.0921981 -0.00166708 0)
(0.128437 -9.1997e-06 0)
(0.128259 -8.95668e-05 0)
(0.128172 -0.000212811 0)
(0.128132 -0.000369688 0)
(0.12812 -0.00055254 0)
(0.128138 -0.000764977 0)
(0.128225 -0.00109119 0)
(0.128222 -0.0015091 0)
(0.147212 -1.31195e-05 0)
(0.147034 -0.000100169 0)
(0.146936 -0.000214079 0)
(0.146873 -0.000355181 0)
(0.146821 -0.000526831 0)
(0.146779 -0.000747019 0)
(0.14672 -0.00101445 0)
(0.146652 -0.00136831 0)
(0.147217 -1.84172e-05 0)
(0.147038 -0.000107813 0)
(0.146928 -0.000206588 0)
(0.146841 -0.00032485 0)
(0.14675 -0.000473491 0)
(0.146637 -0.00065881 0)
(0.146491 -0.000896128 0)
(0.146285 -0.00118593 0)
(0.12845 -2.61624e-05 0)
(0.128254 -0.000123918 0)
(0.128113 -0.000209559 0)
(0.127976 -0.000303084 0)
(0.127815 -0.000419577 0)
(0.127617 -0.000570224 0)
(0.127363 -0.000758485 0)
(0.127036 -0.000983773 0)
(0.0908857 -4.01485e-05 0)
(0.0906067 -0.000102581 0)
(0.090389 -0.000133298 0)
(0.0901713 -0.000174773 0)
(0.0899265 -0.000245564 0)
(0.0896311 -0.000349618 0)
(0.0892631 -0.000483984 0)
(0.0887997 -0.000640021 0)
(0.0344545 -4.62147e-05 0)
(0.0343724 -2.48521e-05 0)
(0.0343208 7.23454e-06 0)
(0.0342675 6.0651e-06 0)
(0.0341546 -2.66883e-05 0)
(0.0339545 -7.88564e-05 0)
(0.0336519 -0.000137596 0)
(0.0332417 -0.000192339 0)
(0.0404962 -0.00349746 0)
(0.0434076 -0.0031937 0)
(0.0460499 -0.00287869 0)
(0.0486167 -0.00257242 0)
(0.0509714 -0.00242373 0)
(0.0531649 -0.00237024 0)
(0.055219 -0.00238277 0)
(0.0571591 -0.0024334 0)
(0.0590042 -0.00250685 0)
(0.0607682 -0.00259378 0)
(0.062462 -0.00268917 0)
(0.0640935 -0.00279024 0)
(0.0656693 -0.00289552 0)
(0.0671946 -0.00300428 0)
(0.068674 -0.00311625 0)
(0.0701113 -0.00323138 0)
(0.0715101 -0.00334982 0)
(0.0728734 -0.00347183 0)
(0.0742039 -0.00359773 0)
(0.0755044 -0.00372792 0)
(0.076777 -0.00386283 0)
(0.078024 -0.00400292 0)
(0.0792472 -0.00414865 0)
(0.0804486 -0.0043005 0)
(0.0816297 -0.00445895 0)
(0.0827921 -0.00462446 0)
(0.0839371 -0.00479746 0)
(0.0850659 -0.00497835 0)
(0.0861795 -0.00516751 0)
(0.0872788 -0.00536523 0)
(0.0883644 -0.00557175 0)
(0.0894367 -0.0057872 0)
(0.0904962 -0.00601164 0)
(0.0915429 -0.00624499 0)
(0.0925765 -0.00648704 0)
(0.0935968 -0.00673744 0)
(0.0946031 -0.00699565 0)
(0.0955944 -0.00726098 0)
(0.0965697 -0.00753253 0)
(0.0975274 -0.00780918 0)
(0.0984657 -0.00808963 0)
(0.0993826 -0.00837232 0)
(0.100276 -0.0086555 0)
(0.101142 -0.00893719 0)
(0.101979 -0.00921519 0)
(0.102784 -0.00948711 0)
(0.103552 -0.00975038 0)
(0.104279 -0.0100022 0)
(0.104962 -0.0102398 0)
(0.105596 -0.0104602 0)
(0.106177 -0.0106602 0)
(0.106699 -0.0108369 0)
(0.107159 -0.0109872 0)
(0.107551 -0.0111082 0)
(0.107872 -0.0111971 0)
(0.108117 -0.0112513 0)
(0.108281 -0.0112685 0)
(0.108363 -0.0112469 0)
(0.108359 -0.0111849 0)
(0.108267 -0.0110814 0)
(0.108086 -0.0109361 0)
(0.107816 -0.0107489 0)
(0.107459 -0.0105206 0)
(0.107017 -0.0102526 0)
(0.106494 -0.00994675 0)
(0.105893 -0.00960559 0)
(0.105222 -0.00923218 0)
(0.104486 -0.00883002 0)
(0.103694 -0.00840301 0)
(0.102854 -0.00795531 0)
(0.101975 -0.00749124 0)
(0.101066 -0.0070152 0)
(0.100137 -0.00653153 0)
(0.0991962 -0.00604444 0)
(0.0982525 -0.00555789 0)
(0.0973141 -0.00507557 0)
(0.0963885 -0.00460078 0)
(0.0954825 -0.00413646 0)
(0.0946017 -0.00368511 0)
(0.0937512 -0.00324883 0)
(0.092935 -0.00282933 0)
(0.0921561 -0.00242791 0)
(0.0914168 -0.00204554 0)
(0.0907186 -0.00168285 0)
(0.0900623 -0.00134022 0)
(0.0894481 -0.00101775 0)
(0.0888755 -0.00071535 0)
(0.0883436 -0.000432768 0)
(0.0878513 -0.000169599 0)
(0.0873969 7.46676e-05 0)
(0.0869787 0.000300627 0)
(0.0865948 0.00050894 0)
(0.086243 0.000700312 0)
(0.0859213 0.000875479 0)
(0.0856274 0.0010352 0)
(0.0853592 0.00118022 0)
(0.0851147 0.00131132 0)
(0.0848918 0.00142926 0)
(0.0846884 0.00153476 0)
(0.0845027 0.00162858 0)
(0.084333 0.00171141 0)
(0.0841775 0.00178396 0)
(0.0840348 0.00184689 0)
(0.0839032 0.00190086 0)
(0.0837815 0.00194649 0)
(0.0836685 0.00198438 0)
(0.083563 0.00201512 0)
(0.083464 0.00203926 0)
(0.0833706 0.00205732 0)
(0.083282 0.00206981 0)
(0.0831973 0.00207722 0)
(0.083116 0.00207998 0)
(0.0830374 0.00207854 0)
(0.0829611 0.0020733 0)
(0.0828865 0.00206464 0)
(0.0828133 0.0020529 0)
(0.0827411 0.00203843 0)
(0.0826697 0.00202153 0)
(0.0825988 0.00200248 0)
(0.0825281 0.00198155 0)
(0.0824576 0.00195897 0)
(0.082387 0.00193495 0)
(0.0823163 0.0019097 0)
(0.0822454 0.00188338 0)
(0.0821741 0.00185616 0)
(0.0821024 0.00182816 0)
(0.0820303 0.0017995 0)
(0.0819578 0.00177029 0)
(0.0818848 0.00174061 0)
(0.0818113 0.00171054 0)
(0.0817374 0.00168012 0)
(0.081663 0.00164939 0)
(0.081588 0.0016184 0)
(0.0815127 0.00158716 0)
(0.0814368 0.00155568 0)
(0.0813606 0.00152397 0)
(0.0812839 0.00149201 0)
(0.0812068 0.0014598 0)
(0.0811293 0.00142732 0)
(0.0810514 0.00139455 0)
(0.0809732 0.00136146 0)
(0.0808947 0.00132803 0)
(0.0808158 0.00129422 0)
(0.0807366 0.00126002 0)
(0.0806572 0.00122538 0)
(0.0805775 0.00119028 0)
(0.0804976 0.00115469 0)
(0.0804174 0.00111859 0)
(0.0803371 0.00108196 0)
(0.0802566 0.00104478 0)
(0.080176 0.00100703 0)
(0.0800953 0.000968707 0)
(0.0800145 0.000929804 0)
(0.0799336 0.000890321 0)
(0.0798528 0.000850265 0)
(0.079772 0.000809646 0)
(0.0796913 0.000768482 0)
(0.0796107 0.000726796 0)
(0.0795302 0.000684617 0)
(0.07945 0.000641981 0)
(0.07937 0.000598927 0)
(0.0792903 0.000555504 0)
(0.0792109 0.000511764 0)
(0.0791319 0.000467765 0)
(0.0790534 0.000423571 0)
(0.0789753 0.000379251 0)
(0.0788977 0.000334879 0)
(0.0788206 0.000290534 0)
(0.0787442 0.000246298 0)
(0.0786683 0.000202258 0)
(0.0785931 0.000158505 0)
(0.0785186 0.000115132 0)
(0.0784448 7.22361e-05 0)
(0.0783718 2.99145e-05 0)
(0.0782994 -1.17321e-05 0)
(0.0782278 -5.26026e-05 0)
(0.078157 -9.25951e-05 0)
(0.078087 -0.000131608 0)
(0.0780177 -0.00016954 0)
(0.0779491 -0.000206293 0)
(0.0778814 -0.000241769 0)
(0.0778143 -0.000275873 0)
(0.0777479 -0.000308517 0)
(0.0776823 -0.000339614 0)
(0.0776173 -0.000369086 0)
(0.0775529 -0.000396858 0)
(0.0774892 -0.000422866 0)
(0.0774261 -0.000447052 0)
(0.0773635 -0.000469369 0)
(0.0773015 -0.000489777 0)
(0.0772401 -0.000508246 0)
(0.0771792 -0.000524754 0)
(0.0771189 -0.000539286 0)
(0.0770593 -0.000551822 0)
(0.0770004 -0.000562336 0)
(0.0769425 -0.000570765 0)
(0.0768859 -0.000577051 0)
(0.0768311 -0.000580891 0)
(0.0767791 -0.000583889 0)
(0.0767341 -0.000567285 0)
(0.0928293 -0.00217316 0)
(0.092889 -0.00264845 0)
(0.0931928 -0.00291793 0)
(0.0936564 -0.00310199 0)
(0.0942751 -0.00324326 0)
(0.0949888 -0.0033666 0)
(0.0957642 -0.00348058 0)
(0.0965762 -0.0035881 0)
(0.0974085 -0.00369035 0)
(0.0982498 -0.0037881 0)
(0.0990921 -0.00388226 0)
(0.0999297 -0.00397383 0)
(0.100758 -0.0040639 0)
(0.101575 -0.0041535 0)
(0.102378 -0.00424361 0)
(0.103164 -0.00433514 0)
(0.103933 -0.00442893 0)
(0.104684 -0.00452574 0)
(0.105416 -0.00462627 0)
(0.106129 -0.00473118 0)
(0.106823 -0.0048411 0)
(0.107497 -0.00495661 0)
(0.108152 -0.00507825 0)
(0.108786 -0.00520655 0)
(0.109402 -0.00534199 0)
(0.109997 -0.00548502 0)
(0.110574 -0.00563603 0)
(0.11113 -0.00579538 0)
(0.111666 -0.00596336 0)
(0.112182 -0.00614018 0)
(0.112677 -0.00632598 0)
(0.113151 -0.00652079 0)
(0.113603 -0.00672452 0)
(0.114032 -0.00693697 0)
(0.114437 -0.00715777 0)
(0.114816 -0.00738639 0)
(0.115169 -0.00762212 0)
(0.115492 -0.00786407 0)
(0.115785 -0.0081111 0)
(0.116044 -0.00836189 0)
(0.116268 -0.00861486 0)
(0.116453 -0.00886821 0)
(0.116596 -0.00911988 0)
(0.116694 -0.0093676 0)
(0.116743 -0.00960888 0)
(0.116739 -0.009841 0)
(0.116678 -0.0100611 0)
(0.116556 -0.0102661 0)
(0.116368 -0.0104529 0)
(0.116111 -0.0106182 0)
(0.115779 -0.0107589 0)
(0.115369 -0.0108716 0)
(0.114876 -0.0109535 0)
(0.114298 -0.0110015 0)
(0.113631 -0.0110131 0)
(0.112874 -0.0109861 0)
(0.112025 -0.0109185 0)
(0.111085 -0.0108091 0)
(0.110053 -0.0106572 0)
(0.108934 -0.0104628 0)
(0.10773 -0.0102264 0)
(0.106447 -0.00994962 0)
(0.105093 -0.00963437 0)
(0.103674 -0.00928347 0)
(0.102201 -0.00890033 0)
(0.100684 -0.00848886 0)
(0.0991356 -0.00805339 0)
(0.0975666 -0.00759855 0)
(0.0959897 -0.00712912 0)
(0.0944172 -0.0066499 0)
(0.0928611 -0.00616556 0)
(0.0913325 -0.00568056 0)
(0.0898421 -0.00519901 0)
(0.0883991 -0.00472461 0)
(0.0870116 -0.00426062 0)
(0.0856865 -0.0038098 0)
(0.0844292 -0.0033744 0)
(0.0832437 -0.00295621 0)
(0.0821329 -0.00255655 0)
(0.0810983 -0.00217632 0)
(0.0801404 -0.00181609 0)
(0.0792588 -0.00147606 0)
(0.078452 -0.0011562 0)
(0.0777181 -0.000856268 0)
(0.0770545 -0.000575836 0)
(0.0764582 -0.000314358 0)
(0.0759258 -7.11917e-05 0)
(0.0754538 0.000154366 0)
(0.0750385 0.000363058 0)
(0.0746761 0.000555648 0)
(0.0743629 0.000732904 0)
(0.0740951 0.000895588 0)
(0.0738692 0.00104445 0)
(0.0736816 0.00118022 0)
(0.073529 0.00130361 0)
(0.0734082 0.00141531 0)
(0.0733161 0.00151596 0)
(0.07325 0.00160622 0)
(0.0732071 0.00168668 0)
(0.0731849 0.00175793 0)
(0.073181 0.00182055 0)
(0.0731934 0.00187507 0)
(0.07322 0.001922 0)
(0.073259 0.00196186 0)
(0.0733088 0.00199511 0)
(0.0733676 0.00202223 0)
(0.0734343 0.00204365 0)
(0.0735075 0.0020598 0)
(0.073586 0.00207108 0)
(0.0736688 0.00207787 0)
(0.073755 0.00208056 0)
(0.0738438 0.00207949 0)
(0.0739344 0.00207499 0)
(0.0740262 0.00206738 0)
(0.0741186 0.00205697 0)
(0.0742111 0.00204401 0)
(0.0743032 0.00202879 0)
(0.0743947 0.00201155 0)
(0.0744851 0.00199251 0)
(0.0745742 0.00197187 0)
(0.0746617 0.00194985 0)
(0.0747476 0.0019266 0)
(0.0748315 0.00190229 0)
(0.0749134 0.00187706 0)
(0.0749931 0.00185104 0)
(0.0750706 0.00182434 0)
(0.0751459 0.00179705 0)
(0.0752188 0.00176926 0)
(0.0752894 0.00174104 0)
(0.0753576 0.00171245 0)
(0.0754234 0.00168354 0)
(0.0754867 0.00165432 0)
(0.0755477 0.00162484 0)
(0.0756063 0.00159511 0)
(0.0756625 0.00156513 0)
(0.0757162 0.00153491 0)
(0.0757676 0.00150443 0)
(0.0758167 0.00147369 0)
(0.0758633 0.00144266 0)
(0.0759076 0.00141133 0)
(0.0759495 0.00137967 0)
(0.075989 0.00134765 0)
(0.0760262 0.00131525 0)
(0.0760609 0.00128244 0)
(0.0760933 0.00124918 0)
(0.0761233 0.00121546 0)
(0.0761509 0.00118124 0)
(0.0761761 0.0011465 0)
(0.0761989 0.00111121 0)
(0.0762192 0.00107537 0)
(0.0762371 0.00103895 0)
(0.0762526 0.00100195 0)
(0.0762655 0.000964354 0)
(0.076276 0.00092617 0)
(0.0762839 0.000887399 0)
(0.0762893 0.000848052 0)
(0.0762923 0.000808144 0)
(0.0762926 0.000767697 0)
(0.0762905 0.000726739 0)
(0.0762858 0.000685304 0)
(0.0762785 0.00064343 0)
(0.0762687 0.000601165 0)
(0.0762564 0.000558559 0)
(0.0762415 0.00051567 0)
(0.076224 0.000472561 0)
(0.076204 0.000429301 0)
(0.0761815 0.000385962 0)
(0.0761565 0.000342624 0)
(0.076129 0.00029937 0)
(0.076099 0.000256287 0)
(0.0760665 0.000213466 0)
(0.0760316 0.000171001 0)
(0.0759942 0.00012899 0)
(0.0759544 8.75323e-05 0)
(0.0759122 4.67298e-05 0)
(0.0758677 6.68517e-06 0)
(0.0758208 -3.24985e-05 0)
(0.0757717 -7.0718e-05 0)
(0.0757202 -0.000107871 0)
(0.0756665 -0.000143857 0)
(0.0756106 -0.000178579 0)
(0.0755526 -0.000211941 0)
(0.0754924 -0.000243853 0)
(0.0754302 -0.00027423 0)
(0.0753659 -0.000302995 0)
(0.0752997 -0.000330076 0)
(0.0752316 -0.000355412 0)
(0.0751617 -0.00037895 0)
(0.07509 -0.00040065 0)
(0.0750167 -0.000420483 0)
(0.0749419 -0.000438434 0)
(0.0748657 -0.000454504 0)
(0.0747882 -0.000468707 0)
(0.0747097 -0.000481073 0)
(0.0746304 -0.000491656 0)
(0.0745507 -0.000500484 0)
(0.0744711 -0.00050769 0)
(0.0743922 -0.000513163 0)
(0.0743151 -0.000519715 0)
(0.0742428 -0.000511071 0)
(0.12815 -0.00212327 0)
(0.128097 -0.00262279 0)
(0.128027 -0.00299474 0)
(0.128004 -0.00326891 0)
(0.12803 -0.00348209 0)
(0.1281 -0.00365701 0)
(0.128204 -0.00380681 0)
(0.128332 -0.00393882 0)
(0.128475 -0.00405735 0)
(0.128627 -0.00416529 0)
(0.128781 -0.00426483 0)
(0.128934 -0.00435783 0)
(0.129081 -0.00444592 0)
(0.12922 -0.00453059 0)
(0.129349 -0.0046132 0)
(0.129464 -0.00469499 0)
(0.129565 -0.00477707 0)
(0.12965 -0.00486048 0)
(0.129718 -0.00494617 0)
(0.129767 -0.00503498 0)
(0.129796 -0.00512772 0)
(0.129806 -0.00522511 0)
(0.129794 -0.00532779 0)
(0.12976 -0.00543638 0)
(0.129703 -0.0055514 0)
(0.129623 -0.00567334 0)
(0.129517 -0.00580259 0)
(0.129387 -0.00593949 0)
(0.12923 -0.00608429 0)
(0.129044 -0.00623715 0)
(0.12883 -0.00639812 0)
(0.128585 -0.00656713 0)
(0.128308 -0.006744 0)
(0.127996 -0.00692837 0)
(0.127648 -0.00711973 0)
(0.127262 -0.00731739 0)
(0.126834 -0.00752045 0)
(0.126363 -0.0077278 0)
(0.125845 -0.00793812 0)
(0.125278 -0.00814981 0)
(0.124657 -0.00836107 0)
(0.12398 -0.00856981 0)
(0.123242 -0.00877373 0)
(0.12244 -0.00897027 0)
(0.12157 -0.00915668 0)
(0.120628 -0.00932999 0)
(0.119609 -0.00948712 0)
(0.11851 -0.00962486 0)
(0.117328 -0.00973995 0)
(0.116059 -0.00982917 0)
(0.114701 -0.0098894 0)
(0.113252 -0.00991768 0)
(0.11171 -0.00991135 0)
(0.110077 -0.00986813 0)
(0.108353 -0.00978617 0)
(0.106541 -0.00966424 0)
(0.104645 -0.00950173 0)
(0.102672 -0.00929875 0)
(0.100629 -0.00905621 0)
(0.0985254 -0.00877577 0)
(0.0963726 -0.0084599 0)
(0.094183 -0.00811177 0)
(0.0919702 -0.00773521 0)
(0.0897491 -0.00733455 0)
(0.0875349 -0.00691451 0)
(0.085343 -0.00648004 0)
(0.0831885 -0.00603615 0)
(0.081086 -0.00558774 0)
(0.0790487 -0.00513948 0)
(0.0770888 -0.00469565 0)
(0.0752166 -0.00426007 0)
(0.0734406 -0.00383599 0)
(0.0717673 -0.0034261 0)
(0.0702016 -0.00303249 0)
(0.0687461 -0.00265666 0)
(0.0674021 -0.00229962 0)
(0.0661692 -0.0019619 0)
(0.0650457 -0.00164362 0)
(0.0640288 -0.00134461 0)
(0.0631149 -0.00106443 0)
(0.0622995 -0.000802492 0)
(0.061578 -0.000558057 0)
(0.0609451 -0.00033033 0)
(0.0603956 -0.000118479 0)
(0.059924 7.83331e-05 0)
(0.059525 0.000260927 0)
(0.0591935 0.000430094 0)
(0.0589242 0.000586588 0)
(0.0587123 0.000731121 0)
(0.058553 0.00086436 0)
(0.058442 0.00098693 0)
(0.058375 0.00109942 0)
(0.058348 0.00120237 0)
(0.0583572 0.0012963 0)
(0.0583993 0.0013817 0)
(0.0584708 0.00145901 0)
(0.0585689 0.00152867 0)
(0.0586905 0.0015911 0)
(0.0588332 0.00164669 0)
(0.0589944 0.0016958 0)
(0.0591719 0.00173882 0)
(0.0593636 0.00177607 0)
(0.0595676 0.00180791 0)
(0.0597823 0.00183465 0)
(0.0600058 0.00185662 0)
(0.0602369 0.00187411 0)
(0.060474 0.00188742 0)
(0.0607161 0.00189684 0)
(0.060962 0.00190265 0)
(0.0612107 0.00190511 0)
(0.0614613 0.00190448 0)
(0.061713 0.001901 0)
(0.0619651 0.00189492 0)
(0.062217 0.00188646 0)
(0.062468 0.00187582 0)
(0.0627176 0.00186323 0)
(0.0629655 0.00184886 0)
(0.0632112 0.00183291 0)
(0.0634545 0.00181553 0)
(0.063695 0.00179689 0)
(0.0639324 0.00177713 0)
(0.0641667 0.00175638 0)
(0.0643975 0.00173477 0)
(0.0646248 0.00171239 0)
(0.0648485 0.00168936 0)
(0.0650684 0.00166575 0)
(0.0652845 0.00164164 0)
(0.0654967 0.0016171 0)
(0.065705 0.00159217 0)
(0.0659093 0.00156691 0)
(0.0661096 0.00154135 0)
(0.0663059 0.0015155 0)
(0.0664983 0.0014894 0)
(0.0666865 0.00146305 0)
(0.0668708 0.00143646 0)
(0.0670509 0.00140962 0)
(0.0672271 0.00138253 0)
(0.0673991 0.00135517 0)
(0.0675671 0.00132752 0)
(0.0677309 0.00129958 0)
(0.0678907 0.00127131 0)
(0.0680462 0.0012427 0)
(0.0681976 0.00121371 0)
(0.0683448 0.00118433 0)
(0.0684877 0.00115452 0)
(0.0686263 0.00112426 0)
(0.0687606 0.00109353 0)
(0.0688905 0.00106231 0)
(0.069016 0.00103057 0)
(0.0691369 0.000998305 0)
(0.0692533 0.0009655 0)
(0.0693651 0.000932145 0)
(0.0694723 0.000898236 0)
(0.0695746 0.000863773 0)
(0.0696722 0.000828761 0)
(0.069765 0.00079321 0)
(0.0698528 0.000757135 0)
(0.0699356 0.000720556 0)
(0.0700134 0.000683501 0)
(0.070086 0.000646002 0)
(0.0701535 0.000608096 0)
(0.0702159 0.000569826 0)
(0.0702729 0.000531242 0)
(0.0703247 0.000492398 0)
(0.0703711 0.000453355 0)
(0.0704121 0.000414178 0)
(0.0704478 0.000374936 0)
(0.070478 0.000335704 0)
(0.0705028 0.000296563 0)
(0.0705221 0.000257595 0)
(0.070536 0.000218886 0)
(0.0705444 0.000180528 0)
(0.0705473 0.000142613 0)
(0.0705449 0.000105235 0)
(0.070537 6.84919e-05 0)
(0.0705238 3.24803e-05 0)
(0.0705053 -2.70199e-06 0)
(0.0704816 -3.69576e-05 0)
(0.0704526 -7.01907e-05 0)
(0.0704186 -0.000102307 0)
(0.0703795 -0.000133217 0)
(0.0703355 -0.000162831 0)
(0.0702867 -0.00019107 0)
(0.0702332 -0.000217855 0)
(0.0701752 -0.000243119 0)
(0.0701128 -0.000266801 0)
(0.0700462 -0.000288851 0)
(0.0699755 -0.000309228 0)
(0.069901 -0.000327908 0)
(0.0698228 -0.000344879 0)
(0.0697413 -0.000360149 0)
(0.0696566 -0.000373748 0)
(0.0695691 -0.00038573 0)
(0.0694791 -0.000396175 0)
(0.069387 -0.000405236 0)
(0.0692932 -0.000413036 0)
(0.0691985 -0.000419952 0)
(0.0691036 -0.000425699 0)
(0.0690087 -0.000435065 0)
(0.0689147 -0.000434667 0)
(0.14652 -0.0017631 0)
(0.14627 -0.00216491 0)
(0.145963 -0.00252681 0)
(0.145632 -0.0028379 0)
(0.1453 -0.00310228 0)
(0.144972 -0.00332755 0)
(0.144648 -0.00352062 0)
(0.144322 -0.003687 0)
(0.143991 -0.00383114 0)
(0.143651 -0.00395675 0)
(0.143298 -0.00406704 0)
(0.14293 -0.00416483 0)
(0.142545 -0.00425264 0)
(0.14214 -0.00433273 0)
(0.141715 -0.00440711 0)
(0.141267 -0.00447757 0)
(0.140797 -0.00454571 0)
(0.140303 -0.00461295 0)
(0.139785 -0.00468055 0)
(0.13924 -0.00474964 0)
(0.13867 -0.00482121 0)
(0.138072 -0.00489612 0)
(0.137445 -0.00497514 0)
(0.13679 -0.00505893 0)
(0.136104 -0.00514806 0)
(0.135387 -0.005243 0)
(0.134637 -0.00534412 0)
(0.133852 -0.00545169 0)
(0.133031 -0.00556587 0)
(0.132172 -0.00568673 0)
(0.131274 -0.00581419 0)
(0.130333 -0.00594804 0)
(0.129348 -0.00608791 0)
(0.128316 -0.00623329 0)
(0.127233 -0.00638347 0)
(0.126099 -0.00653755 0)
(0.124908 -0.0066944 0)
(0.123658 -0.0068527 0)
(0.122346 -0.00701088 0)
(0.120968 -0.00716712 0)
(0.11952 -0.00731938 0)
(0.118 -0.00746539 0)
(0.116403 -0.00760266 0)
(0.114727 -0.0077285 0)
(0.112969 -0.00784008 0)
(0.111125 -0.00793448 0)
(0.109195 -0.00800872 0)
(0.107176 -0.00805985 0)
(0.105069 -0.00808504 0)
(0.102875 -0.00808166 0)
(0.100594 -0.00804739 0)
(0.0982315 -0.00798028 0)
(0.0957917 -0.0078789 0)
(0.0932816 -0.0077424 0)
(0.0907099 -0.00757061 0)
(0.0880872 -0.00736408 0)
(0.0854259 -0.00712416 0)
(0.0827402 -0.006853 0)
(0.0800457 -0.00655351 0)
(0.0773592 -0.00622934 0)
(0.0746982 -0.00588473 0)
(0.0720803 -0.00552435 0)
(0.069523 -0.00515318 0)
(0.0670429 -0.0047762 0)
(0.0646549 -0.00439827 0)
(0.0623726 -0.00402389 0)
(0.0602069 -0.00365703 0)
(0.0581667 -0.00330102 0)
(0.0562582 -0.00295852 0)
(0.0544852 -0.00263145 0)
(0.0528493 -0.00232107 0)
(0.05135 -0.00202802 0)
(0.049985 -0.00175245 0)
(0.0487506 -0.0014941 0)
(0.0476421 -0.00125241 0)
(0.0466537 -0.00102664 0)
(0.0457793 -0.00081592 0)
(0.0450125 -0.000619335 0)
(0.0443465 -0.00043597 0)
(0.0437749 -0.000264938 0)
(0.0432912 -0.000105406 0)
(0.042889 4.33998e-05 0)
(0.0425625 0.000182185 0)
(0.0423058 0.000311591 0)
(0.0421136 0.000432198 0)
(0.0419808 0.000544529 0)
(0.0419026 0.000649056 0)
(0.0418745 0.000746204 0)
(0.0418922 0.000836362 0)
(0.0419519 0.000919881 0)
(0.0420498 0.000997084 0)
(0.0421825 0.00106827 0)
(0.0423467 0.00113371 0)
(0.0425396 0.00119366 0)
(0.0427582 0.00124836 0)
(0.043 0.00129805 0)
(0.0432625 0.00134294 0)
(0.0435434 0.00138324 0)
(0.0438408 0.00141915 0)
(0.0441525 0.00145089 0)
(0.0444767 0.00147863 0)
(0.0448119 0.00150257 0)
(0.0451564 0.0015229 0)
(0.0455087 0.0015398 0)
(0.0458676 0.00155346 0)
(0.0462318 0.00156405 0)
(0.0466003 0.00157176 0)
(0.0469718 0.00157676 0)
(0.0473456 0.00157922 0)
(0.0477207 0.00157931 0)
(0.0480964 0.0015772 0)
(0.048472 0.00157305 0)
(0.0488468 0.00156701 0)
(0.0492202 0.00155924 0)
(0.0495918 0.00154988 0)
(0.049961 0.00153907 0)
(0.0503276 0.00152694 0)
(0.050691 0.00151362 0)
(0.051051 0.00149923 0)
(0.0514073 0.00148388 0)
(0.0517597 0.00146767 0)
(0.0521079 0.00145069 0)
(0.0524518 0.00143304 0)
(0.0527913 0.0014148 0)
(0.0531262 0.00139602 0)
(0.0534563 0.00137678 0)
(0.0537817 0.00135714 0)
(0.0541022 0.00133713 0)
(0.0544177 0.0013168 0)
(0.0547283 0.00129618 0)
(0.0550338 0.0012753 0)
(0.0553342 0.00125417 0)
(0.0556295 0.00123281 0)
(0.0559196 0.00121122 0)
(0.0562046 0.00118941 0)
(0.0564843 0.00116738 0)
(0.0567588 0.00114511 0)
(0.0570279 0.0011226 0)
(0.0572917 0.00109983 0)
(0.0575501 0.00107679 0)
(0.057803 0.00105346 0)
(0.0580504 0.00102981 0)
(0.0582923 0.00100584 0)
(0.0585285 0.000981515 0)
(0.058759 0.000956818 0)
(0.0589837 0.000931731 0)
(0.0592026 0.000906234 0)
(0.0594154 0.00088031 0)
(0.0596222 0.000853945 0)
(0.0598229 0.000827127 0)
(0.0600172 0.000799848 0)
(0.0602052 0.0007721 0)
(0.0603868 0.000743884 0)
(0.0605617 0.0007152 0)
(0.06073 0.000686055 0)
(0.0608914 0.000656459 0)
(0.0610459 0.000626429 0)
(0.0611934 0.000595984 0)
(0.0613337 0.00056515 0)
(0.0614668 0.000533956 0)
(0.0615926 0.000502439 0)
(0.0617109 0.000470637 0)
(0.0618216 0.000438597 0)
(0.0619248 0.000406367 0)
(0.0620203 0.000374003 0)
(0.062108 0.000341564 0)
(0.0621879 0.000309112 0)
(0.06226 0.000276717 0)
(0.0623241 0.000244448 0)
(0.0623804 0.00021238 0)
(0.0624287 0.00018059 0)
(0.0624691 0.000149159 0)
(0.0625016 0.000118168 0)
(0.0625262 8.76997e-05 0)
(0.0625429 5.78394e-05 0)
(0.062552 2.86712e-05 0)
(0.0625533 2.7907e-07 0)
(0.0625471 -2.72541e-05 0)
(0.0625334 -5.38473e-05 0)
(0.0625125 -7.94222e-05 0)
(0.0624844 -0.000103904 0)
(0.0624493 -0.000127223 0)
(0.0624075 -0.000149313 0)
(0.0623591 -0.000170117 0)
(0.0623045 -0.000189584 0)
(0.0622439 -0.000207673 0)
(0.0621775 -0.000224351 0)
(0.0621057 -0.0002396 0)
(0.0620288 -0.000253415 0)
(0.0619471 -0.00026581 0)
(0.061861 -0.000276817 0)
(0.0617709 -0.000286494 0)
(0.0616773 -0.000294948 0)
(0.0615804 -0.000302285 0)
(0.0614809 -0.000308782 0)
(0.0613792 -0.000314563 0)
(0.061276 -0.000320552 0)
(0.0611725 -0.000325312 0)
(0.0610678 -0.000336154 0)
(0.0609575 -0.000345123 0)
(0.145998 -0.00152182 0)
(0.145629 -0.00186431 0)
(0.145182 -0.00218371 0)
(0.144673 -0.00246552 0)
(0.144115 -0.00270665 0)
(0.143517 -0.0029096 0)
(0.14288 -0.00307887 0)
(0.142207 -0.00321939 0)
(0.141498 -0.00333583 0)
(0.140754 -0.00343241 0)
(0.139976 -0.00351284 0)
(0.139163 -0.00358036 0)
(0.138318 -0.00363778 0)
(0.137441 -0.00368751 0)
(0.136532 -0.00373168 0)
(0.135593 -0.00377209 0)
(0.134623 -0.00381033 0)
(0.133623 -0.00384775 0)
(0.132592 -0.00388554 0)
(0.131531 -0.00392472 0)
(0.130439 -0.00396613 0)
(0.129315 -0.00401051 0)
(0.12816 -0.00405847 0)
(0.12697 -0.00411051 0)
(0.125746 -0.004167 0)
(0.124486 -0.00422824 0)
(0.123188 -0.0042944 0)
(0.12185 -0.00436556 0)
(0.12047 -0.00444167 0)
(0.119046 -0.00452258 0)
(0.117576 -0.00460801 0)
(0.116057 -0.00469753 0)
(0.114485 -0.00479058 0)
(0.11286 -0.00488642 0)
(0.111176 -0.00498415 0)
(0.109432 -0.00508268 0)
(0.107625 -0.00518074 0)
(0.105751 -0.00527685 0)
(0.103809 -0.00536935 0)
(0.101794 -0.00545637 0)
(0.0997064 -0.00553589 0)
(0.097543 -0.0056057 0)
(0.0953033 -0.0056635 0)
(0.0929869 -0.0057069 0)
(0.0905943 -0.0057335 0)
(0.0881273 -0.00574095 0)
(0.0855889 -0.00572705 0)
(0.0829834 -0.00568984 0)
(0.0803169 -0.00562769 0)
(0.0775972 -0.00553943 0)
(0.074834 -0.00542442 0)
(0.0720387 -0.00528269 0)
(0.0692245 -0.00511494 0)
(0.0664065 -0.00492263 0)
(0.0636008 -0.00470798 0)
(0.0608246 -0.00447389 0)
(0.0580956 -0.00422387 0)
(0.0554312 -0.00396188 0)
(0.0528483 -0.00369215 0)
(0.0503625 -0.00341895 0)
(0.0479875 -0.00314636 0)
(0.0457347 -0.00287807 0)
(0.0436131 -0.0026172 0)
(0.041629 -0.00236621 0)
(0.039786 -0.00212686 0)
(0.0380853 -0.00190024 0)
(0.0365257 -0.00168682 0)
(0.0351044 -0.00148661 0)
(0.0338171 -0.00129928 0)
(0.0326581 -0.00112422 0)
(0.0316214 -0.000960711 0)
(0.0307003 -0.000807981 0)
(0.0298878 -0.000665244 0)
(0.0291772 -0.000531755 0)
(0.0285618 -0.000406818 0)
(0.0280351 -0.000289793 0)
(0.027591 -0.0001801 0)
(0.0272237 -7.72118e-05 0)
(0.0269276 1.93508e-05 0)
(0.0266977 0.000110021 0)
(0.0265291 0.000195191 0)
(0.0264173 0.000275215 0)
(0.0263581 0.00035041 0)
(0.0263476 0.00042106 0)
(0.0263821 0.000487419 0)
(0.0264581 0.000549711 0)
(0.0265724 0.000608132 0)
(0.0267221 0.000662856 0)
(0.0269042 0.000714038 0)
(0.0271161 0.000761812 0)
(0.0273554 0.0008063 0)
(0.0276197 0.00084761 0)
(0.0279068 0.000885842 0)
(0.0282146 0.000921088 0)
(0.0285412 0.000953435 0)
(0.0288848 0.000982966 0)
(0.0292436 0.00100976 0)
(0.029616 0.00103391 0)
(0.0300004 0.00105548 0)
(0.0303956 0.00107457 0)
(0.0308 0.00109125 0)
(0.0312124 0.00110561 0)
(0.0316316 0.00111774 0)
(0.0320566 0.00112773 0)
(0.0324863 0.00113567 0)
(0.0329196 0.00114166 0)
(0.0333558 0.0011458 0)
(0.033794 0.00114817 0)
(0.0342333 0.00114889 0)
(0.0346731 0.00114804 0)
(0.0351128 0.00114573 0)
(0.0355516 0.00114205 0)
(0.0359891 0.0011371 0)
(0.0364248 0.00113097 0)
(0.0368581 0.00112376 0)
(0.0372887 0.00111555 0)
(0.0377162 0.00110644 0)
(0.0381402 0.0010965 0)
(0.0385604 0.00108581 0)
(0.0389767 0.00107445 0)
(0.0393887 0.00106248 0)
(0.0397962 0.00104997 0)
(0.040199 0.00103698 0)
(0.040597 0.00102356 0)
(0.04099 0.00100976 0)
(0.0413779 0.000995622 0)
(0.0417606 0.000981187 0)
(0.0421379 0.000966486 0)
(0.0425099 0.000951546 0)
(0.0428763 0.00093639 0)
(0.0432373 0.000921035 0)
(0.0435925 0.000905494 0)
(0.0439421 0.000889775 0)
(0.0442859 0.000873884 0)
(0.0446239 0.000857822 0)
(0.0449561 0.000841585 0)
(0.0452822 0.000825169 0)
(0.0456024 0.000808567 0)
(0.0459165 0.000791767 0)
(0.0462244 0.000774759 0)
(0.0465261 0.000757529 0)
(0.0468214 0.000740064 0)
(0.0471103 0.000722348 0)
(0.0473927 0.000704368 0)
(0.0476685 0.000686109 0)
(0.0479375 0.000667557 0)
(0.0481996 0.000648701 0)
(0.0484548 0.000629529 0)
(0.0487029 0.000610032 0)
(0.0489437 0.000590202 0)
(0.0491772 0.000570036 0)
(0.0494031 0.000549531 0)
(0.0496214 0.000528688 0)
(0.0498318 0.000507511 0)
(0.0500343 0.000486009 0)
(0.0502288 0.000464192 0)
(0.050415 0.000442075 0)
(0.0505928 0.000419677 0)
(0.0507621 0.00039702 0)
(0.0509228 0.000374131 0)
(0.0510748 0.00035104 0)
(0.0512179 0.000327781 0)
(0.051352 0.000304392 0)
(0.051477 0.000280915 0)
(0.0515929 0.000257394 0)
(0.0516996 0.000233878 0)
(0.051797 0.000210418 0)
(0.0518851 0.000187068 0)
(0.0519639 0.000163886 0)
(0.0520333 0.000140929 0)
(0.0520934 0.000118259 0)
(0.0521443 9.59371e-05 0)
(0.0521859 7.40269e-05 0)
(0.0522184 5.25912e-05 0)
(0.0522418 3.16935e-05 0)
(0.0522564 1.13961e-05 0)
(0.0522622 -8.23962e-06 0)
(0.0522594 -2.71542e-05 0)
(0.0522483 -4.52907e-05 0)
(0.052229 -6.25955e-05 0)
(0.0522019 -7.90185e-05 0)
(0.0521672 -9.45145e-05 0)
(0.0521252 -0.000109044 0)
(0.0520763 -0.000122573 0)
(0.0520208 -0.000135075 0)
(0.051959 -0.000146533 0)
(0.0518914 -0.000156939 0)
(0.0518185 -0.000166295 0)
(0.0517405 -0.000174619 0)
(0.051658 -0.000181943 0)
(0.0515713 -0.000188326 0)
(0.051481 -0.000193845 0)
(0.0513876 -0.00019863 0)
(0.0512914 -0.000202832 0)
(0.051193 -0.000206797 0)
(0.0510928 -0.00021045 0)
(0.050991 -0.000215951 0)
(0.0508895 -0.000219338 0)
(0.0507874 -0.00023006 0)
(0.0506701 -0.000250158 0)
(0.126618 -0.00123303 0)
(0.126095 -0.00148613 0)
(0.125468 -0.00172207 0)
(0.124747 -0.00192782 0)
(0.123943 -0.00209883 0)
(0.123066 -0.00223616 0)
(0.122122 -0.0023437 0)
(0.121118 -0.00242628 0)
(0.120061 -0.00248868 0)
(0.118955 -0.00253514 0)
(0.117805 -0.00256925 0)
(0.116616 -0.00259397 0)
(0.115392 -0.00261174 0)
(0.114136 -0.00262457 0)
(0.11285 -0.00263412 0)
(0.111536 -0.00264178 0)
(0.110196 -0.00264871 0)
(0.108831 -0.0026559 0)
(0.107442 -0.00266416 0)
(0.106028 -0.00267415 0)
(0.104589 -0.00268642 0)
(0.103126 -0.00270138 0)
(0.101636 -0.00271936 0)
(0.100118 -0.00274058 0)
(0.098572 -0.00276514 0)
(0.0969952 -0.00279308 0)
(0.095386 -0.00282434 0)
(0.0937423 -0.00285875 0)
(0.092062 -0.00289605 0)
(0.0903428 -0.00293588 0)
(0.0885823 -0.00297777 0)
(0.0867783 -0.00302112 0)
(0.0849285 -0.00306523 0)
(0.0830307 -0.00310925 0)
(0.081083 -0.00315223 0)
(0.0790839 -0.00319305 0)
(0.0770321 -0.0032305 0)
(0.0749268 -0.00326325 0)
(0.0727679 -0.00328986 0)
(0.0705563 -0.00330883 0)
(0.0682933 -0.00331864 0)
(0.0659816 -0.00331777 0)
(0.0636251 -0.0033048 0)
(0.0612286 -0.00327843 0)
(0.0587988 -0.00323761 0)
(0.0563436 -0.00318161 0)
(0.0538721 -0.00311005 0)
(0.0513952 -0.00302303 0)
(0.0489248 -0.00292116 0)
(0.046474 -0.00280553 0)
(0.0440563 -0.00267772 0)
(0.0416858 -0.00253975 0)
(0.0393765 -0.00239394 0)
(0.0371415 -0.00224279 0)
(0.0349932 -0.00208884 0)
(0.0329422 -0.00193454 0)
(0.0309972 -0.00178207 0)
(0.0291649 -0.00163329 0)
(0.0274498 -0.00148965 0)
(0.0258539 -0.00135216 0)
(0.0243777 -0.00122147 0)
(0.0230196 -0.00109786 0)
(0.0217767 -0.000981371 0)
(0.0206453 -0.000871841 0)
(0.0196206 -0.000769003 0)
(0.0186976 -0.000672531 0)
(0.0178709 -0.000582081 0)
(0.017135 -0.000497312 0)
(0.0164846 -0.000417896 0)
(0.0159143 -0.000343519 0)
(0.015419 -0.000273873 0)
(0.0149938 -0.000208654 0)
(0.0146341 -0.00014756 0)
(0.0143354 -9.02889e-05 0)
(0.0140936 -3.65395e-05 0)
(0.0139049 1.39801e-05 0)
(0.0137657 6.15493e-05 0)
(0.0136727 0.000106429 0)
(0.0136227 0.000148855 0)
(0.0136128 0.000189039 0)
(0.0136404 0.000227161 0)
(0.0137031 0.000263377 0)
(0.0137983 0.000297812 0)
(0.0139241 0.000330569 0)
(0.0140783 0.000361727 0)
(0.0142591 0.000391347 0)
(0.0144646 0.000419476 0)
(0.0146932 0.000446147 0)
(0.0149432 0.000471383 0)
(0.0152132 0.0004952 0)
(0.0155015 0.000517609 0)
(0.015807 0.000538618 0)
(0.0161281 0.000558233 0)
(0.0164637 0.000576461 0)
(0.0168125 0.000593308 0)
(0.0171733 0.000608782 0)
(0.0175451 0.000622896 0)
(0.0179266 0.000635663 0)
(0.0183169 0.000647099 0)
(0.018715 0.000657228 0)
(0.0191198 0.000666072 0)
(0.0195306 0.000673661 0)
(0.0199463 0.000680027 0)
(0.0203663 0.000685207 0)
(0.0207896 0.000689239 0)
(0.0212155 0.000692166 0)
(0.0216434 0.000694034 0)
(0.0220725 0.000694889 0)
(0.0225023 0.000694782 0)
(0.022932 0.000693765 0)
(0.0233613 0.000691889 0)
(0.0237894 0.000689207 0)
(0.0242161 0.000685774 0)
(0.0246408 0.000681642 0)
(0.0250631 0.000676864 0)
(0.0254827 0.000671491 0)
(0.0258992 0.000665574 0)
(0.0263123 0.000659162 0)
(0.0267217 0.000652301 0)
(0.0271271 0.000645034 0)
(0.0275284 0.000637404 0)
(0.0279253 0.00062945 0)
(0.0283177 0.000621207 0)
(0.0287053 0.000612708 0)
(0.029088 0.000603983 0)
(0.0294658 0.000595058 0)
(0.0298384 0.000585957 0)
(0.0302057 0.000576699 0)
(0.0305677 0.000567301 0)
(0.0309243 0.000557777 0)
(0.0312754 0.000548138 0)
(0.0316209 0.000538392 0)
(0.0319607 0.000528543 0)
(0.0322948 0.000518595 0)
(0.0326231 0.000508549 0)
(0.0329455 0.000498402 0)
(0.0332619 0.000488152 0)
(0.0335723 0.000477793 0)
(0.0338766 0.00046732 0)
(0.0341747 0.000456725 0)
(0.0344664 0.000446 0)
(0.0347518 0.000435138 0)
(0.0350307 0.000424129 0)
(0.035303 0.000412965 0)
(0.0355686 0.000401638 0)
(0.0358273 0.00039014 0)
(0.0360791 0.000378465 0)
(0.0363238 0.000366608 0)
(0.0365612 0.000354563 0)
(0.0367913 0.000342328 0)
(0.0370139 0.000329902 0)
(0.0372289 0.000317286 0)
(0.0374361 0.000304482 0)
(0.0376353 0.000291497 0)
(0.0378265 0.000278336 0)
(0.0380096 0.00026501 0)
(0.0381842 0.000251532 0)
(0.0383505 0.000237914 0)
(0.0385081 0.000224176 0)
(0.0386571 0.000210335 0)
(0.0387973 0.000196415 0)
(0.0389286 0.000182439 0)
(0.0390509 0.000168434 0)
(0.0391643 0.000154429 0)
(0.0392686 0.000140455 0)
(0.0393638 0.000126544 0)
(0.0394498 0.000112729 0)
(0.0395268 9.90477e-05 0)
(0.0395948 8.5535e-05 0)
(0.0396537 7.22289e-05 0)
(0.0397037 5.91671e-05 0)
(0.0397448 4.63878e-05 0)
(0.0397773 3.39289e-05 0)
(0.0398012 2.1828e-05 0)
(0.0398167 1.01215e-05 0)
(0.039824 -1.15517e-06 0)
(0.0398234 -1.19683e-05 0)
(0.039815 -2.22864e-05 0)
(0.0397993 -3.20802e-05 0)
(0.0397764 -4.13235e-05 0)
(0.0397467 -4.99934e-05 0)
(0.0397106 -5.80709e-05 0)
(0.0396684 -6.5541e-05 0)
(0.0396205 -7.23937e-05 0)
(0.0395672 -7.86245e-05 0)
(0.0395091 -8.42351e-05 0)
(0.0394465 -8.92341e-05 0)
(0.0393799 -9.36394e-05 0)
(0.0393097 -9.74775e-05 0)
(0.0392362 -0.000100794 0)
(0.03916 -0.000103638 0)
(0.0390814 -0.000106108 0)
(0.0390008 -0.000108318 0)
(0.0389185 -0.000110344 0)
(0.0388347 -0.000112919 0)
(0.0387502 -0.0001147 0)
(0.0386638 -0.000120734 0)
(0.0385771 -0.000122869 0)
(0.0384937 -0.000131705 0)
(0.0383812 -0.000161523 0)
(0.088222 -0.000804264 0)
(0.0875214 -0.00095878 0)
(0.0867013 -0.00108854 0)
(0.0857751 -0.00118594 0)
(0.0847599 -0.00125083 0)
(0.0836728 -0.00128791 0)
(0.0825291 -0.00130369 0)
(0.0813416 -0.00130459 0)
(0.0801207 -0.00129585 0)
(0.0788747 -0.00128137 0)
(0.0776098 -0.00126387 0)
(0.076331 -0.00124516 0)
(0.0750416 -0.00122643 0)
(0.0737443 -0.00120851 0)
(0.0724407 -0.00119195 0)
(0.0711318 -0.00117714 0)
(0.069818 -0.00116437 0)
(0.0684992 -0.00115382 0)
(0.0671749 -0.0011456 0)
(0.0658444 -0.00113975 0)
(0.0645065 -0.00113624 0)
(0.0631599 -0.001135 0)
(0.0618031 -0.00113593 0)
(0.0604345 -0.00113884 0)
(0.0590522 -0.00114355 0)
(0.0576547 -0.00114981 0)
(0.05624 -0.00115735 0)
(0.0548066 -0.00116584 0)
(0.0533528 -0.00117493 0)
(0.0518772 -0.00118422 0)
(0.0503788 -0.00119328 0)
(0.0488565 -0.00120163 0)
(0.0473098 -0.00120878 0)
(0.0457388 -0.00121418 0)
(0.0441438 -0.0012173 0)
(0.0425259 -0.00121758 0)
(0.0408867 -0.00121447 0)
(0.0392287 -0.00120748 0)
(0.037555 -0.00119615 0)
(0.0358698 -0.00118011 0)
(0.0341779 -0.00115907 0)
(0.0324848 -0.00113292 0)
(0.030797 -0.00110165 0)
(0.0291215 -0.00106545 0)
(0.0274659 -0.00102469 0)
(0.0258377 -0.00097988 0)
(0.0242449 -0.000931719 0)
(0.0226951 -0.000881001 0)
(0.0211955 -0.000828599 0)
(0.0197527 -0.000775394 0)
(0.0183725 -0.000722215 0)
(0.0170596 -0.000669781 0)
(0.0158179 -0.000618647 0)
(0.01465 -0.000569181 0)
(0.0135576 -0.00052156 0)
(0.0125414 -0.000475799 0)
(0.0116011 -0.000431807 0)
(0.0107355 -0.000389458 0)
(0.00994303 -0.000348658 0)
(0.00922114 -0.000309397 0)
(0.00856705 -0.000271769 0)
(0.00797759 -0.000235953 0)
(0.00744939 -0.000202164 0)
(0.006979 -0.000170602 0)
(0.00656292 -0.000141394 0)
(0.00619772 -0.00011457 0)
(0.0058801 -9.00546e-05 0)
(0.00560687 -6.76831e-05 0)
(0.00537505 -4.7229e-05 0)
(0.00518183 -2.84364e-05 0)
(0.0050246 -1.10487e-05 0)
(0.00490095 5.17084e-06 0)
(0.00480867 2.0427e-05 0)
(0.00474573 3.48881e-05 0)
(0.00471026 4.86872e-05 0)
(0.0047006 6.19264e-05 0)
(0.0047152 7.46821e-05 0)
(0.00475265 8.70107e-05 0)
(0.00481169 9.89532e-05 0)
(0.00489115 0.000110539 0)
(0.00498993 0.000121787 0)
(0.00510704 0.000132711 0)
(0.00524155 0.000143316 0)
(0.00539257 0.000153605 0)
(0.00555927 0.000163573 0)
(0.00574084 0.000173214 0)
(0.00593652 0.000182517 0)
(0.00614554 0.00019147 0)
(0.00636717 0.000200058 0)
(0.0066007 0.000208266 0)
(0.00684542 0.000216078 0)
(0.00710061 0.000223476 0)
(0.00736559 0.000230446 0)
(0.00763966 0.000236972 0)
(0.00792215 0.000243043 0)
(0.00821237 0.000248647 0)
(0.00850967 0.000253774 0)
(0.00881338 0.000258419 0)
(0.00912285 0.000262577 0)
(0.00943744 0.000266247 0)
(0.00975654 0.00026943 0)
(0.0100795 0.000272129 0)
(0.0104058 0.000274352 0)
(0.0107348 0.000276107 0)
(0.011066 0.000277405 0)
(0.0113988 0.000278259 0)
(0.0117327 0.000278686 0)
(0.0120673 0.000278701 0)
(0.012402 0.000278324 0)
(0.0127364 0.000277574 0)
(0.0130701 0.000276472 0)
(0.0134027 0.000275039 0)
(0.0137338 0.000273298 0)
(0.0140632 0.00027127 0)
(0.0143904 0.000268979 0)
(0.0147152 0.000266445 0)
(0.0150373 0.000263691 0)
(0.0153564 0.000260739 0)
(0.0156725 0.000257607 0)
(0.0159851 0.000254316 0)
(0.0162942 0.000250884 0)
(0.0165997 0.000247327 0)
(0.0169012 0.000243663 0)
(0.0171988 0.000239904 0)
(0.0174923 0.000236065 0)
(0.0177816 0.000232158 0)
(0.0180666 0.000228191 0)
(0.0183473 0.000224175 0)
(0.0186235 0.000220116 0)
(0.0188951 0.000216021 0)
(0.0191623 0.000211894 0)
(0.0194247 0.000207739 0)
(0.0196825 0.000203558 0)
(0.0199356 0.000199352 0)
(0.0201838 0.000195121 0)
(0.0204272 0.000190866 0)
(0.0206658 0.000186583 0)
(0.0208993 0.000182273 0)
(0.0211279 0.000177931 0)
(0.0213513 0.000173554 0)
(0.0215696 0.000169141 0)
(0.0217827 0.000164686 0)
(0.0219905 0.000160187 0)
(0.022193 0.000155641 0)
(0.02239 0.000151044 0)
(0.0225814 0.000146393 0)
(0.0227672 0.000141687 0)
(0.0229473 0.000136924 0)
(0.0231216 0.000132101 0)
(0.0232899 0.000127219 0)
(0.0234523 0.000122279 0)
(0.0236085 0.000117281 0)
(0.0237586 0.000112227 0)
(0.0239023 0.000107121 0)
(0.0240396 0.000101966 0)
(0.0241705 9.6767e-05 0)
(0.0242948 9.15307e-05 0)
(0.0244125 8.62638e-05 0)
(0.0245235 8.0974e-05 0)
(0.0246277 7.56703e-05 0)
(0.0247252 7.03624e-05 0)
(0.0248158 6.50609e-05 0)
(0.0248995 5.9777e-05 0)
(0.0249764 5.45227e-05 0)
(0.0250465 4.93106e-05 0)
(0.0251097 4.41537e-05 0)
(0.0251661 3.90654e-05 0)
(0.0252158 3.40593e-05 0)
(0.0252588 2.91491e-05 0)
(0.0252953 2.43486e-05 0)
(0.0253253 1.96712e-05 0)
(0.025349 1.51303e-05 0)
(0.0253666 1.07385e-05 0)
(0.0253781 6.50822e-06 0)
(0.0253838 2.4508e-06 0)
(0.0253839 -1.42314e-06 0)
(0.0253787 -5.10403e-06 0)
(0.0253683 -8.58347e-06 0)
(0.025353 -1.18543e-05 0)
(0.0253331 -1.49109e-05 0)
(0.0253088 -1.77492e-05 0)
(0.0252805 -2.03666e-05 0)
(0.0252484 -2.27629e-05 0)
(0.025213 -2.49396e-05 0)
(0.0251743 -2.69008e-05 0)
(0.0251329 -2.86534e-05 0)
(0.0250889 -3.02075e-05 0)
(0.0250427 -3.15779e-05 0)
(0.0249946 -3.27841e-05 0)
(0.0249448 -3.38533e-05 0)
(0.0248936 -3.48305e-05 0)
(0.0248412 -3.57344e-05 0)
(0.0247877 -3.67792e-05 0)
(0.0247334 -3.76387e-05 0)
(0.024678 -3.97248e-05 0)
(0.0246216 -4.02886e-05 0)
(0.024565 -4.5923e-05 0)
(0.0245005 -4.79007e-05 0)
(0.0244523 -5.30518e-05 0)
(0.0243525 -8.62924e-05 0)
(0.032729 -0.000234234 0)
(0.03213 -0.000257074 0)
(0.0314699 -0.000259301 0)
(0.0307753 -0.000244798 0)
(0.030067 -0.000220592 0)
(0.0293584 -0.000193684 0)
(0.0286565 -0.000169006 0)
(0.0279645 -0.000148962 0)
(0.0272832 -0.000133978 0)
(0.026613 -0.000123364 0)
(0.0259535 -0.000116046 0)
(0.0253046 -0.000111007 0)
(0.0246656 -0.000107471 0)
(0.0240361 -0.000104925 0)
(0.023415 -0.000103061 0)
(0.0228016 -0.000101704 0)
(0.0221946 -0.00010075 0)
(0.0215929 -0.000100128 0)
(0.0209953 -9.97784e-05 0)
(0.0204006 -9.96436e-05 0)
(0.0198077 -9.96642e-05 0)
(0.0192153 -9.97799e-05 0)
(0.0186225 -9.99294e-05 0)
(0.0180284 -0.000100051 0)
(0.0174321 -0.000100085 0)
(0.016833 -9.99713e-05 0)
(0.0162305 -9.96506e-05 0)
(0.0156244 -9.90672e-05 0)
(0.0150145 -9.8169e-05 0)
(0.0144007 -9.69095e-05 0)
(0.0137835 -9.52506e-05 0)
(0.0131633 -9.31651e-05 0)
(0.0125407 -9.064e-05 0)
(0.0119169 -8.76794e-05 0)
(0.0112929 -8.43071e-05 0)
(0.0106703 -8.05678e-05 0)
(0.0100507 -7.65274e-05 0)
(0.00943595 -7.2271e-05 0)
(0.00882806 -6.78975e-05 0)
(0.00822917 -6.35122e-05 0)
(0.00764154 -5.92159e-05 0)
(0.00706743 -5.50923e-05 0)
(0.00650913 -5.11946e-05 0)
(0.00596884 -4.75349e-05 0)
(0.00544868 -4.40771e-05 0)
(0.00495058 -4.07391e-05 0)
(0.00447628 -3.74034e-05 0)
(0.00402722 -3.39372e-05 0)
(0.00360457 -3.02191e-05 0)
(0.00320912 -2.61672e-05 0)
(0.0028413 -2.17625e-05 0)
(0.00250114 -1.70608e-05 0)
(0.00218835 -1.21908e-05 0)
(0.00190227 -7.33642e-06 0)
(0.00164201 -2.70832e-06 0)
(0.0014065 1.48995e-06 0)
(0.00119456 5.09337e-06 0)
(0.00100498 7.9981e-06 0)
(0.00083655 1.01715e-05 0)
(0.000688076 1.1649e-05 0)
(0.000558384 1.25209e-05 0)
(0.000446304 1.2913e-05 0)
(0.000350657 1.29654e-05 0)
(0.000270258 1.28141e-05 0)
(0.000203933 1.25773e-05 0)
(0.000150544 1.23462e-05 0)
(0.000109018 1.21826e-05 0)
(7.83748e-05 1.21199e-05 0)
(5.77405e-05 1.2168e-05 0)
(4.63549e-05 1.23196e-05 0)
(4.3568e-05 1.25573e-05 0)
(4.88293e-05 1.28596e-05 0)
(6.16751e-05 1.32062e-05 0)
(8.17138e-05 1.35803e-05 0)
(0.000108613 1.39707e-05 0)
(0.000142088 1.43718e-05 0)
(0.000181893 1.47823e-05 0)
(0.000227812 1.52042e-05 0)
(0.000279657 1.56411e-05 0)
(0.000337256 1.60973e-05 0)
(0.000400453 1.65763e-05 0)
(0.000469103 1.70804e-05 0)
(0.000543066 1.76104e-05 0)
(0.000622204 1.81652e-05 0)
(0.00070638 1.87425e-05 0)
(0.000795452 1.93384e-05 0)
(0.000889272 1.99482e-05 0)
(0.000987683 2.05663e-05 0)
(0.00109052 2.11868e-05 0)
(0.00119761 2.18036e-05 0)
(0.00130876 2.24105e-05 0)
(0.00142378 2.30015e-05 0)
(0.00154246 2.35711e-05 0)
(0.00166458 2.41139e-05 0)
(0.00178992 2.46251e-05 0)
(0.00191824 2.51004e-05 0)
(0.00204929 2.55362e-05 0)
(0.00218284 2.59291e-05 0)
(0.00231862 2.62767e-05 0)
(0.0024564 2.65769e-05 0)
(0.0025959 2.68281e-05 0)
(0.00273689 2.70296e-05 0)
(0.0028791 2.71808e-05 0)
(0.0030223 2.72819e-05 0)
(0.00316624 2.73334e-05 0)
(0.00331067 2.73363e-05 0)
(0.00345538 2.7292e-05 0)
(0.00360015 2.72022e-05 0)
(0.00374475 2.70689e-05 0)
(0.003889 2.68944e-05 0)
(0.00403269 2.66813e-05 0)
(0.00417566 2.64322e-05 0)
(0.00431774 2.61498e-05 0)
(0.00445877 2.58372e-05 0)
(0.0045986 2.54971e-05 0)
(0.00473711 2.51325e-05 0)
(0.00487418 2.47463e-05 0)
(0.00500969 2.43413e-05 0)
(0.00514356 2.39203e-05 0)
(0.0052757 2.34858e-05 0)
(0.00540603 2.30404e-05 0)
(0.00553448 2.25864e-05 0)
(0.005661 2.21258e-05 0)
(0.00578553 2.16607e-05 0)
(0.00590804 2.11928e-05 0)
(0.0060285 2.07237e-05 0)
(0.00614686 2.02548e-05 0)
(0.00626311 1.97872e-05 0)
(0.00637722 1.93219e-05 0)
(0.00648918 1.88598e-05 0)
(0.00659898 1.84015e-05 0)
(0.0067066 1.79474e-05 0)
(0.00681204 1.74979e-05 0)
(0.00691528 1.70531e-05 0)
(0.00701631 1.66131e-05 0)
(0.00711513 1.61777e-05 0)
(0.00721173 1.57468e-05 0)
(0.00730609 1.53202e-05 0)
(0.0073982 1.48976e-05 0)
(0.00748806 1.44785e-05 0)
(0.00757563 1.40626e-05 0)
(0.00766092 1.36494e-05 0)
(0.00774389 1.32386e-05 0)
(0.00782453 1.28296e-05 0)
(0.00790281 1.24221e-05 0)
(0.00797872 1.20158e-05 0)
(0.00805222 1.16102e-05 0)
(0.00812329 1.12051e-05 0)
(0.0081919 1.08003e-05 0)
(0.00825802 1.03957e-05 0)
(0.00832163 9.99109e-06 0)
(0.00838269 9.5866e-06 0)
(0.00844119 9.18228e-06 0)
(0.00849709 8.77828e-06 0)
(0.00855038 8.37486e-06 0)
(0.00860102 7.97233e-06 0)
(0.00864901 7.57109e-06 0)
(0.00869432 7.1716e-06 0)
(0.00873695 6.7744e-06 0)
(0.00877689 6.38006e-06 0)
(0.00881413 5.98923e-06 0)
(0.00884869 5.60256e-06 0)
(0.00888055 5.22076e-06 0)
(0.00890975 4.84455e-06 0)
(0.0089363 4.47464e-06 0)
(0.00896023 4.11177e-06 0)
(0.00898157 3.75663e-06 0)
(0.00900035 3.40991e-06 0)
(0.00901664 3.07225e-06 0)
(0.00903048 2.74426e-06 0)
(0.00904192 2.42649e-06 0)
(0.00905105 2.11942e-06 0)
(0.00905792 1.82348e-06 0)
(0.00906263 1.53902e-06 0)
(0.00906525 1.26629e-06 0)
(0.00906588 1.00549e-06 0)
(0.00906461 7.56687e-07 0)
(0.00906153 5.19892e-07 0)
(0.00905676 2.94994e-07 0)
(0.0090504 8.17801e-08 0)
(0.00904255 -1.20081e-07 0)
(0.00903332 -3.11053e-07 0)
(0.00902283 -4.91756e-07 0)
(0.00901119 -6.63003e-07 0)
(0.00899849 -8.25857e-07 0)
(0.00898484 -9.81707e-07 0)
(0.00897035 -1.13247e-06 0)
(0.00895509 -1.28054e-06 0)
(0.00893917 -1.43027e-06 0)
(0.00892263 -1.58426e-06 0)
(0.00890553 -1.75907e-06 0)
(0.00888788 -1.93996e-06 0)
(0.00886974 -2.22127e-06 0)
(0.00885071 -2.4373e-06 0)
(0.00883168 -3.10057e-06 0)
(0.00880918 -3.34486e-06 0)
(0.00879119 -4.94916e-06 0)
(0.00875582 -6.43387e-06 0)
(0.00874727 -7.18659e-06 0)
(0.00867525 -2.34265e-05 0)
)
;

boundaryField
{
    inlet
    {
        type            fixedProfile;
        profile         table
        
21
(
(0 (0 0 0))
(0.05 (0.0285 0 0))
(0.1 (0.054 0 0))
(0.15 (0.0765 0 0))
(0.2 (0.096 0 0))
(0.25 (0.1125 0 0))
(0.3 (0.126 0 0))
(0.35 (0.1365 0 0))
(0.4 (0.144 0 0))
(0.45 (0.1485 0 0))
(0.5 (0.15 0 0))
(0.55 (0.1485 0 0))
(0.6 (0.144 0 0))
(0.65 (0.1365 0 0))
(0.7 (0.126 0 0))
(0.75 (0.1125 0 0))
(0.8 (0.096 0 0))
(0.85 (0.0765 0 0))
(0.9 (0.054 0 0))
(0.95 (0.0285 0 0))
(1 (0 0 0))
)
;
        direction       (0 1 0);
        origin          1;
        value           nonuniform List<vector> 8((0.034875 0 0) (0.091125 0 0) (0.128625 0 0) (0.147375 0 0) (0.147375 0 0) (0.128625 0 0) (0.091125 0 0) (0.034875 0 0));
    }
    outlet
    {
        type            zeroGradient;
    }
    walls
    {
        type            noSlip;
    }
    symwall
    {
        type            empty;
    }
}


// ************************************************************************* //
