/*--------------------------------*- C++ -*----------------------------------*\
| =========                 |                                                 |
| \\      /  F ield         | OpenFOAM: The Open Source CFD Toolbox           |
|  \\    /   O peration     | Version:  4.1                                   |
|   \\  /    A nd           | Web:      www.OpenFOAM.org                      |
|    \\/     M anipulation  |                                                 |
\*---------------------------------------------------------------------------*/
FoamFile
{
    version     2.0;
    format      ascii;
    class       volVectorField;
    location    "571";
    object      U;
}
// * * * * * * * * * * * * * * * * * * * * * * * * * * * * * * * * * * * * * //

dimensions      [0 1 -1 0 0 0 0];

internalField   nonuniform List<vector> 
3264
(
(-2.64218e-06 -4.95373e-07 0)
(-0.000133136 3.05504e-05 0)
(-0.000389771 4.86542e-05 0)
(-0.000677094 5.09917e-05 0)
(-0.00097915 5.27174e-05 0)
(-0.00128533 5.21233e-05 0)
(-0.0015903 5.34252e-05 0)
(-0.00189545 5.40714e-05 0)
(-0.00219619 5.51799e-05 0)
(-0.00249325 5.58127e-05 0)
(-0.00278407 5.63807e-05 0)
(-0.00306889 5.66405e-05 0)
(-0.00334666 5.6756e-05 0)
(-0.00361751 5.66911e-05 0)
(-0.00388114 5.65213e-05 0)
(-0.00413772 5.62622e-05 0)
(-0.00438731 5.59561e-05 0)
(-0.0046301 5.56259e-05 0)
(-0.00486631 5.52993e-05 0)
(-0.00509617 5.49967e-05 0)
(-0.00531995 5.4738e-05 0)
(-0.00553789 5.45393e-05 0)
(-0.00575022 5.44146e-05 0)
(-0.00595716 5.43748e-05 0)
(-0.00615888 5.44274e-05 0)
(-0.00635549 5.45759e-05 0)
(-0.00654702 5.48187e-05 0)
(-0.00673344 5.51482e-05 0)
(-0.00691458 5.555e-05 0)
(-0.00709016 5.60017e-05 0)
(-0.00725973 5.64718e-05 0)
(-0.0074227 5.69196e-05 0)
(-0.00757828 5.72944e-05 0)
(-0.0077255 5.75356e-05 0)
(-0.00786318 5.75738e-05 0)
(-0.00798994 5.73314e-05 0)
(-0.00810421 5.67248e-05 0)
(-0.00820422 5.5667e-05 0)
(-0.00828805 5.40703e-05 0)
(-0.00835361 5.18497e-05 0)
(-0.00839873 4.8927e-05 0)
(-0.00842118 4.52341e-05 0)
(-0.00841867 4.07168e-05 0)
(-0.00838898 3.53378e-05 0)
(-0.00832997 2.90798e-05 0)
(-0.0082396 2.19474e-05 0)
(-0.00811606 1.3968e-05 0)
(-0.00795776 5.1926e-06 0)
(-0.00776341 -4.3047e-06 0)
(-0.00753204 -1.4428e-05 0)
(-0.00726305 -2.50613e-05 0)
(-0.00695624 -3.60715e-05 0)
(-0.00661182 -4.73109e-05 0)
(-0.00623044 -5.86209e-05 0)
(-0.00581316 -6.98358e-05 0)
(-0.00536149 -8.07866e-05 0)
(-0.00487738 -9.1305e-05 0)
(-0.00436314 -0.000101227 0)
(-0.0038215 -0.000110398 0)
(-0.00325551 -0.000118674 0)
(-0.00266852 -0.000125927 0)
(-0.00206417 -0.000132047 0)
(-0.00144628 -0.000136947 0)
(-0.000818858 -0.00014056 0)
(-0.000185996 -0.000142845 0)
(0.000448161 -0.000143788 0)
(0.00107949 -0.000143397 0)
(0.00170393 -0.00014171 0)
(0.00231757 -0.000138787 0)
(0.00291668 -0.000134709 0)
(0.00349776 -0.000129581 0)
(0.00405762 -0.000123523 0)
(0.00459338 -0.000116668 0)
(0.00510254 -0.000109162 0)
(0.00558298 -0.000101153 0)
(0.00603297 -9.27933e-05 0)
(0.00645122 -8.42323e-05 0)
(0.00683684 -7.56128e-05 0)
(0.00718935 -6.70684e-05 0)
(0.00750867 -5.87201e-05 0)
(0.00779506 -5.06741e-05 0)
(0.00804914 -4.30205e-05 0)
(0.00827182 -3.58319e-05 0)
(0.00846427 -2.91633e-05 0)
(0.00862789 -2.30529e-05 0)
(0.00876424 -1.75226e-05 0)
(0.00887506 -1.25796e-05 0)
(0.00896215 -8.21808e-06 0)
(0.00902739 -4.42129e-06 0)
(0.00907268 -1.16356e-06 0)
(0.00909992 1.58758e-06 0)
(0.00911098 3.86946e-06 0)
(0.00910766 5.72242e-06 0)
(0.00909171 7.1882e-06 0)
(0.00906478 8.3086e-06 0)
(0.00902843 9.1244e-06 0)
(0.00898409 9.67449e-06 0)
(0.00893312 9.99532e-06 0)
(0.00887673 1.01205e-05 0)
(0.00881604 1.00805e-05 0)
(0.00875206 9.90291e-06 0)
(0.00868568 9.61208e-06 0)
(0.00861771 9.22956e-06 0)
(0.00854885 8.77418e-06 0)
(0.00847972 8.26234e-06 0)
(0.00841086 7.70816e-06 0)
(0.00834273 7.1238e-06 0)
(0.00827572 6.51966e-06 0)
(0.00821016 5.90458e-06 0)
(0.00814632 5.28604e-06 0)
(0.00808444 4.67034e-06 0)
(0.00802468 4.06276e-06 0)
(0.0079672 3.46764e-06 0)
(0.00791209 2.88857e-06 0)
(0.00785943 2.32843e-06 0)
(0.00780928 1.7895e-06 0)
(0.00776165 1.27352e-06 0)
(0.00771656 7.8181e-07 0)
(0.00767399 3.15245e-07 0)
(0.00763393 -1.25628e-07 0)
(0.00759635 -5.40572e-07 0)
(0.00756119 -9.29611e-07 0)
(0.00752841 -1.29299e-06 0)
(0.00749796 -1.63116e-06 0)
(0.00746978 -1.94472e-06 0)
(0.00744381 -2.23441e-06 0)
(0.00741998 -2.50109e-06 0)
(0.00739824 -2.74569e-06 0)
(0.00737851 -2.96924e-06 0)
(0.00736075 -3.17281e-06 0)
(0.00734488 -3.35751e-06 0)
(0.00733085 -3.52448e-06 0)
(0.00731861 -3.67489e-06 0)
(0.00730809 -3.80991e-06 0)
(0.00729926 -3.9307e-06 0)
(0.00729206 -4.03842e-06 0)
(0.00728644 -4.13422e-06 0)
(0.00728237 -4.21922e-06 0)
(0.0072798 -4.29453e-06 0)
(0.0072787 -4.36122e-06 0)
(0.00727905 -4.42032e-06 0)
(0.0072808 -4.47285e-06 0)
(0.00728393 -4.51976e-06 0)
(0.00728842 -4.56199e-06 0)
(0.00729425 -4.60042e-06 0)
(0.0073014 -4.63588e-06 0)
(0.00730985 -4.66918e-06 0)
(0.00731958 -4.70106e-06 0)
(0.00733059 -4.73222e-06 0)
(0.00734286 -4.76331e-06 0)
(0.00735638 -4.79494e-06 0)
(0.00737114 -4.82766e-06 0)
(0.00738715 -4.86198e-06 0)
(0.00740439 -4.89834e-06 0)
(0.00742285 -4.93716e-06 0)
(0.00744253 -4.97878e-06 0)
(0.00746344 -5.02349e-06 0)
(0.00748555 -5.07155e-06 0)
(0.00750887 -5.12315e-06 0)
(0.00753339 -5.17843e-06 0)
(0.00755911 -5.23747e-06 0)
(0.00758601 -5.30031e-06 0)
(0.00761409 -5.36692e-06 0)
(0.00764334 -5.43722e-06 0)
(0.00767374 -5.51108e-06 0)
(0.00770528 -5.58831e-06 0)
(0.00773795 -5.66866e-06 0)
(0.00777171 -5.75183e-06 0)
(0.00780656 -5.83747e-06 0)
(0.00784246 -5.92517e-06 0)
(0.00787937 -6.01448e-06 0)
(0.00791728 -6.1049e-06 0)
(0.00795613 -6.1959e-06 0)
(0.00799588 -6.2869e-06 0)
(0.00803649 -6.37731e-06 0)
(0.0080779 -6.46651e-06 0)
(0.00812007 -6.55389e-06 0)
(0.00816291 -6.63881e-06 0)
(0.00820638 -6.7207e-06 0)
(0.00825039 -6.79897e-06 0)
(0.00829488 -6.8731e-06 0)
(0.00833976 -6.94264e-06 0)
(0.00838496 -7.0072e-06 0)
(0.00843039 -7.06649e-06 0)
(0.00847596 -7.12038e-06 0)
(0.0085216 -7.16886e-06 0)
(0.0085672 -7.21224e-06 0)
(0.00861269 -7.2509e-06 0)
(0.00865798 -7.28683e-06 0)
(0.00870299 -7.31962e-06 0)
(0.00874765 -7.36209e-06 0)
(0.00879193 -7.39483e-06 0)
(0.0088357 -7.51121e-06 0)
(0.0088793 -7.52443e-06 0)
(0.0089217 -8.01293e-06 0)
(0.00896653 -7.92442e-06 0)
(0.00900458 -9.54898e-06 0)
(0.00906139 -1.06161e-05 0)
(0.00908275 -1.13864e-05 0)
(0.00918236 -3.12674e-05 0)
(-8.33867e-05 0.00013635 0)
(-0.000583138 0.000379243 0)
(-0.00131193 0.000518423 0)
(-0.00208707 0.000562651 0)
(-0.0028675 0.000583798 0)
(-0.00363642 0.000585726 0)
(-0.00438054 0.000585927 0)
(-0.00510278 0.000579542 0)
(-0.00579602 0.000570978 0)
(-0.00646249 0.000559235 0)
(-0.00709958 0.000546116 0)
(-0.00770879 0.000531821 0)
(-0.00828985 0.000517087 0)
(-0.00884397 0.000502166 0)
(-0.00937178 0.000487356 0)
(-0.00987432 0.000472805 0)
(-0.0103524 0.000458635 0)
(-0.010807 0.000444911 0)
(-0.0112387 0.000431671 0)
(-0.0116484 0.000418927 0)
(-0.0120365 0.000406666 0)
(-0.0124035 0.000394852 0)
(-0.0127498 0.000383426 0)
(-0.0130754 0.000372302 0)
(-0.0133803 0.000361368 0)
(-0.0136643 0.000350481 0)
(-0.0139269 0.000339467 0)
(-0.0141674 0.000328118 0)
(-0.0143849 0.000316194 0)
(-0.0145782 0.000303422 0)
(-0.0147458 0.000289501 0)
(-0.0148859 0.000274105 0)
(-0.0149966 0.00025689 0)
(-0.0150756 0.000237505 0)
(-0.0151205 0.000215598 0)
(-0.0151285 0.000190829 0)
(-0.0150969 0.000162883 0)
(-0.0150228 0.000131483 0)
(-0.0149032 9.64e-05 0)
(-0.0147353 5.74662e-05 0)
(-0.0145161 1.45856e-05 0)
(-0.014243 -3.22583e-05 0)
(-0.0139135 -8.29968e-05 0)
(-0.0135254 -0.000137472 0)
(-0.0130768 -0.000195434 0)
(-0.0125661 -0.000256549 0)
(-0.0119924 -0.000320393 0)
(-0.011355 -0.00038647 0)
(-0.0106539 -0.000454209 0)
(-0.00988942 -0.000522984 0)
(-0.00906263 -0.000592117 0)
(-0.00817505 -0.000660895 0)
(-0.00722877 -0.000728581 0)
(-0.00622641 -0.000794426 0)
(-0.00517115 -0.000857683 0)
(-0.00406666 -0.00091762 0)
(-0.00291709 -0.000973533 0)
(-0.00172704 -0.00102475 0)
(-0.000501512 -0.00107067 0)
(0.00075413 -0.00111072 0)
(0.00203422 -0.00114443 0)
(0.00333282 -0.00117139 0)
(0.00464383 -0.00119128 0)
(0.005961 -0.00120387 0)
(0.00727802 -0.00120906 0)
(0.00858857 -0.00120679 0)
(0.00988641 -0.00119717 0)
(0.0111654 -0.00118035 0)
(0.0124198 -0.00115662 0)
(0.0136437 -0.00112634 0)
(0.014832 -0.00108998 0)
(0.0159798 -0.00104806 0)
(0.0170824 -0.00100119 0)
(0.018136 -0.000950015 0)
(0.0191371 -0.00089523 0)
(0.0200825 -0.000837556 0)
(0.0209701 -0.000777724 0)
(0.0217978 -0.000716461 0)
(0.0225645 -0.00065448 0)
(0.0232694 -0.00059246 0)
(0.0239123 -0.00053104 0)
(0.0244935 -0.000470809 0)
(0.0250139 -0.000412294 0)
(0.0254746 -0.000355957 0)
(0.0258774 -0.000302189 0)
(0.0262242 -0.000251314 0)
(0.0265173 -0.000203579 0)
(0.0267594 -0.000159166 0)
(0.0269531 -0.000118191 0)
(0.0271014 -8.07071e-05 0)
(0.0272073 -4.67147e-05 0)
(0.027274 -1.61644e-05 0)
(0.0273046 1.10341e-05 0)
(0.0273023 3.5006e-05 0)
(0.0272701 5.5904e-05 0)
(0.0272111 7.39021e-05 0)
(0.0271283 8.91889e-05 0)
(0.0270243 0.000101963 0)
(0.0269019 0.000112427 0)
(0.0267637 0.000120783 0)
(0.026612 0.000127233 0)
(0.0264491 0.00013197 0)
(0.0262769 0.00013518 0)
(0.0260974 0.000137039 0)
(0.0259123 0.000137713 0)
(0.0257231 0.000137354 0)
(0.0255313 0.000136105 0)
(0.0253381 0.000134095 0)
(0.0251446 0.000131442 0)
(0.0249519 0.000128251 0)
(0.0247607 0.000124619 0)
(0.0245719 0.000120629 0)
(0.024386 0.000116358 0)
(0.0242037 0.00011187 0)
(0.0240254 0.000107224 0)
(0.0238515 0.000102469 0)
(0.0236823 9.76496e-05 0)
(0.0235181 9.28012e-05 0)
(0.023359 8.79552e-05 0)
(0.0232053 8.31376e-05 0)
(0.0230571 7.83698e-05 0)
(0.0229143 7.36689e-05 0)
(0.0227772 6.90488e-05 0)
(0.0226457 6.45201e-05 0)
(0.0225198 6.00904e-05 0)
(0.0223995 5.57653e-05 0)
(0.0222848 5.1548e-05 0)
(0.0221757 4.74401e-05 0)
(0.022072 4.34416e-05 0)
(0.0219738 3.95514e-05 0)
(0.021881 3.5767e-05 0)
(0.0217935 3.20855e-05 0)
(0.0217113 2.85029e-05 0)
(0.0216343 2.50149e-05 0)
(0.0215625 2.16167e-05 0)
(0.0214958 1.83032e-05 0)
(0.0214341 1.50693e-05 0)
(0.0213774 1.19095e-05 0)
(0.0213257 8.81857e-06 0)
(0.0212788 5.79112e-06 0)
(0.0212368 2.82197e-06 0)
(0.0211996 -9.39457e-08 0)
(0.0211672 -2.96149e-06 0)
(0.0211396 -5.78529e-06 0)
(0.0211166 -8.56975e-06 0)
(0.0210983 -1.1319e-05 0)
(0.0210846 -1.40367e-05 0)
(0.0210756 -1.67265e-05 0)
(0.0210711 -1.93915e-05 0)
(0.0210712 -2.20345e-05 0)
(0.0210758 -2.46578e-05 0)
(0.0210849 -2.72636e-05 0)
(0.0210985 -2.98535e-05 0)
(0.0211165 -3.24287e-05 0)
(0.0211389 -3.499e-05 0)
(0.0211658 -3.75378e-05 0)
(0.0211969 -4.0072e-05 0)
(0.0212324 -4.25921e-05 0)
(0.0212722 -4.50969e-05 0)
(0.0213162 -4.75849e-05 0)
(0.0213643 -5.0054e-05 0)
(0.0214166 -5.25015e-05 0)
(0.021473 -5.49244e-05 0)
(0.0215334 -5.73187e-05 0)
(0.0215978 -5.96803e-05 0)
(0.021666 -6.20041e-05 0)
(0.021738 -6.42847e-05 0)
(0.0218137 -6.6516e-05 0)
(0.021893 -6.86915e-05 0)
(0.0219757 -7.0804e-05 0)
(0.0220619 -7.28458e-05 0)
(0.0221513 -7.48089e-05 0)
(0.0222437 -7.66849e-05 0)
(0.0223391 -7.84648e-05 0)
(0.0224373 -8.01397e-05 0)
(0.0225381 -8.17004e-05 0)
(0.0226413 -8.31377e-05 0)
(0.0227468 -8.44427e-05 0)
(0.0228542 -8.56065e-05 0)
(0.0229634 -8.66208e-05 0)
(0.0230742 -8.74779e-05 0)
(0.0231863 -8.81708e-05 0)
(0.0232995 -8.86936e-05 0)
(0.0234134 -8.90416e-05 0)
(0.023528 -8.92116e-05 0)
(0.0236428 -8.92021e-05 0)
(0.0237576 -8.90133e-05 0)
(0.0238721 -8.86486e-05 0)
(0.0239862 -8.81134e-05 0)
(0.0240994 -8.7418e-05 0)
(0.0242116 -8.65851e-05 0)
(0.0243225 -8.56086e-05 0)
(0.024432 -8.46666e-05 0)
(0.0245396 -8.33767e-05 0)
(0.0246457 -8.3224e-05 0)
(0.0247497 -8.09573e-05 0)
(0.0248507 -8.45309e-05 0)
(0.0249566 -8.23038e-05 0)
(0.0250388 -8.54138e-05 0)
(0.0251799 -0.000119328 0)
(-0.000178945 0.000645235 0)
(-0.00104355 0.00125455 0)
(-0.00216894 0.00153375 0)
(-0.00330697 0.00157553 0)
(-0.00439627 0.00157115 0)
(-0.00542624 0.00152843 0)
(-0.00638123 0.0014855 0)
(-0.00727234 0.00143394 0)
(-0.00809621 0.00138162 0)
(-0.008861 0.00132689 0)
(-0.0095681 0.0012723 0)
(-0.0102227 0.00121805 0)
(-0.0108271 0.00116498 0)
(-0.0113849 0.00111329 0)
(-0.0118983 0.0010632 0)
(-0.0123695 0.00101476 0)
(-0.0128004 0.000967929 0)
(-0.0131926 0.000922618 0)
(-0.0135471 0.000878689 0)
(-0.013865 0.000835964 0)
(-0.0141469 0.000794233 0)
(-0.0143933 0.000753245 0)
(-0.0146044 0.000712715 0)
(-0.01478 0.00067232 0)
(-0.0149199 0.000631694 0)
(-0.0150234 0.000590429 0)
(-0.0150896 0.000548079 0)
(-0.0151176 0.000504158 0)
(-0.015106 0.000458147 0)
(-0.0150533 0.000409502 0)
(-0.0149578 0.000357664 0)
(-0.0148175 0.00030207 0)
(-0.0146304 0.00024217 0)
(-0.0143944 0.000177439 0)
(-0.0141072 0.0001074 0)
(-0.0137665 3.16371e-05 0)
(-0.0133702 -5.01867e-05 0)
(-0.0129161 -0.000138312 0)
(-0.0124021 -0.00023287 0)
(-0.0118264 -0.00033387 0)
(-0.0111874 -0.000441191 0)
(-0.0104836 -0.000554579 0)
(-0.00971405 -0.00067364 0)
(-0.00887804 -0.000797843 0)
(-0.00797526 -0.000926529 0)
(-0.00700582 -0.00105891 0)
(-0.00597028 -0.0011941 0)
(-0.00486963 -0.00133108 0)
(-0.00370537 -0.00146879 0)
(-0.00247944 -0.00160606 0)
(-0.00119428 -0.00174168 0)
(0.000147219 -0.00187442 0)
(0.00154169 -0.00200302 0)
(0.00298532 -0.00212621 0)
(0.00447387 -0.00224276 0)
(0.00600271 -0.00235147 0)
(0.00756681 -0.0024512 0)
(0.00916083 -0.00254087 0)
(0.0107791 -0.00261951 0)
(0.0124157 -0.00268624 0)
(0.0140646 -0.0027403 0)
(0.0157194 -0.00278108 0)
(0.0173738 -0.0028081 0)
(0.0190213 -0.00282105 0)
(0.0206556 -0.00281976 0)
(0.0222702 -0.00280424 0)
(0.0238591 -0.00277468 0)
(0.0254163 -0.00273142 0)
(0.0269359 -0.00267498 0)
(0.0284126 -0.00260602 0)
(0.0298414 -0.00252536 0)
(0.0312176 -0.00243395 0)
(0.0325371 -0.00233285 0)
(0.0337962 -0.00222321 0)
(0.0349917 -0.00210626 0)
(0.036121 -0.00198328 0)
(0.037182 -0.00185556 0)
(0.0381733 -0.00172443 0)
(0.0390937 -0.00159116 0)
(0.0399428 -0.001457 0)
(0.0407206 -0.00132316 0)
(0.0414275 -0.00119073 0)
(0.0420645 -0.00106075 0)
(0.0426329 -0.000934144 0)
(0.0431342 -0.000811725 0)
(0.0435706 -0.000694202 0)
(0.0439442 -0.000582165 0)
(0.0442576 -0.000476092 0)
(0.0445135 -0.000376349 0)
(0.0447147 -0.000283196 0)
(0.0448642 -0.000196795 0)
(0.0449652 -0.000117214 0)
(0.0450207 -4.44397e-05 0)
(0.045034 2.16159e-05 0)
(0.0450081 8.1105e-05 0)
(0.0449463 0.000134234 0)
(0.0448516 0.000181256 0)
(0.0447271 0.000222458 0)
(0.0445756 0.000258157 0)
(0.0444 0.000288688 0)
(0.0442031 0.0003144 0)
(0.0439873 0.000335649 0)
(0.0437553 0.000352789 0)
(0.0435092 0.000366173 0)
(0.0432513 0.000376145 0)
(0.0429835 0.000383035 0)
(0.0427078 0.000387164 0)
(0.042426 0.000388831 0)
(0.0421395 0.000388322 0)
(0.0418499 0.000385902 0)
(0.0415585 0.000381816 0)
(0.0412665 0.000376292 0)
(0.040975 0.000369536 0)
(0.0406849 0.000361737 0)
(0.0403971 0.000353065 0)
(0.0401123 0.000343672 0)
(0.0398313 0.000333695 0)
(0.0395546 0.000323252 0)
(0.0392828 0.000312449 0)
(0.0390162 0.000301378 0)
(0.0387553 0.000290117 0)
(0.0385003 0.000278735 0)
(0.0382516 0.000267289 0)
(0.0380093 0.000255825 0)
(0.0377737 0.000244385 0)
(0.0375449 0.000232999 0)
(0.0373231 0.000221693 0)
(0.0371084 0.000210486 0)
(0.0369008 0.000199393 0)
(0.0367004 0.000188423 0)
(0.0365073 0.000177583 0)
(0.0363216 0.000166877 0)
(0.0361432 0.000156304 0)
(0.0359722 0.000145864 0)
(0.0358087 0.000135553 0)
(0.0356526 0.000125367 0)
(0.035504 0.0001153 0)
(0.0353629 0.000105347 0)
(0.0352293 9.55004e-05 0)
(0.0351032 8.57546e-05 0)
(0.0349847 7.61026e-05 0)
(0.0348738 6.65381e-05 0)
(0.0347704 5.70548e-05 0)
(0.0346746 4.76471e-05 0)
(0.0345863 3.83097e-05 0)
(0.0345057 2.90379e-05 0)
(0.0344327 1.98277e-05 0)
(0.0343673 1.06758e-05 0)
(0.0343095 1.57939e-06 0)
(0.0342593 -7.46328e-06 0)
(0.0342167 -1.64534e-05 0)
(0.0341817 -2.53911e-05 0)
(0.0341542 -3.42761e-05 0)
(0.0341343 -4.31068e-05 0)
(0.0341219 -5.1881e-05 0)
(0.034117 -6.05954e-05 0)
(0.0341195 -6.92458e-05 0)
(0.0341294 -7.78271e-05 0)
(0.0341466 -8.63331e-05 0)
(0.034171 -9.47565e-05 0)
(0.0342027 -0.000103089 0)
(0.0342414 -0.000111321 0)
(0.0342871 -0.000119442 0)
(0.0343398 -0.000127439 0)
(0.0343992 -0.000135301 0)
(0.0344652 -0.000143012 0)
(0.0345378 -0.000150557 0)
(0.0346167 -0.000157919 0)
(0.0347019 -0.00016508 0)
(0.034793 -0.000172021 0)
(0.03489 -0.000178722 0)
(0.0349925 -0.000185161 0)
(0.0351005 -0.000191317 0)
(0.0352136 -0.000197165 0)
(0.0353317 -0.000202684 0)
(0.0354544 -0.000207848 0)
(0.0355814 -0.000212635 0)
(0.0357125 -0.000217021 0)
(0.0358474 -0.000220982 0)
(0.0359857 -0.000224496 0)
(0.0361271 -0.000227543 0)
(0.0362712 -0.000230103 0)
(0.0364177 -0.000232159 0)
(0.0365662 -0.000233697 0)
(0.0367163 -0.000234705 0)
(0.0368676 -0.000235177 0)
(0.0370198 -0.000235107 0)
(0.0371724 -0.000234499 0)
(0.037325 -0.000233358 0)
(0.0374773 -0.000231703 0)
(0.0376288 -0.000229546 0)
(0.0377791 -0.000226942 0)
(0.037928 -0.000223931 0)
(0.0380749 -0.000220528 0)
(0.0382197 -0.000217355 0)
(0.0383614 -0.000212792 0)
(0.0385012 -0.000212566 0)
(0.0386363 -0.000205804 0)
(0.0387632 -0.000208888 0)
(0.0389186 -0.000228041 0)
(-0.000305715 0.00126199 0)
(-0.00151705 0.0023159 0)
(-0.0028715 0.00272445 0)
(-0.00413915 0.00273488 0)
(-0.00523865 0.00266334 0)
(-0.00621914 0.00253465 0)
(-0.00706677 0.00240634 0)
(-0.00781512 0.002272 0)
(-0.00846566 0.0021426 0)
(-0.00903508 0.00201667 0)
(-0.00952855 0.00189651 0)
(-0.00995497 0.00178172 0)
(-0.0103191 0.0016724 0)
(-0.0106261 0.00156809 0)
(-0.0108794 0.00146839 0)
(-0.0110822 0.00137279 0)
(-0.0112368 0.00128077 0)
(-0.0113451 0.00119182 0)
(-0.0114085 0.00110542 0)
(-0.0114279 0.00102106 0)
(-0.0114039 0.000938195 0)
(-0.011337 0.000856292 0)
(-0.0112271 0.000774791 0)
(-0.0110739 0.000693112 0)
(-0.0108771 0.000610647 0)
(-0.0106359 0.000526765 0)
(-0.0103495 0.000440812 0)
(-0.0100167 0.000352115 0)
(-0.00963643 0.000259988 0)
(-0.00920729 0.000163745 0)
(-0.0087279 6.27115e-05 0)
(-0.00819679 -4.37594e-05 0)
(-0.00761246 -0.000156272 0)
(-0.00697344 -0.000275368 0)
(-0.00627829 -0.000401509 0)
(-0.00552568 -0.000535056 0)
(-0.00471437 -0.000676255 0)
(-0.00384331 -0.000825218 0)
(-0.00291163 -0.000981913 0)
(-0.0019187 -0.00114615 0)
(-0.000864141 -0.00131758 0)
(0.000252128 -0.00149568 0)
(0.00142988 -0.00167978 0)
(0.00266855 -0.00186901 0)
(0.00396722 -0.00206239 0)
(0.00532459 -0.00225877 0)
(0.006739 -0.00245687 0)
(0.00820838 -0.0026553 0)
(0.00973028 -0.00285258 0)
(0.0113018 -0.00304713 0)
(0.0129198 -0.00323732 0)
(0.0145806 -0.0034215 0)
(0.0162801 -0.00359799 0)
(0.018014 -0.00376512 0)
(0.0197775 -0.00392124 0)
(0.0215657 -0.00406479 0)
(0.0233731 -0.00419425 0)
(0.0251941 -0.00430822 0)
(0.027023 -0.00440543 0)
(0.0288536 -0.00448474 0)
(0.0306799 -0.00454518 0)
(0.0324957 -0.00458598 0)
(0.0342945 -0.00460655 0)
(0.0360703 -0.00460653 0)
(0.037817 -0.00458578 0)
(0.0395284 -0.0045444 0)
(0.041199 -0.00448273 0)
(0.0428232 -0.00440132 0)
(0.0443959 -0.00430098 0)
(0.0459125 -0.00418274 0)
(0.0473686 -0.0040478 0)
(0.0487605 -0.00389758 0)
(0.0500849 -0.00373363 0)
(0.0513391 -0.00355763 0)
(0.0525209 -0.00337138 0)
(0.0536288 -0.00317671 0)
(0.0546616 -0.0029755 0)
(0.055619 -0.00276963 0)
(0.0565007 -0.00256093 0)
(0.0573074 -0.00235117 0)
(0.0580399 -0.00214205 0)
(0.0586996 -0.00193512 0)
(0.0592881 -0.00173185 0)
(0.0598073 -0.00153351 0)
(0.0602596 -0.00134128 0)
(0.0606474 -0.00115613 0)
(0.0609734 -0.000978906 0)
(0.0612402 -0.000810282 0)
(0.0614508 -0.000650787 0)
(0.0616082 -0.000500806 0)
(0.0617154 -0.000360589 0)
(0.0617753 -0.000230267 0)
(0.0617909 -0.000109856 0)
(0.0617653 7.24564e-07 0)
(0.0617013 0.000101642 0)
(0.0616018 0.000193139 0)
(0.0614695 0.000275518 0)
(0.0613073 0.000349135 0)
(0.0611177 0.000414386 0)
(0.0609031 0.000471696 0)
(0.0606662 0.000521516 0)
(0.060409 0.000564307 0)
(0.0601339 0.00060054 0)
(0.0598429 0.000630685 0)
(0.0595381 0.000655208 0)
(0.0592212 0.000674567 0)
(0.058894 0.000689207 0)
(0.0585582 0.000699555 0)
(0.0582154 0.000706023 0)
(0.0578668 0.000709 0)
(0.0575139 0.000708854 0)
(0.0571579 0.000705929 0)
(0.0567999 0.000700549 0)
(0.056441 0.00069301 0)
(0.056082 0.000683587 0)
(0.0557239 0.000672531 0)
(0.0553675 0.00066007 0)
(0.0550134 0.000646412 0)
(0.0546623 0.000631742 0)
(0.0543148 0.000616225 0)
(0.0539714 0.000600007 0)
(0.0536325 0.000583218 0)
(0.0532987 0.000565969 0)
(0.0529702 0.000548359 0)
(0.0526474 0.000530469 0)
(0.0523306 0.00051237 0)
(0.0520201 0.000494121 0)
(0.0517162 0.00047577 0)
(0.0514189 0.000457357 0)
(0.0511286 0.000438912 0)
(0.0508455 0.000420459 0)
(0.0505697 0.000402018 0)
(0.0503013 0.000383599 0)
(0.0500406 0.000365213 0)
(0.0497876 0.000346865 0)
(0.0495426 0.000328556 0)
(0.0493055 0.000310286 0)
(0.0490767 0.000292056 0)
(0.0488562 0.000273862 0)
(0.0486441 0.000255701 0)
(0.0484405 0.00023757 0)
(0.0482455 0.000219467 0)
(0.0480593 0.000201388 0)
(0.047882 0.000183331 0)
(0.0477137 0.000165296 0)
(0.0475544 0.000147282 0)
(0.0474043 0.00012929 0)
(0.0472634 0.000111322 0)
(0.0471318 9.33809e-05 0)
(0.0470096 7.54721e-05 0)
(0.0468968 5.76012e-05 0)
(0.0467936 3.97753e-05 0)
(0.0466998 2.20032e-05 0)
(0.0466157 4.29469e-06 0)
(0.0465411 -1.33388e-05 0)
(0.0464761 -3.08844e-05 0)
(0.0464207 -4.83281e-05 0)
(0.0463749 -6.56543e-05 0)
(0.0463386 -8.28459e-05 0)
(0.0463117 -9.98843e-05 0)
(0.0462943 -0.00011675 0)
(0.0462863 -0.00013342 0)
(0.0462875 -0.000149873 0)
(0.0462978 -0.000166084 0)
(0.0463172 -0.000182025 0)
(0.0463454 -0.00019767 0)
(0.0463824 -0.000212988 0)
(0.0464279 -0.000227949 0)
(0.0464817 -0.000242519 0)
(0.0465437 -0.000256665 0)
(0.0466136 -0.000270351 0)
(0.0466912 -0.00028354 0)
(0.0467762 -0.000296194 0)
(0.0468683 -0.000308273 0)
(0.0469673 -0.000319739 0)
(0.0470728 -0.000330552 0)
(0.0471845 -0.000340671 0)
(0.0473021 -0.000350057 0)
(0.0474251 -0.000358671 0)
(0.0475533 -0.000366477 0)
(0.0476862 -0.000373439 0)
(0.0478234 -0.000379524 0)
(0.0479645 -0.000384703 0)
(0.0481091 -0.000388951 0)
(0.0482568 -0.000392246 0)
(0.048407 -0.000394572 0)
(0.0485593 -0.000395921 0)
(0.0487134 -0.000396289 0)
(0.0488687 -0.00039568 0)
(0.0490248 -0.000394107 0)
(0.0491812 -0.000391597 0)
(0.0493374 -0.000388176 0)
(0.0494931 -0.000383908 0)
(0.0496477 -0.000378836 0)
(0.0498007 -0.000373164 0)
(0.0499516 -0.000366596 0)
(0.0501 -0.000361261 0)
(0.0502436 -0.000351555 0)
(0.0503836 -0.000351349 0)
(0.0505341 -0.000348922 0)
(-0.000405143 0.00247001 0)
(-0.00171936 0.00379706 0)
(-0.0029876 0.00414216 0)
(-0.0040505 0.00389109 0)
(-0.00482715 0.00361826 0)
(-0.0054284 0.00331608 0)
(-0.00585111 0.00305248 0)
(-0.00615477 0.00280636 0)
(-0.00634853 0.00258276 0)
(-0.00645842 0.00237541 0)
(-0.0064928 0.00218313 0)
(-0.00646348 0.00200341 0)
(-0.0063761 0.00183459 0)
(-0.00623651 0.00167507 0)
(-0.0060482 0.00152345 0)
(-0.00581424 0.00137849 0)
(-0.00553665 0.00123905 0)
(-0.00521701 0.00110413 0)
(-0.0048563 0.000972768 0)
(-0.00445518 0.000844085 0)
(-0.00401394 0.000717233 0)
(-0.00353258 0.000591394 0)
(-0.00301084 0.000465765 0)
(-0.0024483 0.000339554 0)
(-0.00184429 0.000211968 0)
(-0.00119806 8.22198e-05 0)
(-0.000508691 -5.04779e-05 0)
(0.000224804 -0.000186903 0)
(0.00100348 -0.00032782 0)
(0.00182843 -0.000473964 0)
(0.00270073 -0.000626035 0)
(0.00362146 -0.000784676 0)
(0.00459162 -0.000950461 0)
(0.00561214 -0.00112387 0)
(0.00668382 -0.00130529 0)
(0.00780733 -0.00149495 0)
(0.00898316 -0.00169299 0)
(0.0102116 -0.00189933 0)
(0.0114928 -0.00211378 0)
(0.0128265 -0.00233595 0)
(0.0142123 -0.00256524 0)
(0.0156495 -0.00280092 0)
(0.0171371 -0.00304203 0)
(0.0186739 -0.00328744 0)
(0.0202581 -0.00353587 0)
(0.0218878 -0.00378587 0)
(0.0235607 -0.00403583 0)
(0.0252742 -0.00428403 0)
(0.0270252 -0.00452864 0)
(0.0288104 -0.00476774 0)
(0.030626 -0.00499933 0)
(0.0324681 -0.00522139 0)
(0.0343323 -0.00543188 0)
(0.0362138 -0.00562877 0)
(0.0381077 -0.00581008 0)
(0.0400086 -0.00597387 0)
(0.0419112 -0.00611834 0)
(0.0438095 -0.00624179 0)
(0.0456979 -0.00634268 0)
(0.0475702 -0.00641968 0)
(0.0494203 -0.00647164 0)
(0.0512423 -0.00649767 0)
(0.0530301 -0.00649713 0)
(0.0547778 -0.00646968 0)
(0.0564797 -0.00641526 0)
(0.0581305 -0.0063341 0)
(0.059725 -0.00622677 0)
(0.0612587 -0.00609412 0)
(0.0627272 -0.00593733 0)
(0.0641269 -0.00575782 0)
(0.0654546 -0.0055573 0)
(0.0667078 -0.0053377 0)
(0.0678845 -0.00510114 0)
(0.0689833 -0.00484989 0)
(0.0700034 -0.00458633 0)
(0.0709447 -0.00431291 0)
(0.0718076 -0.0040321 0)
(0.0725928 -0.00374635 0)
(0.0733017 -0.00345802 0)
(0.0739361 -0.00316941 0)
(0.0744981 -0.00288265 0)
(0.0749901 -0.00259973 0)
(0.0754147 -0.00232245 0)
(0.0757748 -0.00205241 0)
(0.0760733 -0.00179103 0)
(0.0763134 -0.00153951 0)
(0.0764983 -0.00129882 0)
(0.0766309 -0.00106978 0)
(0.0767146 -0.000852975 0)
(0.0767523 -0.000648843 0)
(0.0767472 -0.00045764 0)
(0.0767022 -0.000279479 0)
(0.0766201 -0.000114338 0)
(0.0765038 3.79236e-05 0)
(0.0763558 0.000177546 0)
(0.0761787 0.000304856 0)
(0.0759749 0.000420255 0)
(0.0757468 0.000524199 0)
(0.0754965 0.000617191 0)
(0.075226 0.00069977 0)
(0.0749374 0.000772497 0)
(0.0746325 0.000835948 0)
(0.0743131 0.000890708 0)
(0.0739807 0.000937361 0)
(0.0736369 0.000976484 0)
(0.0732832 0.00100865 0)
(0.0729209 0.0010344 0)
(0.0725513 0.00105427 0)
(0.0721755 0.00106878 0)
(0.0717947 0.00107841 0)
(0.0714099 0.00108363 0)
(0.071022 0.00108487 0)
(0.070632 0.00108255 0)
(0.0702406 0.00107704 0)
(0.0698486 0.00106871 0)
(0.0694567 0.00105786 0)
(0.0690655 0.00104482 0)
(0.0686756 0.00102985 0)
(0.0682875 0.00101319 0)
(0.0679019 0.000995078 0)
(0.067519 0.000975709 0)
(0.0671394 0.00095526 0)
(0.0667633 0.000933891 0)
(0.0663912 0.000911739 0)
(0.0660234 0.000888924 0)
(0.0656602 0.000865548 0)
(0.0653019 0.0008417 0)
(0.0649487 0.000817454 0)
(0.0646009 0.000792871 0)
(0.0642587 0.000768001 0)
(0.0639223 0.000742884 0)
(0.063592 0.000717553 0)
(0.063268 0.00069203 0)
(0.0629504 0.000666336 0)
(0.0626394 0.000640481 0)
(0.0623354 0.000614475 0)
(0.0620383 0.000588324 0)
(0.0617485 0.00056203 0)
(0.0614661 0.000535595 0)
(0.0611914 0.00050902 0)
(0.0609244 0.000482304 0)
(0.0606654 0.000455449 0)
(0.0604146 0.000428455 0)
(0.0601722 0.000401325 0)
(0.0599383 0.000374063 0)
(0.0597131 0.000346674 0)
(0.0594969 0.000319165 0)
(0.0592896 0.000291547 0)
(0.0590916 0.00026383 0)
(0.058903 0.000236028 0)
(0.0587239 0.000208159 0)
(0.0585544 0.000180239 0)
(0.0583947 0.000152291 0)
(0.0582448 0.000124336 0)
(0.058105 9.64005e-05 0)
(0.0579752 6.85116e-05 0)
(0.0578555 4.06988e-05 0)
(0.057746 1.29937e-05 0)
(0.0576467 -1.45701e-05 0)
(0.0575576 -4.19568e-05 0)
(0.0574788 -6.91289e-05 0)
(0.0574101 -9.60468e-05 0)
(0.0573515 -0.000122669 0)
(0.0573031 -0.000148952 0)
(0.0572646 -0.000174851 0)
(0.0572361 -0.000200319 0)
(0.0572173 -0.000225307 0)
(0.0572081 -0.000249764 0)
(0.0572084 -0.000273639 0)
(0.0572179 -0.000296878 0)
(0.0572365 -0.000319427 0)
(0.057264 -0.000341228 0)
(0.0573 -0.000362226 0)
(0.0573443 -0.000382362 0)
(0.0573966 -0.000401578 0)
(0.0574567 -0.000419816 0)
(0.0575241 -0.00043702 0)
(0.0575985 -0.000453131 0)
(0.0576797 -0.000468096 0)
(0.0577672 -0.00048186 0)
(0.0578605 -0.000494376 0)
(0.0579594 -0.000505595 0)
(0.0580634 -0.000515475 0)
(0.058172 -0.000523982 0)
(0.0582849 -0.000531082 0)
(0.0584016 -0.000536754 0)
(0.0585216 -0.000540981 0)
(0.0586445 -0.000543755 0)
(0.0587699 -0.000545078 0)
(0.0588973 -0.000544961 0)
(0.0590261 -0.000543426 0)
(0.0591561 -0.000540498 0)
(0.0592868 -0.000536231 0)
(0.0594176 -0.000530631 0)
(0.059548 -0.000523841 0)
(0.0596776 -0.000515722 0)
(0.0598056 -0.000506909 0)
(0.0599308 -0.000494897 0)
(0.0600539 -0.000489265 0)
(0.0601787 -0.000466219 0)
(-0.000693748 0.00309445 0)
(-0.00209198 0.00472294 0)
(-0.00255459 0.00495211 0)
(-0.00279219 0.00450508 0)
(-0.00262648 0.00403267 0)
(-0.00237666 0.00356592 0)
(-0.00198076 0.00316181 0)
(-0.00152311 0.00280358 0)
(-0.000994799 0.00248679 0)
(-0.000421189 0.00220279 0)
(0.000195996 0.00194499 0)
(0.00084769 0.00170854 0)
(0.00153157 0.00148913 0)
(0.00224406 0.00128366 0)
(0.00298378 0.0010894 0)
(0.00374938 0.000904236 0)
(0.00454035 0.000726302 0)
(0.00535644 0.000554044 0)
(0.00619776 0.000386071 0)
(0.00706465 0.000221147 0)
(0.00795765 5.81383e-05 0)
(0.00887749 -0.000104009 0)
(0.00982501 -0.000266291 0)
(0.0108012 -0.000429656 0)
(0.011807 -0.000595018 0)
(0.0128435 -0.000763259 0)
(0.013912 -0.00093523 0)
(0.0150134 -0.00111175 0)
(0.016149 -0.00129358 0)
(0.0173197 -0.00148146 0)
(0.0185267 -0.00167606 0)
(0.0197707 -0.00187795 0)
(0.0210527 -0.00208763 0)
(0.0223733 -0.0023055 0)
(0.023733 -0.00253181 0)
(0.0251321 -0.00276669 0)
(0.0265708 -0.0030101 0)
(0.028049 -0.00326184 0)
(0.0295663 -0.00352153 0)
(0.0311222 -0.00378858 0)
(0.0327158 -0.00406221 0)
(0.034346 -0.00434147 0)
(0.0360113 -0.00462516 0)
(0.03771 -0.00491193 0)
(0.03944 -0.00520023 0)
(0.041199 -0.00548833 0)
(0.0429842 -0.00577434 0)
(0.0447926 -0.00605624 0)
(0.0466208 -0.00633188 0)
(0.0484651 -0.00659901 0)
(0.0503214 -0.0068553 0)
(0.0521853 -0.00709838 0)
(0.0540522 -0.00732589 0)
(0.0559171 -0.00753543 0)
(0.0577747 -0.00772471 0)
(0.0596197 -0.00789149 0)
(0.0614464 -0.00803366 0)
(0.0632489 -0.00814927 0)
(0.0650215 -0.00823659 0)
(0.0667583 -0.0082941 0)
(0.0684535 -0.00832055 0)
(0.0701013 -0.00831503 0)
(0.0716963 -0.00827691 0)
(0.0732332 -0.00820597 0)
(0.0747073 -0.00810233 0)
(0.0761142 -0.0079665 0)
(0.0774499 -0.00779941 0)
(0.0787112 -0.00760232 0)
(0.0798955 -0.00737691 0)
(0.0810006 -0.00712516 0)
(0.0820254 -0.00684938 0)
(0.0829691 -0.00655212 0)
(0.0838319 -0.00623616 0)
(0.0846143 -0.00590443 0)
(0.0853178 -0.00555996 0)
(0.0859441 -0.00520581 0)
(0.0864956 -0.00484503 0)
(0.086975 -0.0044806 0)
(0.0873853 -0.00411537 0)
(0.0877298 -0.00375204 0)
(0.0880121 -0.00339308 0)
(0.0882358 -0.00304077 0)
(0.0884044 -0.00269712 0)
(0.0885217 -0.00236391 0)
(0.0885911 -0.00204265 0)
(0.0886162 -0.00173458 0)
(0.0886003 -0.0014407 0)
(0.0885466 -0.00116179 0)
(0.0884582 -0.000898384 0)
(0.0883379 -0.000650833 0)
(0.0881885 -0.000419293 0)
(0.0880124 -0.000203762 0)
(0.0878119 -4.08989e-06 0)
(0.0875893 0.000179993 0)
(0.0873466 0.000348864 0)
(0.0870857 0.000502985 0)
(0.0868083 0.00064289 0)
(0.086516 0.000769168 0)
(0.0862102 0.000882451 0)
(0.0858925 0.000983398 0)
(0.085564 0.00107269 0)
(0.085226 0.00115102 0)
(0.0848796 0.00121907 0)
(0.0845257 0.00127753 0)
(0.0841654 0.00132708 0)
(0.0837995 0.00136837 0)
(0.0834289 0.00140205 0)
(0.0830543 0.00142872 0)
(0.0826765 0.00144898 0)
(0.0822961 0.0014634 0)
(0.0819137 0.00147249 0)
(0.08153 0.00147677 0)
(0.0811454 0.00147671 0)
(0.0807604 0.00147274 0)
(0.0803756 0.00146527 0)
(0.0799913 0.00145469 0)
(0.0796079 0.00144134 0)
(0.0792258 0.00142553 0)
(0.0788454 0.00140756 0)
(0.0784669 0.00138769 0)
(0.0780906 0.00136616 0)
(0.0777169 0.00134317 0)
(0.0773459 0.0013189 0)
(0.0769779 0.00129354 0)
(0.0766132 0.00126721 0)
(0.0762518 0.00124003 0)
(0.0758941 0.00121213 0)
(0.0755402 0.00118358 0)
(0.0751903 0.00115445 0)
(0.0748445 0.00112481 0)
(0.0745031 0.00109471 0)
(0.0741662 0.00106418 0)
(0.073834 0.00103326 0)
(0.0735066 0.00100196 0)
(0.0731842 0.000970297 0)
(0.072867 0.000938281 0)
(0.0725552 0.000905918 0)
(0.0722489 0.00087321 0)
(0.0719483 0.000840157 0)
(0.0716536 0.000806757 0)
(0.071365 0.00077301 0)
(0.0710826 0.000738915 0)
(0.0708068 0.000704471 0)
(0.0705375 0.000669682 0)
(0.0702752 0.000634551 0)
(0.0700199 0.000599086 0)
(0.0697719 0.000563296 0)
(0.0695313 0.000527194 0)
(0.0692983 0.000490797 0)
(0.0690732 0.000454124 0)
(0.0688562 0.0004172 0)
(0.0686473 0.000380052 0)
(0.0684468 0.000342711 0)
(0.0682549 0.000305211 0)
(0.0680716 0.000267591 0)
(0.0678972 0.000229893 0)
(0.0677317 0.000192161 0)
(0.0675753 0.000154444 0)
(0.0674281 0.000116793 0)
(0.0672901 7.92626e-05 0)
(0.0671615 4.191e-05 0)
(0.0670422 4.79515e-06 0)
(0.0669323 -3.20196e-05 0)
(0.0668317 -6.84694e-05 0)
(0.0667406 -0.000104487 0)
(0.0666587 -0.000140003 0)
(0.0665862 -0.000174947 0)
(0.0665228 -0.000209245 0)
(0.0664685 -0.000242822 0)
(0.0664231 -0.000275604 0)
(0.0663866 -0.000307511 0)
(0.0663587 -0.000338467 0)
(0.0663392 -0.000368393 0)
(0.0663279 -0.00039721 0)
(0.0663247 -0.000424838 0)
(0.0663291 -0.000451201 0)
(0.066341 -0.000476222 0)
(0.0663601 -0.000499825 0)
(0.066386 -0.000521938 0)
(0.0664185 -0.000542492 0)
(0.0664572 -0.000561422 0)
(0.0665016 -0.000578668 0)
(0.0665516 -0.000594176 0)
(0.0666067 -0.000607898 0)
(0.0666664 -0.000619794 0)
(0.0667305 -0.000629834 0)
(0.0667985 -0.000637996 0)
(0.0668701 -0.000644269 0)
(0.0669447 -0.000648653 0)
(0.0670222 -0.000651159 0)
(0.0671019 -0.000651806 0)
(0.0671836 -0.000650625 0)
(0.0672669 -0.000647646 0)
(0.0673514 -0.000642895 0)
(0.0674366 -0.000636413 0)
(0.0675222 -0.000628102 0)
(0.0676075 -0.000618005 0)
(0.067692 -0.000605061 0)
(0.0677757 -0.000594491 0)
(0.0678595 -0.00055839 0)
(-0.000179594 0.00559953 0)
(-0.000139105 0.00561622 0)
(0.000999746 0.00502291 0)
(0.00218615 0.00399971 0)
(0.00363264 0.00328771 0)
(0.00504238 0.00272064 0)
(0.00649047 0.00225904 0)
(0.00790717 0.00187393 0)
(0.00931062 0.00153781 0)
(0.0106885 0.00124062 0)
(0.012047 0.000971426 0)
(0.0133862 0.000724741 0)
(0.01471 0.000495317 0)
(0.0160207 0.000279708 0)
(0.0173212 7.48703e-05 0)
(0.0186142 -0.000121518 0)
(0.0199021 -0.000311469 0)
(0.0211871 -0.000496658 0)
(0.0224715 -0.00067856 0)
(0.0237573 -0.000858478 0)
(0.0250466 -0.0010376 0)
(0.0263413 -0.001217 0)
(0.0276433 -0.00139771 0)
(0.0289542 -0.00158068 0)
(0.030276 -0.00176682 0)
(0.0316102 -0.00195699 0)
(0.0329584 -0.00215201 0)
(0.0343221 -0.00235265 0)
(0.0357027 -0.00255962 0)
(0.0371014 -0.00277358 0)
(0.0385194 -0.00299509 0)
(0.0399576 -0.00322465 0)
(0.041417 -0.00346262 0)
(0.042898 -0.00370928 0)
(0.0444012 -0.00396474 0)
(0.0459267 -0.00422898 0)
(0.0474745 -0.0045018 0)
(0.0490443 -0.00478281 0)
(0.0506357 -0.00507145 0)
(0.0522477 -0.00536694 0)
(0.0538793 -0.00566829 0)
(0.055529 -0.00597431 0)
(0.0571952 -0.00628358 0)
(0.0588756 -0.00659448 0)
(0.0605681 -0.00690521 0)
(0.0622697 -0.00721374 0)
(0.0639776 -0.00751789 0)
(0.0656881 -0.00781533 0)
(0.0673976 -0.00810358 0)
(0.0691021 -0.00838006 0)
(0.0707971 -0.00864212 0)
(0.0724778 -0.00888705 0)
(0.0741395 -0.00911212 0)
(0.0757768 -0.00931466 0)
(0.0773844 -0.00949203 0)
(0.0789567 -0.00964175 0)
(0.0804881 -0.00976145 0)
(0.0819729 -0.00984902 0)
(0.0834056 -0.00990258 0)
(0.0847808 -0.00992056 0)
(0.0860933 -0.00990175 0)
(0.0873382 -0.00984532 0)
(0.0885112 -0.00975088 0)
(0.0896085 -0.00961848 0)
(0.0906269 -0.00944866 0)
(0.0915637 -0.00924242 0)
(0.0924175 -0.00900125 0)
(0.0931871 -0.00872707 0)
(0.0938726 -0.00842226 0)
(0.0944748 -0.00808955 0)
(0.0949951 -0.00773201 0)
(0.095436 -0.00735297 0)
(0.0958004 -0.00695593 0)
(0.096092 -0.00654454 0)
(0.0963148 -0.00612245 0)
(0.0964734 -0.00569329 0)
(0.0965724 -0.00526059 0)
(0.0966169 -0.0048277 0)
(0.0966117 -0.00439778 0)
(0.0965618 -0.0039737 0)
(0.0964719 -0.00355807 0)
(0.0963465 -0.00315317 0)
(0.0961899 -0.00276099 0)
(0.0960061 -0.00238319 0)
(0.0957988 -0.00202113 0)
(0.0955712 -0.00167587 0)
(0.0953263 -0.0013482 0)
(0.0950667 -0.00103866 0)
(0.0947946 -0.000747557 0)
(0.0945121 -0.000475001 0)
(0.0942209 -0.00022092 0)
(0.0939224 1.49092e-05 0)
(0.0936178 0.000232842 0)
(0.0933082 0.000433342 0)
(0.0929944 0.000616961 0)
(0.0926772 0.00078432 0)
(0.0923571 0.000936095 0)
(0.0920346 0.001073 0)
(0.0917102 0.00119579 0)
(0.0913841 0.00130522 0)
(0.0910567 0.00140205 0)
(0.0907282 0.00148705 0)
(0.0903989 0.00156099 0)
(0.0900689 0.00162461 0)
(0.0897385 0.00167863 0)
(0.0894077 0.00172377 0)
(0.0890767 0.0017607 0)
(0.0887458 0.00179009 0)
(0.088415 0.00181256 0)
(0.0880845 0.00182869 0)
(0.0877544 0.00183906 0)
(0.0874249 0.0018442 0)
(0.0870961 0.00184461 0)
(0.0867681 0.00184074 0)
(0.0864411 0.00183303 0)
(0.0861153 0.00182189 0)
(0.0857906 0.00180768 0)
(0.0854674 0.00179074 0)
(0.0851456 0.00177138 0)
(0.0848255 0.00174987 0)
(0.0845071 0.00172648 0)
(0.0841905 0.00170142 0)
(0.0838759 0.00167489 0)
(0.0835633 0.00164707 0)
(0.0832529 0.00161811 0)
(0.0829448 0.00158815 0)
(0.082639 0.0015573 0)
(0.0823356 0.00152565 0)
(0.0820349 0.00149328 0)
(0.0817367 0.00146026 0)
(0.0814414 0.00142663 0)
(0.0811489 0.00139244 0)
(0.0808593 0.00135771 0)
(0.0805729 0.00132246 0)
(0.0802896 0.00128671 0)
(0.0800096 0.00125046 0)
(0.079733 0.00121371 0)
(0.0794599 0.00117646 0)
(0.0791905 0.0011387 0)
(0.0789249 0.00110043 0)
(0.0786633 0.00106165 0)
(0.0784057 0.00102234 0)
(0.0781524 0.000982499 0)
(0.0779034 0.000942129 0)
(0.0776591 0.000901228 0)
(0.0774194 0.000859799 0)
(0.0771846 0.000817849 0)
(0.0769549 0.00077539 0)
(0.0767305 0.000732439 0)
(0.0765114 0.000689015 0)
(0.0762979 0.000645145 0)
(0.0760902 0.000600858 0)
(0.0758884 0.000556192 0)
(0.0756927 0.000511186 0)
(0.0755032 0.000465887 0)
(0.0753202 0.000420346 0)
(0.0751437 0.000374618 0)
(0.0749738 0.000328764 0)
(0.0748108 0.000282848 0)
(0.0746547 0.000236939 0)
(0.0745057 0.000191112 0)
(0.0743637 0.000145442 0)
(0.074229 0.000100011 0)
(0.0741015 5.49028e-05 0)
(0.0739812 1.02041e-05 0)
(0.0738683 -3.39948e-05 0)
(0.0737626 -7.76016e-05 0)
(0.0736643 -0.000120521 0)
(0.0735732 -0.000162658 0)
(0.0734893 -0.000203912 0)
(0.0734125 -0.000244185 0)
(0.0733427 -0.000283377 0)
(0.0732798 -0.000321387 0)
(0.0732237 -0.000358115 0)
(0.0731742 -0.00039346 0)
(0.0731312 -0.000427326 0)
(0.0730944 -0.000459615 0)
(0.0730636 -0.000490233 0)
(0.0730387 -0.000519092 0)
(0.0730193 -0.000546105 0)
(0.0730053 -0.000571193 0)
(0.0729963 -0.00059428 0)
(0.0729921 -0.000615302 0)
(0.0729924 -0.000634198 0)
(0.072997 -0.000650923 0)
(0.0730054 -0.000665437 0)
(0.0730175 -0.000677715 0)
(0.0730328 -0.000687743 0)
(0.0730512 -0.00069552 0)
(0.0730723 -0.00070106 0)
(0.0730958 -0.000704386 0)
(0.0731215 -0.000705531 0)
(0.073149 -0.000704532 0)
(0.0731782 -0.000701418 0)
(0.0732087 -0.000696204 0)
(0.0732403 -0.0006888 0)
(0.0732728 -0.000679119 0)
(0.0733061 -0.000666529 0)
(0.0733401 -0.000653458 0)
(0.0733767 -0.000612827 0)
(0.00500619 0.00204113 0)
(0.00751047 0.00307785 0)
(0.0124282 0.00262507 0)
(0.0156757 0.00201044 0)
(0.0187601 0.00138855 0)
(0.0214085 0.000888603 0)
(0.0238331 0.000472937 0)
(0.0260661 0.000131705 0)
(0.0281589 -0.000159976 0)
(0.0301384 -0.000414916 0)
(0.0320267 -0.000644439 0)
(0.033839 -0.000855358 0)
(0.0355877 -0.00105285 0)
(0.0372822 -0.00124045 0)
(0.0389303 -0.00142086 0)
(0.0405383 -0.00159615 0)
(0.0421117 -0.00176802 0)
(0.0436551 -0.00193791 0)
(0.0451726 -0.00210705 0)
(0.0466677 -0.00227657 0)
(0.0481437 -0.00244748 0)
(0.0496035 -0.00262073 0)
(0.0510498 -0.0027972 0)
(0.0524851 -0.00297774 0)
(0.0539116 -0.00316315 0)
(0.0553313 -0.00335417 0)
(0.0567463 -0.00355151 0)
(0.0581581 -0.00375583 0)
(0.0595684 -0.00396772 0)
(0.0609785 -0.0041877 0)
(0.0623895 -0.00441622 0)
(0.0638026 -0.00465363 0)
(0.0652183 -0.00490015 0)
(0.0666373 -0.00515589 0)
(0.0680598 -0.00542081 0)
(0.069486 -0.00569471 0)
(0.0709155 -0.00597721 0)
(0.072348 -0.00626773 0)
(0.0737825 -0.00656549 0)
(0.075218 -0.00686951 0)
(0.0766532 -0.00717856 0)
(0.0780862 -0.0074912 0)
(0.0795149 -0.00780576 0)
(0.080937 -0.00812034 0)
(0.0823497 -0.00843283 0)
(0.0837498 -0.00874092 0)
(0.0851339 -0.0090421 0)
(0.0864981 -0.0093337 0)
(0.0878383 -0.0096129 0)
(0.08915 -0.00987677 0)
(0.0904285 -0.0101223 0)
(0.0916688 -0.0103465 0)
(0.0928657 -0.0105463 0)
(0.094014 -0.0107187 0)
(0.0951081 -0.0108609 0)
(0.0961428 -0.0109701 0)
(0.0971127 -0.0110439 0)
(0.0980129 -0.0110801 0)
(0.0988386 -0.0110768 0)
(0.0995855 -0.0110327 0)
(0.10025 -0.0109468 0)
(0.100829 -0.0108186 0)
(0.10132 -0.0106483 0)
(0.101723 -0.0104366 0)
(0.102036 -0.0101846 0)
(0.102261 -0.00989433 0)
(0.102399 -0.00956807 0)
(0.102454 -0.00920873 0)
(0.102429 -0.00881964 0)
(0.102329 -0.0084045 0)
(0.102159 -0.00796728 0)
(0.101927 -0.00751214 0)
(0.101638 -0.00704334 0)
(0.101299 -0.00656511 0)
(0.100918 -0.00608159 0)
(0.100502 -0.00559674 0)
(0.100058 -0.00511426 0)
(0.099592 -0.00463756 0)
(0.0991111 -0.00416969 0)
(0.0986207 -0.00371335 0)
(0.0981259 -0.00327082 0)
(0.0976312 -0.00284403 0)
(0.0971405 -0.00243453 0)
(0.0966571 -0.00204353 0)
(0.0961836 -0.00167191 0)
(0.0957222 -0.00132024 0)
(0.0952742 -0.000988854 0)
(0.0948409 -0.000677844 0)
(0.0944229 -0.000387106 0)
(0.0940205 -0.000116372 0)
(0.0936337 0.000134767 0)
(0.0932622 0.00036683 0)
(0.0929056 0.000580428 0)
(0.0925633 0.000776236 0)
(0.0922345 0.000954986 0)
(0.0919184 0.00111744 0)
(0.0916142 0.0012644 0)
(0.0913209 0.00139665 0)
(0.0910376 0.001515 0)
(0.0907634 0.00162027 0)
(0.0904975 0.00171323 0)
(0.0902391 0.00179466 0)
(0.0899873 0.00186533 0)
(0.0897414 0.00192597 0)
(0.0895008 0.0019773 0)
(0.0892647 0.00202 0)
(0.0890328 0.00205473 0)
(0.0888043 0.00208211 0)
(0.088579 0.00210275 0)
(0.0883564 0.00211722 0)
(0.088136 0.00212606 0)
(0.0879177 0.00212977 0)
(0.0877012 0.00212882 0)
(0.0874861 0.00212366 0)
(0.0872724 0.00211471 0)
(0.0870599 0.00210235 0)
(0.0868484 0.00208693 0)
(0.0866379 0.00206878 0)
(0.0864282 0.0020482 0)
(0.0862193 0.00202545 0)
(0.0860112 0.00200079 0)
(0.0858038 0.00197442 0)
(0.0855971 0.00194654 0)
(0.0853911 0.00191732 0)
(0.0851858 0.00188692 0)
(0.0849812 0.00185545 0)
(0.0847773 0.00182304 0)
(0.0845743 0.00178977 0)
(0.084372 0.00175572 0)
(0.0841705 0.00172095 0)
(0.08397 0.0016855 0)
(0.0837703 0.00164942 0)
(0.0835717 0.00161273 0)
(0.0833741 0.00157544 0)
(0.0831775 0.00153756 0)
(0.0829821 0.00149909 0)
(0.082788 0.00146003 0)
(0.0825951 0.00142038 0)
(0.0824037 0.00138012 0)
(0.0822136 0.00133924 0)
(0.0820252 0.00129772 0)
(0.0818383 0.00125556 0)
(0.0816532 0.00121275 0)
(0.08147 0.00116928 0)
(0.0812886 0.00112513 0)
(0.0811094 0.00108032 0)
(0.0809322 0.00103484 0)
(0.0807574 0.000988701 0)
(0.080585 0.000941915 0)
(0.0804151 0.000894501 0)
(0.0802479 0.000846481 0)
(0.0800835 0.000797886 0)
(0.079922 0.000748752 0)
(0.0797635 0.000699121 0)
(0.0796083 0.000649041 0)
(0.0794563 0.000598567 0)
(0.0793078 0.000547759 0)
(0.0791628 0.000496684 0)
(0.0790215 0.000445414 0)
(0.0788839 0.000394027 0)
(0.0787502 0.000342606 0)
(0.0786206 0.000291239 0)
(0.0784949 0.000240018 0)
(0.0783734 0.000189042 0)
(0.0782561 0.000138412 0)
(0.0781431 8.82324e-05 0)
(0.0780343 3.86118e-05 0)
(0.0779299 -1.03383e-05 0)
(0.0778297 -5.85043e-05 0)
(0.0777339 -0.00010577 0)
(0.0776425 -0.000152019 0)
(0.0775553 -0.000197133 0)
(0.0774724 -0.000240992 0)
(0.0773936 -0.00028348 0)
(0.0773189 -0.000324478 0)
(0.0772483 -0.000363871 0)
(0.0771816 -0.000401547 0)
(0.0771187 -0.000437396 0)
(0.0770596 -0.000471312 0)
(0.0770039 -0.000503197 0)
(0.0769517 -0.000532957 0)
(0.0769027 -0.000560506 0)
(0.0768568 -0.000585768 0)
(0.0768138 -0.000608677 0)
(0.0767736 -0.000629177 0)
(0.076736 -0.000647225 0)
(0.0767007 -0.000662792 0)
(0.0766677 -0.000675866 0)
(0.0766368 -0.000686446 0)
(0.0766077 -0.000694551 0)
(0.0765803 -0.000700213 0)
(0.0765546 -0.000703476 0)
(0.0765303 -0.000704394 0)
(0.0765073 -0.000703018 0)
(0.0764857 -0.000699382 0)
(0.0764654 -0.000693459 0)
(0.0764465 -0.000685191 0)
(0.0764292 -0.000674159 0)
(0.0764141 -0.000661759 0)
(0.0764049 -0.000623734 0)
(0.0344491 -1.78889e-06 0)
(0.0346035 -0.000145861 0)
(0.0349209 -0.00026334 0)
(0.0353538 -0.000325684 0)
(0.0358491 -0.000363842 0)
(0.0364884 -0.000438486 0)
(0.0371481 -0.000317649 0)
(0.0378265 -0.000770382 0)
(0.0908646 -5.45683e-06 0)
(0.0906415 -0.00012632 0)
(0.0905745 -0.000288991 0)
(0.0906088 -0.00045434 0)
(0.090753 -0.000632314 0)
(0.0909822 -0.000809215 0)
(0.0913263 -0.0010038 0)
(0.0921991 -0.00166775 0)
(0.128437 -9.21052e-06 0)
(0.128259 -8.96324e-05 0)
(0.128172 -0.000212941 0)
(0.128132 -0.000369896 0)
(0.12812 -0.000552843 0)
(0.128138 -0.000765392 0)
(0.128225 -0.00109176 0)
(0.128222 -0.00150987 0)
(0.147212 -1.31291e-05 0)
(0.147034 -0.000100233 0)
(0.146936 -0.000214209 0)
(0.146873 -0.000355391 0)
(0.146822 -0.000527139 0)
(0.146779 -0.000747452 0)
(0.14672 -0.00101504 0)
(0.146652 -0.0013691 0)
(0.147217 -1.84269e-05 0)
(0.147038 -0.000107877 0)
(0.146928 -0.000206716 0)
(0.146841 -0.000325059 0)
(0.14675 -0.000473798 0)
(0.146637 -0.00065924 0)
(0.146491 -0.000896711 0)
(0.146285 -0.00118671 0)
(0.12845 -2.61732e-05 0)
(0.128254 -0.000123983 0)
(0.128113 -0.000209688 0)
(0.127975 -0.00030329 0)
(0.127815 -0.000419874 0)
(0.127616 -0.000570634 0)
(0.127362 -0.000759033 0)
(0.127036 -0.000984492 0)
(0.0908857 -4.01624e-05 0)
(0.0906067 -0.000102651 0)
(0.0903889 -0.000133428 0)
(0.0901712 -0.000174967 0)
(0.0899262 -0.00024583 0)
(0.0896307 -0.000349971 0)
(0.0892624 -0.000484442 0)
(0.0887987 -0.000640605 0)
(0.0344546 -4.62293e-05 0)
(0.0343723 -2.4905e-05 0)
(0.0343206 7.15517e-06 0)
(0.0342671 5.96478e-06 0)
(0.0341541 -2.68099e-05 0)
(0.0339537 -7.90035e-05 0)
(0.0336508 -0.000137775 0)
(0.0332402 -0.000192556 0)
(0.0404984 -0.00349828 0)
(0.0434104 -0.003195 0)
(0.0460532 -0.00288034 0)
(0.0486208 -0.00257441 0)
(0.0509764 -0.00242609 0)
(0.0531709 -0.00237303 0)
(0.0552262 -0.00238605 0)
(0.0571675 -0.00243727 0)
(0.0590141 -0.00251142 0)
(0.0607799 -0.00259915 0)
(0.0624756 -0.00269549 0)
(0.0641092 -0.00279764 0)
(0.0656874 -0.00290417 0)
(0.0672155 -0.00301438 0)
(0.068698 -0.00312799 0)
(0.0701388 -0.00324502 0)
(0.0715415 -0.00336563 0)
(0.0729092 -0.0034901 0)
(0.0742446 -0.00361881 0)
(0.0755504 -0.00375218 0)
(0.0768291 -0.00389069 0)
(0.0780827 -0.00403484 0)
(0.0793133 -0.00418514 0)
(0.0805227 -0.00434212 0)
(0.0817126 -0.0045063 0)
(0.0828846 -0.00467818 0)
(0.0840401 -0.00485826 0)
(0.0851802 -0.00504698 0)
(0.086306 -0.00524474 0)
(0.0874183 -0.00545188 0)
(0.0885178 -0.00566865 0)
(0.089605 -0.00589522 0)
(0.0906802 -0.00613164 0)
(0.0917433 -0.00637782 0)
(0.0927941 -0.00663352 0)
(0.0938322 -0.00689834 0)
(0.0948568 -0.00717168 0)
(0.0958669 -0.00745276 0)
(0.0968611 -0.00774055 0)
(0.0978377 -0.00803382 0)
(0.0987949 -0.00833108 0)
(0.0997302 -0.0086306 0)
(0.100641 -0.00893043 0)
(0.101524 -0.00922833 0)
(0.102377 -0.00952187 0)
(0.103195 -0.00980838 0)
(0.103974 -0.010085 0)
(0.10471 -0.0103487 0)
(0.105399 -0.0105963 0)
(0.106036 -0.0108246 0)
(0.106615 -0.0110302 0)
(0.107131 -0.0112097 0)
(0.10758 -0.0113599 0)
(0.107957 -0.0114776 0)
(0.108256 -0.0115599 0)
(0.108472 -0.011604 0)
(0.108603 -0.0116075 0)
(0.108644 -0.0115686 0)
(0.108593 -0.0114857 0)
(0.108448 -0.011358 0)
(0.108209 -0.0111853 0)
(0.107875 -0.0109678 0)
(0.10745 -0.0107068 0)
(0.106935 -0.010404 0)
(0.106336 -0.0100619 0)
(0.105658 -0.00968357 0)
(0.104908 -0.00927263 0)
(0.104096 -0.0088332 0)
(0.103228 -0.00836974 0)
(0.102316 -0.00788694 0)
(0.101369 -0.00738961 0)
(0.100398 -0.00688255 0)
(0.0994115 -0.00637042 0)
(0.0984204 -0.00585768 0)
(0.0974337 -0.00534843 0)
(0.0964597 -0.0048464 0)
(0.095506 -0.00435489 0)
(0.0945793 -0.00387673 0)
(0.0936851 -0.00341428 0)
(0.092828 -0.00296946 0)
(0.0920116 -0.00254373 0)
(0.0912385 -0.00213816 0)
(0.0905104 -0.00175348 0)
(0.0898281 -0.00139006 0)
(0.0891919 -0.00104804 0)
(0.0886013 -0.000727299 0)
(0.0880553 -0.000427544 0)
(0.0875526 -0.000148324 0)
(0.0870914 0.000110929 0)
(0.0866697 0.000350874 0)
(0.0862854 0.000572233 0)
(0.0859361 0.000775775 0)
(0.0856194 0.000962296 0)
(0.0853329 0.00113261 0)
(0.0850743 0.00128753 0)
(0.0848412 0.00142786 0)
(0.0846313 0.00155441 0)
(0.0844424 0.00166797 0)
(0.0842725 0.00176929 0)
(0.0841195 0.00185913 0)
(0.0839816 0.0019382 0)
(0.0838571 0.00200719 0)
(0.0837444 0.00206679 0)
(0.083642 0.00211763 0)
(0.0835486 0.00216034 0)
(0.0834628 0.00219549 0)
(0.0833836 0.00222367 0)
(0.0833099 0.0022454 0)
(0.0832408 0.00226121 0)
(0.0831755 0.00227157 0)
(0.0831133 0.00227694 0)
(0.0830535 0.00227776 0)
(0.0829955 0.00227444 0)
(0.0829388 0.00226735 0)
(0.082883 0.00225685 0)
(0.0828278 0.00224328 0)
(0.0827727 0.00222693 0)
(0.0827174 0.0022081 0)
(0.0826619 0.00218704 0)
(0.0826058 0.00216398 0)
(0.082549 0.00213914 0)
(0.0824913 0.00211272 0)
(0.0824327 0.00208487 0)
(0.0823731 0.00205575 0)
(0.0823123 0.00202549 0)
(0.0822504 0.00199421 0)
(0.0821873 0.00196201 0)
(0.0821229 0.00192895 0)
(0.0820573 0.00189511 0)
(0.0819905 0.00186055 0)
(0.0819224 0.00182529 0)
(0.0818532 0.00178938 0)
(0.0817826 0.00175282 0)
(0.0817109 0.00171564 0)
(0.081638 0.00167783 0)
(0.081564 0.00163939 0)
(0.0814888 0.00160031 0)
(0.0814125 0.00156059 0)
(0.0813352 0.0015202 0)
(0.0812569 0.00147913 0)
(0.0811775 0.00143737 0)
(0.0810973 0.0013949 0)
(0.0810161 0.0013517 0)
(0.0809341 0.00130777 0)
(0.0808513 0.00126309 0)
(0.0807678 0.00121766 0)
(0.0806835 0.00117147 0)
(0.0805987 0.00112454 0)
(0.0805133 0.00107686 0)
(0.0804274 0.00102846 0)
(0.080341 0.000979345 0)
(0.0802543 0.000929557 0)
(0.0801674 0.000879124 0)
(0.0800802 0.000828088 0)
(0.0799929 0.000776496 0)
(0.0799055 0.000724401 0)
(0.0798182 0.000671867 0)
(0.079731 0.00061896 0)
(0.079644 0.000565755 0)
(0.0795572 0.000512333 0)
(0.0794708 0.000458781 0)
(0.0793847 0.000405193 0)
(0.0792992 0.000351667 0)
(0.0792142 0.000298307 0)
(0.0791298 0.000245222 0)
(0.0790461 0.000192525 0)
(0.0789631 0.000140335 0)
(0.0788808 8.87704e-05 0)
(0.0787994 3.79569e-05 0)
(0.0787187 -1.19797e-05 0)
(0.0786389 -6.09111e-05 0)
(0.07856 -0.000108708 0)
(0.078482 -0.00015524 0)
(0.0784048 -0.000200379 0)
(0.0783286 -0.000243995 0)
(0.0782532 -0.000285962 0)
(0.0781786 -0.000326157 0)
(0.0781049 -0.00036446 0)
(0.078032 -0.000400758 0)
(0.0779598 -0.00043494 0)
(0.0778883 -0.000466908 0)
(0.0778176 -0.000496568 0)
(0.0777475 -0.000523839 0)
(0.077678 -0.000548649 0)
(0.0776091 -0.000570942 0)
(0.0775407 -0.000590673 0)
(0.0774727 -0.000607815 0)
(0.0774053 -0.000622358 0)
(0.0773383 -0.000634308 0)
(0.0772717 -0.000643692 0)
(0.0772055 -0.000650556 0)
(0.0771398 -0.000654965 0)
(0.0770746 -0.000656999 0)
(0.0770099 -0.000656748 0)
(0.076946 -0.000654308 0)
(0.0768831 -0.00064974 0)
(0.0768215 -0.000643121 0)
(0.0767617 -0.000634293 0)
(0.076705 -0.000625021 0)
(0.0766557 -0.00059407 0)
(0.0928307 -0.00217416 0)
(0.0928907 -0.00264982 0)
(0.0931949 -0.00291969 0)
(0.093659 -0.00310418 0)
(0.0942782 -0.00324592 0)
(0.0949925 -0.0033698 0)
(0.0957687 -0.00348439 0)
(0.0965816 -0.00359262 0)
(0.0974148 -0.00369568 0)
(0.0982572 -0.00379436 0)
(0.0991007 -0.00388958 0)
(0.0999397 -0.00398239 0)
(0.10077 -0.00407386 0)
(0.101589 -0.00416507 0)
(0.102393 -0.00425702 0)
(0.103181 -0.00435065 0)
(0.103953 -0.00444682 0)
(0.104707 -0.00454633 0)
(0.105442 -0.00464992 0)
(0.106158 -0.00475829 0)
(0.106855 -0.0048721 0)
(0.107533 -0.00499197 0)
(0.108192 -0.00511851 0)
(0.108831 -0.00525227 0)
(0.109452 -0.00539379 0)
(0.110053 -0.00554356 0)
(0.110634 -0.00570201 0)
(0.111197 -0.00586955 0)
(0.111739 -0.00604649 0)
(0.112262 -0.00623309 0)
(0.112764 -0.00642948 0)
(0.113245 -0.00663571 0)
(0.113705 -0.00685169 0)
(0.114141 -0.00707718 0)
(0.114553 -0.00731178 0)
(0.114939 -0.0075549 0)
(0.115298 -0.00780575 0)
(0.115627 -0.00806332 0)
(0.115925 -0.00832634 0)
(0.116188 -0.00859332 0)
(0.116414 -0.0088625 0)
(0.1166 -0.00913185 0)
(0.116742 -0.00939908 0)
(0.116836 -0.00966165 0)
(0.116879 -0.00991676 0)
(0.116865 -0.0101614 0)
(0.116791 -0.0103924 0)
(0.116651 -0.0106063 0)
(0.116441 -0.0107998 0)
(0.116156 -0.0109691 0)
(0.115791 -0.0111109 0)
(0.115342 -0.0112216 0)
(0.114804 -0.011298 0)
(0.114174 -0.0113368 0)
(0.113448 -0.0113355 0)
(0.112626 -0.0112917 0)
(0.111705 -0.0112036 0)
(0.110686 -0.01107 0)
(0.109571 -0.0108904 0)
(0.108363 -0.0106652 0)
(0.107067 -0.0103955 0)
(0.10569 -0.0100831 0)
(0.104239 -0.00973081 0)
(0.102725 -0.00934201 0)
(0.101159 -0.0089208 0)
(0.0995524 -0.00847179 0)
(0.097919 -0.00799999 0)
(0.0962719 -0.00751063 0)
(0.0946249 -0.007009 0)
(0.0929911 -0.00650035 0)
(0.0913834 -0.00598965 0)
(0.0898136 -0.00548157 0)
(0.0882923 -0.00498031 0)
(0.0868289 -0.00448956 0)
(0.0854313 -0.00401246 0)
(0.0841058 -0.00355159 0)
(0.0828571 -0.00310895 0)
(0.0816887 -0.00268606 0)
(0.0806024 -0.00228391 0)
(0.0795989 -0.00190312 0)
(0.0786779 -0.00154391 0)
(0.0778378 -0.00120621 0)
(0.0770765 -0.00088973 0)
(0.0763913 -0.000593958 0)
(0.0757787 -0.000318264 0)
(0.0752352 -6.19152e-05 0)
(0.0747567 0.000175886 0)
(0.0743394 0.000395974 0)
(0.0739789 0.000599195 0)
(0.0736713 0.000786396 0)
(0.0734125 0.00095841 0)
(0.0731984 0.00111605 0)
(0.0730255 0.0012601 0)
(0.0728899 0.00139131 0)
(0.0727882 0.00151041 0)
(0.0727172 0.0016181 0)
(0.0726737 0.00171503 0)
(0.0726548 0.00180183 0)
(0.0726579 0.00187912 0)
(0.0726805 0.00194747 0)
(0.0727202 0.00200743 0)
(0.0727748 0.00205953 0)
(0.0728425 0.00210428 0)
(0.0729214 0.00214216 0)
(0.0730098 0.00217364 0)
(0.0731063 0.00219915 0)
(0.0732095 0.00221912 0)
(0.0733181 0.00223396 0)
(0.073431 0.00224405 0)
(0.0735473 0.00224976 0)
(0.073666 0.00225144 0)
(0.0737863 0.00224941 0)
(0.0739075 0.002244 0)
(0.0740291 0.0022355 0)
(0.0741504 0.00222417 0)
(0.0742709 0.00221029 0)
(0.0743903 0.00219409 0)
(0.0745082 0.00217579 0)
(0.0746242 0.00215559 0)
(0.0747381 0.00213368 0)
(0.0748497 0.00211024 0)
(0.0749587 0.00208541 0)
(0.0750651 0.00205933 0)
(0.0751686 0.00203212 0)
(0.0752692 0.00200389 0)
(0.0753668 0.00197473 0)
(0.0754612 0.00194471 0)
(0.0755525 0.0019139 0)
(0.0756406 0.00188235 0)
(0.0757254 0.0018501 0)
(0.075807 0.00181718 0)
(0.0758853 0.00178361 0)
(0.0759602 0.00174941 0)
(0.0760318 0.00171458 0)
(0.0761001 0.00167912 0)
(0.076165 0.00164302 0)
(0.0762266 0.00160628 0)
(0.0762848 0.00156887 0)
(0.0763397 0.00153079 0)
(0.0763911 0.00149201 0)
(0.0764392 0.00145252 0)
(0.0764839 0.00141229 0)
(0.0765252 0.00137132 0)
(0.076563 0.00132959 0)
(0.0765975 0.00128709 0)
(0.0766286 0.00124381 0)
(0.0766563 0.00119974 0)
(0.0766805 0.0011549 0)
(0.0767014 0.00110927 0)
(0.0767188 0.00106289 0)
(0.0767328 0.00101576 0)
(0.0767435 0.000967918 0)
(0.0767507 0.000919385 0)
(0.0767546 0.000870203 0)
(0.0767551 0.000820418 0)
(0.0767522 0.000770082 0)
(0.0767461 0.000719256 0)
(0.0767366 0.000668004 0)
(0.0767239 0.000616402 0)
(0.0767079 0.00056453 0)
(0.0766886 0.000512474 0)
(0.0766662 0.000460328 0)
(0.0766406 0.000408191 0)
(0.0766119 0.000356168 0)
(0.0765801 0.00030437 0)
(0.0765452 0.000252912 0)
(0.0765074 0.000201913 0)
(0.0764665 0.000151497 0)
(0.0764228 0.000101791 0)
(0.0763761 5.29239e-05 0)
(0.0763266 5.02751e-06 0)
(0.0762742 -4.17656e-05 0)
(0.0762192 -8.73223e-05 0)
(0.0761614 -0.00013151 0)
(0.0761009 -0.000174197 0)
(0.0760378 -0.000215254 0)
(0.0759722 -0.000254556 0)
(0.0759041 -0.000291982 0)
(0.0758335 -0.000327416 0)
(0.0757606 -0.000360749 0)
(0.0756853 -0.000391881 0)
(0.0756079 -0.000420721 0)
(0.0755283 -0.000447189 0)
(0.0754466 -0.000471219 0)
(0.075363 -0.000492756 0)
(0.0752776 -0.000511764 0)
(0.0751905 -0.000528222 0)
(0.0751017 -0.00054213 0)
(0.0750116 -0.000553505 0)
(0.0749201 -0.000562391 0)
(0.0748276 -0.000568853 0)
(0.0747341 -0.000572982 0)
(0.07464 -0.000574895 0)
(0.0745455 -0.000574733 0)
(0.074451 -0.000572679 0)
(0.0743568 -0.000568899 0)
(0.0742637 -0.000563662 0)
(0.0741722 -0.000557031 0)
(0.0740836 -0.000552158 0)
(0.0740016 -0.000530864 0)
(0.12815 -0.00212433 0)
(0.128098 -0.00262422 0)
(0.128028 -0.00299659 0)
(0.128005 -0.00327122 0)
(0.128031 -0.0034849 0)
(0.128101 -0.0036604 0)
(0.128206 -0.00381085 0)
(0.128334 -0.00394359 0)
(0.128477 -0.00406296 0)
(0.128629 -0.00417187 0)
(0.128784 -0.00427251 0)
(0.128937 -0.00436677 0)
(0.129085 -0.00445631 0)
(0.129225 -0.00454263 0)
(0.129354 -0.00462712 0)
(0.12947 -0.00471104 0)
(0.129572 -0.00479554 0)
(0.129657 -0.0048817 0)
(0.129726 -0.00497049 0)
(0.129776 -0.0050628 0)
(0.129806 -0.00515946 0)
(0.129816 -0.00526124 0)
(0.129805 -0.00536884 0)
(0.129772 -0.0054829 0)
(0.129715 -0.00560399 0)
(0.129635 -0.00573264 0)
(0.129531 -0.00586927 0)
(0.1294 -0.00601427 0)
(0.129243 -0.0061679 0)
(0.129057 -0.00633034 0)
(0.128841 -0.00650166 0)
(0.128594 -0.00668178 0)
(0.128314 -0.00687049 0)
(0.127999 -0.0070674 0)
(0.127646 -0.00727195 0)
(0.127253 -0.00748335 0)
(0.126818 -0.00770061 0)
(0.126337 -0.00792248 0)
(0.125807 -0.00814747 0)
(0.125225 -0.00837379 0)
(0.124587 -0.00859941 0)
(0.123888 -0.008822 0)
(0.123126 -0.00903895 0)
(0.122295 -0.00924742 0)
(0.121392 -0.00944431 0)
(0.120411 -0.00962633 0)
(0.119348 -0.00979001 0)
(0.118199 -0.00993182 0)
(0.11696 -0.0100482 0)
(0.115628 -0.0101355 0)
(0.1142 -0.0101904 0)
(0.112674 -0.0102098 0)
(0.111049 -0.0101908 0)
(0.109325 -0.010131 0)
(0.107505 -0.0100287 0)
(0.105592 -0.00988281 0)
(0.10359 -0.00969292 0)
(0.101509 -0.00945959 0)
(0.0993555 -0.00918419 0)
(0.0971421 -0.00886905 0)
(0.0948813 -0.0085173 0)
(0.0925877 -0.00813287 0)
(0.0902769 -0.00772036 0)
(0.0879655 -0.00728485 0)
(0.0856705 -0.00683178 0)
(0.0834088 -0.00636671 0)
(0.0811968 -0.00589515 0)
(0.0790498 -0.0054224 0)
(0.0769815 -0.00495336 0)
(0.0750041 -0.00449243 0)
(0.0731274 -0.00404336 0)
(0.0713595 -0.00360928 0)
(0.0697059 -0.00319261 0)
(0.0681702 -0.0027951 0)
(0.066754 -0.00241789 0)
(0.065457 -0.00206156 0)
(0.0642777 -0.00172626 0)
(0.063213 -0.00141173 0)
(0.0622589 -0.00111745 0)
(0.0614108 -0.00084269 0)
(0.0606632 -0.000586587 0)
(0.0600107 -0.000348207 0)
(0.0594473 -0.000126582 0)
(0.0589673 7.92468e-05 0)
(0.0585647 0.000270213 0)
(0.0582339 0.000447207 0)
(0.0579693 0.000611066 0)
(0.0577656 0.000762574 0)
(0.0576179 0.000902456 0)
(0.0575212 0.00103139 0)
(0.0574711 0.00114999 0)
(0.0574634 0.00125885 0)
(0.057494 0.0013585 0)
(0.0575592 0.00144944 0)
(0.0576557 0.00153214 0)
(0.0577801 0.00160704 0)
(0.0579294 0.00167456 0)
(0.0581009 0.0017351 0)
(0.0582921 0.00178902 0)
(0.0585005 0.0018367 0)
(0.0587239 0.00187848 0)
(0.0589604 0.00191469 0)
(0.059208 0.00194565 0)
(0.0594652 0.00197167 0)
(0.0597303 0.00199305 0)
(0.0600019 0.00201008 0)
(0.0602787 0.00202304 0)
(0.0605596 0.00203219 0)
(0.0608434 0.00203781 0)
(0.0611293 0.00204014 0)
(0.0614164 0.00203941 0)
(0.0617038 0.00203586 0)
(0.0619909 0.00202971 0)
(0.0622771 0.00202117 0)
(0.0625618 0.00201043 0)
(0.0628445 0.00199768 0)
(0.0631249 0.00198308 0)
(0.0634024 0.00196682 0)
(0.0636769 0.00194902 0)
(0.0639479 0.00192984 0)
(0.0642153 0.00190939 0)
(0.0644788 0.00188779 0)
(0.0647383 0.00186514 0)
(0.0649936 0.00184153 0)
(0.0652445 0.00181705 0)
(0.065491 0.00179175 0)
(0.0657329 0.0017657 0)
(0.0659701 0.00173894 0)
(0.0662026 0.00171151 0)
(0.0664304 0.00168344 0)
(0.0666532 0.00165475 0)
(0.0668711 0.00162546 0)
(0.0670841 0.00159557 0)
(0.067292 0.00156508 0)
(0.0674949 0.001534 0)
(0.0676926 0.0015023 0)
(0.0678852 0.00146999 0)
(0.0680726 0.00143704 0)
(0.0682547 0.00140344 0)
(0.0684314 0.00136917 0)
(0.0686028 0.00133422 0)
(0.0687687 0.00129857 0)
(0.0689291 0.0012622 0)
(0.0690839 0.00122511 0)
(0.0692331 0.00118728 0)
(0.0693766 0.00114869 0)
(0.0695144 0.00110937 0)
(0.0696463 0.00106929 0)
(0.0697723 0.00102847 0)
(0.0698923 0.000986917 0)
(0.0700063 0.000944654 0)
(0.0701142 0.000901702 0)
(0.070216 0.000858089 0)
(0.0703115 0.000813853 0)
(0.0704008 0.000769037 0)
(0.0704837 0.000723689 0)
(0.0705603 0.000677868 0)
(0.0706305 0.000631635 0)
(0.0706941 0.000585062 0)
(0.0707513 0.000538224 0)
(0.070802 0.000491206 0)
(0.0708462 0.000444096 0)
(0.0708838 0.000396991 0)
(0.0709148 0.00034999 0)
(0.0709393 0.000303199 0)
(0.0709572 0.000256731 0)
(0.0709686 0.000210699 0)
(0.0709734 0.000165223 0)
(0.0709718 0.000120424 0)
(0.0709638 7.64277e-05 0)
(0.0709494 3.33589e-05 0)
(0.0709286 -8.65522e-06 0)
(0.0709016 -4.94876e-05 0)
(0.0708685 -8.90122e-05 0)
(0.0708293 -0.000127105 0)
(0.0707842 -0.000163644 0)
(0.0707333 -0.000198512 0)
(0.0706767 -0.000231598 0)
(0.0706146 -0.000262794 0)
(0.0705472 -0.000292004 0)
(0.0704747 -0.000319138 0)
(0.0703972 -0.000344116 0)
(0.070315 -0.000366872 0)
(0.0702284 -0.000387352 0)
(0.0701375 -0.000405517 0)
(0.0700428 -0.000421345 0)
(0.0699444 -0.00043483 0)
(0.0698427 -0.00044599 0)
(0.069738 -0.000454861 0)
(0.0696307 -0.000461506 0)
(0.0695211 -0.000466014 0)
(0.0694097 -0.000468508 0)
(0.0692968 -0.000469145 0)
(0.0691828 -0.000468119 0)
(0.0690684 -0.000465704 0)
(0.0689541 -0.000462175 0)
(0.0688406 -0.000458051 0)
(0.0687288 -0.000453213 0)
(0.0686191 -0.000452878 0)
(0.0685125 -0.000443306 0)
(0.14652 -0.00176416 0)
(0.14627 -0.00216629 0)
(0.145963 -0.00252857 0)
(0.145632 -0.00284009 0)
(0.1453 -0.00310496 0)
(0.144972 -0.0033308 0)
(0.144647 -0.0035245 0)
(0.144322 -0.0036916 0)
(0.14399 -0.00383657 0)
(0.14365 -0.00396312 0)
(0.143297 -0.00407448 0)
(0.142929 -0.0041735 0)
(0.142543 -0.00426271 0)
(0.142137 -0.00434439 0)
(0.141711 -0.00442058 0)
(0.141263 -0.0044931 0)
(0.140792 -0.00456357 0)
(0.140297 -0.00463344 0)
(0.139777 -0.00470402 0)
(0.139231 -0.00477644 0)
(0.138659 -0.00485174 0)
(0.138058 -0.00493083 0)
(0.137429 -0.00501451 0)
(0.13677 -0.00510347 0)
(0.13608 -0.00519831 0)
(0.135358 -0.00529954 0)
(0.134603 -0.00540755 0)
(0.133811 -0.00552264 0)
(0.132983 -0.00564499 0)
(0.132115 -0.00577465 0)
(0.131206 -0.00591155 0)
(0.130253 -0.00605546 0)
(0.129254 -0.00620597 0)
(0.128205 -0.00636249 0)
(0.127104 -0.00652425 0)
(0.125948 -0.00669022 0)
(0.124732 -0.00685915 0)
(0.123454 -0.00702954 0)
(0.12211 -0.00719962 0)
(0.120695 -0.00736736 0)
(0.119207 -0.00753043 0)
(0.11764 -0.00768629 0)
(0.115992 -0.00783213 0)
(0.114258 -0.00796493 0)
(0.112436 -0.00808152 0)
(0.110522 -0.00817864 0)
(0.108515 -0.00825299 0)
(0.106412 -0.00830131 0)
(0.104215 -0.00832054 0)
(0.101924 -0.00830784 0)
(0.099541 -0.00826077 0)
(0.0970706 -0.00817736 0)
(0.0945189 -0.00805626 0)
(0.0918939 -0.00789679 0)
(0.0892059 -0.0076991 0)
(0.0864673 -0.00746419 0)
(0.0836925 -0.00719398 0)
(0.080898 -0.0068913 0)
(0.0781016 -0.00655984 0)
(0.0753222 -0.00620407 0)
(0.0725794 -0.00582907 0)
(0.0698927 -0.00544032 0)
(0.0672809 -0.00504349 0)
(0.0647615 -0.00464411 0)
(0.0623499 -0.00424743 0)
(0.0600595 -0.0038581 0)
(0.0579007 -0.0034801 0)
(0.0558813 -0.00311656 0)
(0.0540061 -0.0027698 0)
(0.0522773 -0.00244131 0)
(0.0506948 -0.00213186 0)
(0.0492563 -0.00184161 0)
(0.0479578 -0.00157023 0)
(0.0467941 -0.00131702 0)
(0.0457591 -0.00108109 0)
(0.0448459 -0.000861382 0)
(0.0440474 -0.00065681 0)
(0.0433563 -0.000466291 0)
(0.0427654 -0.000288791 0)
(0.0422676 -0.000123346 0)
(0.0418561 3.09279e-05 0)
(0.0415244 0.000174829 0)
(0.0412665 0.000309074 0)
(0.0410764 0.000434306 0)
(0.0409487 0.000551098 0)
(0.0408785 0.000659961 0)
(0.0408608 0.000761353 0)
(0.0408913 0.000855687 0)
(0.0409658 0.000943332 0)
(0.0410804 0.00102462 0)
(0.0412316 0.00109987 0)
(0.041416 0.00116935 0)
(0.0416304 0.00123332 0)
(0.041872 0.00129202 0)
(0.0421381 0.00134568 0)
(0.042426 0.00139451 0)
(0.0427335 0.00143873 0)
(0.0430584 0.00147852 0)
(0.0433987 0.00151407 0)
(0.0437524 0.00154558 0)
(0.0441179 0.00157322 0)
(0.0444934 0.00159718 0)
(0.0448775 0.00161762 0)
(0.0452688 0.00163472 0)
(0.0456661 0.00164866 0)
(0.0460681 0.0016596 0)
(0.0464737 0.00166771 0)
(0.0468821 0.00167316 0)
(0.0472922 0.0016761 0)
(0.0477032 0.00167668 0)
(0.0481143 0.00167508 0)
(0.048525 0.00167142 0)
(0.0489345 0.00166586 0)
(0.0493423 0.00165853 0)
(0.0497479 0.00164957 0)
(0.0501508 0.0016391 0)
(0.0505507 0.00162724 0)
(0.0509471 0.0016141 0)
(0.0513397 0.00159978 0)
(0.0517283 0.00158439 0)
(0.0521125 0.001568 0)
(0.0524922 0.00155071 0)
(0.0528671 0.00153257 0)
(0.0532371 0.00151366 0)
(0.0536019 0.00149403 0)
(0.0539616 0.00147373 0)
(0.0543158 0.00145281 0)
(0.0546645 0.00143128 0)
(0.0550076 0.00140919 0)
(0.0553449 0.00138654 0)
(0.0556764 0.00136336 0)
(0.056002 0.00133966 0)
(0.0563216 0.00131543 0)
(0.056635 0.00129067 0)
(0.0569423 0.00126539 0)
(0.0572432 0.00123957 0)
(0.0575376 0.0012132 0)
(0.0578256 0.00118628 0)
(0.058107 0.00115878 0)
(0.0583816 0.00113069 0)
(0.0586493 0.001102 0)
(0.0589101 0.0010727 0)
(0.0591638 0.00104277 0)
(0.0594103 0.0010122 0)
(0.0596495 0.000980991 0)
(0.0598812 0.000949131 0)
(0.0601053 0.000916621 0)
(0.0603216 0.000883463 0)
(0.0605301 0.000849666 0)
(0.0607306 0.00081524 0)
(0.0609229 0.000780204 0)
(0.0611069 0.00074458 0)
(0.0612826 0.000708395 0)
(0.0614497 0.000671685 0)
(0.0616081 0.000634489 0)
(0.0617578 0.000596854 0)
(0.0618986 0.000558831 0)
(0.0620304 0.000520479 0)
(0.0621531 0.000481862 0)
(0.0622666 0.000443051 0)
(0.0623708 0.000404122 0)
(0.0624657 0.000365155 0)
(0.0625513 0.000326238 0)
(0.0626274 0.000287461 0)
(0.062694 0.000248921 0)
(0.0627513 0.000210718 0)
(0.062799 0.000172954 0)
(0.0628374 0.000135735 0)
(0.0628663 9.9171e-05 0)
(0.062886 6.33705e-05 0)
(0.0628964 2.84446e-05 0)
(0.0628977 -5.49618e-06 0)
(0.06289 -3.83421e-05 0)
(0.0628734 -6.99851e-05 0)
(0.0628482 -0.00010032 0)
(0.0628145 -0.000129246 0)
(0.0627726 -0.000156665 0)
(0.0627228 -0.000182488 0)
(0.0626652 -0.00020663 0)
(0.0626003 -0.000229017 0)
(0.0625284 -0.000249583 0)
(0.0624497 -0.000268272 0)
(0.0623648 -0.000285041 0)
(0.062274 -0.000299859 0)
(0.0621778 -0.000312713 0)
(0.0620766 -0.000323601 0)
(0.061971 -0.000332542 0)
(0.0618613 -0.000339574 0)
(0.0617481 -0.000344755 0)
(0.061632 -0.000348171 0)
(0.0615135 -0.000349934 0)
(0.0613931 -0.000350187 0)
(0.0612713 -0.000349131 0)
(0.0611488 -0.000346981 0)
(0.0610262 -0.000344115 0)
(0.060904 -0.000340806 0)
(0.0607829 -0.000338114 0)
(0.0606642 -0.00033479 0)
(0.060547 -0.000338168 0)
(0.0604263 -0.000342292 0)
(0.145998 -0.00152284 0)
(0.145629 -0.00186562 0)
(0.145181 -0.00218538 0)
(0.144672 -0.00246758 0)
(0.144114 -0.00270917 0)
(0.143515 -0.00291263 0)
(0.142878 -0.00308249 0)
(0.142205 -0.00322368 0)
(0.141495 -0.00334087 0)
(0.14075 -0.0034383 0)
(0.139971 -0.00351971 0)
(0.139157 -0.00358834 0)
(0.138311 -0.00364702 0)
(0.137432 -0.00369819 0)
(0.136521 -0.00374397 0)
(0.135579 -0.00378622 0)
(0.134607 -0.00382653 0)
(0.133603 -0.0038663 0)
(0.132569 -0.00390672 0)
(0.131504 -0.00394883 0)
(0.130407 -0.00399352 0)
(0.129277 -0.00404156 0)
(0.128114 -0.00409356 0)
(0.126917 -0.00415006 0)
(0.125684 -0.00421146 0)
(0.124413 -0.00427807 0)
(0.123103 -0.00435006 0)
(0.121751 -0.00442752 0)
(0.120355 -0.00451041 0)
(0.118913 -0.00459854 0)
(0.117423 -0.00469161 0)
(0.11588 -0.00478915 0)
(0.114282 -0.00489052 0)
(0.112626 -0.0049949 0)
(0.110909 -0.00510129 0)
(0.109126 -0.00520845 0)
(0.107276 -0.00531495 0)
(0.105355 -0.00541912 0)
(0.10336 -0.00551908 0)
(0.101287 -0.00561273 0)
(0.0991352 -0.00569775 0)
(0.0969019 -0.00577169 0)
(0.0945861 -0.00583192 0)
(0.0921875 -0.00587577 0)
(0.0897069 -0.00590055 0)
(0.0871462 -0.00590368 0)
(0.0845089 -0.00588275 0)
(0.0818004 -0.00583565 0)
(0.0790275 -0.00576073 0)
(0.0761996 -0.00565687 0)
(0.0733277 -0.00552363 0)
(0.0704252 -0.00536135 0)
(0.0675075 -0.0051712 0)
(0.0645917 -0.00495521 0)
(0.0616962 -0.0047163 0)
(0.0588404 -0.00445813 0)
(0.0560439 -0.004185 0)
(0.0533258 -0.00390164 0)
(0.050704 -0.00361293 0)
(0.0481948 -0.00332364 0)
(0.0458118 -0.00303816 0)
(0.0435659 -0.00276028 0)
(0.041465 -0.00249299 0)
(0.039514 -0.00223846 0)
(0.0377146 -0.00199804 0)
(0.0360663 -0.00177233 0)
(0.034566 -0.00156134 0)
(0.0332091 -0.00136462 0)
(0.0319895 -0.00118147 0)
(0.0309004 -0.00101097 0)
(0.0299343 -0.000852199 0)
(0.0290837 -0.000704207 0)
(0.0283411 -0.000566112 0)
(0.027699 -0.000437102 0)
(0.0271504 -0.000316439 0)
(0.0266886 -0.000203462 0)
(0.0263073 -9.75721e-05 0)
(0.0260007 1.76758e-06 0)
(0.0257633 9.50428e-05 0)
(0.0255898 0.000182691 0)
(0.0254757 0.000265107 0)
(0.0254163 0.000342642 0)
(0.0254077 0.000415609 0)
(0.025446 0.000484287 0)
(0.0255275 0.000548917 0)
(0.025649 0.000609713 0)
(0.0258074 0.000666859 0)
(0.0259997 0.000720515 0)
(0.0262232 0.000770821 0)
(0.0264753 0.000817898 0)
(0.0267538 0.000861854 0)
(0.0270562 0.000902783 0)
(0.0273806 0.000940773 0)
(0.0277248 0.000975903 0)
(0.0280872 0.00100825 0)
(0.0284658 0.00103789 0)
(0.0288591 0.00106488 0)
(0.0292655 0.00108931 0)
(0.0296835 0.00111125 0)
(0.0301118 0.00113077 0)
(0.030549 0.00114794 0)
(0.0309939 0.00116285 0)
(0.0314454 0.00117558 0)
(0.0319024 0.0011862 0)
(0.032364 0.00119481 0)
(0.032829 0.0012015 0)
(0.0332968 0.00120634 0)
(0.0337664 0.00120944 0)
(0.0342372 0.00121088 0)
(0.0347084 0.00121075 0)
(0.0351793 0.00120914 0)
(0.0356494 0.00120615 0)
(0.0361181 0.00120186 0)
(0.0365849 0.00119636 0)
(0.0370494 0.00118972 0)
(0.0375111 0.00118204 0)
(0.0379695 0.00117337 0)
(0.0384245 0.00116381 0)
(0.0388756 0.00115341 0)
(0.0393225 0.00114224 0)
(0.039765 0.00113036 0)
(0.0402029 0.00111782 0)
(0.0406358 0.00110467 0)
(0.0410636 0.00109095 0)
(0.0414862 0.0010767 0)
(0.0419032 0.00106195 0)
(0.0423146 0.00104673 0)
(0.0427202 0.00103107 0)
(0.0431198 0.00101497 0)
(0.0435134 0.000998457 0)
(0.0439007 0.000981537 0)
(0.0442816 0.000964215 0)
(0.044656 0.000946492 0)
(0.0450238 0.000928367 0)
(0.0453848 0.000909837 0)
(0.0457388 0.000890895 0)
(0.0460857 0.000871534 0)
(0.0464255 0.000851744 0)
(0.0467578 0.000831517 0)
(0.0470826 0.000810842 0)
(0.0473996 0.00078971 0)
(0.0477088 0.000768111 0)
(0.04801 0.00074604 0)
(0.0483029 0.000723488 0)
(0.0485875 0.000700454 0)
(0.0488634 0.000676935 0)
(0.0491306 0.000652934 0)
(0.0493888 0.000628455 0)
(0.0496379 0.000603507 0)
(0.0498776 0.000578102 0)
(0.0501078 0.000552258 0)
(0.0503283 0.000525996 0)
(0.050539 0.00049934 0)
(0.0507395 0.000472322 0)
(0.0509299 0.000444976 0)
(0.0511099 0.000417342 0)
(0.0512794 0.000389466 0)
(0.0514382 0.000361395 0)
(0.0515862 0.000333186 0)
(0.0517234 0.000304895 0)
(0.0518496 0.000276586 0)
(0.0519647 0.000248326 0)
(0.0520687 0.000220185 0)
(0.0521616 0.000192236 0)
(0.0522433 0.000164558 0)
(0.0523139 0.000137228 0)
(0.0523734 0.000110329 0)
(0.0524219 8.39427e-05 0)
(0.0524594 5.8153e-05 0)
(0.0524862 3.30436e-05 0)
(0.0525023 8.69773e-06 0)
(0.052508 -1.48027e-05 0)
(0.0525034 -3.73777e-05 0)
(0.0524889 -5.89501e-05 0)
(0.0524648 -7.94462e-05 0)
(0.0524312 -9.87971e-05 0)
(0.0523887 -0.000116939 0)
(0.0523376 -0.000133814 0)
(0.0522783 -0.000149371 0)
(0.0522113 -0.000163569 0)
(0.0521371 -0.000176372 0)
(0.0520562 -0.000187758 0)
(0.0519691 -0.00019771 0)
(0.0518763 -0.000206228 0)
(0.0517786 -0.000213322 0)
(0.0516764 -0.000219013 0)
(0.0515703 -0.00022334 0)
(0.0514611 -0.000226358 0)
(0.0513492 -0.000228138 0)
(0.0512354 -0.000228773 0)
(0.0511201 -0.000228386 0)
(0.051004 -0.000227124 0)
(0.0508877 -0.000225189 0)
(0.0507717 -0.000222813 0)
(0.0506565 -0.000220424 0)
(0.0505425 -0.000218051 0)
(0.0504301 -0.000217895 0)
(0.0503205 -0.000216437 0)
(0.0502136 -0.000222149 0)
(0.0500929 -0.000240629 0)
(0.126618 -0.00123396 0)
(0.126094 -0.00148731 0)
(0.125466 -0.00172354 0)
(0.124745 -0.00192963 0)
(0.123941 -0.00210102 0)
(0.123063 -0.00223878 0)
(0.122118 -0.0023468 0)
(0.121113 -0.00242993 0)
(0.120055 -0.00249294 0)
(0.118947 -0.0025401 0)
(0.117796 -0.002575 0)
(0.116605 -0.00260062 0)
(0.115378 -0.00261941 0)
(0.114118 -0.00263338 0)
(0.112829 -0.00264423 0)
(0.111511 -0.00265334 0)
(0.110166 -0.00266192 0)
(0.108796 -0.00267094 0)
(0.1074 -0.00268124 0)
(0.105979 -0.00269351 0)
(0.104532 -0.00270829 0)
(0.103058 -0.00272603 0)
(0.101557 -0.00274705 0)
(0.100027 -0.00277158 0)
(0.098466 -0.00279974 0)
(0.0968726 -0.00283155 0)
(0.0952445 -0.00286695 0)
(0.0935794 -0.00290575 0)
(0.091875 -0.00294767 0)
(0.0901285 -0.0029923 0)
(0.0883376 -0.00303911 0)
(0.0864995 -0.00308745 0)
(0.0846118 -0.00313652 0)
(0.082672 -0.00318536 0)
(0.080678 -0.00323289 0)
(0.078628 -0.00327786 0)
(0.0765207 -0.00331889 0)
(0.0743551 -0.00335445 0)
(0.0721313 -0.00338293 0)
(0.0698501 -0.00340263 0)
(0.0675132 -0.00341182 0)
(0.0651239 -0.00340881 0)
(0.0626863 -0.00339202 0)
(0.0602066 -0.00336007 0)
(0.057692 -0.00331186 0)
(0.0551519 -0.00324669 0)
(0.0525969 -0.00316436 0)
(0.0500395 -0.0030652 0)
(0.0474932 -0.00295016 0)
(0.0449728 -0.00282076 0)
(0.0424937 -0.00267908 0)
(0.0400714 -0.00252762 0)
(0.0377211 -0.0023692 0)
(0.0354569 -0.00220673 0)
(0.0332916 -0.00204309 0)
(0.0312357 -0.00188089 0)
(0.0292976 -0.0017224 0)
(0.0274829 -0.0015694 0)
(0.0257947 -0.00142318 0)
(0.0242338 -0.00128451 0)
(0.022799 -0.00115377 0)
(0.0214873 -0.00103097 0)
(0.0202944 -0.000915913 0)
(0.0192153 -0.000808249 0)
(0.0182443 -0.000707562 0)
(0.0173755 -0.000613427 0)
(0.0166028 -0.000525434 0)
(0.0159203 -0.000443201 0)
(0.0153221 -0.00036637 0)
(0.0148026 -0.000294598 0)
(0.0143566 -0.000227551 0)
(0.0139788 -0.000164895 0)
(0.0136647 -0.000106294 0)
(0.0134098 -5.14089e-05 0)
(0.0132099 9.12846e-08 0)
(0.0130613 4.85266e-05 0)
(0.0129605 9.4197e-05 0)
(0.0129041 0.000137376 0)
(0.0128892 0.000178305 0)
(0.012913 0.000217194 0)
(0.0129729 0.000254217 0)
(0.0130666 0.000289518 0)
(0.0131918 0.000323211 0)
(0.0133465 0.000355383 0)
(0.0135288 0.0003861 0)
(0.0137367 0.000415411 0)
(0.0139687 0.000443346 0)
(0.0142232 0.000469928 0)
(0.0144985 0.000495169 0)
(0.0147933 0.000519074 0)
(0.0151061 0.000541648 0)
(0.0154357 0.000562888 0)
(0.0157807 0.000582795 0)
(0.0161399 0.000601368 0)
(0.0165121 0.000618608 0)
(0.0168963 0.000634518 0)
(0.0172913 0.000649105 0)
(0.0176961 0.000662379 0)
(0.0181097 0.000674352 0)
(0.018531 0.000685041 0)
(0.0189592 0.000694469 0)
(0.0193934 0.000702659 0)
(0.0198328 0.00070964 0)
(0.0202764 0.000715446 0)
(0.0207236 0.000720111 0)
(0.0211736 0.000723675 0)
(0.0216257 0.000726179 0)
(0.0220792 0.000727668 0)
(0.0225335 0.000728186 0)
(0.0229881 0.000727782 0)
(0.0234424 0.000726502 0)
(0.0238958 0.000724396 0)
(0.0243478 0.000721512 0)
(0.0247981 0.000717899 0)
(0.0252462 0.000713603 0)
(0.0256917 0.000708671 0)
(0.0261342 0.000703147 0)
(0.0265735 0.000697075 0)
(0.0270091 0.000690493 0)
(0.0274408 0.00068344 0)
(0.0278684 0.000675951 0)
(0.0282916 0.000668059 0)
(0.0287101 0.000659793 0)
(0.0291238 0.000651178 0)
(0.0295324 0.000642238 0)
(0.0299358 0.000632993 0)
(0.0303337 0.000623459 0)
(0.0307261 0.000613651 0)
(0.0311127 0.000603579 0)
(0.0314934 0.000593252 0)
(0.031868 0.000582674 0)
(0.0322363 0.00057185 0)
(0.0325983 0.000560781 0)
(0.0329537 0.000549465 0)
(0.0333024 0.000537901 0)
(0.0336442 0.000526086 0)
(0.033979 0.000514014 0)
(0.0343067 0.000501682 0)
(0.0346269 0.000489083 0)
(0.0349396 0.000476213 0)
(0.0352446 0.000463067 0)
(0.0355416 0.00044964 0)
(0.0358306 0.00043593 0)
(0.0361112 0.000421935 0)
(0.0363834 0.000407653 0)
(0.0366469 0.000393088 0)
(0.0369016 0.000378243 0)
(0.0371471 0.000363123 0)
(0.0373834 0.000347738 0)
(0.0376103 0.000332098 0)
(0.0378275 0.000316218 0)
(0.0380348 0.000300115 0)
(0.0382322 0.000283808 0)
(0.0384194 0.000267322 0)
(0.0385964 0.000250682 0)
(0.0387628 0.000233918 0)
(0.0389187 0.000217063 0)
(0.0390639 0.00020015 0)
(0.0391983 0.000183219 0)
(0.0393219 0.00016631 0)
(0.0394345 0.000149466 0)
(0.0395363 0.000132732 0)
(0.0396271 0.000116156 0)
(0.0397071 9.97849e-05 0)
(0.0397762 8.36693e-05 0)
(0.0398345 6.78595e-05 0)
(0.0398823 5.24064e-05 0)
(0.0399195 3.73607e-05 0)
(0.0399465 2.27728e-05 0)
(0.0399634 8.69181e-06 0)
(0.0399705 -4.83442e-06 0)
(0.039968 -1.77602e-05 0)
(0.0399563 -3.00421e-05 0)
(0.0399357 -4.16402e-05 0)
(0.0399067 -5.25176e-05 0)
(0.0398696 -6.26418e-05 0)
(0.0398249 -7.19846e-05 0)
(0.0397731 -8.05229e-05 0)
(0.0397146 -8.82389e-05 0)
(0.03965 -9.51208e-05 0)
(0.0395798 -0.000101163 0)
(0.0395047 -0.000106366 0)
(0.0394251 -0.000110738 0)
(0.0393416 -0.000114294 0)
(0.0392549 -0.000117058 0)
(0.0391655 -0.000119061 0)
(0.039074 -0.000120344 0)
(0.0389809 -0.00012096 0)
(0.0388868 -0.000120971 0)
(0.0387923 -0.00012046 0)
(0.0386977 -0.000119519 0)
(0.0386036 -0.00011828 0)
(0.0385103 -0.000116912 0)
(0.0384182 -0.000115526 0)
(0.0383273 -0.000114874 0)
(0.0382383 -0.000113815 0)
(0.0381501 -0.000116948 0)
(0.0380635 -0.000117288 0)
(0.0379828 -0.000123459 0)
(0.0378745 -0.00015221 0)
(0.0882207 -0.000805 0)
(0.0875195 -0.000959694 0)
(0.0866989 -0.00108966 0)
(0.0857718 -0.00118728 0)
(0.0847556 -0.00125242 0)
(0.0836673 -0.00128977 0)
(0.0825222 -0.00130585 0)
(0.081333 -0.00130708 0)
(0.0801101 -0.00129872 0)
(0.0788617 -0.00128466 0)
(0.0775941 -0.00126764 0)
(0.0763121 -0.00124945 0)
(0.075019 -0.00123132 0)
(0.0737174 -0.00121406 0)
(0.0724089 -0.00119824 0)
(0.0710943 -0.00118426 0)
(0.069774 -0.0011724 0)
(0.0684478 -0.00116285 0)
(0.0671151 -0.00115572 0)
(0.065775 -0.00115105 0)
(0.0644261 -0.00114883 0)
(0.0630672 -0.00114898 0)
(0.0616964 -0.00115137 0)
(0.0603121 -0.00115585 0)
(0.0589123 -0.00116218 0)
(0.0574951 -0.00117011 0)
(0.0560586 -0.00117935 0)
(0.0546009 -0.00118954 0)
(0.0531204 -0.0012003 0)
(0.0516156 -0.00121118 0)
(0.050085 -0.00122169 0)
(0.048528 -0.00123132 0)
(0.0469438 -0.00123949 0)
(0.0453325 -0.00124561 0)
(0.0436946 -0.00124907 0)
(0.0420315 -0.00124924 0)
(0.040345 -0.00124552 0)
(0.0386381 -0.00123736 0)
(0.0369145 -0.00122428 0)
(0.0351788 -0.00120587 0)
(0.0334366 -0.00118188 0)
(0.0316945 -0.00115221 0)
(0.0299598 -0.00111696 0)
(0.0282403 -0.00107641 0)
(0.0265445 -0.00103107 0)
(0.024881 -0.000981627 0)
(0.0232584 -0.000928951 0)
(0.021685 -0.00087402 0)
(0.0201682 -0.000817864 0)
(0.0187149 -0.000761486 0)
(0.0173308 -0.000705785 0)
(0.0160206 -0.000651482 0)
(0.0147875 -0.000599073 0)
(0.0136337 -0.000548812 0)
(0.0125604 -0.000500726 0)
(0.0115674 -0.000454678 0)
(0.0106537 -0.000410457 0)
(0.00981765 -0.000367873 0)
(0.00905657 -0.000326841 0)
(0.00836745 -0.00028742 0)
(0.00774685 -0.000249806 0)
(0.00719107 -0.000214274 0)
(0.0066963 -0.0001811 0)
(0.0062587 -0.000150487 0)
(0.00587451 -0.000122515 0)
(0.0055401 -9.7127e-05 0)
(0.00525198 -7.41462e-05 0)
(0.00500691 -5.33111e-05 0)
(0.00480184 -3.43181e-05 0)
(0.00463394 -1.68602e-05 0)
(0.00450063 -6.54542e-07 0)
(0.00439953 1.45417e-05 0)
(0.00432849 2.89257e-05 0)
(0.00428555 4.26511e-05 0)
(0.00426894 5.58341e-05 0)
(0.00427706 6.85604e-05 0)
(0.00430848 8.08929e-05 0)
(0.0043619 9.2877e-05 0)
(0.00443614 0.000104545 0)
(0.00453011 0.000115921 0)
(0.00464284 0.000127018 0)
(0.0047734 0.000137845 0)
(0.00492095 0.000148405 0)
(0.00508468 0.000158695 0)
(0.00526383 0.000168708 0)
(0.00545764 0.000178434 0)
(0.00566541 0.000187858 0)
(0.00588645 0.000196965 0)
(0.00612005 0.000205735 0)
(0.00636555 0.000214152 0)
(0.00662227 0.000222194 0)
(0.00688955 0.000229843 0)
(0.00716671 0.000237081 0)
(0.00745311 0.00024389 0)
(0.00774808 0.000250256 0)
(0.00805097 0.000256166 0)
(0.00836114 0.000261608 0)
(0.00867793 0.000266574 0)
(0.00900073 0.000271059 0)
(0.00932891 0.00027506 0)
(0.00966184 0.000278577 0)
(0.00999895 0.000281612 0)
(0.0103396 0.000284171 0)
(0.0106833 0.00028626 0)
(0.0110295 0.000287891 0)
(0.0113775 0.000289075 0)
(0.011727 0.000289826 0)
(0.0120774 0.00029016 0)
(0.0124283 0.000290093 0)
(0.0127792 0.000289646 0)
(0.0131296 0.000288835 0)
(0.0134792 0.000287682 0)
(0.0138276 0.000286206 0)
(0.0141745 0.000284428 0)
(0.0145195 0.000282368 0)
(0.0148622 0.000280046 0)
(0.0152025 0.000277482 0)
(0.01554 0.000274694 0)
(0.0158745 0.0002717 0)
(0.0162058 0.000268517 0)
(0.0165336 0.000265162 0)
(0.0168577 0.000261647 0)
(0.017178 0.000257988 0)
(0.0174942 0.000254195 0)
(0.0178063 0.000250279 0)
(0.018114 0.000246249 0)
(0.0184173 0.000242113 0)
(0.0187159 0.000237878 0)
(0.0190098 0.000233548 0)
(0.0192988 0.000229127 0)
(0.0195828 0.000224619 0)
(0.0198616 0.000220024 0)
(0.0201352 0.000215345 0)
(0.0204034 0.000210581 0)
(0.0206661 0.000205731 0)
(0.0209232 0.000200794 0)
(0.0211745 0.000195769 0)
(0.0214199 0.000190655 0)
(0.0216592 0.000185449 0)
(0.0218925 0.00018015 0)
(0.0221194 0.000174757 0)
(0.0223398 0.000169269 0)
(0.0225537 0.000163685 0)
(0.0227609 0.000158005 0)
(0.0229611 0.000152231 0)
(0.0231544 0.000146364 0)
(0.0233405 0.000140407 0)
(0.0235192 0.000134364 0)
(0.0236906 0.000128239 0)
(0.0238543 0.000122039 0)
(0.0240104 0.000115772 0)
(0.0241587 0.000109445 0)
(0.024299 0.000103069 0)
(0.0244313 9.66552e-05 0)
(0.0245555 9.02148e-05 0)
(0.0246716 8.37616e-05 0)
(0.0247794 7.731e-05 0)
(0.024879 7.08754e-05 0)
(0.0249702 6.44739e-05 0)
(0.0250532 5.81226e-05 0)
(0.025128 5.18391e-05 0)
(0.0251945 4.56414e-05 0)
(0.0252528 3.95481e-05 0)
(0.0253031 3.35775e-05 0)
(0.0253455 2.77482e-05 0)
(0.02538 2.20786e-05 0)
(0.0254069 1.65865e-05 0)
(0.0254263 1.12892e-05 0)
(0.0254386 6.20328e-06 0)
(0.0254438 1.34424e-06 0)
(0.0254422 -3.27349e-06 0)
(0.0254343 -7.63682e-06 0)
(0.0254202 -1.17342e-05 0)
(0.0254003 -1.55556e-05 0)
(0.0253749 -1.90929e-05 0)
(0.0253445 -2.23398e-05 0)
(0.0253094 -2.5292e-05 0)
(0.0252699 -2.79475e-05 0)
(0.0252266 -3.03064e-05 0)
(0.0251798 -3.23709e-05 0)
(0.0251299 -3.41459e-05 0)
(0.0250773 -3.56386e-05 0)
(0.0250226 -3.68588e-05 0)
(0.024966 -3.7819e-05 0)
(0.0249079 -3.85346e-05 0)
(0.0248488 -3.90245e-05 0)
(0.0247891 -3.93113e-05 0)
(0.024729 -3.94222e-05 0)
(0.0246689 -3.93907e-05 0)
(0.0246091 -3.92563e-05 0)
(0.0245497 -3.90798e-05 0)
(0.0244911 -3.88948e-05 0)
(0.0244332 -3.8915e-05 0)
(0.0243762 -3.88892e-05 0)
(0.0243198 -4.00488e-05 0)
(0.0242638 -4.0122e-05 0)
(0.0242092 -4.46967e-05 0)
(0.0241479 -4.65759e-05 0)
(0.024103 -5.08241e-05 0)
(0.0240101 -8.14206e-05 0)
(0.032727 -0.000234496 0)
(0.0321274 -0.000257382 0)
(0.0314666 -0.000259656 0)
(0.0307711 -0.000245199 0)
(0.0300618 -0.000221041 0)
(0.029352 -0.000194183 0)
(0.0286488 -0.000169561 0)
(0.0279553 -0.000149581 0)
(0.0272723 -0.000134668 0)
(0.0266 -0.000124135 0)
(0.0259383 -0.000116906 0)
(0.0252868 -0.000111963 0)
(0.024645 -0.000108531 0)
(0.0240121 -0.000106097 0)
(0.0233874 -0.000104351 0)
(0.0227698 -0.000103117 0)
(0.0221582 -0.000102291 0)
(0.0215513 -0.0001018 0)
(0.020948 -0.000101583 0)
(0.0203469 -0.000101579 0)
(0.0197469 -0.000101726 0)
(0.0191468 -0.000101959 0)
(0.0185455 -0.000102213 0)
(0.0179421 -0.000102421 0)
(0.0173357 -0.000102517 0)
(0.0167257 -0.000102433 0)
(0.0161116 -0.000102107 0)
(0.015493 -0.000101474 0)
(0.0148698 -0.000100476 0)
(0.0142422 -9.90634e-05 0)
(0.0136104 -9.7194e-05 0)
(0.0129752 -9.48406e-05 0)
(0.0123373 -9.19934e-05 0)
(0.0116979 -8.86639e-05 0)
(0.0110584 -8.48879e-05 0)
(0.0104205 -8.07271e-05 0)
(0.00978592 -7.62689e-05 0)
(0.00915687 -7.16228e-05 0)
(0.00853559 -6.69132e-05 0)
(0.00792445 -6.22685e-05 0)
(0.00732593 -5.78062e-05 0)
(0.0067425 -5.36162e-05 0)
(0.00617663 -4.97434e-05 0)
(0.00563068 -4.61757e-05 0)
(0.00510688 -4.2838e-05 0)
(0.00460725 -3.95995e-05 0)
(0.00413354 -3.62929e-05 0)
(0.00368716 -3.27453e-05 0)
(0.00326918 -2.88156e-05 0)
(0.00288023 -2.44296e-05 0)
(0.00252052 -1.96047e-05 0)
(0.00218981 -1.44562e-05 0)
(0.00188749 -9.18364e-06 0)
(0.00161262 -4.03885e-06 0)
(0.00136403 7.16694e-07 0)
(0.00114041 4.85539e-06 0)
(0.000940415 8.21812e-06 0)
(0.000762702 1.07332e-05 0)
(0.000605981 1.24179e-05 0)
(0.000468993 1.3364e-05 0)
(0.000350489 1.37152e-05 0)
(0.000249208 1.36397e-05 0)
(0.000163871 1.33058e-05 0)
(9.31932e-05 1.28622e-05 0)
(3.59181e-05 1.2426e-05 0)
(-9.14549e-06 1.20771e-05 0)
(-4.30879e-05 1.18591e-05 0)
(-6.68751e-05 1.17847e-05 0)
(-8.13395e-05 1.1844e-05 0)
(-8.7184e-05 1.20133e-05 0)
(-8.49941e-05 1.22637e-05 0)
(-7.52547e-05 1.25675e-05 0)
(-5.83681e-05 1.29024e-05 0)
(-3.46695e-05 1.32536e-05 0)
(-4.44027e-06 1.36137e-05 0)
(3.20816e-05 1.39819e-05 0)
(7.46936e-05 1.43615e-05 0)
(0.000123221 1.47583e-05 0)
(0.000177514 1.51785e-05 0)
(0.000237437 1.56279e-05 0)
(0.00030287 1.61103e-05 0)
(0.0003737 1.66277e-05 0)
(0.000449817 1.71798e-05 0)
(0.000531113 1.77646e-05 0)
(0.000617474 1.83781e-05 0)
(0.000708782 1.90153e-05 0)
(0.00080491 1.96702e-05 0)
(0.000905718 2.03363e-05 0)
(0.00101106 2.10068e-05 0)
(0.00112077 2.16749e-05 0)
(0.00123467 2.23339e-05 0)
(0.00135258 2.29774e-05 0)
(0.00147431 2.35995e-05 0)
(0.00159962 2.41945e-05 0)
(0.00172832 2.47576e-05 0)
(0.00186016 2.52843e-05 0)
(0.00199492 2.57708e-05 0)
(0.00213234 2.62136e-05 0)
(0.00227218 2.66102e-05 0)
(0.00241418 2.69585e-05 0)
(0.0025581 2.72568e-05 0)
(0.00270368 2.75043e-05 0)
(0.00285066 2.77004e-05 0)
(0.00299881 2.78451e-05 0)
(0.00314788 2.7939e-05 0)
(0.00329762 2.7983e-05 0)
(0.00344781 2.79785e-05 0)
(0.00359822 2.7927e-05 0)
(0.00374864 2.78305e-05 0)
(0.00389887 2.76913e-05 0)
(0.0040487 2.75118e-05 0)
(0.00419795 2.72945e-05 0)
(0.00434646 2.70423e-05 0)
(0.00449404 2.67577e-05 0)
(0.00464057 2.64437e-05 0)
(0.00478588 2.61031e-05 0)
(0.00492986 2.57385e-05 0)
(0.00507238 2.53528e-05 0)
(0.00521334 2.49484e-05 0)
(0.00535262 2.45279e-05 0)
(0.00549014 2.40934e-05 0)
(0.00562583 2.36472e-05 0)
(0.00575959 2.31913e-05 0)
(0.00589136 2.27273e-05 0)
(0.00602108 2.2257e-05 0)
(0.00614869 2.17816e-05 0)
(0.00627414 2.13023e-05 0)
(0.00639738 2.08202e-05 0)
(0.00651835 2.03362e-05 0)
(0.00663703 1.98507e-05 0)
(0.00675335 1.93644e-05 0)
(0.0068673 1.88776e-05 0)
(0.00697881 1.83906e-05 0)
(0.00708786 1.79033e-05 0)
(0.00719441 1.74159e-05 0)
(0.00729841 1.69283e-05 0)
(0.00739981 1.64403e-05 0)
(0.00749859 1.59519e-05 0)
(0.0075947 1.54628e-05 0)
(0.00768809 1.49728e-05 0)
(0.00777871 1.44818e-05 0)
(0.00786653 1.39897e-05 0)
(0.0079515 1.34962e-05 0)
(0.00803357 1.30015e-05 0)
(0.00811269 1.25056e-05 0)
(0.00818883 1.20085e-05 0)
(0.00826193 1.15104e-05 0)
(0.00833196 1.10117e-05 0)
(0.00839887 1.05127e-05 0)
(0.00846263 1.00138e-05 0)
(0.00852321 9.51574e-06 0)
(0.00858057 9.01904e-06 0)
(0.0086347 8.52447e-06 0)
(0.00868556 8.03284e-06 0)
(0.00873316 7.54504e-06 0)
(0.00877748 7.062e-06 0)
(0.00881852 6.58469e-06 0)
(0.00885629 6.11413e-06 0)
(0.00889081 5.65133e-06 0)
(0.0089221 5.19731e-06 0)
(0.00895019 4.75309e-06 0)
(0.00897513 4.31964e-06 0)
(0.00899697 3.89791e-06 0)
(0.00901576 3.48877e-06 0)
(0.00903158 3.09303e-06 0)
(0.0090445 2.71143e-06 0)
(0.00905462 2.34461e-06 0)
(0.00906202 1.9931e-06 0)
(0.00906681 1.65735e-06 0)
(0.00906911 1.33767e-06 0)
(0.00906902 1.03428e-06 0)
(0.00906669 7.4727e-07 0)
(0.00906223 4.7661e-07 0)
(0.00905579 2.22154e-07 0)
(0.00904749 -1.63605e-08 0)
(0.0090375 -2.39318e-07 0)
(0.00902595 -4.47219e-07 0)
(0.00901299 -6.40684e-07 0)
(0.00899877 -8.20455e-07 0)
(0.00898342 -9.87399e-07 0)
(0.00896711 -1.14252e-06 0)
(0.00894995 -1.28698e-06 0)
(0.0089321 -1.42211e-06 0)
(0.00891368 -1.54947e-06 0)
(0.00889481 -1.67088e-06 0)
(0.0088756 -1.78854e-06 0)
(0.00885616 -1.90523e-06 0)
(0.00883657 -2.02419e-06 0)
(0.00881691 -2.15075e-06 0)
(0.00879721 -2.28864e-06 0)
(0.00877752 -2.45427e-06 0)
(0.0087578 -2.63782e-06 0)
(0.00873808 -2.92062e-06 0)
(0.00871794 -3.17246e-06 0)
(0.00869811 -3.81315e-06 0)
(0.00867541 -4.15463e-06 0)
(0.00865688 -5.60727e-06 0)
(0.00862285 -7.12486e-06 0)
(0.00861301 -7.6013e-06 0)
(0.00854559 -2.21617e-05 0)
)
;

boundaryField
{
    inlet
    {
        type            fixedProfile;
        profile         table
        
21
(
(0 (0 0 0))
(0.05 (0.0285 0 0))
(0.1 (0.054 0 0))
(0.15 (0.0765 0 0))
(0.2 (0.096 0 0))
(0.25 (0.1125 0 0))
(0.3 (0.126 0 0))
(0.35 (0.1365 0 0))
(0.4 (0.144 0 0))
(0.45 (0.1485 0 0))
(0.5 (0.15 0 0))
(0.55 (0.1485 0 0))
(0.6 (0.144 0 0))
(0.65 (0.1365 0 0))
(0.7 (0.126 0 0))
(0.75 (0.1125 0 0))
(0.8 (0.096 0 0))
(0.85 (0.0765 0 0))
(0.9 (0.054 0 0))
(0.95 (0.0285 0 0))
(1 (0 0 0))
)
;
        direction       (0 1 0);
        origin          1;
        value           nonuniform List<vector> 8((0.034875 0 0) (0.091125 0 0) (0.128625 0 0) (0.147375 0 0) (0.147375 0 0) (0.128625 0 0) (0.091125 0 0) (0.034875 0 0));
    }
    outlet
    {
        type            zeroGradient;
    }
    walls
    {
        type            noSlip;
    }
    symwall
    {
        type            empty;
    }
}


// ************************************************************************* //
