/*--------------------------------*- C++ -*----------------------------------*\
| =========                 |                                                 |
| \\      /  F ield         | OpenFOAM: The Open Source CFD Toolbox           |
|  \\    /   O peration     | Version:  4.1                                   |
|   \\  /    A nd           | Web:      www.OpenFOAM.org                      |
|    \\/     M anipulation  |                                                 |
\*---------------------------------------------------------------------------*/
FoamFile
{
    version     2.0;
    format      ascii;
    class       volVectorField;
    location    "357";
    object      U;
}
// * * * * * * * * * * * * * * * * * * * * * * * * * * * * * * * * * * * * * //

dimensions      [0 1 -1 0 0 0 0];

internalField   nonuniform List<vector> 
3264
(
(-2.63129e-06 -4.4621e-07 0)
(-0.000132848 3.05467e-05 0)
(-0.000389091 4.86178e-05 0)
(-0.000676108 5.09095e-05 0)
(-0.000977991 5.25905e-05 0)
(-0.00128422 5.19342e-05 0)
(-0.00158949 5.31699e-05 0)
(-0.00189531 5.37462e-05 0)
(-0.00219722 5.47905e-05 0)
(-0.00249617 5.53722e-05 0)
(-0.00278987 5.59168e-05 0)
(-0.0030789 5.62014e-05 0)
(-0.00336269 5.64178e-05 0)
(-0.00364192 5.65659e-05 0)
(-0.00391698 5.67654e-05 0)
(-0.00418883 5.70833e-05 0)
(-0.0044584 5.76192e-05 0)
(-0.00472688 5.84579e-05 0)
(-0.00499547 5.96898e-05 0)
(-0.00526545 6.13953e-05 0)
(-0.00553801 6.36466e-05 0)
(-0.00581422 6.64983e-05 0)
(-0.00609494 6.99822e-05 0)
(-0.00638071 7.40988e-05 0)
(-0.00667163 7.8809e-05 0)
(-0.00696729 8.4027e-05 0)
(-0.00726667 8.96142e-05 0)
(-0.00756805 9.53763e-05 0)
(-0.00786896 0.000101065 0)
(-0.00816618 0.000106381 0)
(-0.0084557 0.000110991 0)
(-0.00873282 0.000114537 0)
(-0.00899219 0.000116657 0)
(-0.00922796 0.000117009 0)
(-0.00943392 0.000115286 0)
(-0.00960368 0.000111239 0)
(-0.00973082 0.00010469 0)
(-0.00980912 9.5541e-05 0)
(-0.00983274 8.37802e-05 0)
(-0.00979635 6.94828e-05 0)
(-0.00969533 5.28063e-05 0)
(-0.00952587 3.39838e-05 0)
(-0.00928505 1.33146e-05 0)
(-0.00897098 -8.84629e-06 0)
(-0.0085828 -3.20999e-05 0)
(-0.00812072 -5.60145e-05 0)
(-0.00758604 -8.01374e-05 0)
(-0.00698113 -0.000104006 0)
(-0.00630941 -0.000127157 0)
(-0.0055753 -0.000149139 0)
(-0.00478416 -0.000169519 0)
(-0.00394224 -0.000187894 0)
(-0.00305654 -0.0002039 0)
(-0.00213481 -0.000217217 0)
(-0.00118533 -0.00022758 0)
(-0.000216889 -0.000234788 0)
(0.000761422 -0.000238707 0)
(0.00174031 -0.000239275 0)
(0.00271043 -0.000236511 0)
(0.00366258 -0.00023051 0)
(0.00458782 -0.000221447 0)
(0.00547765 -0.000209572 0)
(0.00632415 -0.0001952 0)
(0.00712016 -0.00017871 0)
(0.00785934 -0.000160524 0)
(0.00853637 -0.000141099 0)
(0.00914693 -0.00012091 0)
(0.00968783 -0.000100433 0)
(0.010157 -8.01285e-05 0)
(0.0105536 -6.04262e-05 0)
(0.0108777 -4.17122e-05 0)
(0.0111304 -2.43173e-05 0)
(0.0113141 -8.50826e-06 0)
(0.0114316 5.51655e-06 0)
(0.0114867 1.76293e-05 0)
(0.0114836 2.7771e-05 0)
(0.0114273 3.59479e-05 0)
(0.0113226 4.22244e-05 0)
(0.0111751 4.67159e-05 0)
(0.0109901 4.95787e-05 0)
(0.010773 5.10009e-05 0)
(0.0105292 5.1192e-05 0)
(0.0102638 5.03728e-05 0)
(0.00998163 4.87651e-05 0)
(0.00968738 4.65824e-05 0)
(0.00938532 4.40201e-05 0)
(0.00907939 4.12476e-05 0)
(0.00877315 3.84011e-05 0)
(0.0084698 3.55797e-05 0)
(0.00817217 3.2844e-05 0)
(0.00788268 3.02196e-05 0)
(0.00760342 2.77034e-05 0)
(0.00733609 2.52746e-05 0)
(0.00708204 2.29055e-05 0)
(0.00684228 2.05732e-05 0)
(0.0066175 1.8268e-05 0)
(0.0064081 1.59971e-05 0)
(0.00621422 1.37846e-05 0)
(0.00603578 1.16666e-05 0)
(0.00587253 9.6843e-06 0)
(0.00572408 7.87636e-06 0)
(0.00558995 6.27243e-06 0)
(0.00546956 4.8887e-06 0)
(0.00536228 3.72628e-06 0)
(0.00526745 2.77212e-06 0)
(0.00518438 2.00224e-06 0)
(0.00511236 1.38609e-06 0)
(0.00505072 8.91387e-07 0)
(0.00499879 4.88187e-07 0)
(0.00495594 1.5172e-07 0)
(0.00492158 -1.36463e-07 0)
(0.0048952 -3.88887e-07 0)
(0.00487632 -6.13674e-07 0)
(0.00486454 -8.16665e-07 0)
(0.00485953 -1.0036e-06 0)
(0.00486103 -1.18195e-06 0)
(0.00486888 -1.36217e-06 0)
(0.004883 -1.55832e-06 0)
(0.00490337 -1.78805e-06 0)
(0.00493009 -2.07202e-06 0)
(0.00496332 -2.43302e-06 0)
(0.0050033 -2.8947e-06 0)
(0.00505033 -3.48019e-06 0)
(0.00510476 -4.21063e-06 0)
(0.00516696 -5.10375e-06 0)
(0.00523732 -6.17249e-06 0)
(0.00531622 -7.42383e-06 0)
(0.00540399 -8.85783e-06 0)
(0.00550091 -1.04669e-05 0)
(0.00560715 -1.22357e-05 0)
(0.0057228 -1.41407e-05 0)
(0.0058478 -1.61508e-05 0)
(0.00598191 -1.82283e-05 0)
(0.00612478 -2.03296e-05 0)
(0.00627583 -2.24066e-05 0)
(0.00643433 -2.44087e-05 0)
(0.00659935 -2.62841e-05 0)
(0.00676978 -2.79825e-05 0)
(0.00694436 -2.94561e-05 0)
(0.00712168 -3.06623e-05 0)
(0.00730022 -3.15652e-05 0)
(0.00747834 -3.21368e-05 0)
(0.00765438 -3.23582e-05 0)
(0.00782664 -3.22206e-05 0)
(0.00799346 -3.17251e-05 0)
(0.00815323 -3.08827e-05 0)
(0.00830446 -2.97134e-05 0)
(0.0084458 -2.82452e-05 0)
(0.00857611 -2.65126e-05 0)
(0.00869443 -2.45551e-05 0)
(0.00880006 -2.24157e-05 0)
(0.00889254 -2.01391e-05 0)
(0.00897169 -1.77704e-05 0)
(0.00903756 -1.53541e-05 0)
(0.00909049 -1.29328e-05 0)
(0.00913101 -1.05471e-05 0)
(0.00915987 -8.23464e-06 0)
(0.00917801 -6.02979e-06 0)
(0.00918649 -3.96356e-06 0)
(0.0091865 -2.06324e-06 0)
(0.0091793 -3.52306e-07 0)
(0.00916618 1.14974e-06 0)
(0.00914846 2.42744e-06 0)
(0.00912745 3.46947e-06 0)
(0.00910439 4.26867e-06 0)
(0.0090805 4.82206e-06 0)
(0.00905689 5.13095e-06 0)
(0.00903459 5.20094e-06 0)
(0.0090145 5.04199e-06 0)
(0.00899743 4.66837e-06 0)
(0.00898404 4.0986e-06 0)
(0.00897487 3.35518e-06 0)
(0.00897029 2.46427e-06 0)
(0.00897057 1.45508e-06 0)
(0.00897581 3.5919e-07 0)
(0.00898598 -7.90323e-07 0)
(0.00900092 -1.95987e-06 0)
(0.00902037 -3.11637e-06 0)
(0.00904395 -4.22831e-06 0)
(0.00907117 -5.26675e-06 0)
(0.0091015 -6.20616e-06 0)
(0.00913434 -7.02523e-06 0)
(0.00916905 -7.70739e-06 0)
(0.00920498 -8.24117e-06 0)
(0.0092415 -8.62034e-06 0)
(0.00927797 -8.84387e-06 0)
(0.00931381 -8.91562e-06 0)
(0.0093485 -8.844e-06 0)
(0.00938158 -8.6413e-06 0)
(0.00941265 -8.32323e-06 0)
(0.00944142 -7.90735e-06 0)
(0.00946766 -7.41521e-06 0)
(0.00949124 -6.86168e-06 0)
(0.00951209 -6.28157e-06 0)
(0.00953028 -5.65578e-06 0)
(0.00954579 -5.07307e-06 0)
(0.00955899 -4.39373e-06 0)
(0.00956961 -3.80332e-06 0)
(0.00957815 -2.94923e-06 0)
(0.00958535 -2.18509e-06 0)
(-8.33746e-05 0.000135959 0)
(-0.000582891 0.000378488 0)
(-0.00131146 0.000517714 0)
(-0.00208686 0.000562208 0)
(-0.00286831 0.000583802 0)
(-0.00363931 0.000586292 0)
(-0.00438678 0.000587235 0)
(-0.005114 0.000581848 0)
(-0.00581425 0.000574651 0)
(-0.00649029 0.00056477 0)
(-0.00714012 0.000554161 0)
(-0.00776602 0.000543195 0)
(-0.00836857 0.0005328 0)
(-0.00894995 0.000523425 0)
(-0.00951179 0.000515558 0)
(-0.0100562 0.000509516 0)
(-0.0105849 0.000505543 0)
(-0.0110997 0.000503764 0)
(-0.0116019 0.000504192 0)
(-0.0120926 0.000506697 0)
(-0.012572 0.000510999 0)
(-0.0130399 0.000516649 0)
(-0.0134953 0.000523019 0)
(-0.0139361 0.000529303 0)
(-0.0143593 0.000534523 0)
(-0.014761 0.000537554 0)
(-0.0151361 0.000537154 0)
(-0.0154789 0.00053201 0)
(-0.0157826 0.000520794 0)
(-0.0160396 0.000502223 0)
(-0.0162422 0.000475123 0)
(-0.0163821 0.000438489 0)
(-0.0164509 0.000391537 0)
(-0.0164407 0.000333747 0)
(-0.0163437 0.000264889 0)
(-0.0161526 0.000185041 0)
(-0.0158612 9.45778e-05 0)
(-0.015464 -5.83206e-06 0)
(-0.0149565 -0.000115258 0)
(-0.0143355 -0.000232534 0)
(-0.0135989 -0.000356299 0)
(-0.0127457 -0.000485028 0)
(-0.0117765 -0.000617077 0)
(-0.0106927 -0.000750711 0)
(-0.00949735 -0.000884144 0)
(-0.00819444 -0.00101556 0)
(-0.00678923 -0.00114317 0)
(-0.00528807 -0.00126518 0)
(-0.00369839 -0.00137989 0)
(-0.0020286 -0.00148566 0)
(-0.000288037 -0.00158094 0)
(0.00151311 -0.00166434 0)
(0.0033639 -0.00173457 0)
(0.00525274 -0.00179053 0)
(0.0071675 -0.00183132 0)
(0.00909562 -0.00185623 0)
(0.0110242 -0.00186479 0)
(0.0129404 -0.00185676 0)
(0.014831 -0.00183219 0)
(0.0166833 -0.00179138 0)
(0.0184848 -0.0017349 0)
(0.0202235 -0.0016636 0)
(0.0218879 -0.00157857 0)
(0.0234676 -0.00148115 0)
(0.024953 -0.00137288 0)
(0.0263354 -0.00125546 0)
(0.0276076 -0.00113073 0)
(0.0287634 -0.0010006 0)
(0.0297979 -0.000867028 0)
(0.0307076 -0.000731942 0)
(0.0314903 -0.000597217 0)
(0.0321449 -0.000464624 0)
(0.0326718 -0.000335795 0)
(0.0330724 -0.000212195 0)
(0.0333491 -9.50994e-05 0)
(0.0335056 1.44158e-05 0)
(0.0335461 0.000115484 0)
(0.0334759 0.000207444 0)
(0.0333009 0.000289833 0)
(0.0330277 0.000362377 0)
(0.0326634 0.000424971 0)
(0.0322154 0.000477666 0)
(0.0316918 0.000520651 0)
(0.0311008 0.000554232 0)
(0.0304509 0.000578821 0)
(0.0297508 0.000594921 0)
(0.0290093 0.00060311 0)
(0.0282353 0.000604038 0)
(0.0274376 0.00059841 0)
(0.0266249 0.000586979 0)
(0.0258055 0.000570535 0)
(0.0249874 0.000549889 0)
(0.0241782 0.000525855 0)
(0.0233846 0.000499227 0)
(0.022613 0.000470751 0)
(0.0218688 0.000441106 0)
(0.0211564 0.000410874 0)
(0.0204796 0.000380535 0)
(0.0198413 0.000350459 0)
(0.0192437 0.000320923 0)
(0.0186879 0.000292127 0)
(0.0181747 0.000264219 0)
(0.0177041 0.000237313 0)
(0.0172756 0.000211505 0)
(0.0168884 0.000186872 0)
(0.0165414 0.000163474 0)
(0.0162331 0.000141349 0)
(0.0159619 0.000120507 0)
(0.0157263 0.000100925 0)
(0.0155245 8.25549e-05 0)
(0.0153549 6.53164e-05 0)
(0.0152159 4.91064e-05 0)
(0.015106 3.38008e-05 0)
(0.0150238 1.92592e-05 0)
(0.0149681 5.32851e-06 0)
(0.0149378 -8.15273e-06 0)
(0.0149321 -2.13505e-05 0)
(0.0149501 -3.44313e-05 0)
(0.0149914 -4.75573e-05 0)
(0.0150555 -6.08817e-05 0)
(0.0151423 -7.45434e-05 0)
(0.0152516 -8.86611e-05 0)
(0.0153835 -0.000103328 0)
(0.015538 -0.000118605 0)
(0.0157152 -0.000134519 0)
(0.0159152 -0.000151055 0)
(0.0161379 -0.000168154 0)
(0.0163834 -0.000185713 0)
(0.0166513 -0.000203585 0)
(0.0169413 -0.000221578 0)
(0.0172527 -0.000239461 0)
(0.0175846 -0.000256966 0)
(0.017936 -0.000273799 0)
(0.0183053 -0.00028964 0)
(0.0186908 -0.000304159 0)
(0.0190905 -0.000317021 0)
(0.019502 -0.000327898 0)
(0.0199227 -0.00033648 0)
(0.0203496 -0.000342487 0)
(0.0207796 -0.000345677 0)
(0.0212094 -0.000345858 0)
(0.0216355 -0.000342897 0)
(0.0220544 -0.000336732 0)
(0.0224624 -0.00032737 0)
(0.022856 -0.000314901 0)
(0.0232318 -0.00029949 0)
(0.0235865 -0.000281384 0)
(0.0239173 -0.000260901 0)
(0.0242214 -0.000238425 0)
(0.0244968 -0.000214392 0)
(0.0247418 -0.00018928 0)
(0.0249553 -0.000163589 0)
(0.0251366 -0.000137825 0)
(0.025286 -0.000112483 0)
(0.0254039 -8.8029e-05 0)
(0.0254917 -6.48874e-05 0)
(0.0255512 -4.34277e-05 0)
(0.0255846 -2.39571e-05 0)
(0.0255945 -6.71531e-06 0)
(0.0255841 8.12646e-06 0)
(0.0255564 2.04638e-05 0)
(0.0255149 3.02551e-05 0)
(0.025463 3.75161e-05 0)
(0.0254039 4.23136e-05 0)
(0.0253409 4.47586e-05 0)
(0.0252771 4.49999e-05 0)
(0.0252151 4.32186e-05 0)
(0.0251574 3.96222e-05 0)
(0.0251062 3.44393e-05 0)
(0.0250632 2.79157e-05 0)
(0.0250299 2.0309e-05 0)
(0.0250071 1.18844e-05 0)
(0.0249957 2.90971e-06 0)
(0.024996 -6.34936e-06 0)
(0.0250078 -1.56345e-05 0)
(0.025031 -2.47002e-05 0)
(0.0250648 -3.33183e-05 0)
(0.0251086 -4.12839e-05 0)
(0.0251611 -4.84191e-05 0)
(0.0252212 -5.45769e-05 0)
(0.0252875 -5.96448e-05 0)
(0.0253586 -6.35459e-05 0)
(0.0254331 -6.62401e-05 0)
(0.0255095 -6.77238e-05 0)
(0.0255863 -6.80281e-05 0)
(0.0256622 -6.72159e-05 0)
(0.025736 -6.53788e-05 0)
(0.0258066 -6.26319e-05 0)
(0.025873 -5.91097e-05 0)
(0.0259345 -5.49598e-05 0)
(0.0259905 -5.03383e-05 0)
(0.0260406 -4.54048e-05 0)
(0.0260846 -4.03091e-05 0)
(0.0261225 -3.52241e-05 0)
(0.0261544 -3.02099e-05 0)
(0.0261807 -2.55626e-05 0)
(0.0262017 -2.10027e-05 0)
(0.026218 -1.70836e-05 0)
(0.0262298 -1.31793e-05 0)
(0.02624 -9.35656e-06 0)
(-0.000179169 0.00064523 0)
(-0.00104438 0.00125423 0)
(-0.0021707 0.0015339 0)
(-0.00331052 0.00157678 0)
(-0.00440276 0.00157411 0)
(-0.00543713 0.00153357 0)
(-0.00639811 0.00149338 0)
(-0.00729702 0.00144529 0)
(-0.00813075 0.00139737 0)
(-0.00890774 0.00134821 0)
(-0.00962971 0.00130058 0)
(-0.0103021 0.00125494 0)
(-0.0109278 0.00121234 0)
(-0.0115103 0.00117319 0)
(-0.0120521 0.00113781 0)
(-0.0125555 0.00110626 0)
(-0.0130218 0.00107836 0)
(-0.0134521 0.00105372 0)
(-0.0138466 0.00103171 0)
(-0.0142048 0.00101142 0)
(-0.0145255 0.0009917 0)
(-0.0148065 0.000971146 0)
(-0.0150451 0.00094812 0)
(-0.0152374 0.0009208 0)
(-0.0153791 0.000887223 0)
(-0.015465 0.000845363 0)
(-0.0154894 0.000793204 0)
(-0.0154463 0.000728831 0)
(-0.0153292 0.000650507 0)
(-0.0151318 0.000556761 0)
(-0.0148477 0.000446449 0)
(-0.0144707 0.00031881 0)
(-0.0139953 0.000173503 0)
(-0.0134164 1.06221e-05 0)
(-0.0127296 -0.000169305 0)
(-0.0119312 -0.000365331 0)
(-0.0110187 -0.00057612 0)
(-0.00999027 -0.000799987 0)
(-0.00884502 -0.00103494 0)
(-0.00758315 -0.00127873 0)
(-0.00620585 -0.0015289 0)
(-0.00471526 -0.00178282 0)
(-0.00311452 -0.00203777 0)
(-0.00140775 -0.00229092 0)
(0.000399998 -0.00253941 0)
(0.00230272 -0.00278038 0)
(0.00429353 -0.003011 0)
(0.00636466 -0.00322849 0)
(0.00850753 -0.00343017 0)
(0.0107127 -0.00361349 0)
(0.0129702 -0.00377604 0)
(0.0152692 -0.0039156 0)
(0.0175983 -0.00403017 0)
(0.0199456 -0.00411801 0)
(0.022299 -0.00417769 0)
(0.0246458 -0.00420807 0)
(0.0269733 -0.00420841 0)
(0.0292687 -0.00417836 0)
(0.0315195 -0.00411797 0)
(0.0337133 -0.00402776 0)
(0.0358382 -0.00390867 0)
(0.0378829 -0.00376209 0)
(0.0398368 -0.00358982 0)
(0.0416902 -0.00339405 0)
(0.0434346 -0.00317731 0)
(0.0450622 -0.0029424 0)
(0.0465667 -0.00269233 0)
(0.0479428 -0.00243026 0)
(0.0491863 -0.00215938 0)
(0.0502943 -0.00188291 0)
(0.051265 -0.00160393 0)
(0.0520976 -0.00132543 0)
(0.0527921 -0.00105017 0)
(0.0533497 -0.000780686 0)
(0.0537721 -0.000519265 0)
(0.0540617 -0.000267909 0)
(0.0542216 -2.83498e-05 0)
(0.0542553 0.000197951 0)
(0.054167 0.000409784 0)
(0.0539609 0.000606173 0)
(0.0536419 0.000786352 0)
(0.0532151 0.000949734 0)
(0.0526861 0.00109589 0)
(0.0520606 0.00122454 0)
(0.0513449 0.00133551 0)
(0.0505455 0.00142874 0)
(0.0496694 0.00150428 0)
(0.048724 0.00156228 0)
(0.0477172 0.00160304 0)
(0.0466572 0.00162697 0)
(0.0455529 0.00163466 0)
(0.0444135 0.00162689 0)
(0.0432485 0.00160462 0)
(0.0420678 0.00156902 0)
(0.0408813 0.00152146 0)
(0.039699 0.00146347 0)
(0.0385306 0.00139671 0)
(0.0373855 0.00132291 0)
(0.0362723 0.00124378 0)
(0.0351991 0.00116101 0)
(0.0341725 0.00107612 0)
(0.0331986 0.000990511 0)
(0.0322818 0.000905352 0)
(0.0314257 0.000821606 0)
(0.0306327 0.000740017 0)
(0.029904 0.000661122 0)
(0.0292401 0.000585277 0)
(0.0286405 0.000512685 0)
(0.0281043 0.000443428 0)
(0.0276299 0.000377487 0)
(0.0272156 0.000314769 0)
(0.0268591 0.000255119 0)
(0.0265584 0.000198329 0)
(0.0263112 0.000144143 0)
(0.0261152 9.22706e-05 0)
(0.0259683 4.23851e-05 0)
(0.0258684 -5.86012e-06 0)
(0.0258138 -5.28228e-05 0)
(0.0258027 -9.88576e-05 0)
(0.0258336 -0.000144302 0)
(0.025905 -0.000189461 0)
(0.0260158 -0.000234594 0)
(0.0261647 -0.000279901 0)
(0.0263508 -0.000325508 0)
(0.026573 -0.000371465 0)
(0.0268304 -0.000417733 0)
(0.0271219 -0.000464181 0)
(0.0274466 -0.000510588 0)
(0.0278032 -0.000556646 0)
(0.0281903 -0.000601958 0)
(0.0286065 -0.000646055 0)
(0.02905 -0.000688399 0)
(0.0295189 -0.000728399 0)
(0.0300109 -0.000765423 0)
(0.0305235 -0.000798816 0)
(0.0310539 -0.000827919 0)
(0.0315992 -0.000852082 0)
(0.032156 -0.000870688 0)
(0.0327206 -0.000883171 0)
(0.0332895 -0.000889036 0)
(0.0338584 -0.000887879 0)
(0.0344235 -0.000879405 0)
(0.0349803 -0.000863446 0)
(0.0355246 -0.000839974 0)
(0.0360521 -0.000809119 0)
(0.0365587 -0.000771172 0)
(0.0370403 -0.000726591 0)
(0.037493 -0.000676 0)
(0.0379134 -0.000620185 0)
(0.0382984 -0.000560074 0)
(0.0386454 -0.000496721 0)
(0.0389523 -0.000431281 0)
(0.0392177 -0.000364969 0)
(0.0394408 -0.000299032 0)
(0.0396218 -0.000234701 0)
(0.0397612 -0.000173154 0)
(0.0398605 -0.000115475 0)
(0.0399221 -6.26193e-05 0)
(0.0399486 -1.53814e-05 0)
(0.0399436 2.56223e-05 0)
(0.0399111 5.99672e-05 0)
(0.0398552 8.74232e-05 0)
(0.0397807 0.000107949 0)
(0.039692 0.000121676 0)
(0.039594 0.000128893 0)
(0.039491 0.000130022 0)
(0.0393873 0.000125594 0)
(0.0392867 0.000116224 0)
(0.0391928 0.00010259 0)
(0.0391084 8.54101e-05 0)
(0.039036 6.54255e-05 0)
(0.0389775 4.33817e-05 0)
(0.0389341 2.00139e-05 0)
(0.0389068 -3.9666e-06 0)
(0.0388958 -2.7885e-05 0)
(0.038901 -5.11145e-05 0)
(0.0389219 -7.30865e-05 0)
(0.0389574 -9.32999e-05 0)
(0.0390064 -0.000111329 0)
(0.0390673 -0.000126831 0)
(0.0391384 -0.000139546 0)
(0.0392179 -0.000149308 0)
(0.0393038 -0.000156035 0)
(0.0393941 -0.000159736 0)
(0.0394869 -0.000160498 0)
(0.0395804 -0.000158488 0)
(0.0396726 -0.000153938 0)
(0.0397621 -0.000147135 0)
(0.0398475 -0.000138413 0)
(0.0399274 -0.000128137 0)
(0.040001 -0.000116693 0)
(0.0400676 -0.000104469 0)
(0.0401266 -9.18567e-05 0)
(0.0401778 -7.92216e-05 0)
(0.0402212 -6.68986e-05 0)
(0.040257 -5.52465e-05 0)
(0.0402857 -4.43854e-05 0)
(0.040308 -3.47622e-05 0)
(0.0403241 -2.61936e-05 0)
(0.0403378 -1.92576e-05 0)
(-0.000306398 0.00126231 0)
(-0.00152003 0.00231635 0)
(-0.00287688 0.00272617 0)
(-0.00414725 0.00273885 0)
(-0.00524977 0.00267038 0)
(-0.00623371 0.00254527 0)
(-0.00708505 0.00242111 0)
(-0.00783721 0.00229162 0)
(-0.00849145 0.00216799 0)
(-0.00906416 0.00204897 0)
(-0.00956017 0.00193704 0)
(-0.00998792 0.00183195 0)
(-0.0103516 0.00173391 0)
(-0.0106556 0.0016425 0)
(-0.0109025 0.00155719 0)
(-0.0110942 0.00147724 0)
(-0.0112318 0.0014017 0)
(-0.0113154 0.00132944 0)
(-0.0113443 0.00125906 0)
(-0.0113174 0.00118898 0)
(-0.0112328 0.00111734 0)
(-0.0110879 0.00104212 0)
(-0.0108797 0.000961101 0)
(-0.0106047 0.000871969 0)
(-0.0102593 0.000772357 0)
(-0.00983922 0.00065994 0)
(-0.00934043 0.000532515 0)
(-0.0087587 0.000388096 0)
(-0.00808992 0.000224993 0)
(-0.00733024 4.18897e-05 0)
(-0.00647608 -0.000162103 0)
(-0.0055243 -0.0003874 0)
(-0.00447225 -0.00063392 0)
(-0.00331785 -0.000901082 0)
(-0.0020596 -0.00118781 0)
(-0.000696706 -0.00149258 0)
(0.000770978 -0.0018134 0)
(0.00234287 -0.00214795 0)
(0.00401766 -0.00249353 0)
(0.00579331 -0.00284716 0)
(0.007667 -0.00320564 0)
(0.00963518 -0.00356556 0)
(0.0116935 -0.00392338 0)
(0.0138369 -0.00427545 0)
(0.0160594 -0.00461806 0)
(0.0183544 -0.00494748 0)
(0.0207145 -0.00526 0)
(0.0231314 -0.00555197 0)
(0.0255962 -0.00581984 0)
(0.0280992 -0.0060602 0)
(0.0306302 -0.00626984 0)
(0.0331783 -0.00644578 0)
(0.035732 -0.00658532 0)
(0.0382795 -0.00668611 0)
(0.0408088 -0.00674621 0)
(0.0433073 -0.00676411 0)
(0.0457629 -0.00673884 0)
(0.0481632 -0.00666997 0)
(0.0504964 -0.00655767 0)
(0.052751 -0.00640276 0)
(0.0549162 -0.00620667 0)
(0.0569821 -0.00597147 0)
(0.0589398 -0.00569985 0)
(0.0607815 -0.00539499 0)
(0.0625006 -0.00506058 0)
(0.0640919 -0.00470066 0)
(0.0655512 -0.00431955 0)
(0.066876 -0.00392171 0)
(0.0680647 -0.00351166 0)
(0.069117 -0.00309384 0)
(0.0700333 -0.00267252 0)
(0.0708153 -0.00225172 0)
(0.0714651 -0.00183515 0)
(0.0719856 -0.00142613 0)
(0.07238 -0.00102761 0)
(0.0726519 -0.000642127 0)
(0.072805 -0.000271829 0)
(0.0728432 8.15125e-05 0)
(0.0727705 0.000416467 0)
(0.0725907 0.000731904 0)
(0.0723077 0.00102695 0)
(0.0719252 0.00130093 0)
(0.0714469 0.00155336 0)
(0.0708766 0.00178384 0)
(0.0702179 0.00199208 0)
(0.0694744 0.00217786 0)
(0.0686499 0.00234096 0)
(0.0677484 0.00248123 0)
(0.0667741 0.00259851 0)
(0.0657315 0.00269272 0)
(0.0646255 0.00276383 0)
(0.0634616 0.00281188 0)
(0.0622456 0.00283708 0)
(0.0609843 0.0028398 0)
(0.059685 0.00282063 0)
(0.0583555 0.00278039 0)
(0.0570046 0.0027202 0)
(0.0556415 0.00264145 0)
(0.0542758 0.00254584 0)
(0.0529175 0.00243532 0)
(0.0515768 0.00231206 0)
(0.0502635 0.00217839 0)
(0.0489872 0.00203673 0)
(0.047757 0.00188949 0)
(0.0465808 0.00173895 0)
(0.0454658 0.00158724 0)
(0.0444178 0.0014362 0)
(0.0434416 0.00128738 0)
(0.0425404 0.00114201 0)
(0.0417165 0.00100098 0)
(0.0409711 0.000864876 0)
(0.0403043 0.000734028 0)
(0.0397154 0.000608524 0)
(0.0392032 0.000488265 0)
(0.0387658 0.000373008 0)
(0.038401 0.000262401 0)
(0.0381065 0.000156016 0)
(0.0378795 5.33794e-05 0)
(0.0377175 -4.5997e-05 0)
(0.0376178 -0.000142594 0)
(0.0375777 -0.00023686 0)
(0.0375947 -0.000329187 0)
(0.0376663 -0.000419892 0)
(0.0377901 -0.000509201 0)
(0.0379635 -0.00059723 0)
(0.0381844 -0.000683977 0)
(0.0384503 -0.000769316 0)
(0.0387588 -0.000852993 0)
(0.0391078 -0.000934627 0)
(0.0394945 -0.00101372 0)
(0.0399166 -0.00108966 0)
(0.0403714 -0.00116174 0)
(0.040856 -0.00122918 0)
(0.0413675 -0.00129114 0)
(0.0419027 -0.00134672 0)
(0.0424585 -0.00139502 0)
(0.0430312 -0.00143517 0)
(0.0436172 -0.00146629 0)
(0.0442127 -0.00148761 0)
(0.0448138 -0.0014984 0)
(0.0454162 -0.0014981 0)
(0.0460158 -0.00148624 0)
(0.0466083 -0.00146255 0)
(0.0471894 -0.00142694 0)
(0.0477548 -0.00137953 0)
(0.0483002 -0.00132067 0)
(0.0488217 -0.00125092 0)
(0.0493153 -0.00117111 0)
(0.0497773 -0.0010823 0)
(0.0502044 -0.00098577 0)
(0.0505936 -0.000883005 0)
(0.0509426 -0.000775678 0)
(0.0512493 -0.0006656 0)
(0.0515123 -0.00055468 0)
(0.0517308 -0.000444873 0)
(0.0519048 -0.000338121 0)
(0.0520349 -0.000236295 0)
(0.0521225 -0.000141138 0)
(0.0521695 -5.42019e-05 0)
(0.0521786 2.31936e-05 0)
(0.0521533 9.00066e-05 0)
(0.0520974 0.000145499 0)
(0.0520152 0.000189252 0)
(0.0519115 0.000221165 0)
(0.0517911 0.000241448 0)
(0.051659 0.000250591 0)
(0.0515201 0.000249333 0)
(0.0513791 0.000238622 0)
(0.0512405 0.000219572 0)
(0.0511081 0.000193412 0)
(0.0509856 0.000161451 0)
(0.0508757 0.000125031 0)
(0.0507809 8.54919e-05 0)
(0.0507029 4.41403e-05 0)
(0.0506428 2.22112e-06 0)
(0.0506012 -3.91061e-05 0)
(0.0505781 -7.87869e-05 0)
(0.0505731 -0.000115888 0)
(0.0505853 -0.000149608 0)
(0.0506135 -0.000179292 0)
(0.050656 -0.000204432 0)
(0.0507112 -0.000224672 0)
(0.050777 -0.000239809 0)
(0.0508514 -0.000249787 0)
(0.0509323 -0.000254692 0)
(0.0510175 -0.000254739 0)
(0.0511051 -0.000250261 0)
(0.051193 -0.000241691 0)
(0.0512795 -0.000229547 0)
(0.051363 -0.00021441 0)
(0.0514421 -0.000196903 0)
(0.0515157 -0.000177676 0)
(0.0515828 -0.000157378 0)
(0.0516428 -0.000136648 0)
(0.0516953 -0.000116087 0)
(0.0517402 -9.62674e-05 0)
(0.0517776 -7.76868e-05 0)
(0.0518078 -6.07705e-05 0)
(0.0518313 -4.61032e-05 0)
(0.0518508 -3.39328e-05 0)
(-0.000406097 0.00247405 0)
(-0.00172285 0.00380165 0)
(-0.00299315 0.00414765 0)
(-0.00405716 0.00389808 0)
(-0.00483346 0.00362762 0)
(-0.00543279 0.00332821 0)
(-0.00585156 0.00306769 0)
(-0.00614885 0.00282498 0)
(-0.0063332 0.00260522 0)
(-0.00643 0.00240222 0)
(-0.00644675 0.00221485 0)
(-0.00639431 0.0020406 0)
(-0.00627717 0.00187776 0)
(-0.00609987 0.00172457 0)
(-0.00586441 0.00157933 0)
(-0.0055722 0.00144038 0)
(-0.00522337 0.00130596 0)
(-0.00481749 0.00117425 0)
(-0.00435338 0.00104328 0)
(-0.0038294 0.000910949 0)
(-0.00324346 0.000775 0)
(-0.00259314 0.00063306 0)
(-0.00187579 0.000482667 0)
(-0.00108862 0.000321327 0)
(-0.000228761 0.00014658 0)
(0.000706621 -4.39171e-05 0)
(0.00172026 -0.00025231 0)
(0.00281472 -0.000480463 0)
(0.00399232 -0.000729888 0)
(0.00525506 -0.00100167 0)
(0.00660462 -0.00129642 0)
(0.00804224 -0.00161425 0)
(0.00956876 -0.00195473 0)
(0.0111845 -0.00231691 0)
(0.0128894 -0.00269932 0)
(0.0146828 -0.00310002 0)
(0.0165634 -0.00351657 0)
(0.0185296 -0.00394616 0)
(0.0205788 -0.00438559 0)
(0.0227082 -0.00483132 0)
(0.0249141 -0.00527956 0)
(0.0271922 -0.00572628 0)
(0.0295375 -0.00616724 0)
(0.0319444 -0.00659807 0)
(0.0344062 -0.00701429 0)
(0.0369159 -0.00741139 0)
(0.0394655 -0.00778481 0)
(0.0420462 -0.00813007 0)
(0.0446485 -0.00844276 0)
(0.0472624 -0.00871866 0)
(0.0498772 -0.00895374 0)
(0.0524814 -0.00914429 0)
(0.0550634 -0.00928695 0)
(0.0576111 -0.0093788 0)
(0.0601122 -0.00941744 0)
(0.0625547 -0.00940108 0)
(0.0649265 -0.00932864 0)
(0.067216 -0.00919976 0)
(0.0694123 -0.00901494 0)
(0.0715053 -0.0087755 0)
(0.0734862 -0.00848364 0)
(0.0753473 -0.00814239 0)
(0.0770822 -0.00775557 0)
(0.0786862 -0.00732768 0)
(0.0801562 -0.0068638 0)
(0.0814905 -0.00636945 0)
(0.0826888 -0.00585041 0)
(0.0837525 -0.00531258 0)
(0.0846837 -0.00476181 0)
(0.0854859 -0.00420377 0)
(0.0861632 -0.00364377 0)
(0.0867203 -0.00308675 0)
(0.0871623 -0.00253712 0)
(0.0874944 -0.00199875 0)
(0.087722 -0.00147497 0)
(0.0878502 -0.00096854 0)
(0.0878839 -0.000481696 0)
(0.0878279 -1.62001e-05 0)
(0.0876864 0.000426616 0)
(0.0874633 0.000845782 0)
(0.0871621 0.00124062 0)
(0.0867859 0.0016107 0)
(0.0863374 0.00195573 0)
(0.0858191 0.00227554 0)
(0.085233 0.00257004 0)
(0.0845811 0.00283911 0)
(0.0838649 0.00308265 0)
(0.0830861 0.00330052 0)
(0.0822462 0.00349251 0)
(0.0813468 0.00365841 0)
(0.0803898 0.00379794 0)
(0.0793769 0.00391085 0)
(0.0783106 0.0039969 0)
(0.0771935 0.00405593 0)
(0.0760288 0.0040879 0)
(0.0748204 0.00409291 0)
(0.0735726 0.00407128 0)
(0.0722906 0.00402357 0)
(0.0709804 0.00395061 0)
(0.0696487 0.00385355 0)
(0.0683029 0.00373385 0)
(0.066951 0.00359328 0)
(0.0656018 0.00343391 0)
(0.0642642 0.00325808 0)
(0.0629475 0.00306831 0)
(0.0616609 0.00286728 0)
(0.0604134 0.00265772 0)
(0.0592136 0.00244229 0)
(0.0580692 0.00222355 0)
(0.0569873 0.00200385 0)
(0.0559738 0.00178523 0)
(0.0550337 0.00156946 0)
(0.0541705 0.00135792 0)
(0.0533871 0.00115165 0)
(0.0526848 0.000951363 0)
(0.0520644 0.000757458 0)
(0.0515255 0.000570073 0)
(0.0510671 0.000389139 0)
(0.0506876 0.000214429 0)
(0.0503848 4.56135e-05 0)
(0.0501564 -0.000117688 0)
(0.0499994 -0.00027586 0)
(0.0499108 -0.00042925 0)
(0.0498875 -0.000578133 0)
(0.0499262 -0.000722685 0)
(0.0500236 -0.000862958 0)
(0.0501763 -0.00099887 0)
(0.0503809 -0.00113019 0)
(0.0506339 -0.00125655 0)
(0.0509319 -0.00137741 0)
(0.0512713 -0.00149215 0)
(0.0516485 -0.00159997 0)
(0.05206 -0.0017 0)
(0.052502 -0.00179129 0)
(0.0529707 -0.00187283 0)
(0.0534623 -0.00194359 0)
(0.053973 -0.00200254 0)
(0.0544986 -0.00204867 0)
(0.0550351 -0.00208105 0)
(0.0555784 -0.00209886 0)
(0.0561244 -0.00210139 0)
(0.0566688 -0.00208812 0)
(0.0572075 -0.00205871 0)
(0.0577364 -0.00201304 0)
(0.0582513 -0.00195126 0)
(0.0587485 -0.00187378 0)
(0.0592241 -0.0017813 0)
(0.0596745 -0.0016748 0)
(0.0600965 -0.00155557 0)
(0.0604869 -0.00142519 0)
(0.0608432 -0.00128551 0)
(0.0611631 -0.00113861 0)
(0.0614445 -0.000986768 0)
(0.0616863 -0.000832428 0)
(0.0618873 -0.000678126 0)
(0.0620473 -0.000526426 0)
(0.0621664 -0.000379859 0)
(0.0622453 -0.000240845 0)
(0.0622853 -0.000111628 0)
(0.0622882 5.79605e-06 0)
(0.0622566 0.000109735 0)
(0.0621932 0.000198852 0)
(0.0621015 0.000272203 0)
(0.0619852 0.000329255 0)
(0.0618485 0.000369897 0)
(0.0616957 0.000394428 0)
(0.0615312 0.00040353 0)
(0.0613596 0.000398232 0)
(0.0611852 0.00037986 0)
(0.0610121 0.000349977 0)
(0.0608443 0.000310328 0)
(0.0606851 0.000262769 0)
(0.0605375 0.000209216 0)
(0.0604041 0.00015158 0)
(0.0602867 9.17243e-05 0)
(0.0601867 3.14144e-05 0)
(0.0601049 -2.7716e-05 0)
(0.0600417 -8.41957e-05 0)
(0.0599969 -0.000136739 0)
(0.0599699 -0.000184264 0)
(0.0599596 -0.000225902 0)
(0.059965 -0.000261002 0)
(0.0599843 -0.000289135 0)
(0.0600159 -0.000310083 0)
(0.0600579 -0.000323836 0)
(0.0601083 -0.000330572 0)
(0.0601654 -0.000330645 0)
(0.060227 -0.000324562 0)
(0.0602915 -0.000312958 0)
(0.0603569 -0.000296572 0)
(0.0604219 -0.000276221 0)
(0.0604849 -0.00025277 0)
(0.0605448 -0.00022711 0)
(0.0606005 -0.000200131 0)
(0.0606513 -0.00017269 0)
(0.0606966 -0.00014562 0)
(0.0607361 -0.000119681 0)
(0.0607697 -9.54977e-05 0)
(0.0607976 -7.42776e-05 0)
(0.0608207 -5.44731e-05 0)
(-0.000695329 0.0030977 0)
(-0.00209564 0.00472687 0)
(-0.00255616 0.00495623 0)
(-0.00278935 0.00450929 0)
(-0.0026158 0.00403724 0)
(-0.00235501 0.00357063 0)
(-0.0019444 0.00316633 0)
(-0.00146781 0.00280754 0)
(-0.000915572 0.00248978 0)
(-0.00031222 0.00220437 0)
(0.000341532 0.00194463 0)
(0.00103777 0.00170556 0)
(0.00177548 0.00148262 0)
(0.00255255 0.00127242 0)
(0.00336923 0.00107178 0)
(0.00422592 0.000878056 0)
(0.00512402 0.000688658 0)
(0.00606525 0.00050117 0)
(0.0070518 0.000313171 0)
(0.00808607 0.000122238 0)
(0.0091707 -7.4091e-05 0)
(0.0103084 -0.000278301 0)
(0.0115019 -0.000492884 0)
(0.0127538 -0.000720294 0)
(0.0140667 -0.000962894 0)
(0.0154431 -0.00122289 0)
(0.0168848 -0.00150226 0)
(0.0183939 -0.00180267 0)
(0.0199718 -0.00212545 0)
(0.0216196 -0.00247148 0)
(0.0233381 -0.00284115 0)
(0.0251277 -0.00323436 0)
(0.0269882 -0.00365048 0)
(0.0289192 -0.00408831 0)
(0.0309197 -0.00454613 0)
(0.0329881 -0.0050217 0)
(0.0351224 -0.00551227 0)
(0.0373201 -0.00601464 0)
(0.039578 -0.00652518 0)
(0.0418923 -0.00703989 0)
(0.0442585 -0.00755441 0)
(0.0466716 -0.00806409 0)
(0.0491256 -0.00856404 0)
(0.051614 -0.00904914 0)
(0.0541295 -0.00951412 0)
(0.0566637 -0.00995362 0)
(0.0592078 -0.0103622 0)
(0.0617522 -0.0107345 0)
(0.0642863 -0.0110653 0)
(0.0667991 -0.0113493 0)
(0.0692789 -0.0115819 0)
(0.0717137 -0.0117585 0)
(0.0740912 -0.0118752 0)
(0.0763989 -0.0119286 0)
(0.0786248 -0.011916 0)
(0.0807569 -0.0118357 0)
(0.0827843 -0.0116866 0)
(0.0846967 -0.011469 0)
(0.0864855 -0.011184 0)
(0.0881434 -0.0108341 0)
(0.0896649 -0.0104227 0)
(0.0910466 -0.00995434 0)
(0.0922868 -0.00943462 0)
(0.0933862 -0.00886982 0)
(0.094347 -0.00826686 0)
(0.0951736 -0.00763303 0)
(0.0958714 -0.0069758 0)
(0.0964474 -0.00630257 0)
(0.0969092 -0.00562046 0)
(0.0972651 -0.00493617 0)
(0.0975236 -0.00425577 0)
(0.097693 -0.00358467 0)
(0.0977814 -0.00292754 0)
(0.0977966 -0.00228828 0)
(0.0977455 -0.00167003 0)
(0.0976344 -0.00107525 0)
(0.0974688 -0.000505741 0)
(0.0972532 3.72527e-05 0)
(0.0969917 0.000552955 0)
(0.0966873 0.00104097 0)
(0.0963424 0.00150122 0)
(0.0959589 0.0019338 0)
(0.095538 0.00233896 0)
(0.0950803 0.00271702 0)
(0.0945863 0.0030683 0)
(0.0940558 0.00339306 0)
(0.0934885 0.0036915 0)
(0.092884 0.00396371 0)
(0.0922416 0.00420967 0)
(0.0915605 0.00442922 0)
(0.09084 0.00462211 0)
(0.0900795 0.00478796 0)
(0.0892784 0.00492636 0)
(0.0884366 0.00503684 0)
(0.0875541 0.00511896 0)
(0.0866313 0.00517231 0)
(0.0856691 0.00519663 0)
(0.084669 0.00519176 0)
(0.0836332 0.00515781 0)
(0.0825644 0.00509509 0)
(0.0814661 0.00500422 0)
(0.0803426 0.00488614 0)
(0.0791991 0.00474212 0)
(0.0780411 0.00457375 0)
(0.0768752 0.00438296 0)
(0.0757084 0.00417193 0)
(0.0745481 0.0039431 0)
(0.0734021 0.00369907 0)
(0.0722784 0.00344257 0)
(0.0711848 0.00317632 0)
(0.070129 0.00290305 0)
(0.0691181 0.00262532 0)
(0.0681587 0.00234553 0)
(0.0672567 0.00206586 0)
(0.0664172 0.00178817 0)
(0.0656444 0.00151407 0)
(0.0649413 0.00124482 0)
(0.0643102 0.000981422 0)
(0.0637525 0.000724588 0)
(0.0632687 0.000474807 0)
(0.0628583 0.000232382 0)
(0.0625204 -2.52178e-06 0)
(0.0622534 -0.000229819 0)
(0.062055 -0.000449461 0)
(0.0619227 -0.000661386 0)
(0.0618536 -0.000865482 0)
(0.0618443 -0.00106155 0)
(0.0618914 -0.0012493 0)
(0.0619912 -0.0014283 0)
(0.0621399 -0.001598 0)
(0.0623336 -0.00175773 0)
(0.0625682 -0.00190668 0)
(0.0628398 -0.00204395 0)
(0.0631441 -0.00216857 0)
(0.063477 -0.00227947 0)
(0.0638342 -0.00237558 0)
(0.0642117 -0.00245582 0)
(0.0646051 -0.00251916 0)
(0.0650103 -0.00256462 0)
(0.065423 -0.00259134 0)
(0.0658392 -0.00259861 0)
(0.0662548 -0.0025859 0)
(0.0666659 -0.00255292 0)
(0.0670686 -0.0024996 0)
(0.0674593 -0.00242618 0)
(0.0678345 -0.0023332 0)
(0.0681911 -0.00222152 0)
(0.0685259 -0.00209234 0)
(0.0688363 -0.0019472 0)
(0.06912 -0.00178796 0)
(0.0693748 -0.00161678 0)
(0.069599 -0.00143611 0)
(0.0697914 -0.00124863 0)
(0.0699509 -0.00105719 0)
(0.070077 -0.000864784 0)
(0.0701695 -0.000674436 0)
(0.0702285 -0.000489162 0)
(0.0702547 -0.000311879 0)
(0.0702491 -0.000145332 0)
(0.0702129 7.97972e-06 0)
(0.0701479 0.00014587 0)
(0.0700561 0.000266526 0)
(0.0699399 0.000368556 0)
(0.069802 0.000451023 0)
(0.0696453 0.000513466 0)
(0.069473 0.000555906 0)
(0.0692886 0.00057883 0)
(0.0690953 0.000583164 0)
(0.0688968 0.000570232 0)
(0.0686964 0.000541699 0)
(0.0684975 0.00049951 0)
(0.0683033 0.000445816 0)
(0.0681166 0.000382906 0)
(0.0679399 0.000313131 0)
(0.0677755 0.000238837 0)
(0.067625 0.000162303 0)
(0.0674899 8.56833e-05 0)
(0.067371 1.09612e-05 0)
(0.0672687 -6.00899e-05 0)
(0.0671832 -0.000125936 0)
(0.0671143 -0.000185301 0)
(0.0670612 -0.000237183 0)
(0.0670231 -0.000280856 0)
(0.0669989 -0.000315864 0)
(0.0669873 -0.000342019 0)
(0.0669869 -0.000359379 0)
(0.066996 -0.000368231 0)
(0.0670133 -0.000369065 0)
(0.0670371 -0.000362548 0)
(0.0670659 -0.000349491 0)
(0.0670983 -0.00033082 0)
(0.0671328 -0.00030754 0)
(0.0671682 -0.000280704 0)
(0.0672035 -0.000251386 0)
(0.0672376 -0.000220644 0)
(0.0672698 -0.000189506 0)
(0.0672994 -0.000158928 0)
(0.067326 -0.000129763 0)
(0.0673493 -0.000103456 0)
(0.0673689 -7.61723e-05 0)
(-0.000178787 0.00561096 0)
(-0.000131348 0.00562177 0)
(0.00101843 0.00502343 0)
(0.00221786 0.00399549 0)
(0.00368114 0.00327905 0)
(0.00511149 0.00270763 0)
(0.00658474 0.00224096 0)
(0.00803173 0.00184991 0)
(0.00947127 0.00150671 0)
(0.0108919 0.00120108 0)
(0.0123007 0.000921854 0)
(0.013699 0.000663253 0)
(0.0150917 0.000419679 0)
(0.0164826 0.000187253 0)
(0.0178761 -3.75919e-05 0)
(0.0192763 -0.000257815 0)
(0.0206874 -0.000476179 0)
(0.0221135 -0.000695238 0)
(0.0235585 -0.000917469 0)
(0.0250263 -0.00114529 0)
(0.0265206 -0.00138109 0)
(0.0280451 -0.00162724 0)
(0.029603 -0.00188607 0)
(0.0311976 -0.00215983 0)
(0.0328316 -0.00245064 0)
(0.0345075 -0.00276047 0)
(0.0362276 -0.00309102 0)
(0.0379935 -0.00344372 0)
(0.0398067 -0.00381963 0)
(0.0416679 -0.00421936 0)
(0.0435776 -0.0046431 0)
(0.0455358 -0.00509048 0)
(0.047542 -0.00556062 0)
(0.0495951 -0.00605206 0)
(0.0516935 -0.0065628 0)
(0.053835 -0.00709026 0)
(0.0560169 -0.00763134 0)
(0.0582357 -0.0081824 0)
(0.0604874 -0.00873933 0)
(0.0627672 -0.00929759 0)
(0.0650696 -0.0098522 0)
(0.0673882 -0.0103978 0)
(0.069716 -0.0109289 0)
(0.0720451 -0.0114394 0)
(0.0743667 -0.0119232 0)
(0.0766713 -0.0123741 0)
(0.0789486 -0.0127857 0)
(0.0811874 -0.0131517 0)
(0.0833759 -0.0134657 0)
(0.0855017 -0.013722 0)
(0.0875522 -0.0139149 0)
(0.0895145 -0.0140393 0)
(0.091376 -0.014091 0)
(0.0931245 -0.0140663 0)
(0.0947485 -0.0139627 0)
(0.096238 -0.0137789 0)
(0.0975844 -0.0135148 0)
(0.0987813 -0.0131719 0)
(0.0998245 -0.0127529 0)
(0.100712 -0.0122621 0)
(0.101446 -0.0117054 0)
(0.10203 -0.0110895 0)
(0.102469 -0.0104226 0)
(0.102774 -0.00971323 0)
(0.102954 -0.00897066 0)
(0.103023 -0.00820412 0)
(0.102992 -0.00742268 0)
(0.102877 -0.00663494 0)
(0.10269 -0.00584879 0)
(0.102444 -0.00507126 0)
(0.102152 -0.00430841 0)
(0.101825 -0.00356526 0)
(0.101473 -0.00284582 0)
(0.101103 -0.00215312 0)
(0.100724 -0.00148932 0)
(0.10034 -0.000855778 0)
(0.0999563 -0.000253212 0)
(0.0995748 0.000318218 0)
(0.0991978 0.000858764 0)
(0.0988259 0.00136898 0)
(0.0984593 0.00184964 0)
(0.0980972 0.00230161 0)
(0.0977384 0.00272578 0)
(0.0973811 0.00312304 0)
(0.0970231 0.00349417 0)
(0.0966621 0.00383981 0)
(0.0962956 0.00416048 0)
(0.0959207 0.00445648 0)
(0.0955346 0.00472797 0)
(0.0951345 0.00497488 0)
(0.0947177 0.005197 0)
(0.0942813 0.00539395 0)
(0.0938228 0.00556522 0)
(0.0933397 0.00571021 0)
(0.0928298 0.00582825 0)
(0.0922911 0.00591866 0)
(0.0917221 0.00598076 0)
(0.0911214 0.00601398 0)
(0.0904883 0.00601785 0)
(0.0898227 0.00599208 0)
(0.0891247 0.00593658 0)
(0.0883955 0.00585155 0)
(0.0876367 0.00573744 0)
(0.0868505 0.00559504 0)
(0.0860402 0.00542546 0)
(0.0852094 0.00523014 0)
(0.0843625 0.00501081 0)
(0.0835047 0.00476951 0)
(0.0826414 0.0045085 0)
(0.0817786 0.00423025 0)
(0.0809225 0.00393734 0)
(0.0800796 0.00363242 0)
(0.0792562 0.00331815 0)
(0.0784585 0.00299709 0)
(0.0776924 0.00267173 0)
(0.0769634 0.00234434 0)
(0.0762763 0.00201703 0)
(0.0756356 0.00169165 0)
(0.0750447 0.00136983 0)
(0.0745065 0.00105299 0)
(0.074023 0.000742298 0)
(0.0735956 0.000438778 0)
(0.0732249 0.000143281 0)
(0.0729106 -0.000143449 0)
(0.0726521 -0.000420743 0)
(0.0724479 -0.000687966 0)
(0.0722963 -0.000944484 0)
(0.072195 -0.00118963 0)
(0.0721411 -0.0014227 0)
(0.0721317 -0.00164289 0)
(0.0721635 -0.00184935 0)
(0.0722329 -0.00204113 0)
(0.0723363 -0.00221723 0)
(0.0724699 -0.00237657 0)
(0.0726297 -0.00251805 0)
(0.0728118 -0.00264056 0)
(0.0730122 -0.00274298 0)
(0.0732269 -0.0028243 0)
(0.0734521 -0.00288355 0)
(0.0736838 -0.00291993 0)
(0.0739185 -0.00293277 0)
(0.0741524 -0.00292166 0)
(0.0743822 -0.00288639 0)
(0.0746048 -0.00282708 0)
(0.074817 -0.00274413 0)
(0.0750164 -0.0026383 0)
(0.0752004 -0.00251068 0)
(0.0753669 -0.00236275 0)
(0.0755143 -0.00219634 0)
(0.075641 -0.00201362 0)
(0.0757458 -0.0018171 0)
(0.0758281 -0.00160956 0)
(0.0758872 -0.00139401 0)
(0.075923 -0.00117368 0)
(0.0759354 -0.000951873 0)
(0.0759248 -0.000731966 0)
(0.0758916 -0.000517294 0)
(0.0758365 -0.000311091 0)
(0.0757604 -0.000116407 0)
(0.0756643 6.39627e-05 0)
(0.0755493 0.000227545 0)
(0.0754169 0.000372246 0)
(0.0752685 0.000496406 0)
(0.0751056 0.000598833 0)
(0.0749301 0.000678829 0)
(0.0747439 0.000736202 0)
(0.0745489 0.000771261 0)
(0.0743473 0.000784795 0)
(0.0741413 0.000778044 0)
(0.0739331 0.000752647 0)
(0.073725 0.000710586 0)
(0.0735192 0.000654118 0)
(0.0733178 0.000585701 0)
(0.0731227 0.000507917 0)
(0.0729359 0.000423398 0)
(0.0727588 0.000334748 0)
(0.0725928 0.00024448 0)
(0.0724391 0.000154952 0)
(0.0722983 6.83149e-05 0)
(0.0721711 -1.35251e-05 0)
(0.0720576 -8.89418e-05 0)
(0.0719578 -0.000156609 0)
(0.0718714 -0.00021551 0)
(0.071798 -0.000264943 0)
(0.071737 -0.000304512 0)
(0.0716875 -0.000334112 0)
(0.0716486 -0.000353911 0)
(0.0716192 -0.000364321 0)
(0.0715984 -0.00036597 0)
(0.071585 -0.000359667 0)
(0.0715779 -0.000346366 0)
(0.0715761 -0.000327133 0)
(0.0715785 -0.000303103 0)
(0.0715842 -0.000275453 0)
(0.0715922 -0.000245361 0)
(0.0716018 -0.00021398 0)
(0.0716122 -0.000182395 0)
(0.0716229 -0.000151617 0)
(0.0716333 -0.000123008 0)
(0.0716426 -9.14888e-05 0)
(0.00502386 0.00202952 0)
(0.00754428 0.00306073 0)
(0.0124837 0.00260424 0)
(0.0157535 0.00198464 0)
(0.0188623 0.00135622 0)
(0.0215387 0.000848163 0)
(0.0239952 0.000422889 0)
(0.0262649 7.03646e-05 0)
(0.0283998 -0.000234446 0)
(0.0304277 -0.000504646 0)
(0.0323713 -0.000751868 0)
(0.034247 -0.000983317 0)
(0.0360681 -0.00120462 0)
(0.037845 -0.00141981 0)
(0.0395869 -0.00163221 0)
(0.0413013 -0.00184457 0)
(0.0429949 -0.00205937 0)
(0.0446739 -0.00227892 0)
(0.0463436 -0.00250542 0)
(0.048009 -0.00274104 0)
(0.0496748 -0.00298789 0)
(0.051345 -0.00324807 0)
(0.0530235 -0.00352363 0)
(0.0547138 -0.0038165 0)
(0.0564187 -0.00412853 0)
(0.0581409 -0.00446134 0)
(0.0598826 -0.00481636 0)
(0.0616454 -0.00519469 0)
(0.0634305 -0.0055971 0)
(0.0652386 -0.00602393 0)
(0.06707 -0.00647504 0)
(0.068924 -0.00694979 0)
(0.0707999 -0.007447 0)
(0.0726959 -0.00796487 0)
(0.0746098 -0.00850104 0)
(0.0765387 -0.00905251 0)
(0.0784789 -0.00961572 0)
(0.0804259 -0.0101865 0)
(0.0823744 -0.0107602 0)
(0.0843185 -0.0113315 0)
(0.0862511 -0.0118947 0)
(0.0881643 -0.0124438 0)
(0.0900494 -0.0129721 0)
(0.0918967 -0.0134729 0)
(0.0936957 -0.0139389 0)
(0.0954349 -0.0143629 0)
(0.0971021 -0.0147374 0)
(0.0986845 -0.0150551 0)
(0.100169 -0.0153088 0)
(0.101541 -0.0154919 0)
(0.102789 -0.0155981 0)
(0.103898 -0.0156222 0)
(0.104858 -0.0155599 0)
(0.105658 -0.0154083 0)
(0.10629 -0.0151659 0)
(0.106748 -0.0148329 0)
(0.107031 -0.0144114 0)
(0.107139 -0.0139054 0)
(0.107078 -0.0133207 0)
(0.106857 -0.012665 0)
(0.106487 -0.0119473 0)
(0.105984 -0.011178 0)
(0.105366 -0.0103681 0)
(0.104653 -0.009529 0)
(0.103865 -0.00867183 0)
(0.103024 -0.00780734 0)
(0.102149 -0.00694531 0)
(0.10126 -0.00609442 0)
(0.100373 -0.005262 0)
(0.0995044 -0.00445402 0)
(0.098666 -0.00367507 0)
(0.0978682 -0.00292841 0)
(0.0971188 -0.00221615 0)
(0.0964233 -0.00153936 0)
(0.0957853 -0.000898256 0)
(0.0952063 -0.000292383 0)
(0.0946865 0.000279222 0)
(0.0942248 0.000817877 0)
(0.093819 0.00132513 0)
(0.0934659 0.00180261 0)
(0.0931621 0.002252 0)
(0.0929033 0.00267489 0)
(0.0926852 0.00307274 0)
(0.0925032 0.00344686 0)
(0.0923525 0.00379836 0)
(0.0922283 0.0041281 0)
(0.0921259 0.00443673 0)
(0.0920405 0.00472465 0)
(0.0919676 0.00499203 0)
(0.0919025 0.0052388 0)
(0.091841 0.00546468 0)
(0.0917786 0.00566921 0)
(0.0917114 0.00585176 0)
(0.0916353 0.00601158 0)
(0.0915466 0.0061478 0)
(0.0914419 0.0062595 0)
(0.0913179 0.00634575 0)
(0.0911715 0.00640563 0)
(0.0910003 0.0064383 0)
(0.090802 0.00644303 0)
(0.0905747 0.00641924 0)
(0.0903172 0.00636656 0)
(0.0900285 0.00628485 0)
(0.0897084 0.00617423 0)
(0.0893573 0.00603511 0)
(0.088976 0.00586821 0)
(0.0885662 0.00567456 0)
(0.08813 0.00545548 0)
(0.0876702 0.0052126 0)
(0.0871901 0.00494779 0)
(0.0866936 0.00466315 0)
(0.0861849 0.00436096 0)
(0.0856685 0.00404362 0)
(0.0851492 0.00371362 0)
(0.0846318 0.00337348 0)
(0.0841211 0.00302566 0)
(0.0836219 0.00267257 0)
(0.0831384 0.00231652 0)
(0.082675 0.00195968 0)
(0.082235 0.00160405 0)
(0.0818218 0.00125149 0)
(0.0814379 0.000903716 0)
(0.0810853 0.000562274 0)
(0.0807655 0.000228606 0)
(0.0804793 -9.59511e-05 0)
(0.080227 -0.000410135 0)
(0.0800083 -0.000712732 0)
(0.0798225 -0.00100256 0)
(0.0796682 -0.00127842 0)
(0.0795438 -0.00153914 0)
(0.0794473 -0.0017835 0)
(0.0793765 -0.00201027 0)
(0.0793286 -0.00221819 0)
(0.0793009 -0.00240602 0)
(0.0792904 -0.00257249 0)
(0.0792942 -0.00271642 0)
(0.0793093 -0.00283663 0)
(0.0793324 -0.0029321 0)
(0.0793606 -0.00300189 0)
(0.0793911 -0.00304526 0)
(0.0794212 -0.00306168 0)
(0.0794482 -0.00305087 0)
(0.0794698 -0.00301284 0)
(0.0794841 -0.00294789 0)
(0.0794894 -0.00285672 0)
(0.0794841 -0.00274034 0)
(0.0794673 -0.00260018 0)
(0.0794382 -0.00243802 0)
(0.0793963 -0.00225603 0)
(0.0793416 -0.0020567 0)
(0.0792742 -0.00184285 0)
(0.0791944 -0.00161755 0)
(0.0791029 -0.0013841 0)
(0.0790003 -0.00114593 0)
(0.0788874 -0.000906573 0)
(0.078765 -0.000669558 0)
(0.078634 -0.000438357 0)
(0.0784951 -0.000216307 0)
(0.0783492 -6.5407e-06 0)
(0.0781968 0.000188081 0)
(0.0780386 0.000365025 0)
(0.0778752 0.000522143 0)
(0.077707 0.000657708 0)
(0.0775346 0.000770459 0)
(0.0773584 0.000859615 0)
(0.0771789 0.000924891 0)
(0.0769967 0.000966497 0)
(0.0768126 0.000985124 0)
(0.0766271 0.000981917 0)
(0.0764412 0.000958438 0)
(0.0762556 0.000916611 0)
(0.0760715 0.000858669 0)
(0.0758898 0.000787078 0)
(0.0757116 0.00070447 0)
(0.075538 0.000613563 0)
(0.0753699 0.000517088 0)
(0.0752084 0.000417719 0)
(0.0750542 0.000318 0)
(0.0749083 0.000220292 0)
(0.0747711 0.000126723 0)
(0.0746432 3.91432e-05 0)
(0.074525 -4.08976e-05 0)
(0.0744166 -0.000112171 0)
(0.074318 -0.000173778 0)
(0.0742292 -0.000225146 0)
(0.0741499 -0.000266015 0)
(0.0740798 -0.000296424 0)
(0.0740185 -0.000316683 0)
(0.0739655 -0.000327341 0)
(0.0739201 -0.000329157 0)
(0.0738818 -0.000323055 0)
(0.0738499 -0.000310094 0)
(0.0738238 -0.000291425 0)
(0.0738027 -0.000268254 0)
(0.0737861 -0.000241807 0)
(0.0737733 -0.000213294 0)
(0.0737638 -0.000183876 0)
(0.0737569 -0.000154629 0)
(0.0737523 -0.000126808 0)
(0.0737497 -9.55625e-05 0)
(0.034449 -2.16289e-06 0)
(0.0346053 -0.000147205 0)
(0.0349256 -0.000265363 0)
(0.0353623 -0.000328296 0)
(0.0358626 -0.000366948 0)
(0.0365081 -0.000442723 0)
(0.0371773 -0.00032301 0)
(0.0378633 -0.000774433 0)
(0.0908644 -5.81083e-06 0)
(0.0906417 -0.000128105 0)
(0.0905759 -0.000292303 0)
(0.0906121 -0.000459307 0)
(0.0907592 -0.000639194 0)
(0.0909928 -0.000818657 0)
(0.0913417 -0.00101568 0)
(0.092223 -0.00168483 0)
(0.128437 -9.4842e-06 0)
(0.128259 -9.1293e-05 0)
(0.128172 -0.000216241 0)
(0.128133 -0.000375154 0)
(0.128123 -0.000560512 0)
(0.128142 -0.00077592 0)
(0.128232 -0.00110619 0)
(0.128232 -0.00152933 0)
(0.147212 -1.33729e-05 0)
(0.147034 -0.000101845 0)
(0.146937 -0.000217479 0)
(0.146873 -0.000360702 0)
(0.146822 -0.000534946 0)
(0.14678 -0.00075843 0)
(0.146721 -0.00102998 0)
(0.146654 -0.00138925 0)
(0.147217 -1.86701e-05 0)
(0.147038 -0.000109484 0)
(0.146928 -0.000209979 0)
(0.146841 -0.000330346 0)
(0.14675 -0.000481588 0)
(0.146636 -0.000670121 0)
(0.146489 -0.000911482 0)
(0.146282 -0.00120638 0)
(0.12845 -2.64453e-05 0)
(0.128254 -0.000125631 0)
(0.128112 -0.000212964 0)
(0.127974 -0.000308507 0)
(0.127813 -0.000427422 0)
(0.127612 -0.000581028 0)
(0.127356 -0.000772935 0)
(0.127025 -0.00100274 0)
(0.0908859 -4.05128e-05 0)
(0.0906065 -0.000104422 0)
(0.0903875 -0.000136711 0)
(0.0901679 -0.000179887 0)
(0.0899199 -0.000252606 0)
(0.0896203 -0.000358937 0)
(0.0892463 -0.000496057 0)
(0.0887751 -0.00065544 0)
(0.0344546 -4.65986e-05 0)
(0.0343705 -2.62476e-05 0)
(0.0343159 5.13771e-06 0)
(0.0342586 3.4122e-06 0)
(0.0341407 -2.99052e-05 0)
(0.033934 -8.27487e-05 0)
(0.0336231 -0.000142328 0)
(0.0332025 -0.000198082 0)
(0.0405539 -0.00351884 0)
(0.0434792 -0.00322756 0)
(0.0461384 -0.00292192 0)
(0.0487253 -0.00262474 0)
(0.051103 -0.00248572 0)
(0.0533229 -0.00244344 0)
(0.0554071 -0.00246905 0)
(0.0573813 -0.00253502 0)
(0.0592652 -0.00262637 0)
(0.0610734 -0.00273409 0)
(0.062817 -0.00285354 0)
(0.0645049 -0.00298236 0)
(0.0661443 -0.0031196 0)
(0.0677414 -0.00326508 0)
(0.0693015 -0.00341918 0)
(0.0708294 -0.00358257 0)
(0.0723295 -0.00375623 0)
(0.0738059 -0.00394128 0)
(0.0752624 -0.00413904 0)
(0.0767023 -0.00435092 0)
(0.0781291 -0.00457842 0)
(0.0795455 -0.00482311 0)
(0.0809543 -0.00508652 0)
(0.0823578 -0.00537018 0)
(0.0837581 -0.00567549 0)
(0.0851568 -0.00600372 0)
(0.086555 -0.00635591 0)
(0.0879537 -0.0067328 0)
(0.0893531 -0.00713482 0)
(0.0907529 -0.00756195 0)
(0.0921525 -0.00801371 0)
(0.0935505 -0.0084891 0)
(0.0949449 -0.0089865 0)
(0.0963329 -0.00950371 0)
(0.0977112 -0.0100379 0)
(0.0990755 -0.0105854 0)
(0.100421 -0.0111421 0)
(0.101741 -0.0117031 0)
(0.103029 -0.0122629 0)
(0.104276 -0.0128153 0)
(0.105475 -0.0133536 0)
(0.106614 -0.0138708 0)
(0.107683 -0.014359 0)
(0.108669 -0.0148104 0)
(0.10956 -0.0152166 0)
(0.110343 -0.0155691 0)
(0.111003 -0.0158594 0)
(0.111525 -0.0160792 0)
(0.111896 -0.0162207 0)
(0.112101 -0.0162768 0)
(0.11213 -0.0162415 0)
(0.111972 -0.0161101 0)
(0.111619 -0.01588 0)
(0.111069 -0.0155502 0)
(0.110322 -0.0151221 0)
(0.109383 -0.0145996 0)
(0.108265 -0.0139889 0)
(0.106982 -0.0132985 0)
(0.105555 -0.0125391 0)
(0.104009 -0.0117228 0)
(0.102371 -0.0108632 0)
(0.10067 -0.00997395 0)
(0.0989372 -0.00906878 0)
(0.0972009 -0.00816056 0)
(0.0954892 -0.00726093 0)
(0.093827 -0.00637989 0)
(0.0922358 -0.00552561 0)
(0.0907336 -0.00470435 0)
(0.0893341 -0.00392054 0)
(0.0880474 -0.00317688 0)
(0.08688 -0.00247463 0)
(0.085835 -0.00181382 0)
(0.084913 -0.00119349 0)
(0.0841119 -0.000612012 0)
(0.0834281 -6.72395e-05 0)
(0.0828566 0.000443252 0)
(0.0823913 0.000922019 0)
(0.0820256 0.00137163 0)
(0.0817524 0.00179455 0)
(0.0815644 0.00219308 0)
(0.0814543 0.00256934 0)
(0.081415 0.00292516 0)
(0.0814395 0.00326214 0)
(0.0815211 0.00358158 0)
(0.0816531 0.00388451 0)
(0.0818295 0.00417168 0)
(0.0820442 0.00444358 0)
(0.0822914 0.00470042 0)
(0.0825657 0.00494219 0)
(0.0828619 0.00516862 0)
(0.0831747 0.00537927 0)
(0.0834995 0.00557347 0)
(0.0838314 0.00575042 0)
(0.084166 0.00590919 0)
(0.0844989 0.00604872 0)
(0.084826 0.0061679 0)
(0.0851431 0.0062656 0)
(0.0854466 0.00634065 0)
(0.0857329 0.00639197 0)
(0.0859985 0.00641852 0)
(0.0862406 0.0064194 0)
(0.0864563 0.00639385 0)
(0.0866433 0.0063413 0)
(0.0867995 0.00626141 0)
(0.0869235 0.00615407 0)
(0.0870141 0.00601944 0)
(0.0870707 0.00585798 0)
(0.0870933 0.0056704 0)
(0.0870822 0.00545773 0)
(0.0870385 0.00522127 0)
(0.0869636 0.00496255 0)
(0.0868593 0.00468335 0)
(0.0867281 0.00438564 0)
(0.0865726 0.00407156 0)
(0.0863958 0.00374335 0)
(0.0862009 0.00340333 0)
(0.0859913 0.00305386 0)
(0.0857703 0.00269731 0)
(0.0855412 0.00233599 0)
(0.0853073 0.00197218 0)
(0.0850714 0.00160806 0)
(0.0848364 0.00124575 0)
(0.0846045 0.000887253 0)
(0.0843777 0.000534501 0)
(0.0841577 0.000189341 0)
(0.0839456 -0.00014645 0)
(0.0837422 -0.00047115 0)
(0.0835478 -0.000783084 0)
(0.0833624 -0.00108061 0)
(0.0831855 -0.00136211 0)
(0.0830165 -0.001626 0)
(0.0828542 -0.00187071 0)
(0.0826974 -0.0020947 0)
(0.0825447 -0.00229649 0)
(0.0823943 -0.00247465 0)
(0.0822448 -0.00262787 0)
(0.0820943 -0.00275493 0)
(0.0819412 -0.00285477 0)
(0.081784 -0.00292654 0)
(0.0816213 -0.0029696 0)
(0.0814519 -0.00298358 0)
(0.0812751 -0.00296841 0)
(0.08109 -0.00292436 0)
(0.0808966 -0.00285205 0)
(0.0806949 -0.00275248 0)
(0.0804854 -0.00262703 0)
(0.0802689 -0.00247746 0)
(0.0800464 -0.00230591 0)
(0.0798194 -0.00211485 0)
(0.0795894 -0.00190706 0)
(0.0793581 -0.00168561 0)
(0.0791273 -0.00145374 0)
(0.0788988 -0.00121487 0)
(0.0786741 -0.000972486 0)
(0.0784548 -0.000730108 0)
(0.0782422 -0.000491201 0)
(0.0780371 -0.000259121 0)
(0.0778404 -3.70527e-05 0)
(0.0776524 0.000172049 0)
(0.0774733 0.000365507 0)
(0.0773028 0.000540972 0)
(0.0771405 0.00069646 0)
(0.0769857 0.000830385 0)
(0.0768379 0.000941587 0)
(0.0766959 0.00102935 0)
(0.076559 0.00109342 0)
(0.0764261 0.00113397 0)
(0.0762965 0.00115166 0)
(0.0761694 0.00114753 0)
(0.0760442 0.00112306 0)
(0.0759203 0.00108004 0)
(0.0757975 0.00102058 0)
(0.0756756 0.00094705 0)
(0.0755546 0.000861968 0)
(0.0754347 0.000767979 0)
(0.0753161 0.000667762 0)
(0.0751992 0.000563965 0)
(0.0750846 0.000459139 0)
(0.0749726 0.000355675 0)
(0.0748638 0.000255755 0)
(0.0747588 0.000161307 0)
(0.0746579 7.39713e-05 0)
(0.0745616 -4.92186e-06 0)
(0.0744703 -7.43655e-05 0)
(0.0743843 -0.000133677 0)
(0.0743039 -0.000182492 0)
(0.0742291 -0.000220749 0)
(0.0741601 -0.000248665 0)
(0.0740968 -0.000266711 0)
(0.0740393 -0.000275573 0)
(0.0739874 -0.000276122 0)
(0.0739409 -0.000269374 0)
(0.0738995 -0.00025645 0)
(0.0738632 -0.00023854 0)
(0.0738315 -0.000216864 0)
(0.0738042 -0.00019264 0)
(0.0737809 -0.00016705 0)
(0.0737615 -0.000141201 0)
(0.0737456 -0.000116381 0)
(0.0737336 -8.87688e-05 0)
(0.092865 -0.00219944 0)
(0.0929349 -0.00268439 0)
(0.0932492 -0.00296424 0)
(0.0937249 -0.00315955 0)
(0.0943578 -0.00331331 0)
(0.095088 -0.00345073 0)
(0.0958827 -0.00358073 0)
(0.0967167 -0.00370658 0)
(0.0975741 -0.00382984 0)
(0.0984438 -0.00395166 0)
(0.0993183 -0.00407339 0)
(0.100192 -0.00419654 0)
(0.101061 -0.00432269 0)
(0.101924 -0.00445351 0)
(0.102777 -0.00459063 0)
(0.103619 -0.00473569 0)
(0.104451 -0.00489035 0)
(0.105271 -0.00505624 0)
(0.10608 -0.00523501 0)
(0.106876 -0.00542829 0)
(0.107661 -0.00563774 0)
(0.108434 -0.00586496 0)
(0.109196 -0.00611149 0)
(0.109946 -0.0063788 0)
(0.110684 -0.0066682 0)
(0.11141 -0.00698081 0)
(0.112122 -0.00731751 0)
(0.11282 -0.00767885 0)
(0.113501 -0.008065 0)
(0.114164 -0.00847569 0)
(0.114807 -0.00891012 0)
(0.115425 -0.00936689 0)
(0.116015 -0.00984399 0)
(0.116573 -0.0103387 0)
(0.117092 -0.0108474 0)
(0.117566 -0.0113661 0)
(0.117989 -0.0118895 0)
(0.118351 -0.0124119 0)
(0.118643 -0.0129266 0)
(0.118855 -0.0134266 0)
(0.118973 -0.0139037 0)
(0.118987 -0.0143496 0)
(0.118881 -0.0147553 0)
(0.118642 -0.0151116 0)
(0.118254 -0.0154088 0)
(0.117702 -0.0156375 0)
(0.116972 -0.0157884 0)
(0.116052 -0.0158526 0)
(0.114928 -0.0158227 0)
(0.113594 -0.0156925 0)
(0.112044 -0.0154579 0)
(0.110279 -0.0151176 0)
(0.108306 -0.0146728 0)
(0.106138 -0.0141279 0)
(0.103794 -0.0134902 0)
(0.101299 -0.0127702 0)
(0.0986865 -0.0119806 0)
(0.0959913 -0.0111363 0)
(0.0932531 -0.0102534 0)
(0.0905124 -0.00934806 0)
(0.0878095 -0.00843627 0)
(0.0851824 -0.00753263 0)
(0.082665 -0.00664989 0)
(0.0802862 -0.00579851 0)
(0.0780691 -0.00498647 0)
(0.0760303 -0.00421921 0)
(0.0741804 -0.00349981 0)
(0.0725245 -0.00282926 0)
(0.0710629 -0.00220684 0)
(0.0697917 -0.00163053 0)
(0.0687042 -0.00109736 0)
(0.0677916 -0.000603868 0)
(0.0670435 -0.00014629 0)
(0.0664489 0.00027914 0)
(0.0659965 0.000676056 0)
(0.0656752 0.00104784 0)
(0.0654742 0.00139756 0)
(0.065383 0.00172796 0)
(0.065392 0.0020414 0)
(0.065492 0.00233994 0)
(0.0656747 0.00262526 0)
(0.0659321 0.00289878 0)
(0.0662569 0.00316159 0)
(0.0666424 0.0034145 0)
(0.0670821 0.00365807 0)
(0.0675701 0.00389262 0)
(0.0681008 0.00411821 0)
(0.0686689 0.0043347 0)
(0.0692693 0.00454175 0)
(0.0698973 0.00473882 0)
(0.070548 0.0049252 0)
(0.0712171 0.00510004 0)
(0.0719001 0.00526234 0)
(0.0725927 0.00541101 0)
(0.0732907 0.00554485 0)
(0.0739901 0.00566264 0)
(0.0746867 0.00576309 0)
(0.0753767 0.00584493 0)
(0.0760562 0.00590692 0)
(0.0767215 0.00594788 0)
(0.077369 0.0059667 0)
(0.0779953 0.00596243 0)
(0.0785971 0.00593425 0)
(0.0791716 0.00588152 0)
(0.079716 0.00580382 0)
(0.0802278 0.00570094 0)
(0.080705 0.00557291 0)
(0.0811459 0.00542005 0)
(0.0815492 0.00524289 0)
(0.0819139 0.00504226 0)
(0.0822396 0.00481922 0)
(0.0825262 0.00457507 0)
(0.082774 0.00431134 0)
(0.0829837 0.00402974 0)
(0.0831564 0.00373215 0)
(0.0832935 0.0034206 0)
(0.0833965 0.00309721 0)
(0.0834673 0.00276416 0)
(0.0835078 0.00242371 0)
(0.08352 0.00207812 0)
(0.083506 0.00172964 0)
(0.0834677 0.00138051 0)
(0.083407 0.00103295 0)
(0.0833257 0.00068914 0)
(0.0832253 0.000351205 0)
(0.083107 2.12425e-05 0)
(0.082972 -0.000298694 0)
(0.0828211 -0.000606591 0)
(0.082655 -0.000900476 0)
(0.0824739 -0.00117842 0)
(0.0822782 -0.00143854 0)
(0.0820677 -0.00167902 0)
(0.0818425 -0.00189812 0)
(0.0816022 -0.00209418 0)
(0.0813466 -0.00226567 0)
(0.0810756 -0.00241122 0)
(0.0807891 -0.00252964 0)
(0.080487 -0.00261994 0)
(0.0801698 -0.00268142 0)
(0.079838 -0.00271364 0)
(0.0794925 -0.00271651 0)
(0.0791346 -0.00269027 0)
(0.078766 -0.00263556 0)
(0.0783888 -0.00255337 0)
(0.0780055 -0.0024451 0)
(0.0776188 -0.00231252 0)
(0.077232 -0.00215774 0)
(0.0768482 -0.00198319 0)
(0.0764708 -0.00179158 0)
(0.0761033 -0.00158585 0)
(0.0757488 -0.00136908 0)
(0.0754103 -0.00114451 0)
(0.0750905 -0.000915389 0)
(0.0747917 -0.000684981 0)
(0.0745155 -0.00045649 0)
(0.0742632 -0.000233011 0)
(0.0740354 -1.74856e-05 0)
(0.0738323 0.000187339 0)
(0.0736534 0.000378945 0)
(0.0734979 0.00055508 0)
(0.0733645 0.000713782 0)
(0.0732516 0.00085341 0)
(0.0731571 0.000972665 0)
(0.073079 0.00107061 0)
(0.0730151 0.00114668 0)
(0.0729629 0.0012007 0)
(0.0729202 0.00123289 0)
(0.0728848 0.00124384 0)
(0.0728546 0.00123451 0)
(0.0728276 0.00120624 0)
(0.0728022 0.00116064 0)
(0.0727768 0.00109963 0)
(0.0727502 0.00102537 0)
(0.0727215 0.00094015 0)
(0.07269 0.000846419 0)
(0.0726552 0.000746659 0)
(0.0726169 0.000643343 0)
(0.0725749 0.000538873 0)
(0.0725295 0.000435521 0)
(0.0724809 0.000335375 0)
(0.0724294 0.000240301 0)
(0.0723757 0.000151902 0)
(0.07232 7.14932e-05 0)
(0.0722632 8.97539e-08 0)
(0.0722057 -6.16036e-05 0)
(0.072148 -0.000113187 0)
(0.0720909 -0.000154556 0)
(0.0720348 -0.000185878 0)
(0.0719802 -0.000207573 0)
(0.0719277 -0.000220275 0)
(0.0718775 -0.000224805 0)
(0.0718302 -0.00022213 0)
(0.071786 -0.000213325 0)
(0.0717452 -0.000199537 0)
(0.0717079 -0.000181948 0)
(0.0716744 -0.000161747 0)
(0.0716447 -0.000140089 0)
(0.0716188 -0.000118078 0)
(0.0715966 -9.71368e-05 0)
(0.0715791 -7.45825e-05 0)
(0.128163 -0.00215119 0)
(0.128113 -0.00266039 0)
(0.128047 -0.00304326 0)
(0.128028 -0.00332951 0)
(0.128058 -0.00355609 0)
(0.128134 -0.00374602 0)
(0.128245 -0.00391276 0)
(0.128381 -0.00406401 0)
(0.128532 -0.00420445 0)
(0.128694 -0.0043374 0)
(0.12886 -0.00446549 0)
(0.129025 -0.00459107 0)
(0.129186 -0.00471632 0)
(0.12934 -0.00484333 0)
(0.129485 -0.00497412 0)
(0.129618 -0.00511064 0)
(0.129737 -0.00525481 0)
(0.129842 -0.00540848 0)
(0.12993 -0.0055735 0)
(0.13 -0.00575164 0)
(0.13005 -0.00594465 0)
(0.13008 -0.00615418 0)
(0.130087 -0.00638178 0)
(0.130069 -0.00662888 0)
(0.130026 -0.00689671 0)
(0.129953 -0.00718627 0)
(0.129849 -0.00749827 0)
(0.12971 -0.00783304 0)
(0.129533 -0.00819051 0)
(0.129313 -0.00857006 0)
(0.129046 -0.00897052 0)
(0.128726 -0.00939004 0)
(0.128346 -0.00982604 0)
(0.127899 -0.0102751 0)
(0.127377 -0.010733 0)
(0.126772 -0.0111945 0)
(0.126071 -0.0116534 0)
(0.125266 -0.0121028 0)
(0.124342 -0.0125347 0)
(0.123286 -0.0129403 0)
(0.122085 -0.0133103 0)
(0.120722 -0.0136348 0)
(0.119185 -0.0139035 0)
(0.117459 -0.0141063 0)
(0.11553 -0.0142329 0)
(0.113389 -0.014274 0)
(0.111027 -0.0142213 0)
(0.108442 -0.0140681 0)
(0.105633 -0.01381 0)
(0.102611 -0.0134459 0)
(0.0993892 -0.0129777 0)
(0.0959921 -0.0124112 0)
(0.0924516 -0.0117557 0)
(0.0888076 -0.0110237 0)
(0.0851067 -0.0102304 0)
(0.0814001 -0.00939306 0)
(0.0777411 -0.00853035 0)
(0.0741821 -0.00766115 0)
(0.0707718 -0.00680349 0)
(0.0675525 -0.00597342 0)
(0.0645577 -0.00518401 0)
(0.0618116 -0.00444472 0)
(0.0593284 -0.00376119 0)
(0.0571133 -0.00313546 0)
(0.0551635 -0.00256654 0)
(0.0534704 -0.00205116 0)
(0.0520209 -0.00158461 0)
(0.0507994 -0.00116142 0)
(0.0497887 -0.000776 0)
(0.0489716 -0.000422998 0)
(0.0483312 -9.75389e-05 0)
(0.0478517 0.000204666 0)
(0.0475184 0.000487307 0)
(0.0473179 0.000753518 0)
(0.0472382 0.00100594 0)
(0.0472684 0.00124678 0)
(0.0473988 0.00147789 0)
(0.0476208 0.00170083 0)
(0.0479265 0.00191685 0)
(0.0483089 0.002127 0)
(0.0487615 0.0023321 0)
(0.0492786 0.00253279 0)
(0.0498548 0.00272948 0)
(0.0504851 0.00292243 0)
(0.051165 0.00311172 0)
(0.0518899 0.00329725 0)
(0.0526559 0.00347876 0)
(0.0534588 0.00365583 0)
(0.0542949 0.00382789 0)
(0.0551603 0.00399423 0)
(0.0560515 0.004154 0)
(0.0569646 0.00430623 0)
(0.057896 0.00444986 0)
(0.0588421 0.00458375 0)
(0.0597992 0.00470667 0)
(0.0607636 0.00481736 0)
(0.0617315 0.00491454 0)
(0.0626993 0.00499692 0)
(0.0636632 0.00506324 0)
(0.0646194 0.00511228 0)
(0.0655642 0.00514292 0)
(0.0664939 0.00515411 0)
(0.0674048 0.00514494 0)
(0.0682934 0.00511465 0)
(0.0691564 0.00506265 0)
(0.0699904 0.00498853 0)
(0.0707924 0.00489211 0)
(0.0715596 0.00477339 0)
(0.0722894 0.00463264 0)
(0.0729795 0.00447033 0)
(0.073628 0.00428716 0)
(0.0742331 0.00408408 0)
(0.0747936 0.00386222 0)
(0.0753085 0.00362293 0)
(0.0757771 0.00336774 0)
(0.0761991 0.00309834 0)
(0.0765744 0.00281654 0)
(0.0769033 0.00252429 0)
(0.0771862 0.00222361 0)
(0.0774236 0.00191661 0)
(0.0776164 0.00160545 0)
(0.0777655 0.0012923 0)
(0.0778717 0.000979368 0)
(0.0779361 0.000668876 0)
(0.0779596 0.000363033 0)
(0.077943 6.40414e-05 0)
(0.0778874 -0.000225916 0)
(0.0777936 -0.000504683 0)
(0.0776623 -0.000770141 0)
(0.0774943 -0.00102022 0)
(0.0772904 -0.00125293 0)
(0.0770513 -0.00146635 0)
(0.0767779 -0.00165869 0)
(0.0764712 -0.00182831 0)
(0.0761323 -0.00197373 0)
(0.0757627 -0.0020937 0)
(0.0753641 -0.00218722 0)
(0.0749386 -0.00225359 0)
(0.0744888 -0.00229242 0)
(0.0740177 -0.00230369 0)
(0.0735287 -0.00228773 0)
(0.073026 -0.00224527 0)
(0.0725139 -0.0021774 0)
(0.0719973 -0.00208559 0)
(0.0714813 -0.00197162 0)
(0.0709713 -0.00183759 0)
(0.0704724 -0.00168584 0)
(0.06999 -0.0015189 0)
(0.0695291 -0.00133947 0)
(0.0690941 -0.0011503 0)
(0.0686891 -0.000954195 0)
(0.0683174 -0.000753942 0)
(0.0679815 -0.000552278 0)
(0.0676835 -0.00035185 0)
(0.0674242 -0.000155199 0)
(0.0672042 3.52714e-05 0)
(0.0670228 0.000217308 0)
(0.0668791 0.000388825 0)
(0.0667714 0.000547922 0)
(0.0666976 0.000692899 0)
(0.066655 0.000822278 0)
(0.0666407 0.000934817 0)
(0.0666516 0.00102953 0)
(0.0666843 0.00110572 0)
(0.0667355 0.00116297 0)
(0.0668016 0.00120117 0)
(0.0668794 0.00122053 0)
(0.0669655 0.00122158 0)
(0.0670569 0.00120514 0)
(0.0671507 0.00117235 0)
(0.0672442 0.00112462 0)
(0.0673351 0.00106361 0)
(0.0674214 0.000991166 0)
(0.0675013 0.000909323 0)
(0.0675733 0.000820213 0)
(0.0676365 0.00072603 0)
(0.06769 0.00062897 0)
(0.0677333 0.000531175 0)
(0.0677661 0.000434679 0)
(0.0677885 0.000341362 0)
(0.0678008 0.000252906 0)
(0.0678034 0.000170759 0)
(0.067797 9.61089e-05 0)
(0.0677822 2.98671e-05 0)
(0.06776 -2.73409e-05 0)
(0.0677315 -7.5174e-05 0)
(0.0676976 -0.000113566 0)
(0.0676594 -0.000142705 0)
(0.0676181 -0.000163015 0)
(0.0675748 -0.00017512 0)
(0.0675305 -0.000179811 0)
(0.0674863 -0.000178013 0)
(0.0674431 -0.000170745 0)
(0.0674017 -0.000159086 0)
(0.0673628 -0.00014414 0)
(0.0673269 -0.000127012 0)
(0.0672946 -0.00010877 0)
(0.0672662 -9.04184e-05 0)
(0.0672416 -7.34179e-05 0)
(0.0672213 -5.63727e-05 0)
(0.146523 -0.001791 0)
(0.146273 -0.00220131 0)
(0.145965 -0.00257316 0)
(0.145633 -0.00289563 0)
(0.1453 -0.00317293 0)
(0.144969 -0.00341286 0)
(0.144641 -0.00362255 0)
(0.144312 -0.00380783 0)
(0.143976 -0.00397347 0)
(0.14363 -0.00412357 0)
(0.14327 -0.00426174 0)
(0.142893 -0.00439127 0)
(0.142496 -0.00451521 0)
(0.142078 -0.00463635 0)
(0.141636 -0.00475734 0)
(0.141168 -0.00488064 0)
(0.140674 -0.00500855 0)
(0.14015 -0.00514328 0)
(0.139595 -0.00528688 0)
(0.139008 -0.00544129 0)
(0.138385 -0.00560832 0)
(0.137725 -0.00578963 0)
(0.137025 -0.00598672 0)
(0.13628 -0.00620086 0)
(0.135489 -0.00643312 0)
(0.134645 -0.00668421 0)
(0.133746 -0.00695454 0)
(0.132784 -0.00724404 0)
(0.131755 -0.00755215 0)
(0.130652 -0.00787773 0)
(0.129466 -0.00821893 0)
(0.12819 -0.00857316 0)
(0.126814 -0.00893694 0)
(0.125329 -0.00930588 0)
(0.123723 -0.00967454 0)
(0.121985 -0.0100365 0)
(0.120103 -0.0103842 0)
(0.118063 -0.0107094 0)
(0.115853 -0.0110026 0)
(0.11346 -0.0112544 0)
(0.11087 -0.0114544 0)
(0.108074 -0.0115929 0)
(0.105062 -0.0116602 0)
(0.10183 -0.0116474 0)
(0.0983763 -0.0115467 0)
(0.0947069 -0.0113521 0)
(0.0908347 -0.0110593 0)
(0.0867813 -0.0106674 0)
(0.0825782 -0.0101788 0)
(0.078267 -0.00960081 0)
(0.0738992 -0.00894559 0)
(0.0695341 -0.00822999 0)
(0.0652357 -0.00747461 0)
(0.0610685 -0.00670225 0)
(0.0570932 -0.00593591 0)
(0.053362 -0.00519668 0)
(0.0499153 -0.00450185 0)
(0.0467795 -0.00386351 0)
(0.0439674 -0.003288 0)
(0.0414788 -0.00277626 0)
(0.0393034 -0.00232491 0)
(0.0374235 -0.00192779 0)
(0.035817 -0.00157739 0)
(0.0344597 -0.00126607 0)
(0.0333275 -0.000986844 0)
(0.0323974 -0.000733764 0)
(0.0316484 -0.000501983 0)
(0.0310618 -0.000287653 0)
(0.0306212 -8.77312e-05 0)
(0.0303122 0.000100218 0)
(0.0301227 0.000278191 0)
(0.0300419 0.000447871 0)
(0.0300607 0.000610709 0)
(0.0301711 0.000767981 0)
(0.0303662 0.000920815 0)
(0.0306397 0.0010702 0)
(0.0309863 0.00121701 0)
(0.0314011 0.00136198 0)
(0.0318798 0.00150573 0)
(0.0324186 0.00164876 0)
(0.0330138 0.00179145 0)
(0.0336621 0.00193403 0)
(0.0343605 0.00207662 0)
(0.0351061 0.00221923 0)
(0.0358961 0.0023617 0)
(0.0367278 0.00250378 0)
(0.0375986 0.00264507 0)
(0.0385059 0.00278506 0)
(0.0394471 0.00292311 0)
(0.0404195 0.00305848 0)
(0.0414205 0.00319031 0)
(0.0424472 0.00331766 0)
(0.0434967 0.00343951 0)
(0.0445661 0.00355476 0)
(0.0456522 0.00366226 0)
(0.0467518 0.00376084 0)
(0.0478617 0.0038493 0)
(0.0489782 0.00392643 0)
(0.0500979 0.00399106 0)
(0.0512171 0.00404206 0)
(0.052332 0.00407835 0)
(0.0534387 0.00409893 0)
(0.0545336 0.00410293 0)
(0.0556125 0.00408956 0)
(0.0566718 0.00405821 0)
(0.0577075 0.00400839 0)
(0.058716 0.00393982 0)
(0.0596935 0.00385236 0)
(0.0606367 0.0037461 0)
(0.0615422 0.00362129 0)
(0.0624069 0.00347841 0)
(0.0632278 0.00331812 0)
(0.0640025 0.00314129 0)
(0.0647284 0.00294896 0)
(0.0654036 0.00274234 0)
(0.0660262 0.00252282 0)
(0.0665947 0.00229194 0)
(0.0671078 0.00205135 0)
(0.0675645 0.00180283 0)
(0.067964 0.00154825 0)
(0.0683058 0.00128957 0)
(0.0685896 0.00102881 0)
(0.0688152 0.000768041 0)
(0.0689826 0.00050938 0)
(0.069092 0.000254957 0)
(0.0691438 6.91725e-06 0)
(0.0691385 -0.000232607 0)
(0.0690768 -0.000461509 0)
(0.0689595 -0.00067773 0)
(0.0687877 -0.000879286 0)
(0.0685629 -0.0010643 0)
(0.0682866 -0.00123102 0)
(0.0679611 -0.00137787 0)
(0.0675888 -0.0015035 0)
(0.0671727 -0.00160679 0)
(0.0667164 -0.00168691 0)
(0.0662239 -0.00174335 0)
(0.0657001 -0.00177595 0)
(0.0651503 -0.00178491 0)
(0.0645805 -0.00177081 0)
(0.063997 -0.00173457 0)
(0.0634068 -0.00167745 0)
(0.0628168 -0.00160102 0)
(0.0622343 -0.00150708 0)
(0.0616663 -0.00139762 0)
(0.0611196 -0.00127476 0)
(0.0606005 -0.00114069 0)
(0.0601147 -0.000997582 0)
(0.0596669 -0.000847602 0)
(0.0592614 -0.000692838 0)
(0.0589011 -0.000535294 0)
(0.0585882 -0.000376885 0)
(0.0583239 -0.000219432 0)
(0.0581087 -6.46729e-05 0)
(0.0579421 8.57366e-05 0)
(0.057823 0.000230216 0)
(0.0577494 0.00036726 0)
(0.0577192 0.000495446 0)
(0.0577294 0.000613446 0)
(0.0577768 0.000720041 0)
(0.0578579 0.00081414 0)
(0.0579689 0.00089481 0)
(0.0581059 0.000961294 0)
(0.058265 0.00101303 0)
(0.0584419 0.0010497 0)
(0.0586327 0.0010712 0)
(0.0588333 0.00107768 0)
(0.05904 0.00106958 0)
(0.059249 0.00104757 0)
(0.0594568 0.00101257 0)
(0.0596602 0.00096576 0)
(0.0598563 0.000908502 0)
(0.0600425 0.000842354 0)
(0.0602165 0.000769011 0)
(0.0603765 0.000690266 0)
(0.0605209 0.000607963 0)
(0.0606487 0.000523946 0)
(0.0607591 0.000440013 0)
(0.0608518 0.000357864 0)
(0.0609268 0.000279057 0)
(0.0609844 0.000204973 0)
(0.0610254 0.00013678 0)
(0.0610507 7.54144e-05 0)
(0.0610616 2.156e-05 0)
(0.0610596 -2.43518e-05 0)
(0.0610462 -6.21399e-05 0)
(0.0610232 -9.18614e-05 0)
(0.0609924 -0.000113791 0)
(0.0609557 -0.000128396 0)
(0.0609148 -0.000136305 0)
(0.0608713 -0.000138275 0)
(0.060827 -0.000135156 0)
(0.0607832 -0.000127861 0)
(0.0607411 -0.000117332 0)
(0.0607017 -0.000104507 0)
(0.0606658 -9.03191e-05 0)
(0.0606339 -7.56482e-05 0)
(0.0606065 -6.12957e-05 0)
(0.0605834 -4.83695e-05 0)
(0.0605638 -3.7123e-05 0)
(0.145993 -0.00154867 0)
(0.145621 -0.00189896 0)
(0.145169 -0.00222754 0)
(0.144654 -0.00251988 0)
(0.144088 -0.002773 0)
(0.14348 -0.0029895 0)
(0.142831 -0.00317411 0)
(0.142143 -0.00333197 0)
(0.141417 -0.00346806 0)
(0.140651 -0.00358692 0)
(0.139847 -0.00369265 0)
(0.139004 -0.00378888 0)
(0.138122 -0.00387888 0)
(0.137202 -0.00396555 0)
(0.136242 -0.00405152 0)
(0.135243 -0.00413918 0)
(0.134203 -0.00423071 0)
(0.13312 -0.00432807 0)
(0.131993 -0.00443308 0)
(0.13082 -0.00454737 0)
(0.129596 -0.00467237 0)
(0.128319 -0.00480935 0)
(0.126985 -0.00495934 0)
(0.125589 -0.0051231 0)
(0.124125 -0.00530112 0)
(0.122588 -0.00549352 0)
(0.12097 -0.00570002 0)
(0.119263 -0.00591983 0)
(0.117461 -0.00615164 0)
(0.115553 -0.00639347 0)
(0.11353 -0.00664264 0)
(0.111381 -0.00689567 0)
(0.109097 -0.00714819 0)
(0.106666 -0.00739489 0)
(0.104076 -0.00762948 0)
(0.101318 -0.00784467 0)
(0.0983811 -0.00803223 0)
(0.0952558 -0.00818318 0)
(0.0919354 -0.008288 0)
(0.088416 -0.0083371 0)
(0.084698 -0.0083213 0)
(0.080788 -0.00823251 0)
(0.0767001 -0.0080644 0)
(0.0724573 -0.00781318 0)
(0.0680931 -0.00747841 0)
(0.0636513 -0.00706386 0)
(0.059186 -0.0065783 0)
(0.0547591 -0.00603605 0)
(0.0504367 -0.00545661 0)
(0.0462843 -0.004863 0)
(0.0423615 -0.00427892 0)
(0.038717 -0.00372549 0)
(0.0353853 -0.00321844 0)
(0.0323853 -0.00276669 0)
(0.0297206 -0.0023724 0)
(0.0273814 -0.00203226 0)
(0.0253477 -0.00173951 0)
(0.0235938 -0.00148595 0)
(0.0220909 -0.00126366 0)
(0.0208112 -0.00106598 0)
(0.0197284 -0.000887869 0)
(0.0188196 -0.000725793 0)
(0.0180649 -0.000577346 0)
(0.0174475 -0.000440806 0)
(0.0169533 -0.000314782 0)
(0.0165702 -0.000197994 0)
(0.016288 -8.91787e-05 0)
(0.016098 1.29255e-05 0)
(0.0159928 0.000109546 0)
(0.0159658 0.000201842 0)
(0.0160114 0.000290873 0)
(0.0161248 0.000377591 0)
(0.0163019 0.000462831 0)
(0.016539 0.000547323 0)
(0.0168332 0.000631698 0)
(0.0171819 0.000716496 0)
(0.0175827 0.000802176 0)
(0.0180338 0.000889117 0)
(0.0185334 0.000977625 0)
(0.0190801 0.00106793 0)
(0.0196725 0.00116018 0)
(0.0203094 0.00125445 0)
(0.0209895 0.00135073 0)
(0.0217117 0.00144891 0)
(0.0224748 0.0015488 0)
(0.0232776 0.00165012 0)
(0.0241188 0.00175247 0)
(0.024997 0.00185538 0)
(0.0259107 0.00195827 0)
(0.0268583 0.0020605 0)
(0.027838 0.00216132 0)
(0.0288477 0.00225991 0)
(0.0298854 0.00235539 0)
(0.0309486 0.00244683 0)
(0.0320347 0.00253324 0)
(0.033141 0.00261363 0)
(0.0342645 0.00268696 0)
(0.0354019 0.00275221 0)
(0.0365499 0.00280839 0)
(0.0377049 0.00285451 0)
(0.0388631 0.00288967 0)
(0.0400205 0.00291298 0)
(0.0411733 0.00292369 0)
(0.0423171 0.00292111 0)
(0.0434478 0.00290468 0)
(0.0445611 0.00287394 0)
(0.0456527 0.00282861 0)
(0.0467183 0.00276851 0)
(0.0477536 0.00269364 0)
(0.0487546 0.00260418 0)
(0.0497172 0.00250044 0)
(0.0506375 0.00238291 0)
(0.0515118 0.00225226 0)
(0.0523366 0.00210931 0)
(0.0531087 0.00195504 0)
(0.053825 0.00179057 0)
(0.0544827 0.00161716 0)
(0.0550793 0.0014362 0)
(0.0556128 0.0012492 0)
(0.0560811 0.00105777 0)
(0.0564826 0.000863574 0)
(0.0568162 0.00066839 0)
(0.0570809 0.000474028 0)
(0.057276 0.000282338 0)
(0.0574014 9.51909e-05 0)
(0.0574572 -8.5548e-05 0)
(0.057444 -0.000258039 0)
(0.0573629 -0.000420496 0)
(0.0572154 -0.000571219 0)
(0.0570038 -0.000708627 0)
(0.0567308 -0.000831296 0)
(0.0563997 -0.000937999 0)
(0.0560148 -0.00102774 0)
(0.0555808 -0.00109981 0)
(0.0551034 -0.00115379 0)
(0.0545888 -0.00118959 0)
(0.0540439 -0.00120746 0)
(0.0534763 -0.00120798 0)
(0.0528936 -0.00119203 0)
(0.0523042 -0.00116076 0)
(0.051716 -0.00111551 0)
(0.0511371 -0.00105779 0)
(0.0505752 -0.000989161 0)
(0.0500373 -0.000911195 0)
(0.0495299 -0.000825422 0)
(0.0490587 -0.000733284 0)
(0.0486282 -0.000636114 0)
(0.0482424 -0.000535133 0)
(0.0479041 -0.00043146 0)
(0.0476153 -0.00032613 0)
(0.0473771 -0.00022012 0)
(0.0471898 -0.000114379 0)
(0.0470532 -9.84332e-06 0)
(0.0469662 9.25407e-05 0)
(0.0469273 0.000191811 0)
(0.0469345 0.000286991 0)
(0.0469851 0.000377093 0)
(0.0470764 0.000461138 0)
(0.0472051 0.00053817 0)
(0.0473677 0.000607286 0)
(0.0475606 0.000667655 0)
(0.0477796 0.00071855 0)
(0.0480208 0.00075937 0)
(0.0482798 0.000789668 0)
(0.0485526 0.000809166 0)
(0.0488348 0.00081778 0)
(0.0491221 0.000815623 0)
(0.0494106 0.00080302 0)
(0.0496963 0.000780498 0)
(0.0499754 0.000748788 0)
(0.0502445 0.000708805 0)
(0.0505004 0.000661629 0)
(0.0507405 0.000608477 0)
(0.0509622 0.000550671 0)
(0.0511638 0.000489599 0)
(0.0513438 0.000426674 0)
(0.0515012 0.000363293 0)
(0.0516354 0.000300796 0)
(0.0517467 0.000240425 0)
(0.0518353 0.000183292 0)
(0.0519022 0.000130347 0)
(0.0519488 8.23577e-05 0)
(0.0519767 3.98987e-05 0)
(0.0519877 3.34286e-06 0)
(0.0519841 -2.71342e-05 0)
(0.0519681 -5.15436e-05 0)
(0.051942 -7.00664e-05 0)
(0.0519082 -8.30326e-05 0)
(0.0518689 -9.08958e-05 0)
(0.0518263 -9.42073e-05 0)
(0.0517822 -9.35885e-05 0)
(0.0517383 -8.97074e-05 0)
(0.0516962 -8.32504e-05 0)
(0.0516569 -7.49088e-05 0)
(0.0516214 -6.53492e-05 0)
(0.0515903 -5.5222e-05 0)
(0.0515638 -4.51031e-05 0)
(0.0515421 -3.55864e-05 0)
(0.0515249 -2.70427e-05 0)
(0.0515102 -2.09573e-05 0)
(0.126602 -0.00125752 0)
(0.126071 -0.00151724 0)
(0.125435 -0.00176089 0)
(0.124702 -0.00197548 0)
(0.123883 -0.00215648 0)
(0.122986 -0.00230505 0)
(0.122019 -0.00242524 0)
(0.120987 -0.00252207 0)
(0.119895 -0.00260055 0)
(0.118749 -0.00266517 0)
(0.117551 -0.00271982 0)
(0.116305 -0.00276776 0)
(0.115014 -0.00281177 0)
(0.113679 -0.0028542 0)
(0.112301 -0.0028971 0)
(0.110881 -0.00294223 0)
(0.109417 -0.00299117 0)
(0.107908 -0.00304526 0)
(0.106352 -0.00310567 0)
(0.104745 -0.0031734 0)
(0.103084 -0.00324923 0)
(0.101365 -0.00333372 0)
(0.099581 -0.00342718 0)
(0.0977271 -0.00352964 0)
(0.0957963 -0.0036408 0)
(0.0937814 -0.00375997 0)
(0.0916744 -0.00388601 0)
(0.089467 -0.00401729 0)
(0.0871507 -0.0041516 0)
(0.084717 -0.00428608 0)
(0.0821574 -0.00441718 0)
(0.0794641 -0.00454056 0)
(0.0766306 -0.00465114 0)
(0.0736519 -0.00474299 0)
(0.0705254 -0.00480956 0)
(0.067252 -0.00484377 0)
(0.0638368 -0.00483852 0)
(0.0602907 -0.00478726 0)
(0.056631 -0.00468488 0)
(0.0528823 -0.00452867 0)
(0.0490772 -0.00431922 0)
(0.045256 -0.00406097 0)
(0.0414655 -0.00376228 0)
(0.0377573 -0.00343484 0)
(0.0341846 -0.00309259 0)
(0.0307982 -0.00275017 0)
(0.0276414 -0.00242116 0)
(0.0247452 -0.00211645 0)
(0.0221255 -0.00184304 0)
(0.0197834 -0.00160353 0)
(0.0177086 -0.00139663 0)
(0.0158833 -0.00121831 0)
(0.0142863 -0.0010632 0)
(0.0128953 -0.000925873 0)
(0.0116887 -0.000801777 0)
(0.010646 -0.000687925 0)
(0.00974865 -0.000583005 0)
(0.00898024 -0.000486965 0)
(0.00832641 -0.000400269 0)
(0.00777483 -0.000323195 0)
(0.00731484 -0.000255451 0)
(0.0069372 -0.000196144 0)
(0.00663385 -0.000143964 0)
(0.00639771 -9.74355e-05 0)
(0.00622268 -5.51247e-05 0)
(0.00610351 -1.57702e-05 0)
(0.00603575 2.16617e-05 0)
(0.00601573 5.79762e-05 0)
(0.00604042 9.37814e-05 0)
(0.0061074 0.000129535 0)
(0.00621473 0.00016559 0)
(0.00636094 0.000202235 0)
(0.0065449 0.000239724 0)
(0.0067658 0.000278289 0)
(0.00702307 0.000318156 0)
(0.00731639 0.000359542 0)
(0.0076456 0.00040265 0)
(0.0080107 0.000447669 0)
(0.00841177 0.000494761 0)
(0.00884901 0.00054406 0)
(0.00932264 0.000595657 0)
(0.0098329 0.000649598 0)
(0.01038 0.000705875 0)
(0.0109642 0.000764422 0)
(0.0115856 0.000825107 0)
(0.0122441 0.00088773 0)
(0.0129396 0.000952025 0)
(0.0136718 0.00101765 0)
(0.0144402 0.00108419 0)
(0.0152442 0.00115118 0)
(0.0160827 0.00121808 0)
(0.0169546 0.00128427 0)
(0.0178585 0.00134912 0)
(0.0187924 0.00141193 0)
(0.0197545 0.00147198 0)
(0.0207424 0.0015285 0)
(0.0217534 0.00158075 0)
(0.0227848 0.00162795 0)
(0.0238331 0.00166934 0)
(0.0248951 0.00170421 0)
(0.025967 0.00173184 0)
(0.0270448 0.0017516 0)
(0.0281244 0.00176289 0)
(0.0292013 0.00176521 0)
(0.0302712 0.00175811 0)
(0.0313292 0.00174126 0)
(0.0323708 0.00171443 0)
(0.0333911 0.00167749 0)
(0.0343853 0.00163045 0)
(0.0353486 0.00157341 0)
(0.0362763 0.00150663 0)
(0.0371638 0.0014305 0)
(0.0380067 0.00134551 0)
(0.0388006 0.00125231 0)
(0.0395415 0.00115167 0)
(0.0402256 0.00104445 0)
(0.0408495 0.000931656 0)
(0.04141 0.000814382 0)
(0.0419045 0.000693809 0)
(0.0423307 0.000571201 0)
(0.0426866 0.000447881 0)
(0.042971 0.000325218 0)
(0.0431832 0.000204605 0)
(0.043323 8.74415e-05 0)
(0.0433908 -2.48984e-05 0)
(0.0433879 -0.000131089 0)
(0.0433161 -0.000229889 0)
(0.0431781 -0.000320167 0)
(0.0429773 -0.000400945 0)
(0.042718 -0.000471426 0)
(0.042405 -0.000531023 0)
(0.0420441 -0.000579384 0)
(0.0416416 -0.000616404 0)
(0.0412045 -0.000642227 0)
(0.04074 -0.000657233 0)
(0.0402557 -0.000662012 0)
(0.0397594 -0.000657325 0)
(0.0392586 -0.000644058 0)
(0.0387607 -0.000623162 0)
(0.0382727 -0.000595607 0)
(0.0378008 -0.000562328 0)
(0.0373509 -0.000524192 0)
(0.0369281 -0.00048197 0)
(0.0365366 -0.000436329 0)
(0.0361801 -0.000387833 0)
(0.0358614 -0.000336956 0)
(0.0355827 -0.000284104 0)
(0.0353457 -0.000229638 0)
(0.0351513 -0.000173898 0)
(0.0350002 -0.000117229 0)
(0.0348925 -6.00023e-05 0)
(0.0348277 -2.62686e-06 0)
(0.0348051 5.44373e-05 0)
(0.0348236 0.000110677 0)
(0.0348816 0.000165526 0)
(0.0349774 0.000218376 0)
(0.0351086 0.000268586 0)
(0.0352728 0.000315502 0)
(0.0354671 0.000358471 0)
(0.0356883 0.000396868 0)
(0.0359331 0.000430115 0)
(0.0361978 0.000457703 0)
(0.0364786 0.000479211 0)
(0.0367715 0.00049433 0)
(0.0370725 0.000502872 0)
(0.0373775 0.000504783 0)
(0.0376826 0.000500156 0)
(0.0379838 0.000489226 0)
(0.0382774 0.000472371 0)
(0.0385599 0.000450104 0)
(0.0388281 0.00042306 0)
(0.0390793 0.000391974 0)
(0.0393111 0.000357661 0)
(0.0395215 0.000320989 0)
(0.0397092 0.00028285 0)
(0.0398733 0.000244131 0)
(0.0400134 0.000205683 0)
(0.0401297 0.000168298 0)
(0.0402228 0.000132684 0)
(0.0402939 9.94462e-05 0)
(0.0403444 6.90767e-05 0)
(0.0403762 4.19443e-05 0)
(0.0403913 1.82945e-05 0)
(0.040392 -1.74709e-06 0)
(0.0403806 -1.81671e-05 0)
(0.0403596 -3.10533e-05 0)
(0.0403311 -4.05812e-05 0)
(0.0402974 -4.69989e-05 0)
(0.0402606 -5.06127e-05 0)
(0.0402225 -5.17706e-05 0)
(0.0401846 -5.0851e-05 0)
(0.0401483 -4.82437e-05 0)
(0.0401146 -4.43491e-05 0)
(0.0400844 -3.9553e-05 0)
(0.0400581 -3.42179e-05 0)
(0.040036 -2.87507e-05 0)
(0.0400182 -2.32902e-05 0)
(0.0400042 -1.84496e-05 0)
(0.0399942 -1.38051e-05 0)
(0.0399855 -1.07503e-05 0)
(0.0881871 -0.000823698 0)
(0.0874731 -0.000982906 0)
(0.086636 -0.00111799 0)
(0.0856885 -0.0012213 0)
(0.0846471 -0.0012927 0)
(0.0835283 -0.0013369 0)
(0.0823467 -0.00136054 0)
(0.0811143 -0.00137015 0)
(0.0798406 -0.00137111 0)
(0.0785327 -0.00136749 0)
(0.0771957 -0.00136215 0)
(0.0758332 -0.00135704 0)
(0.074447 -0.00135351 0)
(0.0730378 -0.00135252 0)
(0.0716055 -0.00135476 0)
(0.0701487 -0.00136074 0)
(0.0686654 -0.00137082 0)
(0.0671529 -0.00138524 0)
(0.0656077 -0.00140409 0)
(0.064026 -0.00142731 0)
(0.0624032 -0.00145471 0)
(0.0607345 -0.00148589 0)
(0.0590149 -0.00152027 0)
(0.0572389 -0.00155705 0)
(0.0554016 -0.00159519 0)
(0.0534978 -0.0016334 0)
(0.0515231 -0.0016701 0)
(0.049474 -0.00170349 0)
(0.047348 -0.00173151 0)
(0.0451443 -0.0017519 0)
(0.0428644 -0.00176231 0)
(0.0405124 -0.00176037 0)
(0.0380957 -0.00174383 0)
(0.0356256 -0.00171082 0)
(0.0331177 -0.00165997 0)
(0.0305916 -0.0015908 0)
(0.0280714 -0.0015039 0)
(0.0255836 -0.00140128 0)
(0.0231561 -0.00128642 0)
(0.0208162 -0.00116424 0)
(0.0185882 -0.00104072 0)
(0.0164917 -0.00092219 0)
(0.0145414 -0.000814469 0)
(0.0127462 -0.000721843 0)
(0.0111101 -0.000645896 0)
(0.00963331 -0.000584583 0)
(0.00831217 -0.000532359 0)
(0.00714013 -0.00048207 0)
(0.00610794 -0.000428039 0)
(0.00520437 -0.000368513 0)
(0.00441719 -0.000305953 0)
(0.00373408 -0.000245248 0)
(0.00314336 -0.00019123 0)
(0.00263443 -0.000146897 0)
(0.00219793 -0.00011289 0)
(0.00182572 -8.80211e-05 0)
(0.00151061 -7.019e-05 0)
(0.00124616 -5.71875e-05 0)
(0.00102645 -4.71489e-05 0)
(0.000846113 -3.87083e-05 0)
(0.000700401 -3.09802e-05 0)
(0.000585254 -2.34659e-05 0)
(0.000497338 -1.5939e-05 0)
(0.000434012 -8.33265e-06 0)
(0.000393244 -6.49073e-07 0)
(0.00037352 7.1021e-06 0)
(0.000373748 1.49349e-05 0)
(0.000393179 2.28955e-05 0)
(0.000431337 3.10575e-05 0)
(0.00048797 3.95132e-05 0)
(0.000563018 4.83653e-05 0)
(0.000656584 5.77213e-05 0)
(0.000768922 6.76906e-05 0)
(0.000900425 7.83832e-05 0)
(0.00105162 8.99088e-05 0)
(0.00122314 0.000102377 0)
(0.00141574 0.000115894 0)
(0.00163027 0.000130563 0)
(0.00186768 0.000146482 0)
(0.00212895 0.000163736 0)
(0.00241512 0.000182398 0)
(0.00272726 0.000202521 0)
(0.00306642 0.000224137 0)
(0.00343363 0.000247247 0)
(0.00382982 0.000271822 0)
(0.00425586 0.000297799 0)
(0.00471248 0.000325074 0)
(0.00520024 0.000353505 0)
(0.0057195 0.000382906 0)
(0.00627043 0.000413052 0)
(0.0068529 0.000443678 0)
(0.00746655 0.000474482 0)
(0.0081107 0.000505125 0)
(0.00878435 0.000535243 0)
(0.00948619 0.000564445 0)
(0.0102146 0.000592322 0)
(0.0109675 0.000618455 0)
(0.0117426 0.00064242 0)
(0.0125372 0.000663796 0)
(0.0133483 0.000682177 0)
(0.0141725 0.000697172 0)
(0.0150064 0.000708423 0)
(0.015846 0.000715604 0)
(0.0166872 0.000718436 0)
(0.0175256 0.000716688 0)
(0.0183569 0.000710189 0)
(0.0191764 0.000698833 0)
(0.0199795 0.000682581 0)
(0.0207614 0.000661469 0)
(0.0215175 0.000635609 0)
(0.0222432 0.000605192 0)
(0.022934 0.000570486 0)
(0.0235857 0.000531836 0)
(0.0241943 0.000489663 0)
(0.024756 0.000444453 0)
(0.0252676 0.000396756 0)
(0.0257261 0.000347175 0)
(0.0261292 0.000296355 0)
(0.0264748 0.000244971 0)
(0.0267617 0.000193715 0)
(0.0269893 0.000143277 0)
(0.0271573 9.43338e-05 0)
(0.0272665 4.75269e-05 0)
(0.0273183 3.44652e-06 0)
(0.0273145 -3.73855e-05 0)
(0.027258 -7.45319e-05 0)
(0.0271522 -0.000107653 0)
(0.0270009 -0.000136519 0)
(0.0268087 -0.000161009 0)
(0.0265805 -0.000181116 0)
(0.0263217 -0.000196938 0)
(0.0260378 -0.000208663 0)
(0.0257343 -0.000216554 0)
(0.0254168 -0.000220926 0)
(0.0250907 -0.000222125 0)
(0.0247612 -0.000220507 0)
(0.0244331 -0.00021642 0)
(0.0241108 -0.00021019 0)
(0.0237982 -0.000202113 0)
(0.0234988 -0.000192444 0)
(0.0232155 -0.000181399 0)
(0.022951 -0.000169149 0)
(0.0227074 -0.000155827 0)
(0.0224865 -0.000141529 0)
(0.0222898 -0.000126319 0)
(0.0221185 -0.000110242 0)
(0.0219737 -9.33264e-05 0)
(0.021856 -7.56014e-05 0)
(0.0217662 -5.7104e-05 0)
(0.0217046 -3.7891e-05 0)
(0.0216713 -1.8048e-05 0)
(0.0216666 2.30322e-06 0)
(0.02169 2.3001e-05 0)
(0.0217411 4.38421e-05 0)
(0.0218192 6.45844e-05 0)
(0.0219232 8.49512e-05 0)
(0.0220517 0.00010464 0)
(0.0222032 0.000123332 0)
(0.0223756 0.000140703 0)
(0.0225668 0.000156438 0)
(0.0227741 0.00017024 0)
(0.022995 0.000181847 0)
(0.0232263 0.000191039 0)
(0.0234651 0.00019765 0)
(0.0237081 0.000201576 0)
(0.0239522 0.000202778 0)
(0.0241942 0.000201286 0)
(0.024431 0.000197199 0)
(0.0246599 0.00019068 0)
(0.0248782 0.000181953 0)
(0.0250835 0.000171292 0)
(0.0252739 0.00015901 0)
(0.0254478 0.000145451 0)
(0.025604 0.000130971 0)
(0.0257418 0.000115933 0)
(0.0258609 0.000100686 0)
(0.0259612 8.55629e-05 0)
(0.0260434 7.08644e-05 0)
(0.0261083 5.68551e-05 0)
(0.0261569 4.37579e-05 0)
(0.0261907 3.1751e-05 0)
(0.0262112 2.09669e-05 0)
(0.02622 1.14932e-05 0)
(0.0262191 3.37513e-06 0)
(0.0262101 -3.38153e-06 0)
(0.0261947 -8.80634e-06 0)
(0.0261747 -1.29597e-05 0)
(0.0261515 -1.59282e-05 0)
(0.0261266 -1.782e-05 0)
(0.0261011 -1.87594e-05 0)
(0.026076 -1.88835e-05 0)
(0.0260523 -1.83377e-05 0)
(0.0260305 -1.72634e-05 0)
(0.0260112 -1.58325e-05 0)
(0.0259945 -1.4108e-05 0)
(0.0259806 -1.24088e-05 0)
(0.0259695 -1.04434e-05 0)
(0.0259608 -8.88095e-06 0)
(0.0259545 -6.9777e-06 0)
(0.0259491 -5.03652e-06 0)
(0.0326768 -0.000241129 0)
(0.0320618 -0.000265191 0)
(0.0313825 -0.000268648 0)
(0.0306651 -0.000255357 0)
(0.0299303 -0.000232372 0)
(0.0291911 -0.000206751 0)
(0.0284541 -0.00018349 0)
(0.0277219 -0.000165038 0)
(0.0269949 -0.000151844 0)
(0.0262726 -0.000143222 0)
(0.0255543 -0.000138086 0)
(0.0248387 -0.000135405 0)
(0.0241246 -0.000134384 0)
(0.0234105 -0.000134486 0)
(0.0226945 -0.000135369 0)
(0.0219749 -0.000136811 0)
(0.0212495 -0.000138644 0)
(0.0205163 -0.000140709 0)
(0.0197731 -0.000142833 0)
(0.019018 -0.000144814 0)
(0.0182491 -0.000146419 0)
(0.0174652 -0.000147385 0)
(0.016665 -0.000147425 0)
(0.0158481 -0.00014624 0)
(0.0150146 -0.000143532 0)
(0.0141652 -0.000139034 0)
(0.0133016 -0.000132542 0)
(0.0124262 -0.000123959 0)
(0.0115424 -0.000113349 0)
(0.0106544 -0.000100986 0)
(0.00976722 -8.74107e-05 0)
(0.00888645 -7.34483e-05 0)
(0.00801818 -6.01889e-05 0)
(0.00716869 -4.88887e-05 0)
(0.00634428 -4.07702e-05 0)
(0.00555109 -3.67201e-05 0)
(0.00479504 -3.69358e-05 0)
(0.00408171 -4.06406e-05 0)
(0.00341634 -4.60328e-05 0)
(0.00280358 -5.05962e-05 0)
(0.00224706 -5.17514e-05 0)
(0.00174883 -4.76453e-05 0)
(0.00130875 -3.77748e-05 0)
(0.00092402 -2.31893e-05 0)
(0.000589394 -6.17184e-06 0)
(0.000298116 1.04883e-05 0)
(4.36219e-05 2.4322e-05 0)
(-0.000178836 3.37533e-05 0)
(-0.000371619 3.82604e-05 0)
(-0.000535519 3.82217e-05 0)
(-0.000671296 3.46345e-05 0)
(-0.000780886 2.88259e-05 0)
(-0.000867662 2.21905e-05 0)
(-0.00093587 1.59566e-05 0)
(-0.000989727 1.09963e-05 0)
(-0.00103274 7.71555e-06 0)
(-0.00106742 6.06074e-06 0)
(-0.00109546 5.6425e-06 0)
(-0.00111792 5.92494e-06 0)
(-0.0011355 6.40393e-06 0)
(-0.00114874 6.71927e-06 0)
(-0.00115805 6.68801e-06 0)
(-0.00116376 6.2797e-06 0)
(-0.00116611 5.56444e-06 0)
(-0.00116527 4.65924e-06 0)
(-0.00116133 3.68639e-06 0)
(-0.00115428 2.74821e-06 0)
(-0.00114405 1.91629e-06 0)
(-0.00113049 1.23132e-06 0)
(-0.0011134 7.08885e-07 0)
(-0.00109252 3.47585e-07 0)
(-0.00106754 1.37055e-07 0)
(-0.00103812 6.44525e-08 0)
(-0.00100387 1.19e-07 0)
(-0.000964347 2.94669e-07 0)
(-0.000919084 5.91381e-07 0)
(-0.000867543 1.01514e-06 0)
(-0.00080914 1.57749e-06 0)
(-0.000743235 2.29457e-06 0)
(-0.000669136 3.18589e-06 0)
(-0.000586105 4.27307e-06 0)
(-0.00049336 5.5784e-06 0)
(-0.00039009 7.12345e-06 0)
(-0.000275462 8.92759e-06 0)
(-0.000148644 1.10066e-05 0)
(-8.81761e-06 1.33713e-05 0)
(0.0001448 1.60263e-05 0)
(0.000312931 1.8969e-05 0)
(0.000496219 2.21883e-05 0)
(0.000695199 2.56648e-05 0)
(0.000910277 2.93694e-05 0)
(0.00114171 3.32641e-05 0)
(0.00138957 3.7302e-05 0)
(0.00165375 4.14279e-05 0)
(0.00193392 4.55791e-05 0)
(0.00222954 4.9687e-05 0)
(0.00253983 5.36782e-05 0)
(0.00286378 5.74766e-05 0)
(0.00320014 6.10051e-05 0)
(0.00354741 6.41877e-05 0)
(0.00390389 6.69514e-05 0)
(0.00426766 6.9229e-05 0)
(0.00463662 7.09605e-05 0)
(0.00500847 7.20956e-05 0)
(0.00538082 7.25953e-05 0)
(0.00575112 7.24337e-05 0)
(0.00611678 7.15992e-05 0)
(0.00647518 7.00954e-05 0)
(0.00682369 6.79416e-05 0)
(0.00715974 6.51732e-05 0)
(0.00748086 6.18405e-05 0)
(0.00778471 5.80081e-05 0)
(0.00806914 5.3753e-05 0)
(0.00833223 4.91621e-05 0)
(0.00857231 4.43299e-05 0)
(0.008788 3.93544e-05 0)
(0.00897826 3.43342e-05 0)
(0.00914238 2.9364e-05 0)
(0.00928001 2.45313e-05 0)
(0.00939118 1.99125e-05 0)
(0.00947624 1.55701e-05 0)
(0.00953594 1.15508e-05 0)
(0.0095713 7.88437e-06 0)
(0.00958368 4.58391e-06 0)
(0.00957468 1.64776e-06 0)
(0.00954612 -9.3797e-07 0)
(0.0095 -3.19577e-06 0)
(0.00943842 -5.15295e-06 0)
(0.00936355 -6.83807e-06 0)
(0.00927757 -8.27821e-06 0)
(0.00918264 -9.49736e-06 0)
(0.00908082 -1.05161e-05 0)
(0.00897407 -1.13523e-05 0)
(0.00886418 -1.20227e-05 0)
(0.00875282 -1.25442e-05 0)
(0.00864145 -1.29351e-05 0)
(0.00853138 -1.32152e-05 0)
(0.00842372 -1.34047e-05 0)
(0.00831947 -1.35227e-05 0)
(0.00821944 -1.35849e-05 0)
(0.00812436 -1.36012e-05 0)
(0.00803485 -1.35743e-05 0)
(0.00795147 -1.34985e-05 0)
(0.00787472 -1.33603e-05 0)
(0.00780507 -1.31398e-05 0)
(0.00774299 -1.28118e-05 0)
(0.00768896 -1.23492e-05 0)
(0.00764342 -1.17247e-05 0)
(0.00760685 -1.09137e-05 0)
(0.00757971 -9.8964e-06 0)
(0.00756242 -8.65953e-06 0)
(0.00755536 -7.19808e-06 0)
(0.00755884 -5.51614e-06 0)
(0.0075731 -3.62745e-06 0)
(0.00759822 -1.55545e-06 0)
(0.00763417 6.67314e-07 0)
(0.00768075 3.00019e-06 0)
(0.00773759 5.39591e-06 0)
(0.00780414 7.80247e-06 0)
(0.00787967 1.01653e-05 0)
(0.00796329 1.24293e-05 0)
(0.00805394 1.45416e-05 0)
(0.00815041 1.6453e-05 0)
(0.0082514 1.81207e-05 0)
(0.00835551 1.95091e-05 0)
(0.00846133 2.05915e-05 0)
(0.00856739 2.13506e-05 0)
(0.00867228 2.17789e-05 0)
(0.00877466 2.18783e-05 0)
(0.00887327 2.16597e-05 0)
(0.00896699 2.11424e-05 0)
(0.00905484 2.03522e-05 0)
(0.00913603 1.93211e-05 0)
(0.00920994 1.80849e-05 0)
(0.00927615 1.66825e-05 0)
(0.00933442 1.51542e-05 0)
(0.0093847 1.35403e-05 0)
(0.0094271 1.18802e-05 0)
(0.00946189 1.02109e-05 0)
(0.00948947 8.56683e-06 0)
(0.00951034 6.97845e-06 0)
(0.0095251 5.47223e-06 0)
(0.0095344 4.07013e-06 0)
(0.00953893 2.78948e-06 0)
(0.00953942 1.64298e-06 0)
(0.00953657 6.38778e-07 0)
(0.00953106 -2.19352e-07 0)
(0.00952356 -9.31764e-07 0)
(0.00951466 -1.50258e-06 0)
(0.00950492 -1.93955e-06 0)
(0.0094948 -2.25275e-06 0)
(0.00948471 -2.45721e-06 0)
(0.00947498 -2.56232e-06 0)
(0.00946585 -2.59919e-06 0)
(0.00945748 -2.54586e-06 0)
(0.00945007 -2.49297e-06 0)
(0.00944338 -2.29644e-06 0)
(0.00943803 -2.15926e-06 0)
(0.00943314 -1.74649e-06 0)
(0.00942949 -1.21878e-06 0)
)
;

boundaryField
{
    inlet
    {
        type            fixedProfile;
        profile         table
        
21
(
(0 (0 0 0))
(0.05 (0.0285 0 0))
(0.1 (0.054 0 0))
(0.15 (0.0765 0 0))
(0.2 (0.096 0 0))
(0.25 (0.1125 0 0))
(0.3 (0.126 0 0))
(0.35 (0.1365 0 0))
(0.4 (0.144 0 0))
(0.45 (0.1485 0 0))
(0.5 (0.15 0 0))
(0.55 (0.1485 0 0))
(0.6 (0.144 0 0))
(0.65 (0.1365 0 0))
(0.7 (0.126 0 0))
(0.75 (0.1125 0 0))
(0.8 (0.096 0 0))
(0.85 (0.0765 0 0))
(0.9 (0.054 0 0))
(0.95 (0.0285 0 0))
(1 (0 0 0))
)
;
        direction       (0 1 0);
        origin          1;
        value           nonuniform List<vector> 8((0.034875 0 0) (0.091125 0 0) (0.128625 0 0) (0.147375 0 0) (0.147375 0 0) (0.128625 0 0) (0.091125 0 0) (0.034875 0 0));
    }
    outlet
    {
        type            zeroGradient;
    }
    walls
    {
        type            noSlip;
    }
    symwall
    {
        type            empty;
    }
}


// ************************************************************************* //
