/*--------------------------------*- C++ -*----------------------------------*\
| =========                 |                                                 |
| \\      /  F ield         | OpenFOAM: The Open Source CFD Toolbox           |
|  \\    /   O peration     | Version:  4.1                                   |
|   \\  /    A nd           | Web:      www.OpenFOAM.org                      |
|    \\/     M anipulation  |                                                 |
\*---------------------------------------------------------------------------*/
FoamFile
{
    version     2.0;
    format      ascii;
    class       volVectorField;
    location    "217";
    object      U;
}
// * * * * * * * * * * * * * * * * * * * * * * * * * * * * * * * * * * * * * //

dimensions      [0 1 -1 0 0 0 0];

internalField   nonuniform List<vector> 
3264
(
(1.41216e-07 -2.55833e-06 0)
(-0.000110405 2.51916e-05 0)
(-0.000339419 4.21918e-05 0)
(-0.000602407 4.40648e-05 0)
(-0.000883659 4.51647e-05 0)
(-0.00117365 4.36107e-05 0)
(-0.00146694 4.39625e-05 0)
(-0.00176664 4.3919e-05 0)
(-0.0020702 4.48486e-05 0)
(-0.00238127 4.59997e-05 0)
(-0.00270049 4.79939e-05 0)
(-0.00303167 5.08072e-05 0)
(-0.0033775 5.48396e-05 0)
(-0.0037418 6.02919e-05 0)
(-0.00412777 6.74555e-05 0)
(-0.00453854 7.6515e-05 0)
(-0.00497634 8.75964e-05 0)
(-0.0054425 0.000100685 0)
(-0.0059369 0.000115607 0)
(-0.00645787 0.000131995 0)
(-0.00700188 0.000149281 0)
(-0.00756348 0.000166711 0)
(-0.00813528 0.000183384 0)
(-0.00870807 0.000198314 0)
(-0.00927108 0.000210508 0)
(-0.0098123 0.000219043 0)
(-0.0103189 0.000223133 0)
(-0.0107779 0.000222184 0)
(-0.0111761 0.000215818 0)
(-0.0115013 0.000203886 0)
(-0.0117419 0.000186455 0)
(-0.0118877 0.000163789 0)
(-0.0119302 0.000136317 0)
(-0.0118624 0.000104605 0)
(-0.0116792 6.93254e-05 0)
(-0.0113772 3.12283e-05 0)
(-0.0109553 -8.87791e-06 0)
(-0.010414 -5.01481e-05 0)
(-0.00975576 -9.1716e-05 0)
(-0.00898495 -0.000132708 0)
(-0.00810768 -0.000172256 0)
(-0.00713179 -0.000209508 0)
(-0.00606678 -0.000243641 0)
(-0.00492374 -0.000273877 0)
(-0.00371518 -0.000299492 0)
(-0.002455 -0.000319839 0)
(-0.00115827 -0.000334364 0)
(0.000158897 -0.000342632 0)
(0.0014796 -0.000344343 0)
(0.00278634 -0.000339364 0)
(0.00406139 -0.000327743 0)
(0.00528704 -0.000309736 0)
(0.00644603 -0.000285816 0)
(0.00752195 -0.000256686 0)
(0.00849965 -0.000223274 0)
(0.00936569 -0.000186722 0)
(0.0101088 -0.000148358 0)
(0.0107204 -0.000109652 0)
(0.0111948 -7.21474e-05 0)
(0.0115297 -3.73705e-05 0)
(0.0117262 -6.71257e-06 0)
(0.0117894 1.87123e-05 0)
(0.0117275 3.82187e-05 0)
(0.0115523 5.16813e-05 0)
(0.0112782 5.96038e-05 0)
(0.0109218 6.30724e-05 0)
(0.010501 6.35613e-05 0)
(0.0100341 6.26014e-05 0)
(0.00953909 6.13946e-05 0)
(0.00903256 6.0517e-05 0)
(0.00852903 5.98484e-05 0)
(0.0080401 5.87753e-05 0)
(0.00757398 5.65781e-05 0)
(0.00713564 5.28258e-05 0)
(0.00672735 4.7624e-05 0)
(0.0063496 4.16487e-05 0)
(0.00600169 3.59705e-05 0)
(0.00568201 3.17248e-05 0)
(0.00538802 2.97407e-05 0)
(0.00511644 3.02839e-05 0)
(0.00486355 3.30348e-05 0)
(0.00462578 3.72898e-05 0)
(0.00440019 4.22501e-05 0)
(0.00418486 4.72416e-05 0)
(0.00397906 5.17902e-05 0)
(0.00378336 5.55808e-05 0)
(0.00359962 5.83745e-05 0)
(0.00343079 5.99473e-05 0)
(0.00328075 6.00707e-05 0)
(0.00315398 5.85287e-05 0)
(0.00305521 5.51505e-05 0)
(0.00298913 4.98412e-05 0)
(0.00296009 4.26013e-05 0)
(0.00297184 3.35329e-05 0)
(0.00302737 2.28337e-05 0)
(0.00312872 1.0782e-05 0)
(0.0032769 -2.28142e-06 0)
(0.00347183 -1.59737e-05 0)
(0.00371229 -2.98891e-05 0)
(0.00399595 -4.36174e-05 0)
(0.00431943 -5.67591e-05 0)
(0.00467833 -6.89402e-05 0)
(0.00506736 -7.98246e-05 0)
(0.00548042 -8.91254e-05 0)
(0.0059108 -9.66138e-05 0)
(0.00635133 -0.000102127 0)
(0.00679458 -0.000105571 0)
(0.00723307 -0.000106924 0)
(0.00765954 -0.000106236 0)
(0.00806719 -0.000103619 0)
(0.00844989 -9.92429e-05 0)
(0.00880245 -9.33235e-05 0)
(0.00912075 -8.61143e-05 0)
(0.00940188 -7.78946e-05 0)
(0.00964422 -6.89591e-05 0)
(0.00984739 -5.96078e-05 0)
(0.0100122 -5.01349e-05 0)
(0.0101406 -4.0818e-05 0)
(0.0102352 -3.19074e-05 0)
(0.0102996 -2.36172e-05 0)
(0.0103375 -1.61183e-05 0)
(0.0103532 -9.53514e-06 0)
(0.0103508 -3.94504e-06 0)
(0.0103344 6.19585e-07 0)
(0.010308 4.16733e-06 0)
(0.0102749 6.74282e-06 0)
(0.0102384 8.42102e-06 0)
(0.010201 9.30092e-06 0)
(0.0101648 9.49887e-06 0)
(0.0101314 9.14155e-06 0)
(0.010102 8.359e-06 0)
(0.0100772 7.27805e-06 0)
(0.0100574 6.01662e-06 0)
(0.0100425 4.67918e-06 0)
(0.0100323 3.35354e-06 0)
(0.0100264 2.10922e-06 0)
(0.0100242 9.97008e-07 0)
(0.010025 4.98231e-08 0)
(0.0100282 -7.15554e-07 0)
(0.0100331 -1.29611e-06 0)
(0.0100392 -1.69985e-06 0)
(0.0100459 -1.94298e-06 0)
(0.0100529 -2.04714e-06 0)
(0.0100597 -2.03695e-06 0)
(0.010066 -1.93786e-06 0)
(0.0100718 -1.7745e-06 0)
(0.0100768 -1.56938e-06 0)
(0.0100811 -1.34213e-06 0)
(0.0100846 -1.10898e-06 0)
(0.0100873 -8.82667e-07 0)
(0.0100894 -6.7251e-07 0)
(0.0100909 -4.84737e-07 0)
(0.0100919 -3.22874e-07 0)
(0.0100925 -1.88222e-07 0)
(0.0100927 -8.03409e-08 0)
(0.0100927 2.48097e-09 0)
(0.0100925 6.28078e-08 0)
(0.0100922 1.03692e-07 0)
(0.0100918 1.28377e-07 0)
(0.0100913 1.40072e-07 0)
(0.0100909 1.41782e-07 0)
(0.0100905 1.36203e-07 0)
(0.0100901 1.25659e-07 0)
(0.0100897 1.1208e-07 0)
(0.0100894 9.70058e-08 0)
(0.0100892 8.16168e-08 0)
(0.010089 6.67697e-08 0)
(0.0100888 5.3046e-08 0)
(0.0100887 4.07997e-08 0)
(0.0100886 3.02052e-08 0)
(0.0100885 2.13003e-08 0)
(0.0100885 1.40249e-08 0)
(0.0100884 8.25306e-09 0)
(0.0100884 3.81948e-09 0)
(0.0100884 5.4019e-10 0)
(0.0100884 -1.77213e-09 0)
(0.0100884 -3.29719e-09 0)
(0.0100885 -4.19999e-09 0)
(0.0100885 -4.62657e-09 0)
(0.0100885 -4.70225e-09 0)
(0.0100885 -4.53144e-09 0)
(0.0100885 -4.19869e-09 0)
(0.0100885 -3.77046e-09 0)
(0.0100885 -3.29733e-09 0)
(0.0100885 -2.81637e-09 0)
(0.0100885 -2.35343e-09 0)
(0.0100886 -1.92539e-09 0)
(0.0100886 -1.54213e-09 0)
(0.0100886 -1.20821e-09 0)
(0.0100886 -9.24352e-10 0)
(0.0100886 -6.88627e-10 0)
(0.0100886 -4.97401e-10 0)
(0.0100886 -3.4603e-10 0)
(0.0100886 -2.29503e-10 0)
(0.0100886 -1.42531e-10 0)
(0.0100886 -8.05062e-11 0)
(0.0100886 -3.7982e-11 0)
(0.0100886 -1.15141e-11 0)
(0.0100886 2.57147e-12 0)
(0.0100886 2.06274e-11 0)
(-7.67032e-05 0.000112489 0)
(-0.000540157 0.00033387 0)
(-0.00122643 0.000471218 0)
(-0.00197167 0.000522705 0)
(-0.00273836 0.000553427 0)
(-0.00351284 0.000565821 0)
(-0.00428261 0.000578533 0)
(-0.00505364 0.000588256 0)
(-0.00582202 0.000600625 0)
(-0.00659405 0.000615505 0)
(-0.00737097 0.000635256 0)
(-0.00815776 0.000660336 0)
(-0.00895673 0.00069136 0)
(-0.0097703 0.000728019 0)
(-0.0105985 0.000769537 0)
(-0.0114397 0.000814444 0)
(-0.0122895 0.000860698 0)
(-0.0131411 0.000905714 0)
(-0.0139849 0.000946488 0)
(-0.0148092 0.000979753 0)
(-0.0156 0.00100217 0)
(-0.0163419 0.00101052 0)
(-0.0170183 0.00100195 0)
(-0.0176123 0.000974086 0)
(-0.0181075 0.000925236 0)
(-0.0184878 0.000854414 0)
(-0.0187386 0.000761389 0)
(-0.0188467 0.000646649 0)
(-0.0188009 0.000511326 0)
(-0.018592 0.000357112 0)
(-0.0182125 0.000186142 0)
(-0.0176576 9.0156e-07 0)
(-0.0169241 -0.000195876 0)
(-0.0160112 -0.000401286 0)
(-0.01492 -0.000612314 0)
(-0.0136535 -0.00082589 0)
(-0.0122168 -0.00103893 0)
(-0.0106165 -0.00124834 0)
(-0.00886118 -0.00145109 0)
(-0.00696121 -0.00164416 0)
(-0.00492846 -0.00182463 0)
(-0.0027765 -0.00198965 0)
(-0.000520413 -0.00213645 0)
(0.00182319 -0.00226243 0)
(0.00423629 -0.00236514 0)
(0.00669951 -0.00244231 0)
(0.00919226 -0.00249198 0)
(0.0116929 -0.00251246 0)
(0.0141787 -0.00250247 0)
(0.0166264 -0.00246116 0)
(0.0190123 -0.00238823 0)
(0.0213123 -0.00228393 0)
(0.0235026 -0.0021492 0)
(0.02556 -0.00198563 0)
(0.0274619 -0.00179557 0)
(0.029187 -0.00158207 0)
(0.0307158 -0.00134893 0)
(0.0320303 -0.00110063 0)
(0.0331155 -0.000842303 0)
(0.0339585 -0.000579622 0)
(0.0345499 -0.000318721 0)
(0.0348839 -6.60312e-05 0)
(0.0349585 0.000171912 0)
(0.0347766 0.000388722 0)
(0.0343461 0.000578477 0)
(0.0336807 0.000736094 0)
(0.0328004 0.000857778 0)
(0.0317316 0.000941524 0)
(0.0305065 0.000987631 0)
(0.0291621 0.000999073 0)
(0.0277383 0.000981501 0)
(0.0262755 0.000942596 0)
(0.0248123 0.000890725 0)
(0.0233831 0.000833255 0)
(0.0220162 0.000775236 0)
(0.020733 0.00071912 0)
(0.0195469 0.000665566 0)
(0.0184637 0.000614686 0)
(0.0174826 0.000566892 0)
(0.0165987 0.000522986 0)
(0.0158053 0.000483735 0)
(0.0150953 0.000449395 0)
(0.0144629 0.000419443 0)
(0.0139034 0.000392539 0)
(0.0134139 0.000366692 0)
(0.012993 0.000339543 0)
(0.0126408 0.000308732 0)
(0.012359 0.000272232 0)
(0.0121502 0.000228587 0)
(0.0120177 0.000177014 0)
(0.011965 0.000117389 0)
(0.0119955 5.01676e-05 0)
(0.0121117 -2.37246e-05 0)
(0.0123153 -0.000102996 0)
(0.0126068 -0.000186086 0)
(0.0129853 -0.000271242 0)
(0.0134488 -0.000356596 0)
(0.0139935 -0.000440217 0)
(0.0146145 -0.000520171 0)
(0.0153053 -0.000594566 0)
(0.0160584 -0.000661595 0)
(0.0168648 -0.000719588 0)
(0.0177146 -0.000767049 0)
(0.0185968 -0.000802709 0)
(0.0194995 -0.000825576 0)
(0.0204103 -0.000834988 0)
(0.0213162 -0.000830665 0)
(0.0222041 -0.000812749 0)
(0.0230612 -0.000781842 0)
(0.023875 -0.000739006 0)
(0.0246343 -0.00068575 0)
(0.0253289 -0.00062397 0)
(0.0259508 -0.000555859 0)
(0.0264941 -0.00048379 0)
(0.0269554 -0.000410177 0)
(0.0273342 -0.000337338 0)
(0.0276323 -0.000267367 0)
(0.0278543 -0.000202041 0)
(0.0280067 -0.00014276 0)
(0.0280977 -9.05172e-05 0)
(0.0281365 -4.59095e-05 0)
(0.0281329 -9.16366e-06 0)
(0.0280965 1.98203e-05 0)
(0.0280364 4.14173e-05 0)
(0.027961 5.62215e-05 0)
(0.0278775 6.49902e-05 0)
(0.027792 6.85881e-05 0)
(0.0277092 6.79352e-05 0)
(0.0276328 6.39596e-05 0)
(0.0275652 5.75566e-05 0)
(0.027508 4.95555e-05 0)
(0.0274617 4.06936e-05 0)
(0.0274263 3.15997e-05 0)
(0.0274013 2.27842e-05 0)
(0.0273855 1.46373e-05 0)
(0.0273778 7.43331e-06 0)
(0.0273768 1.33948e-06 0)
(0.0273811 -3.57051e-06 0)
(0.0273893 -7.30108e-06 0)
(0.0274002 -9.91802e-06 0)
(0.0274127 -1.15317e-05 0)
(0.0274258 -1.22814e-05 0)
(0.0274389 -1.23209e-05 0)
(0.0274512 -1.1807e-05 0)
(0.0274626 -1.08901e-05 0)
(0.0274726 -9.70693e-06 0)
(0.0274811 -8.37646e-06 0)
(0.0274882 -6.99725e-06 0)
(0.0274938 -5.64687e-06 0)
(0.0274982 -4.38271e-06 0)
(0.0275014 -3.24366e-06 0)
(0.0275036 -2.25259e-06 0)
(0.0275049 -1.41908e-06 0)
(0.0275056 -7.42237e-07 0)
(0.0275057 -2.13451e-07 0)
(0.0275055 1.81166e-07 0)
(0.027505 4.58641e-07 0)
(0.0275043 6.37395e-07 0)
(0.0275036 7.3588e-07 0)
(0.0275028 7.71584e-07 0)
(0.0275021 7.60358e-07 0)
(0.0275014 7.16021e-07 0)
(0.0275007 6.50188e-07 0)
(0.0275002 5.72275e-07 0)
(0.0274997 4.89617e-07 0)
(0.0274993 4.07676e-07 0)
(0.027499 3.30291e-07 0)
(0.0274987 2.59945e-07 0)
(0.0274985 1.98031e-07 0)
(0.0274984 1.451e-07 0)
(0.0274983 1.0108e-07 0)
(0.0274983 6.54671e-08 0)
(0.0274982 3.74815e-08 0)
(0.0274982 1.61911e-08 0)
(0.0274982 6.07145e-10 0)
(0.0274982 -1.02467e-08 0)
(0.0274982 -1.7287e-08 0)
(0.0274983 -2.13413e-08 0)
(0.0274983 -2.31324e-08 0)
(0.0274983 -2.3273e-08 0)
(0.0274983 -2.22685e-08 0)
(0.0274983 -2.05243e-08 0)
(0.0274984 -1.8356e-08 0)
(0.0274984 -1.60017e-08 0)
(0.0274984 -1.36338e-08 0)
(0.0274984 -1.13714e-08 0)
(0.0274984 -9.29058e-09 0)
(0.0274984 -7.43476e-09 0)
(0.0274984 -5.82249e-09 0)
(0.0274984 -4.45465e-09 0)
(0.0274984 -3.32001e-09 0)
(0.0274984 -2.39973e-09 0)
(0.0274984 -1.67066e-09 0)
(0.0274984 -1.10812e-09 0)
(0.0274984 -6.86917e-10 0)
(0.0274984 -3.8446e-10 0)
(0.0274984 -1.76175e-10 0)
(0.0274984 -4.70232e-11 0)
(0.0274984 2.60181e-11 0)
(0.0274984 7.59156e-11 0)
(-0.000175095 0.000598416 0)
(-0.00101876 0.00117299 0)
(-0.00212437 0.00145865 0)
(-0.00325971 0.00152738 0)
(-0.00436681 0.00155684 0)
(-0.00543718 0.00155095 0)
(-0.00645439 0.0015489 0)
(-0.00743018 0.00154453 0)
(-0.00836161 0.00154718 0)
(-0.00925729 0.00155581 0)
(-0.0101184 0.00157266 0)
(-0.0109486 0.00159681 0)
(-0.0117478 0.00162707 0)
(-0.0125148 0.00166083 0)
(-0.0132455 0.00169465 0)
(-0.0139339 0.00172432 0)
(-0.0145718 0.0017451 0)
(-0.0151492 0.00175202 0)
(-0.0156545 0.00174016 0)
(-0.0160753 0.00170494 0)
(-0.0163985 0.00164235 0)
(-0.0166113 0.00154918 0)
(-0.016701 0.00142315 0)
(-0.0166563 0.00126298 0)
(-0.0164666 0.00106841 0)
(-0.016123 0.000840133 0)
(-0.0156181 0.000579731 0)
(-0.014946 0.000289536 0)
(-0.0141024 -2.74874e-05 0)
(-0.0130848 -0.000367873 0)
(-0.0118921 -0.000727774 0)
(-0.0105246 -0.00110307 0)
(-0.00898424 -0.00148943 0)
(-0.00727422 -0.00188242 0)
(-0.00539918 -0.0022775 0)
(-0.00336512 -0.0026701 0)
(-0.00117939 -0.00305563 0)
(0.00114932 -0.00342947 0)
(0.00361095 -0.00378705 0)
(0.00619411 -0.00412381 0)
(0.00888603 -0.00443524 0)
(0.0116726 -0.00471691 0)
(0.0145384 -0.00496448 0)
(0.0174666 -0.00517378 0)
(0.0204391 -0.00534081 0)
(0.0234369 -0.00546189 0)
(0.0264395 -0.00553365 0)
(0.0294257 -0.00555324 0)
(0.0323734 -0.00551834 0)
(0.0352601 -0.00542732 0)
(0.0380629 -0.00527939 0)
(0.0407591 -0.00507461 0)
(0.0433262 -0.00481405 0)
(0.0457425 -0.00449984 0)
(0.0479873 -0.00413514 0)
(0.0500412 -0.00372418 0)
(0.0518863 -0.00327219 0)
(0.0535064 -0.00278532 0)
(0.054887 -0.00227055 0)
(0.0560156 -0.00173559 0)
(0.0568813 -0.00118875 0)
(0.0574753 -0.000638888 0)
(0.0577905 -9.52969e-05 0)
(0.0578217 0.000432344 0)
(0.0575659 0.000934029 0)
(0.0570226 0.0013995 0)
(0.0561945 0.00181841 0)
(0.0550881 0.00218062 0)
(0.0537154 0.00247672 0)
(0.0520944 0.00269892 0)
(0.0502511 0.00284206 0)
(0.04822 0.00290475 0)
(0.0460446 0.00289012 0)
(0.0437761 0.00280622 0)
(0.0414709 0.00266568 0)
(0.039186 0.00248475 0)
(0.0369747 0.00228136 0)
(0.0348823 0.00207253 0)
(0.0329426 0.00187153 0)
(0.0311779 0.00168615 0)
(0.0295988 0.00151856 0)
(0.0282065 0.00136684 0)
(0.0269947 0.00122701 0)
(0.0259532 0.0010947 0)
(0.0250706 0.000965912 0)
(0.0243361 0.000837203 0)
(0.023741 0.000705578 0)
(0.0232785 0.000568522 0)
(0.0229436 0.000424119 0)
(0.0227329 0.000271206 0)
(0.0226432 0.000109461 0)
(0.0226718 -6.05793e-05 0)
(0.0228159 -0.000237601 0)
(0.0230724 -0.000419628 0)
(0.0234373 -0.000604166 0)
(0.0239063 -0.000788357 0)
(0.024474 -0.000969104 0)
(0.0251344 -0.0011432 0)
(0.0258803 -0.0013074 0)
(0.0267038 -0.00145853 0)
(0.0275962 -0.00159353 0)
(0.0285478 -0.00170951 0)
(0.0295482 -0.00180383 0)
(0.0305862 -0.00187416 0)
(0.0316501 -0.00191853 0)
(0.0327273 -0.00193546 0)
(0.033805 -0.00192402 0)
(0.0348699 -0.001884 0)
(0.0359085 -0.00181592 0)
(0.0369076 -0.00172123 0)
(0.0378541 -0.00160231 0)
(0.0387357 -0.00146249 0)
(0.0395415 -0.00130604 0)
(0.0402618 -0.00113794 0)
(0.0408895 -0.00096374 0)
(0.0414199 -0.000789165 0)
(0.0418513 -0.000619798 0)
(0.0421853 -0.000460691 0)
(0.0424266 -0.000316047 0)
(0.0425828 -0.000188989 0)
(0.0426639 -8.14502e-05 0)
(0.0426817 5.81101e-06 0)
(0.0426487 7.30932e-05 0)
(0.0425778 0.000121562 0)
(0.0424808 0.000153026 0)
(0.0423688 0.000169719 0)
(0.042251 0.000174097 0)
(0.042135 0.000168669 0)
(0.0420266 0.00015587 0)
(0.0419296 0.000137962 0)
(0.0418467 0.000116961 0)
(0.041779 9.4599e-05 0)
(0.0417264 7.23007e-05 0)
(0.0416884 5.11776e-05 0)
(0.0416635 3.20405e-05 0)
(0.0416501 1.54224e-05 0)
(0.0416462 1.61008e-06 0)
(0.0416498 -9.31792e-06 0)
(0.0416591 -1.74506e-05 0)
(0.0416722 -2.3003e-05 0)
(0.0416877 -2.62773e-05 0)
(0.0417043 -2.76264e-05 0)
(0.0417209 -2.74236e-05 0)
(0.0417367 -2.60374e-05 0)
(0.0417512 -2.3812e-05 0)
(0.041764 -2.10542e-05 0)
(0.041775 -1.80253e-05 0)
(0.041784 -1.49376e-05 0)
(0.0417912 -1.19544e-05 0)
(0.0417968 -9.19329e-06 0)
(0.0418008 -6.73082e-06 0)
(0.0418035 -4.6089e-06 0)
(0.0418052 -2.84117e-06 0)
(0.041806 -1.4196e-06 0)
(0.0418062 -3.20592e-07 0)
(0.0418058 4.89668e-07 0)
(0.0418052 1.05063e-06 0)
(0.0418044 1.40375e-06 0)
(0.0418034 1.58971e-06 0)
(0.0418024 1.64642e-06 0)
(0.0418015 1.6078e-06 0)
(0.0418006 1.50304e-06 0)
(0.0417999 1.3564e-06 0)
(0.0417992 1.1873e-06 0)
(0.0417986 1.01069e-06 0)
(0.0417982 8.37539e-07 0)
(0.0417978 6.75428e-07 0)
(0.0417975 5.29121e-07 0)
(0.0417973 4.01159e-07 0)
(0.0417971 2.92383e-07 0)
(0.041797 2.024e-07 0)
(0.0417969 1.29977e-07 0)
(0.0417969 7.33574e-08 0)
(0.0417969 3.05148e-08 0)
(0.0417969 -6.5755e-10 0)
(0.0417969 -2.22121e-08 0)
(0.0417969 -3.60556e-08 0)
(0.041797 -4.3895e-08 0)
(0.041797 -4.72101e-08 0)
(0.041797 -4.72476e-08 0)
(0.041797 -4.50293e-08 0)
(0.0417971 -4.13701e-08 0)
(0.0417971 -3.69007e-08 0)
(0.0417971 -3.20935e-08 0)
(0.0417971 -2.72887e-08 0)
(0.0417971 -2.27188e-08 0)
(0.0417971 -1.85307e-08 0)
(0.0417971 -1.48062e-08 0)
(0.0417971 -1.15781e-08 0)
(0.0417971 -8.84472e-09 0)
(0.0417971 -6.58086e-09 0)
(0.0417972 -4.74673e-09 0)
(0.0417972 -3.29473e-09 0)
(0.0417972 -2.1743e-09 0)
(0.0417972 -1.33532e-09 0)
(0.0417972 -7.31111e-10 0)
(0.0417972 -3.16479e-10 0)
(0.0417972 -5.79276e-11 0)
(0.0417972 8.83175e-11 0)
(0.0417972 1.5395e-10 0)
(-0.000309033 0.00121019 0)
(-0.00153156 0.00222961 0)
(-0.00289978 0.00265551 0)
(-0.00418812 0.00270964 0)
(-0.00531542 0.00268995 0)
(-0.00633113 0.00261503 0)
(-0.00721947 0.00254299 0)
(-0.00801242 0.00246966 0)
(-0.00870931 0.00240727 0)
(-0.00932422 0.00235437 0)
(-0.00985907 0.00231204 0)
(-0.0103185 0.00227761 0)
(-0.0107022 0.00224793 0)
(-0.0110091 0.00221847 0)
(-0.0112354 0.00218404 0)
(-0.0113765 0.00213896 0)
(-0.0114261 0.00207737 0)
(-0.0113771 0.00199355 0)
(-0.0112221 0.00188217 0)
(-0.0109533 0.0017386 0)
(-0.0105632 0.00155908 0)
(-0.0100448 0.00134087 0)
(-0.00939163 0.00108234 0)
(-0.00859823 0.000782958 0)
(-0.00765993 0.000443292 0)
(-0.00657305 6.48929e-05 0)
(-0.00533494 -0.000349801 0)
(-0.00394391 -0.000797591 0)
(-0.00239926 -0.00127465 0)
(-0.00070128 -0.00177664 0)
(0.00114881 -0.00229881 0)
(0.0031488 -0.00283613 0)
(0.00529549 -0.00338329 0)
(0.00758465 -0.00393481 0)
(0.010011 -0.00448504 0)
(0.0125681 -0.00502823 0)
(0.0152483 -0.0055585 0)
(0.0180428 -0.0060699 0)
(0.0209414 -0.00655641 0)
(0.0239327 -0.007012 0)
(0.0270038 -0.0074306 0)
(0.0301405 -0.00780621 0)
(0.0333272 -0.00813289 0)
(0.0365472 -0.00840485 0)
(0.0397822 -0.00861656 0)
(0.043013 -0.00876281 0)
(0.0462192 -0.00883892 0)
(0.0493797 -0.00884081 0)
(0.052473 -0.00876525 0)
(0.0554773 -0.00860998 0)
(0.0583708 -0.00837392 0)
(0.0611327 -0.00805727 0)
(0.0637431 -0.00766166 0)
(0.0661833 -0.00719016 0)
(0.0684368 -0.00664731 0)
(0.0704887 -0.00603902 0)
(0.0723268 -0.00537246 0)
(0.0739406 -0.00465585 0)
(0.0753219 -0.00389827 0)
(0.0764645 -0.00310948 0)
(0.0773635 -0.00229966 0)
(0.0780157 -0.00147934 0)
(0.0784183 -0.000659181 0)
(0.0785696 0.000150023 0)
(0.078468 0.000937412 0)
(0.078112 0.00169205 0)
(0.0775006 0.00240293 0)
(0.0766326 0.00305895 0)
(0.0755078 0.00364904 0)
(0.074127 0.00416228 0)
(0.072493 0.00458821 0)
(0.0706128 0.00491731 0)
(0.0684983 0.00514156 0)
(0.0661692 0.00525538 0)
(0.0636544 0.00525682 0)
(0.0609933 0.00514897 0)
(0.058236 0.00494121 0)
(0.0554413 0.00464947 0)
(0.0526738 0.00429517 0)
(0.0499978 0.00390268 0)
(0.0474723 0.00349588 0)
(0.0451449 0.00309479 0)
(0.043049 0.00271306 0)
(0.0412029 0.00235696 0)
(0.0396113 0.00202617 0)
(0.0382685 0.00171579 0)
(0.0371621 0.00141889 0)
(0.0362759 0.00112862 0)
(0.0355929 0.000839581 0)
(0.0350968 0.00054831 0)
(0.0347729 0.000253267 0)
(0.0346083 -4.54983e-05 0)
(0.0345914 -0.000346706 0)
(0.0347118 -0.000648168 0)
(0.03496 -0.00094704 0)
(0.0353266 -0.00124002 0)
(0.0358024 -0.00152348 0)
(0.036378 -0.00179365 0)
(0.037044 -0.00204666 0)
(0.0377907 -0.00227867 0)
(0.0386079 -0.00248594 0)
(0.0394853 -0.00266491 0)
(0.0404123 -0.00281227 0)
(0.041378 -0.00292504 0)
(0.0423713 -0.00300065 0)
(0.043381 -0.00303706 0)
(0.0443958 -0.00303285 0)
(0.0454046 -0.00298737 0)
(0.0463962 -0.00290085 0)
(0.0473598 -0.00277453 0)
(0.0482849 -0.00261078 0)
(0.0491614 -0.00241323 0)
(0.0499799 -0.00218673 0)
(0.0507315 -0.00193737 0)
(0.0514085 -0.00167234 0)
(0.0520045 -0.00139961 0)
(0.0525147 -0.00112761 0)
(0.0529364 -0.00086473 0)
(0.0532693 -0.000618753 0)
(0.0535157 -0.000396362 0)
(0.0536807 -0.00020268 0)
(0.0537719 -4.098e-05 0)
(0.053799 8.74088e-05 0)
(0.0537732 0.000183003 0)
(0.0537066 0.000247899 0)
(0.0536111 0.000285392 0)
(0.053498 0.000299562 0)
(0.0533772 0.000294865 0)
(0.0532569 0.000275789 0)
(0.0531437 0.000246584 0)
(0.053042 0.000211074 0)
(0.052955 0.000172546 0)
(0.0528838 0.000133696 0)
(0.0528288 9.66196e-05 0)
(0.0527892 6.28427e-05 0)
(0.0527635 3.33699e-05 0)
(0.0527498 8.74995e-06 0)
(0.0527462 -1.08497e-05 0)
(0.0527503 -2.55659e-05 0)
(0.0527603 -3.57636e-05 0)
(0.0527741 -4.19641e-05 0)
(0.0527903 -4.47805e-05 0)
(0.0528073 -4.4863e-05 0)
(0.0528242 -4.28539e-05 0)
(0.0528402 -3.93536e-05 0)
(0.0528546 -3.48973e-05 0)
(0.0528673 -2.99403e-05 0)
(0.0528779 -2.48522e-05 0)
(0.0528866 -1.99173e-05 0)
(0.0528934 -1.534e-05 0)
(0.0528985 -1.12537e-05 0)
(0.052902 -7.73154e-06 0)
(0.0529044 -4.79793e-06 0)
(0.0529056 -2.44007e-06 0)
(0.0529061 -6.18517e-07 0)
(0.052906 7.23467e-07 0)
(0.0529055 1.65209e-06 0)
(0.0529047 2.2368e-06 0)
(0.0529038 2.54556e-06 0)
(0.0529028 2.64157e-06 0)
(0.0529018 2.58112e-06 0)
(0.0529008 2.41253e-06 0)
(0.0529 2.17577e-06 0)
(0.0528992 1.90275e-06 0)
(0.0528986 1.61788e-06 0)
(0.0528981 1.339e-06 0)
(0.0528977 1.07834e-06 0)
(0.0528973 8.43536e-07 0)
(0.0528971 6.38574e-07 0)
(0.0528969 4.64702e-07 0)
(0.0528968 3.21177e-07 0)
(0.0528967 2.05915e-07 0)
(0.0528966 1.16011e-07 0)
(0.0528966 4.8151e-08 0)
(0.0528966 -1.09206e-09 0)
(0.0528966 -3.50365e-08 0)
(0.0528967 -5.6752e-08 0)
(0.0528967 -6.89748e-08 0)
(0.0528967 -7.40683e-08 0)
(0.0528967 -7.40163e-08 0)
(0.0528968 -7.04388e-08 0)
(0.0528968 -6.46228e-08 0)
(0.0528968 -5.75609e-08 0)
(0.0528968 -4.99935e-08 0)
(0.0528968 -4.24511e-08 0)
(0.0528969 -3.5294e-08 0)
(0.0528969 -2.87483e-08 0)
(0.0528969 -2.29377e-08 0)
(0.0528969 -1.791e-08 0)
(0.0528969 -1.36591e-08 0)
(0.0528969 -1.01431e-08 0)
(0.0528969 -7.29782e-09 0)
(0.0528969 -5.04737e-09 0)
(0.0528969 -3.31189e-09 0)
(0.0528969 -2.01283e-09 0)
(0.0528969 -1.07661e-09 0)
(0.0528969 -4.35804e-10 0)
(0.0528969 -3.43397e-11 0)
(0.0528969 1.89131e-10 0)
(0.0528969 2.5805e-10 0)
(-0.000413993 0.00244244 0)
(-0.00175903 0.00374173 0)
(-0.00305461 0.00410253 0)
(-0.00413439 0.00389077 0)
(-0.00491542 0.00366546 0)
(-0.0055086 0.00341197 0)
(-0.00590964 0.00319803 0)
(-0.00617634 0.00300395 0)
(-0.00631512 0.00283539 0)
(-0.00634871 0.00268546 0)
(-0.0062815 0.00255116 0)
(-0.00612086 0.00242714 0)
(-0.00586749 0.00230801 0)
(-0.00552199 0.00218765 0)
(-0.00508236 0.00205965 0)
(-0.00454609 0.00191745 0)
(-0.00390969 0.00175465 0)
(-0.00316943 0.00156522 0)
(-0.00232135 0.00134378 0)
(-0.00136161 0.00108581 0)
(-0.000286557 0.000787794 0)
(0.00090711 0.00044732 0)
(0.0022223 6.31284e-05 0)
(0.00366144 -0.000364907 0)
(0.00522649 -0.000835833 0)
(0.00691885 -0.00134771 0)
(0.00873939 -0.0018977 0)
(0.0106884 -0.00248219 0)
(0.0127655 -0.00309693 0)
(0.0149696 -0.00373705 0)
(0.0172989 -0.00439727 0)
(0.0197507 -0.00507186 0)
(0.0223216 -0.00575477 0)
(0.0250069 -0.00643963 0)
(0.0278009 -0.0071198 0)
(0.0306969 -0.00778837 0)
(0.0336866 -0.00843822 0)
(0.0367605 -0.00906202 0)
(0.0399078 -0.00965227 0)
(0.0431159 -0.0102013 0)
(0.046371 -0.0107016 0)
(0.0496577 -0.0111453 0)
(0.0529591 -0.0115248 0)
(0.0562571 -0.0118328 0)
(0.0595322 -0.012062 0)
(0.062764 -0.0122058 0)
(0.0659311 -0.0122582 0)
(0.0690118 -0.0122141 0)
(0.0719846 -0.0120696 0)
(0.0748284 -0.0118224 0)
(0.0775233 -0.0114716 0)
(0.0800511 -0.0110184 0)
(0.0823962 -0.0104657 0)
(0.0845456 -0.00981858 0)
(0.0864896 -0.00908396 0)
(0.0882215 -0.00827035 0)
(0.089738 -0.00738764 0)
(0.0910387 -0.00644672 0)
(0.0921254 -0.00545913 0)
(0.093002 -0.0044367 0)
(0.0936733 -0.00339127 0)
(0.0941449 -0.00233446 0)
(0.094422 -0.00127759 0)
(0.0945094 -0.000231584 0)
(0.0944107 0.000792926 0)
(0.0941281 0.00178552 0)
(0.0936622 0.00273586 0)
(0.093012 0.00363357 0)
(0.092175 0.00446814 0)
(0.0911475 0.00522896 0)
(0.0899251 0.00590541 0)
(0.0885031 0.00648705 0)
(0.086878 0.00696388 0)
(0.0850479 0.00732674 0)
(0.0830144 0.00756781 0)
(0.0807842 0.00768142 0)
(0.0783712 0.00766492 0)
(0.0757981 0.00751974 0)
(0.0730986 0.0072522 0)
(0.0703171 0.00687402 0)
(0.0675078 0.00640224 0)
(0.0647314 0.00585832 0)
(0.0620503 0.00526631 0)
(0.0595232 0.00465021 0)
(0.0571996 0.0040311 0)
(0.0551162 0.00342488 0)
(0.0532949 0.00284118 0)
(0.0517438 0.00228371 0)
(0.0504594 0.00175175 0)
(0.0494298 0.00124211 0)
(0.048638 0.000750911 0)
(0.0480646 0.000274947 0)
(0.0476896 -0.000187629 0)
(0.0474937 -0.000637105 0)
(0.0474588 -0.00107234 0)
(0.0475681 -0.00149106 0)
(0.0478059 -0.00189016 0)
(0.0481577 -0.00226602 0)
(0.0486094 -0.00261473 0)
(0.0491477 -0.00293227 0)
(0.0497594 -0.00321467 0)
(0.0504318 -0.00345812 0)
(0.0511523 -0.00365908 0)
(0.0519087 -0.0038144 0)
(0.0526889 -0.00392146 0)
(0.0534814 -0.00397822 0)
(0.0542752 -0.00398342 0)
(0.0550601 -0.00393665 0)
(0.0558267 -0.00383849 0)
(0.0565664 -0.00369065 0)
(0.0572722 -0.00349601 0)
(0.0579376 -0.0032587 0)
(0.0585578 -0.00298413 0)
(0.0591285 -0.00267894 0)
(0.0596466 -0.00235092 0)
(0.0601095 -0.00200877 0)
(0.0605156 -0.00166188 0)
(0.0608634 -0.00131993 0)
(0.0611522 -0.000992406 0)
(0.0613822 -0.000688118 0)
(0.0615545 -0.00041464 0)
(0.0616715 -0.000177846 0)
(0.061737 1.84473e-05 0)
(0.0617563 0.000172652 0)
(0.061736 0.000285376 0)
(0.0616838 0.000359194 0)
(0.0616078 0.000398253 0)
(0.0615161 0.000407791 0)
(0.0614164 0.00039363 0)
(0.0613154 0.000361701 0)
(0.0612188 0.00031766 0)
(0.0611308 0.000266599 0)
(0.0610542 0.00021286 0)
(0.0609906 0.000159953 0)
(0.0609406 0.000110535 0)
(0.0609038 6.64612e-05 0)
(0.0608792 2.88606e-05 0)
(0.0608652 -1.75506e-06 0)
(0.0608602 -2.53777e-05 0)
(0.0608624 -4.23851e-05 0)
(0.0608698 -5.34299e-05 0)
(0.0608809 -5.93373e-05 0)
(0.0608943 -6.10184e-05 0)
(0.0609086 -5.93974e-05 0)
(0.0609229 -5.53556e-05 0)
(0.0609364 -4.96916e-05 0)
(0.0609488 -4.30955e-05 0)
(0.0609595 -3.6136e-05 0)
(0.0609686 -2.9258e-05 0)
(0.060976 -2.27887e-05 0)
(0.0609818 -1.69488e-05 0)
(0.060986 -1.18672e-05 0)
(0.060989 -7.59834e-06 0)
(0.0609909 -4.1383e-06 0)
(0.060992 -1.44104e-06 0)
(0.0609923 5.67647e-07 0)
(0.0609922 1.97822e-06 0)
(0.0609917 2.88775e-06 0)
(0.060991 3.39264e-06 0)
(0.0609902 3.58337e-06 0)
(0.0609893 3.54117e-06 0)
(0.0609884 3.33615e-06 0)
(0.0609877 3.02659e-06 0)
(0.0609869 2.6592e-06 0)
(0.0609863 2.26996e-06 0)
(0.0609858 1.88526e-06 0)
(0.0609854 1.52337e-06 0)
(0.060985 1.19583e-06 0)
(0.0609848 9.08894e-07 0)
(0.0609846 6.64766e-07 0)
(0.0609844 4.6273e-07 0)
(0.0609843 3.00084e-07 0)
(0.0609843 1.72899e-07 0)
(0.0609843 7.66152e-08 0)
(0.0609842 6.48031e-09 0)
(0.0609842 -4.21312e-08 0)
(0.0609843 -7.35114e-08 0)
(0.0609843 -9.14938e-08 0)
(0.0609843 -9.93942e-08 0)
(0.0609843 -9.99985e-08 0)
(0.0609844 -9.55835e-08 0)
(0.0609844 -8.79592e-08 0)
(0.0609844 -7.85226e-08 0)
(0.0609844 -6.8317e-08 0)
(0.0609844 -5.80911e-08 0)
(0.0609844 -4.83546e-08 0)
(0.0609844 -3.94292e-08 0)
(0.0609845 -3.14927e-08 0)
(0.0609845 -2.46164e-08 0)
(0.0609845 -1.87959e-08 0)
(0.0609845 -1.39765e-08 0)
(0.0609845 -1.00719e-08 0)
(0.0609845 -6.97941e-09 0)
(0.0609845 -4.59036e-09 0)
(0.0609845 -2.79778e-09 0)
(0.0609845 -1.5014e-09 0)
(0.0609845 -6.10427e-10 0)
(0.0609845 -4.64773e-11 0)
(0.0609845 2.66311e-10 0)
(0.0609845 3.50204e-10 0)
(-0.000706247 0.00308238 0)
(-0.00213896 0.00468914 0)
(-0.00261646 0.00492336 0)
(-0.00284757 0.00449788 0)
(-0.00265045 0.00405321 0)
(-0.00234659 0.00361426 0)
(-0.00187301 0.00323728 0)
(-0.00131275 0.00290596 0)
(-0.000653937 0.00261569 0)
(8.15139e-05 0.00235683 0)
(0.000895928 0.00212074 0)
(0.00178451 0.00189971 0)
(0.00274932 0.00168573 0)
(0.00379113 0.00147148 0)
(0.00491271 0.00124953 0)
(0.0061166 0.00101287 0)
(0.0074058 0.000754808 0)
(0.00878312 0.000469219 0)
(0.0102513 0.000150688 0)
(0.0118128 -0.000205317 0)
(0.0134698 -0.000602341 0)
(0.0152243 -0.00104285 0)
(0.0170779 -0.00152817 0)
(0.019032 -0.00205854 0)
(0.0210875 -0.00263308 0)
(0.0232451 -0.00324989 0)
(0.0255048 -0.00390609 0)
(0.0278665 -0.00459795 0)
(0.0303289 -0.00532094 0)
(0.0328905 -0.00606982 0)
(0.0355486 -0.00683874 0)
(0.0382996 -0.00762129 0)
(0.0411391 -0.00841058 0)
(0.0440612 -0.00919924 0)
(0.0470589 -0.00997948 0)
(0.0501239 -0.0107431 0)
(0.0532464 -0.0114815 0)
(0.056415 -0.0121858 0)
(0.0596168 -0.0128468 0)
(0.062837 -0.013455 0)
(0.0660594 -0.0140009 0)
(0.0692661 -0.014475 0)
(0.0724377 -0.0148677 0)
(0.0755533 -0.01517 0)
(0.0785914 -0.0153729 0)
(0.0815292 -0.0154685 0)
(0.0843441 -0.0154497 0)
(0.0870138 -0.0153109 0)
(0.0895173 -0.0150484 0)
(0.0918356 -0.0146605 0)
(0.0939531 -0.0141482 0)
(0.0958577 -0.0135149 0)
(0.0975419 -0.0127669 0)
(0.0990032 -0.0119131 0)
(0.100244 -0.0109643 0)
(0.101271 -0.00993324 0)
(0.102094 -0.00883383 0)
(0.102729 -0.00768044 0)
(0.10319 -0.00648746 0)
(0.103494 -0.00526873 0)
(0.103658 -0.00403724 0)
(0.103698 -0.00280492 0)
(0.103626 -0.00158254 0)
(0.103455 -0.000379812 0)
(0.103193 0.000794436 0)
(0.102845 0.00193204 0)
(0.102414 0.00302523 0)
(0.101899 0.00406634 0)
(0.101297 0.00504755 0)
(0.100601 0.00596076 0)
(0.0998039 0.00679739 0)
(0.098895 0.00754843 0)
(0.0978632 0.00820448 0)
(0.096697 0.00875595 0)
(0.0953853 0.00919346 0)
(0.0939188 0.00950834 0)
(0.092291 0.00969334 0)
(0.0904999 0.00974337 0)
(0.0885495 0.00965628 0)
(0.0864515 0.0094335 0)
(0.0842264 0.00908058 0)
(0.0819036 0.00860742 0)
(0.0795221 0.00802822 0)
(0.0771277 0.00736093 0)
(0.0747709 0.00662617 0)
(0.0725028 0.00584569 0)
(0.0703709 0.00504058 0)
(0.0684152 0.00422961 0)
(0.0666659 0.00342799 0)
(0.0651415 0.00264685 0)
(0.0638499 0.00189341 0)
(0.0627894 0.00117177 0)
(0.0619512 0.00048394 0)
(0.0613211 -0.00016913 0)
(0.0608821 -0.000786733 0)
(0.0606154 -0.00136786 0)
(0.0605019 -0.00191092 0)
(0.0605224 -0.0024137 0)
(0.0606585 -0.00287344 0)
(0.0608922 -0.003287 0)
(0.0612065 -0.00365102 0)
(0.0615849 -0.00396214 0)
(0.0620117 -0.00421719 0)
(0.0624719 -0.00441338 0)
(0.0629515 -0.00454851 0)
(0.0634371 -0.0046211 0)
(0.063917 -0.00463062 0)
(0.0643804 -0.00457759 0)
(0.0648182 -0.00446374 0)
(0.0652231 -0.0042921 0)
(0.0655897 -0.004067 0)
(0.0659146 -0.00379411 0)
(0.0661964 -0.00348031 0)
(0.0664353 -0.00313358 0)
(0.0666334 -0.00276278 0)
(0.0667938 -0.00237739 0)
(0.0669202 -0.00198723 0)
(0.0670168 -0.00160214 0)
(0.0670874 -0.00123162 0)
(0.0671352 -0.00088444 0)
(0.0671628 -0.000568346 0)
(0.067172 -0.00028964 0)
(0.0671643 -5.28942e-05 0)
(0.0671408 0.00013927 0)
(0.0671027 0.000286287 0)
(0.0670518 0.000389592 0)
(0.0669904 0.000452413 0)
(0.0669209 0.000479433 0)
(0.0668467 0.000476352 0)
(0.0667708 0.00044942 0)
(0.0666964 0.00040498 0)
(0.0666263 0.000349076 0)
(0.0665627 0.000287148 0)
(0.0665073 0.000223826 0)
(0.0664611 0.000162818 0)
(0.0664244 0.000106893 0)
(0.066397 5.79162e-05 0)
(0.0663783 1.69434e-05 0)
(0.0663672 -1.56582e-05 0)
(0.0663626 -4.00745e-05 0)
(0.0663633 -5.69066e-05 0)
(0.0663679 -6.70388e-05 0)
(0.0663752 -7.15205e-05 0)
(0.0663844 -7.14661e-05 0)
(0.0663943 -6.79741e-05 0)
(0.0664043 -6.20665e-05 0)
(0.0664139 -5.46477e-05 0)
(0.0664227 -4.64805e-05 0)
(0.0664304 -3.81767e-05 0)
(0.0664369 -3.01995e-05 0)
(0.0664422 -2.28745e-05 0)
(0.0664463 -1.64064e-05 0)
(0.0664494 -1.08988e-05 0)
(0.0664515 -6.37508e-06 0)
(0.0664529 -2.79869e-06 0)
(0.0664536 -9.1469e-08 0)
(0.0664539 1.85032e-06 0)
(0.0664538 3.14292e-06 0)
(0.0664534 3.90488e-06 0)
(0.0664529 4.24965e-06 0)
(0.0664523 4.28055e-06 0)
(0.0664517 4.08785e-06 0)
(0.0664511 3.74744e-06 0)
(0.0664505 3.32078e-06 0)
(0.06645 2.85572e-06 0)
(0.0664496 2.38784e-06 0)
(0.0664492 1.94217e-06 0)
(0.0664489 1.53498e-06 0)
(0.0664487 1.17552e-06 0)
(0.0664485 8.67672e-07 0)
(0.0664484 6.11372e-07 0)
(0.0664483 4.03842e-07 0)
(0.0664482 2.40581e-07 0)
(0.0664482 1.16154e-07 0)
(0.0664482 2.47747e-08 0)
(0.0664482 -3.92608e-08 0)
(0.0664482 -8.12954e-08 0)
(0.0664482 -1.06134e-07 0)
(0.0664482 -1.17955e-07 0)
(0.0664482 -1.20286e-07 0)
(0.0664482 -1.16023e-07 0)
(0.0664483 -1.07478e-07 0)
(0.0664483 -9.6443e-08 0)
(0.0664483 -8.4264e-08 0)
(0.0664483 -7.19125e-08 0)
(0.0664483 -6.00566e-08 0)
(0.0664483 -4.91238e-08 0)
(0.0664483 -3.93572e-08 0)
(0.0664483 -3.08627e-08 0)
(0.0664483 -2.36484e-08 0)
(0.0664483 -1.76562e-08 0)
(0.0664483 -1.27864e-08 0)
(0.0664483 -8.91682e-09 0)
(0.0664483 -5.9164e-09 0)
(0.0664483 -3.655e-09 0)
(0.0664483 -2.01003e-09 0)
(0.0664483 -8.70411e-10 0)
(0.0664483 -1.39157e-10 0)
(0.0664483 2.71024e-10 0)
(0.0664483 3.94509e-10 0)
(-0.000180253 0.00563557 0)
(-0.000132958 0.00561304 0)
(0.00102589 0.004996 0)
(0.0022481 0.00396261 0)
(0.00375325 0.00324774 0)
(0.00524466 0.00268041 0)
(0.00679944 0.00221737 0)
(0.00834974 0.00182883 0)
(0.00991648 0.00148598 0)
(0.0114909 0.00117717 0)
(0.013083 0.000889292 0)
(0.0146971 0.000614073 0)
(0.016341 0.000342935 0)
(0.0180211 6.86066e-05 0)
(0.0197438 -0.000216095 0)
(0.021515 -0.000517819 0)
(0.0233399 -0.000842866 0)
(0.025223 -0.00119698 0)
(0.0271682 -0.00158526 0)
(0.0291785 -0.00201203 0)
(0.0312567 -0.00248069 0)
(0.0334048 -0.00299369 0)
(0.0356243 -0.00355236 0)
(0.0379163 -0.004157 0)
(0.0402813 -0.00480675 0)
(0.0427193 -0.00549969 0)
(0.0452297 -0.00623284 0)
(0.0478111 -0.00700223 0)
(0.0504615 -0.00780294 0)
(0.0531778 -0.00862919 0)
(0.0559559 -0.00947444 0)
(0.0587904 -0.0103314 0)
(0.061675 -0.0111922 0)
(0.0646017 -0.0120483 0)
(0.0675612 -0.0128906 0)
(0.0705428 -0.0137095 0)
(0.0735339 -0.0144947 0)
(0.0765203 -0.0152354 0)
(0.0794858 -0.0159205 0)
(0.0824124 -0.0165385 0)
(0.0852801 -0.0170777 0)
(0.0880674 -0.0175266 0)
(0.0907511 -0.0178735 0)
(0.093307 -0.0181074 0)
(0.0957104 -0.0182181 0)
(0.0979369 -0.0181965 0)
(0.0999631 -0.0180354 0)
(0.101768 -0.0177297 0)
(0.103336 -0.0172775 0)
(0.104653 -0.0166804 0)
(0.105715 -0.0159433 0)
(0.106523 -0.015075 0)
(0.107086 -0.0140879 0)
(0.10742 -0.0129969 0)
(0.107547 -0.0118192 0)
(0.107493 -0.0105731 0)
(0.107289 -0.00927695 0)
(0.106965 -0.00794834 0)
(0.106554 -0.00660346 0)
(0.106082 -0.00525651 0)
(0.105577 -0.00391956 0)
(0.10506 -0.00260249 0)
(0.104547 -0.00131328 0)
(0.104052 -5.8265e-05 0)
(0.103581 0.0011574 0)
(0.103138 0.00232932 0)
(0.102723 0.00345341 0)
(0.10233 0.00452556 0)
(0.101954 0.00554133 0)
(0.101583 0.0064957 0)
(0.101207 0.00738294 0)
(0.10081 0.00819654 0)
(0.100379 0.0089292 0)
(0.0998947 0.0095729 0)
(0.0993421 0.0101191 0)
(0.0987036 0.0105589 0)
(0.0979631 0.0108838 0)
(0.0971064 0.0110859 0)
(0.0961219 0.0111585 0)
(0.0950025 0.011097 0)
(0.0937463 0.0108996 0)
(0.092358 0.0105677 0)
(0.0908495 0.0101065 0)
(0.0892403 0.00952524 0)
(0.0875569 0.00883688 0)
(0.0858319 0.00805777 0)
(0.0841018 0.00720663 0)
(0.0824048 0.00630345 0)
(0.0807776 0.00536817 0)
(0.079253 0.00441962 0)
(0.077858 0.00347455 0)
(0.076612 0.00254716 0)
(0.0755268 0.00164891 0)
(0.0746069 0.000788763 0)
(0.07385 -2.63987e-05 0)
(0.073249 -0.000791232 0)
(0.0727923 -0.00150143 0)
(0.0724659 -0.0021533 0)
(0.0722536 -0.00274349 0)
(0.0721387 -0.00326881 0)
(0.0721036 -0.00372624 0)
(0.072131 -0.00411292 0)
(0.0722041 -0.00442637 0)
(0.0723067 -0.00466458 0)
(0.0724237 -0.00482628 0)
(0.0725414 -0.00491112 0)
(0.0726474 -0.00491988 0)
(0.0727315 -0.00485466 0)
(0.0727853 -0.00471901 0)
(0.0728028 -0.00451796 0)
(0.0727805 -0.00425808 0)
(0.0727173 -0.00394731 0)
(0.0726145 -0.00359483 0)
(0.0724756 -0.00321074 0)
(0.0723059 -0.00280577 0)
(0.0721124 -0.00239082 0)
(0.0719027 -0.00197661 0)
(0.071685 -0.00157326 0)
(0.0714671 -0.00118998 0)
(0.0712557 -0.000834748 0)
(0.0710565 -0.000514154 0)
(0.0708733 -0.000233237 0)
(0.0707082 4.59651e-06 0)
(0.070562 0.000197615 0)
(0.0704337 0.000345761 0)
(0.0703219 0.000450578 0)
(0.0702244 0.000515079 0)
(0.0701392 0.00054352 0)
(0.0700644 0.000541113 0)
(0.0699985 0.000513675 0)
(0.0699404 0.000467269 0)
(0.0698895 0.000407848 0)
(0.0698453 0.000340949 0)
(0.0698076 0.000271457 0)
(0.0697762 0.000203444 0)
(0.0697509 0.000140084 0)
(0.0697313 8.36487e-05 0)
(0.0697171 3.55553e-05 0)
(0.0697077 -3.53877e-06 0)
(0.0697025 -3.36133e-05 0)
(0.0697007 -5.51483e-05 0)
(0.0697016 -6.89865e-05 0)
(0.0697046 -7.62019e-05 0)
(0.0697091 -7.79847e-05 0)
(0.0697144 -7.55447e-05 0)
(0.0697201 -7.00354e-05 0)
(0.0697258 -6.24998e-05 0)
(0.0697311 -5.38359e-05 0)
(0.069736 -4.47797e-05 0)
(0.0697403 -3.59022e-05 0)
(0.0697439 -2.76179e-05 0)
(0.0697468 -2.02006e-05 0)
(0.0697491 -1.38041e-05 0)
(0.0697507 -8.48482e-06 0)
(0.0697519 -4.22473e-06 0)
(0.0697526 -9.52436e-07 0)
(0.069753 1.43791e-06 0)
(0.0697531 3.07093e-06 0)
(0.069753 4.07753e-06 0)
(0.0697528 4.58553e-06 0)
(0.0697525 4.7132e-06 0)
(0.0697521 4.56521e-06 0)
(0.0697518 4.23059e-06 0)
(0.0697514 3.78224e-06 0)
(0.0697511 3.27757e-06 0)
(0.0697508 2.75984e-06 0)
(0.0697506 2.25998e-06 0)
(0.0697504 1.79859e-06 0)
(0.0697502 1.38789e-06 0)
(0.0697501 1.03364e-06 0)
(0.06975 7.36788e-07 0)
(0.0697499 4.94909e-07 0)
(0.0697499 3.034e-07 0)
(0.0697498 1.56408e-07 0)
(0.0697498 4.75495e-08 0)
(0.0697498 -2.95706e-08 0)
(0.0697498 -8.10068e-08 0)
(0.0697498 -1.12249e-07 0)
(0.0697498 -1.28104e-07 0)
(0.0697498 -1.32652e-07 0)
(0.0697499 -1.29263e-07 0)
(0.0697499 -1.20637e-07 0)
(0.0697499 -1.08883e-07 0)
(0.0697499 -9.55917e-08 0)
(0.0697499 -8.19209e-08 0)
(0.0697499 -6.86746e-08 0)
(0.0697499 -5.63752e-08 0)
(0.0697499 -4.53283e-08 0)
(0.0697499 -3.5677e-08 0)
(0.0697499 -2.74478e-08 0)
(0.0697499 -2.05876e-08 0)
(0.0697499 -1.49927e-08 0)
(0.0697499 -1.05307e-08 0)
(0.0697499 -7.05701e-09 0)
(0.0697499 -4.42666e-09 0)
(0.0697499 -2.50205e-09 0)
(0.0697499 -1.15793e-09 0)
(0.0697499 -2.84626e-10 0)
(0.0697499 2.13498e-10 0)
(0.0697499 3.90341e-10 0)
(0.0050709 0.00199979 0)
(0.00763068 0.00300814 0)
(0.012617 0.00253744 0)
(0.0159352 0.00190559 0)
(0.0191004 0.00126461 0)
(0.0218472 0.000742106 0)
(0.0243887 0.000299973 0)
(0.0267611 -7.27678e-05 0)
(0.0290185 -0.000402106 0)
(0.0311914 -0.000702637 0)
(0.0333053 -0.000987812 0)
(0.0353795 -0.00126711 0)
(0.0374297 -0.00154876 0)
(0.039469 -0.00183969 0)
(0.0415085 -0.00214626 0)
(0.0435575 -0.00247431 0)
(0.0456237 -0.00282929 0)
(0.0477139 -0.00321616 0)
(0.0498332 -0.00363938 0)
(0.051986 -0.00410273 0)
(0.0541758 -0.00460923 0)
(0.0564048 -0.00516105 0)
(0.0586749 -0.00575935 0)
(0.0609868 -0.00640429 0)
(0.0633405 -0.00709491 0)
(0.0657353 -0.00782913 0)
(0.0681696 -0.00860374 0)
(0.0706408 -0.00941439 0)
(0.0731453 -0.0102556 0)
(0.0756781 -0.011121 0)
(0.0782331 -0.0120031 0)
(0.0808025 -0.0128934 0)
(0.0833771 -0.013783 0)
(0.085946 -0.0146619 0)
(0.0884967 -0.0155195 0)
(0.0910147 -0.0163442 0)
(0.0934837 -0.0171238 0)
(0.095885 -0.0178454 0)
(0.0981979 -0.0184952 0)
(0.100399 -0.0190592 0)
(0.102464 -0.0195231 0)
(0.104365 -0.0198729 0)
(0.106074 -0.0200948 0)
(0.107565 -0.0201764 0)
(0.10881 -0.0201065 0)
(0.109786 -0.0198765 0)
(0.110473 -0.019481 0)
(0.11086 -0.0189187 0)
(0.110943 -0.0181931 0)
(0.110728 -0.017313 0)
(0.110233 -0.0162918 0)
(0.109484 -0.0151479 0)
(0.108518 -0.0139027 0)
(0.107378 -0.0125798 0)
(0.106115 -0.0112034 0)
(0.104776 -0.00979672 0)
(0.103411 -0.00838078 0)
(0.102064 -0.00697339 0)
(0.100775 -0.00558874 0)
(0.0995747 -0.00423728 0)
(0.0984888 -0.00292602 0)
(0.0975339 -0.00165905 0)
(0.0967197 -0.000438253 0)
(0.0960497 0.000735974 0)
(0.0955222 0.00186403 0)
(0.0951307 0.00294648 0)
(0.0948656 0.00398358 0)
(0.0947142 0.00497487 0)
(0.0946623 0.00591898 0)
(0.0946937 0.00681342 0)
(0.0947915 0.00765456 0)
(0.0949377 0.00843762 0)
(0.0951141 0.00915673 0)
(0.0953018 0.00980509 0)
(0.0954816 0.0103751 0)
(0.0956346 0.0108584 0)
(0.0957416 0.0112467 0)
(0.0957844 0.0115313 0)
(0.0957458 0.0117043 0)
(0.0956103 0.0117586 0)
(0.0953653 0.0116885 0)
(0.0950016 0.0114904 0)
(0.0945145 0.0111635 0)
(0.0939047 0.01071 0)
(0.0931785 0.0101357 0)
(0.0923478 0.00944989 0)
(0.0914304 0.00866532 0)
(0.0904482 0.00779767 0)
(0.0894261 0.00686474 0)
(0.0883906 0.00588553 0)
(0.0873672 0.00487924 0)
(0.0863795 0.00386439 0)
(0.0854471 0.00285811 0)
(0.0845852 0.00187571 0)
(0.0838037 0.0009305 0)
(0.0831075 3.37881e-05 0)
(0.0824967 -0.000804918 0)
(0.0819673 -0.00157767 0)
(0.0815119 -0.00227782 0)
(0.0811207 -0.00289983 0)
(0.0807819 -0.0034391 0)
(0.0804826 -0.00389195 0)
(0.0802096 -0.00425563 0)
(0.0799501 -0.00452843 0)
(0.0796918 -0.00470985 0)
(0.0794237 -0.00480072 0)
(0.0791368 -0.00480343 0)
(0.0788238 -0.00472203 0)
(0.0784801 -0.00456231 0)
(0.0781032 -0.00433177 0)
(0.0776935 -0.00403954 0)
(0.0772535 -0.00369613 0)
(0.0767881 -0.00331316 0)
(0.0763038 -0.0029029 0)
(0.0758086 -0.00247788 0)
(0.0753114 -0.00205034 0)
(0.0748214 -0.00163178 0)
(0.0743474 -0.00123254 0)
(0.0738979 -0.000861409 0)
(0.0734799 -0.000525435 0)
(0.0730992 -0.000229779 0)
(0.0727597 2.2263e-05 0)
(0.0724632 0.000229169 0)
(0.0722099 0.000391028 0)
(0.0719981 0.000509353 0)
(0.0718248 0.00058688 0)
(0.0716858 0.000627364 0)
(0.0715767 0.000635363 0)
(0.0714925 0.000616016 0)
(0.0714287 0.000574801 0)
(0.071381 0.000517285 0)
(0.071346 0.00044888 0)
(0.0713205 0.000374615 0)
(0.0713023 0.000298949 0)
(0.0712894 0.000225631 0)
(0.0712805 0.000157623 0)
(0.0712747 9.70684e-05 0)
(0.071271 4.53228e-05 0)
(0.0712691 3.02449e-06 0)
(0.0712684 -2.98051e-05 0)
(0.0712686 -5.36413e-05 0)
(0.0712696 -6.93286e-05 0)
(0.071271 -7.79557e-05 0)
(0.0712728 -8.07416e-05 0)
(0.0712747 -7.89372e-05 0)
(0.0712767 -7.3747e-05 0)
(0.0712786 -6.62705e-05 0)
(0.0712804 -5.74638e-05 0)
(0.0712821 -4.81187e-05 0)
(0.0712835 -3.88574e-05 0)
(0.0712847 -3.01385e-05 0)
(0.0712857 -2.22721e-05 0)
(0.0712865 -1.544e-05 0)
(0.0712871 -9.71873e-06 0)
(0.0712875 -5.10319e-06 0)
(0.0712878 -1.52879e-06 0)
(0.071288 1.10849e-06 0)
(0.071288 2.93512e-06 0)
(0.071288 4.08645e-06 0)
(0.071288 4.69637e-06 0)
(0.0712879 4.88995e-06 0)
(0.0712878 4.77878e-06 0)
(0.0712877 4.4585e-06 0)
(0.0712876 4.00796e-06 0)
(0.0712875 3.48968e-06 0)
(0.0712874 2.95117e-06 0)
(0.0712873 2.42671e-06 0)
(0.0712872 1.93944e-06 0)
(0.0712871 1.50342e-06 0)
(0.0712871 1.12562e-06 0)
(0.0712871 8.07733e-07 0)
(0.071287 5.47698e-07 0)
(0.071287 3.40991e-07 0)
(0.071287 1.81648e-07 0)
(0.071287 6.30472e-08 0)
(0.071287 -2.15155e-08 0)
(0.071287 -7.84319e-08 0)
(0.071287 -1.1353e-07 0)
(0.071287 -1.31934e-07 0)
(0.071287 -1.38014e-07 0)
(0.071287 -1.35386e-07 0)
(0.071287 -1.26963e-07 0)
(0.071287 -1.15023e-07 0)
(0.071287 -1.01295e-07 0)
(0.071287 -8.70419e-08 0)
(0.071287 -7.31449e-08 0)
(0.071287 -6.01831e-08 0)
(0.071287 -4.85001e-08 0)
(0.071287 -3.82631e-08 0)
(0.071287 -2.95122e-08 0)
(0.071287 -2.22001e-08 0)
(0.071287 -1.6223e-08 0)
(0.071287 -1.14452e-08 0)
(0.071287 -7.71648e-09 0)
(0.071287 -4.88494e-09 0)
(0.071287 -2.80584e-09 0)
(0.071287 -1.34698e-09 0)
(0.071287 -3.92411e-10 0)
(0.071287 1.58009e-10 0)
(0.071287 3.72538e-10 0)
(0.0344489 -3.15802e-06 0)
(0.0346101 -0.000150785 0)
(0.0349381 -0.000270756 0)
(0.0353851 -0.000335263 0)
(0.0358984 -0.000375237 0)
(0.0365606 -0.000454022 0)
(0.0372548 -0.000337323 0)
(0.0379614 -0.000785334 0)
(0.090864 -6.75255e-06 0)
(0.0906424 -0.000132856 0)
(0.0905797 -0.000301125 0)
(0.0906211 -0.00047254 0)
(0.0907759 -0.000657529 0)
(0.0910208 -0.000843812 0)
(0.0913828 -0.00104734 0)
(0.0922866 -0.00173033 0)
(0.128437 -1.02123e-05 0)
(0.128259 -9.57123e-05 0)
(0.128173 -0.000225026 0)
(0.128136 -0.000389155 0)
(0.128129 -0.000580936 0)
(0.128153 -0.000803964 0)
(0.128249 -0.00114463 0)
(0.128257 -0.00158114 0)
(0.147212 -1.40214e-05 0)
(0.147034 -0.000106134 0)
(0.146937 -0.000226184 0)
(0.146873 -0.000374844 0)
(0.146823 -0.000555735 0)
(0.146782 -0.000787664 0)
(0.146725 -0.00106978 0)
(0.14666 -0.00144288 0)
(0.147217 -1.93172e-05 0)
(0.147038 -0.000113763 0)
(0.146928 -0.000218663 0)
(0.14684 -0.000344424 0)
(0.146748 -0.000502334 0)
(0.146633 -0.000699104 0)
(0.146484 -0.000950821 0)
(0.146273 -0.00125877 0)
(0.12845 -2.71693e-05 0)
(0.128254 -0.000130018 0)
(0.128111 -0.000221686 0)
(0.127971 -0.000322403 0)
(0.127806 -0.000447532 0)
(0.127601 -0.000608721 0)
(0.127337 -0.000809973 0)
(0.126998 -0.00105133 0)
(0.0908863 -4.14449e-05 0)
(0.0906058 -0.000109138 0)
(0.0903838 -0.000145458 0)
(0.0901589 -0.000193002 0)
(0.0899032 -0.000270671 0)
(0.0895925 -0.000382844 0)
(0.0892035 -0.000527026 0)
(0.0887122 -0.000694977 0)
(0.0344547 -4.75816e-05 0)
(0.0343658 -2.98272e-05 0)
(0.0343034 -2.46253e-07 0)
(0.0342359 -3.40316e-06 0)
(0.0341048 -3.81698e-05 0)
(0.0338815 -9.27446e-05 0)
(0.0335494 -0.00015447 0)
(0.033102 -0.000212804 0)
(0.0407019 -0.00357332 0)
(0.043663 -0.00331557 0)
(0.0463637 -0.00303525 0)
(0.0489979 -0.00276098 0)
(0.0514304 -0.0026443 0)
(0.0537139 -0.0026266 0)
(0.0558722 -0.00268043 0)
(0.0579329 -0.00277968 0)
(0.0599174 -0.00291066 0)
(0.0618423 -0.00306583 0)
(0.0637209 -0.00324231 0)
(0.0655641 -0.00343974 0)
(0.0673812 -0.00365946 0)
(0.0691803 -0.00390381 0)
(0.0709684 -0.00417578 0)
(0.0727517 -0.00447872 0)
(0.0745356 -0.00481614 0)
(0.0763246 -0.00519146 0)
(0.0781226 -0.0056079 0)
(0.0799325 -0.00606826 0)
(0.0817564 -0.00657477 0)
(0.0835957 -0.00712896 0)
(0.0854509 -0.0077315 0)
(0.0873217 -0.00838208 0)
(0.0892067 -0.00907936 0)
(0.0911037 -0.00982081 0)
(0.0930094 -0.0106027 0)
(0.0949193 -0.01142 0)
(0.0968275 -0.0122664 0)
(0.0987265 -0.0131343 0)
(0.100607 -0.014015 0)
(0.102458 -0.0148985 0)
(0.104265 -0.015774 0)
(0.106015 -0.0166295 0)
(0.107688 -0.0174524 0)
(0.109265 -0.0182287 0)
(0.110724 -0.0189436 0)
(0.112039 -0.0195809 0)
(0.113183 -0.0201238 0)
(0.114124 -0.0205548 0)
(0.114832 -0.0208568 0)
(0.115273 -0.0210132 0)
(0.115418 -0.0210092 0)
(0.115239 -0.0208323 0)
(0.114716 -0.0204735 0)
(0.113837 -0.0199285 0)
(0.112602 -0.0191991 0)
(0.111024 -0.0182938 0)
(0.109131 -0.0172284 0)
(0.106968 -0.0160251 0)
(0.104589 -0.0147117 0)
(0.102061 -0.0133193 0)
(0.0994545 -0.01188 0)
(0.0968426 -0.0104243 0)
(0.0942946 -0.00897939 0)
(0.0918727 -0.00756722 0)
(0.089629 -0.00620397 0)
(0.0876038 -0.00489991 0)
(0.0858251 -0.00365988 0)
(0.0843091 -0.0024842 0)
(0.0830612 -0.00136987 0)
(0.0820782 -0.000311692 0)
(0.08135 0.000696516 0)
(0.0808614 0.00166102 0)
(0.0805944 0.00258741 0)
(0.0805288 0.00348008 0)
(0.0806438 0.00434197 0)
(0.0809185 0.00517438 0)
(0.0813322 0.00597699 0)
(0.081865 0.00674795 0)
(0.0824973 0.00748397 0)
(0.0832101 0.00818051 0)
(0.0839852 0.00883188 0)
(0.0848041 0.00943145 0)
(0.0856491 0.00997183 0)
(0.0865021 0.010445 0)
(0.0873454 0.0108426 0)
(0.0881612 0.0111562 0)
(0.0889322 0.0113773 0)
(0.0896417 0.0114981 0)
(0.0902739 0.0115116 0)
(0.0908144 0.0114121 0)
(0.0912512 0.0111956 0)
(0.0915749 0.0108605 0)
(0.0917796 0.010408 0)
(0.0918635 0.0098421 0)
(0.0918288 0.00917032 0)
(0.0916821 0.00840321 0)
(0.0914336 0.00755421 0)
(0.0910969 0.00663914 0)
(0.0906875 0.00567548 0)
(0.0902219 0.00468159 0)
(0.0897164 0.00367595 0)
(0.0891856 0.0026765 0)
(0.0886422 0.00170007 0)
(0.0880958 0.000762049 0)
(0.0875527 -0.000123821 0)
(0.0870163 -0.000945533 0)
(0.0864868 -0.00169279 0)
(0.085962 -0.00235699 0)
(0.0854377 -0.00293115 0)
(0.0849085 -0.00340994 0)
(0.0843682 -0.0037897 0)
(0.0838108 -0.00406855 0)
(0.0832312 -0.00424648 0)
(0.0826252 -0.00432547 0)
(0.0819908 -0.00430956 0)
(0.0813277 -0.00420488 0)
(0.080638 -0.00401957 0)
(0.0799261 -0.00376361 0)
(0.0791981 -0.00344856 0)
(0.078462 -0.00308712 0)
(0.0777266 -0.00269276 0)
(0.0770016 -0.00227914 0)
(0.0762968 -0.00185961 0)
(0.0756212 -0.00144674 0)
(0.0749833 -0.00105178 0)
(0.0743901 -0.000684364 0)
(0.0738474 -0.000352185 0)
(0.0733591 -6.08561e-05 0)
(0.0729276 0.000186108 0)
(0.0725536 0.000387191 0)
(0.0722361 0.000542674 0)
(0.0719729 0.000654368 0)
(0.0717603 0.000725317 0)
(0.0715936 0.0007595 0)
(0.0714674 0.000761561 0)
(0.0713759 0.000736562 0)
(0.0713131 0.000689772 0)
(0.0712733 0.000626474 0)
(0.0712512 0.000551786 0)
(0.0712419 0.000470506 0)
(0.0712416 0.00038697 0)
(0.0712469 0.000304932 0)
(0.0712552 0.000227481 0)
(0.0712647 0.000156998 0)
(0.0712739 9.51387e-05 0)
(0.0712821 4.28741e-05 0)
(0.0712889 5.47061e-07 0)
(0.0712939 -3.20351e-05 0)
(0.0712974 -5.54957e-05 0)
(0.0712993 -7.07751e-05 0)
(0.0713 -7.90195e-05 0)
(0.0712998 -8.14774e-05 0)
(0.0712989 -7.94109e-05 0)
(0.0712975 -7.40237e-05 0)
(0.0712959 -6.6408e-05 0)
(0.0712942 -5.75095e-05 0)
(0.0712926 -4.81092e-05 0)
(0.0712911 -3.88189e-05 0)
(0.0712897 -3.00888e-05 0)
(0.0712886 -2.22222e-05 0)
(0.0712878 -1.53958e-05 0)
(0.0712871 -9.68287e-06 0)
(0.0712866 -5.07597e-06 0)
(0.0712863 -1.50935e-06 0)
(0.0712861 1.12152e-06 0)
(0.071286 2.94326e-06 0)
(0.071286 4.09109e-06 0)
(0.0712861 4.69866e-06 0)
(0.0712862 4.89078e-06 0)
(0.0712863 4.77878e-06 0)
(0.0712864 4.4581e-06 0)
(0.0712865 4.00741e-06 0)
(0.0712866 3.48914e-06 0)
(0.0712867 2.9507e-06 0)
(0.0712868 2.42635e-06 0)
(0.0712869 1.93917e-06 0)
(0.0712869 1.50324e-06 0)
(0.071287 1.1255e-06 0)
(0.071287 8.07666e-07 0)
(0.071287 5.47664e-07 0)
(0.071287 3.40977e-07 0)
(0.071287 1.81645e-07 0)
(0.0712871 6.30503e-08 0)
(0.0712871 -2.151e-08 0)
(0.0712871 -7.84259e-08 0)
(0.0712871 -1.13524e-07 0)
(0.0712871 -1.3193e-07 0)
(0.0712871 -1.38011e-07 0)
(0.0712871 -1.35383e-07 0)
(0.071287 -1.26961e-07 0)
(0.071287 -1.15022e-07 0)
(0.071287 -1.01295e-07 0)
(0.071287 -8.70416e-08 0)
(0.071287 -7.31448e-08 0)
(0.071287 -6.01831e-08 0)
(0.071287 -4.85001e-08 0)
(0.071287 -3.82631e-08 0)
(0.071287 -2.95123e-08 0)
(0.071287 -2.22001e-08 0)
(0.071287 -1.62231e-08 0)
(0.071287 -1.14453e-08 0)
(0.071287 -7.71663e-09 0)
(0.071287 -4.88516e-09 0)
(0.071287 -2.80616e-09 0)
(0.071287 -1.34745e-09 0)
(0.071287 -3.93106e-10 0)
(0.071287 1.56813e-10 0)
(0.071287 3.71261e-10 0)
(0.0929561 -0.00226675 0)
(0.093052 -0.00277697 0)
(0.0933928 -0.0030839 0)
(0.0938983 -0.00330774 0)
(0.0945661 -0.00349206 0)
(0.0953375 -0.00366292 0)
(0.0961806 -0.0038304 0)
(0.0970713 -0.00399904 0)
(0.0979943 -0.00417178 0)
(0.0989396 -0.00435135 0)
(0.0999005 -0.0045409 0)
(0.100873 -0.00474391 0)
(0.101854 -0.00496421 0)
(0.102842 -0.00520579 0)
(0.103836 -0.00547279 0)
(0.104835 -0.0057693 0)
(0.105839 -0.00609932 0)
(0.106847 -0.00646661 0)
(0.107858 -0.00687456 0)
(0.108873 -0.00732608 0)
(0.109888 -0.00782343 0)
(0.110903 -0.00836809 0)
(0.111916 -0.00896064 0)
(0.112921 -0.00960062 0)
(0.113917 -0.0102864 0)
(0.114897 -0.011015 0)
(0.115855 -0.0117821 0)
(0.116783 -0.0125817 0)
(0.117672 -0.0134064 0)
(0.11851 -0.014247 0)
(0.119284 -0.0150928 0)
(0.119977 -0.0159317 0)
(0.120569 -0.0167502 0)
(0.121037 -0.0175339 0)
(0.121357 -0.0182668 0)
(0.121499 -0.0189317 0)
(0.121433 -0.0195099 0)
(0.121124 -0.0199811 0)
(0.120538 -0.0203243 0)
(0.119639 -0.0205187 0)
(0.118392 -0.020545 0)
(0.11677 -0.020387 0)
(0.114751 -0.0200328 0)
(0.112328 -0.0194762 0)
(0.109508 -0.0187186 0)
(0.106316 -0.01777 0)
(0.102796 -0.0166497 0)
(0.0990126 -0.0153858 0)
(0.0950481 -0.0140134 0)
(0.0909972 -0.0125719 0)
(0.0869617 -0.0111019 0)
(0.0830425 -0.00964199 0)
(0.0793321 -0.00822601 0)
(0.0759087 -0.00688077 0)
(0.0728312 -0.00562442 0)
(0.0701379 -0.00446588 0)
(0.0678471 -0.00340553 0)
(0.0659592 -0.00243673 0)
(0.0644614 -0.00154801 0)
(0.0633308 -0.00072534 0)
(0.0625394 4.58187e-05 0)
(0.0620561 0.000779004 0)
(0.0618497 0.00148574 0)
(0.0618904 0.00217501 0)
(0.0621503 0.00285317 0)
(0.0626039 0.003524 0)
(0.0632284 0.00418901 0)
(0.064003 0.00484771 0)
(0.064909 0.00549793 0)
(0.0659293 0.0061361 0)
(0.0670479 0.0067575 0)
(0.0682497 0.00735649 0)
(0.0695201 0.00792663 0)
(0.0708449 0.00846089 0)
(0.0722097 0.00895173 0)
(0.0736001 0.00939127 0)
(0.0750014 0.0097714 0)
(0.0763985 0.010084 0)
(0.0777762 0.0103209 0)
(0.079119 0.0104744 0)
(0.0804114 0.0105375 0)
(0.081638 0.0105039 0)
(0.0827845 0.0103686 0)
(0.0838373 0.0101285 0)
(0.0847846 0.00978236 0)
(0.0856167 0.00933143 0)
(0.0863266 0.00877971 0)
(0.08691 0.00813408 0)
(0.0873658 0.00740422 0)
(0.0876958 0.00660247 0)
(0.0879047 0.00574338 0)
(0.0879991 0.0048432 0)
(0.0879871 0.00391926 0)
(0.0878775 0.00298932 0)
(0.0876793 0.00207097 0)
(0.0874007 0.00118108 0)
(0.0870487 0.000335404 0)
(0.0866294 -0.000451765 0)
(0.0861471 -0.00116785 0)
(0.0856053 -0.00180219 0)
(0.0850063 -0.00234614 0)
(0.0843523 -0.0027933 0)
(0.0836455 -0.00313954 0)
(0.0828889 -0.00338322 0)
(0.0820866 -0.00352517 0)
(0.0812443 -0.00356881 0)
(0.0803693 -0.00352 0)
(0.0794709 -0.00338695 0)
(0.0785596 -0.00317987 0)
(0.0776474 -0.00291064 0)
(0.0767467 -0.00259232 0)
(0.0758699 -0.00223859 0)
(0.0750288 -0.00186327 0)
(0.0742339 -0.00147975 0)
(0.0734942 -0.00110053 0)
(0.0728165 -0.000736807 0)
(0.0722056 -0.000398157 0)
(0.0716642 -9.22849e-05 0)
(0.0711929 0.0001751 0)
(0.0707904 0.00040032 0)
(0.0704542 0.000581662 0)
(0.0701802 0.000719211 0)
(0.0699636 0.000814619 0)
(0.0697988 0.000870814 0)
(0.0696797 0.0008917 0)
(0.0695999 0.000881848 0)
(0.0695531 0.000846229 0)
(0.0695329 0.000789975 0)
(0.0695333 0.000718178 0)
(0.0695489 0.00063573 0)
(0.0695746 0.000547185 0)
(0.0696062 0.000456655 0)
(0.0696401 0.000367718 0)
(0.0696735 0.000283354 0)
(0.0697044 0.000205909 0)
(0.0697313 0.000137077 0)
(0.0697536 7.79194e-05 0)
(0.0697708 2.89102e-05 0)
(0.0697831 -9.99958e-06 0)
(0.0697909 -3.92941e-05 0)
(0.0697948 -5.97961e-05 0)
(0.0697955 -7.25662e-05 0)
(0.0697937 -7.88052e-05 0)
(0.06979 -7.97656e-05 0)
(0.0697852 -7.66766e-05 0)
(0.0697799 -7.06846e-05 0)
(0.0697743 -6.28116e-05 0)
(0.069769 -5.39279e-05 0)
(0.0697641 -4.47414e-05 0)
(0.0697598 -3.57976e-05 0)
(0.0697561 -2.74896e-05 0)
(0.0697532 -2.00745e-05 0)
(0.0697509 -1.36939e-05 0)
(0.0697492 -8.39616e-06 0)
(0.069748 -4.15794e-06 0)
(0.0697473 -9.05096e-07 0)
(0.0697469 1.46943e-06 0)
(0.0697468 3.09047e-06 0)
(0.0697469 4.08856e-06 0)
(0.0697471 4.59089e-06 0)
(0.0697474 4.71506e-06 0)
(0.0697477 4.5651e-06 0)
(0.0697481 4.22953e-06 0)
(0.0697484 3.78086e-06 0)
(0.0697487 3.27622e-06 0)
(0.069749 2.75869e-06 0)
(0.0697492 2.25909e-06 0)
(0.0697494 1.79795e-06 0)
(0.0697496 1.38746e-06 0)
(0.0697497 1.03337e-06 0)
(0.0697498 7.36627e-07 0)
(0.0697499 4.94825e-07 0)
(0.06975 3.03364e-07 0)
(0.06975 1.564e-07 0)
(0.06975 4.75569e-08 0)
(0.06975 -2.95573e-08 0)
(0.06975 -8.09925e-08 0)
(0.06975 -1.12236e-07 0)
(0.06975 -1.28093e-07 0)
(0.06975 -1.32644e-07 0)
(0.06975 -1.29257e-07 0)
(0.06975 -1.20633e-07 0)
(0.06975 -1.08881e-07 0)
(0.06975 -9.55902e-08 0)
(0.0697499 -8.19201e-08 0)
(0.0697499 -6.86742e-08 0)
(0.0697499 -5.63751e-08 0)
(0.0697499 -4.53283e-08 0)
(0.0697499 -3.56771e-08 0)
(0.0697499 -2.74479e-08 0)
(0.0697499 -2.05878e-08 0)
(0.0697499 -1.4993e-08 0)
(0.0697499 -1.0531e-08 0)
(0.0697499 -7.05746e-09 0)
(0.0697499 -4.42728e-09 0)
(0.0697499 -2.50294e-09 0)
(0.0697499 -1.15925e-09 0)
(0.0697499 -2.86571e-10 0)
(0.0697499 2.10128e-10 0)
(0.0697499 3.86736e-10 0)
(0.128197 -0.00222271 0)
(0.128156 -0.00275677 0)
(0.128098 -0.00316765 0)
(0.128088 -0.00348451 0)
(0.12813 -0.00374441 0)
(0.12822 -0.00397104 0)
(0.128348 -0.00417879 0)
(0.128504 -0.00437649 0)
(0.12868 -0.00457017 0)
(0.12887 -0.00476467 0)
(0.129069 -0.00496435 0)
(0.129271 -0.00517348 0)
(0.129474 -0.00539635 0)
(0.129674 -0.00563731 0)
(0.129869 -0.00590067 0)
(0.130056 -0.00619072 0)
(0.130232 -0.00651155 0)
(0.130394 -0.006867 0)
(0.130538 -0.00726052 0)
(0.130662 -0.00769498 0)
(0.130761 -0.0081726 0)
(0.130831 -0.00869477 0)
(0.130864 -0.00926189 0)
(0.130856 -0.0098732 0)
(0.130798 -0.0105267 0)
(0.130681 -0.0112187 0)
(0.130494 -0.0119441 0)
(0.130226 -0.0126957 0)
(0.129862 -0.0134641 0)
(0.129383 -0.0142379 0)
(0.128768 -0.0150033 0)
(0.127994 -0.0157445 0)
(0.127031 -0.0164439 0)
(0.125848 -0.0170825 0)
(0.124412 -0.0176402 0)
(0.122688 -0.0180954 0)
(0.12064 -0.0184254 0)
(0.118234 -0.0186069 0)
(0.115438 -0.0186174 0)
(0.112225 -0.0184378 0)
(0.108577 -0.0180542 0)
(0.104492 -0.0174603 0)
(0.0999908 -0.0166586 0)
(0.0951185 -0.0156609 0)
(0.0899501 -0.014489 0)
(0.0845885 -0.0131754 0)
(0.0791593 -0.0117632 0)
(0.0738021 -0.010304 0)
(0.0686571 -0.00885369 0)
(0.0638513 -0.00746573 0)
(0.0594859 -0.00618429 0)
(0.0556282 -0.00503863 0)
(0.0523105 -0.00404071 0)
(0.0495337 -0.00318636 0)
(0.0472746 -0.00245913 0)
(0.0454945 -0.00183548 0)
(0.0441471 -0.00128962 0)
(0.0431842 -0.000797126 0)
(0.0425598 -0.000336955 0)
(0.0422322 0.00010771 0)
(0.042165 0.00054949 0)
(0.0423274 0.000997232 0)
(0.0426931 0.00145659 0)
(0.0432404 0.00193059 0)
(0.0439506 0.00242012 0)
(0.0448081 0.00292435 0)
(0.0457994 0.00344104 0)
(0.0469123 0.00396683 0)
(0.048136 0.00449744 0)
(0.0494601 0.00502783 0)
(0.0508747 0.00555236 0)
(0.05237 0.00606487 0)
(0.053936 0.00655883 0)
(0.0555625 0.00702735 0)
(0.0572387 0.00746331 0)
(0.0589533 0.00785941 0)
(0.0606943 0.00820826 0)
(0.0624489 0.00850249 0)
(0.0642038 0.00873487 0)
(0.0659449 0.00889843 0)
(0.0676576 0.0089867 0)
(0.0693267 0.00899391 0)
(0.0709371 0.00891527 0)
(0.0724736 0.00874728 0)
(0.0739217 0.00848806 0)
(0.0752676 0.00813766 0)
(0.0764988 0.00769834 0)
(0.0776046 0.0071748 0)
(0.0785765 0.00657422 0)
(0.0794081 0.00590626 0)
(0.0800952 0.0051828 0)
(0.0806362 0.00441767 0)
(0.0810315 0.00362614 0)
(0.0812832 0.00282443 0)
(0.081395 0.00202909 0)
(0.0813716 0.00125652 0)
(0.0812184 0.000522377 0)
(0.0809418 -0.000158898 0)
(0.0805484 -0.000774474 0)
(0.0800458 -0.00131352 0)
(0.0794425 -0.00176753 0)
(0.0787478 -0.00213054 0)
(0.0779728 -0.00239936 0)
(0.0771299 -0.00257366 0)
(0.0762333 -0.00265593 0)
(0.0752985 -0.00265142 0)
(0.0743424 -0.00256777 0)
(0.0733822 -0.00241468 0)
(0.0724353 -0.00220342 0)
(0.0715182 -0.00194622 0)
(0.0706459 -0.00165574 0)
(0.0698313 -0.00134454 0)
(0.0690847 -0.00102459 0)
(0.0684136 -0.000706937 0)
(0.0678226 -0.000401394 0)
(0.0673135 -0.000116335 0)
(0.0668856 0.000141427 0)
(0.0665361 0.000366722 0)
(0.0662603 0.00055604 0)
(0.0660522 0.000707497 0)
(0.0659051 0.000820749 0)
(0.0658113 0.000896845 0)
(0.0657634 0.000938027 0)
(0.0657535 0.000947502 0)
(0.0657744 0.000929193 0)
(0.0658189 0.000887481 0)
(0.0658807 0.00082698 0)
(0.0659536 0.000752326 0)
(0.0660326 0.000668006 0)
(0.0661131 0.00057822 0)
(0.0661913 0.000486771 0)
(0.0662644 0.000396978 0)
(0.0663299 0.000311623 0)
(0.0663867 0.000232912 0)
(0.0664337 0.000162463 0)
(0.0664709 0.000101323 0)
(0.0664987 4.9999e-05 0)
(0.0665176 8.51396e-06 0)
(0.0665289 -2.35192e-05 0)
(0.0665336 -4.68149e-05 0)
(0.066533 -6.23264e-05 0)
(0.0665285 -7.11574e-05 0)
(0.0665212 -7.4481e-05 0)
(0.0665121 -7.3468e-05 0)
(0.0665022 -6.92294e-05 0)
(0.0664922 -6.2773e-05 0)
(0.0664827 -5.49748e-05 0)
(0.0664739 -4.65637e-05 0)
(0.0664663 -3.81178e-05 0)
(0.0664598 -3.00705e-05 0)
(0.0664545 -2.27227e-05 0)
(0.0664504 -1.62601e-05 0)
(0.0664473 -1.07726e-05 0)
(0.0664452 -6.27443e-06 0)
(0.0664438 -2.72343e-06 0)
(0.066443 -3.84498e-08 0)
(0.0664428 1.88544e-06 0)
(0.0664429 3.16459e-06 0)
(0.0664433 3.91705e-06 0)
(0.0664438 4.25553e-06 0)
(0.0664444 4.28257e-06 0)
(0.066445 4.0877e-06 0)
(0.0664456 3.74626e-06 0)
(0.0664461 3.31926e-06 0)
(0.0664466 2.85424e-06 0)
(0.0664471 2.38658e-06 0)
(0.0664474 1.94119e-06 0)
(0.0664477 1.53427e-06 0)
(0.066448 1.17504e-06 0)
(0.0664482 8.67362e-07 0)
(0.0664483 6.11189e-07 0)
(0.0664484 4.03744e-07 0)
(0.0664484 2.40539e-07 0)
(0.0664485 1.16143e-07 0)
(0.0664485 2.47807e-08 0)
(0.0664485 -3.92476e-08 0)
(0.0664485 -8.12804e-08 0)
(0.0664485 -1.0612e-07 0)
(0.0664485 -1.17943e-07 0)
(0.0664485 -1.20277e-07 0)
(0.0664484 -1.16017e-07 0)
(0.0664484 -1.07474e-07 0)
(0.0664484 -9.64402e-08 0)
(0.0664484 -8.42623e-08 0)
(0.0664484 -7.19116e-08 0)
(0.0664484 -6.00562e-08 0)
(0.0664484 -4.91237e-08 0)
(0.0664484 -3.93573e-08 0)
(0.0664483 -3.08629e-08 0)
(0.0664483 -2.36486e-08 0)
(0.0664483 -1.76564e-08 0)
(0.0664483 -1.27868e-08 0)
(0.0664483 -8.9173e-09 0)
(0.0664483 -5.91706e-09 0)
(0.0664483 -3.65592e-09 0)
(0.0664483 -2.01135e-09 0)
(0.0664483 -8.72337e-10 0)
(0.0664483 -1.41942e-10 0)
(0.0664483 2.66122e-10 0)
(0.0664483 3.89237e-10 0)
(0.14653 -0.00186248 0)
(0.14628 -0.00229456 0)
(0.145971 -0.00269181 0)
(0.145636 -0.00304311 0)
(0.145297 -0.00335279 0)
(0.144961 -0.00362905 0)
(0.144625 -0.00387974 0)
(0.144287 -0.00411159 0)
(0.143941 -0.00433053 0)
(0.143583 -0.00454203 0)
(0.143208 -0.00475126 0)
(0.142813 -0.0049633 0)
(0.142394 -0.00518309 0)
(0.141947 -0.00541551 0)
(0.14147 -0.00566529 0)
(0.140957 -0.00593696 0)
(0.140406 -0.00623478 0)
(0.139809 -0.00656263 0)
(0.139163 -0.00692386 0)
(0.13846 -0.00732119 0)
(0.137693 -0.00775655 0)
(0.136852 -0.00823088 0)
(0.135928 -0.008744 0)
(0.13491 -0.00929438 0)
(0.133783 -0.00987891 0)
(0.132533 -0.0104926 0)
(0.131143 -0.0111283 0)
(0.129594 -0.0117762 0)
(0.127863 -0.0124238 0)
(0.125925 -0.0130556 0)
(0.123754 -0.0136532 0)
(0.121317 -0.0141966 0)
(0.118582 -0.0146644 0)
(0.115512 -0.0150351 0)
(0.112073 -0.0152873 0)
(0.108232 -0.0153995 0)
(0.103963 -0.0153497 0)
(0.0992464 -0.0151156 0)
(0.0940817 -0.0146769 0)
(0.0884914 -0.01402 0)
(0.0825335 -0.0131442 0)
(0.0763067 -0.0120666 0)
(0.0699484 -0.010824 0)
(0.063626 -0.0094734 0)
(0.0575201 -0.00808704 0)
(0.0518018 -0.00674387 0)
(0.0466102 -0.00551555 0)
(0.0420357 -0.00445298 0)
(0.0381149 -0.00357825 0)
(0.0348364 -0.00288537 0)
(0.032155 -0.00234835 0)
(0.0300063 -0.00193213 0)
(0.0283201 -0.00160182 0)
(0.0270288 -0.0013279 0)
(0.0260733 -0.00108781 0)
(0.025404 -0.000865152 0)
(0.0249812 -0.000648039 0)
(0.0247737 -0.00042757 0)
(0.0247576 -0.000196801 0)
(0.0249143 4.97717e-05 0)
(0.0252295 0.000316364 0)
(0.025692 0.000605901 0)
(0.0262928 0.000919984 0)
(0.0270244 0.0012589 0)
(0.0278805 0.00162168 0)
(0.0288553 0.00200626 0)
(0.0299435 0.00240958 0)
(0.03114 0.00282777 0)
(0.0324393 0.00325632 0)
(0.033836 0.00369016 0)
(0.035324 0.00412385 0)
(0.0368969 0.00455161 0)
(0.0385475 0.0049674 0)
(0.0402678 0.00536504 0)
(0.0420493 0.00573821 0)
(0.0438822 0.00608051 0)
(0.0457562 0.00638557 0)
(0.0476597 0.00664707 0)
(0.0495803 0.00685884 0)
(0.0515048 0.00701501 0)
(0.053419 0.0071101 0)
(0.0553078 0.00713924 0)
(0.0571557 0.00709835 0)
(0.0589468 0.00698439 0)
(0.0606649 0.00679561 0)
(0.0622942 0.00653183 0)
(0.0638193 0.00619464 0)
(0.0652257 0.00578763 0)
(0.0665004 0.00531649 0)
(0.067632 0.00478899 0)
(0.0686109 0.00421493 0)
(0.06943 0.00360588 0)
(0.0700842 0.00297483 0)
(0.0705711 0.0023358 0)
(0.0708906 0.00170327 0)
(0.071045 0.00109168 0)
(0.0710389 0.000514848 0)
(0.0708795 -1.45569e-05 0)
(0.0705764 -0.000485528 0)
(0.0701415 -0.000889164 0)
(0.0695891 -0.00121902 0)
(0.0689361 -0.00147136 0)
(0.0682012 -0.00164526 0)
(0.0674047 -0.00174255 0)
(0.0665683 -0.00176759 0)
(0.0657138 -0.00172696 0)
(0.0648624 -0.00162889 0)
(0.0640341 -0.0014828 0)
(0.0632468 -0.00129871 0)
(0.0625155 -0.00108679 0)
(0.0618521 -0.0008569 0)
(0.0612653 -0.000618339 0)
(0.0607604 -0.000379612 0)
(0.0603395 -0.000148303 0)
(0.0600023 6.90178e-05 0)
(0.0597457 0.000266853 0)
(0.0595649 0.000440834 0)
(0.0594535 0.000587754 0)
(0.0594039 0.000705592 0)
(0.0594079 0.000793498 0)
(0.0594568 0.000851744 0)
(0.059542 0.000881629 0)
(0.0596549 0.000885333 0)
(0.0597877 0.000865752 0)
(0.0599328 0.000826293 0)
(0.0600837 0.000770681 0)
(0.0602346 0.000702766 0)
(0.0603805 0.000626352 0)
(0.0605176 0.000545052 0)
(0.0606427 0.000462173 0)
(0.0607536 0.000380624 0)
(0.0608491 0.000302859 0)
(0.0609286 0.000230836 0)
(0.0609923 0.000166007 0)
(0.0610409 0.000109327 0)
(0.0610755 6.12842e-05 0)
(0.0610979 2.19471e-05 0)
(0.0611097 -8.97417e-06 0)
(0.0611129 -3.20577e-05 0)
(0.0611093 -4.80948e-05 0)
(0.0611007 -5.80165e-05 0)
(0.0610888 -6.28239e-05 0)
(0.061075 -6.35277e-05 0)
(0.0610603 -6.10983e-05 0)
(0.0610459 -5.64271e-05 0)
(0.0610322 -5.03005e-05 0)
(0.0610199 -4.33844e-05 0)
(0.0610091 -3.62187e-05 0)
(0.0610001 -2.92202e-05 0)
(0.0609927 -2.26906e-05 0)
(0.060987 -1.68299e-05 0)
(0.0609828 -1.17512e-05 0)
(0.0609798 -7.49753e-06 0)
(0.060978 -4.0574e-06 0)
(0.0609769 -1.38016e-06 0)
(0.0609766 6.10886e-07 0)
(0.0609768 2.00718e-06 0)
(0.0609772 2.90592e-06 0)
(0.060978 3.40313e-06 0)
(0.0609788 3.58872e-06 0)
(0.0609797 3.5433e-06 0)
(0.0609805 3.33643e-06 0)
(0.0609813 3.02593e-06 0)
(0.060982 2.65818e-06 0)
(0.0609826 2.26889e-06 0)
(0.0609831 1.88432e-06 0)
(0.0609836 1.52261e-06 0)
(0.0609839 1.19527e-06 0)
(0.0609842 9.085e-07 0)
(0.0609844 6.64506e-07 0)
(0.0609845 4.6257e-07 0)
(0.0609846 2.99993e-07 0)
(0.0609847 1.72854e-07 0)
(0.0609847 7.65982e-08 0)
(0.0609847 6.47908e-09 0)
(0.0609847 -4.21247e-08 0)
(0.0609847 -7.3502e-08 0)
(0.0609847 -9.14842e-08 0)
(0.0609846 -9.93859e-08 0)
(0.0609846 -9.99918e-08 0)
(0.0609846 -9.55785e-08 0)
(0.0609846 -8.79556e-08 0)
(0.0609846 -7.85202e-08 0)
(0.0609845 -6.83155e-08 0)
(0.0609845 -5.80902e-08 0)
(0.0609845 -4.83541e-08 0)
(0.0609845 -3.94291e-08 0)
(0.0609845 -3.14927e-08 0)
(0.0609845 -2.46165e-08 0)
(0.0609845 -1.87961e-08 0)
(0.0609845 -1.39768e-08 0)
(0.0609845 -1.00723e-08 0)
(0.0609845 -6.97997e-09 0)
(0.0609845 -4.59113e-09 0)
(0.0609845 -2.79887e-09 0)
(0.0609845 -1.50294e-09 0)
(0.0609845 -6.12651e-10 0)
(0.0609845 -4.95126e-11 0)
(0.0609845 2.60872e-10 0)
(0.0609845 3.44268e-10 0)
(0.145979 -0.00161743 0)
(0.145599 -0.00198765 0)
(0.145135 -0.0023396 0)
(0.144605 -0.00265865 0)
(0.144019 -0.00294189 0)
(0.143385 -0.00319228 0)
(0.142706 -0.00341509 0)
(0.141982 -0.00361627 0)
(0.141212 -0.00380182 0)
(0.140394 -0.0039775 0)
(0.139527 -0.00414878 0)
(0.13861 -0.00432085 0)
(0.137641 -0.00449863 0)
(0.136615 -0.00468675 0)
(0.13553 -0.00488955 0)
(0.13438 -0.00511101 0)
(0.133159 -0.0053547 0)
(0.13186 -0.00562365 0)
(0.130474 -0.00592024 0)
(0.128991 -0.00624607 0)
(0.127398 -0.00660178 0)
(0.125683 -0.00698691 0)
(0.123828 -0.00739972 0)
(0.121817 -0.00783697 0)
(0.119631 -0.00829372 0)
(0.117248 -0.00876303 0)
(0.114644 -0.0092356 0)
(0.111795 -0.00969932 0)
(0.108673 -0.0101388 0)
(0.105248 -0.0105351 0)
(0.101489 -0.0108658 0)
(0.0973626 -0.0111058 0)
(0.09284 -0.0112288 0)
(0.0879013 -0.0112088 0)
(0.0825433 -0.0110224 0)
(0.0767872 -0.0106491 0)
(0.0706863 -0.0100738 0)
(0.0643348 -0.00929328 0)
(0.0578702 -0.00832919 0)
(0.0514658 -0.00723551 0)
(0.0453101 -0.00609334 0)
(0.0395813 -0.00499313 0)
(0.0344233 -0.00401348 0)
(0.0299254 -0.00320432 0)
(0.0261127 -0.00257937 0)
(0.0229526 -0.00212013 0)
(0.0203742 -0.00178876 0)
(0.0182903 -0.00154344 0)
(0.0166134 -0.00135008 0)
(0.0152659 -0.00118749 0)
(0.0141849 -0.00104628 0)
(0.0133229 -0.000924101 0)
(0.0126454 -0.000820488 0)
(0.012128 -0.000733431 0)
(0.0117533 -0.000658313 0)
(0.0115087 -0.000588439 0)
(0.0113849 -0.000516199 0)
(0.0113753 -0.000434173 0)
(0.0114755 -0.000335889 0)
(0.0116829 -0.000216229 0)
(0.0119964 -7.15682e-05 0)
(0.0124159 0.000100245 0)
(0.0129419 0.000299995 0)
(0.0135754 0.000527242 0)
(0.0143171 0.000780492 0)
(0.0151672 0.00105736 0)
(0.0161258 0.00135471 0)
(0.0171918 0.00166884 0)
(0.0183636 0.00199556 0)
(0.0196384 0.00233032 0)
(0.0210128 0.00266832 0)
(0.0224819 0.00300455 0)
(0.0240403 0.00333386 0)
(0.0256811 0.00365103 0)
(0.0273966 0.00395077 0)
(0.0291779 0.00422782 0)
(0.0310149 0.00447695 0)
(0.0328967 0.00469307 0)
(0.0348108 0.00487122 0)
(0.0367442 0.00500676 0)
(0.0386824 0.00509538 0)
(0.0406103 0.0051333 0)
(0.0425119 0.00511742 0)
(0.0443705 0.00504549 0)
(0.0461691 0.00491628 0)
(0.0478906 0.00472983 0)
(0.0495179 0.00448759 0)
(0.051035 0.0041926 0)
(0.0524263 0.00384954 0)
(0.0536782 0.00346477 0)
(0.0547786 0.00304624 0)
(0.0557178 0.0026033 0)
(0.0564889 0.00214639 0)
(0.0570878 0.00168671 0)
(0.0575135 0.00123568 0)
(0.0577686 0.000804526 0)
(0.0578592 0.00040369 0)
(0.0577948 4.237e-05 0)
(0.0575883 -0.000271928 0)
(0.057256 -0.000533729 0)
(0.0568169 -0.000739792 0)
(0.056292 -0.00088916 0)
(0.0557038 -0.000983055 0)
(0.0550755 -0.00102461 0)
(0.0544296 -0.00101853 0)
(0.0537875 -0.000970617 0)
(0.0531685 -0.000887407 0)
(0.0525891 -0.000775748 0)
(0.0520628 -0.000642512 0)
(0.0515999 -0.000494374 0)
(0.0512075 -0.000337658 0)
(0.0508896 -0.000178247 0)
(0.0506475 -2.15061e-05 0)
(0.0504799 0.000127773 0)
(0.0503835 0.000265431 0)
(0.0503533 0.000387995 0)
(0.0503828 0.000492745 0)
(0.0504644 0.000577755 0)
(0.0505899 0.000641919 0)
(0.0507506 0.000684959 0)
(0.050938 0.000707381 0)
(0.0511434 0.000710408 0)
(0.0513589 0.000695873 0)
(0.0515773 0.000666088 0)
(0.0517919 0.000623693 0)
(0.0519974 0.00057151 0)
(0.0521892 0.000512395 0)
(0.052364 0.000449111 0)
(0.0525194 0.00038422 0)
(0.0526538 0.000320003 0)
(0.0527669 0.000258396 0)
(0.052859 0.000200962 0)
(0.052931 0.000148872 0)
(0.0529845 0.000102916 0)
(0.0530214 6.3525e-05 0)
(0.053044 3.08076e-05 0)
(0.0530545 4.59689e-06 0)
(0.0530554 -1.54972e-05 0)
(0.0530489 -3.00324e-05 0)
(0.0530371 -3.96795e-05 0)
(0.0530218 -4.51722e-05 0)
(0.0530047 -4.72621e-05 0)
(0.0529869 -4.66811e-05 0)
(0.0529696 -4.41126e-05 0)
(0.0529534 -4.01699e-05 0)
(0.0529388 -3.53833e-05 0)
(0.0529262 -3.01937e-05 0)
(0.0529155 -2.49521e-05 0)
(0.0529069 -1.99239e-05 0)
(0.0529002 -1.52962e-05 0)
(0.0528952 -1.11884e-05 0)
(0.0528916 -7.66248e-06 0)
(0.0528894 -4.73499e-06 0)
(0.0528881 -2.38771e-06 0)
(0.0528876 -5.77821e-07 0)
(0.0528878 7.53334e-07 0)
(0.0528883 1.67286e-06 0)
(0.0528891 2.25045e-06 0)
(0.05289 2.55397e-06 0)
(0.052891 2.64633e-06 0)
(0.052892 2.58348e-06 0)
(0.052893 2.41341e-06 0)
(0.0528938 2.17582e-06 0)
(0.0528946 1.90239e-06 0)
(0.0528952 1.61736e-06 0)
(0.0528957 1.33848e-06 0)
(0.0528961 1.07789e-06 0)
(0.0528965 8.43176e-07 0)
(0.0528967 6.38306e-07 0)
(0.0528969 4.64515e-07 0)
(0.052897 3.21053e-07 0)
(0.0528971 2.05838e-07 0)
(0.0528971 1.15968e-07 0)
(0.0528972 4.81293e-08 0)
(0.0528972 -1.10038e-09 0)
(0.0528971 -3.50373e-08 0)
(0.0528971 -5.6749e-08 0)
(0.0528971 -6.89703e-08 0)
(0.0528971 -7.40637e-08 0)
(0.052897 -7.40122e-08 0)
(0.052897 -7.04355e-08 0)
(0.052897 -6.46204e-08 0)
(0.052897 -5.75592e-08 0)
(0.052897 -4.99924e-08 0)
(0.0528969 -4.24504e-08 0)
(0.0528969 -3.52936e-08 0)
(0.0528969 -2.87481e-08 0)
(0.0528969 -2.29377e-08 0)
(0.0528969 -1.791e-08 0)
(0.0528969 -1.36593e-08 0)
(0.0528969 -1.01434e-08 0)
(0.0528969 -7.29823e-09 0)
(0.0528969 -5.04793e-09 0)
(0.0528969 -3.31266e-09 0)
(0.0528969 -2.01391e-09 0)
(0.0528969 -1.0781e-09 0)
(0.0528969 -4.3798e-10 0)
(0.0528969 -3.6972e-11 0)
(0.0528969 1.8442e-10 0)
(0.0528969 2.52674e-10 0)
(0.126561 -0.00132026 0)
(0.126012 -0.00159687 0)
(0.125351 -0.00186017 0)
(0.124587 -0.00209712 0)
(0.123728 -0.0023033 0)
(0.122783 -0.00248013 0)
(0.121756 -0.00263212 0)
(0.120653 -0.00276498 0)
(0.119476 -0.00288454 0)
(0.118227 -0.00299631 0)
(0.116908 -0.00310528 0)
(0.115519 -0.00321591 0)
(0.114059 -0.00333219 0)
(0.112523 -0.00345767 0)
(0.110908 -0.00359547 0)
(0.109207 -0.00374823 0)
(0.107411 -0.00391806 0)
(0.10551 -0.00410641 0)
(0.103492 -0.00431398 0)
(0.101342 -0.0045405 0)
(0.0990437 -0.00478467 0)
(0.0965793 -0.0050439 0)
(0.0939285 -0.00531412 0)
(0.0910698 -0.00558958 0)
(0.0879809 -0.00586242 0)
(0.0846386 -0.00612221 0)
(0.0810211 -0.00635526 0)
(0.0771086 -0.00654391 0)
(0.0728867 -0.00666609 0)
(0.0683498 -0.0066962 0)
(0.0635073 -0.00660847 0)
(0.0583888 -0.00638289 0)
(0.0530501 -0.00601201 0)
(0.0475757 -0.0055058 0)
(0.0420791 -0.00489242 0)
(0.0367025 -0.00421447 0)
(0.031608 -0.0035231 0)
(0.0269514 -0.00287212 0)
(0.0228407 -0.00230901 0)
(0.0193115 -0.00186271 0)
(0.0163381 -0.00153702 0)
(0.0138623 -0.00131298 0)
(0.0118151 -0.0011566 0)
(0.0101266 -0.00103067 0)
(0.00873044 -0.000908415 0)
(0.00756777 -0.000781589 0)
(0.00659148 -0.000657552 0)
(0.00576683 -0.000549435 0)
(0.00506916 -0.000467455 0)
(0.00448016 -0.000415446 0)
(0.00398474 -0.000391497 0)
(0.00356943 -0.000390088 0)
(0.00322227 -0.000404068 0)
(0.00293352 -0.000426019 0)
(0.00269643 -0.00044907 0)
(0.00250756 -0.000467273 0)
(0.00236677 -0.000475675 0)
(0.00227672 -0.000470234 0)
(0.00224231 -0.000447695 0)
(0.00226998 -0.000405511 0)
(0.00236708 -0.000341822 0)
(0.00254131 -0.000255473 0)
(0.00280027 -0.000146031 0)
(0.00315103 -1.37917e-05 0)
(0.00359985 0.000140245 0)
(0.00415193 0.00031443 0)
(0.00481126 0.000506539 0)
(0.00558053 0.000713864 0)
(0.00646102 0.0009333 0)
(0.00745259 0.00116143 0)
(0.0085537 0.00139462 0)
(0.00976135 0.00162905 0)
(0.0110712 0.0018608 0)
(0.0124774 0.00208592 0)
(0.0139728 0.0023004 0)
(0.015549 0.00250029 0)
(0.0171962 0.0026817 0)
(0.0189032 0.00284084 0)
(0.0206578 0.00297412 0)
(0.0224464 0.00307816 0)
(0.0242543 0.00314992 0)
(0.026066 0.00318678 0)
(0.0278649 0.00318664 0)
(0.0296339 0.00314808 0)
(0.0313552 0.00307047 0)
(0.0330112 0.00295411 0)
(0.0345841 0.00280034 0)
(0.0360572 0.00261165 0)
(0.0374144 0.00239172 0)
(0.0386414 0.00214538 0)
(0.0397259 0.00187852 0)
(0.0406583 0.00159796 0)
(0.0414318 0.00131112 0)
(0.0420433 0.00102576 0)
(0.0424932 0.000749551 0)
(0.0427859 0.000489718 0)
(0.0429296 0.000252636 0)
(0.0429365 4.35106e-05 0)
(0.0428218 -0.000133858 0)
(0.0426035 -0.000277191 0)
(0.0423018 -0.000385723 0)
(0.0419377 -0.000460082 0)
(0.0415325 -0.000502074 0)
(0.0411067 -0.000514427 0)
(0.0406793 -0.000500516 0)
(0.0402675 -0.000464108 0)
(0.0398855 -0.000409156 0)
(0.0395452 -0.000339633 0)
(0.0392555 -0.000259419 0)
(0.0390227 -0.000172225 0)
(0.0388503 -8.15463e-05 0)
(0.0387396 9.37119e-06 0)
(0.0386899 9.75603e-05 0)
(0.0386984 0.000180364 0)
(0.0387608 0.000255475 0)
(0.0388716 0.000320979 0)
(0.0390241 0.000375396 0)
(0.039211 0.000417721 0)
(0.0394246 0.000447442 0)
(0.039657 0.000464548 0)
(0.0399006 0.0004695 0)
(0.040148 0.000463192 0)
(0.0403926 0.000446871 0)
(0.0406286 0.000422056 0)
(0.0408511 0.000390439 0)
(0.0410561 0.000353788 0)
(0.0412409 0.000313856 0)
(0.0414036 0.000272301 0)
(0.0415434 0.000230623 0)
(0.0416602 0.000190123 0)
(0.0417548 0.000151869 0)
(0.0418285 0.000116687 0)
(0.0418832 8.51633e-05 0)
(0.0419211 5.76566e-05 0)
(0.0419444 3.4319e-05 0)
(0.0419557 1.5124e-05 0)
(0.0419573 -1.0301e-07 0)
(0.0419515 -1.1652e-05 0)
(0.0419403 -1.9896e-05 0)
(0.0419255 -2.52611e-05 0)
(0.0419088 -2.81985e-05 0)
(0.0418913 -2.91612e-05 0)
(0.041874 -2.8584e-05 0)
(0.0418578 -2.68692e-05 0)
(0.0418431 -2.43752e-05 0)
(0.0418301 -2.14106e-05 0)
(0.0418191 -1.82311e-05 0)
(0.0418101 -1.50398e-05 0)
(0.0418029 -1.19899e-05 0)
(0.0417974 -9.18929e-06 0)
(0.0417934 -6.70641e-06 0)
(0.0417907 -4.57652e-06 0)
(0.0417891 -2.80832e-06 0)
(0.0417883 -1.39028e-06 0)
(0.0417881 -2.96489e-07 0)
(0.0417885 5.08277e-07 0)
(0.0417891 1.06425e-06 0)
(0.0417899 1.41322e-06 0)
(0.0417909 1.59595e-06 0)
(0.0417919 1.65029e-06 0)
(0.0417928 1.61002e-06 0)
(0.0417937 1.50417e-06 0)
(0.0417944 1.35685e-06 0)
(0.0417951 1.18736e-06 0)
(0.0417957 1.01055e-06 0)
(0.0417961 8.37326e-07 0)
(0.0417965 6.75205e-07 0)
(0.0417968 5.28923e-07 0)
(0.041797 4.00999e-07 0)
(0.0417972 2.92262e-07 0)
(0.0417973 2.02315e-07 0)
(0.0417974 1.2992e-07 0)
(0.0417974 7.33219e-08 0)
(0.0417974 3.04944e-08 0)
(0.0417974 -6.67954e-10 0)
(0.0417974 -2.22162e-08 0)
(0.0417974 -3.60561e-08 0)
(0.0417973 -4.38937e-08 0)
(0.0417973 -4.72081e-08 0)
(0.0417973 -4.72455e-08 0)
(0.0417973 -4.50275e-08 0)
(0.0417972 -4.13686e-08 0)
(0.0417972 -3.68995e-08 0)
(0.0417972 -3.20927e-08 0)
(0.0417972 -2.72882e-08 0)
(0.0417972 -2.27184e-08 0)
(0.0417972 -1.85305e-08 0)
(0.0417972 -1.48061e-08 0)
(0.0417972 -1.15782e-08 0)
(0.0417972 -8.84487e-09 0)
(0.0417972 -6.58109e-09 0)
(0.0417971 -4.74708e-09 0)
(0.0417971 -3.2952e-09 0)
(0.0417971 -2.17495e-09 0)
(0.0417971 -1.33624e-09 0)
(0.0417971 -7.32243e-10 0)
(0.0417971 -3.18273e-10 0)
(0.0417971 -5.97152e-11 0)
(0.0417971 8.55794e-11 0)
(0.0417971 1.5031e-10 0)
(0.0880977 -0.000873496 0)
(0.0873494 -0.00104466 0)
(0.0864686 -0.00119327 0)
(0.0854665 -0.00131152 0)
(0.0843582 -0.00139928 0)
(0.0831587 -0.00146143 0)
(0.0818807 -0.00150497 0)
(0.0805342 -0.00153691 0)
(0.0791261 -0.00156324 0)
(0.0776604 -0.00158863 0)
(0.0761386 -0.00161653 0)
(0.0745596 -0.00164945 0)
(0.0729201 -0.00168914 0)
(0.0712149 -0.00173676 0)
(0.0694367 -0.00179296 0)
(0.0675766 -0.00185782 0)
(0.0656242 -0.00193079 0)
(0.0635678 -0.00201062 0)
(0.0613948 -0.00209523 0)
(0.0590921 -0.00218166 0)
(0.0566467 -0.00226594 0)
(0.0540465 -0.00234316 0)
(0.0512814 -0.00240751 0)
(0.0483449 -0.00245238 0)
(0.0452358 -0.00247068 0)
(0.041961 -0.00245514 0)
(0.0385391 -0.00239878 0)
(0.0350039 -0.00229561 0)
(0.0314077 -0.00214175 0)
(0.0278209 -0.00193749 0)
(0.0243257 -0.00169028 0)
(0.0210035 -0.00141683 0)
(0.0179203 -0.00114198 0)
(0.0151186 -0.00089552 0)
(0.0126163 -0.00070827 0)
(0.0104137 -0.000602581 0)
(0.00850319 -0.00057483 0)
(0.00687289 -0.00058647 0)
(0.00550189 -0.000583253 0)
(0.00435842 -0.000530441 0)
(0.00340502 -0.000430345 0)
(0.00260546 -0.000310576 0)
(0.00192967 -0.000201021 0)
(0.00135613 -0.000119399 0)
(0.000870866 -6.98549e-05 0)
(0.000463451 -4.81399e-05 0)
(0.000122778 -4.67612e-05 0)
(-0.000164527 -5.80592e-05 0)
(-0.000413052 -7.58993e-05 0)
(-0.000636675 -9.65317e-05 0)
(-0.000847159 -0.000118556 0)
(-0.00105356 -0.000142094 0)
(-0.00126209 -0.000167675 0)
(-0.0014762 -0.000195386 0)
(-0.00169664 -0.000224499 0)
(-0.00192171 -0.000253503 0)
(-0.00214739 -0.000280348 0)
(-0.00236768 -0.000302729 0)
(-0.00257487 -0.000318326 0)
(-0.00275991 -0.000324996 0)
(-0.00291271 -0.000320905 0)
(-0.00302263 -0.000304612 0)
(-0.00307883 -0.000275136 0)
(-0.00307069 -0.000231974 0)
(-0.0029882 -0.000175111 0)
(-0.00282224 -0.000104998 0)
(-0.00256492 -2.25157e-05 0)
(-0.00220973 7.1074e-05 0)
(-0.00175172 0.000174184 0)
(-0.00118759 0.00028496 0)
(-0.00051578 0.000401339 0)
(0.000263536 0.0005211 0)
(0.00114844 0.000641913 0)
(0.00213527 0.000761382 0)
(0.00321869 0.000877083 0)
(0.00439169 0.000986603 0)
(0.00564567 0.00108757 0)
(0.00697049 0.00117771 0)
(0.00835455 0.00125486 0)
(0.00978489 0.00131702 0)
(0.0112473 0.00136245 0)
(0.0127265 0.00138967 0)
(0.0142063 0.00139758 0)
(0.0156699 0.00138551 0)
(0.0170999 0.00135329 0)
(0.0184793 0.00130132 0)
(0.019791 0.00123065 0)
(0.0210193 0.00114296 0)
(0.0221494 0.00104058 0)
(0.0231685 0.000926436 0)
(0.0240665 0.00080393 0)
(0.0248357 0.0006768 0)
(0.0254721 0.000548922 0)
(0.0259749 0.000424099 0)
(0.0263471 0.000305836 0)
(0.0265952 0.000197147 0)
(0.0267288 0.000100408 0)
(0.0267604 1.72667e-05 0)
(0.0267045 -5.13632e-05 0)
(0.0265772 -0.000105254 0)
(0.026395 -0.000144759 0)
(0.0261745 -0.000170678 0)
(0.0259316 -0.000184129 0)
(0.0256809 -0.000186418 0)
(0.0254355 -0.000178948 0)
(0.0252065 -0.000163151 0)
(0.0250031 -0.000140452 0)
(0.0248327 -0.000112244 0)
(0.0247006 -7.98889e-05 0)
(0.0246103 -4.47152e-05 0)
(0.0245634 -8.0184e-06 0)
(0.0245602 2.89455e-05 0)
(0.0245994 6.49746e-05 0)
(0.0246784 9.89456e-05 0)
(0.0247936 0.000129844 0)
(0.0249404 0.0001568 0)
(0.0251135 0.000179119 0)
(0.0253072 0.000196315 0)
(0.0255156 0.000208121 0)
(0.0257327 0.000214503 0)
(0.0259526 0.000215644 0)
(0.02617 0.000211925 0)
(0.0263802 0.000203892 0)
(0.0265791 0.000192211 0)
(0.0267633 0.000177624 0)
(0.0269305 0.000160905 0)
(0.027079 0.000142816 0)
(0.027208 0.000124075 0)
(0.0273174 0.000105328 0)
(0.0274076 8.71318e-05 0)
(0.0274798 6.99428e-05 0)
(0.0275353 5.41136e-05 0)
(0.0275758 3.98948e-05 0)
(0.0276032 2.74415e-05 0)
(0.0276196 1.68219e-05 0)
(0.0276268 8.0291e-06 0)
(0.0276267 9.93422e-07 0)
(0.0276212 -4.40449e-06 0)
(0.0276117 -8.32075e-06 0)
(0.0275997 -1.09358e-05 0)
(0.0275863 -1.24431e-05 0)
(0.0275724 -1.30389e-05 0)
(0.0275588 -1.29143e-05 0)
(0.0275461 -1.22477e-05 0)
(0.0275345 -1.12004e-05 0)
(0.0275243 -9.91302e-06 0)
(0.0275157 -8.50385e-06 0)
(0.0275086 -7.06833e-06 0)
(0.0275029 -5.67994e-06 0)
(0.0274986 -4.3918e-06 0)
(0.0274954 -3.23899e-06 0)
(0.0274932 -2.24115e-06 0)
(0.0274919 -1.40534e-06 0)
(0.0274912 -7.28846e-07 0)
(0.0274911 -2.01756e-07 0)
(0.0274913 1.90646e-07 0)
(0.0274918 4.6589e-07 0)
(0.0274925 6.42659e-07 0)
(0.0274933 7.39518e-07 0)
(0.027494 7.73969e-07 0)
(0.0274948 7.61829e-07 0)
(0.0274955 7.16857e-07 0)
(0.0274961 6.50608e-07 0)
(0.0274967 5.72438e-07 0)
(0.0274972 4.89633e-07 0)
(0.0274976 4.07619e-07 0)
(0.0274979 3.30206e-07 0)
(0.0274981 2.59857e-07 0)
(0.0274983 1.97954e-07 0)
(0.0274984 1.45038e-07 0)
(0.0274985 1.01034e-07 0)
(0.0274986 6.54346e-08 0)
(0.0274986 3.746e-08 0)
(0.0274986 1.61778e-08 0)
(0.0274986 5.99625e-10 0)
(0.0274986 -1.02504e-08 0)
(0.0274986 -1.72884e-08 0)
(0.0274986 -2.13414e-08 0)
(0.0274986 -2.31318e-08 0)
(0.0274985 -2.32721e-08 0)
(0.0274985 -2.22676e-08 0)
(0.0274985 -2.05235e-08 0)
(0.0274985 -1.83554e-08 0)
(0.0274985 -1.60012e-08 0)
(0.0274985 -1.36335e-08 0)
(0.0274985 -1.13712e-08 0)
(0.0274984 -9.29048e-09 0)
(0.0274984 -7.43473e-09 0)
(0.0274984 -5.82252e-09 0)
(0.0274984 -4.45474e-09 0)
(0.0274984 -3.32016e-09 0)
(0.0274984 -2.39994e-09 0)
(0.0274984 -1.67097e-09 0)
(0.0274984 -1.1085e-09 0)
(0.0274984 -6.8749e-10 0)
(0.0274984 -3.85015e-10 0)
(0.0274984 -1.77154e-10 0)
(0.0274984 -4.77873e-11 0)
(0.0274984 2.59028e-11 0)
(0.0274984 7.46821e-11 0)
(0.0325429 -0.000258769 0)
(0.031887 -0.000285909 0)
(0.0311586 -0.000292428 0)
(0.0303831 -0.000282122 0)
(0.0295808 -0.000262135 0)
(0.0287637 -0.000239728 0)
(0.0279373 -0.000220124 0)
(0.0271027 -0.000205958 0)
(0.0262585 -0.000197779 0)
(0.025402 -0.000194908 0)
(0.02453 -0.000196167 0)
(0.023639 -0.000200327 0)
(0.0227252 -0.000206287 0)
(0.0217846 -0.000213072 0)
(0.0208134 -0.000219749 0)
(0.0198083 -0.000225339 0)
(0.0187668 -0.000228741 0)
(0.0176873 -0.000228713 0)
(0.0165703 -0.000223898 0)
(0.015418 -0.00021292 0)
(0.0142352 -0.000194565 0)
(0.0130296 -0.000168044 0)
(0.011811 -0.000133371 0)
(0.0105918 -9.18302e-05 0)
(0.00938578 -4.64869e-05 0)
(0.00820698 -2.60357e-06 0)
(0.00706848 3.23881e-05 0)
(0.00598137 4.99515e-05 0)
(0.00495468 4.31662e-05 0)
(0.00399686 1.08772e-05 0)
(0.00311794 -3.89105e-05 0)
(0.00233041 -8.9804e-05 0)
(0.00164742 -0.000123143 0)
(0.00107823 -0.000126347 0)
(0.000621276 -9.85395e-05 0)
(0.000258526 -5.00125e-05 0)
(-4.09126e-05 4.02783e-06 0)
(-0.000305463 5.04161e-05 0)
(-0.000545958 8.11186e-05 0)
(-0.000755309 9.3055e-05 0)
(-0.000921769 8.73143e-05 0)
(-0.00104166 6.85901e-05 0)
(-0.00112194 4.41263e-05 0)
(-0.00117485 2.15619e-05 0)
(-0.00121176 6.28556e-06 0)
(-0.00124062 -1.28381e-07 0)
(-0.00126647 4.96277e-07 0)
(-0.00129277 4.68857e-06 0)
(-0.00132233 9.09551e-06 0)
(-0.00135771 1.14565e-05 0)
(-0.00140155 1.07647e-05 0)
(-0.00145666 6.97021e-06 0)
(-0.00152586 5.64303e-07 0)
(-0.00161172 -7.76881e-06 0)
(-0.00171614 -1.73685e-05 0)
(-0.00184006 -2.76886e-05 0)
(-0.00198321 -3.82981e-05 0)
(-0.00214406 -4.88374e-05 0)
(-0.00231977 -5.89658e-05 0)
(-0.00250625 -6.83247e-05 0)
(-0.00269829 -7.65249e-05 0)
(-0.00288967 -8.3156e-05 0)
(-0.00307339 -8.78112e-05 0)
(-0.00324189 -9.01184e-05 0)
(-0.00338731 -8.97708e-05 0)
(-0.00350177 -8.65518e-05 0)
(-0.00357763 -8.0351e-05 0)
(-0.00360777 -7.1172e-05 0)
(-0.0035858 -5.91319e-05 0)
(-0.00350629 -4.44545e-05 0)
(-0.0033649 -2.74592e-05 0)
(-0.00315853 -8.54691e-06 0)
(-0.00288542 1.18147e-05 0)
(-0.00254519 3.3107e-05 0)
(-0.00213889 5.47758e-05 0)
(-0.00166898 7.62467e-05 0)
(-0.00113936 9.69402e-05 0)
(-0.00055527 0.000116287 0)
(7.67302e-05 0.000133746 0)
(0.00074889 0.000148817 0)
(0.00145238 0.000161064 0)
(0.00217744 0.000170131 0)
(0.00291359 0.000175758 0)
(0.00364989 0.000177805 0)
(0.00437514 0.000176259 0)
(0.00507828 0.000171246 0)
(0.00574871 0.000163032 0)
(0.00637662 0.000152012 0)
(0.00695339 0.000138692 0)
(0.00747192 0.000123658 0)
(0.0079269 0.000107536 0)
(0.00831499 9.09471e-05 0)
(0.00863498 7.44702e-05 0)
(0.00888772 5.86028e-05 0)
(0.00907598 4.37401e-05 0)
(0.00920425 3.01668e-05 0)
(0.00927838 1.80625e-05 0)
(0.00930522 7.51798e-06 0)
(0.00929222 -1.44296e-06 0)
(0.00924709 -8.84127e-06 0)
(0.00917746 -1.47235e-05 0)
(0.00909068 -1.91483e-05 0)
(0.00899357 -2.21795e-05 0)
(0.00889236 -2.38837e-05 0)
(0.00879259 -2.43323e-05 0)
(0.00869909 -2.36056e-05 0)
(0.00861598 -2.17966e-05 0)
(0.00854664 -1.90148e-05 0)
(0.00849374 -1.5388e-05 0)
(0.00845925 -1.10632e-05 0)
(0.00844441 -6.20457e-06 0)
(0.00844978 -9.91371e-07 0)
(0.00847523 4.38706e-06 0)
(0.00851999 9.73734e-06 0)
(0.00858268 1.48696e-05 0)
(0.0086614 1.96059e-05 0)
(0.00875379 2.37891e-05 0)
(0.00885717 2.72903e-05 0)
(0.00896862 3.00159e-05 0)
(0.00908515 3.19111e-05 0)
(0.0092038 3.29612e-05 0)
(0.00932177 3.319e-05 0)
(0.00943651 3.26548e-05 0)
(0.00954581 3.1441e-05 0)
(0.00964784 2.96534e-05 0)
(0.00974122 2.74088e-05 0)
(0.00982497 2.48284e-05 0)
(0.00989853 2.20312e-05 0)
(0.00996171 1.91288e-05 0)
(0.0100147 1.62214e-05 0)
(0.0100578 1.33951e-05 0)
(0.0100919 1.07212e-05 0)
(0.0101176 8.25488e-06 0)
(0.0101359 6.03618e-06 0)
(0.0101479 4.09056e-06 0)
(0.0101545 2.43018e-06 0)
(0.0101567 1.05557e-06 0)
(0.0101555 -4.27369e-08 0)
(0.0101518 -8.82245e-07 0)
(0.0101462 -1.48662e-06 0)
(0.0101396 -1.88378e-06 0)
(0.0101324 -2.10411e-06 0)
(0.010125 -2.17885e-06 0)
(0.010118 -2.13862e-06 0)
(0.0101114 -2.01232e-06 0)
(0.0101055 -1.82617e-06 0)
(0.0101004 -1.60312e-06 0)
(0.010096 -1.36252e-06 0)
(0.0100925 -1.11995e-06 0)
(0.0100897 -8.87361e-07 0)
(0.0100877 -6.73329e-07 0)
(0.0100862 -4.83395e-07 0)
(0.0100852 -3.20529e-07 0)
(0.0100846 -1.85606e-07 0)
(0.0100844 -7.78731e-08 0)
(0.0100844 4.59439e-09 0)
(0.0100846 6.44978e-08 0)
(0.010085 1.0497e-07 0)
(0.0100854 1.29296e-07 0)
(0.0100858 1.40701e-07 0)
(0.0100863 1.4219e-07 0)
(0.0100867 1.36451e-07 0)
(0.0100871 1.25797e-07 0)
(0.0100874 1.12146e-07 0)
(0.0100877 9.7029e-08 0)
(0.010088 8.16157e-08 0)
(0.0100882 6.6757e-08 0)
(0.0100883 5.30293e-08 0)
(0.0100885 4.07833e-08 0)
(0.0100885 3.01911e-08 0)
(0.0100886 2.12892e-08 0)
(0.0100887 1.40167e-08 0)
(0.0100887 8.24741e-09 0)
(0.0100887 3.81581e-09 0)
(0.0100887 5.37972e-10 0)
(0.0100887 -1.77334e-09 0)
(0.0100887 -3.29776e-09 0)
(0.0100887 -4.20016e-09 0)
(0.0100887 -4.62652e-09 0)
(0.0100886 -4.7021e-09 0)
(0.0100886 -4.53126e-09 0)
(0.0100886 -4.19852e-09 0)
(0.0100886 -3.77032e-09 0)
(0.0100886 -3.29722e-09 0)
(0.0100886 -2.81629e-09 0)
(0.0100886 -2.35337e-09 0)
(0.0100886 -1.92537e-09 0)
(0.0100886 -1.54212e-09 0)
(0.0100886 -1.20822e-09 0)
(0.0100886 -9.24375e-10 0)
(0.0100886 -6.88664e-10 0)
(0.0100886 -4.9745e-10 0)
(0.0100886 -3.461e-10 0)
(0.0100886 -2.29574e-10 0)
(0.0100886 -1.42641e-10 0)
(0.0100886 -8.05646e-11 0)
(0.0100886 -3.80856e-11 0)
(0.0100886 -1.14913e-11 0)
(0.0100886 3.28181e-12 0)
(0.0100886 2.06701e-11 0)
)
;

boundaryField
{
    inlet
    {
        type            fixedProfile;
        profile         table
        
21
(
(0 (0 0 0))
(0.05 (0.0285 0 0))
(0.1 (0.054 0 0))
(0.15 (0.0765 0 0))
(0.2 (0.096 0 0))
(0.25 (0.1125 0 0))
(0.3 (0.126 0 0))
(0.35 (0.1365 0 0))
(0.4 (0.144 0 0))
(0.45 (0.1485 0 0))
(0.5 (0.15 0 0))
(0.55 (0.1485 0 0))
(0.6 (0.144 0 0))
(0.65 (0.1365 0 0))
(0.7 (0.126 0 0))
(0.75 (0.1125 0 0))
(0.8 (0.096 0 0))
(0.85 (0.0765 0 0))
(0.9 (0.054 0 0))
(0.95 (0.0285 0 0))
(1 (0 0 0))
)
;
        direction       (0 1 0);
        origin          1;
        value           nonuniform List<vector> 8((0.034875 0 0) (0.091125 0 0) (0.128625 0 0) (0.147375 0 0) (0.147375 0 0) (0.128625 0 0) (0.091125 0 0) (0.034875 0 0));
    }
    outlet
    {
        type            zeroGradient;
    }
    walls
    {
        type            noSlip;
    }
    symwall
    {
        type            empty;
    }
}


// ************************************************************************* //
