/*--------------------------------*- C++ -*----------------------------------*\
| =========                 |                                                 |
| \\      /  F ield         | OpenFOAM: The Open Source CFD Toolbox           |
|  \\    /   O peration     | Version:  4.1                                   |
|   \\  /    A nd           | Web:      www.OpenFOAM.org                      |
|    \\/     M anipulation  |                                                 |
\*---------------------------------------------------------------------------*/
FoamFile
{
    version     2.0;
    format      ascii;
    class       volVectorField;
    location    "190";
    object      U;
}
// * * * * * * * * * * * * * * * * * * * * * * * * * * * * * * * * * * * * * //

dimensions      [0 1 -1 0 0 0 0];

internalField   nonuniform List<vector> 
3264
(
(4.94629e-06 -7.35698e-06 0)
(-8.47321e-05 1.77427e-05 0)
(-0.000289699 3.4472e-05 0)
(-0.000534857 3.68147e-05 0)
(-0.000804634 3.82907e-05 0)
(-0.00109024 3.70503e-05 0)
(-0.00138627 3.78983e-05 0)
(-0.00169685 3.87474e-05 0)
(-0.00202053 4.11089e-05 0)
(-0.00236226 4.43352e-05 0)
(-0.00272384 4.91274e-05 0)
(-0.00310999 5.55327e-05 0)
(-0.00352392 6.39911e-05 0)
(-0.00396949 7.4703e-05 0)
(-0.00444925 8.78824e-05 0)
(-0.00496494 0.000103541 0)
(-0.00551658 0.000121512 0)
(-0.0061024 0.000141371 0)
(-0.00671845 0.000162443 0)
(-0.00735852 0.000183807 0)
(-0.00801408 0.000204363 0)
(-0.00867451 0.000222911 0)
(-0.00932736 0.00023825 0)
(-0.00995881 0.000249281 0)
(-0.0105542 0.000255091 0)
(-0.0110984 0.000255007 0)
(-0.0115769 0.00024863 0)
(-0.0119755 0.000235832 0)
(-0.0122815 0.000216736 0)
(-0.0124835 0.000191687 0)
(-0.012572 0.000161208 0)
(-0.0125396 0.00012597 0)
(-0.0123805 8.6749e-05 0)
(-0.0120914 4.44029e-05 0)
(-0.0116711 -1.54938e-07 0)
(-0.0111203 -4.59739e-05 0)
(-0.010442 -9.20818e-05 0)
(-0.00964105 -0.000137498 0)
(-0.00872445 -0.000181243 0)
(-0.00770107 -0.000222354 0)
(-0.00658164 -0.000259892 0)
(-0.0053787 -0.000292961 0)
(-0.0041065 -0.000320724 0)
(-0.00278085 -0.000342423 0)
(-0.00141901 -0.000357411 0)
(-3.95134e-05 -0.000365179 0)
(0.00133814 -0.000365388 0)
(0.0026937 -0.000357912 0)
(0.00400662 -0.000342869 0)
(0.00525641 -0.000320658 0)
(0.00642324 -0.000291985 0)
(0.00748846 -0.000257873 0)
(0.00843528 -0.000219661 0)
(0.00924944 -0.00017896 0)
(0.00991985 -0.000137588 0)
(0.0104393 -9.74487e-05 0)
(0.0108048 -6.03646e-05 0)
(0.0110184 -2.78728e-05 0)
(0.0110864 -1.00782e-06 0)
(0.0110203 1.9874e-05 0)
(0.0108352 3.51542e-05 0)
(0.0105498 4.58347e-05 0)
(0.0101848 5.32281e-05 0)
(0.00976173 5.85378e-05 0)
(0.00930158 6.24924e-05 0)
(0.0088232 6.52093e-05 0)
(0.00834205 6.63602e-05 0)
(0.00786955 6.55555e-05 0)
(0.00741321 6.27583e-05 0)
(0.0069774 5.85432e-05 0)
(0.00656431 5.40799e-05 0)
(0.0061745 5.08186e-05 0)
(0.00580724 4.998e-05 0)
(0.00546068 5.20882e-05 0)
(0.00513245 5.67981e-05 0)
(0.00482039 6.30968e-05 0)
(0.00452327 6.97253e-05 0)
(0.00424126 7.55663e-05 0)
(0.00397608 7.98327e-05 0)
(0.00373093 8.2058e-05 0)
(0.00351029 8.19904e-05 0)
(0.00331955 7.94908e-05 0)
(0.0031646 7.44822e-05 0)
(0.00305133 6.69465e-05 0)
(0.00298524 5.69435e-05 0)
(0.00297106 4.46317e-05 0)
(0.00301245 3.02755e-05 0)
(0.00311183 1.42393e-05 0)
(0.00327021 -3.03014e-06 0)
(0.00348715 -2.10266e-05 0)
(0.00376071 -3.9209e-05 0)
(0.00408748 -5.70245e-05 0)
(0.00446261 -7.39294e-05 0)
(0.00487993 -8.94067e-05 0)
(0.00533205 -0.000102984 0)
(0.00581052 -0.000114248 0)
(0.00630604 -0.000122862 0)
(0.00680876 -0.00012858 0)
(0.00730855 -0.000131264 0)
(0.00779545 -0.00013089 0)
(0.00826 -0.00012756 0)
(0.00869375 -0.000121499 0)
(0.00908958 -0.00011305 0)
(0.00944205 -0.000102652 0)
(0.00974761 -9.08202e-05 0)
(0.0100047 -7.81071e-05 0)
(0.0102136 -6.50676e-05 0)
(0.0103765 -5.22226e-05 0)
(0.0104967 -4.00273e-05 0)
(0.0105789 -2.88488e-05 0)
(0.0106282 -1.8954e-05 0)
(0.0106503 -1.0508e-05 0)
(0.0106508 -3.58019e-06 0)
(0.010635 1.84355e-06 0)
(0.0106077 5.84516e-06 0)
(0.0105732 8.55782e-06 0)
(0.0105352 1.01494e-05 0)
(0.0104964 1.08069e-05 0)
(0.0104591 1.07232e-05 0)
(0.0104249 1.00852e-05 0)
(0.0103947 9.06552e-06 0)
(0.0103691 7.81575e-06 0)
(0.0103482 6.46307e-06 0)
(0.010332 5.10867e-06 0)
(0.01032 3.8282e-06 0)
(0.0103117 2.67365e-06 0)
(0.0103067 1.67625e-06 0)
(0.0103042 8.49964e-07 0)
(0.0103038 1.95136e-07 0)
(0.0103049 -2.97897e-07 0)
(0.0103071 -6.45544e-07 0)
(0.0103099 -8.68135e-07 0)
(0.010313 -9.87611e-07 0)
(0.0103163 -1.02575e-06 0)
(0.0103194 -1.00292e-06 0)
(0.0103224 -9.37224e-07 0)
(0.010325 -8.44074e-07 0)
(0.0103273 -7.36052e-07 0)
(0.0103292 -6.22972e-07 0)
(0.0103308 -5.12107e-07 0)
(0.0103321 -4.08506e-07 0)
(0.0103331 -3.15351e-07 0)
(0.0103338 -2.34331e-07 0)
(0.0103343 -1.65979e-07 0)
(0.0103347 -1.09997e-07 0)
(0.0103349 -6.55134e-08 0)
(0.010335 -3.13118e-08 0)
(0.010335 -5.99994e-09 0)
(0.010335 1.18583e-08 0)
(0.0103349 2.365e-08 0)
(0.0103348 3.06528e-08 0)
(0.0103347 3.39981e-08 0)
(0.0103346 3.4656e-08 0)
(0.0103345 3.34327e-08 0)
(0.0103344 3.09787e-08 0)
(0.0103344 2.78032e-08 0)
(0.0103343 2.42914e-08 0)
(0.0103342 2.07234e-08 0)
(0.0103342 1.72934e-08 0)
(0.0103341 1.41263e-08 0)
(0.0103341 1.12937e-08 0)
(0.0103341 8.82748e-09 0)
(0.0103341 6.73056e-09 0)
(0.010334 4.98649e-09 0)
(0.010334 3.5664e-09 0)
(0.010334 2.43463e-09 0)
(0.010334 1.55269e-09 0)
(0.010334 8.82243e-10 0)
(0.010334 3.86945e-10 0)
(0.010334 3.36792e-11 0)
(0.010334 -2.06841e-10 0)
(0.010334 -3.59843e-10 0)
(0.010334 -4.46573e-10 0)
(0.010334 -4.84535e-10 0)
(0.010334 -4.87858e-10 0)
(0.010334 -4.67703e-10 0)
(0.010334 -4.32695e-10 0)
(0.010334 -3.89335e-10 0)
(0.010334 -3.42381e-10 0)
(0.010334 -2.952e-10 0)
(0.010334 -2.50055e-10 0)
(0.010334 -2.08369e-10 0)
(0.010334 -1.70932e-10 0)
(0.010334 -1.38071e-10 0)
(0.010334 -1.09795e-10 0)
(0.010334 -8.58931e-11 0)
(0.010334 -6.60214e-11 0)
(0.010334 -4.9764e-11 0)
(0.010334 -3.66763e-11 0)
(0.010334 -2.63145e-11 0)
(0.010334 -1.82592e-11 0)
(0.010334 -1.2126e-11 0)
(0.010334 -7.57044e-12 0)
(0.010334 -4.30425e-12 0)
(0.010334 -2.06038e-12 0)
(0.010334 -6.51859e-13 0)
(0.010334 6.73986e-14 0)
(0.010334 3.54623e-13 0)
(0.010334 -3.90986e-13 0)
(0.010334 -3.08636e-13 0)
(-7.06069e-05 8.68063e-05 0)
(-0.000508304 0.00029389 0)
(-0.00117191 0.00043597 0)
(-0.00191076 0.000499888 0)
(-0.00268926 0.000544525 0)
(-0.0034946 0.000571457 0)
(-0.0043137 0.000599796 0)
(-0.00515263 0.000626942 0)
(-0.00600741 0.00065873 0)
(-0.00688396 0.000694903 0)
(-0.00778241 0.000737318 0)
(-0.00870565 0.000785674 0)
(-0.00965279 0.00083953 0)
(-0.0106218 0.000897303 0)
(-0.0116074 0.000956762 0)
(-0.0126012 0.00101492 0)
(-0.0135922 0.00106829 0)
(-0.0145663 0.00111302 0)
(-0.0155072 0.0011452 0)
(-0.016397 0.0011611 0)
(-0.0172167 0.00115741 0)
(-0.0179471 0.00113148 0)
(-0.0185696 0.00108147 0)
(-0.0190663 0.0010064 0)
(-0.0194212 0.000906162 0)
(-0.0196199 0.00078149 0)
(-0.0196503 0.000633826 0)
(-0.0195027 0.000465212 0)
(-0.0191694 0.000278154 0)
(-0.0186454 7.55039e-05 0)
(-0.0179276 -0.000139649 0)
(-0.0170155 -0.000364061 0)
(-0.0159105 -0.000594396 0)
(-0.0146163 -0.000827276 0)
(-0.0131384 -0.00105931 0)
(-0.0114845 -0.00128711 0)
(-0.00966405 -0.00150731 0)
(-0.00768836 -0.00171659 0)
(-0.00557066 -0.00191167 0)
(-0.00332598 -0.00208933 0)
(-0.000971085 -0.00224641 0)
(0.00147547 -0.00237989 0)
(0.00399343 -0.00248687 0)
(0.00656092 -0.00256465 0)
(0.00915447 -0.00261081 0)
(0.0117492 -0.00262327 0)
(0.014319 -0.0026004 0)
(0.0168367 -0.00254112 0)
(0.0192743 -0.00244501 0)
(0.0216035 -0.00231246 0)
(0.0237961 -0.00214477 0)
(0.0258241 -0.00194422 0)
(0.0276609 -0.0017142 0)
(0.0292812 -0.00145925 0)
(0.0306621 -0.00118503 0)
(0.0317836 -0.000898305 0)
(0.0326297 -0.000606829 0)
(0.0331885 -0.000319122 0)
(0.033454 -4.41779e-05 0)
(0.0334263 0.000208975 0)
(0.0331133 0.00043186 0)
(0.0325309 0.000617307 0)
(0.0317038 0.000760349 0)
(0.030665 0.000859153 0)
(0.0294547 0.0009157 0)
(0.0281183 0.000935827 0)
(0.0267033 0.000928241 0)
(0.0252563 0.000902555 0)
(0.0238202 0.000867029 0)
(0.0224311 0.000827078 0)
(0.0211165 0.000785266 0)
(0.0198936 0.00074249 0)
(0.0187705 0.000699294 0)
(0.0177484 0.000656451 0)
(0.0168245 0.000614727 0)
(0.0159954 0.000574373 0)
(0.0152585 0.000534775 0)
(0.0146127 0.000494426 0)
(0.0140584 0.00045116 0)
(0.0135971 0.000402566 0)
(0.0132315 0.00034646 0)
(0.0129646 0.000281298 0)
(0.0128 0.000206409 0)
(0.012741 0.000122036 0)
(0.01279 2.92222e-05 0)
(0.0129486 -7.03657e-05 0)
(0.0132168 -0.00017463 0)
(0.013593 -0.000281198 0)
(0.0140741 -0.000387545 0)
(0.0146549 -0.000491084 0)
(0.0153286 -0.000589229 0)
(0.0160865 -0.000679455 0)
(0.0169184 -0.000759347 0)
(0.0178122 -0.00082666 0)
(0.0187544 -0.000879385 0)
(0.0197298 -0.000915841 0)
(0.0207224 -0.00093477 0)
(0.021715 -0.00093545 0)
(0.02269 -0.000917805 0)
(0.0236299 -0.000882491 0)
(0.0245178 -0.000830942 0)
(0.0253387 -0.000765347 0)
(0.0260797 -0.000688559 0)
(0.0267312 -0.000603912 0)
(0.0272869 -0.000514993 0)
(0.0277449 -0.000425376 0)
(0.0281069 -0.000338373 0)
(0.0283785 -0.000256819 0)
(0.0285679 -0.000182939 0)
(0.0286855 -0.000118273 0)
(0.0287431 -6.36794e-05 0)
(0.0287525 -1.93931e-05 0)
(0.0287255 1.48814e-05 0)
(0.0286727 3.98559e-05 0)
(0.0286035 5.65384e-05 0)
(0.0285257 6.61185e-05 0)
(0.0284457 6.98659e-05 0)
(0.0283683 6.90456e-05 0)
(0.0282968 6.48523e-05 0)
(0.0282334 5.83637e-05 0)
(0.0281793 5.05106e-05 0)
(0.0281349 4.20621e-05 0)
(0.0280998 3.36236e-05 0)
(0.0280735 2.56444e-05 0)
(0.0280548 1.84315e-05 0)
(0.0280427 1.21693e-05 0)
(0.028036 6.9408e-06 0)
(0.0280336 2.74921e-06 0)
(0.0280344 -4.60882e-07 0)
(0.0280375 -2.78461e-06 0)
(0.0280421 -4.34054e-06 0)
(0.0280475 -5.25733e-06 0)
(0.0280533 -5.66348e-06 0)
(0.028059 -5.67985e-06 0)
(0.0280644 -5.41483e-06 0)
(0.0280694 -4.96153e-06 0)
(0.0280737 -4.39683e-06 0)
(0.0280774 -3.78157e-06 0)
(0.0280805 -3.16175e-06 0)
(0.028083 -2.57023e-06 0)
(0.0280849 -2.02871e-06 0)
(0.0280864 -1.54983e-06 0)
(0.0280875 -1.13914e-06 0)
(0.0280882 -7.96922e-07 0)
(0.0280887 -5.19765e-07 0)
(0.028089 -3.01866e-07 0)
(0.0280891 -1.36085e-07 0)
(0.0280891 -1.47448e-08 0)
(0.0280891 6.9783e-08 0)
(0.028089 1.24679e-07 0)
(0.0280888 1.56426e-07 0)
(0.0280887 1.70679e-07 0)
(0.0280885 1.72217e-07 0)
(0.0280883 1.64971e-07 0)
(0.0280882 1.52075e-07 0)
(0.0280881 1.3596e-07 0)
(0.028088 1.18445e-07 0)
(0.0280879 1.00839e-07 0)
(0.0280878 8.40371e-08 0)
(0.0280877 6.86049e-08 0)
(0.0280877 5.48571e-08 0)
(0.0280876 4.29219e-08 0)
(0.0280876 3.27951e-08 0)
(0.0280876 2.43834e-08 0)
(0.0280876 1.75384e-08 0)
(0.0280876 1.20822e-08 0)
(0.0280875 7.82625e-09 0)
(0.0280875 4.58415e-09 0)
(0.0280875 2.18074e-09 0)
(0.0280875 4.57069e-10 0)
(0.0280875 -7.26875e-10 0)
(0.0280875 -1.49143e-09 0)
(0.0280875 -1.93772e-09 0)
(0.0280875 -2.14899e-09 0)
(0.0280875 -2.19242e-09 0)
(0.0280875 -2.12108e-09 0)
(0.0280876 -1.97603e-09 0)
(0.0280876 -1.7883e-09 0)
(0.0280876 -1.58069e-09 0)
(0.0280876 -1.36938e-09 0)
(0.0280876 -1.16541e-09 0)
(0.0280876 -9.75774e-10 0)
(0.0280876 -8.04494e-10 0)
(0.0280876 -6.53399e-10 0)
(0.0280876 -5.2276e-10 0)
(0.0280876 -4.11805e-10 0)
(0.0280876 -3.19109e-10 0)
(0.0280876 -2.42872e-10 0)
(0.0280876 -1.81141e-10 0)
(0.0280876 -1.31942e-10 0)
(0.0280876 -9.33861e-11 0)
(0.0280876 -6.37338e-11 0)
(0.0280876 -4.14233e-11 0)
(0.0280876 -2.51062e-11 0)
(0.0280876 -1.35743e-11 0)
(0.0280876 -5.94265e-12 0)
(0.0280876 -1.36035e-12 0)
(0.0280876 1.00493e-12 0)
(0.0280876 -6.46465e-14 0)
(0.0280876 -2.44012e-13 0)
(-0.000173351 0.000559052 0)
(-0.00101308 0.00111855 0)
(-0.00212485 0.00142359 0)
(-0.00328333 0.00152602 0)
(-0.00443134 0.00159195 0)
(-0.00555916 0.00162241 0)
(-0.00664824 0.00165654 0)
(-0.00770813 0.00168871 0)
(-0.00873365 0.00172795 0)
(-0.00973057 0.0017723 0)
(-0.0106966 0.00182239 0)
(-0.0116314 0.00187532 0)
(-0.0125297 0.00192777 0)
(-0.0133849 0.00197494 0)
(-0.0141874 0.00201153 0)
(-0.0149257 0.00203183 0)
(-0.0155865 0.00203023 0)
(-0.0161556 0.00200154 0)
(-0.0166184 0.00194133 0)
(-0.0169603 0.00184611 0)
(-0.0171676 0.00171354 0)
(-0.0172277 0.00154244 0)
(-0.0171294 0.00133278 0)
(-0.0168634 0.00108562 0)
(-0.0164219 0.000802961 0)
(-0.0157989 0.000487608 0)
(-0.0149902 0.000143006 0)
(-0.0139934 -0.000226906 0)
(-0.0128076 -0.00061783 0)
(-0.0114335 -0.00102522 0)
(-0.00987322 -0.00144434 0)
(-0.00813036 -0.00187038 0)
(-0.00620999 -0.00229844 0)
(-0.00411857 -0.00272355 0)
(-0.001864 -0.00314074 0)
(0.000544392 -0.003545 0)
(0.00309579 -0.0039313 0)
(0.00577788 -0.00429459 0)
(0.00857684 -0.00462984 0)
(0.0114773 -0.004932 0)
(0.0144623 -0.00519608 0)
(0.0175134 -0.0054172 0)
(0.0206105 -0.00559058 0)
(0.023732 -0.00571172 0)
(0.0268551 -0.00577643 0)
(0.0299553 -0.00578101 0)
(0.0330072 -0.00572239 0)
(0.0359847 -0.0055983 0)
(0.0388608 -0.00540744 0)
(0.0416084 -0.00514966 0)
(0.0442005 -0.00482617 0)
(0.0466109 -0.00443958 0)
(0.0488141 -0.0039941 0)
(0.050786 -0.00349551 0)
(0.0525045 -0.00295117 0)
(0.0539491 -0.00237 0)
(0.0551018 -0.00176234 0)
(0.0559468 -0.0011399 0)
(0.0564711 -0.000515537 0)
(0.0566645 9.6837e-05 0)
(0.0565202 0.000682479 0)
(0.0560355 0.00122612 0)
(0.0552127 0.00171245 0)
(0.054061 0.00212699 0)
(0.0525977 0.00245715 0)
(0.050851 0.00269381 0)
(0.0488606 0.00283269 0)
(0.0466789 0.00287575 0)
(0.044369 0.00283192 0)
(0.042001 0.00271695 0)
(0.0396457 0.00255185 0)
(0.0373682 0.00235944 0)
(0.0352228 0.00215978 0)
(0.0332492 0.00196629 0)
(0.0314722 0.00178432 0)
(0.0299025 0.00161256 0)
(0.0285398 0.00144621 0)
(0.0273765 0.00127988 0)
(0.0264022 0.00110923 0)
(0.0256063 0.000931304 0)
(0.02498 0.000744314 0)
(0.0245165 0.000547411 0)
(0.0242105 0.000340567 0)
(0.0240572 0.000124573 0)
(0.0240523 -9.89622e-05 0)
(0.0241909 -0.000327671 0)
(0.0244676 -0.000558539 0)
(0.0248763 -0.000788051 0)
(0.0254099 -0.00101233 0)
(0.0260606 -0.00122729 0)
(0.0268195 -0.00142873 0)
(0.0276766 -0.00161241 0)
(0.0286208 -0.00177419 0)
(0.0296398 -0.00191003 0)
(0.0307201 -0.00201617 0)
(0.031847 -0.00208921 0)
(0.0330043 -0.00212633 0)
(0.0341747 -0.00212551 0)
(0.0353397 -0.00208583 0)
(0.0364802 -0.00200771 0)
(0.0375767 -0.00189323 0)
(0.03861 -0.00174622 0)
(0.0395626 -0.00157225 0)
(0.040419 -0.00137841 0)
(0.0411673 -0.00117286 0)
(0.0417998 -0.000964188 0)
(0.0423136 -0.000760719 0)
(0.0427109 -0.000569813 0)
(0.0429985 -0.000397346 0)
(0.0431872 -0.000247388 0)
(0.0432908 -0.000122139 0)
(0.0433244 -2.20647e-05 0)
(0.0433039 5.38095e-05 0)
(0.043244 0.000107537 0)
(0.0431584 0.000141875 0)
(0.0430587 0.000159953 0)
(0.042954 0.000164994 0)
(0.0428516 0.000160105 0)
(0.0427564 0.000148132 0)
(0.0426718 0.000131568 0)
(0.0425994 0.000112506 0)
(0.0425399 9.2626e-05 0)
(0.0424929 7.32111e-05 0)
(0.0424575 5.51779e-05 0)
(0.0424324 3.91228e-05 0)
(0.042416 2.53727e-05 0)
(0.0424068 1.40385e-05 0)
(0.0424033 5.06691e-06 0)
(0.0424039 -1.71201e-06 0)
(0.0424076 -6.54318e-06 0)
(0.0424132 -9.71161e-06 0)
(0.0424199 -1.15148e-05 0)
(0.042427 -1.22421e-05 0)
(0.0424341 -1.216e-05 0)
(0.0424407 -1.15036e-05 0)
(0.0424468 -1.04718e-05 0)
(0.0424521 -9.22639e-06 0)
(0.0424566 -7.89369e-06 0)
(0.0424603 -6.56768e-06 0)
(0.0424633 -5.31421e-06 0)
(0.0424657 -4.1757e-06 0)
(0.0424675 -3.17569e-06 0)
(0.0424687 -2.32328e-06 0)
(0.0424696 -1.61696e-06 0)
(0.0424702 -1.04795e-06 0)
(0.0424705 -6.0291e-07 0)
(0.0424707 -2.66081e-07 0)
(0.0424707 -2.09138e-08 0)
(0.0424706 1.48792e-07 0)
(0.0424704 2.58106e-07 0)
(0.0424702 3.20511e-07 0)
(0.04247 3.47669e-07 0)
(0.0424699 3.49376e-07 0)
(0.0424697 3.33626e-07 0)
(0.0424695 3.06762e-07 0)
(0.0424694 2.7367e-07 0)
(0.0424692 2.37984e-07 0)
(0.0424691 2.02301e-07 0)
(0.042469 1.68379e-07 0)
(0.042469 1.3732e-07 0)
(0.0424689 1.09722e-07 0)
(0.0424689 8.58131e-08 0)
(0.0424688 6.55636e-08 0)
(0.0424688 4.8769e-08 0)
(0.0424688 3.51193e-08 0)
(0.0424688 2.42495e-08 0)
(0.0424688 1.57762e-08 0)
(0.0424688 9.32343e-09 0)
(0.0424688 4.53914e-09 0)
(0.0424688 1.10531e-09 0)
(0.0424688 -1.25747e-09 0)
(0.0424688 -2.78867e-09 0)
(0.0424688 -3.68913e-09 0)
(0.0424688 -4.12387e-09 0)
(0.0424688 -4.22583e-09 0)
(0.0424688 -4.09994e-09 0)
(0.0424688 -3.82731e-09 0)
(0.0424688 -3.46917e-09 0)
(0.0424688 -3.07049e-09 0)
(0.0424688 -2.66325e-09 0)
(0.0424688 -2.26921e-09 0)
(0.0424688 -1.90225e-09 0)
(0.0424688 -1.57037e-09 0)
(0.0424688 -1.27726e-09 0)
(0.0424688 -1.02355e-09 0)
(0.0424688 -8.07832e-10 0)
(0.0424688 -6.27402e-10 0)
(0.0424688 -4.78817e-10 0)
(0.0424688 -3.5831e-10 0)
(0.0424688 -2.62085e-10 0)
(0.0424688 -1.86496e-10 0)
(0.0424688 -1.28185e-10 0)
(0.0424688 -8.41266e-11 0)
(0.0424688 -5.16833e-11 0)
(0.0424688 -2.85559e-11 0)
(0.0424688 -1.29201e-11 0)
(0.0424688 -3.02425e-12 0)
(0.0424688 2.16046e-12 0)
(0.0424688 3.19719e-12 0)
(0.0424688 2.7254e-12 0)
(-0.000312399 0.0011771 0)
(-0.00155212 0.00219155 0)
(-0.0029456 0.00264921 0)
(-0.00426429 0.00274958 0)
(-0.00542634 0.00277731 0)
(-0.0064794 0.00274711 0)
(-0.00740635 0.00271692 0)
(-0.00823717 0.00268305 0)
(-0.0089693 0.00265721 0)
(-0.00961431 0.00263664 0)
(-0.0101714 0.00262049 0)
(-0.0106422 0.0026039 0)
(-0.0110232 0.00258153 0)
(-0.0113101 0.0025469 0)
(-0.0114965 0.00249339 0)
(-0.0115751 0.00241446 0)
(-0.0115379 0.00230411 0)
(-0.0113766 0.00215717 0)
(-0.0110834 0.00196957 0)
(-0.0106508 0.00173842 0)
(-0.0100722 0.00146215 0)
(-0.00934182 0.00114044 0)
(-0.00845495 0.000774181 0)
(-0.00740793 0.000365317 0)
(-0.00619809 -8.32583e-05 0)
(-0.00482379 -0.000567879 0)
(-0.00328435 -0.00108425 0)
(-0.00158008 -0.00162757 0)
(0.000287789 -0.00219267 0)
(0.00231702 -0.00277408 0)
(0.00450439 -0.0033661 0)
(0.00684561 -0.00396284 0)
(0.00933525 -0.00455823 0)
(0.0119667 -0.00514607 0)
(0.014732 -0.00572001 0)
(0.017622 -0.00627357 0)
(0.0206258 -0.00680015 0)
(0.0237314 -0.00729305 0)
(0.0269248 -0.00774547 0)
(0.0301909 -0.00815058 0)
(0.0335126 -0.00850152 0)
(0.0368714 -0.00879151 0)
(0.0402474 -0.0090139 0)
(0.0436189 -0.00916232 0)
(0.0469631 -0.00923087 0)
(0.0502562 -0.00921427 0)
(0.0534732 -0.00910811 0)
(0.0565889 -0.00890912 0)
(0.0595782 -0.00861538 0)
(0.0624162 -0.0082266 0)
(0.065079 -0.00774432 0)
(0.0675445 -0.00717202 0)
(0.0697921 -0.00651524 0)
(0.0718036 -0.00578152 0)
(0.0735632 -0.00498028 0)
(0.0750576 -0.00412271 0)
(0.0762756 -0.00322147 0)
(0.0772083 -0.0022905 0)
(0.0778484 -0.00134471 0)
(0.07819 -0.000399804 0)
(0.0782283 0.00052795 0)
(0.0779591 0.00142188 0)
(0.0773789 0.0022651 0)
(0.0764852 0.00304064 0)
(0.0752766 0.00373175 0)
(0.0737549 0.00432222 0)
(0.0719259 0.00479684 0)
(0.0698028 0.00514234 0)
(0.0674089 0.0053488 0)
(0.0647803 0.0054117 0)
(0.0619683 0.00533432 0)
(0.0590387 0.00512936 0)
(0.0560699 0.00481891 0)
(0.0531454 0.00443203 0)
(0.0503468 0.00400032 0)
(0.0477438 0.0035527 0)
(0.0453886 0.00311076 0)
(0.0433128 0.00268636 0)
(0.0415287 0.00228202 0)
(0.0400331 0.0018938 0)
(0.0388126 0.00151492 0)
(0.0378482 0.001139 0)
(0.0371193 0.000761803 0)
(0.036606 0.000381748 0)
(0.0362905 -4.24008e-07 0)
(0.0361568 -0.00038229 0)
(0.0361911 -0.000760339 0)
(0.0363804 -0.0011304 0)
(0.0367128 -0.00148792 0)
(0.0371765 -0.00182812 0)
(0.0377601 -0.00214607 0)
(0.0384521 -0.00243677 0)
(0.0392406 -0.00269519 0)
(0.0401135 -0.00291629 0)
(0.0410583 -0.00309516 0)
(0.0420619 -0.0032271 0)
(0.0431105 -0.00330784 0)
(0.0441897 -0.00333384 0)
(0.0452839 -0.00330264 0)
(0.0463771 -0.00321334 0)
(0.0474523 -0.003067 0)
(0.0484922 -0.00286713 0)
(0.0494794 -0.00261986 0)
(0.0503975 -0.00233401 0)
(0.0512314 -0.0020207 0)
(0.0519685 -0.00169273 0)
(0.0525998 -0.00136355 0)
(0.0531201 -0.00104619 0)
(0.0535291 -0.000752156 0)
(0.0538312 -0.000490488 0)
(0.0540349 -0.000267253 0)
(0.0541521 -8.53694e-05 0)
(0.0541971 5.51585e-05 0)
(0.0541851 0.000156735 0)
(0.0541311 0.000223511 0)
(0.0540493 0.000260695 0)
(0.0539516 0.000273937 0)
(0.0538481 0.000268832 0)
(0.0537463 0.000250567 0)
(0.0536518 0.000223702 0)
(0.0535679 0.000192058 0)
(0.0534967 0.000158689 0)
(0.0534385 0.00012591 0)
(0.0533931 9.53693e-05 0)
(0.0533594 6.81313e-05 0)
(0.0533359 4.478e-05 0)
(0.0533211 2.55163e-05 0)
(0.0533133 1.02536e-05 0)
(0.0533109 -1.29734e-06 0)
(0.0533125 -9.55418e-06 0)
(0.0533168 -1.50025e-05 0)
(0.0533228 -1.81481e-05 0)
(0.0533297 -1.94811e-05 0)
(0.0533369 -1.94521e-05 0)
(0.0533438 -1.8457e-05 0)
(0.0533503 -1.68299e-05 0)
(0.053356 -1.48418e-05 0)
(0.053361 -1.27033e-05 0)
(0.0533651 -1.05708e-05 0)
(0.0533685 -8.55346e-06 0)
(0.0533712 -6.72113e-06 0)
(0.0533732 -5.11255e-06 0)
(0.0533747 -3.74252e-06 0)
(0.0533758 -2.60841e-06 0)
(0.0533765 -1.69574e-06 0)
(0.0533769 -9.82675e-07 0)
(0.0533771 -4.43519e-07 0)
(0.0533772 -5.13818e-08 0)
(0.0533771 2.19963e-07 0)
(0.053377 3.94837e-07 0)
(0.0533768 4.94928e-07 0)
(0.0533766 5.38944e-07 0)
(0.0533765 5.42549e-07 0)
(0.0533763 5.18492e-07 0)
(0.0533761 4.76858e-07 0)
(0.0533759 4.2539e-07 0)
(0.0533758 3.69834e-07 0)
(0.0533757 3.14282e-07 0)
(0.0533756 2.61495e-07 0)
(0.0533755 2.13192e-07 0)
(0.0533755 1.70302e-07 0)
(0.0533754 1.33176e-07 0)
(0.0533754 1.01757e-07 0)
(0.0533754 7.57185e-08 0)
(0.0533753 5.45705e-08 0)
(0.0533753 3.77398e-08 0)
(0.0533753 2.46263e-08 0)
(0.0533753 1.4643e-08 0)
(0.0533753 7.24178e-09 0)
(0.0533753 1.92823e-09 0)
(0.0533753 -1.73109e-09 0)
(0.0533753 -4.10711e-09 0)
(0.0533753 -5.51042e-09 0)
(0.0533753 -6.19587e-09 0)
(0.0533753 -6.36846e-09 0)
(0.0533753 -6.18985e-09 0)
(0.0533753 -5.78483e-09 0)
(0.0533753 -5.24751e-09 0)
(0.0533753 -4.64698e-09 0)
(0.0533753 -4.03231e-09 0)
(0.0533753 -3.43688e-09 0)
(0.0533753 -2.88201e-09 0)
(0.0533753 -2.37996e-09 0)
(0.0533753 -1.93643e-09 0)
(0.0533753 -1.55244e-09 0)
(0.0533753 -1.2259e-09 0)
(0.0533753 -9.52709e-10 0)
(0.0533753 -7.27671e-10 0)
(0.0533753 -5.45089e-10 0)
(0.0533753 -3.99215e-10 0)
(0.0533753 -2.84541e-10 0)
(0.0533753 -1.95974e-10 0)
(0.0533753 -1.28945e-10 0)
(0.0533753 -7.9442e-11 0)
(0.0533753 -4.40218e-11 0)
(0.0533753 -1.97924e-11 0)
(0.0533753 -4.26381e-12 0)
(0.0533753 4.22736e-12 0)
(0.0533753 7.96202e-12 0)
(0.0533753 6.94083e-12 0)
(-0.000418067 0.00242563 0)
(-0.00177924 0.00372861 0)
(-0.00309027 0.00412148 0)
(-0.00417782 0.00395235 0)
(-0.00495831 0.00377017 0)
(-0.00554231 0.00355653 0)
(-0.00592619 0.00337898 0)
(-0.00616732 0.0032178 0)
(-0.00627158 0.00307785 0)
(-0.00626061 0.00295067 0)
(-0.00613766 0.00283124 0)
(-0.00590883 0.00271202 0)
(-0.00557368 0.00258557 0)
(-0.00513175 0.00244408 0)
(-0.00458027 0.00228 0)
(-0.00391624 0.00208633 0)
(-0.00313597 0.00185688 0)
(-0.00223582 0.00158657 0)
(-0.0012122 0.00127154 0)
(-6.18227e-05 0.000909241 0)
(0.00121828 0.000498455 0)
(0.00263065 3.92284e-05 0)
(0.0041774 -0.000467211 0)
(0.00586016 -0.00101858 0)
(0.00768008 -0.00161166 0)
(0.00963773 -0.00224245 0)
(0.0117331 -0.00290626 0)
(0.0139655 -0.00359786 0)
(0.0163334 -0.00431152 0)
(0.0188344 -0.00504111 0)
(0.0214652 -0.00578015 0)
(0.0242214 -0.00652181 0)
(0.0270973 -0.00725897 0)
(0.030086 -0.00798417 0)
(0.0331789 -0.00868968 0)
(0.0363663 -0.00936748 0)
(0.0396364 -0.0100093 0)
(0.0429761 -0.0106067 0)
(0.0463703 -0.011151 0)
(0.0498023 -0.0116335 0)
(0.0532537 -0.0120454 0)
(0.0567045 -0.0123778 0)
(0.0601332 -0.0126223 0)
(0.0635168 -0.0127707 0)
(0.0668314 -0.0128154 0)
(0.0700523 -0.0127499 0)
(0.0731549 -0.0125687 0)
(0.0761148 -0.0122681 0)
(0.078909 -0.0118464 0)
(0.0815165 -0.0113041 0)
(0.0839187 -0.0106442 0)
(0.0861006 -0.00987229 0)
(0.0880504 -0.00899642 0)
(0.0897603 -0.00802702 0)
(0.0912261 -0.00697655 0)
(0.0924465 -0.00585906 0)
(0.0934231 -0.00468981 0)
(0.0941591 -0.00348481 0)
(0.0946585 -0.00226051 0)
(0.0949256 -0.00103351 0)
(0.0949638 0.000179607 0)
(0.0947754 0.00136233 0)
(0.0943606 0.00249825 0)
(0.0937181 0.00357105 0)
(0.0928444 0.00456452 0)
(0.0917348 0.00546264 0)
(0.0903836 0.00624967 0)
(0.0887854 0.00691042 0)
(0.0869367 0.00743062 0)
(0.0848374 0.00779773 0)
(0.0824944 0.008002 0)
(0.0799243 0.00803802 0)
(0.0771572 0.00790632 0)
(0.0742383 0.00761481 0)
(0.0712284 0.00717966 0)
(0.0682007 0.00662505 0)
(0.0652351 0.00598126 0)
(0.0624097 0.00528112 0)
(0.059793 0.0045556 0)
(0.0574369 0.00382981 0)
(0.0553739 0.00312074 0)
(0.0536171 0.00243723 0)
(0.0521638 0.00178176 0)
(0.0509997 0.00115311 0)
(0.0501039 0.000548859 0)
(0.0494527 -3.28719e-05 0)
(0.0490216 -0.000592521 0)
(0.0487876 -0.00112891 0)
(0.0487292 -0.00163943 0)
(0.0488267 -0.00212045 0)
(0.0490624 -0.00256757 0)
(0.0494193 -0.00297597 0)
(0.0498821 -0.00334056 0)
(0.0504356 -0.00365611 0)
(0.0510658 -0.00391737 0)
(0.0517586 -0.00411923 0)
(0.0525007 -0.0042569 0)
(0.0532789 -0.00432617 0)
(0.0540801 -0.00432387 0)
(0.0548917 -0.00424826 0)
(0.0557014 -0.00409965 0)
(0.0564968 -0.00388086 0)
(0.0572663 -0.00359768 0)
(0.0579985 -0.00325907 0)
(0.0586829 -0.002877 0)
(0.0593096 -0.00246593 0)
(0.0598702 -0.00204198 0)
(0.060358 -0.0016217 0)
(0.0607685 -0.00122083 0)
(0.0610998 -0.000853032 0)
(0.0613531 -0.0005289 0)
(0.0615325 -0.000255356 0)
(0.0616449 -3.54741e-05 0)
(0.0616991 0.000131253 0)
(0.0617057 0.000248316 0)
(0.0616757 0.000321392 0)
(0.0616198 0.000357483 0)
(0.0615478 0.000364122 0)
(0.0614681 0.000348719 0)
(0.0613875 0.000318081 0)
(0.061311 0.000278114 0)
(0.061242 0.00023368 0)
(0.0611826 0.000188564 0)
(0.0611335 0.00014554 0)
(0.0610948 0.00010648 0)
(0.0610658 7.24919e-05 0)
(0.0610453 4.40722e-05 0)
(0.0610322 2.12479e-05 0)
(0.061025 3.71033e-06 0)
(0.0610225 -9.06956e-06 0)
(0.0610234 -1.77455e-05 0)
(0.0610266 -2.30201e-05 0)
(0.0610314 -2.55883e-05 0)
(0.0610369 -2.60975e-05 0)
(0.0610427 -2.51227e-05 0)
(0.0610483 -2.31536e-05 0)
(0.0610535 -2.05907e-05 0)
(0.0610582 -1.7748e-05 0)
(0.0610622 -1.4861e-05 0)
(0.0610656 -1.20962e-05 0)
(0.0610683 -9.56261e-06 0)
(0.0610704 -7.323e-06 0)
(0.0610721 -5.40461e-06 0)
(0.0610733 -3.80859e-06 0)
(0.0610741 -2.51807e-06 0)
(0.0610746 -1.50484e-06 0)
(0.0610749 -7.34483e-07 0)
(0.0610751 -1.70339e-07 0)
(0.0610751 2.23733e-07 0)
(0.0610751 4.81482e-07 0)
(0.061075 6.33152e-07 0)
(0.0610748 7.04926e-07 0)
(0.0610747 7.18794e-07 0)
(0.0610745 6.92703e-07 0)
(0.0610744 6.40885e-07 0)
(0.0610742 5.74299e-07 0)
(0.0610741 5.01103e-07 0)
(0.061074 4.27137e-07 0)
(0.0610739 3.56367e-07 0)
(0.0610738 2.91292e-07 0)
(0.0610738 2.33298e-07 0)
(0.0610737 1.8295e-07 0)
(0.0610737 1.40234e-07 0)
(0.0610737 1.04754e-07 0)
(0.0610737 7.5877e-08 0)
(0.0610736 5.28446e-08 0)
(0.0610736 3.48563e-08 0)
(0.0610736 2.11241e-08 0)
(0.0610736 1.09087e-08 0)
(0.0610736 3.54179e-09 0)
(0.0610736 -1.56408e-09 0)
(0.0610736 -4.91235e-09 0)
(0.0610736 -6.92522e-09 0)
(0.0610736 -7.9496e-09 0)
(0.0610736 -8.26493e-09 0)
(0.0610736 -8.09185e-09 0)
(0.0610736 -7.60101e-09 0)
(0.0610736 -6.92134e-09 0)
(0.0610736 -6.14776e-09 0)
(0.0610736 -5.34792e-09 0)
(0.0610736 -4.56809e-09 0)
(0.0610736 -3.83807e-09 0)
(0.0610736 -3.1753e-09 0)
(0.0610736 -2.5882e-09 0)
(0.0610736 -2.07878e-09 0)
(0.0610736 -1.64471e-09 0)
(0.0610736 -1.2809e-09 0)
(0.0610736 -9.80699e-10 0)
(0.0610736 -7.36708e-10 0)
(0.0610736 -5.41407e-10 0)
(0.0610736 -3.87556e-10 0)
(0.0610736 -2.6844e-10 0)
(0.0610736 -1.78009e-10 0)
(0.0610736 -1.10954e-10 0)
(0.0610736 -6.26931e-11 0)
(0.0610736 -2.93511e-11 0)
(0.0610736 -7.69548e-12 0)
(0.0610736 4.79438e-12 0)
(0.0610736 1.11573e-11 0)
(0.0610736 1.01276e-11 0)
(-0.000709912 0.00307023 0)
(-0.0021497 0.00468054 0)
(-0.00262292 0.00493893 0)
(-0.00283673 0.00454395 0)
(-0.00260842 0.00412985 0)
(-0.00226107 0.00371884 0)
(-0.00173258 0.00336705 0)
(-0.00110632 0.00305762 0)
(-0.000370348 0.00278491 0)
(0.000453758 0.00253769 0)
(0.00136856 0.00230535 0)
(0.00236948 0.00207818 0)
(0.00345855 0.00184633 0)
(0.00463639 0.00160094 0)
(0.00590542 0.00133355 0)
(0.00726773 0.00103672 0)
(0.0087258 0.000703937 0)
(0.0102819 0.000329867 0)
(0.0119383 -8.95886e-05 0)
(0.0136971 -0.000557219 0)
(0.0155602 -0.00107451 0)
(0.0175294 -0.00164168 0)
(0.0196061 -0.00225773 0)
(0.0217916 -0.00292055 0)
(0.0240866 -0.00362698 0)
(0.0264914 -0.00437294 0)
(0.0290055 -0.00515353 0)
(0.0316279 -0.0059631 0)
(0.0343563 -0.00679533 0)
(0.0371876 -0.00764335 0)
(0.0401174 -0.00849971 0)
(0.04314 -0.00935649 0)
(0.0462483 -0.0102053 0)
(0.0494336 -0.0110371 0)
(0.0526857 -0.0118427 0)
(0.0559925 -0.0126122 0)
(0.0593401 -0.0133354 0)
(0.0627126 -0.0140018 0)
(0.0660922 -0.0146006 0)
(0.0694594 -0.015121 0)
(0.0727927 -0.015552 0)
(0.076069 -0.0158828 0)
(0.079264 -0.0161029 0)
(0.0823522 -0.0162022 0)
(0.0853077 -0.016172 0)
(0.0881052 -0.0160049 0)
(0.0907205 -0.0156955 0)
(0.093132 -0.0152409 0)
(0.0953217 -0.0146412 0)
(0.0972759 -0.0138996 0)
(0.0989866 -0.013023 0)
(0.100451 -0.0120212 0)
(0.101674 -0.0109072 0)
(0.102662 -0.0096963 0)
(0.10343 -0.00840539 0)
(0.103994 -0.00705247 0)
(0.104371 -0.00565576 0)
(0.104582 -0.00423316 0)
(0.104642 -0.00280184 0)
(0.104569 -0.00137792 0)
(0.104374 2.34999e-05 0)
(0.104067 0.00138832 0)
(0.103654 0.00270321 0)
(0.103134 0.00395532 0)
(0.102506 0.005132 0)
(0.101762 0.00622051 0)
(0.100892 0.00720782 0)
(0.0998827 0.00808056 0)
(0.0987208 0.00882514 0)
(0.0973913 0.00942812 0)
(0.0958808 0.00987691 0)
(0.0941791 0.0101606 0)
(0.0922815 0.0102711 0)
(0.0901913 0.0102043 0)
(0.0879225 0.00996096 0)
(0.0855017 0.00954831 0)
(0.0829685 0.00898015 0)
(0.0803748 0.00827705 0)
(0.0777812 0.00746516 0)
(0.075252 0.00657421 0)
(0.0728487 0.00563463 0)
(0.0706244 0.00467476 0)
(0.0686193 0.00371848 0)
(0.066859 0.00278401 0)
(0.0653546 0.00188388 0)
(0.0641047 0.00102588 0)
(0.0630989 0.000214439 0)
(0.06232 -0.000547904 0)
(0.0617476 -0.00125934 0)
(0.0613595 -0.00191802 0)
(0.061133 -0.00252161 0)
(0.0610462 -0.00306718 0)
(0.0610783 -0.0035512 0)
(0.0612093 -0.00396968 0)
(0.0614208 -0.00431837 0)
(0.0616953 -0.00459294 0)
(0.062017 -0.00478929 0)
(0.0623713 -0.00490386 0)
(0.062745 -0.00493409 0)
(0.0631269 -0.0048789 0)
(0.0635073 -0.00473924 0)
(0.0638784 -0.00451862 0)
(0.0642343 -0.0042235 0)
(0.0645708 -0.00386345 0)
(0.064885 -0.00345108 0)
(0.065175 -0.00300149 0)
(0.0654396 -0.00253152 0)
(0.0656774 -0.00205869 0)
(0.0658871 -0.0016 0)
(0.0660673 -0.00117079 0)
(0.0662165 -0.00078376 0)
(0.0663338 -0.000448174 0)
(0.0664192 -0.000169542 0)
(0.0664737 5.04074e-05 0)
(0.0664999 0.000213377 0)
(0.0665013 0.000323884 0)
(0.0664823 0.000388477 0)
(0.066448 0.000414913 0)
(0.0664033 0.000411384 0)
(0.0663531 0.000385866 0)
(0.0663013 0.000345642 0)
(0.0662512 0.000296987 0)
(0.0662052 0.000245016 0)
(0.0661649 0.00019366 0)
(0.0661311 0.000145731 0)
(0.0661039 0.00010305 0)
(0.0660832 6.66081e-05 0)
(0.0660682 3.67404e-05 0)
(0.0660584 1.32903e-05 0)
(0.0660527 -4.23865e-06 0)
(0.0660503 -1.6553e-05 0)
(0.0660503 -2.44642e-05 0)
(0.0660521 -2.88076e-05 0)
(0.0660551 -3.0383e-05 0)
(0.0660587 -2.99164e-05 0)
(0.0660625 -2.80371e-05 0)
(0.0660663 -2.52681e-05 0)
(0.0660698 -2.20265e-05 0)
(0.066073 -1.86303e-05 0)
(0.0660757 -1.53097e-05 0)
(0.066078 -1.22199e-05 0)
(0.0660799 -9.45549e-06 0)
(0.0660813 -7.06339e-06 0)
(0.0660825 -5.05512e-06 0)
(0.0660833 -3.41725e-06 0)
(0.0660839 -2.12004e-06 0)
(0.0660842 -1.12439e-06 0)
(0.0660845 -3.87065e-07 0)
(0.0660846 1.35515e-07 0)
(0.0660846 4.84644e-07 0)
(0.0660846 6.97745e-07 0)
(0.0660845 8.07506e-07 0)
(0.0660844 8.41587e-07 0)
(0.0660843 8.22715e-07 0)
(0.0660842 7.69036e-07 0)
(0.0660841 6.94619e-07 0)
(0.066084 6.10022e-07 0)
(0.0660839 5.22872e-07 0)
(0.0660838 4.38424e-07 0)
(0.0660838 3.60058e-07 0)
(0.0660837 2.89721e-07 0)
(0.0660837 2.28301e-07 0)
(0.0660837 1.75932e-07 0)
(0.0660836 1.32236e-07 0)
(0.0660836 9.65183e-08 0)
(0.0660836 6.79077e-08 0)
(0.0660836 4.54622e-08 0)
(0.0660836 2.82417e-08 0)
(0.0660836 1.53565e-08 0)
(0.0660836 5.99622e-09 0)
(0.0660836 -5.54909e-10 0)
(0.0660836 -4.91326e-09 0)
(0.0660836 -7.59777e-09 0)
(0.0660836 -9.03638e-09 0)
(0.0660836 -9.57502e-09 0)
(0.0660836 -9.48787e-09 0)
(0.0660836 -8.98772e-09 0)
(0.0660836 -8.23615e-09 0)
(0.0660836 -7.35267e-09 0)
(0.0660836 -6.42308e-09 0)
(0.0660836 -5.50658e-09 0)
(0.0660836 -4.64187e-09 0)
(0.0660836 -3.85216e-09 0)
(0.0660836 -3.14928e-09 0)
(0.0660836 -2.53696e-09 0)
(0.0660836 -2.01341e-09 0)
(0.0660836 -1.57322e-09 0)
(0.0660836 -1.20891e-09 0)
(0.0660836 -9.11959e-10 0)
(0.0660836 -6.73559e-10 0)
(0.0660836 -4.85162e-10 0)
(0.0660836 -3.38788e-10 0)
(0.0660836 -2.27211e-10 0)
(0.0660836 -1.44059e-10 0)
(0.0660836 -8.38136e-11 0)
(0.0660836 -4.17988e-11 0)
(0.0660836 -1.40975e-11 0)
(0.0660836 2.46416e-12 0)
(0.0660836 1.12668e-11 0)
(0.0660836 1.10992e-11 0)
(-0.000181948 0.00563521 0)
(-0.000133859 0.0056035 0)
(0.00103686 0.00499351 0)
(0.00228247 0.00397359 0)
(0.00382451 0.00327384 0)
(0.00536507 0.00272099 0)
(0.00698109 0.00227052 0)
(0.00860483 0.00189176 0)
(0.0102573 0.00155467 0)
(0.0119301 0.00124606 0)
(0.0136333 0.000951123 0)
(0.0153712 0.000659812 0)
(0.0171513 0.000361917 0)
(0.0189793 4.87602e-05 0)
(0.020861 -0.000287852 0)
(0.0228014 -0.000655123 0)
(0.0248047 -0.00105939 0)
(0.0268746 -0.00150591 0)
(0.0290142 -0.0019988 0)
(0.0312259 -0.00254099 0)
(0.033512 -0.00313413 0)
(0.0358742 -0.00377863 0)
(0.0383135 -0.00447365 0)
(0.0408308 -0.00521713 0)
(0.0434261 -0.00600586 0)
(0.0460988 -0.00683552 0)
(0.0488474 -0.00770079 0)
(0.0516693 -0.0085954 0)
(0.0545608 -0.00951223 0)
(0.0575167 -0.0104434 0)
(0.0605306 -0.0113804 0)
(0.0635945 -0.0123139 0)
(0.0666986 -0.013234 0)
(0.0698316 -0.0141303 0)
(0.0729803 -0.0149914 0)
(0.0761294 -0.0158056 0)
(0.0792613 -0.0165603 0)
(0.0823563 -0.0172426 0)
(0.0853925 -0.0178395 0)
(0.0883458 -0.0183375 0)
(0.0911903 -0.0187233 0)
(0.0938987 -0.0189838 0)
(0.0964428 -0.0191067 0)
(0.0987944 -0.0190805 0)
(0.100927 -0.0188961 0)
(0.102816 -0.0185466 0)
(0.104443 -0.0180289 0)
(0.105794 -0.0173434 0)
(0.106863 -0.0164954 0)
(0.107654 -0.0154945 0)
(0.108178 -0.0143547 0)
(0.108456 -0.0130935 0)
(0.108516 -0.011731 0)
(0.108389 -0.0102891 0)
(0.108112 -0.00878953 0)
(0.107722 -0.00725369 0)
(0.107253 -0.00570118 0)
(0.106737 -0.00414957 0)
(0.106201 -0.00261404 0)
(0.105666 -0.00110754 0)
(0.105147 0.000358994 0)
(0.104653 0.00177616 0)
(0.104187 0.00313564 0)
(0.103746 0.00442965 0)
(0.103325 0.00565051 0)
(0.102912 0.00679021 0)
(0.102492 0.00784014 0)
(0.102048 0.00879083 0)
(0.10156 0.00963188 0)
(0.101006 0.0103521 0)
(0.100364 0.0109396 0)
(0.0996129 0.0113828 0)
(0.0987311 0.0116704 0)
(0.0977023 0.0117929 0)
(0.0965147 0.0117436 0)
(0.0951641 0.0115195 0)
(0.0936547 0.0111225 0)
(0.0920012 0.0105606 0)
(0.0902286 0.00984763 0)
(0.0883713 0.0090035 0)
(0.0864714 0.00805272 0)
(0.0845745 0.00702281 0)
(0.0827266 0.00594228 0)
(0.0809694 0.00483858 0)
(0.0793375 0.00373643 0)
(0.0778565 0.00265678 0)
(0.0765418 0.00161649 0)
(0.0753997 0.000628482 0)
(0.0744281 -0.000297565 0)
(0.0736185 -0.00115447 0)
(0.0729575 -0.00193672 0)
(0.0724288 -0.00263988 0)
(0.072014 -0.00326006 0)
(0.0716942 -0.00379367 0)
(0.0714504 -0.00423732 0)
(0.0712645 -0.0045879 0)
(0.0711195 -0.00484273 0)
(0.0710002 -0.00499992 0)
(0.0708936 -0.00505876 0)
(0.0707892 -0.00502026 0)
(0.0706796 -0.00488762 0)
(0.0705602 -0.00466674 0)
(0.0704297 -0.00436643 0)
(0.0702897 -0.00399846 0)
(0.0701441 -0.0035772 0)
(0.0699983 -0.00311897 0)
(0.0698584 -0.00264113 0)
(0.06973 -0.00216107 0)
(0.0696175 -0.00169517 0)
(0.0695234 -0.00125791 0)
(0.0694479 -0.000861207 0)
(0.0693897 -0.000513877 0)
(0.0693456 -0.000221452 0)
(0.0693119 1.38279e-05 0)
(0.0692849 0.000192782 0)
(0.0692612 0.000318856 0)
(0.0692382 0.000397553 0)
(0.0692146 0.000435775 0)
(0.0691896 0.000441163 0)
(0.0691633 0.000421483 0)
(0.0691365 0.000384116 0)
(0.0691101 0.000335685 0)
(0.0690849 0.000281807 0)
(0.0690618 0.000226986 0)
(0.0690415 0.000174601 0)
(0.0690242 0.000126987 0)
(0.0690103 8.55589e-05 0)
(0.0689994 5.0972e-05 0)
(0.0689916 2.32882e-05 0)
(0.0689863 2.13805e-06 0)
(0.0689832 -1.31346e-05 0)
(0.0689819 -2.33492e-05 0)
(0.0689818 -2.93897e-05 0)
(0.0689828 -3.21307e-05 0)
(0.0689843 -3.23851e-05 0)
(0.0689862 -3.08717e-05 0)
(0.0689882 -2.8199e-05 0)
(0.0689903 -2.48606e-05 0)
(0.0689921 -2.12396e-05 0)
(0.0689938 -1.76189e-05 0)
(0.0689953 -1.41951e-05 0)
(0.0689966 -1.10926e-05 0)
(0.0689976 -8.3793e-06 0)
(0.0689984 -6.07987e-06 0)
(0.068999 -4.18793e-06 0)
(0.0689994 -2.6763e-06 0)
(0.0689997 -1.50522e-06 0)
(0.0689999 -6.28685e-07 0)
(0.069 8.71611e-10 0)
(0.0690001 4.29326e-07 0)
(0.0690001 6.98777e-07 0)
(0.0690001 8.46369e-07 0)
(0.069 9.03801e-07 0)
(0.069 8.97322e-07 0)
(0.0689999 8.48042e-07 0)
(0.0689999 7.72454e-07 0)
(0.0689998 6.83035e-07 0)
(0.0689998 5.88893e-07 0)
(0.0689997 4.9638e-07 0)
(0.0689997 4.09664e-07 0)
(0.0689996 3.31229e-07 0)
(0.0689996 2.62305e-07 0)
(0.0689996 2.03216e-07 0)
(0.0689996 1.53672e-07 0)
(0.0689996 1.12987e-07 0)
(0.0689996 8.0249e-08 0)
(0.0689996 5.44443e-08 0)
(0.0689995 3.45453e-08 0)
(0.0689995 1.95685e-08 0)
(0.0689995 8.61131e-09 0)
(0.0689995 8.71133e-10 0)
(0.0689995 -4.34659e-09 0)
(0.0689995 -7.62936e-09 0)
(0.0689995 -9.46367e-09 0)
(0.0689995 -1.02444e-08 0)
(0.0689995 -1.02857e-08 0)
(0.0689995 -9.83261e-09 0)
(0.0689995 -9.07189e-09 0)
(0.0689995 -8.14257e-09 0)
(0.0689995 -7.14508e-09 0)
(0.0689995 -6.1494e-09 0)
(0.0689995 -5.20186e-09 0)
(0.0689995 -4.33089e-09 0)
(0.0689995 -3.5517e-09 0)
(0.0689995 -2.86999e-09 0)
(0.0689995 -2.28492e-09 0)
(0.0689995 -1.79136e-09 0)
(0.0689995 -1.38159e-09 0)
(0.0689995 -1.04655e-09 0)
(0.0689995 -7.76763e-10 0)
(0.0689995 -5.62881e-10 0)
(0.0689995 -3.96132e-10 0)
(0.0689995 -2.68531e-10 0)
(0.0689995 -1.72996e-10 0)
(0.0689995 -1.03382e-10 0)
(0.0689995 -5.4456e-11 0)
(0.0689995 -2.18302e-11 0)
(0.0689995 -1.90408e-12 0)
(0.0689995 8.8122e-12 0)
(0.0689995 9.96483e-12 0)
(0.00508797 0.00198294 0)
(0.00765745 0.0029822 0)
(0.0126596 0.00251156 0)
(0.0159986 0.00188253 0)
(0.0191927 0.00124449 0)
(0.021978 0.000723809 0)
(0.0245681 0.000281618 0)
(0.0269999 -9.40295e-05 0)
(0.0293283 -0.000430158 0)
(0.0315843 -0.000742702 0)
(0.0337939 -0.00104651 0)
(0.0359766 -0.00135254 0)
(0.0381481 -0.0016704 0)
(0.0403212 -0.00200823 0)
(0.0425063 -0.00237334 0)
(0.0447118 -0.00277217 0)
(0.0469447 -0.00321036 0)
(0.0492104 -0.00369264 0)
(0.0515131 -0.0042228 0)
(0.0538562 -0.00480355 0)
(0.0562421 -0.00543647 0)
(0.0586721 -0.00612195 0)
(0.061147 -0.00685911 0)
(0.0636667 -0.00764584 0)
(0.06623 -0.0084787 0)
(0.0688349 -0.00935304 0)
(0.0714782 -0.010263 0)
(0.0741552 -0.0112014 0)
(0.0768599 -0.0121603 0)
(0.0795845 -0.0131305 0)
(0.0823195 -0.014102 0)
(0.0850534 -0.0150642 0)
(0.0877731 -0.0160053 0)
(0.0904633 -0.0169128 0)
(0.0931062 -0.0177732 0)
(0.0956818 -0.018572 0)
(0.0981672 -0.019294 0)
(0.100537 -0.0199231 0)
(0.102762 -0.0204432 0)
(0.104813 -0.0208379 0)
(0.106656 -0.0210912 0)
(0.108262 -0.0211878 0)
(0.109597 -0.0211142 0)
(0.110634 -0.0208595 0)
(0.111351 -0.0204163 0)
(0.111735 -0.0197823 0)
(0.11178 -0.0189607 0)
(0.111497 -0.0179612 0)
(0.110906 -0.0167993 0)
(0.110044 -0.0154961 0)
(0.108955 -0.0140769 0)
(0.107694 -0.0125694 0)
(0.10632 -0.0110017 0)
(0.104891 -0.00940078 0)
(0.103463 -0.0077908 0)
(0.102087 -0.00619207 0)
(0.100804 -0.00462066 0)
(0.0996466 -0.00308847 0)
(0.0986368 -0.00160369 0)
(0.0977876 -0.000171583 0)
(0.0971034 0.00120463 0)
(0.0965813 0.00252291 0)
(0.0962126 0.00378156 0)
(0.0959839 0.00497863 0)
(0.0958786 0.00611136 0)
(0.0958771 0.00717591 0)
(0.0959583 0.00816712 0)
(0.0960995 0.00907845 0)
(0.0962771 0.00990199 0)
(0.0964666 0.0106286 0)
(0.096643 0.0112481 0)
(0.0967811 0.0117495 0)
(0.0968561 0.0121219 0)
(0.0968441 0.0123542 0)
(0.0967233 0.0124369 0)
(0.0964751 0.0123622 0)
(0.0960856 0.0121254 0)
(0.095547 0.0117259 0)
(0.0948584 0.011168 0)
(0.0940274 0.0104614 0)
(0.093069 0.00962117 0)
(0.0920058 0.00866738 0)
(0.0908654 0.00762381 0)
(0.0896787 0.00651654 0)
(0.0884769 0.00537229 0)
(0.0872891 0.00421694 0)
(0.0861402 0.00307429 0)
(0.0850496 0.00196532 0)
(0.0840301 0.000907852 0)
(0.0830885 -8.33835e-05 0)
(0.0822256 -0.000996456 0)
(0.0814374 -0.00182181 0)
(0.0807163 -0.00255186 0)
(0.0800517 -0.00318058 0)
(0.0794318 -0.00370331 0)
(0.0788439 -0.00411668 0)
(0.0782762 -0.0044186 0)
(0.0777179 -0.00460857 0)
(0.0771606 -0.00468793 0)
(0.0765986 -0.00466027 0)
(0.0760293 -0.00453185 0)
(0.0754536 -0.00431181 0)
(0.0748759 -0.00401222 0)
(0.0743034 -0.00364779 0)
(0.0737452 -0.00323523 0)
(0.0732119 -0.00279234 0)
(0.0727138 -0.00233694 0)
(0.07226 -0.00188579 0)
(0.0718576 -0.00145376 0)
(0.0715107 -0.00105314 0)
(0.0712205 -0.000693387 0)
(0.0709851 -0.000381007 0)
(0.0708003 -0.000119655 0)
(0.0706598 8.96384e-05 0)
(0.0705566 0.000248178 0)
(0.0704832 0.000359239 0)
(0.0704326 0.000427661 0)
(0.0703987 0.00045939 0)
(0.0703762 0.000461017 0)
(0.0703613 0.000439321 0)
(0.0703511 0.000400866 0)
(0.0703437 0.000351672 0)
(0.0703379 0.00029697 0)
(0.0703329 0.000241069 0)
(0.0703286 0.000187298 0)
(0.0703249 0.000138036 0)
(0.0703216 9.47972e-05 0)
(0.0703188 5.83524e-05 0)
(0.0703167 2.88727e-05 0)
(0.0703151 6.07655e-06 0)
(0.070314 -1.06316e-05 0)
(0.0703134 -2.20384e-05 0)
(0.0703132 -2.90194e-05 0)
(0.0703133 -3.24599e-05 0)
(0.0703136 -3.31969e-05 0)
(0.0703141 -3.19815e-05 0)
(0.0703147 -2.94574e-05 0)
(0.0703153 -2.61528e-05 0)
(0.0703159 -2.24832e-05 0)
(0.0703164 -1.87593e-05 0)
(0.0703169 -1.52002e-05 0)
(0.0703173 -1.19486e-05 0)
(0.0703177 -9.08534e-06 0)
(0.0703179 -6.64414e-06 0)
(0.0703182 -4.62432e-06 0)
(0.0703183 -3.00167e-06 0)
(0.0703184 -1.73742e-06 0)
(0.0703185 -7.85115e-07 0)
(0.0703186 -9.58615e-08 0)
(0.0703186 3.78088e-07 0)
(0.0703186 6.80928e-07 0)
(0.0703186 8.51921e-07 0)
(0.0703186 9.24765e-07 0)
(0.0703186 9.27504e-07 0)
(0.0703186 8.82801e-07 0)
(0.0703185 8.08445e-07 0)
(0.0703185 7.17964e-07 0)
(0.0703185 6.21292e-07 0)
(0.0703185 5.25409e-07 0)
(0.0703185 4.34947e-07 0)
(0.0703185 3.52716e-07 0)
(0.0703185 2.80163e-07 0)
(0.0703184 2.17749e-07 0)
(0.0703184 1.65256e-07 0)
(0.0703184 1.22024e-07 0)
(0.0703184 8.71383e-08 0)
(0.0703184 5.95613e-08 0)
(0.0703184 3.82296e-08 0)
(0.0703184 2.21182e-08 0)
(0.0703184 1.02813e-08 0)
(0.0703184 1.87494e-09 0)
(0.0703184 -3.83428e-09 0)
(0.0703184 -7.46827e-09 0)
(0.0703184 -9.54348e-09 0)
(0.0703184 -1.04802e-08 0)
(0.0703184 -1.06136e-08 0)
(0.0703184 -1.02057e-08 0)
(0.0703184 -9.45713e-09 0)
(0.0703184 -8.51742e-09 0)
(0.0703184 -7.49518e-09 0)
(0.0703184 -6.46645e-09 0)
(0.0703184 -5.48199e-09 0)
(0.0703184 -4.57333e-09 0)
(0.0703184 -3.75775e-09 0)
(0.0703184 -3.04226e-09 0)
(0.0703184 -2.42676e-09 0)
(0.0703184 -1.90642e-09 0)
(0.0703184 -1.47358e-09 0)
(0.0703184 -1.11902e-09 0)
(0.0703184 -8.32964e-10 0)
(0.0703184 -6.05755e-10 0)
(0.0703184 -4.28255e-10 0)
(0.0703184 -2.92123e-10 0)
(0.0703184 -1.89941e-10 0)
(0.0703184 -1.15258e-10 0)
(0.0703184 -6.25743e-11 0)
(0.0703184 -2.72784e-11 0)
(0.0703184 -5.58242e-12 0)
(0.0703184 5.93947e-12 0)
(0.0703184 8.00397e-12 0)
(0.0344489 -3.53122e-06 0)
(0.0346119 -0.000152129 0)
(0.0349428 -0.000272781 0)
(0.0353936 -0.000337882 0)
(0.0359118 -0.000378355 0)
(0.0365804 -0.000458291 0)
(0.037284 -0.000342706 0)
(0.0379983 -0.000789601 0)
(0.0908638 -7.10566e-06 0)
(0.0906427 -0.000134639 0)
(0.0905811 -0.000304435 0)
(0.0906244 -0.000477505 0)
(0.0907822 -0.000664413 0)
(0.0910313 -0.000853259 0)
(0.0913981 -0.00105924 0)
(0.0923103 -0.00174741 0)
(0.128437 -1.04852e-05 0)
(0.128259 -9.73697e-05 0)
(0.128174 -0.000228321 0)
(0.128138 -0.000394408 0)
(0.128131 -0.000588598 0)
(0.128157 -0.000814485 0)
(0.128256 -0.00115904 0)
(0.128267 -0.0016006 0)
(0.147212 -1.42645e-05 0)
(0.147034 -0.000107742 0)
(0.146937 -0.000229449 0)
(0.146874 -0.000380148 0)
(0.146824 -0.000563533 0)
(0.146783 -0.000798629 0)
(0.146726 -0.00108471 0)
(0.146662 -0.001463 0)
(0.147217 -1.95598e-05 0)
(0.147038 -0.000115367 0)
(0.146928 -0.00022192 0)
(0.14684 -0.000349705 0)
(0.146748 -0.000510116 0)
(0.146632 -0.000709975 0)
(0.146482 -0.000965575 0)
(0.14627 -0.00127842 0)
(0.12845 -2.74408e-05 0)
(0.128254 -0.000131663 0)
(0.128111 -0.000224957 0)
(0.12797 -0.000327616 0)
(0.127804 -0.000455076 0)
(0.127597 -0.000619112 0)
(0.127331 -0.000823868 0)
(0.126987 -0.00106956 0)
(0.0908865 -4.17944e-05 0)
(0.0906055 -0.000110907 0)
(0.0903824 -0.000148741 0)
(0.0901556 -0.000197925 0)
(0.0898969 -0.000277453 0)
(0.0895821 -0.000391819 0)
(0.0891875 -0.000538652 0)
(0.0886886 -0.000709818 0)
(0.0344548 -4.79501e-05 0)
(0.034364 -3.11709e-05 0)
(0.0342987 -2.26853e-06 0)
(0.0342274 -5.9643e-06 0)
(0.0340914 -4.12764e-05 0)
(0.0338617 -9.65021e-05 0)
(0.0335217 -0.000159035 0)
(0.0330643 -0.000218339 0)
(0.0407579 -0.0035946 0)
(0.0437309 -0.0033495 0)
(0.0464447 -0.00307695 0)
(0.0490955 -0.00280803 0)
(0.0515491 -0.00269595 0)
(0.0538593 -0.00268385 0)
(0.0560509 -0.00274545 0)
(0.0581521 -0.00285573 0)
(0.0601853 -0.00300206 0)
(0.0621678 -0.00317803 0)
(0.0641137 -0.00338194 0)
(0.0660343 -0.00361464 0)
(0.0679391 -0.00387859 0)
(0.0698364 -0.00417715 0)
(0.0717329 -0.00451413 0)
(0.0736345 -0.00489339 0)
(0.0755458 -0.00531862 0)
(0.0774707 -0.00579312 0)
(0.0794119 -0.00631956 0)
(0.0813712 -0.00689982 0)
(0.0833497 -0.00753486 0)
(0.0853473 -0.00822456 0)
(0.0873631 -0.00896766 0)
(0.0893952 -0.00976158 0)
(0.0914407 -0.0106024 0)
(0.0934951 -0.0114848 0)
(0.0955527 -0.0124019 0)
(0.097606 -0.0133456 0)
(0.0996455 -0.0143062 0)
(0.101659 -0.0152728 0)
(0.103634 -0.0162336 0)
(0.105552 -0.0171756 0)
(0.107395 -0.0180849 0)
(0.109142 -0.0189461 0)
(0.110767 -0.0197427 0)
(0.112243 -0.0204566 0)
(0.113538 -0.0210686 0)
(0.114617 -0.0215587 0)
(0.115444 -0.0219067 0)
(0.115979 -0.0220932 0)
(0.116188 -0.0221002 0)
(0.116036 -0.0219123 0)
(0.115499 -0.0215181 0)
(0.114563 -0.0209116 0)
(0.113226 -0.0200942 0)
(0.111506 -0.0190757 0)
(0.109438 -0.0178746 0)
(0.107076 -0.0165176 0)
(0.10449 -0.0150377 0)
(0.10176 -0.0134716 0)
(0.0989739 -0.0118568 0)
(0.0962185 -0.0102283 0)
(0.0935753 -0.00861621 0)
(0.0911145 -0.00704412 0)
(0.0888923 -0.00552852 0)
(0.0869483 -0.00407895 0)
(0.0853062 -0.00269899 0)
(0.0839748 -0.0013876 0)
(0.0829505 -0.000140671 0)
(0.0822205 0.0010474 0)
(0.0817651 0.00218241 0)
(0.0815606 0.0032693 0)
(0.0815812 0.00431152 0)
(0.0818003 0.00531067 0)
(0.0821915 0.00626631 0)
(0.0827288 0.00717604 0)
(0.0833874 0.00803561 0)
(0.0841427 0.00883907 0)
(0.084971 0.00957901 0)
(0.0858489 0.0102468 0)
(0.086753 0.0108326 0)
(0.08766 0.0113262 0)
(0.0885468 0.0117167 0)
(0.08939 0.0119933 0)
(0.090167 0.0121458 0)
(0.090856 0.0121648 0)
(0.0914369 0.0120431 0)
(0.0918925 0.0117762 0)
(0.0922091 0.0113629 0)
(0.092378 0.0108064 0)
(0.0923958 0.0101145 0)
(0.0922652 0.00929977 0)
(0.0919946 0.00837933 0)
(0.0915973 0.00737383 0)
(0.0910903 0.00630659 0)
(0.0904929 0.00520227 0)
(0.0898245 0.00408566 0)
(0.0891035 0.00298055 0)
(0.0883459 0.00190895 0)
(0.0875643 0.000890505 0)
(0.0867676 -5.77572e-05 0)
(0.0859613 -0.000921488 0)
(0.0851475 -0.00168895 0)
(0.0843258 -0.0023509 0)
(0.0834943 -0.00290048 0)
(0.0826505 -0.00333322 0)
(0.0817918 -0.00364703 0)
(0.0809174 -0.00384242 0)
(0.080028 -0.00392265 0)
(0.0791274 -0.00389392 0)
(0.0782218 -0.00376555 0)
(0.0773207 -0.00354983 0)
(0.0764355 -0.00326173 0)
(0.0755793 -0.00291821 0)
(0.0747654 -0.00253731 0)
(0.0740066 -0.00213704 0)
(0.0733135 -0.0017343 0)
(0.072694 -0.00134397 0)
(0.0721529 -0.000978278 0)
(0.0716916 -0.000646536 0)
(0.0713084 -0.000355138 0)
(0.0709989 -0.000107801 0)
(0.0707567 9.40926e-05 0)
(0.0705738 0.000251128 0)
(0.0704413 0.000365501 0)
(0.0703504 0.000440696 0)
(0.0702924 0.000481175 0)
(0.0702594 0.000492081 0)
(0.0702445 0.00047894 0)
(0.070242 0.000447361 0)
(0.0702474 0.000402762 0)
(0.0702571 0.000350131 0)
(0.0702687 0.000293835 0)
(0.0702804 0.000237503 0)
(0.0702912 0.000183962 0)
(0.0703005 0.000135246 0)
(0.070308 9.26469e-05 0)
(0.0703139 5.68079e-05 0)
(0.0703182 2.78385e-05 0)
(0.0703212 5.43735e-06 0)
(0.070323 -1.09861e-05 0)
(0.070324 -2.22017e-05 0)
(0.0703243 -2.90641e-05 0)
(0.0703242 -3.24384e-05 0)
(0.0703238 -3.31447e-05 0)
(0.0703232 -3.19204e-05 0)
(0.0703225 -2.93996e-05 0)
(0.0703218 -2.61042e-05 0)
(0.0703211 -2.24454e-05 0)
(0.0703205 -1.87318e-05 0)
(0.07032 -1.51814e-05 0)
(0.0703196 -1.19365e-05 0)
(0.0703192 -9.07816e-06 0)
(0.0703189 -6.6403e-06 0)
(0.0703187 -4.62261e-06 0)
(0.0703185 -3.00122e-06 0)
(0.0703184 -1.73762e-06 0)
(0.0703183 -7.8561e-07 0)
(0.0703183 -9.64246e-08 0)
(0.0703183 3.77571e-07 0)
(0.0703183 6.80505e-07 0)
(0.0703183 8.51602e-07 0)
(0.0703183 9.24539e-07 0)
(0.0703183 9.27354e-07 0)
(0.0703183 8.82708e-07 0)
(0.0703183 8.08392e-07 0)
(0.0703183 7.17937e-07 0)
(0.0703184 6.21281e-07 0)
(0.0703184 5.25407e-07 0)
(0.0703184 4.3495e-07 0)
(0.0703184 3.52721e-07 0)
(0.0703184 2.80168e-07 0)
(0.0703184 2.17754e-07 0)
(0.0703184 1.65259e-07 0)
(0.0703184 1.22027e-07 0)
(0.0703184 8.71402e-08 0)
(0.0703184 5.95626e-08 0)
(0.0703184 3.82304e-08 0)
(0.0703184 2.21187e-08 0)
(0.0703184 1.02816e-08 0)
(0.0703184 1.8751e-09 0)
(0.0703184 -3.83421e-09 0)
(0.0703184 -7.46825e-09 0)
(0.0703184 -9.54349e-09 0)
(0.0703184 -1.04802e-08 0)
(0.0703184 -1.06136e-08 0)
(0.0703184 -1.02057e-08 0)
(0.0703184 -9.45715e-09 0)
(0.0703184 -8.51743e-09 0)
(0.0703184 -7.49519e-09 0)
(0.0703184 -6.46646e-09 0)
(0.0703184 -5.482e-09 0)
(0.0703184 -4.57334e-09 0)
(0.0703184 -3.75775e-09 0)
(0.0703184 -3.04227e-09 0)
(0.0703184 -2.42676e-09 0)
(0.0703184 -1.90644e-09 0)
(0.0703184 -1.4736e-09 0)
(0.0703184 -1.11904e-09 0)
(0.0703184 -8.33005e-10 0)
(0.0703184 -6.05817e-10 0)
(0.0703184 -4.28347e-10 0)
(0.0703184 -2.92256e-10 0)
(0.0703184 -1.90133e-10 0)
(0.0703184 -1.15539e-10 0)
(0.0703184 -6.29869e-11 0)
(0.0703184 -2.78915e-11 0)
(0.0703184 -6.49679e-12 0)
(0.0703184 4.37234e-12 0)
(0.0703184 6.32703e-12 0)
(0.0929899 -0.00229241 0)
(0.0930952 -0.00281219 0)
(0.0934454 -0.00312845 0)
(0.093962 -0.00336134 0)
(0.0946434 -0.003555 0)
(0.095432 -0.00373634 0)
(0.0962961 -0.0039164 0)
(0.0972122 -0.00410072 0)
(0.0981653 -0.00429333 0)
(0.0991459 -0.0044981 0)
(0.100148 -0.00471931 0)
(0.101167 -0.00496159 0)
(0.102201 -0.00522986 0)
(0.103247 -0.00552907 0)
(0.104306 -0.00586413 0)
(0.105376 -0.00623965 0)
(0.106455 -0.00665985 0)
(0.107544 -0.00712837 0)
(0.10864 -0.00764811 0)
(0.109741 -0.00822111 0)
(0.110846 -0.00884838 0)
(0.11195 -0.00952979 0)
(0.11305 -0.0102639 0)
(0.11414 -0.0110478 0)
(0.115215 -0.0118771 0)
(0.116265 -0.0127455 0)
(0.117283 -0.013645 0)
(0.118255 -0.0145657 0)
(0.119167 -0.0154959 0)
(0.120003 -0.0164223 0)
(0.120739 -0.0173301 0)
(0.121352 -0.0182032 0)
(0.121812 -0.0190242 0)
(0.12209 -0.0197739 0)
(0.122147 -0.020431 0)
(0.121947 -0.0209722 0)
(0.121446 -0.021373 0)
(0.120603 -0.0216087 0)
(0.119377 -0.0216565 0)
(0.11773 -0.0214964 0)
(0.115637 -0.0211135 0)
(0.113085 -0.0204995 0)
(0.110081 -0.0196551 0)
(0.106652 -0.0185923 0)
(0.102852 -0.0173342 0)
(0.0987618 -0.0159152 0)
(0.0944812 -0.0143777 0)
(0.0901284 -0.0127687 0)
(0.0858291 -0.0111364 0)
(0.081706 -0.00952596 0)
(0.0778688 -0.00797578 0)
(0.0744058 -0.00651457 0)
(0.0713781 -0.00515927 0)
(0.0688184 -0.00391489 0)
(0.0667337 -0.00277607 0)
(0.0651098 -0.00173 0)
(0.0639181 -0.000759879 0)
(0.0631214 0.000151957 0)
(0.0626791 0.00102157 0)
(0.0625508 0.00186197 0)
(0.0626981 0.0026825 0)
(0.0630864 0.00348878 0)
(0.0636844 0.00428308 0)
(0.0644648 0.00506482 0)
(0.0654028 0.00583107 0)
(0.0664763 0.00657705 0)
(0.067665 0.00729645 0)
(0.0689497 0.00798183 0)
(0.0703119 0.00862478 0)
(0.0717334 0.00921617 0)
(0.073196 0.00974629 0)
(0.0746809 0.0102051 0)
(0.076169 0.0105822 0)
(0.0776406 0.0108675 0)
(0.0790753 0.0110512 0)
(0.0804526 0.0111243 0)
(0.0817521 0.0110791 0)
(0.082954 0.0109098 0)
(0.08404 0.0106133 0)
(0.0849939 0.0101895 0)
(0.0858025 0.00964213 0)
(0.0864565 0.0089789 0)
(0.0869506 0.00821159 0)
(0.0872839 0.00735576 0)
(0.0874597 0.00643015 0)
(0.0874846 0.0054559 0)
(0.0873677 0.00445551 0)
(0.08712 0.0034519 0)
(0.0867529 0.00246742 0)
(0.0862776 0.00152308 0)
(0.0857048 0.00063794 0)
(0.0850439 -0.000171342 0)
(0.0843035 -0.000890828 0)
(0.0834913 -0.00150949 0)
(0.0826149 -0.00201936 0)
(0.0816824 -0.00241564 0)
(0.0807029 -0.00269685 0)
(0.0796871 -0.00286485 0)
(0.0786476 -0.00292495 0)
(0.0775992 -0.00288579 0)
(0.0765583 -0.0027591 0)
(0.0755422 -0.0025592 0)
(0.0745681 -0.00230223 0)
(0.0736518 -0.00200519 0)
(0.0728068 -0.00168493 0)
(0.0720432 -0.00135711 0)
(0.0713674 -0.00103547 0)
(0.070782 -0.000731292 0)
(0.070286 -0.000453202 0)
(0.0698758 -0.000207231 0)
(0.0695454 2.95061e-06 0)
(0.0692873 0.000175709 0)
(0.0690931 0.000311093 0)
(0.068954 0.000410508 0)
(0.068861 0.000476432 0)
(0.0688056 0.000512175 0)
(0.0687797 0.000521661 0)
(0.0687759 0.000509222 0)
(0.0687877 0.000479387 0)
(0.0688098 0.000436687 0)
(0.0688376 0.00038545 0)
(0.0688676 0.00032963 0)
(0.0688972 0.000272667 0)
(0.0689246 0.000217393 0)
(0.0689487 0.000165985 0)
(0.068969 0.000119968 0)
(0.0689852 8.02549e-05 0)
(0.0689976 4.72258e-05 0)
(0.0690066 2.08198e-05 0)
(0.0690125 6.39718e-07 0)
(0.069016 -1.39452e-05 0)
(0.0690175 -2.37048e-05 0)
(0.0690176 -2.94679e-05 0)
(0.0690167 -3.20577e-05 0)
(0.0690151 -3.22444e-05 0)
(0.0690131 -3.07147e-05 0)
(0.069011 -2.80538e-05 0)
(0.069009 -2.47398e-05 0)
(0.069007 -2.11465e-05 0)
(0.0690053 -1.75517e-05 0)
(0.0690038 -1.41493e-05 0)
(0.0690025 -1.10634e-05 0)
(0.0690015 -8.36205e-06 0)
(0.0690007 -6.07073e-06 0)
(0.0690001 -4.18394e-06 0)
(0.0689997 -2.67533e-06 0)
(0.0689994 -1.50583e-06 0)
(0.0689992 -6.29972e-07 0)
(0.0689991 -5.59149e-10 0)
(0.068999 4.28025e-07 0)
(0.068999 6.97718e-07 0)
(0.068999 8.45571e-07 0)
(0.0689991 9.03239e-07 0)
(0.0689991 8.96949e-07 0)
(0.0689992 8.47811e-07 0)
(0.0689992 7.72322e-07 0)
(0.0689993 6.82968e-07 0)
(0.0689993 5.88866e-07 0)
(0.0689994 4.96376e-07 0)
(0.0689994 4.09671e-07 0)
(0.0689994 3.31241e-07 0)
(0.0689995 2.62317e-07 0)
(0.0689995 2.03227e-07 0)
(0.0689995 1.53681e-07 0)
(0.0689995 1.12994e-07 0)
(0.0689995 8.02537e-08 0)
(0.0689995 5.44476e-08 0)
(0.0689995 3.45474e-08 0)
(0.0689995 1.95698e-08 0)
(0.0689996 8.61206e-09 0)
(0.0689996 8.71534e-10 0)
(0.0689996 -4.34641e-09 0)
(0.0689996 -7.6293e-09 0)
(0.0689996 -9.46368e-09 0)
(0.0689996 -1.02444e-08 0)
(0.0689996 -1.02858e-08 0)
(0.0689996 -9.83267e-09 0)
(0.0689996 -9.07194e-09 0)
(0.0689995 -8.1426e-09 0)
(0.0689995 -7.14511e-09 0)
(0.0689995 -6.14942e-09 0)
(0.0689995 -5.20187e-09 0)
(0.0689995 -4.3309e-09 0)
(0.0689995 -3.5517e-09 0)
(0.0689995 -2.87e-09 0)
(0.0689995 -2.28494e-09 0)
(0.0689995 -1.79139e-09 0)
(0.0689995 -1.38164e-09 0)
(0.0689995 -1.04663e-09 0)
(0.0689995 -7.76885e-10 0)
(0.0689995 -5.63062e-10 0)
(0.0689995 -3.96395e-10 0)
(0.0689995 -2.68911e-10 0)
(0.0689995 -1.73547e-10 0)
(0.0689995 -1.04184e-10 0)
(0.0689995 -5.56267e-11 0)
(0.0689995 -2.35632e-11 0)
(0.0689995 -4.46856e-12 0)
(0.0689995 4.38544e-12 0)
(0.0689995 5.2195e-12 0)
(0.12821 -0.00224957 0)
(0.128172 -0.00279285 0)
(0.128117 -0.00321379 0)
(0.128111 -0.00354126 0)
(0.128157 -0.00381255 0)
(0.128254 -0.00405191 0)
(0.12839 -0.00427448 0)
(0.128557 -0.00448999 0)
(0.128746 -0.00470546 0)
(0.128952 -0.00492678 0)
(0.129168 -0.00515943 0)
(0.12939 -0.00540879 0)
(0.129614 -0.00568018 0)
(0.129838 -0.00597889 0)
(0.130057 -0.00631001 0)
(0.130269 -0.00667835 0)
(0.130469 -0.00708825 0)
(0.130654 -0.00754344 0)
(0.13082 -0.0080469 0)
(0.130962 -0.00860066 0)
(0.131072 -0.00920568 0)
(0.131146 -0.00986165 0)
(0.131175 -0.0105668 0)
(0.13115 -0.0113179 0)
(0.13106 -0.0121095 0)
(0.130893 -0.0129344 0)
(0.130633 -0.0137826 0)
(0.130261 -0.0146417 0)
(0.129756 -0.0154965 0)
(0.129089 -0.0163292 0)
(0.12823 -0.0171201 0)
(0.127142 -0.0178479 0)
(0.125786 -0.0184899 0)
(0.124123 -0.0190215 0)
(0.122109 -0.0194164 0)
(0.119704 -0.0196467 0)
(0.116865 -0.0196853 0)
(0.113555 -0.0195086 0)
(0.109749 -0.019099 0)
(0.105437 -0.0184477 0)
(0.10064 -0.0175559 0)
(0.0954076 -0.0164367 0)
(0.0898311 -0.0151159 0)
(0.0840371 -0.0136335 0)
(0.0781824 -0.0120438 0)
(0.0724414 -0.0104122 0)
(0.0669875 -0.00880932 0)
(0.0619733 -0.00730087 0)
(0.0575139 -0.00593773 0)
(0.0536776 -0.00474844 0)
(0.0504855 -0.00373694 0)
(0.0479196 -0.00288613 0)
(0.0459345 -0.00216522 0)
(0.0444703 -0.00153816 0)
(0.0434624 -0.000970416 0)
(0.0428488 -0.000433092 0)
(0.0425743 9.55127e-05 0)
(0.0425917 0.000630049 0)
(0.0428621 0.00117916 0)
(0.0433538 0.00174679 0)
(0.044041 0.00233336 0)
(0.0449027 0.00293676 0)
(0.0459212 0.00355305 0)
(0.0470811 0.00417696 0)
(0.0483689 0.00480228 0)
(0.0497718 0.00542201 0)
(0.0512774 0.00602862 0)
(0.0528736 0.00661408 0)
(0.0545478 0.00716999 0)
(0.0562869 0.00768762 0)
(0.058077 0.00815805 0)
(0.0599032 0.0085722 0)
(0.0617498 0.00892098 0)
(0.0635999 0.00919548 0)
(0.0654356 0.00938713 0)
(0.0672379 0.00948805 0)
(0.0689874 0.00949139 0)
(0.070664 0.00939174 0)
(0.072248 0.00918566 0)
(0.0737202 0.00887214 0)
(0.0750629 0.00845305 0)
(0.0762604 0.0079335 0)
(0.0772996 0.00732198 0)
(0.0781706 0.00663035 0)
(0.0788671 0.00587348 0)
(0.0793859 0.00506878 0)
(0.0797274 0.00423546 0)
(0.079895 0.00339372 0)
(0.0798945 0.0025639 0)
(0.079734 0.00176562 0)
(0.0794232 0.00101703 0)
(0.0789734 0.000334199 0)
(0.0783976 -0.000269488 0)
(0.0777102 -0.000783699 0)
(0.0769271 -0.00120149 0)
(0.0760661 -0.0015195 0)
(0.0751469 -0.00173805 0)
(0.0741905 -0.00186104 0)
(0.0732188 -0.0018957 0)
(0.072254 -0.00185213 0)
(0.0713173 -0.00174257 0)
(0.0704276 -0.00158063 0)
(0.069601 -0.00138036 0)
(0.0688495 -0.00115548 0)
(0.0681811 -0.00091868 0)
(0.0675995 -0.000681138 0)
(0.0671048 -0.000452258 0)
(0.0666943 -0.000239548 0)
(0.0663629 -4.86451e-05 0)
(0.0661039 0.000116568 0)
(0.0659097 0.000253805 0)
(0.0657724 0.000362178 0)
(0.0656838 0.000442005 0)
(0.0656359 0.000494614 0)
(0.065621 0.000522163 0)
(0.065632 0.000527458 0)
(0.065662 0.000513779 0)
(0.0657051 0.000484702 0)
(0.0657561 0.000443923 0)
(0.0658105 0.000395081 0)
(0.0658647 0.0003416 0)
(0.065916 0.000286551 0)
(0.0659624 0.000232547 0)
(0.0660027 0.000181678 0)
(0.0660364 0.000135484 0)
(0.0660633 9.49688e-05 0)
(0.0660839 6.06475e-05 0)
(0.0660988 3.26122e-05 0)
(0.0661086 1.06175e-05 0)
(0.0661143 -5.83167e-06 0)
(0.0661168 -1.73941e-05 0)
(0.0661167 -2.48157e-05 0)
(0.066115 -2.88649e-05 0)
(0.066112 -3.0283e-05 0)
(0.0661085 -2.97488e-05 0)
(0.0661047 -2.78561e-05 0)
(0.0661009 -2.5103e-05 0)
(0.0660974 -2.18902e-05 0)
(0.0660942 -1.85257e-05 0)
(0.0660915 -1.52342e-05 0)
(0.0660892 -1.21686e-05 0)
(0.0660873 -9.42277e-06 0)
(0.0660859 -7.04406e-06 0)
(0.0660847 -5.04488e-06 0)
(0.0660839 -3.41279e-06 0)
(0.0660833 -2.11898e-06 0)
(0.066083 -1.12512e-06 0)
(0.0660827 -3.88547e-07 0)
(0.0660826 1.3387e-07 0)
(0.0660826 4.83146e-07 0)
(0.0660826 6.96522e-07 0)
(0.0660827 8.06583e-07 0)
(0.0660828 8.40934e-07 0)
(0.0660829 8.2228e-07 0)
(0.066083 7.68765e-07 0)
(0.0660831 6.94463e-07 0)
(0.0660832 6.09942e-07 0)
(0.0660833 5.2284e-07 0)
(0.0660834 4.38418e-07 0)
(0.0660834 3.60066e-07 0)
(0.0660835 2.89734e-07 0)
(0.0660835 2.28316e-07 0)
(0.0660835 1.75945e-07 0)
(0.0660836 1.32246e-07 0)
(0.0660836 9.65262e-08 0)
(0.0660836 6.79134e-08 0)
(0.0660836 4.54661e-08 0)
(0.0660836 2.82443e-08 0)
(0.0660836 1.53581e-08 0)
(0.0660836 5.99715e-09 0)
(0.0660836 -5.54411e-10 0)
(0.0660836 -4.91303e-09 0)
(0.0660836 -7.5977e-09 0)
(0.0660836 -9.03639e-09 0)
(0.0660836 -9.57508e-09 0)
(0.0660836 -9.48794e-09 0)
(0.0660836 -8.98779e-09 0)
(0.0660836 -8.2362e-09 0)
(0.0660836 -7.35271e-09 0)
(0.0660836 -6.42311e-09 0)
(0.0660836 -5.5066e-09 0)
(0.0660836 -4.64189e-09 0)
(0.0660836 -3.85217e-09 0)
(0.0660836 -3.14929e-09 0)
(0.0660836 -2.53699e-09 0)
(0.0660836 -2.01345e-09 0)
(0.0660836 -1.57328e-09 0)
(0.0660836 -1.209e-09 0)
(0.0660836 -9.12089e-10 0)
(0.0660836 -6.7375e-10 0)
(0.0660836 -4.8544e-10 0)
(0.0660836 -3.39188e-10 0)
(0.0660836 -2.27789e-10 0)
(0.0660836 -1.44891e-10 0)
(0.0660836 -8.50181e-11 0)
(0.0660836 -4.35425e-11 0)
(0.0660836 -1.6656e-11 0)
(0.0660836 -1.23154e-12 0)
(0.0660836 4.79364e-12 0)
(0.0660836 4.12731e-12 0)
(0.146532 -0.00188929 0)
(0.146283 -0.00232946 0)
(0.145973 -0.00273599 0)
(0.145637 -0.00309766 0)
(0.145297 -0.00341895 0)
(0.144959 -0.00370847 0)
(0.144623 -0.00397463 0)
(0.144283 -0.0042249 0)
(0.143936 -0.00446608 0)
(0.143577 -0.00470456 0)
(0.1432 -0.00494653 0)
(0.142801 -0.00519808 0)
(0.142377 -0.00546511 0)
(0.141923 -0.00575335 0)
(0.141433 -0.00606824 0)
(0.140903 -0.00641477 0)
(0.140327 -0.00679737 0)
(0.139697 -0.00721975 0)
(0.139006 -0.00768473 0)
(0.138245 -0.00819406 0)
(0.137403 -0.00874825 0)
(0.136467 -0.00934632 0)
(0.135425 -0.00998562 0)
(0.13426 -0.0106614 0)
(0.132955 -0.0113666 0)
(0.131488 -0.012091 0)
(0.129836 -0.012821 0)
(0.127972 -0.0135395 0)
(0.125865 -0.0142256 0)
(0.123479 -0.0148563 0)
(0.120775 -0.015407 0)
(0.117711 -0.015853 0)
(0.114242 -0.0161697 0)
(0.110326 -0.0163321 0)
(0.105924 -0.0163133 0)
(0.101008 -0.0160844 0)
(0.0955635 -0.0156178 0)
(0.0896103 -0.0148937 0)
(0.0832127 -0.0139086 0)
(0.0764886 -0.0126821 0)
(0.0696076 -0.0112602 0)
(0.0627783 -0.00971685 0)
(0.0562257 -0.00814779 0)
(0.0501589 -0.00665636 0)
(0.0447413 -0.00533233 0)
(0.0400691 -0.0042328 0)
(0.0361678 -0.00337313 0)
(0.0330039 -0.0027313 0)
(0.0305054 -0.00226203 0)
(0.0285834 -0.0019128 0)
(0.027148 -0.0016357 0)
(0.0261176 -0.00139313 0)
(0.0254242 -0.00115858 0)
(0.0250136 -0.000914788 0)
(0.0248449 -0.000651038 0)
(0.0248877 -0.000360894 0)
(0.02512 -4.06749e-05 0)
(0.0255256 0.000311347 0)
(0.0260926 0.000695296 0)
(0.0268115 0.00110985 0)
(0.0276744 0.00155238 0)
(0.0286745 0.00201908 0)
(0.0298052 0.00250517 0)
(0.03106 0.00300505 0)
(0.0324323 0.00351252 0)
(0.0339148 0.00402089 0)
(0.0355 0.00452311 0)
(0.0371792 0.00501187 0)
(0.0389431 0.00547966 0)
(0.0407813 0.00591885 0)
(0.0426822 0.00632171 0)
(0.0446331 0.00668054 0)
(0.0466199 0.00698772 0)
(0.0486274 0.00723585 0)
(0.050639 0.0074179 0)
(0.0526369 0.00752744 0)
(0.0546022 0.00755892 0)
(0.0565155 0.00750794 0)
(0.0583565 0.00737166 0)
(0.0601052 0.00714913 0)
(0.0617421 0.00684167 0)
(0.0632487 0.00645313 0)
(0.0646082 0.00599006 0)
(0.0658063 0.00546174 0)
(0.0668314 0.00488 0)
(0.0676755 0.00425883 0)
(0.0683338 0.00361389 0)
(0.0688054 0.00296181 0)
(0.0690931 0.00231946 0)
(0.0692033 0.00170313 0)
(0.0691462 0.00112781 0)
(0.0689352 0.000606447 0)
(0.0685869 0.00014943 0)
(0.0681207 -0.000235874 0)
(0.0675584 -0.000545342 0)
(0.0669232 -0.000778115 0)
(0.0662392 -0.000936405 0)
(0.0655302 -0.00102509 0)
(0.0648188 -0.00105116 0)
(0.0641253 -0.00102308 0)
(0.063467 -0.000950205 0)
(0.0628578 -0.000842196 0)
(0.0623076 -0.000708631 0)
(0.0618232 -0.000558674 0)
(0.0614076 -0.000400827 0)
(0.0610616 -0.000242735 0)
(0.0607832 -9.10266e-05 0)
(0.0605688 4.88186e-05 0)
(0.0604136 0.000172544 0)
(0.0603117 0.000277143 0)
(0.0602565 0.000360822 0)
(0.0602412 0.000422919 0)
(0.0602589 0.000463777 0)
(0.0603026 0.000484597 0)
(0.0603658 0.000487268 0)
(0.0604424 0.000474203 0)
(0.0605267 0.000448159 0)
(0.0606138 0.000412077 0)
(0.0606996 0.000368916 0)
(0.0607808 0.000321511 0)
(0.0608548 0.000272449 0)
(0.06092 0.000223974 0)
(0.0609755 0.000177919 0)
(0.0610211 0.000135675 0)
(0.0610571 9.81944e-05 0)
(0.0610841 6.60119e-05 0)
(0.0611031 3.92997e-05 0)
(0.0611154 1.79288e-05 0)
(0.061122 1.53976e-06 0)
(0.0611244 -1.03866e-05 0)
(0.0611234 -1.84637e-05 0)
(0.0611202 -2.33431e-05 0)
(0.0611155 -2.56688e-05 0)
(0.0611101 -2.60437e-05 0)
(0.0611044 -2.50067e-05 0)
(0.0610988 -2.302e-05 0)
(0.0610936 -2.04646e-05 0)
(0.061089 -1.76414e-05 0)
(0.061085 -1.47776e-05 0)
(0.0610817 -1.20349e-05 0)
(0.061079 -9.52009e-06 0)
(0.0610768 -7.29528e-06 0)
(0.0610752 -5.38779e-06 0)
(0.061074 -3.79931e-06 0)
(0.0610732 -2.51372e-06 0)
(0.0610726 -1.50345e-06 0)
(0.0610723 -7.34726e-07 0)
(0.0610722 -1.71336e-07 0)
(0.0610721 2.22506e-07 0)
(0.0610722 4.80311e-07 0)
(0.0610723 6.32166e-07 0)
(0.0610724 7.04163e-07 0)
(0.0610726 7.18243e-07 0)
(0.0610728 6.92327e-07 0)
(0.0610729 6.40645e-07 0)
(0.061073 5.74156e-07 0)
(0.0610732 5.01027e-07 0)
(0.0610733 4.27103e-07 0)
(0.0610734 3.56357e-07 0)
(0.0610734 2.91296e-07 0)
(0.0610735 2.33308e-07 0)
(0.0610735 1.82961e-07 0)
(0.0610736 1.40244e-07 0)
(0.0610736 1.04763e-07 0)
(0.0610736 7.58837e-08 0)
(0.0610736 5.28495e-08 0)
(0.0610736 3.48598e-08 0)
(0.0610736 2.11264e-08 0)
(0.0610736 1.09102e-08 0)
(0.0610736 3.54268e-09 0)
(0.0610736 -1.56359e-09 0)
(0.0610736 -4.91211e-09 0)
(0.0610736 -6.92513e-09 0)
(0.0610736 -7.9496e-09 0)
(0.0610736 -8.26496e-09 0)
(0.0610736 -8.09191e-09 0)
(0.0610736 -7.60106e-09 0)
(0.0610736 -6.92139e-09 0)
(0.0610736 -6.1478e-09 0)
(0.0610736 -5.34795e-09 0)
(0.0610736 -4.56811e-09 0)
(0.0610736 -3.83809e-09 0)
(0.0610736 -3.17533e-09 0)
(0.0610736 -2.58823e-09 0)
(0.0610736 -2.07882e-09 0)
(0.0610736 -1.64476e-09 0)
(0.0610736 -1.28098e-09 0)
(0.0610736 -9.80808e-10 0)
(0.0610736 -7.36867e-10 0)
(0.0610736 -5.41641e-10 0)
(0.0610736 -3.87894e-10 0)
(0.0610736 -2.68926e-10 0)
(0.0610736 -1.78708e-10 0)
(0.0610736 -1.11952e-10 0)
(0.0610736 -6.41275e-11 0)
(0.0610736 -3.13974e-11 0)
(0.0610736 -1.06686e-11 0)
(0.0610736 7.28055e-13 0)
(0.0610736 3.91299e-12 0)
(0.0610736 2.22101e-12 0)
(0.145974 -0.0016432 0)
(0.14559 -0.00202082 0)
(0.145123 -0.00238138 0)
(0.144586 -0.00271025 0)
(0.143994 -0.00300465 0)
(0.143352 -0.00326785 0)
(0.142663 -0.0035056 0)
(0.141926 -0.00372451 0)
(0.141141 -0.0039313 0)
(0.140306 -0.00413256 0)
(0.139418 -0.00433462 0)
(0.138475 -0.00454352 0)
(0.137472 -0.00476496 0)
(0.136405 -0.00500423 0)
(0.135267 -0.0052661 0)
(0.134052 -0.00555478 0)
(0.132751 -0.00587371 0)
(0.131352 -0.00622543 0)
(0.129843 -0.00661141 0)
(0.12821 -0.0070319 0)
(0.126435 -0.00748569 0)
(0.1245 -0.00797 0)
(0.122384 -0.00848015 0)
(0.120064 -0.00900933 0)
(0.117513 -0.00954807 0)
(0.114703 -0.0100837 0)
(0.111604 -0.0105997 0)
(0.108179 -0.0110747 0)
(0.10439 -0.0114828 0)
(0.100194 -0.0117939 0)
(0.095549 -0.0119759 0)
(0.0904221 -0.0119968 0)
(0.0847987 -0.0118264 0)
(0.0786931 -0.0114364 0)
(0.0721597 -0.0108025 0)
(0.0653057 -0.00991522 0)
(0.058298 -0.00880009 0)
(0.0513519 -0.00752914 0)
(0.0447022 -0.00621067 0)
(0.0385696 -0.00496285 0)
(0.0331263 -0.00388476 0)
(0.0284681 -0.00303403 0)
(0.0246043 -0.0024182 0)
(0.0214755 -0.00200325 0)
(0.0189835 -0.00173353 0)
(0.0170176 -0.0015525 0)
(0.0154724 -0.00141742 0)
(0.0142578 -0.0013046 0)
(0.0133038 -0.00120539 0)
(0.0125603 -0.00111792 0)
(0.0119938 -0.00103989 0)
(0.0115832 -0.000965623 0)
(0.0113152 -0.000886551 0)
(0.0111816 -0.000793179 0)
(0.0111774 -0.000676928 0)
(0.0113001 -0.000531218 0)
(0.0115483 -0.000351842 0)
(0.011922 -0.000136885 0)
(0.0124215 0.000113563 0)
(0.0130473 0.000397763 0)
(0.0137999 0.000712665 0)
(0.0146791 0.00105421 0)
(0.0156838 0.0014176 0)
(0.0168122 0.00179749 0)
(0.0180613 0.00218814 0)
(0.0194268 0.00258356 0)
(0.0209035 0.0029776 0)
(0.0224847 0.00336399 0)
(0.0241626 0.00373642 0)
(0.0259279 0.00408855 0)
(0.0277701 0.00441409 0)
(0.0296772 0.00470685 0)
(0.0316359 0.00496077 0)
(0.0336315 0.00517006 0)
(0.0356481 0.00532932 0)
(0.0376684 0.00543366 0)
(0.039674 0.00547893 0)
(0.0416457 0.00546195 0)
(0.0435636 0.00538074 0)
(0.0454077 0.00523481 0)
(0.0471582 0.00502539 0)
(0.048796 0.00475562 0)
(0.0503037 0.00443067 0)
(0.0516657 0.00405774 0)
(0.0528693 0.00364588 0)
(0.0539049 0.00320574 0)
(0.0547666 0.0027491 0)
(0.0554525 0.00228831 0)
(0.0559648 0.00183573 0)
(0.05631 0.00140301 0)
(0.0564983 0.00100059 0)
(0.0565436 0.000637147 0)
(0.0564626 0.000319286 0)
(0.0562745 5.13794e-05 0)
(0.0559994 -0.000164435 0)
(0.0556586 -0.00032809 0)
(0.0552725 -0.000441337 0)
(0.0548609 -0.000507447 0)
(0.0544418 -0.000530922 0)
(0.054031 -0.000517215 0)
(0.0536423 -0.000472477 0)
(0.0532865 -0.000403297 0)
(0.0529721 -0.000316435 0)
(0.052705 -0.000218535 0)
(0.0524887 -0.000115854 0)
(0.0523241 -1.40181e-05 0)
(0.0522105 8.21722e-05 0)
(0.052145 0.000168862 0)
(0.0521235 0.000243199 0)
(0.0521407 0.00030332 0)
(0.0521906 0.000348295 0)
(0.0522667 0.000378026 0)
(0.0523626 0.000393132 0)
(0.0524719 0.000394807 0)
(0.0525888 0.000384689 0)
(0.0527079 0.000364721 0)
(0.0528247 0.000337014 0)
(0.0529353 0.000303727 0)
(0.0530369 0.000266956 0)
(0.0531274 0.000228636 0)
(0.0532058 0.00019047 0)
(0.0532714 0.000153875 0)
(0.0533245 0.000119952 0)
(0.0533658 8.94865e-05 0)
(0.0533964 6.29558e-05 0)
(0.0534176 4.05652e-05 0)
(0.0534309 2.22879e-05 0)
(0.0534378 7.91357e-06 0)
(0.0534396 -2.90141e-06 0)
(0.0534378 -1.05868e-05 0)
(0.0534334 -1.5616e-05 0)
(0.0534274 -1.8471e-05 0)
(0.0534205 -1.96149e-05 0)
(0.0534135 -1.94721e-05 0)
(0.0534066 -1.84159e-05 0)
(0.0534002 -1.67625e-05 0)
(0.0533945 -1.47692e-05 0)
(0.0533896 -1.26371e-05 0)
(0.0533855 -1.0516e-05 0)
(0.0533821 -8.5113e-06 0)
(0.0533795 -6.69064e-06 0)
(0.0533774 -5.09177e-06 0)
(0.0533759 -3.72922e-06 0)
(0.0533749 -2.60052e-06 0)
(0.0533742 -1.69155e-06 0)
(0.0533737 -9.80833e-07 0)
(0.0533735 -4.43067e-07 0)
(0.0533735 -5.16637e-08 0)
(0.0533735 2.19364e-07 0)
(0.0533737 3.94166e-07 0)
(0.0533738 4.94314e-07 0)
(0.053374 5.3844e-07 0)
(0.0533742 5.42167e-07 0)
(0.0533744 5.1822e-07 0)
(0.0533746 4.76676e-07 0)
(0.0533747 4.25276e-07 0)
(0.0533749 3.69768e-07 0)
(0.053375 3.14248e-07 0)
(0.0533751 2.6148e-07 0)
(0.0533751 2.13189e-07 0)
(0.0533752 1.70306e-07 0)
(0.0533752 1.33182e-07 0)
(0.0533753 1.01763e-07 0)
(0.0533753 7.5724e-08 0)
(0.0533753 5.45751e-08 0)
(0.0533753 3.77433e-08 0)
(0.0533753 2.46288e-08 0)
(0.0533754 1.46448e-08 0)
(0.0533754 7.24295e-09 0)
(0.0533754 1.92897e-09 0)
(0.0533754 -1.73066e-09 0)
(0.0533754 -4.10688e-09 0)
(0.0533754 -5.51031e-09 0)
(0.0533753 -6.19584e-09 0)
(0.0533753 -6.36847e-09 0)
(0.0533753 -6.18988e-09 0)
(0.0533753 -5.78487e-09 0)
(0.0533753 -5.24755e-09 0)
(0.0533753 -4.64702e-09 0)
(0.0533753 -4.03235e-09 0)
(0.0533753 -3.43691e-09 0)
(0.0533753 -2.88203e-09 0)
(0.0533753 -2.37999e-09 0)
(0.0533753 -1.93646e-09 0)
(0.0533753 -1.55249e-09 0)
(0.0533753 -1.22596e-09 0)
(0.0533753 -9.52789e-10 0)
(0.0533753 -7.27788e-10 0)
(0.0533753 -5.45259e-10 0)
(0.0533753 -3.99464e-10 0)
(0.0533753 -2.84898e-10 0)
(0.0533753 -1.96483e-10 0)
(0.0533753 -1.29668e-10 0)
(0.0533753 -8.04618e-11 0)
(0.0533753 -4.54607e-11 0)
(0.0533753 -2.1789e-11 0)
(0.0533753 -7.18958e-12 0)
(0.0533753 6.55514e-13 0)
(0.0533753 1.59778e-12 0)
(0.0533753 -3.03597e-13 0)
(0.126545 -0.00134378 0)
(0.125989 -0.00162669 0)
(0.12532 -0.00189732 0)
(0.124544 -0.00214266 0)
(0.123671 -0.00235841 0)
(0.122708 -0.0025463 0)
(0.12166 -0.00271125 0)
(0.12053 -0.00285948 0)
(0.119322 -0.00299745 0)
(0.118035 -0.00313132 0)
(0.11667 -0.00326673 0)
(0.115224 -0.00340874 0)
(0.113694 -0.00356183 0)
(0.112074 -0.00372984 0)
(0.110355 -0.00391599 0)
(0.108527 -0.00412269 0)
(0.106577 -0.00435147 0)
(0.10449 -0.00460283 0)
(0.102249 -0.00487601 0)
(0.0998323 -0.00516887 0)
(0.0972178 -0.00547766 0)
(0.0943806 -0.00579675 0)
(0.091294 -0.00611826 0)
(0.0879298 -0.00643143 0)
(0.0842595 -0.00672166 0)
(0.0802559 -0.00696914 0)
(0.0758956 -0.00714751 0)
(0.071164 -0.00722396 0)
(0.0660619 -0.00716292 0)
(0.0606147 -0.00693453 0)
(0.0548807 -0.00652523 0)
(0.0489553 -0.00594553 0)
(0.0429729 -0.00523096 0)
(0.037109 -0.00443602 0)
(0.0315717 -0.00362684 0)
(0.0265608 -0.00287509 0)
(0.0222049 -0.00224423 0)
(0.0185316 -0.00176996 0)
(0.0154935 -0.0014513 0)
(0.0130107 -0.00125516 0)
(0.0109952 -0.00112941 0)
(0.00935886 -0.00102402 0)
(0.008019 -0.000911912 0)
(0.00690549 -0.000794236 0)
(0.00596554 -0.00068815 0)
(0.00516298 -0.000610582 0)
(0.00447394 -0.000569497 0)
(0.00388155 -0.000563453 0)
(0.00337212 -0.00058473 0)
(0.00293392 -0.000622506 0)
(0.00255782 -0.000665209 0)
(0.00223856 -0.000702129 0)
(0.00197532 -0.000724397 0)
(0.0017715 -0.000725332 0)
(0.00163375 -0.000700332 0)
(0.00157085 -0.000646545 0)
(0.00159254 -0.000562523 0)
(0.00170869 -0.000447972 0)
(0.00192854 -0.000303584 0)
(0.00226029 -0.000130921 0)
(0.00271072 6.76833e-05 0)
(0.00328502 0.000289233 0)
(0.00398669 0.000530182 0)
(0.00481746 0.000786551 0)
(0.00577729 0.00105404 0)
(0.00686443 0.00132812 0)
(0.00807538 0.00160412 0)
(0.009405 0.00187728 0)
(0.0108465 0.00214284 0)
(0.0123915 0.00239603 0)
(0.01403 0.00263215 0)
(0.0157505 0.00284664 0)
(0.01754 0.00303507 0)
(0.0193841 0.00319327 0)
(0.0212671 0.00331739 0)
(0.0231719 0.00340402 0)
(0.0250803 0.00345034 0)
(0.0269736 0.00345422 0)
(0.0288321 0.00341446 0)
(0.0306362 0.00333088 0)
(0.0323664 0.00320452 0)
(0.034004 0.00303772 0)
(0.0355317 0.00283419 0)
(0.0369339 0.00259895 0)
(0.0381978 0.00233823 0)
(0.0393133 0.00205925 0)
(0.0402739 0.00176989 0)
(0.0410766 0.00147833 0)
(0.0417225 0.00119267 0)
(0.0422163 0.000920511 0)
(0.0425665 0.000668596 0)
(0.0427845 0.000442539 0)
(0.0428848 0.000246595 0)
(0.0428836 8.3543e-05 0)
(0.0427988 -4.53605e-05 0)
(0.0426489 -0.000140336 0)
(0.0424523 -0.000202956 0)
(0.0422269 -0.00023595 0)
(0.0419892 -0.000242939 0)
(0.0417542 -0.000228143 0)
(0.0415344 -0.000196081 0)
(0.0413402 -0.000151304 0)
(0.0411792 -9.81753e-05 0)
(0.0410563 -4.07075e-05 0)
(0.0409741 1.75463e-05 0)
(0.0409326 7.35591e-05 0)
(0.0409302 0.000124867 0)
(0.0409633 0.00016958 0)
(0.0410274 0.000206376 0)
(0.0411173 0.000234477 0)
(0.041227 0.000253605 0)
(0.0413508 0.000263931 0)
(0.041483 0.000266003 0)
(0.0416183 0.000260671 0)
(0.041752 0.000249007 0)
(0.0418802 0.000232223 0)
(0.0419997 0.000211597 0)
(0.0421081 0.000188397 0)
(0.0422039 0.000163823 0)
(0.0422864 0.000138957 0)
(0.0423552 0.000114725 0)
(0.042411 9.18786e-05 0)
(0.0424545 7.09813e-05 0)
(0.0424869 5.2414e-05 0)
(0.0425097 3.63872e-05 0)
(0.0425243 2.29615e-05 0)
(0.0425323 1.20733e-05 0)
(0.0425351 3.56227e-06 0)
(0.0425339 -2.8004e-06 0)
(0.04253 -7.28634e-06 0)
(0.0425242 -1.01869e-05 0)
(0.0425175 -1.17942e-05 0)
(0.0425103 -1.23864e-05 0)
(0.0425033 -1.2217e-05 0)
(0.0424967 -1.15087e-05 0)
(0.0424907 -1.04496e-05 0)
(0.0424854 -9.19298e-06 0)
(0.0424809 -7.85869e-06 0)
(0.0424772 -6.53622e-06 0)
(0.0424742 -5.28848e-06 0)
(0.0424719 -4.15607e-06 0)
(0.0424701 -3.16161e-06 0)
(0.0424688 -2.31375e-06 0)
(0.0424679 -1.61091e-06 0)
(0.0424674 -1.04439e-06 0)
(0.0424671 -6.01029e-07 0)
(0.0424669 -2.65269e-07 0)
(0.0424669 -2.07265e-08 0)
(0.042467 1.48652e-07 0)
(0.0424672 2.57829e-07 0)
(0.0424673 3.20205e-07 0)
(0.0424675 3.47391e-07 0)
(0.0424677 3.49149e-07 0)
(0.0424679 3.33454e-07 0)
(0.0424681 3.06641e-07 0)
(0.0424682 2.73589e-07 0)
(0.0424683 2.37933e-07 0)
(0.0424684 2.02271e-07 0)
(0.0424685 1.68365e-07 0)
(0.0424686 1.37314e-07 0)
(0.0424687 1.09721e-07 0)
(0.0424687 8.58148e-08 0)
(0.0424687 6.55663e-08 0)
(0.0424688 4.87719e-08 0)
(0.0424688 3.5122e-08 0)
(0.0424688 2.42517e-08 0)
(0.0424688 1.57779e-08 0)
(0.0424688 9.32462e-09 0)
(0.0424688 4.53997e-09 0)
(0.0424688 1.10584e-09 0)
(0.0424688 -1.25714e-09 0)
(0.0424688 -2.78848e-09 0)
(0.0424688 -3.68903e-09 0)
(0.0424688 -4.12383e-09 0)
(0.0424688 -4.22582e-09 0)
(0.0424688 -4.09995e-09 0)
(0.0424688 -3.82733e-09 0)
(0.0424688 -3.46919e-09 0)
(0.0424688 -3.07051e-09 0)
(0.0424688 -2.66328e-09 0)
(0.0424688 -2.26923e-09 0)
(0.0424688 -1.90227e-09 0)
(0.0424688 -1.57039e-09 0)
(0.0424688 -1.27728e-09 0)
(0.0424688 -1.02358e-09 0)
(0.0424688 -8.07885e-10 0)
(0.0424688 -6.27478e-10 0)
(0.0424688 -4.78926e-10 0)
(0.0424688 -3.58467e-10 0)
(0.0424688 -2.62309e-10 0)
(0.0424688 -1.86815e-10 0)
(0.0424688 -1.28635e-10 0)
(0.0424688 -8.47546e-11 0)
(0.0424688 -5.25534e-11 0)
(0.0424688 -2.9783e-11 0)
(0.0424688 -1.44651e-11 0)
(0.0424688 -5.4597e-12 0)
(0.0424688 -3.00454e-13 0)
(0.0424688 -6.23793e-13 0)
(0.0424688 -2.28144e-12 0)
(0.0880642 -0.000892187 0)
(0.087303 -0.00106785 0)
(0.0864059 -0.00122157 0)
(0.0853835 -0.00134558 0)
(0.0842503 -0.00143984 0)
(0.0830205 -0.00150945 0)
(0.0817061 -0.00156173 0)
(0.0803158 -0.00160407 0)
(0.078855 -0.00164285 0)
(0.0773259 -0.00168306 0)
(0.0757275 -0.00172841 0)
(0.074056 -0.00178149 0)
(0.0723048 -0.00184394 0)
(0.0704651 -0.00191657 0)
(0.0685257 -0.00199935 0)
(0.0664736 -0.00209133 0)
(0.0642942 -0.00219054 0)
(0.0619718 -0.00229389 0)
(0.0594902 -0.00239705 0)
(0.0568334 -0.00249442 0)
(0.0539871 -0.0025792 0)
(0.0509397 -0.00264355 0)
(0.0476849 -0.0026788 0)
(0.0442252 -0.00267587 0)
(0.0405755 -0.0026257 0)
(0.0367696 -0.00251984 0)
(0.0328659 -0.00235153 0)
(0.0289494 -0.00211826 0)
(0.0251256 -0.00182681 0)
(0.0215009 -0.00149778 0)
(0.0181606 -0.00116463 0)
(0.0151552 -0.000868973 0)
(0.0125005 -0.000655191 0)
(0.0101906 -0.000554895 0)
(0.00821365 -0.000558349 0)
(0.00655441 -0.00060408 0)
(0.005184 -0.000615246 0)
(0.00405879 -0.000552492 0)
(0.00312983 -0.000430026 0)
(0.00235272 -0.000289877 0)
(0.00169388 -0.00016964 0)
(0.00113218 -8.84324e-05 0)
(0.000654591 -4.92721e-05 0)
(0.000248836 -4.60579e-05 0)
(-0.000101136 -6.86763e-05 0)
(-0.000414325 -0.000106388 0)
(-0.000709218 -0.000150576 0)
(-0.00100095 -0.000196264 0)
(-0.00130014 -0.000241724 0)
(-0.00161267 -0.00028679 0)
(-0.00193997 -0.000331158 0)
(-0.00227924 -0.000373505 0)
(-0.00262403 -0.00041145 0)
(-0.00296487 -0.000441983 0)
(-0.00329007 -0.000461993 0)
(-0.0035864 -0.00046868 0)
(-0.00383984 -0.00045982 0)
(-0.0040362 -0.000433894 0)
(-0.00416162 -0.000390129 0)
(-0.00420315 -0.000328479 0)
(-0.00414907 -0.000249564 0)
(-0.00398931 -0.000154595 0)
(-0.00371559 -4.5279e-05 0)
(-0.0033217 7.62776e-05 0)
(-0.00280347 0.000207657 0)
(-0.00215893 0.000346213 0)
(-0.0013882 0.000489143 0)
(-0.000493555 0.000633549 0)
(0.000520708 0.000776486 0)
(0.00164828 0.000915007 0)
(0.00288091 0.0010462 0)
(0.00420854 0.00116725 0)
(0.00561931 0.00127543 0)
(0.00709973 0.00136822 0)
(0.0086348 0.00144329 0)
(0.0102081 0.00149866 0)
(0.0118022 0.00153267 0)
(0.0133987 0.00154418 0)
(0.0149785 0.00153256 0)
(0.0165225 0.00149786 0)
(0.0180117 0.00144083 0)
(0.0194282 0.00136299 0)
(0.020755 0.00126664 0)
(0.0219773 0.00115479 0)
(0.0230828 0.00103111 0)
(0.024062 0.000899712 0)
(0.0249088 0.000765001 0)
(0.0256208 0.000631382 0)
(0.0261994 0.000503018 0)
(0.0266495 0.000383586 0)
(0.0269794 0.000276058 0)
(0.0272003 0.00018257 0)
(0.0273258 0.000104356 0)
(0.0273711 4.17831e-05 0)
(0.0273522 -5.54452e-06 0)
(0.0272854 -3.86259e-05 0)
(0.0271861 -5.88813e-05 0)
(0.027069 -6.7979e-05 0)
(0.0269467 -6.76921e-05 0)
(0.0268301 -5.97973e-05 0)
(0.0267279 -4.60119e-05 0)
(0.0266465 -2.79613e-05 0)
(0.0265903 -7.16159e-06 0)
(0.0265615 1.4992e-05 0)
(0.0265609 3.724e-05 0)
(0.0265875 5.84778e-05 0)
(0.0266393 7.77763e-05 0)
(0.0267131 9.44012e-05 0)
(0.0268052 0.000107824 0)
(0.0269115 0.000117727 0)
(0.0270276 0.000123991 0)
(0.0271494 0.000126681 0)
(0.0272729 0.000126019 0)
(0.0273944 0.000122352 0)
(0.0275108 0.000116122 0)
(0.0276198 0.000107828 0)
(0.0277192 9.7996e-05 0)
(0.027808 8.71515e-05 0)
(0.0278853 7.57915e-05 0)
(0.0279509 6.43662e-05 0)
(0.0280052 5.32637e-05 0)
(0.0280486 4.28009e-05 0)
(0.0280822 3.32182e-05 0)
(0.0281071 2.46808e-05 0)
(0.0281243 1.72827e-05 0)
(0.0281352 1.10542e-05 0)
(0.0281409 5.97178e-06 0)
(0.0281426 1.96951e-06 0)
(0.0281413 -1.05004e-06 0)
(0.0281379 -3.20459e-06 0)
(0.0281331 -4.62235e-06 0)
(0.0281276 -5.43353e-06 0)
(0.0281217 -5.76367e-06 0)
(0.028116 -5.72859e-06 0)
(0.0281106 -5.4311e-06 0)
(0.0281057 -4.95912e-06 0)
(0.0281014 -4.38514e-06 0)
(0.0280977 -3.76659e-06 0)
(0.0280946 -3.14696e-06 0)
(0.0280921 -2.55737e-06 0)
(0.0280902 -2.01843e-06 0)
(0.0280887 -1.54214e-06 0)
(0.0280876 -1.13371e-06 0)
(0.0280869 -7.93307e-07 0)
(0.0280864 -5.17508e-07 0)
(0.0280861 -3.00566e-07 0)
(0.028086 -1.35421e-07 0)
(0.028086 -1.44762e-08 0)
(0.028086 6.98253e-08 0)
(0.0280862 1.24607e-07 0)
(0.0280863 1.56309e-07 0)
(0.0280865 1.70556e-07 0)
(0.0280866 1.72109e-07 0)
(0.0280868 1.64884e-07 0)
(0.0280869 1.5201e-07 0)
(0.028087 1.35915e-07 0)
(0.0280872 1.18415e-07 0)
(0.0280873 1.00821e-07 0)
(0.0280873 8.4027e-08 0)
(0.0280874 6.86e-08 0)
(0.0280874 5.48554e-08 0)
(0.0280875 4.29219e-08 0)
(0.0280875 3.2796e-08 0)
(0.0280875 2.43846e-08 0)
(0.0280876 1.75396e-08 0)
(0.0280876 1.20833e-08 0)
(0.0280876 7.82709e-09 0)
(0.0280876 4.58478e-09 0)
(0.0280876 2.18119e-09 0)
(0.0280876 4.57374e-10 0)
(0.0280876 -7.26682e-10 0)
(0.0280876 -1.49131e-09 0)
(0.0280876 -1.93765e-09 0)
(0.0280876 -2.14897e-09 0)
(0.0280876 -2.19241e-09 0)
(0.0280876 -2.12108e-09 0)
(0.0280876 -1.97604e-09 0)
(0.0280876 -1.78831e-09 0)
(0.0280876 -1.5807e-09 0)
(0.0280876 -1.36939e-09 0)
(0.0280876 -1.16542e-09 0)
(0.0280876 -9.75781e-10 0)
(0.0280876 -8.04505e-10 0)
(0.0280876 -6.53414e-10 0)
(0.0280876 -5.2278e-10 0)
(0.0280876 -4.1184e-10 0)
(0.0280876 -3.1916e-10 0)
(0.0280876 -2.42948e-10 0)
(0.0280876 -1.81249e-10 0)
(0.0280876 -1.32092e-10 0)
(0.0280876 -9.35977e-11 0)
(0.0280876 -6.40253e-11 0)
(0.0280876 -4.18279e-11 0)
(0.0280876 -2.56199e-11 0)
(0.0280876 -1.43529e-11 0)
(0.0280876 -6.71469e-12 0)
(0.0280876 -2.7191e-12 0)
(0.0280876 -8.05896e-14 0)
(0.0280876 -4.09694e-13 0)
(0.0280876 -2.06975e-12 0)
(0.0324926 -0.000265409 0)
(0.0318213 -0.00029373 0)
(0.0310743 -0.000301466 0)
(0.0302768 -0.000292431 0)
(0.0294485 -0.000273863 0)
(0.028601 -0.000253155 0)
(0.0277388 -0.000235662 0)
(0.026862 -0.000224092 0)
(0.0259678 -0.000218991 0)
(0.0250523 -0.000219572 0)
(0.024111 -0.000224454 0)
(0.0231391 -0.000232099 0)
(0.0221319 -0.000240991 0)
(0.0210849 -0.000249634 0)
(0.0199945 -0.000256469 0)
(0.0188584 -0.000259803 0)
(0.0176761 -0.000257777 0)
(0.0164496 -0.000248422 0)
(0.015184 -0.000229837 0)
(0.0138875 -0.000200504 0)
(0.0125721 -0.000159768 0)
(0.0112525 -0.000108489 0)
(0.00994581 -4.98342e-05 0)
(0.00866933 9.89788e-06 0)
(0.00743902 6.08286e-05 0)
(0.00626754 9.03329e-05 0)
(0.00516389 8.6524e-05 0)
(0.0041357 4.48524e-05 0)
(0.00319331 -2.5268e-05 0)
(0.00235196 -0.000100282 0)
(0.00162956 -0.000151961 0)
(0.00103974 -0.000161227 0)
(0.000580842 -0.000127135 0)
(0.000227093 -6.50677e-05 0)
(-6.4245e-05 3.75848e-06 0)
(-0.000328282 6.20242e-05 0)
(-0.000572553 9.94117e-05 0)
(-0.00078196 0.000111999 0)
(-0.000940461 0.000101706 0)
(-0.00104621 7.58422e-05 0)
(-0.00111061 4.51163e-05 0)
(-0.00114936 1.96398e-05 0)
(-0.00117589 4.98477e-06 0)
(-0.00120018 9.87367e-07 0)
(-0.00122978 3.61312e-06 0)
(-0.00127065 7.88385e-06 0)
(-0.00132746 9.94856e-06 0)
(-0.00140388 7.7829e-06 0)
(-0.00150312 9.66214e-07 0)
(-0.00162803 -9.88001e-06 0)
(-0.00178083 -2.36405e-05 0)
(-0.00196251 -3.9102e-05 0)
(-0.00217234 -5.51698e-05 0)
(-0.00240765 -7.09366e-05 0)
(-0.00266373 -8.56592e-05 0)
(-0.0029341 -9.87044e-05 0)
(-0.00321074 -0.000109505 0)
(-0.00348444 -0.000117541 0)
(-0.00374523 -0.000122356 0)
(-0.0039827 -0.000123578 0)
(-0.00418648 -0.00012095 0)
(-0.00434653 -0.000114354 0)
(-0.00445355 -0.000103821 0)
(-0.00449926 -8.95281e-05 0)
(-0.00447663 -7.17919e-05 0)
(-0.00438008 -5.10479e-05 0)
(-0.00420564 -2.7832e-05 0)
(-0.00395101 -2.75902e-06 0)
(-0.00361566 2.34984e-05 0)
(-0.00320079 5.02299e-05 0)
(-0.00270936 7.67061e-05 0)
(-0.00214603 0.000102198 0)
(-0.00151712 0.000125995 0)
(-0.000830471 0.000147425 0)
(-9.53332e-05 0.000165879 0)
(0.000677784 0.000180828 0)
(0.00147734 0.000191852 0)
(0.00229099 0.000198664 0)
(0.00310594 0.000201129 0)
(0.00390924 0.000199283 0)
(0.00468826 0.000193343 0)
(0.00543104 0.000183705 0)
(0.00612678 0.000170923 0)
(0.00676625 0.00015568 0)
(0.00734216 0.00013874 0)
(0.00784944 0.000120892 0)
(0.00828541 0.00010289 0)
(0.00864981 8.53963e-05 0)
(0.0089447 6.89478e-05 0)
(0.00917416 5.39321e-05 0)
(0.00934402 4.05922e-05 0)
(0.00946132 2.90467e-05 0)
(0.00953391 1.93204e-05 0)
(0.00957 1.13759e-05 0)
(0.00957769 5.13879e-06 0)
(0.00956473 5.12055e-07 0)
(0.0095382 -2.61824e-06 0)
(0.0095044 -4.38343e-06 0)
(0.00946874 -4.93338e-06 0)
(0.00943571 -4.43549e-06 0)
(0.00940889 -3.07068e-06 0)
(0.00939098 -1.02723e-06 0)
(0.00938382 1.50586e-06 0)
(0.00938847 4.34474e-06 0)
(0.00940529 7.31557e-06 0)
(0.00943398 1.02586e-05 0)
(0.00947369 1.30316e-05 0)
(0.00952313 1.55137e-05 0)
(0.00958067 1.76079e-05 0)
(0.00964444 1.92435e-05 0)
(0.00971249 2.03771e-05 0)
(0.00978282 2.09921e-05 0)
(0.00985353 2.10974e-05 0)
(0.00992288 2.07238e-05 0)
(0.00998935 1.99206e-05 0)
(0.0100517 1.87513e-05 0)
(0.0101089 1.72885e-05 0)
(0.0101602 1.56098e-05 0)
(0.0102053 1.37936e-05 0)
(0.0102441 1.19146e-05 0)
(0.0102765 1.00413e-05 0)
(0.0103029 8.23317e-06 0)
(0.0103238 6.53882e-06 0)
(0.0103396 4.9953e-06 0)
(0.0103509 3.62784e-06 0)
(0.0103585 2.45042e-06 0)
(0.010363 1.46687e-06 0)
(0.0103649 6.72353e-07 0)
(0.0103649 5.51302e-08 0)
(0.0103635 -4.01596e-07 0)
(0.0103612 -7.17893e-07 0)
(0.0103583 -9.15458e-07 0)
(0.010355 -1.01622e-06 0)
(0.0103517 -1.04119e-06 0)
(0.0103486 -1.00968e-06 0)
(0.0103456 -9.38682e-07 0)
(0.010343 -8.42635e-07 0)
(0.0103407 -7.3331e-07 0)
(0.0103388 -6.19905e-07 0)
(0.0103372 -5.09256e-07 0)
(0.010336 -4.06119e-07 0)
(0.010335 -3.13497e-07 0)
(0.0103343 -2.32976e-07 0)
(0.0103337 -1.65044e-07 0)
(0.0103334 -1.09388e-07 0)
(0.0103332 -6.51433e-08 0)
(0.0103331 -3.11061e-08 0)
(0.010333 -5.90082e-09 0)
(0.0103331 1.18929e-08 0)
(0.0103331 2.36492e-08 0)
(0.0103332 3.06351e-08 0)
(0.0103333 3.39748e-08 0)
(0.0103334 3.46333e-08 0)
(0.0103335 3.34133e-08 0)
(0.0103336 3.09637e-08 0)
(0.0103337 2.77923e-08 0)
(0.0103338 2.42839e-08 0)
(0.0103338 2.07187e-08 0)
(0.0103339 1.72906e-08 0)
(0.0103339 1.41248e-08 0)
(0.0103339 1.12931e-08 0)
(0.010334 8.82731e-09 0)
(0.010334 6.73065e-09 0)
(0.010334 4.9867e-09 0)
(0.010334 3.56665e-09 0)
(0.010334 2.43485e-09 0)
(0.010334 1.55288e-09 0)
(0.010334 8.82389e-10 0)
(0.010334 3.87051e-10 0)
(0.010334 3.37495e-11 0)
(0.010334 -2.06795e-10 0)
(0.010334 -3.59817e-10 0)
(0.010334 -4.46561e-10 0)
(0.010334 -4.84529e-10 0)
(0.010334 -4.87857e-10 0)
(0.010334 -4.67704e-10 0)
(0.010334 -4.32697e-10 0)
(0.010334 -3.89337e-10 0)
(0.010334 -3.42382e-10 0)
(0.010334 -2.95201e-10 0)
(0.010334 -2.50056e-10 0)
(0.010334 -2.0837e-10 0)
(0.010334 -1.70934e-10 0)
(0.010334 -1.38075e-10 0)
(0.010334 -1.09802e-10 0)
(0.010334 -8.59029e-11 0)
(0.010334 -6.6037e-11 0)
(0.010334 -4.97866e-11 0)
(0.010334 -3.67045e-11 0)
(0.010334 -2.63534e-11 0)
(0.010334 -1.8311e-11 0)
(0.010334 -1.21919e-11 0)
(0.010334 -7.66274e-12 0)
(0.010334 -4.40106e-12 0)
(0.010334 -2.21181e-12 0)
(0.010334 -7.37487e-13 0)
(0.010334 -9.18125e-14 0)
(0.010334 3.69548e-13 0)
(0.010334 4.90557e-13 0)
(0.010334 -3.21695e-13 0)
)
;

boundaryField
{
    inlet
    {
        type            fixedProfile;
        profile         table
        
21
(
(0 (0 0 0))
(0.05 (0.0285 0 0))
(0.1 (0.054 0 0))
(0.15 (0.0765 0 0))
(0.2 (0.096 0 0))
(0.25 (0.1125 0 0))
(0.3 (0.126 0 0))
(0.35 (0.1365 0 0))
(0.4 (0.144 0 0))
(0.45 (0.1485 0 0))
(0.5 (0.15 0 0))
(0.55 (0.1485 0 0))
(0.6 (0.144 0 0))
(0.65 (0.1365 0 0))
(0.7 (0.126 0 0))
(0.75 (0.1125 0 0))
(0.8 (0.096 0 0))
(0.85 (0.0765 0 0))
(0.9 (0.054 0 0))
(0.95 (0.0285 0 0))
(1 (0 0 0))
)
;
        direction       (0 1 0);
        origin          1;
        value           nonuniform List<vector> 8((0.034875 0 0) (0.091125 0 0) (0.128625 0 0) (0.147375 0 0) (0.147375 0 0) (0.128625 0 0) (0.091125 0 0) (0.034875 0 0));
    }
    outlet
    {
        type            zeroGradient;
    }
    walls
    {
        type            noSlip;
    }
    symwall
    {
        type            empty;
    }
}


// ************************************************************************* //
