/*--------------------------------*- C++ -*----------------------------------*\
| =========                 |                                                 |
| \\      /  F ield         | OpenFOAM: The Open Source CFD Toolbox           |
|  \\    /   O peration     | Version:  4.1                                   |
|   \\  /    A nd           | Web:      www.OpenFOAM.org                      |
|    \\/     M anipulation  |                                                 |
\*---------------------------------------------------------------------------*/
FoamFile
{
    version     2.0;
    format      ascii;
    class       volVectorField;
    location    "198";
    object      U;
}
// * * * * * * * * * * * * * * * * * * * * * * * * * * * * * * * * * * * * * //

dimensions      [0 1 -1 0 0 0 0];

internalField   nonuniform List<vector> 
3264
(
(3.07038e-06 -5.44385e-06 0)
(-9.42009e-05 2.0561e-05 0)
(-0.000307573 3.73237e-05 0)
(-0.000558667 3.94305e-05 0)
(-0.000831866 4.07029e-05 0)
(-0.00111815 3.9269e-05 0)
(-0.00141209 3.98514e-05 0)
(-0.00171751 4.02884e-05 0)
(-0.00203263 4.20455e-05 0)
(-0.00236202 4.44407e-05 0)
(-0.00270718 4.81515e-05 0)
(-0.00307262 5.32051e-05 0)
(-0.00346152 6.00361e-05 0)
(-0.00387786 6.88574e-05 0)
(-0.00432458 7.99276e-05 0)
(-0.00480406 9.33392e-05 0)
(-0.00531725 0.000109049 0)
(-0.00586356 0.000126793 0)
(-0.00644045 0.000146076 0)
(-0.00704329 0.000166165 0)
(-0.00766527 0.000186117 0)
(-0.0082974 0.000204849 0)
(-0.00892878 0.000221215 0)
(-0.00954693 0.000234103 0)
(-0.0101382 0.000242526 0)
(-0.0106882 0.000245691 0)
(-0.0111827 0.000243045 0)
(-0.0116076 0.000234294 0)
(-0.0119498 0.000219398 0)
(-0.0121974 0.00019855 0)
(-0.01234 0.00017214 0)
(-0.0123692 0.000140723 0)
(-0.0122782 0.000104981 0)
(-0.0120625 6.5693e-05 0)
(-0.0117195 2.37087e-05 0)
(-0.0112486 -2.00742e-05 0)
(-0.0106515 -6.47274e-05 0)
(-0.00993162 -0.000109307 0)
(-0.00909449 -0.000152865 0)
(-0.00814754 -0.000194462 0)
(-0.0071 -0.000233179 0)
(-0.00596291 -0.000268128 0)
(-0.00474896 -0.00029847 0)
(-0.00347246 -0.000323432 0)
(-0.00214915 -0.000342329 0)
(-0.000796061 -0.000354588 0)
(0.000568658 -0.000359778 0)
(0.00192603 -0.000357642 0)
(0.00325652 -0.000348126 0)
(0.00454041 -0.000331413 0)
(0.00575825 -0.00030795 0)
(0.00689129 -0.000278467 0)
(0.00792207 -0.000243984 0)
(0.00883495 -0.000205803 0)
(0.00961679 -0.000165474 0)
(0.0102575 -0.000124732 0)
(0.0107505 -8.53902e-05 0)
(0.0110934 -4.92017e-05 0)
(0.011288 -1.76728e-05 0)
(0.0113409 8.13796e-06 0)
(0.0112625 2.78009e-05 0)
(0.0110675 4.16128e-05 0)
(0.0107733 5.05429e-05 0)
(0.0103996 5.59898e-05 0)
(0.00996729 5.93842e-05 0)
(0.00949677 6.17679e-05 0)
(0.00900708 6.35295e-05 0)
(0.00851441 6.44321e-05 0)
(0.00803126 6.39233e-05 0)
(0.00756611 6.15759e-05 0)
(0.00712398 5.74571e-05 0)
(0.00670727 5.22826e-05 0)
(0.00631667 4.7292e-05 0)
(0.00595154 4.38696e-05 0)
(0.00561011 4.30517e-05 0)
(0.00528966 4.5151e-05 0)
(0.00498711 4.96946e-05 0)
(0.00469973 5.56844e-05 0)
(0.00442577 6.19944e-05 0)
(0.00416482 6.76814e-05 0)
(0.003918 7.20999e-05 0)
(0.00368789 7.48563e-05 0)
(0.00347836 7.57054e-05 0)
(0.00329427 7.44693e-05 0)
(0.00314106 7.1009e-05 0)
(0.00302436 6.52353e-05 0)
(0.00294953 5.7136e-05 0)
(0.00292137 4.67984e-05 0)
(0.00294378 3.44181e-05 0)
(0.00301961 2.02932e-05 0)
(0.00315044 4.8078e-06 0)
(0.00333656 -1.15909e-05 0)
(0.00357689 -2.8416e-05 0)
(0.00386898 -4.51643e-05 0)
(0.00420907 -6.13355e-05 0)
(0.00459213 -7.64506e-05 0)
(0.00501197 -9.00668e-05 0)
(0.00546137 -0.000101792 0)
(0.00593225 -0.000111296 0)
(0.00641588 -0.000118325 0)
(0.0069031 -0.00012271 0)
(0.00738469 -0.000124375 0)
(0.00785161 -0.000123343 0)
(0.00829545 -0.000119736 0)
(0.00870869 -0.000113772 0)
(0.00908509 -0.000105758 0)
(0.00941993 -9.60735e-05 0)
(0.00971015 -8.51532e-05 0)
(0.00995444 -7.34618e-05 0)
(0.0101532 -6.14673e-05 0)
(0.0103083 -4.96141e-05 0)
(0.0104229 -3.82981e-05 0)
(0.0105012 -2.78476e-05 0)
(0.0105481 -1.85115e-05 0)
(0.0105686 -1.04551e-05 0)
(0.010568 -3.76294e-06 0)
(0.0105514 1.55375e-06 0)
(0.0105234 5.54609e-06 0)
(0.0104881 8.31497e-06 0)
(0.0104492 9.99795e-06 0)
(0.0104094 1.07564e-05 0)
(0.010371 1.07633e-05 0)
(0.0103357 1.01927e-05 0)
(0.0103046 9.21015e-06 0)
(0.0102783 7.96617e-06 0)
(0.0102569 6.59085e-06 0)
(0.0102404 5.19122e-06 0)
(0.0102284 3.85029e-06 0)
(0.0102204 2.62779e-06 0)
(0.0102158 1.56216e-06 0)
(0.0102141 6.73374e-07 0)
(0.0102146 -3.37238e-08 0)
(0.0102167 -5.65958e-07 0)
(0.0102199 -9.38468e-07 0)
(0.0102238 -1.17168e-06 0)
(0.010228 -1.28871e-06 0)
(0.0102323 -1.31325e-06 0)
(0.0102363 -1.26804e-06 0)
(0.01024 -1.1737e-06 0)
(0.0102433 -1.04813e-06 0)
(0.0102462 -9.06128e-07 0)
(0.0102485 -7.59402e-07 0)
(0.0102505 -6.16719e-07 0)
(0.010252 -4.84211e-07 0)
(0.0102531 -3.65754e-07 0)
(0.0102539 -2.63384e-07 0)
(0.0102545 -1.77698e-07 0)
(0.0102548 -1.08236e-07 0)
(0.010255 -5.38064e-08 0)
(0.0102551 -1.27699e-08 0)
(0.010255 1.67419e-08 0)
(0.0102549 3.66533e-08 0)
(0.0102548 4.88221e-08 0)
(0.0102546 5.49569e-08 0)
(0.0102544 5.65683e-08 0)
(0.0102543 5.49463e-08 0)
(0.0102541 5.11567e-08 0)
(0.010254 4.60524e-08 0)
(0.0102539 4.02922e-08 0)
(0.0102538 3.43656e-08 0)
(0.0102537 2.8619e-08 0)
(0.0102536 2.32816e-08 0)
(0.0102535 1.84902e-08 0)
(0.0102535 1.43106e-08 0)
(0.0102535 1.07569e-08 0)
(0.0102534 7.80667e-09 0)
(0.0102534 5.41421e-09 0)
(0.0102534 3.52004e-09 0)
(0.0102534 2.05849e-09 0)
(0.0102534 9.63141e-10 0)
(0.0102534 1.70452e-10 0)
(0.0102534 -3.77849e-10 0)
(0.0102534 -7.33489e-10 0)
(0.0102534 -9.41102e-10 0)
(0.0102534 -1.03825e-09 0)
(0.0102534 -1.05583e-09 0)
(0.0102534 -1.01862e-09 0)
(0.0102534 -9.46084e-10 0)
(0.0102534 -8.53083e-10 0)
(0.0102534 -7.5065e-10 0)
(0.0102534 -6.46685e-10 0)
(0.0102534 -5.46592e-10 0)
(0.0102534 -4.53827e-10 0)
(0.0102534 -3.70365e-10 0)
(0.0102534 -2.97093e-10 0)
(0.0102534 -2.34123e-10 0)
(0.0102534 -1.81041e-10 0)
(0.0102534 -1.37102e-10 0)
(0.0102534 -1.01377e-10 0)
(0.0102534 -7.28552e-11 0)
(0.0102534 -5.05237e-11 0)
(0.0102534 -3.34186e-11 0)
(0.0102534 -2.0649e-11 0)
(0.0102534 -1.14332e-11 0)
(0.0102534 -5.06681e-12 0)
(0.0102534 -9.9205e-13 0)
(0.0102534 1.29354e-12 0)
(0.0102534 2.26773e-12 0)
(0.0102534 1.60851e-12 0)
(0.0102534 1.90428e-12 0)
(-7.27602e-05 9.62196e-05 0)
(-0.000518971 0.00030794 0)
(-0.00118929 0.000447812 0)
(-0.00192867 0.000506838 0)
(-0.00270091 0.000546104 0)
(-0.00349305 0.000567471 0)
(-0.00429232 0.000589927 0)
(-0.00510494 0.000610668 0)
(-0.00592716 0.000635505 0)
(-0.00676528 0.000664264 0)
(-0.00762006 0.000699021 0)
(-0.00849539 0.000739773 0)
(-0.00939173 0.000786473 0)
(-0.0103088 0.000837993 0)
(-0.0112433 0.000892593 0)
(-0.0121893 0.000947777 0)
(-0.0131378 0.00100048 0)
(-0.0140772 0.00104719 0)
(-0.0149932 0.00108419 0)
(-0.0158696 0.00110776 0)
(-0.0166887 0.00111446 0)
(-0.0174321 0.00110133 0)
(-0.0180813 0.00106608 0)
(-0.0186187 0.00100721 0)
(-0.0190274 0.00092406 0)
(-0.0192925 0.00081681 0)
(-0.0194008 0.000686386 0)
(-0.0193411 0.000534377 0)
(-0.0191048 0.000362907 0)
(-0.0186851 0.000174518 0)
(-0.0180778 -2.79465e-05 0)
(-0.0172809 -0.000241433 0)
(-0.0162944 -0.000462756 0)
(-0.0151204 -0.000688653 0)
(-0.0137633 -0.000915831 0)
(-0.0122291 -0.00114099 0)
(-0.0105259 -0.00136085 0)
(-0.00866355 -0.00157216 0)
(-0.00665385 -0.00177172 0)
(-0.00451025 -0.00195637 0)
(-0.00224794 -0.00212306 0)
(0.000116168 -0.00226879 0)
(0.00256354 -0.00239073 0)
(0.00507405 -0.0024862 0)
(0.00762604 -0.00255274 0)
(0.0101965 -0.0025882 0)
(0.0127611 -0.00259076 0)
(0.0152945 -0.00255909 0)
(0.0177704 -0.00249239 0)
(0.0201623 -0.00239053 0)
(0.022443 -0.00225413 0)
(0.024586 -0.00208464 0)
(0.0265651 -0.00188443 0)
(0.0283553 -0.00165685 0)
(0.0299333 -0.00140626 0)
(0.0312779 -0.00113798 0)
(0.0323709 -0.000858317 0)
(0.0331971 -0.000574372 0)
(0.0337458 -0.000293935 0)
(0.0340109 -2.52139e-05 0)
(0.033992 0.000223513 0)
(0.0336953 0.00044435 0)
(0.0331343 0.000630377 0)
(0.0323305 0.000776365 0)
(0.0313133 0.000879589 0)
(0.0301193 0.000940573 0)
(0.0287908 0.000963475 0)
(0.027373 0.000955719 0)
(0.0259115 0.000926642 0)
(0.0244491 0.000885409 0)
(0.0230234 0.000839039 0)
(0.0216646 0.000791517 0)
(0.0203937 0.000744359 0)
(0.0192222 0.000697992 0)
(0.0181533 0.000652889 0)
(0.017185 0.000609831 0)
(0.0163122 0.00056951 0)
(0.0155302 0.000532007 0)
(0.0148352 0.000496511 0)
(0.014225 0.00046134 0)
(0.013699 0.000424189 0)
(0.0132581 0.000382546 0)
(0.0129045 0.000334134 0)
(0.0126409 0.000277295 0)
(0.0124709 0.000211194 0)
(0.012398 0.000135854 0)
(0.0124251 5.20502e-05 0)
(0.0125543 -3.88451e-05 0)
(0.0127865 -0.000135033 0)
(0.0131211 -0.00023443 0)
(0.0135558 -0.000334777 0)
(0.0140868 -0.000433729 0)
(0.0147087 -0.00052892 0)
(0.0154144 -0.000618015 0)
(0.0161951 -0.000698765 0)
(0.0170405 -0.000769048 0)
(0.017939 -0.000826929 0)
(0.0188776 -0.000870726 0)
(0.019842 -0.000899077 0)
(0.020817 -0.000911032 0)
(0.0217867 -0.000906138 0)
(0.022735 -0.000884524 0)
(0.0236459 -0.000846961 0)
(0.0245043 -0.000794884 0)
(0.0252963 -0.000730365 0)
(0.0260105 -0.000656021 0)
(0.0266382 -0.000574862 0)
(0.0271737 -0.00049009 0)
(0.0276153 -0.00040489 0)
(0.0279645 -0.000322209 0)
(0.0282263 -0.000244592 0)
(0.0284083 -0.000174059 0)
(0.0285203 -0.000112041 0)
(0.0285733 -5.93824e-05 0)
(0.0285787 -1.63737e-05 0)
(0.0285477 1.71716e-05 0)
(0.0284909 4.18286e-05 0)
(0.0284175 5.84619e-05 0)
(0.0283353 6.81289e-05 0)
(0.0282509 7.19892e-05 0)
(0.0281692 7.12271e-05 0)
(0.0280937 6.69869e-05 0)
(0.0280268 6.03243e-05 0)
(0.0279698 5.21719e-05 0)
(0.0279232 4.33188e-05 0)
(0.0278867 3.44019e-05 0)
(0.0278596 2.59076e-05 0)
(0.027841 1.81804e-05 0)
(0.0278295 1.14384e-05 0)
(0.027824 5.79188e-06 0)
(0.0278232 1.26315e-06 0)
(0.0278258 -2.19247e-06 0)
(0.027831 -4.6674e-06 0)
(0.0278377 -6.28427e-06 0)
(0.0278452 -7.18115e-06 0)
(0.0278529 -7.49951e-06 0)
(0.0278604 -7.37521e-06 0)
(0.0278675 -6.93212e-06 0)
(0.0278738 -6.2782e-06 0)
(0.0278792 -5.50363e-06 0)
(0.0278839 -4.68048e-06 0)
(0.0278877 -3.8636e-06 0)
(0.0278907 -3.09229e-06 0)
(0.027893 -2.39241e-06 0)
(0.0278947 -1.77874e-06 0)
(0.0278959 -1.2573e-06 0)
(0.0278967 -8.2755e-07 0)
(0.0278972 -4.84266e-07 0)
(0.0278974 -2.19238e-07 0)
(0.0278974 -2.25812e-08 0)
(0.0278972 1.16228e-07 0)
(0.027897 2.07585e-07 0)
(0.0278968 2.61227e-07 0)
(0.0278965 2.85908e-07 0)
(0.0278962 2.89221e-07 0)
(0.027896 2.77544e-07 0)
(0.0278957 2.56069e-07 0)
(0.0278955 2.28889e-07 0)
(0.0278953 1.99124e-07 0)
(0.0278952 1.69054e-07 0)
(0.027895 1.40261e-07 0)
(0.0278949 1.13767e-07 0)
(0.0278948 9.01537e-08 0)
(0.0278948 6.9674e-08 0)
(0.0278947 5.23414e-08 0)
(0.0278947 3.80061e-08 0)
(0.0278947 2.64153e-08 0)
(0.0278946 1.72589e-08 0)
(0.0278946 1.02044e-08 0)
(0.0278946 4.9209e-09 0)
(0.0278946 1.09593e-09 0)
(0.0278946 -1.55474e-09 0)
(0.0278946 -3.28161e-09 0)
(0.0278946 -4.29974e-09 0)
(0.0278946 -4.78932e-09 0)
(0.0278946 -4.89797e-09 0)
(0.0278947 -4.74394e-09 0)
(0.0278947 -4.41977e-09 0)
(0.0278947 -3.99612e-09 0)
(0.0278947 -3.52537e-09 0)
(0.0278947 -3.04508e-09 0)
(0.0278947 -2.58097e-09 0)
(0.0278947 -2.14956e-09 0)
(0.0278947 -1.76038e-09 0)
(0.0278947 -1.41784e-09 0)
(0.0278947 -1.12267e-09 0)
(0.0278947 -8.7312e-10 0)
(0.0278947 -6.6587e-10 0)
(0.0278947 -4.96709e-10 0)
(0.0278947 -3.61029e-10 0)
(0.0278947 -2.54184e-10 0)
(0.0278947 -1.71735e-10 0)
(0.0278947 -1.09581e-10 0)
(0.0278947 -6.40829e-11 0)
(0.0278947 -3.199e-11 0)
(0.0278947 -1.0693e-11 0)
(0.0278947 2.2631e-12 0)
(0.0278947 8.71196e-12 0)
(0.0278947 8.98368e-12 0)
(0.0278947 8.39583e-12 0)
(-0.000173792 0.000572649 0)
(-0.0010136 0.00113614 0)
(-0.00212112 0.00143318 0)
(-0.00326915 0.00152287 0)
(-0.00440039 0.0015753 0)
(-0.00550579 0.00159254 0)
(-0.00656769 0.0016138 0)
(-0.00759662 0.00163335 0)
(-0.00858835 0.0016604 0)
(-0.00954985 0.00169333 0)
(-0.0104802 0.00173337 0)
(-0.0113806 0.0017783 0)
(-0.0122475 0.00182546 0)
(-0.0130764 0.00187071 0)
(-0.0138592 0.00190925 0)
(-0.0145863 0.0019357 0)
(-0.0152457 0.00194455 0)
(-0.0158244 0.0019305 0)
(-0.0163083 0.00188876 0)
(-0.0166832 0.00181534 0)
(-0.0169354 0.00170723 0)
(-0.0170517 0.00156253 0)
(-0.0170204 0.00138043 0)
(-0.0168312 0.00116126 0)
(-0.0164752 0.000906332 0)
(-0.0159456 0.000617836 0)
(-0.015237 0.000298698 0)
(-0.0143459 -4.75703e-05 0)
(-0.0132704 -0.000417016 0)
(-0.0120101 -0.000805363 0)
(-0.0105661 -0.00120811 0)
(-0.00894116 -0.0016206 0)
(-0.00713923 -0.00203809 0)
(-0.00516581 -0.00245576 0)
(-0.00302775 -0.00286877 0)
(-0.000733332 -0.00327224 0)
(0.00170776 -0.00366129 0)
(0.00428438 -0.00403103 0)
(0.00698394 -0.00437657 0)
(0.00979238 -0.00469305 0)
(0.0126942 -0.00497566 0)
(0.0156722 -0.00521966 0)
(0.0187081 -0.00542045 0)
(0.0217818 -0.0055736 0)
(0.024872 -0.005675 0)
(0.0279561 -0.0057209 0)
(0.0310105 -0.00570811 0)
(0.0340105 -0.00563407 0)
(0.0369309 -0.00549704 0)
(0.0397461 -0.00529626 0)
(0.0424304 -0.00503209 0)
(0.0449586 -0.00470611 0)
(0.0473062 -0.00432124 0)
(0.04945 -0.00388178 0)
(0.051368 -0.00339343 0)
(0.05304 -0.00286322 0)
(0.0544477 -0.00229948 0)
(0.055575 -0.00171173 0)
(0.0564079 -0.00111054 0)
(0.0569348 -0.000507463 0)
(0.0571464 8.51321e-05 0)
(0.0570365 0.000654167 0)
(0.0566021 0.00118605 0)
(0.0558443 0.00166699 0)
(0.0547698 0.00208357 0)
(0.0533919 0.00242361 0)
(0.0517328 0.00267742 0)
(0.049825 0.00283917 0)
(0.0477123 0.00290819 0)
(0.0454494 0.0028899 0)
(0.0430997 0.00279612 0)
(0.0407306 0.00264433 0)
(0.0384076 0.00245569 0)
(0.0361882 0.00225139 0)
(0.034118 0.00204869 0)
(0.0322285 0.00185786 0)
(0.0305372 0.00168183 0)
(0.029049 0.00151803 0)
(0.0277597 0.00136141 0)
(0.0266599 0.00120676 0)
(0.025738 0.00104985 0)
(0.0249836 0.000887543 0)
(0.0243882 0.000717672 0)
(0.0239452 0.00053884 0)
(0.0236497 0.000350451 0)
(0.0234975 0.00015276 0)
(0.0234847 -5.31192e-05 0)
(0.0236073 -0.000265268 0)
(0.0238605 -0.000481088 0)
(0.0242391 -0.000697452 0)
(0.0247371 -0.000910855 0)
(0.0253476 -0.00111756 0)
(0.0260627 -0.00131373 0)
(0.0268735 -0.0014955 0)
(0.0277704 -0.00165904 0)
(0.0287424 -0.00180069 0)
(0.0297777 -0.00191696 0)
(0.0308634 -0.00200464 0)
(0.0319854 -0.00206094 0)
(0.0331288 -0.00208365 0)
(0.0342775 -0.00207128 0)
(0.0354146 -0.00202334 0)
(0.036523 -0.00194052 0)
(0.0375851 -0.00182492 0)
(0.0385841 -0.0016801 0)
(0.039504 -0.00151112 0)
(0.0403312 -0.00132433 0)
(0.0410548 -0.00112701 0)
(0.0416677 -0.000926862 0)
(0.0421668 -0.000731426 0)
(0.0425538 -0.000547482 0)
(0.0428344 -0.000380563 0)
(0.0430184 -0.000234641 0)
(0.0431181 -0.000112017 0)
(0.0431481 -1.3395e-05 0)
(0.0431232 6.18902e-05 0)
(0.0430582 0.000115567 0)
(0.0429664 0.000150097 0)
(0.0428597 0.000168366 0)
(0.0427476 0.00017342 0)
(0.0426377 0.000168259 0)
(0.0425353 0.000155686 0)
(0.0424442 0.000138203 0)
(0.0423662 0.000117955 0)
(0.0423023 9.66995e-05 0)
(0.042252 7.58101e-05 0)
(0.0422146 5.62968e-05 0)
(0.0421886 3.88409e-05 0)
(0.0421724 2.38397e-05 0)
(0.0421642 1.14556e-05 0)
(0.0421623 1.66652e-06 0)
(0.0421651 -5.68574e-06 0)
(0.0421713 -1.08517e-05 0)
(0.0421795 -1.4136e-05 0)
(0.0421888 -1.58655e-05 0)
(0.0421985 -1.63652e-05 0)
(0.0422079 -1.59398e-05 0)
(0.0422166 -1.48617e-05 0)
(0.0422245 -1.33644e-05 0)
(0.0422313 -1.16399e-05 0)
(0.042237 -9.83892e-06 0)
(0.0422417 -8.07424e-06 0)
(0.0422454 -6.42482e-06 0)
(0.0422482 -4.94101e-06 0)
(0.0422503 -3.64995e-06 0)
(0.0422517 -2.56068e-06 0)
(0.0422526 -1.66898e-06 0)
(0.0422532 -9.61438e-07 0)
(0.0422534 -4.1894e-07 0)
(0.0422534 -1.93978e-08 0)
(0.0422532 2.60135e-07 0)
(0.042253 4.41954e-07 0)
(0.0422526 5.46684e-07 0)
(0.0422523 5.92667e-07 0)
(0.042252 5.95666e-07 0)
(0.0422517 5.68813e-07 0)
(0.0422514 5.22712e-07 0)
(0.0422511 4.65662e-07 0)
(0.0422509 4.03929e-07 0)
(0.0422507 3.42055e-07 0)
(0.0422506 2.83155e-07 0)
(0.0422504 2.29209e-07 0)
(0.0422503 1.81316e-07 0)
(0.0422503 1.39916e-07 0)
(0.0422502 1.0498e-07 0)
(0.0422502 7.61591e-08 0)
(0.0422501 5.29094e-08 0)
(0.0422501 3.45806e-08 0)
(0.0422501 2.04849e-08 0)
(0.0422501 9.94482e-09 0)
(0.0422501 2.32473e-09 0)
(0.0422501 -2.95027e-09 0)
(0.0422501 -6.38465e-09 0)
(0.0422501 -8.40978e-09 0)
(0.0422501 -9.38596e-09 0)
(0.0422501 -9.60746e-09 0)
(0.0422501 -9.3094e-09 0)
(0.0422501 -8.67533e-09 0)
(0.0422501 -7.84502e-09 0)
(0.0422502 -6.92195e-09 0)
(0.0422502 -5.98011e-09 0)
(0.0422502 -5.07007e-09 0)
(0.0422502 -4.22426e-09 0)
(0.0422502 -3.46132e-09 0)
(0.0422502 -2.78982e-09 0)
(0.0422502 -2.21113e-09 0)
(0.0422502 -1.72178e-09 0)
(0.0422502 -1.3152e-09 0)
(0.0422502 -9.83131e-10 0)
(0.0422502 -7.16523e-10 0)
(0.0422502 -5.06281e-10 0)
(0.0422502 -3.4371e-10 0)
(0.0422502 -2.208e-10 0)
(0.0422502 -1.30396e-10 0)
(0.0422502 -6.62146e-11 0)
(0.0422502 -2.30156e-11 0)
(0.0422502 3.93323e-12 0)
(0.0422502 1.78481e-11 0)
(0.0422502 2.19731e-11 0)
(0.0422502 1.97131e-11 0)
(-0.000311075 0.00118757 0)
(-0.00154379 0.0022016 0)
(-0.00292694 0.00264661 0)
(-0.00423358 0.00272989 0)
(-0.00538217 0.00274057 0)
(-0.00642118 0.00269466 0)
(-0.00733399 0.00265019 0)
(-0.00815136 0.00260336 0)
(-0.00887143 0.0025661 0)
(-0.0095067 0.00253613 0)
(-0.0100573 0.00251322 0)
(-0.010526 0.00249319 0)
(-0.0109101 0.00247135 0)
(-0.0112064 0.0024417 0)
(-0.0114093 0.00239794 0)
(-0.0115122 0.0023336 0)
(-0.0115073 0.00224251 0)
(-0.0113867 0.00211915 0)
(-0.0111423 0.00195885 0)
(-0.0107665 0.00175805 0)
(-0.0102521 0.00151438 0)
(-0.00959294 0.00122671 0)
(-0.00878361 0.000895115 0)
(-0.0078198 0.000520794 0)
(-0.0066982 0.000105953 0)
(-0.00541654 -0.000346337 0)
(-0.00397353 -0.000832286 0)
(-0.00236885 -0.00134753 0)
(-0.000603168 -0.00188723 0)
(0.00132191 -0.00244623 0)
(0.00340377 -0.00301907 0)
(0.00563879 -0.0036001 0)
(0.00802228 -0.00418346 0)
(0.0105484 -0.00476319 0)
(0.0132101 -0.00533314 0)
(0.015999 -0.00588707 0)
(0.0189055 -0.00641862 0)
(0.0219185 -0.00692135 0)
(0.0250254 -0.00738874 0)
(0.0282121 -0.00781422 0)
(0.0314632 -0.00819121 0)
(0.0347614 -0.00851321 0)
(0.0380882 -0.0087738 0)
(0.0414237 -0.00896682 0)
(0.0447466 -0.00908645 0)
(0.0480343 -0.0091274 0)
(0.0512636 -0.00908512 0)
(0.0544106 -0.00895598 0)
(0.0574511 -0.00873752 0)
(0.0603613 -0.00842864 0)
(0.0631179 -0.00802982 0)
(0.0656991 -0.00754326 0)
(0.0680844 -0.00697297 0)
(0.0702555 -0.00632473 0)
(0.0721964 -0.0056061 0)
(0.0738931 -0.00482622 0)
(0.0753343 -0.00399565 0)
(0.0765107 -0.00312611 0)
(0.0774148 -0.0022303 0)
(0.0780407 -0.00132167 0)
(0.0783838 -0.000414201 0)
(0.0784401 0.000477684 0)
(0.0782064 0.00133927 0)
(0.0776798 0.00215563 0)
(0.076858 0.00291175 0)
(0.0757396 0.0035927 0)
(0.0743249 0.00418387 0)
(0.0726176 0.0046714 0)
(0.0706265 0.00504274 0)
(0.0683685 0.00528764 0)
(0.0658707 0.00539964 0)
(0.0631732 0.00537805 0)
(0.0603298 0.00522997 0)
(0.0574075 0.00497123 0)
(0.0544823 0.0046256 0)
(0.0516327 0.00422188 0)
(0.0489319 0.00378948 0)
(0.0464405 0.00335369 0)
(0.0442012 0.00293196 0)
(0.0422378 0.00253247 0)
(0.0405568 0.00215517 0)
(0.0391519 0.00179467 0)
(0.0380082 0.00144365 0)
(0.0371068 0.00109557 0)
(0.0364279 0.000746067 0)
(0.0359529 0.000393298 0)
(0.0356652 3.75783e-05 0)
(0.03555 -0.000319184 0)
(0.0355944 -0.000674012 0)
(0.0357862 -0.00102325 0)
(0.0361143 -0.00136281 0)
(0.0365677 -0.00168836 0)
(0.0371356 -0.00199542 0)
(0.0378071 -0.00227945 0)
(0.038571 -0.00253591 0)
(0.0394161 -0.0027603 0)
(0.0403307 -0.00294824 0)
(0.0413027 -0.00309557 0)
(0.0423198 -0.00319843 0)
(0.043369 -0.00325347 0)
(0.044437 -0.00325807 0)
(0.0455098 -0.00321059 0)
(0.0465732 -0.00311075 0)
(0.0476124 -0.00295993 0)
(0.0486127 -0.00276148 0)
(0.0495592 -0.00252093 0)
(0.0504379 -0.00224598 0)
(0.051236 -0.0019463 0)
(0.0519424 -0.00163304 0)
(0.0525491 -0.00131808 0)
(0.0530512 -0.00101313 0)
(0.0534477 -0.000728826 0)
(0.0537419 -0.000473857 0)
(0.0539407 -0.00025441 0)
(0.0540547 -7.38899e-05 0)
(0.0540968 6.70013e-05 0)
(0.054081 0.000169917 0)
(0.0540221 0.000238326 0)
(0.0539338 0.0002769 0)
(0.0538284 0.00029093 0)
(0.0537163 0.000285822 0)
(0.0536056 0.000266724 0)
(0.0535024 0.000238266 0)
(0.0534105 0.000204416 0)
(0.0533323 0.000168416 0)
(0.0532684 0.000132784 0)
(0.0532188 9.93616e-05 0)
(0.0531823 6.93864e-05 0)
(0.0531574 4.3579e-05 0)
(0.0531424 2.22384e-05 0)
(0.0531354 5.3358e-06 0)
(0.0531346 -7.39758e-06 0)
(0.0531384 -1.63914e-05 0)
(0.0531452 -2.21685e-05 0)
(0.0531539 -2.529e-05 0)
(0.0531635 -2.63122e-05 0)
(0.0531733 -2.57555e-05 0)
(0.0531826 -2.40844e-05 0)
(0.0531911 -2.16958e-05 0)
(0.0531987 -1.89148e-05 0)
(0.0532051 -1.59964e-05 0)
(0.0532104 -1.31304e-05 0)
(0.0532147 -1.04494e-05 0)
(0.053218 -8.03769e-06 0)
(0.0532205 -5.94041e-06 0)
(0.0532223 -4.17252e-06 0)
(0.0532234 -2.72687e-06 0)
(0.0532241 -1.58118e-06 0)
(0.0532245 -7.03827e-07 0)
(0.0532246 -5.84246e-08 0)
(0.0532244 3.92689e-07 0)
(0.0532242 6.8598e-07 0)
(0.0532239 8.55063e-07 0)
(0.0532236 9.29732e-07 0)
(0.0532232 9.35507e-07 0)
(0.0532229 8.93574e-07 0)
(0.0532226 8.20984e-07 0)
(0.0532223 7.31029e-07 0)
(0.0532221 6.33712e-07 0)
(0.0532219 5.36252e-07 0)
(0.0532217 4.43579e-07 0)
(0.0532216 3.58805e-07 0)
(0.0532215 2.83638e-07 0)
(0.0532214 2.18747e-07 0)
(0.0532214 1.64057e-07 0)
(0.0532213 1.18999e-07 0)
(0.0532213 8.26951e-08 0)
(0.0532213 5.41085e-08 0)
(0.0532213 3.2148e-08 0)
(0.0532213 1.57433e-08 0)
(0.0532213 3.89316e-09 0)
(0.0532213 -4.30514e-09 0)
(0.0532213 -9.64176e-09 0)
(0.0532213 -1.27908e-08 0)
(0.0532213 -1.43139e-08 0)
(0.0532213 -1.4669e-08 0)
(0.0532213 -1.4221e-08 0)
(0.0532213 -1.32544e-08 0)
(0.0532213 -1.19855e-08 0)
(0.0532213 -1.05738e-08 0)
(0.0532213 -9.13331e-09 0)
(0.0532213 -7.74184e-09 0)
(0.0532213 -6.44905e-09 0)
(0.0532213 -5.28342e-09 0)
(0.0532213 -4.25793e-09 0)
(0.0532213 -3.37454e-09 0)
(0.0532213 -2.6278e-09 0)
(0.0532213 -2.00756e-09 0)
(0.0532213 -1.50106e-09 0)
(0.0532213 -1.09443e-09 0)
(0.0532213 -7.73712e-10 0)
(0.0532213 -5.25596e-10 0)
(0.0532213 -3.37832e-10 0)
(0.0532213 -1.99475e-10 0)
(0.0532213 -1.00983e-10 0)
(0.0532213 -3.42265e-11 0)
(0.0532213 7.72633e-12 0)
(0.0532213 3.00704e-11 0)
(0.0532213 3.86985e-11 0)
(0.0532213 3.39801e-11 0)
(-0.000416791 0.00243021 0)
(-0.00177276 0.00372942 0)
(-0.00307866 0.00410944 0)
(-0.00416374 0.00392458 0)
(-0.00494464 0.00372701 0)
(-0.00553212 0.00349956 0)
(-0.00592226 0.00330983 0)
(-0.00617259 0.00313818 0)
(-0.00628913 0.00298976 0)
(-0.00629388 0.00285665 0)
(-0.00619042 0.0027345 0)
(-0.00598525 0.00261641 0)
(-0.00567824 0.00249549 0)
(-0.00526924 0.00236435 0)
(-0.00475563 0.00221561 0)
(-0.0041345 0.0020422 0)
(-0.00340213 0.00183766 0)
(-0.0025548 0.00159643 0)
(-0.00158874 0.00131401 0)
(-0.000500421 0.000987099 0)
(0.000713346 0.00061369 0)
(0.00205536 0.000193025 0)
(0.00352797 -0.000274447 0)
(0.00513307 -0.000787164 0)
(0.00687203 -0.00134257 0)
(0.00874568 -0.00193725 0)
(0.0107543 -0.00256702 0)
(0.0128975 -0.00322709 0)
(0.0151741 -0.00391214 0)
(0.0175822 -0.00461641 0)
(0.0201191 -0.00533373 0)
(0.0227808 -0.00605761 0)
(0.0255625 -0.00678126 0)
(0.028458 -0.00749756 0)
(0.0314599 -0.00819913 0)
(0.0345592 -0.00887832 0)
(0.0377455 -0.00952724 0)
(0.0410069 -0.0101378 0)
(0.0443296 -0.0107017 0)
(0.0476983 -0.0112106 0)
(0.0510962 -0.0116561 0)
(0.0545046 -0.0120298 0)
(0.0579036 -0.0123234 0)
(0.0612718 -0.012529 0)
(0.0645866 -0.012639 0)
(0.0678246 -0.012647 0)
(0.070962 -0.0125471 0)
(0.0739752 -0.0123351 0)
(0.0768415 -0.0120084 0)
(0.0795394 -0.0115663 0)
(0.0820499 -0.0110105 0)
(0.0843565 -0.0103449 0)
(0.0864462 -0.00957556 0)
(0.0883093 -0.00871106 0)
(0.0899399 -0.00776177 0)
(0.0913353 -0.00673974 0)
(0.0924956 -0.00565825 0)
(0.0934233 -0.00453142 0)
(0.0941223 -0.00337384 0)
(0.0945973 -0.00220028 0)
(0.0948529 -0.00102548 0)
(0.0948929 0.000135928 0)
(0.0947198 0.00126947 0)
(0.0943345 0.00236076 0)
(0.093736 0.00339546 0)
(0.0929215 0.00435925 0)
(0.0918867 0.0052379 0)
(0.0906263 0.00601732 0)
(0.0891349 0.00668379 0)
(0.0874081 0.00722426 0)
(0.0854442 0.00762682 0)
(0.0832462 0.00788162 0)
(0.0808245 0.00798194 0)
(0.0782002 0.00792565 0)
(0.0754072 0.00771652 0)
(0.0724937 0.00736536 0)
(0.0695217 0.00689036 0)
(0.0665625 0.00631634 0)
(0.0636914 0.00567256 0)
(0.0609799 0.00498918 0)
(0.0584883 0.00429328 0)
(0.0562604 0.00360563 0)
(0.0543219 0.00293921 0)
(0.052681 0.0022997 0)
(0.0513321 0.00168748 0)
(0.0502597 0.00110009 0)
(0.0494431 0.000534487 0)
(0.0488591 -1.1507e-05 0)
(0.0484848 -0.000538524 0)
(0.048298 -0.00104558 0)
(0.0482787 -0.00153031 0)
(0.048408 -0.00198935 0)
(0.0486688 -0.00241869 0)
(0.0490451 -0.00281391 0)
(0.0495217 -0.00317042 0)
(0.0500843 -0.00348356 0)
(0.0507188 -0.00374874 0)
(0.0514119 -0.00396155 0)
(0.0521504 -0.00411789 0)
(0.0529217 -0.00421412 0)
(0.0537136 -0.00424731 0)
(0.0545143 -0.0042155 0)
(0.0553128 -0.00411807 0)
(0.0560984 -0.00395607 0)
(0.0568612 -0.0037326 0)
(0.0575918 -0.00345308 0)
(0.0582817 -0.00312538 0)
(0.0589226 -0.00275978 0)
(0.0595074 -0.00236857 0)
(0.0600296 -0.00196553 0)
(0.0604841 -0.00156501 0)
(0.0608671 -0.00118097 0)
(0.0611769 -0.000825942 0)
(0.0614142 -0.000510113 0)
(0.061582 -0.000240667 0)
(0.0616858 -2.14609e-05 0)
(0.0617334 0.000146941 0)
(0.061734 0.000266884 0)
(0.0616979 0.000343015 0)
(0.0616352 0.000381541 0)
(0.0615557 0.000389482 0)
(0.0614679 0.000374017 0)
(0.0613788 0.000341956 0)
(0.061294 0.00029938 0)
(0.0612173 0.000251435 0)
(0.0611511 0.000202237 0)
(0.0610963 0.000154896 0)
(0.0610532 0.000111586 0)
(0.0610211 7.36651e-05 0)
(0.0609989 4.18162e-05 0)
(0.0609851 1.6185e-05 0)
(0.0609783 -3.48096e-06 0)
(0.0609769 -1.77096e-05 0)
(0.0609795 -2.71974e-05 0)
(0.0609849 -3.27218e-05 0)
(0.0609919 -3.50725e-05 0)
(0.0609997 -3.50008e-05 0)
(0.0610077 -3.31857e-05 0)
(0.0610154 -3.02137e-05 0)
(0.0610225 -2.65705e-05 0)
(0.0610287 -2.26407e-05 0)
(0.061034 -1.87142e-05 0)
(0.0610384 -1.49966e-05 0)
(0.0610418 -1.16222e-05 0)
(0.0610445 -8.66637e-06 0)
(0.0610465 -6.15944e-06 0)
(0.0610479 -4.09793e-06 0)
(0.0610489 -2.45506e-06 0)
(0.0610494 -1.18937e-06 0)
(0.0610497 -2.51549e-07 0)
(0.0610497 4.10363e-07 0)
(0.0610496 8.47198e-07 0)
(0.0610494 1.10615e-06 0)
(0.0610491 1.22926e-06 0)
(0.0610488 1.25268e-06 0)
(0.0610486 1.20652e-06 0)
(0.0610483 1.11507e-06 0)
(0.061048 9.97335e-07 0)
(0.0610478 8.67661e-07 0)
(0.0610476 7.36444e-07 0)
(0.0610475 6.10831e-07 0)
(0.0610474 4.95381e-07 0)
(0.0610473 3.92655e-07 0)
(0.0610472 3.03723e-07 0)
(0.0610471 2.28596e-07 0)
(0.0610471 1.66569e-07 0)
(0.061047 1.16492e-07 0)
(0.061047 7.69752e-08 0)
(0.061047 4.65451e-08 0)
(0.061047 2.37465e-08 0)
(0.061047 7.2139e-09 0)
(0.061047 -4.28706e-09 0)
(0.061047 -1.18387e-08 0)
(0.061047 -1.63654e-08 0)
(0.061047 -1.86387e-08 0)
(0.061047 -1.92877e-08 0)
(0.061047 -1.88147e-08 0)
(0.061047 -1.76115e-08 0)
(0.061047 -1.59763e-08 0)
(0.061047 -1.41299e-08 0)
(0.061047 -1.22303e-08 0)
(0.061047 -1.03856e-08 0)
(0.061047 -8.66537e-09 0)
(0.061047 -7.11015e-09 0)
(0.061047 -5.73897e-09 0)
(0.061047 -4.55568e-09 0)
(0.061047 -3.55386e-09 0)
(0.061047 -2.72052e-09 0)
(0.061047 -2.03902e-09 0)
(0.061047 -1.49105e-09 0)
(0.061047 -1.05811e-09 0)
(0.061047 -7.22472e-10 0)
(0.061047 -4.67802e-10 0)
(0.061047 -2.79478e-10 0)
(0.061047 -1.44725e-10 0)
(0.061047 -5.26292e-11 0)
(0.061047 5.97161e-12 0)
(0.061047 3.84313e-11 0)
(0.061047 5.21998e-11 0)
(0.061047 4.63943e-11 0)
(-0.000708995 0.003074 0)
(-0.00214788 0.00468094 0)
(-0.00262426 0.00492916 0)
(-0.0028456 0.00452257 0)
(-0.00262948 0.00409733 0)
(-0.00229843 0.0036765 0)
(-0.00178996 0.00331621 0)
(-0.00118729 0.00299983 0)
(-0.000478427 0.00272212 0)
(0.000315008 0.00247239 0)
(0.00119557 0.00224067 0)
(0.00215868 0.00201785 0)
(0.00320644 0.00179458 0)
(0.00433954 0.00156237 0)
(0.00556057 0.00131294 0)
(0.00687177 0.00103879 0)
(0.00827576 0.000733169 0)
(0.00977497 0.000390337 0)
(0.0113718 5.63082e-06 0)
(0.0130683 -0.000424398 0)
(0.0148666 -0.000901959 0)
(0.0167683 -0.00142801 0)
(0.018775 -0.00200232 0)
(0.0208878 -0.00262347 0)
(0.0231077 -0.003289 0)
(0.0254349 -0.00399549 0)
(0.0278694 -0.00473861 0)
(0.0304102 -0.00551328 0)
(0.0330556 -0.00631369 0)
(0.035803 -0.00713344 0)
(0.0386487 -0.00796558 0)
(0.0415876 -0.00880264 0)
(0.0446135 -0.00963667 0)
(0.0477189 -0.0104593 0)
(0.0508946 -0.0112615 0)
(0.0541298 -0.0120342 0)
(0.0574119 -0.0127676 0)
(0.0607265 -0.0134517 0)
(0.0640576 -0.0140763 0)
(0.067387 -0.0146309 0)
(0.070695 -0.015105 0)
(0.0739601 -0.0154883 0)
(0.0771595 -0.0157705 0)
(0.0802691 -0.0159419 0)
(0.0832642 -0.0159936 0)
(0.08612 -0.0159178 0)
(0.0888125 -0.0157084 0)
(0.0913194 -0.0153615 0)
(0.093621 -0.0148757 0)
(0.0957017 -0.0142525 0)
(0.0975503 -0.0134966 0)
(0.0991611 -0.0126157 0)
(0.100534 -0.0116203 0)
(0.101674 -0.0105236 0)
(0.10259 -0.00934048 0)
(0.103298 -0.00808725 0)
(0.103813 -0.00678061 0)
(0.104153 -0.00543727 0)
(0.104336 -0.00407334 0)
(0.104379 -0.00270408 0)
(0.104298 -0.00134367 0)
(0.104103 -5.2574e-06 0)
(0.103804 0.00129895 0)
(0.103406 0.00255741 0)
(0.10291 0.00375902 0)
(0.102313 0.0048928 0)
(0.10161 0.00594764 0)
(0.100792 0.0069121 0)
(0.0998458 0.00777437 0)
(0.0987597 0.00852227 0)
(0.0975195 0.00914354 0)
(0.096112 0.00962636 0)
(0.0945263 0.00996003 0)
(0.0927554 0.010136 0)
(0.0907987 0.0101486 0)
(0.088664 0.00999641 0)
(0.0863699 0.009683 0)
(0.0839466 0.00921764 0)
(0.0814363 0.00861567 0)
(0.0788913 0.00789805 0)
(0.0763707 0.00709008 0)
(0.073935 0.00621934 0)
(0.0716406 0.00531318 0)
(0.0695346 0.00439623 0)
(0.0676516 0.00348863 0)
(0.0660122 0.00260525 0)
(0.0646239 0.00175593 0)
(0.063483 0.000946498 0)
(0.0625778 0.000180125 0)
(0.061891 -0.000541416 0)
(0.0614023 -0.00121675 0)
(0.0610902 -0.00184427 0)
(0.0609328 -0.00242185 0)
(0.060909 -0.00294677 0)
(0.0609985 -0.00341582 0)
(0.061182 -0.00382542 0)
(0.0614412 -0.00417184 0)
(0.0617591 -0.00445135 0)
(0.0621197 -0.00466052 0)
(0.0625083 -0.00479637 0)
(0.0629117 -0.00485673 0)
(0.0633181 -0.00484048 0)
(0.0637175 -0.00474793 0)
(0.0641016 -0.00458115 0)
(0.0644645 -0.00434428 0)
(0.0648018 -0.00404372 0)
(0.0651111 -0.00368826 0)
(0.0653917 -0.00328888 0)
(0.0656435 -0.0028585 0)
(0.0658675 -0.00241133 0)
(0.0660642 -0.00196222 0)
(0.0662343 -0.00152578 0)
(0.0663777 -0.0011155 0)
(0.0664942 -0.00074293 0)
(0.0665835 -0.000416976 0)
(0.0666455 -0.000143479 0)
(0.066681 7.49812e-05 0)
(0.0666917 0.000238955 0)
(0.0666805 0.000351735 0)
(0.0666509 0.000418764 0)
(0.0666073 0.000446939 0)
(0.0665543 0.000443896 0)
(0.0664962 0.000417365 0)
(0.0664371 0.000374646 0)
(0.0663803 0.000322231 0)
(0.0663283 0.000265575 0)
(0.0662827 0.000209004 0)
(0.0662446 0.000155722 0)
(0.066214 0.000107903 0)
(0.0661909 6.68188e-05 0)
(0.0661745 3.30032e-05 0)
(0.0661641 6.41603e-06 0)
(0.0661585 -1.33993e-05 0)
(0.0661568 -2.71738e-05 0)
(0.066158 -3.57927e-05 0)
(0.0661613 -4.01985e-05 0)
(0.0661658 -4.13167e-05 0)
(0.066171 -4.00047e-05 0)
(0.0661764 -3.70181e-05 0)
(0.0661817 -3.29942e-05 0)
(0.0661865 -2.84471e-05 0)
(0.0661908 -2.3772e-05 0)
(0.0661945 -1.92568e-05 0)
(0.0661975 -1.50955e-05 0)
(0.0662 -1.14051e-05 0)
(0.0662018 -8.24122e-06 0)
(0.0662032 -5.61352e-06 0)
(0.0662042 -3.49886e-06 0)
(0.0662049 -1.85271e-06 0)
(0.0662052 -6.18303e-07 0)
(0.0662054 2.66296e-07 0)
(0.0662054 8.63022e-07 0)
(0.0662054 1.23025e-06 0)
(0.0662052 1.42058e-06 0)
(0.0662051 1.47967e-06 0)
(0.0662049 1.44584e-06 0)
(0.0662047 1.35027e-06 0)
(0.0662045 1.21752e-06 0)
(0.0662043 1.06628e-06 0)
(0.0662042 9.10251e-07 0)
(0.066204 7.58958e-07 0)
(0.0662039 6.18609e-07 0)
(0.0662039 4.92825e-07 0)
(0.0662038 3.83286e-07 0)
(0.0662037 2.90275e-07 0)
(0.0662037 2.13122e-07 0)
(0.0662037 1.50551e-07 0)
(0.0662036 1.00947e-07 0)
(0.0662036 6.25586e-08 0)
(0.0662036 3.36322e-08 0)
(0.0662036 1.25071e-08 0)
(0.0662036 -2.32841e-09 0)
(0.0662036 -1.22065e-08 0)
(0.0662036 -1.82703e-08 0)
(0.0662036 -2.14773e-08 0)
(0.0662036 -2.26116e-08 0)
(0.0662036 -2.23009e-08 0)
(0.0662036 -2.10372e-08 0)
(0.0662036 -1.91963e-08 0)
(0.0662036 -1.70576e-08 0)
(0.0662036 -1.48226e-08 0)
(0.0662036 -1.26303e-08 0)
(0.0662036 -1.05714e-08 0)
(0.0662036 -8.69996e-09 0)
(0.0662036 -7.04279e-09 0)
(0.0662036 -5.60747e-09 0)
(0.0662036 -4.38834e-09 0)
(0.0662036 -3.37123e-09 0)
(0.0662036 -2.53706e-09 0)
(0.0662036 -1.86439e-09 0)
(0.0662036 -1.33131e-09 0)
(0.0662036 -9.16639e-10 0)
(0.0662036 -6.00753e-10 0)
(0.0662036 -3.66003e-10 0)
(0.0662036 -1.96925e-10 0)
(0.0662036 -8.02686e-11 0)
(0.0662036 -4.89435e-12 0)
(0.0662036 3.83042e-11 0)
(0.0662036 5.77697e-11 0)
(0.0662036 5.33777e-11 0)
(-0.000181404 0.00563614 0)
(-0.000134303 0.00560628 0)
(0.00103099 0.00499218 0)
(0.00226702 0.00396638 0)
(0.00379476 0.0032606 0)
(0.00531684 0.00270229 0)
(0.00691037 0.0022473 0)
(0.00850762 0.00186533 0)
(0.0101297 0.00152674 0)
(0.0117681 0.0012189 0)
(0.0134331 0.000927553 0)
(0.015129 0.000643209 0)
(0.0168635 0.000356124 0)
(0.0186426 5.79807e-05 0)
(0.0204725 -0.000259213 0)
(0.0223582 -0.000602623 0)
(0.0243045 -0.000978722 0)
(0.026315 -0.00139307 0)
(0.0283932 -0.00185023 0)
(0.0305417 -0.00235367 0)
(0.0327627 -0.0029057 0)
(0.0350579 -0.00350741 0)
(0.0374286 -0.00415871 0)
(0.0398756 -0.00485828 0)
(0.0423992 -0.00560366 0)
(0.0449988 -0.00639128 0)
(0.0476734 -0.00721653 0)
(0.0504208 -0.00807384 0)
(0.0532379 -0.00895676 0)
(0.0561203 -0.00985803 0)
(0.0590623 -0.0107697 0)
(0.0620568 -0.0116832 0)
(0.0650953 -0.0125891 0)
(0.0681677 -0.0134777 0)
(0.071262 -0.0143383 0)
(0.0743644 -0.0151599 0)
(0.0774591 -0.0159306 0)
(0.0805283 -0.0166382 0)
(0.0835519 -0.0172703 0)
(0.0865077 -0.0178139 0)
(0.0893717 -0.0182564 0)
(0.0921183 -0.0185849 0)
(0.0947207 -0.0187874 0)
(0.0971518 -0.0188525 0)
(0.0993848 -0.0187703 0)
(0.101395 -0.0185331 0)
(0.103161 -0.0181359 0)
(0.104666 -0.0175775 0)
(0.1059 -0.0168602 0)
(0.10686 -0.015991 0)
(0.107553 -0.0149809 0)
(0.107992 -0.0138445 0)
(0.108199 -0.0125997 0)
(0.108202 -0.0112663 0)
(0.108034 -0.00986479 0)
(0.107729 -0.00841577 0)
(0.107321 -0.00693857 0)
(0.106845 -0.0054508 0)
(0.106328 -0.00396787 0)
(0.105796 -0.00250293 0)
(0.105269 -0.00106698 0)
(0.104759 0.000330752 0)
(0.104275 0.00168245 0)
(0.103821 0.00298118 0)
(0.103392 0.00422042 0)
(0.102985 0.00539366 0)
(0.102587 0.00649404 0)
(0.102187 0.00751408 0)
(0.101768 0.0084455 0)
(0.101313 0.00927912 0)
(0.100801 0.0100049 0)
(0.100212 0.0106123 0)
(0.099525 0.0110902 0)
(0.0987212 0.0114282 0)
(0.0977832 0.0116166 0)
(0.096698 0.0116479 0)
(0.0954584 0.0115175 0)
(0.0940646 0.0112245 0)
(0.0925253 0.010773 0)
(0.090859 0.0101725 0)
(0.0890934 0.00943783 0)
(0.0872644 0.00858867 0)
(0.0854134 0.00764845 0)
(0.0835845 0.00664272 0)
(0.0818206 0.00559729 0)
(0.0801595 0.00453657 0)
(0.0786322 0.0034822 0)
(0.0772603 0.00245231 0)
(0.0760564 0.00146136 0)
(0.0750241 0.000520403 0)
(0.0741599 -0.000362284 0)
(0.0734543 -0.00118049 0)
(0.0728936 -0.00192938 0)
(0.0724612 -0.00260499 0)
(0.072139 -0.0032038 0)
(0.0719082 -0.00372261 0)
(0.0717499 -0.00415842 0)
(0.0716461 -0.00450855 0)
(0.0715796 -0.00477075 0)
(0.0715347 -0.00494352 0)
(0.0714976 -0.00502629 0)
(0.0714567 -0.00501983 0)
(0.071403 -0.00492658 0)
(0.0713301 -0.00475092 0)
(0.0712347 -0.00449941 0)
(0.0711166 -0.00418092 0)
(0.0709781 -0.00380649 0)
(0.0708238 -0.00338901 0)
(0.0706602 -0.00294271 0)
(0.0704944 -0.0024825 0)
(0.0703336 -0.00202318 0)
(0.0701837 -0.00157871 0)
(0.0700492 -0.00116158 0)
(0.0699327 -0.0007822 0)
(0.0698345 -0.000448582 0)
(0.0697534 -0.000166036 0)
(0.0696866 6.28811e-05 0)
(0.0696311 0.000238284 0)
(0.0695836 0.000362703 0)
(0.0695413 0.000440678 0)
(0.0695022 0.000478255 0)
(0.069465 0.000482415 0)
(0.0694292 0.000460512 0)
(0.0693948 0.00041977 0)
(0.0693623 0.000366869 0)
(0.0693324 0.000307651 0)
(0.0693055 0.00024694 0)
(0.0692821 0.000188483 0)
(0.0692626 0.000134967 0)
(0.0692469 8.81126e-05 0)
(0.069235 4.88093e-05 0)
(0.0692266 1.72714e-05 0)
(0.0692212 -6.80022e-06 0)
(0.0692183 -2.40641e-05 0)
(0.0692175 -3.54014e-05 0)
(0.0692182 -4.18013e-05 0)
(0.06922 -4.42702e-05 0)
(0.0692224 -4.37647e-05 0)
(0.0692253 -4.11467e-05 0)
(0.0692282 -3.7157e-05 0)
(0.069231 -3.24044e-05 0)
(0.0692337 -2.73665e-05 0)
(0.069236 -2.23986e-05 0)
(0.069238 -1.77479e-05 0)
(0.0692396 -1.35709e-05 0)
(0.0692409 -9.95036e-06 0)
(0.069242 -6.913e-06 0)
(0.0692427 -4.44463e-06 0)
(0.0692432 -2.5035e-06 0)
(0.0692436 -1.03122e-06 0)
(0.0692438 3.86631e-08 0)
(0.0692439 7.74306e-07 0)
(0.0692439 1.24105e-06 0)
(0.0692438 1.49854e-06 0)
(0.0692437 1.5991e-06 0)
(0.0692436 1.58705e-06 0)
(0.0692435 1.49875e-06 0)
(0.0692434 1.36308e-06 0)
(0.0692433 1.20222e-06 0)
(0.0692432 1.03257e-06 0)
(0.0692432 8.65725e-07 0)
(0.0692431 7.09361e-07 0)
(0.069243 5.68113e-07 0)
(0.069243 4.44306e-07 0)
(0.0692429 3.38587e-07 0)
(0.0692429 2.50441e-07 0)
(0.0692429 1.78603e-07 0)
(0.0692429 1.2137e-07 0)
(0.0692429 7.6845e-08 0)
(0.0692429 4.30949e-08 0)
(0.0692429 1.82708e-08 0)
(0.0692429 6.76231e-10 0)
(0.0692429 -1.11939e-08 0)
(0.0692429 -1.86376e-08 0)
(0.0692429 -2.27471e-08 0)
(0.0692429 -2.44207e-08 0)
(0.0692429 -2.4381e-08 0)
(0.0692429 -2.31961e-08 0)
(0.0692429 -2.13025e-08 0)
(0.0692429 -1.90265e-08 0)
(0.0692429 -1.66048e-08 0)
(0.0692429 -1.42023e-08 0)
(0.0692429 -1.19279e-08 0)
(0.0692429 -9.84806e-09 0)
(0.0692429 -7.99744e-09 0)
(0.0692429 -6.38803e-09 0)
(0.0692429 -5.01611e-09 0)
(0.0692429 -3.86777e-09 0)
(0.0692429 -2.92301e-09 0)
(0.0692429 -2.15879e-09 0)
(0.0692429 -1.55121e-09 0)
(0.0692429 -1.07694e-09 0)
(0.0692429 -7.14218e-10 0)
(0.0692429 -4.43383e-10 0)
(0.0692429 -2.47129e-10 0)
(0.0692429 -1.10581e-10 0)
(0.0692429 -2.12035e-11 0)
(0.0692429 3.1311e-11 0)
(0.0692429 5.60084e-11 0)
(0.0692429 5.4681e-11 0)
(0.00508255 0.00198901 0)
(0.00764934 0.00299089 0)
(0.0126461 0.00251941 0)
(0.0159778 0.00188864 0)
(0.0191612 0.00124896 0)
(0.0219326 0.000727169 0)
(0.0245051 0.00028469 0)
(0.0269156 -9.00671e-05 0)
(0.0292188 -0.000423755 0)
(0.0314455 -0.00073184 0)
(0.0336219 -0.0010287 0)
(0.0357673 -0.00132484 0)
(0.0378975 -0.00162942 0)
(0.0400257 -0.00195028 0)
(0.0421624 -0.0022945 0)
(0.0443164 -0.00266841 0)
(0.046495 -0.0030777 0)
(0.048704 -0.00352731 0)
(0.0509479 -0.00402133 0)
(0.0532305 -0.00456292 0)
(0.0555542 -0.00515422 0)
(0.0579209 -0.00579624 0)
(0.0603315 -0.00648883 0)
(0.0627862 -0.00723061 0)
(0.0652842 -0.008019 0)
(0.067824 -0.00885017 0)
(0.0704028 -0.00971906 0)
(0.0730168 -0.0106195 0)
(0.0756607 -0.0115441 0)
(0.0783278 -0.0124848 0)
(0.0810096 -0.0134321 0)
(0.0836961 -0.0143763 0)
(0.0863753 -0.0153063 0)
(0.0890333 -0.0162105 0)
(0.0916543 -0.0170764 0)
(0.0942202 -0.0178904 0)
(0.0967102 -0.0186383 0)
(0.0991012 -0.019305 0)
(0.101367 -0.0198749 0)
(0.10348 -0.0203325 0)
(0.105409 -0.0206621 0)
(0.107124 -0.0208488 0)
(0.108595 -0.0208787 0)
(0.109792 -0.02074 0)
(0.110691 -0.0204236 0)
(0.111274 -0.0199247 0)
(0.11153 -0.0192434 0)
(0.111459 -0.0183853 0)
(0.111076 -0.0173621 0)
(0.110405 -0.0161908 0)
(0.109482 -0.0148933 0)
(0.108354 -0.0134948 0)
(0.107074 -0.012022 0)
(0.105698 -0.0105014 0)
(0.104282 -0.00895781 0)
(0.102878 -0.00741293 0)
(0.101532 -0.00588455 0)
(0.100282 -0.0043864 0)
(0.0991562 -0.00292828 0)
(0.0981748 -0.00151663 0)
(0.0973491 -0.000155309 0)
(0.0966824 0.00115362 0)
(0.0961719 0.00240901 0)
(0.0958092 0.00360996 0)
(0.0955819 0.00475521 0)
(0.0954744 0.00584269 0)
(0.0954686 0.00686927 0)
(0.0955452 0.00783057 0)
(0.095683 0.0087209 0)
(0.0958605 0.00953328 0)
(0.096055 0.0102595 0)
(0.0962436 0.0108904 0)
(0.0964032 0.0114161 0)
(0.0965106 0.0118261 0)
(0.0965435 0.0121103 0)
(0.0964811 0.0122589 0)
(0.096305 0.0122638 0)
(0.0960004 0.0121191 0)
(0.0955575 0.0118217 0)
(0.0949724 0.0113729 0)
(0.0942485 0.0107783 0)
(0.0933961 0.0100485 0)
(0.0924331 0.00919901 0)
(0.091383 0.00824922 0)
(0.0902737 0.00722169 0)
(0.0891351 0.00614059 0)
(0.0879965 0.00503037 0)
(0.0868848 0.0039144 0)
(0.0858224 0.00281403 0)
(0.084826 0.00174801 0)
(0.0839063 0.000732225 0)
(0.0830682 -0.000220149 0)
(0.0823109 -0.00109842 0)
(0.0816296 -0.00189396 0)
(0.0810156 -0.0025999 0)
(0.0804577 -0.00321077 0)
(0.0799435 -0.00372237 0)
(0.0794599 -0.00413168 0)
(0.0789939 -0.0044369 0)
(0.078534 -0.0046376 0)
(0.07807 -0.00473494 0)
(0.0775943 -0.00473191 0)
(0.0771021 -0.00463361 0)
(0.0765915 -0.00444738 0)
(0.0760639 -0.00418293 0)
(0.0755238 -0.0038522 0)
(0.0749782 -0.00346903 0)
(0.0744363 -0.00304862 0)
(0.0739082 -0.00260678 0)
(0.0734044 -0.00215909 0)
(0.0729348 -0.00172013 0)
(0.0725076 -0.00130274 0)
(0.0721288 -0.000917591 0)
(0.0718017 -0.000572839 0)
(0.0715269 -0.000274122 0)
(0.0713025 -2.46165e-05 0)
(0.0711245 0.000174786 0)
(0.0709872 0.000325237 0)
(0.0708842 0.000429655 0)
(0.070809 0.000492402 0)
(0.0707553 0.000518928 0)
(0.0707177 0.000515382 0)
(0.0706915 0.000488224 0)
(0.0706733 0.000443847 0)
(0.0706604 0.000388247 0)
(0.070651 0.000326768 0)
(0.0706439 0.000263922 0)
(0.0706383 0.000203296 0)
(0.0706339 0.000147538 0)
(0.0706304 9.84052e-05 0)
(0.0706276 5.68611e-05 0)
(0.0706256 2.32059e-05 0)
(0.0706242 -2.78284e-06 0)
(0.0706234 -2.17073e-05 0)
(0.0706232 -3.44168e-05 0)
(0.0706233 -4.18922e-05 0)
(0.0706238 -4.51519e-05 0)
(0.0706244 -4.51796e-05 0)
(0.0706252 -4.28736e-05 0)
(0.0706261 -3.90161e-05 0)
(0.070627 -3.42574e-05 0)
(0.0706278 -2.9114e-05 0)
(0.0706286 -2.39757e-05 0)
(0.0706292 -1.91183e-05 0)
(0.0706298 -1.4721e-05 0)
(0.0706302 -1.08833e-05 0)
(0.0706306 -7.64353e-06 0)
(0.0706309 -4.99476e-06 0)
(0.070631 -2.89883e-06 0)
(0.0706312 -1.29832e-06 0)
(0.0706313 -1.25805e-07 0)
(0.0706313 6.89067e-07 0)
(0.0706313 1.21455e-06 0)
(0.0706313 1.51351e-06 0)
(0.0706313 1.64146e-06 0)
(0.0706313 1.64572e-06 0)
(0.0706312 1.56532e-06 0)
(0.0706312 1.43145e-06 0)
(0.0706312 1.26817e-06 0)
(0.0706311 1.09341e-06 0)
(0.0706311 9.19908e-07 0)
(0.0706311 7.56229e-07 0)
(0.0706311 6.07617e-07 0)
(0.0706311 4.76813e-07 0)
(0.070631 3.64718e-07 0)
(0.070631 2.70952e-07 0)
(0.070631 1.94297e-07 0)
(0.070631 1.3304e-07 0)
(0.070631 8.5228e-08 0)
(0.070631 4.88568e-08 0)
(0.070631 2.19909e-08 0)
(0.070631 2.84599e-09 0)
(0.070631 -1.01673e-08 0)
(0.070631 -1.84247e-08 0)
(0.070631 -2.30874e-08 0)
(0.070631 -2.51128e-08 0)
(0.070631 -2.52733e-08 0)
(0.070631 -2.4178e-08 0)
(0.070631 -2.22958e-08 0)
(0.070631 -1.99791e-08 0)
(0.070631 -1.74838e-08 0)
(0.070631 -1.49898e-08 0)
(0.070631 -1.26165e-08 0)
(0.070631 -1.04377e-08 0)
(0.070631 -8.49306e-09 0)
(0.070631 -6.79743e-09 0)
(0.070631 -5.3487e-09 0)
(0.070631 -4.13355e-09 0)
(0.070631 -3.13185e-09 0)
(0.070631 -2.32e-09 0)
(0.070631 -1.67326e-09 0)
(0.070631 -1.16736e-09 0)
(0.070631 -7.79538e-10 0)
(0.070631 -4.89159e-10 0)
(0.070631 -2.78021e-10 0)
(0.070631 -1.30444e-10 0)
(0.070631 -3.31979e-11 0)
(0.070631 2.46018e-11 0)
(0.070631 5.22239e-11 0)
(0.070631 5.32557e-11 0)
(0.0344489 -3.41112e-06 0)
(0.0346113 -0.000151696 0)
(0.0349413 -0.000272129 0)
(0.0353909 -0.000337038 0)
(0.0359075 -0.00037735 0)
(0.036574 -0.000456914 0)
(0.0372746 -0.000340974 0)
(0.0379864 -0.000788212 0)
(0.0908639 -6.99202e-06 0)
(0.0906426 -0.000134065 0)
(0.0905807 -0.000303369 0)
(0.0906234 -0.000475906 0)
(0.0907801 -0.000662196 0)
(0.0910279 -0.000850217 0)
(0.0913932 -0.00105541 0)
(0.0923027 -0.00174191 0)
(0.128437 -1.03974e-05 0)
(0.128259 -9.68362e-05 0)
(0.128174 -0.00022726 0)
(0.128137 -0.000392717 0)
(0.12813 -0.000586131 0)
(0.128155 -0.000811098 0)
(0.128253 -0.0011544 0)
(0.128264 -0.00159434 0)
(0.147212 -1.41862e-05 0)
(0.147034 -0.000107224 0)
(0.146937 -0.000228398 0)
(0.146873 -0.00037844 0)
(0.146823 -0.000561023 0)
(0.146783 -0.000795099 0)
(0.146726 -0.0010799 0)
(0.146661 -0.00145653 0)
(0.147217 -1.94817e-05 0)
(0.147038 -0.00011485 0)
(0.146928 -0.000220871 0)
(0.14684 -0.000348004 0)
(0.146748 -0.00050761 0)
(0.146633 -0.000706475 0)
(0.146483 -0.000960824 0)
(0.146271 -0.00127209 0)
(0.12845 -2.73534e-05 0)
(0.128254 -0.000131133 0)
(0.128111 -0.000223904 0)
(0.12797 -0.000325937 0)
(0.127805 -0.000452646 0)
(0.127598 -0.000615765 0)
(0.127333 -0.000819392 0)
(0.12699 -0.00106369 0)
(0.0908865 -4.16819e-05 0)
(0.0906056 -0.000110338 0)
(0.0903828 -0.000147683 0)
(0.0901566 -0.000196339 0)
(0.0898989 -0.000275268 0)
(0.0895854 -0.000388927 0)
(0.0891927 -0.000534905 0)
(0.0886962 -0.000705034 0)
(0.0344548 -4.78315e-05 0)
(0.0343646 -3.0738e-05 0)
(0.0343002 -1.61673e-06 0)
(0.0342301 -5.13849e-06 0)
(0.0340957 -4.02744e-05 0)
(0.0338681 -9.52899e-05 0)
(0.0335306 -0.000157562 0)
(0.0330765 -0.000216552 0)
(0.0407398 -0.00358767 0)
(0.0437092 -0.00333858 0)
(0.046419 -0.00306379 0)
(0.0490644 -0.00279351 0)
(0.0515109 -0.00268029 0)
(0.053812 -0.00266662 0)
(0.0559921 -0.0027258 0)
(0.0580792 -0.0028324 0)
(0.0600956 -0.00297343 0)
(0.0620581 -0.00314209 0)
(0.0639808 -0.00333628 0)
(0.0658748 -0.00355646 0)
(0.0677498 -0.00380477 0)
(0.0696139 -0.00408429 0)
(0.0714741 -0.00439859 0)
(0.0733363 -0.00475149 0)
(0.0752055 -0.00514668 0)
(0.0770858 -0.0055876 0)
(0.0789804 -0.00607719 0)
(0.0808915 -0.00661771 0)
(0.0828203 -0.00721061 0)
(0.0847674 -0.00785639 0)
(0.0867324 -0.00855444 0)
(0.0887137 -0.009303 0)
(0.0907091 -0.010099 0)
(0.0927148 -0.0109381 0)
(0.094726 -0.0118144 0)
(0.0967362 -0.0127208 0)
(0.0987371 -0.0136487 0)
(0.100719 -0.0145882 0)
(0.102668 -0.0155285 0)
(0.104571 -0.0164575 0)
(0.10641 -0.0173621 0)
(0.108166 -0.0182284 0)
(0.109816 -0.019041 0)
(0.111336 -0.0197833 0)
(0.112696 -0.0204374 0)
(0.113865 -0.0209845 0)
(0.11481 -0.0214051 0)
(0.115493 -0.0216804 0)
(0.115879 -0.0217923 0)
(0.115934 -0.0217245 0)
(0.11563 -0.021464 0)
(0.114947 -0.021002 0)
(0.113875 -0.0203356 0)
(0.112421 -0.0194694 0)
(0.110606 -0.018416 0)
(0.108471 -0.0171962 0)
(0.106072 -0.0158381 0)
(0.103479 -0.0143746 0)
(0.100771 -0.0128414 0)
(0.0980317 -0.0112737 0)
(0.0953414 -0.00970372 0)
(0.092775 -0.00815829 0)
(0.0903957 -0.00665785 0)
(0.0882533 -0.00521605 0)
(0.0863823 -0.00384018 0)
(0.0848027 -0.00253211 0)
(0.0835211 -0.0012897 0)
(0.0825333 -0.00010817 0)
(0.0818267 0.00101843 0)
(0.0813827 0.0020961 0)
(0.0811792 0.00312993 0)
(0.0811921 0.00412361 0)
(0.0813966 0.005079 0)
(0.0817681 0.00599611 0)
(0.0822824 0.00687305 0)
(0.0829161 0.00770621 0)
(0.0836467 0.00849038 0)
(0.0844518 0.00921896 0)
(0.0853099 0.00988415 0)
(0.0861994 0.0104771 0)
(0.0870988 0.0109884 0)
(0.0879865 0.0114078 0)
(0.0888414 0.0117253 0)
(0.0896423 0.0119309 0)
(0.0903687 0.0120153 0)
(0.0910017 0.0119708 0)
(0.0915241 0.0117913 0)
(0.0919218 0.0114739 0)
(0.0921846 0.0110187 0)
(0.092307 0.0104301 0)
(0.0922885 0.00971672 0)
(0.0921344 0.00889137 0)
(0.0918546 0.00797081 0)
(0.0914636 0.00697488 0)
(0.0909785 0.00592554 0)
(0.0904178 0.00484573 0)
(0.0898001 0.00375834 0)
(0.0891421 0.00268519 0)
(0.0884582 0.00164642 0)
(0.0877591 0.000659976 0)
(0.0870523 -0.000258553 0)
(0.0863414 -0.00109601 0)
(0.0856271 -0.0018416 0)
(0.0849078 -0.00248679 0)
(0.0841801 -0.00302522 0)
(0.0834398 -0.00345273 0)
(0.0826829 -0.0037673 0)
(0.0819063 -0.00396923 0)
(0.0811085 -0.00406121 0)
(0.0802903 -0.00404846 0)
(0.0794552 -0.00393878 0)
(0.0786093 -0.00374249 0)
(0.0777611 -0.00347226 0)
(0.0769214 -0.00314271 0)
(0.076102 -0.00276978 0)
(0.0753154 -0.00236998 0)
(0.0745734 -0.00195953 0)
(0.0738865 -0.00155352 0)
(0.0732632 -0.00116514 0)
(0.0727091 -0.000805219 0)
(0.0722275 -0.000481903 0)
(0.0718186 -0.000200677 0)
(0.0714802 3.54687e-05 0)
(0.0712079 0.000225726 0)
(0.0709957 0.000371116 0)
(0.0708363 0.000474133 0)
(0.0707218 0.000538425 0)
(0.0706441 0.0005685 0)
(0.0705956 0.000569458 0)
(0.0705692 0.000546735 0)
(0.0705587 0.000505849 0)
(0.070559 0.000452163 0)
(0.070566 0.000390664 0)
(0.0705765 0.000325782 0)
(0.0705884 0.000261259 0)
(0.0706 0.000200071 0)
(0.0706105 0.000144408 0)
(0.0706193 9.57051e-05 0)
(0.0706263 5.47161e-05 0)
(0.0706316 2.1614e-05 0)
(0.0706352 -3.89046e-06 0)
(0.0706375 -2.2426e-05 0)
(0.0706387 -3.48441e-05 0)
(0.0706391 -4.21151e-05 0)
(0.0706388 -4.52409e-05 0)
(0.0706382 -4.5188e-05 0)
(0.0706374 -4.28392e-05 0)
(0.0706364 -3.89637e-05 0)
(0.0706354 -3.42021e-05 0)
(0.0706345 -2.90641e-05 0)
(0.0706337 -2.39347e-05 0)
(0.0706329 -1.90871e-05 0)
(0.0706323 -1.46985e-05 0)
(0.0706318 -1.08681e-05 0)
(0.0706315 -7.63395e-06 0)
(0.0706312 -4.98918e-06 0)
(0.070631 -2.89596e-06 0)
(0.0706308 -1.29715e-06 0)
(0.0706308 -1.25617e-07 0)
(0.0706307 6.88754e-07 0)
(0.0706307 1.21404e-06 0)
(0.0706307 1.51297e-06 0)
(0.0706307 1.64098e-06 0)
(0.0706308 1.64534e-06 0)
(0.0706308 1.56504e-06 0)
(0.0706308 1.43125e-06 0)
(0.0706309 1.26804e-06 0)
(0.0706309 1.09333e-06 0)
(0.0706309 9.19867e-07 0)
(0.0706309 7.5621e-07 0)
(0.070631 6.07611e-07 0)
(0.070631 4.76814e-07 0)
(0.070631 3.64723e-07 0)
(0.070631 2.70958e-07 0)
(0.070631 1.94302e-07 0)
(0.070631 1.33044e-07 0)
(0.070631 8.52313e-08 0)
(0.070631 4.88592e-08 0)
(0.070631 2.19925e-08 0)
(0.070631 2.84707e-09 0)
(0.070631 -1.01666e-08 0)
(0.070631 -1.84243e-08 0)
(0.070631 -2.30872e-08 0)
(0.070631 -2.51127e-08 0)
(0.070631 -2.52733e-08 0)
(0.070631 -2.4178e-08 0)
(0.070631 -2.22959e-08 0)
(0.070631 -1.99791e-08 0)
(0.070631 -1.74839e-08 0)
(0.070631 -1.49898e-08 0)
(0.070631 -1.26165e-08 0)
(0.070631 -1.04378e-08 0)
(0.070631 -8.49307e-09 0)
(0.070631 -6.79744e-09 0)
(0.070631 -5.34872e-09 0)
(0.070631 -4.13356e-09 0)
(0.070631 -3.13187e-09 0)
(0.070631 -2.32003e-09 0)
(0.070631 -1.67332e-09 0)
(0.070631 -1.16744e-09 0)
(0.070631 -7.79658e-10 0)
(0.070631 -4.89334e-10 0)
(0.070631 -2.78278e-10 0)
(0.070631 -1.30823e-10 0)
(0.070631 -3.37621e-11 0)
(0.070631 2.37584e-11 0)
(0.070631 5.07766e-11 0)
(0.070631 5.17084e-11 0)
(0.0929791 -0.00228411 0)
(0.0930814 -0.00280084 0)
(0.0934285 -0.00311423 0)
(0.0939415 -0.00334438 0)
(0.0946184 -0.00353522 0)
(0.0954012 -0.00371331 0)
(0.0962582 -0.00388933 0)
(0.0971656 -0.00406845 0)
(0.0981084 -0.00425431 0)
(0.099077 -0.00445039 0)
(0.100065 -0.00466058 0)
(0.101068 -0.00488916 0)
(0.102084 -0.00514069 0)
(0.103111 -0.00541987 0)
(0.104148 -0.0057314 0)
(0.105194 -0.0060798 0)
(0.106249 -0.0064693 0)
(0.107311 -0.00690366 0)
(0.108379 -0.00738603 0)
(0.109453 -0.00791882 0)
(0.110529 -0.00850352 0)
(0.111605 -0.0091406 0)
(0.112677 -0.00982935 0)
(0.113741 -0.0105677 0)
(0.114791 -0.0113523 0)
(0.115821 -0.0121779 0)
(0.116821 -0.0130378 0)
(0.117782 -0.0139234 0)
(0.118691 -0.0148243 0)
(0.119532 -0.0157285 0)
(0.120287 -0.0166226 0)
(0.120933 -0.0174916 0)
(0.121446 -0.0183194 0)
(0.121795 -0.0190884 0)
(0.12195 -0.0197794 0)
(0.121874 -0.020371 0)
(0.12153 -0.0208405 0)
(0.120876 -0.0211641 0)
(0.119874 -0.0213189 0)
(0.118485 -0.0212841 0)
(0.116678 -0.0210426 0)
(0.114435 -0.0205827 0)
(0.111749 -0.0198999 0)
(0.108636 -0.0189989 0)
(0.105131 -0.0178953 0)
(0.101296 -0.0166154 0)
(0.0972112 -0.0151947 0)
(0.0929801 -0.0136759 0)
(0.0887166 -0.0121044 0)
(0.0845388 -0.0105253 0)
(0.080559 -0.00897991 0)
(0.0768753 -0.00750195 0)
(0.0735639 -0.0061156 0)
(0.070676 -0.00483395 0)
(0.0682374 -0.00365932 0)
(0.0662509 -0.00258501 0)
(0.0647015 -0.00159803 0)
(0.0635618 -0.000682148 0)
(0.062797 0.000179361 0)
(0.0623695 0.00100167 0)
(0.062242 0.00179715 0)
(0.062379 0.00257482 0)
(0.0627482 0.00334035 0)
(0.0633206 0.00409629 0)
(0.0640702 0.00484253 0)
(0.0649738 0.00557677 0)
(0.0660107 0.0062949 0)
(0.0671616 0.00699137 0)
(0.0684085 0.00765949 0)
(0.0697342 0.00829162 0)
(0.0711218 0.00887942 0)
(0.0725544 0.00941394 0)
(0.0740149 0.0098858 0)
(0.0754858 0.0102854 0)
(0.076949 0.0106031 0)
(0.0783859 0.0108294 0)
(0.0797779 0.0109554 0)
(0.081106 0.0109731 0)
(0.0823517 0.0108759 0)
(0.0834974 0.0106592 0)
(0.0845272 0.010321 0)
(0.0854274 0.0098622 0)
(0.0861876 0.00928742 0)
(0.0868007 0.00860486 0)
(0.0872635 0.00782646 0)
(0.087577 0.00696752 0)
(0.0877454 0.00604611 0)
(0.0877758 0.00508235 0)
(0.0876776 0.00409745 0)
(0.087461 0.00311286 0)
(0.0871366 0.00214945 0)
(0.0867146 0.0012268 0)
(0.0862038 0.000362651 0)
(0.0856123 -0.00042744 0)
(0.0849468 -0.00113041 0)
(0.084213 -0.00173588 0)
(0.0834166 -0.00223625 0)
(0.0825633 -0.00262685 0)
(0.0816595 -0.002906 0)
(0.0807132 -0.00307509 0)
(0.0797341 -0.00313854 0)
(0.0787338 -0.00310377 0)
(0.0777257 -0.00298095 0)
(0.0767248 -0.00278265 0)
(0.0757466 -0.00252334 0)
(0.0748064 -0.00221866 0)
(0.0739187 -0.00188468 0)
(0.0730958 -0.001537 0)
(0.072347 -0.00119003 0)
(0.0716791 -0.000856306 0)
(0.0710951 -0.000546079 0)
(0.0705952 -0.000267076 0)
(0.0701772 -2.4521e-05 0)
(0.0698363 0.000178689 0)
(0.0695665 0.000341686 0)
(0.0693605 0.000465273 0)
(0.0692102 0.000551573 0)
(0.0691076 0.000603702 0)
(0.0690445 0.000625488 0)
(0.0690129 0.000621238 0)
(0.0690056 0.000595538 0)
(0.069016 0.000553065 0)
(0.0690382 0.000498421 0)
(0.0690676 0.000435974 0)
(0.0691001 0.000369705 0)
(0.0691327 0.000303094 0)
(0.0691634 0.000239028 0)
(0.0691906 0.000179749 0)
(0.0692137 0.000126848 0)
(0.0692323 8.12929e-05 0)
(0.0692465 4.34932e-05 0)
(0.0692566 1.33851e-05 0)
(0.0692632 -9.46811e-06 0)
(0.0692669 -2.57717e-05 0)
(0.0692682 -3.64002e-05 0)
(0.0692678 -4.23089e-05 0)
(0.0692661 -4.446e-05 0)
(0.0692636 -4.37659e-05 0)
(0.0692608 -4.10497e-05 0)
(0.0692578 -3.70209e-05 0)
(0.0692549 -3.22647e-05 0)
(0.0692522 -2.72421e-05 0)
(0.0692498 -2.22973e-05 0)
(0.0692478 -1.76711e-05 0)
(0.0692461 -1.3516e-05 0)
(0.0692448 -9.91345e-06 0)
(0.0692438 -6.88979e-06 0)
(0.069243 -4.43121e-06 0)
(0.0692425 -2.49666e-06 0)
(0.0692422 -1.0285e-06 0)
(0.069242 3.90119e-08 0)
(0.0692419 7.7346e-07 0)
(0.0692419 1.23974e-06 0)
(0.0692419 1.49719e-06 0)
(0.069242 1.59792e-06 0)
(0.0692421 1.58612e-06 0)
(0.0692422 1.49806e-06 0)
(0.0692423 1.3626e-06 0)
(0.0692424 1.20191e-06 0)
(0.0692425 1.03239e-06 0)
(0.0692426 8.65624e-07 0)
(0.0692427 7.09314e-07 0)
(0.0692427 5.68099e-07 0)
(0.0692428 4.44309e-07 0)
(0.0692428 3.38598e-07 0)
(0.0692428 2.50455e-07 0)
(0.0692428 1.78615e-07 0)
(0.0692429 1.21381e-07 0)
(0.0692429 7.68532e-08 0)
(0.0692429 4.31009e-08 0)
(0.0692429 1.8275e-08 0)
(0.0692429 6.78956e-10 0)
(0.0692429 -1.11922e-08 0)
(0.0692429 -1.86366e-08 0)
(0.0692429 -2.27465e-08 0)
(0.0692429 -2.44205e-08 0)
(0.0692429 -2.43809e-08 0)
(0.0692429 -2.31961e-08 0)
(0.0692429 -2.13026e-08 0)
(0.0692429 -1.90266e-08 0)
(0.0692429 -1.66049e-08 0)
(0.0692429 -1.42023e-08 0)
(0.0692429 -1.19279e-08 0)
(0.0692429 -9.84809e-09 0)
(0.0692429 -7.99747e-09 0)
(0.0692429 -6.38806e-09 0)
(0.0692429 -5.01614e-09 0)
(0.0692429 -3.86782e-09 0)
(0.0692429 -2.92308e-09 0)
(0.0692429 -2.1589e-09 0)
(0.0692429 -1.55137e-09 0)
(0.0692429 -1.07717e-09 0)
(0.0692429 -7.14561e-10 0)
(0.0692429 -4.43883e-10 0)
(0.0692429 -2.47863e-10 0)
(0.0692429 -1.11656e-10 0)
(0.0692429 -2.27966e-11 0)
(0.0692429 2.89487e-11 0)
(0.0692429 5.1924e-11 0)
(0.0692429 5.03063e-11 0)
(0.128206 -0.00224093 0)
(0.128167 -0.00278126 0)
(0.128111 -0.00319902 0)
(0.128103 -0.00352316 0)
(0.128149 -0.00379087 0)
(0.128243 -0.00402617 0)
(0.128376 -0.00424392 0)
(0.128539 -0.00445352 0)
(0.128724 -0.00466164 0)
(0.128924 -0.00487378 0)
(0.129134 -0.00509506 0)
(0.129349 -0.00533049 0)
(0.129566 -0.00558507 0)
(0.129782 -0.00586382 0)
(0.129993 -0.00617162 0)
(0.130197 -0.00651317 0)
(0.130389 -0.0068928 0)
(0.130567 -0.00731437 0)
(0.130726 -0.00778109 0)
(0.130862 -0.00829536 0)
(0.13097 -0.00885863 0)
(0.131043 -0.00947121 0)
(0.131075 -0.0101322 0)
(0.131057 -0.010839 0)
(0.130979 -0.0115878 0)
(0.13083 -0.0123723 0)
(0.130597 -0.0131843 0)
(0.130263 -0.0140133 0)
(0.129809 -0.014846 0)
(0.12921 -0.0156666 0)
(0.128438 -0.0164574 0)
(0.127462 -0.0171984 0)
(0.126246 -0.0178687 0)
(0.124751 -0.0184456 0)
(0.122938 -0.018905 0)
(0.120768 -0.0192208 0)
(0.118201 -0.0193668 0)
(0.115199 -0.0193182 0)
(0.111733 -0.0190549 0)
(0.107784 -0.0185634 0)
(0.103356 -0.0178394 0)
(0.0984782 -0.0168887 0)
(0.0932151 -0.0157285 0)
(0.0876648 -0.0143882 0)
(0.0819583 -0.0129107 0)
(0.0762503 -0.0113512 0)
(0.0707056 -0.00977345 0)
(0.0654817 -0.00824281 0)
(0.0607116 -0.00681713 0)
(0.0564906 -0.00553826 0)
(0.0528703 -0.00442683 0)
(0.0498611 -0.00348182 0)
(0.0474405 -0.00268471 0)
(0.0455639 -0.00200631 0)
(0.0441753 -0.00141385 0)
(0.0432155 -0.000876368 0)
(0.0426283 -0.000367925 0)
(0.0423635 0.000131214 0)
(0.042378 0.000634752 0)
(0.0426359 0.00115119 0)
(0.0431077 0.00168486 0)
(0.0437692 0.00223689 0)
(0.0446003 0.00280601 0)
(0.0455843 0.00338913 0)
(0.0467066 0.00398184 0)
(0.0479541 0.00457871 0)
(0.0493148 0.00517351 0)
(0.0507773 0.00575937 0)
(0.05233 0.00632894 0)
(0.0539615 0.00687445 0)
(0.0556598 0.00738779 0)
(0.0574121 0.0078606 0)
(0.0592051 0.00828434 0)
(0.0610245 0.0086504 0)
(0.0628551 0.00895023 0)
(0.0646805 0.0091755 0)
(0.0664839 0.00931834 0)
(0.0682472 0.00937162 0)
(0.0699521 0.0093293 0)
(0.0715803 0.00918684 0)
(0.0731135 0.00894168 0)
(0.0745344 0.0085936 0)
(0.0758273 0.0081452 0)
(0.0769784 0.00760212 0)
(0.0779764 0.00697314 0)
(0.0788132 0.00627015 0)
(0.0794836 0.00550773 0)
(0.0799856 0.00470276 0)
(0.0803199 0.00387366 0)
(0.0804899 0.00303972 0)
(0.080501 0.00222024 0)
(0.0803603 0.00143385 0)
(0.0800762 0.000697784 0)
(0.0796586 2.73224e-05 0)
(0.0791182 -0.000564719 0)
(0.0784672 -0.00106837 0)
(0.0777193 -0.00147678 0)
(0.0768894 -0.00178645 0)
(0.0759945 -0.00199726 0)
(0.0750529 -0.00211242 0)
(0.0740842 -0.00213828 0)
(0.0731087 -0.00208396 0)
(0.0721467 -0.00196079 0)
(0.0712174 -0.00178169 0)
(0.0703379 -0.00156041 0)
(0.0695227 -0.00131078 0)
(0.0687827 -0.00104605 0)
(0.0681254 -0.000778331 0)
(0.0675542 -0.000518149 0)
(0.0670696 -0.000274216 0)
(0.0666688 -5.33036e-05 0)
(0.0663471 0.00013975 0)
(0.066098 0.000301939 0)
(0.065914 0.000431908 0)
(0.065787 0.000529734 0)
(0.0657089 0.000596677 0)
(0.0656716 0.000634939 0)
(0.0656672 0.000647431 0)
(0.0656884 0.000637569 0)
(0.0657285 0.000609084 0)
(0.0657814 0.000565862 0)
(0.0658417 0.000511787 0)
(0.0659048 0.000450602 0)
(0.0659671 0.000385783 0)
(0.0660258 0.000320424 0)
(0.0660787 0.000257155 0)
(0.0661245 0.000198081 0)
(0.0661627 0.000144757 0)
(0.0661932 9.81977e-05 0)
(0.0662162 5.89121e-05 0)
(0.0662325 2.69687e-05 0)
(0.0662429 2.07325e-06 0)
(0.0662485 -1.63433e-05 0)
(0.0662502 -2.90371e-05 0)
(0.0662491 -3.68694e-05 0)
(0.0662459 -4.07355e-05 0)
(0.0662414 -4.15075e-05 0)
(0.0662362 -3.99919e-05 0)
(0.0662308 -3.69007e-05 0)
(0.0662256 -3.28364e-05 0)
(0.0662207 -2.82874e-05 0)
(0.0662165 -2.36308e-05 0)
(0.0662128 -1.91422e-05 0)
(0.0662097 -1.50086e-05 0)
(0.0662073 -1.13431e-05 0)
(0.0662054 -8.19954e-06 0)
(0.066204 -5.58731e-06 0)
(0.0662031 -3.4837e-06 0)
(0.0662024 -1.84498e-06 0)
(0.066202 -6.15231e-07 0)
(0.0662019 2.66686e-07 0)
(0.0662018 8.62057e-07 0)
(0.0662019 1.22876e-06 0)
(0.066202 1.41904e-06 0)
(0.0662022 1.47831e-06 0)
(0.0662024 1.44476e-06 0)
(0.0662026 1.34947e-06 0)
(0.0662028 1.21697e-06 0)
(0.066203 1.06593e-06 0)
(0.0662031 9.10036e-07 0)
(0.0662032 7.5884e-07 0)
(0.0662033 6.18553e-07 0)
(0.0662034 4.92807e-07 0)
(0.0662035 3.83289e-07 0)
(0.0662035 2.90288e-07 0)
(0.0662036 2.13138e-07 0)
(0.0662036 1.50565e-07 0)
(0.0662036 1.00959e-07 0)
(0.0662037 6.25682e-08 0)
(0.0662037 3.36393e-08 0)
(0.0662037 1.25119e-08 0)
(0.0662037 -2.32518e-09 0)
(0.0662037 -1.22045e-08 0)
(0.0662037 -1.82691e-08 0)
(0.0662037 -2.14767e-08 0)
(0.0662037 -2.26113e-08 0)
(0.0662037 -2.23009e-08 0)
(0.0662037 -2.10372e-08 0)
(0.0662037 -1.91963e-08 0)
(0.0662036 -1.70577e-08 0)
(0.0662036 -1.48227e-08 0)
(0.0662036 -1.26304e-08 0)
(0.0662036 -1.05715e-08 0)
(0.0662036 -8.70001e-09 0)
(0.0662036 -7.04284e-09 0)
(0.0662036 -5.60752e-09 0)
(0.0662036 -4.3884e-09 0)
(0.0662036 -3.37132e-09 0)
(0.0662036 -2.53718e-09 0)
(0.0662036 -1.86456e-09 0)
(0.0662036 -1.33156e-09 0)
(0.0662036 -9.16999e-10 0)
(0.0662036 -6.01274e-10 0)
(0.0662036 -3.6676e-10 0)
(0.0662036 -1.98025e-10 0)
(0.0662036 -8.18655e-11 0)
(0.0662036 -7.24207e-12 0)
(0.0662036 3.4907e-11 0)
(0.0662036 5.18085e-11 0)
(0.0662036 4.69603e-11 0)
(0.146531 -0.00188066 0)
(0.146282 -0.00231824 0)
(0.145972 -0.0027218 0)
(0.145637 -0.00308017 0)
(0.145297 -0.00339776 0)
(0.144959 -0.003683 0)
(0.144623 -0.00394408 0)
(0.144284 -0.00418822 0)
(0.143937 -0.0044219 0)
(0.143577 -0.00465118 0)
(0.143201 -0.00488191 0)
(0.142803 -0.00511983 0)
(0.142381 -0.00537056 0)
(0.141929 -0.00563957 0)
(0.141443 -0.00593211 0)
(0.140919 -0.00625308 0)
(0.140351 -0.00660692 0)
(0.139733 -0.00699748 0)
(0.139058 -0.00742783 0)
(0.138317 -0.00790014 0)
(0.137501 -0.00841545 0)
(0.136598 -0.00897352 0)
(0.135597 -0.0095726 0)
(0.134483 -0.0102091 0)
(0.133239 -0.0108774 0)
(0.131846 -0.0115693 0)
(0.130285 -0.0122734 0)
(0.128529 -0.0129752 0)
(0.126551 -0.0136566 0)
(0.12432 -0.0142967 0)
(0.1218 -0.0148725 0)
(0.118952 -0.0153605 0)
(0.115735 -0.0157368 0)
(0.112108 -0.0159779 0)
(0.108033 -0.0160593 0)
(0.103479 -0.0159551 0)
(0.0984257 -0.0156385 0)
(0.0928726 -0.0150864 0)
(0.0868556 -0.0142858 0)
(0.0804561 -0.0132421 0)
(0.073805 -0.0119833 0)
(0.0670773 -0.0105624 0)
(0.0604775 -0.00905632 0)
(0.0542142 -0.00755791 0)
(0.0484714 -0.00616035 0)
(0.0433822 -0.00493831 0)
(0.0390159 -0.00393315 0)
(0.0353786 -0.00314867 0)
(0.0324281 -0.00255831 0)
(0.0300925 -0.0021189 0)
(0.0282884 -0.00178411 0)
(0.0269341 -0.00151325 0)
(0.0259566 -0.00127487 0)
(0.0252952 -0.00104666 0)
(0.0249018 -0.000813504 0)
(0.0247394 -0.000565359 0)
(0.0247806 -0.000295512 0)
(0.0250047 4.54395e-07 0)
(0.0253967 0.000325177 0)
(0.0259449 0.000679716 0)
(0.0266402 0.00106366 0)
(0.0274749 0.00147523 0)
(0.0284426 0.00191143 0)
(0.0295369 0.00236821 0)
(0.0307518 0.00284067 0)
(0.0320813 0.00332321 0)
(0.0335188 0.00380972 0)
(0.0350574 0.0042937 0)
(0.0366894 0.00476834 0)
(0.0384063 0.00522659 0)
(0.040199 0.00566124 0)
(0.0420569 0.00606501 0)
(0.0439686 0.00643053 0)
(0.0459217 0.00675049 0)
(0.0479023 0.00701771 0)
(0.0498955 0.00722527 0)
(0.0518851 0.00736665 0)
(0.0538541 0.00743601 0)
(0.0557844 0.00742839 0)
(0.0576573 0.00734004 0)
(0.0594539 0.00716877 0)
(0.0611552 0.00691425 0)
(0.0627432 0.00657836 0)
(0.0642007 0.00616543 0)
(0.0655124 0.00568234 0)
(0.0666651 0.00513851 0)
(0.0676485 0.00454574 0)
(0.068455 0.00391783 0)
(0.0690804 0.00327005 0)
(0.0695237 0.00261859 0)
(0.0697873 0.00197976 0)
(0.0698768 0.00136937 0)
(0.0698011 0.000801922 0)
(0.0695722 0.000290069 0)
(0.0692047 -0.000155998 0)
(0.0687164 -0.000528933 0)
(0.0681271 -0.000824492 0)
(0.0674586 -0.0010416 0)
(0.0667339 -0.00118223 0)
(0.0659763 -0.00125108 0)
(0.0652087 -0.0012551 0)
(0.0644525 -0.00120294 0)
(0.0637268 -0.0011043 0)
(0.0630476 -0.000969362 0)
(0.0624277 -0.000808301 0)
(0.0618761 -0.00063087 0)
(0.0613981 -0.000446119 0)
(0.0609962 -0.000262169 0)
(0.0606696 -8.60607e-05 0)
(0.0604154 7.63659e-05 0)
(0.0602288 0.000220544 0)
(0.0601037 0.000343206 0)
(0.060033 0.000442361 0)
(0.0600091 0.000517211 0)
(0.0600244 0.000568032 0)
(0.0600712 0.000596015 0)
(0.0601421 0.000603089 0)
(0.0602303 0.000591744 0)
(0.0603294 0.000564854 0)
(0.0604338 0.000525514 0)
(0.0605387 0.00047689 0)
(0.0606399 0.000422078 0)
(0.0607344 0.000363994 0)
(0.0608196 0.000305261 0)
(0.0608941 0.000248138 0)
(0.060957 0.000194462 0)
(0.0610082 0.000145619 0)
(0.0610481 0.000102548 0)
(0.0610776 6.57633e-05 0)
(0.0610979 3.53994e-05 0)
(0.0611103 1.12747e-05 0)
(0.0611162 -7.04023e-06 0)
(0.0611171 -2.01507e-05 0)
(0.0611142 -2.8769e-05 0)
(0.0611088 -3.3654e-05 0)
(0.0611018 -3.55597e-05 0)
(0.061094 -3.51971e-05 0)
(0.0610861 -3.32063e-05 0)
(0.0610784 -3.01399e-05 0)
(0.0610715 -2.64562e-05 0)
(0.0610653 -2.25189e-05 0)
(0.06106 -1.86033e-05 0)
(0.0610557 -1.49048e-05 0)
(0.0610522 -1.15514e-05 0)
(0.0610495 -8.61503e-06 0)
(0.0610475 -6.12435e-06 0)
(0.0610461 -4.07542e-06 0)
(0.0610452 -2.4417e-06 0)
(0.0610447 -1.18226e-06 0)
(0.0610444 -2.48442e-07 0)
(0.0610444 4.11103e-07 0)
(0.0610445 8.46688e-07 0)
(0.0610447 1.10511e-06 0)
(0.0610449 1.2281e-06 0)
(0.0610452 1.25162e-06 0)
(0.0610455 1.20565e-06 0)
(0.0610458 1.11442e-06 0)
(0.061046 9.96872e-07 0)
(0.0610462 8.67354e-07 0)
(0.0610464 7.36254e-07 0)
(0.0610466 6.10723e-07 0)
(0.0610467 4.95327e-07 0)
(0.0610468 3.92634e-07 0)
(0.0610469 3.03721e-07 0)
(0.061047 2.28604e-07 0)
(0.061047 1.6658e-07 0)
(0.061047 1.16503e-07 0)
(0.0610471 7.6985e-08 0)
(0.0610471 4.65529e-08 0)
(0.0610471 2.37524e-08 0)
(0.0610471 7.2181e-09 0)
(0.0610471 -4.28422e-09 0)
(0.0610471 -1.18368e-08 0)
(0.0610471 -1.63643e-08 0)
(0.0610471 -1.86381e-08 0)
(0.0610471 -1.92874e-08 0)
(0.0610471 -1.88146e-08 0)
(0.0610471 -1.76115e-08 0)
(0.0610471 -1.59764e-08 0)
(0.061047 -1.413e-08 0)
(0.061047 -1.22304e-08 0)
(0.061047 -1.03856e-08 0)
(0.061047 -8.66542e-09 0)
(0.061047 -7.1102e-09 0)
(0.061047 -5.73902e-09 0)
(0.061047 -4.55575e-09 0)
(0.061047 -3.55394e-09 0)
(0.061047 -2.72063e-09 0)
(0.061047 -2.03917e-09 0)
(0.061047 -1.49127e-09 0)
(0.061047 -1.05841e-09 0)
(0.061047 -7.22911e-10 0)
(0.061047 -4.68434e-10 0)
(0.061047 -2.80383e-10 0)
(0.061047 -1.46031e-10 0)
(0.061047 -5.44983e-11 0)
(0.061047 3.24874e-12 0)
(0.061047 3.47049e-11 0)
(0.061047 4.55478e-11 0)
(0.061047 3.9134e-11 0)
(0.145975 -0.0016349 0)
(0.145593 -0.00201015 0)
(0.145127 -0.00236795 0)
(0.144592 -0.00269366 0)
(0.144002 -0.00298445 0)
(0.143362 -0.00324347 0)
(0.142676 -0.00347629 0)
(0.141944 -0.00368927 0)
(0.141163 -0.00388886 0)
(0.140334 -0.00408137 0)
(0.139453 -0.00427285 0)
(0.138518 -0.00446906 0)
(0.137526 -0.00467545 0)
(0.136472 -0.00489712 0)
(0.135352 -0.00513876 0)
(0.134159 -0.00540456 0)
(0.132885 -0.00569807 0)
(0.131521 -0.00602207 0)
(0.130054 -0.00637842 0)
(0.128472 -0.0067679 0)
(0.12676 -0.00718999 0)
(0.1249 -0.00764274 0)
(0.122873 -0.00812255 0)
(0.120658 -0.00862386 0)
(0.118232 -0.00913885 0)
(0.115567 -0.00965698 0)
(0.112636 -0.0101643 0)
(0.109408 -0.010643 0)
(0.105847 -0.0110707 0)
(0.101915 -0.011421 0)
(0.097573 -0.0116644 0)
(0.0927853 -0.0117705 0)
(0.0875291 -0.0117098 0)
(0.0818033 -0.0114551 0)
(0.0756378 -0.0109821 0)
(0.0691049 -0.0102731 0)
(0.0623287 -0.00933101 0)
(0.0554865 -0.00819601 0)
(0.0487905 -0.00694922 0)
(0.0424596 -0.00569708 0)
(0.0366871 -0.00454526 0)
(0.031612 -0.00357362 0)
(0.0272973 -0.00281978 0)
(0.0237297 -0.0022767 0)
(0.0208401 -0.00190505 0)
(0.0185308 -0.00165249 0)
(0.0166983 -0.00147115 0)
(0.0152472 -0.00132793 0)
(0.0140985 -0.00120616 0)
(0.0131918 -0.00110057 0)
(0.0124841 -0.00100994 0)
(0.011946 -0.000931721 0)
(0.0115584 -0.000860063 0)
(0.0113086 -0.000786606 0)
(0.011188 -0.00070221 0)
(0.0111915 -0.000598523 0)
(0.0113159 -0.000468926 0)
(0.0115596 -0.000308887 0)
(0.0119225 -0.000115947 0)
(0.0124049 0.000110487 0)
(0.0130077 0.000369421 0)
(0.0137314 0.000658556 0)
(0.0145763 0.000974556 0)
(0.0155418 0.00131328 0)
(0.0166268 0.00166998 0)
(0.0178287 0.00203947 0)
(0.0191443 0.00241622 0)
(0.020569 0.00279451 0)
(0.0220971 0.00316845 0)
(0.0237218 0.00353206 0)
(0.025435 0.00387932 0)
(0.0272272 0.0042042 0)
(0.0290877 0.00450073 0)
(0.0310047 0.00476303 0)
(0.0329648 0.0049854 0)
(0.0349536 0.00516242 0)
(0.0369551 0.00528907 0)
(0.0389524 0.0053609 0)
(0.0409278 0.00537422 0)
(0.0428623 0.00532631 0)
(0.0447369 0.0052157 0)
(0.0465323 0.00504239 0)
(0.0482295 0.00480806 0)
(0.0498103 0.00451626 0)
(0.051258 0.00417251 0)
(0.0525579 0.00378426 0)
(0.0536979 0.00336072 0)
(0.0546688 0.00291258 0)
(0.0554649 0.00245161 0)
(0.0560844 0.00199007 0)
(0.0565294 0.00154021 0)
(0.0568057 0.00111355 0)
(0.0569235 0.000720403 0)
(0.0568961 0.000369317 0)
(0.0567403 6.67417e-05 0)
(0.0564751 -0.000183186 0)
(0.0561216 -0.000378668 0)
(0.0557016 -0.000520114 0)
(0.0552371 -0.000609881 0)
(0.0547493 -0.000651921 0)
(0.0542578 -0.000651407 0)
(0.05378 -0.000614367 0)
(0.0533307 -0.000547363 0)
(0.0529221 -0.000457198 0)
(0.0525631 -0.000350682 0)
(0.0522598 -0.0002344 0)
(0.0520156 -0.00011452 0)
(0.0518313 3.39676e-06 0)
(0.0517056 0.000114538 0)
(0.0516352 0.000214963 0)
(0.0516153 0.000301665 0)
(0.0516399 0.000372597 0)
(0.0517023 0.000426644 0)
(0.0517954 0.000463555 0)
(0.0519119 0.00048384 0)
(0.0520449 0.000488647 0)
(0.0521877 0.000479625 0)
(0.0523343 0.000458782 0)
(0.0524795 0.00042835 0)
(0.0526188 0.00039066 0)
(0.0527485 0.000348021 0)
(0.0528661 0.000302631 0)
(0.0529697 0.000256482 0)
(0.0530584 0.000211309 0)
(0.053132 0.000168537 0)
(0.0531909 0.000129266 0)
(0.053236 9.42625e-05 0)
(0.0532688 6.39791e-05 0)
(0.0532907 3.8584e-05 0)
(0.0533035 1.80032e-05 0)
(0.053309 1.96892e-06 0)
(0.0533088 -9.92945e-06 0)
(0.0533044 -1.81959e-05 0)
(0.0532972 -2.33828e-05 0)
(0.0532883 -2.60529e-05 0)
(0.0532787 -2.67486e-05 0)
(0.053269 -2.59691e-05 0)
(0.0532597 -2.4156e-05 0)
(0.0532512 -2.16846e-05 0)
(0.0532438 -1.88618e-05 0)
(0.0532374 -1.5928e-05 0)
(0.0532321 -1.30624e-05 0)
(0.0532279 -1.03899e-05 0)
(0.0532246 -7.98985e-06 0)
(0.0532221 -5.90441e-06 0)
(0.0532204 -4.14699e-06 0)
(0.0532192 -2.70981e-06 0)
(0.0532185 -1.57051e-06 0)
(0.0532182 -6.97685e-07 0)
(0.0532181 -5.53081e-08 0)
(0.0532182 3.93919e-07 0)
(0.0532184 6.86129e-07 0)
(0.0532187 8.5467e-07 0)
(0.053219 9.29131e-07 0)
(0.0532194 9.34888e-07 0)
(0.0532197 8.9303e-07 0)
(0.05322 8.2055e-07 0)
(0.0532203 7.30708e-07 0)
(0.0532205 6.3349e-07 0)
(0.0532207 5.36107e-07 0)
(0.0532209 4.43491e-07 0)
(0.053221 3.58756e-07 0)
(0.0532211 2.83615e-07 0)
(0.0532212 2.18739e-07 0)
(0.0532213 1.64058e-07 0)
(0.0532213 1.19004e-07 0)
(0.0532213 8.27012e-08 0)
(0.0532213 5.41144e-08 0)
(0.0532214 3.21531e-08 0)
(0.0532214 1.57473e-08 0)
(0.0532214 3.89613e-09 0)
(0.0532214 -4.30305e-09 0)
(0.0532214 -9.64037e-09 0)
(0.0532214 -1.27899e-08 0)
(0.0532214 -1.43134e-08 0)
(0.0532213 -1.46687e-08 0)
(0.0532213 -1.42209e-08 0)
(0.0532213 -1.32544e-08 0)
(0.0532213 -1.19855e-08 0)
(0.0532213 -1.05738e-08 0)
(0.0532213 -9.13334e-09 0)
(0.0532213 -7.74188e-09 0)
(0.0532213 -6.44909e-09 0)
(0.0532213 -5.28347e-09 0)
(0.0532213 -4.25799e-09 0)
(0.0532213 -3.37461e-09 0)
(0.0532213 -2.62788e-09 0)
(0.0532213 -2.00767e-09 0)
(0.0532213 -1.50122e-09 0)
(0.0532213 -1.09466e-09 0)
(0.0532213 -7.74037e-10 0)
(0.0532213 -5.26056e-10 0)
(0.0532213 -3.38486e-10 0)
(0.0532213 -2.004e-10 0)
(0.0532213 -1.02294e-10 0)
(0.0532213 -3.60475e-11 0)
(0.0532213 5.05064e-12 0)
(0.0532213 2.68095e-11 0)
(0.0532213 3.28807e-11 0)
(0.0532213 2.73538e-11 0)
(0.12655 -0.0013362 0)
(0.125996 -0.00161709 0)
(0.12533 -0.00188535 0)
(0.124557 -0.00212797 0)
(0.123689 -0.0023406 0)
(0.122732 -0.00252485 0)
(0.12169 -0.00268547 0)
(0.120569 -0.0028285 0)
(0.119371 -0.00296019 0)
(0.118097 -0.00308646 0)
(0.116747 -0.00321274 0)
(0.11532 -0.00334391 0)
(0.113813 -0.00348429 0)
(0.112221 -0.0036377 0)
(0.110537 -0.00380733 0)
(0.108752 -0.00399577 0)
(0.106855 -0.00420479 0)
(0.104832 -0.00443528 0)
(0.102666 -0.00468706 0)
(0.100341 -0.00495867 0)
(0.0978347 -0.00524726 0)
(0.095125 -0.00554829 0)
(0.0921873 -0.00585527 0)
(0.0889956 -0.00615928 0)
(0.0855231 -0.00644833 0)
(0.0817439 -0.00670629 0)
(0.0776343 -0.00691174 0)
(0.0731766 -0.00703729 0)
(0.0683643 -0.00705104 0)
(0.0632091 -0.00692182 0)
(0.0577494 -0.0066279 0)
(0.052056 -0.00616579 0)
(0.0462347 -0.00555502 0)
(0.0404278 -0.00483642 0)
(0.0348134 -0.00406551 0)
(0.0295875 -0.0033062 0)
(0.0249176 -0.00262325 0)
(0.0208906 -0.00206705 0)
(0.0175053 -0.00165854 0)
(0.0147045 -0.00138616 0)
(0.0124097 -0.00121303 0)
(0.0105383 -0.00109065 0)
(0.00900925 -0.000978344 0)
(0.0077486 -0.000858516 0)
(0.00669565 -0.000736995 0)
(0.00580556 -0.000630475 0)
(0.00504752 -0.000553262 0)
(0.0044003 -0.000511191 0)
(0.00384775 -0.000502057 0)
(0.0033761 -0.0005185 0)
(0.00297339 -0.000550749 0)
(0.00263028 -0.000588569 0)
(0.00234117 -0.000622549 0)
(0.00210464 -0.000644813 0)
(0.00192321 -0.000649245 0)
(0.00180253 -0.000631383 0)
(0.00175038 -0.000588172 0)
(0.00177572 -0.000517736 0)
(0.00188787 -0.000419222 0)
(0.00209578 -0.000292702 0)
(0.00240765 -0.000139109 0)
(0.00283049 3.98402e-05 0)
(0.00336994 0.000241725 0)
(0.00403009 0.000463527 0)
(0.00481339 0.000701744 0)
(0.00572067 0.000952493 0)
(0.00675108 0.00121162 0)
(0.00790213 0.00147476 0)
(0.00916972 0.00173746 0)
(0.0105482 0.00199517 0)
(0.0120302 0.00224334 0)
(0.0136072 0.00247744 0)
(0.0152687 0.00269304 0)
(0.0170031 0.00288578 0)
(0.0187972 0.00305154 0)
(0.0206366 0.0031864 0)
(0.0225054 0.00328683 0)
(0.0243868 0.00334974 0)
(0.0262628 0.00337265 0)
(0.0281147 0.00335381 0)
(0.0299234 0.00329241 0)
(0.0316696 0.00318866 0)
(0.0333345 0.003044 0)
(0.0348998 0.00286117 0)
(0.0363489 0.00264421 0)
(0.037667 0.00239847 0)
(0.0388418 0.00213043 0)
(0.0398642 0.00184746 0)
(0.0407283 0.00155754 0)
(0.0414322 0.00126885 0)
(0.0419779 0.000989367 0)
(0.0423711 0.000726437 0)
(0.0426216 0.000486442 0)
(0.0427422 0.000274498 0)
(0.0427486 9.42692e-05 0)
(0.0426588 -5.21129e-05 0)
(0.0424917 -0.000164028 0)
(0.0422671 -0.00024226 0)
(0.0420044 -0.000288813 0)
(0.0417218 -0.00030668 0)
(0.0414361 -0.000299584 0)
(0.041162 -0.000271711 0)
(0.0409118 -0.000227458 0)
(0.040695 -0.00017122 0)
(0.0405189 -0.000107216 0)
(0.0403876 -3.93617e-05 0)
(0.0403033 2.88214e-05 0)
(0.0402655 9.42702e-05 0)
(0.040272 0.000154424 0)
(0.0403191 0.000207252 0)
(0.0404016 0.00025127 0)
(0.0405138 0.00028554 0)
(0.0406493 0.000309647 0)
(0.0408016 0.000323658 0)
(0.0409643 0.000328067 0)
(0.0411316 0.000323719 0)
(0.041298 0.000311727 0)
(0.0414589 0.000293388 0)
(0.0416105 0.000270099 0)
(0.0417497 0.000243277 0)
(0.0418745 0.000214293 0)
(0.0419835 0.000184415 0)
(0.0420763 0.000154768 0)
(0.042153 0.000126297 0)
(0.0422143 9.97551e-05 0)
(0.0422614 7.56975e-05 0)
(0.0422957 5.44865e-05 0)
(0.042319 3.63066e-05 0)
(0.042333 2.11868e-05 0)
(0.0423394 9.02617e-06 0)
(0.0423401 -3.76815e-07 0)
(0.0423363 -7.29613e-06 0)
(0.0423296 -1.20508e-05 0)
(0.042321 -1.49805e-05 0)
(0.0423114 -1.64257e-05 0)
(0.0423017 -1.67105e-05 0)
(0.0422922 -1.61318e-05 0)
(0.0422835 -1.49509e-05 0)
(0.0422757 -1.33894e-05 0)
(0.0422689 -1.16285e-05 0)
(0.0422632 -9.81008e-06 0)
(0.0422586 -8.03989e-06 0)
(0.0422549 -6.39182e-06 0)
(0.0422521 -4.91275e-06 0)
(0.04225 -3.62756e-06 0)
(0.0422486 -2.54404e-06 0)
(0.0422477 -1.6573e-06 0)
(0.0422472 -9.53703e-07 0)
(0.042247 -4.14142e-07 0)
(0.042247 -1.66611e-08 0)
(0.0422471 2.61509e-07 0)
(0.0422474 4.42486e-07 0)
(0.0422477 5.46738e-07 0)
(0.042248 5.92484e-07 0)
(0.0422484 5.95394e-07 0)
(0.0422487 5.68535e-07 0)
(0.042249 5.2247e-07 0)
(0.0422492 4.6547e-07 0)
(0.0422494 4.03788e-07 0)
(0.0422496 3.41956e-07 0)
(0.0422498 2.83091e-07 0)
(0.0422499 2.29171e-07 0)
(0.04225 1.81295e-07 0)
(0.0422501 1.39906e-07 0)
(0.0422501 1.04977e-07 0)
(0.0422502 7.61596e-08 0)
(0.0422502 5.29117e-08 0)
(0.0422502 3.45834e-08 0)
(0.0422502 2.04876e-08 0)
(0.0422502 9.94715e-09 0)
(0.0422502 2.32655e-09 0)
(0.0422502 -2.94892e-09 0)
(0.0422502 -6.3837e-09 0)
(0.0422502 -8.40914e-09 0)
(0.0422502 -9.38556e-09 0)
(0.0422502 -9.60723e-09 0)
(0.0422502 -9.30927e-09 0)
(0.0422502 -8.67526e-09 0)
(0.0422502 -7.84499e-09 0)
(0.0422502 -6.92195e-09 0)
(0.0422502 -5.98012e-09 0)
(0.0422502 -5.0701e-09 0)
(0.0422502 -4.22429e-09 0)
(0.0422502 -3.46136e-09 0)
(0.0422502 -2.78987e-09 0)
(0.0422502 -2.21119e-09 0)
(0.0422502 -1.72185e-09 0)
(0.0422502 -1.31531e-09 0)
(0.0422502 -9.83279e-10 0)
(0.0422502 -7.16732e-10 0)
(0.0422502 -5.06574e-10 0)
(0.0422502 -3.44122e-10 0)
(0.0422502 -2.21372e-10 0)
(0.0422502 -1.31186e-10 0)
(0.0422502 -6.7333e-11 0)
(0.0422502 -2.44205e-11 0)
(0.0422502 1.71129e-12 0)
(0.0422502 1.56114e-11 0)
(0.0422502 1.85152e-11 0)
(0.0422502 1.51644e-11 0)
(0.088075 -0.00088616 0)
(0.0873179 -0.00106037 0)
(0.0864261 -0.00121243 0)
(0.0854102 -0.00133455 0)
(0.084285 -0.00142665 0)
(0.083065 -0.00149376 0)
(0.0817624 -0.00154306 0)
(0.0803864 -0.00158182 0)
(0.0789429 -0.00161627 0)
(0.0774348 -0.00165132 0)
(0.075862 -0.0016906 0)
(0.0742216 -0.00173669 0)
(0.0725082 -0.00179132 0)
(0.0707142 -0.00185546 0)
(0.0688298 -0.00192937 0)
(0.0668432 -0.0020125 0)
(0.0647414 -0.00210344 0)
(0.0625098 -0.00219978 0)
(0.0601334 -0.00229802 0)
(0.057597 -0.00239348 0)
(0.0548863 -0.00248033 0)
(0.0519893 -0.00255168 0)
(0.0488979 -0.00259974 0)
(0.0456103 -0.00261617 0)
(0.0421347 -0.00259243 0)
(0.0384937 -0.0025203 0)
(0.0347296 -0.00239265 0)
(0.0309086 -0.00220495 0)
(0.0271193 -0.00195848 0)
(0.023462 -0.00166492 0)
(0.0200295 -0.00134842 0)
(0.0168892 -0.00104282 0)
(0.0140766 -0.000787386 0)
(0.0115984 -0.000620002 0)
(0.00944708 -0.000558257 0)
(0.00761117 -0.000575876 0)
(0.00607273 -0.000607358 0)
(0.00479986 -0.000590468 0)
(0.00374954 -0.000506093 0)
(0.00287702 -0.000378598 0)
(0.00214361 -0.000247526 0)
(0.00152119 -0.000142436 0)
(0.000992208 -7.54003e-05 0)
(0.000544957 -4.55118e-05 0)
(0.000167283 -4.53921e-05 0)
(-0.000156395 -6.54958e-05 0)
(-0.000443826 -9.68384e-05 0)
(-0.000711958 -0.000132928 0)
(-0.000974723 -0.000170489 0)
(-0.00124213 -0.00020872 0)
(-0.00152013 -0.00024776 0)
(-0.00181074 -0.000287358 0)
(-0.00211228 -0.000326257 0)
(-0.00241976 -0.000362237 0)
(-0.00272541 -0.000392504 0)
(-0.0030192 -0.000414129 0)
(-0.00328952 -0.000424401 0)
(-0.00352372 -0.000421064 0)
(-0.00370869 -0.000402447 0)
(-0.00383134 -0.000367531 0)
(-0.00387915 -0.000315947 0)
(-0.00384056 -0.00024796 0)
(-0.00370532 -0.000164403 0)
(-0.00346478 -6.66129e-05 0)
(-0.00311208 4.36504e-05 0)
(-0.0026423 0.000164288 0)
(-0.00205252 0.000292939 0)
(-0.00134184 0.000427048 0)
(-0.00051137 0.00056393 0)
(0.00043577 0.000700823 0)
(0.00149453 0.000834931 0)
(0.00265796 0.000963466 0)
(0.00391732 0.00108369 0)
(0.00526208 0.00119294 0)
(0.00668008 0.00128871 0)
(0.00815761 0.00136866 0)
(0.00967955 0.00143068 0)
(0.0112295 0.00147302 0)
(0.0127901 0.00149426 0)
(0.0143431 0.00149353 0)
(0.01587 0.00147047 0)
(0.017352 0.00142539 0)
(0.018771 0.00135932 0)
(0.0201097 0.00127401 0)
(0.0213523 0.00117195 0)
(0.0224851 0.00105632 0)
(0.023497 0.00093084 0)
(0.0243801 0.000799606 0)
(0.0251297 0.000666898 0)
(0.0257452 0.000536916 0)
(0.0262293 0.00041354 0)
(0.0265886 0.000300108 0)
(0.0268327 0.000199243 0)
(0.026974 0.000112747 0)
(0.027027 4.15797e-05 0)
(0.0270075 -1.40939e-05 0)
(0.0269318 -5.47884e-05 0)
(0.0268161 -8.15483e-05 0)
(0.0266758 -9.57847e-05 0)
(0.026525 -9.91254e-05 0)
(0.026376 -9.32918e-05 0)
(0.026239 -8.00121e-05 0)
(0.0261222 -6.09674e-05 0)
(0.0260318 -3.77631e-05 0)
(0.0259717 -1.19136e-05 0)
(0.0259439 1.51677e-05 0)
(0.0259489 4.21827e-05 0)
(0.0259855 6.79684e-05 0)
(0.0260512 9.15207e-05 0)
(0.0261427 0.00011202 0)
(0.0262559 0.000128853 0)
(0.026386 0.000141622 0)
(0.0265283 0.000150148 0)
(0.026678 0.000154458 0)
(0.0268305 0.000154763 0)
(0.0269815 0.000151424 0)
(0.0271273 0.000144918 0)
(0.027265 0.000135798 0)
(0.027392 0.000124658 0)
(0.0275066 0.000112099 0)
(0.0276077 9.86986e-05 0)
(0.0276948 8.49915e-05 0)
(0.027768 7.14494e-05 0)
(0.0278278 5.84703e-05 0)
(0.0278751 4.6372e-05 0)
(0.027911 3.53901e-05 0)
(0.0279369 2.56804e-05 0)
(0.0279541 1.73243e-05 0)
(0.0279642 1.03377e-05 0)
(0.0279685 4.6808e-06 0)
(0.0279683 2.69707e-07 0)
(0.0279649 -3.01189e-06 0)
(0.0279592 -5.30155e-06 0)
(0.0279521 -6.74777e-06 0)
(0.0279443 -7.50105e-06 0)
(0.0279365 -7.70659e-06 0)
(0.0279288 -7.49881e-06 0)
(0.0279218 -6.99745e-06 0)
(0.0279155 -6.30539e-06 0)
(0.02791 -5.50775e-06 0)
(0.0279054 -4.67216e-06 0)
(0.0279016 -3.84987e-06 0)
(0.0278986 -3.07743e-06 0)
(0.0278963 -2.37878e-06 0)
(0.0278946 -1.7674e-06 0)
(0.0278934 -1.24852e-06 0)
(0.0278926 -8.21132e-07 0)
(0.0278922 -4.79832e-07 0)
(0.027892 -2.16348e-07 0)
(0.027892 -2.08188e-08 0)
(0.0278921 1.17212e-07 0)
(0.0278923 2.08062e-07 0)
(0.0278926 2.61396e-07 0)
(0.0278929 2.85907e-07 0)
(0.0278931 2.89139e-07 0)
(0.0278934 2.77434e-07 0)
(0.0278936 2.5596e-07 0)
(0.0278939 2.28797e-07 0)
(0.027894 1.99052e-07 0)
(0.0278942 1.69002e-07 0)
(0.0278943 1.40225e-07 0)
(0.0278944 1.13744e-07 0)
(0.0278945 9.01401e-08 0)
(0.0278946 6.96667e-08 0)
(0.0278946 5.23381e-08 0)
(0.0278947 3.80053e-08 0)
(0.0278947 2.64157e-08 0)
(0.0278947 1.72599e-08 0)
(0.0278947 1.02055e-08 0)
(0.0278947 4.92198e-09 0)
(0.0278947 1.09683e-09 0)
(0.0278947 -1.55404e-09 0)
(0.0278947 -3.2811e-09 0)
(0.0278947 -4.29939e-09 0)
(0.0278947 -4.78909e-09 0)
(0.0278947 -4.89783e-09 0)
(0.0278947 -4.74385e-09 0)
(0.0278947 -4.41973e-09 0)
(0.0278947 -3.9961e-09 0)
(0.0278947 -3.52536e-09 0)
(0.0278947 -3.04508e-09 0)
(0.0278947 -2.58098e-09 0)
(0.0278947 -2.14957e-09 0)
(0.0278947 -1.7604e-09 0)
(0.0278947 -1.41786e-09 0)
(0.0278947 -1.1227e-09 0)
(0.0278947 -8.73169e-10 0)
(0.0278947 -6.65943e-10 0)
(0.0278947 -4.96812e-10 0)
(0.0278947 -3.6117e-10 0)
(0.0278947 -2.54381e-10 0)
(0.0278947 -1.72002e-10 0)
(0.0278947 -1.09951e-10 0)
(0.0278947 -6.45504e-11 0)
(0.0278947 -3.26978e-11 0)
(0.0278947 -1.13899e-11 0)
(0.0278947 1.0335e-12 0)
(0.0278947 7.73541e-12 0)
(0.0278947 8.72406e-12 0)
(0.0278947 6.77507e-12 0)
(0.0325089 -0.000263263 0)
(0.0318425 -0.000291197 0)
(0.0311015 -0.000298528 0)
(0.0303112 -0.00028906 0)
(0.0294913 -0.000269995 0)
(0.0286538 -0.000248681 0)
(0.0278035 -0.000230427 0)
(0.0269407 -0.000217925 0)
(0.0260633 -0.000211728 0)
(0.0251678 -0.000211101 0)
(0.0242501 -0.000214746 0)
(0.0233057 -0.000221251 0)
(0.0223302 -0.000229259 0)
(0.0213192 -0.00023747 0)
(0.020269 -0.00024456 0)
(0.0191767 -0.000249092 0)
(0.0180409 -0.000249469 0)
(0.0168622 -0.000243956 0)
(0.0156438 -0.000230793 0)
(0.0143918 -0.000208418 0)
(0.0131157 -0.000175828 0)
(0.0118277 -0.000133084 0)
(0.0105427 -8.19534e-05 0)
(0.00927713 -2.6637e-05 0)
(0.00804683 2.56415e-05 0)
(0.00686587 6.47088e-05 0)
(0.0057451 7.9171e-05 0)
(0.0046928 6.07613e-05 0)
(0.00371749 1.05334e-05 0)
(0.00283107 -5.72595e-05 0)
(0.00204917 -0.000118632 0)
(0.00138741 -0.000150433 0)
(0.000853858 -0.000141506 0)
(0.000438952 -9.72939e-05 0)
(0.000111648 -3.49027e-05 0)
(-0.000167671 2.6915e-05 0)
(-0.000423938 7.4603e-05 0)
(-0.000656093 0.000101026 0)
(-0.000848293 0.000104661 0)
(-0.000989427 8.91007e-05 0)
(-0.00108233 6.22786e-05 0)
(-0.00113971 3.41314e-05 0)
(-0.00117591 1.29078e-05 0)
(-0.00120219 2.23171e-06 0)
(-0.00122648 8.34824e-07 0)
(-0.00125467 4.60992e-06 0)
(-0.00129147 9.12859e-06 0)
(-0.00134075 1.12108e-05 0)
(-0.00140591 9.32699e-06 0)
(-0.00149016 3.29133e-06 0)
(-0.00159652 -6.26445e-06 0)
(-0.00172744 -1.83617e-05 0)
(-0.00188431 -3.1991e-05 0)
(-0.00206699 -4.62676e-05 0)
(-0.00227359 -6.04634e-05 0)
(-0.00250045 -7.39712e-05 0)
(-0.00274224 -8.62501e-05 0)
(-0.00299214 -9.67864e-05 0)
(-0.00324215 -0.000105083 0)
(-0.00348338 -0.000110676 0)
(-0.00370637 -0.000113158 0)
(-0.00390148 -0.00011222 0)
(-0.00405922 -0.00010767 0)
(-0.00417056 -9.94513e-05 0)
(-0.0042273 -8.76491e-05 0)
(-0.00422224 -7.2483e-05 0)
(-0.00414946 -5.42947e-05 0)
(-0.00400447 -3.35313e-05 0)
(-0.00378429 -1.07256e-05 0)
(-0.00348757 1.3523e-05 0)
(-0.00311462 3.8568e-05 0)
(-0.00266739 6.37337e-05 0)
(-0.00214949 8.83334e-05 0)
(-0.00156612 0.000111687 0)
(-0.000924001 0.000133139 0)
(-0.000231289 0.00015208 0)
(0.000502589 0.000167963 0)
(0.00126709 0.000180332 0)
(0.00205076 0.000188838 0)
(0.00284152 0.000193266 0)
(0.00362697 0.000193551 0)
(0.00439473 0.000189794 0)
(0.00513285 0.000182262 0)
(0.00583022 0.000171384 0)
(0.006477 0.000157732 0)
(0.00706498 0.000141979 0)
(0.00758795 0.000124863 0)
(0.00804189 0.000107122 0)
(0.00842513 8.94515e-05 0)
(0.00873831 7.24507e-05 0)
(0.00898423 5.65962e-05 0)
(0.00916757 4.22275e-05 0)
(0.00929453 2.95533e-05 0)
(0.00937243 1.86717e-05 0)
(0.00940919 9.59843e-06 0)
(0.00941298 2.29439e-06 0)
(0.00939184 -3.31219e-06 0)
(0.00935338 -7.31262e-06 0)
(0.00930454 -9.81298e-06 0)
(0.00925152 -1.09345e-05 0)
(0.00919962 -1.08157e-05 0)
(0.00915328 -9.61314e-06 0)
(0.00911603 -7.49961e-06 0)
(0.00909054 -4.66035e-06 0)
(0.00907862 -1.2877e-06 0)
(0.00908132 2.42439e-06 0)
(0.00909892 6.28587e-06 0)
(0.00913103 1.01161e-05 0)
(0.00917669 1.37494e-05 0)
(0.00923441 1.70406e-05 0)
(0.00930231 1.98701e-05 0)
(0.00937826 2.21483e-05 0)
(0.00945994 2.38175e-05 0)
(0.00954503 2.4853e-05 0)
(0.00963125 2.52606e-05 0)
(0.00971649 2.50738e-05 0)
(0.00979888 2.43482e-05 0)
(0.00987683 2.31565e-05 0)
(0.00994908 2.15826e-05 0)
(0.0100147 1.97161e-05 0)
(0.010073 1.76474e-05 0)
(0.0101238 1.54641e-05 0)
(0.0101669 1.32468e-05 0)
(0.0102027 1.10674e-05 0)
(0.0102315 8.98676e-06 0)
(0.0102539 7.05373e-06 0)
(0.0102705 5.30469e-06 0)
(0.0102821 3.76373e-06 0)
(0.0102895 2.44337e-06 0)
(0.0102934 1.34574e-06 0)
(0.0102945 4.64036e-07 0)
(0.0102935 -2.15663e-07 0)
(0.0102909 -7.12615e-07 0)
(0.0102874 -1.04958e-06 0)
(0.0102833 -1.25115e-06 0)
(0.010279 -1.34223e-06 0)
(0.0102747 -1.34687e-06 0)
(0.0102706 -1.28726e-06 0)
(0.0102668 -1.18313e-06 0)
(0.0102635 -1.05133e-06 0)
(0.0102607 -9.05718e-07 0)
(0.0102583 -7.57173e-07 0)
(0.0102564 -6.13821e-07 0)
(0.0102549 -4.81319e-07 0)
(0.0102537 -3.63216e-07 0)
(0.0102529 -2.61334e-07 0)
(0.0102524 -1.76147e-07 0)
(0.010252 -1.07126e-07 0)
(0.0102519 -5.30549e-08 0)
(0.0102518 -1.22901e-08 0)
(0.0102519 1.70272e-08 0)
(0.010252 3.68071e-08 0)
(0.0102521 4.88921e-08 0)
(0.0102523 5.49773e-08 0)
(0.0102524 5.65623e-08 0)
(0.0102526 5.49285e-08 0)
(0.0102527 5.11357e-08 0)
(0.0102529 4.60328e-08 0)
(0.010253 4.02759e-08 0)
(0.0102531 3.43532e-08 0)
(0.0102532 2.86101e-08 0)
(0.0102533 2.32757e-08 0)
(0.0102533 1.84865e-08 0)
(0.0102534 1.43085e-08 0)
(0.0102534 1.07558e-08 0)
(0.0102534 7.80624e-09 0)
(0.0102534 5.41416e-09 0)
(0.0102535 3.52017e-09 0)
(0.0102535 2.0587e-09 0)
(0.0102535 9.63359e-10 0)
(0.0102535 1.70646e-10 0)
(0.0102535 -3.77693e-10 0)
(0.0102535 -7.33373e-10 0)
(0.0102535 -9.41018e-10 0)
(0.0102535 -1.0382e-09 0)
(0.0102535 -1.05579e-09 0)
(0.0102535 -1.0186e-09 0)
(0.0102534 -9.46072e-10 0)
(0.0102534 -8.53075e-10 0)
(0.0102534 -7.50645e-10 0)
(0.0102534 -6.46682e-10 0)
(0.0102534 -5.46591e-10 0)
(0.0102534 -4.53828e-10 0)
(0.0102534 -3.70367e-10 0)
(0.0102534 -2.97099e-10 0)
(0.0102534 -2.34133e-10 0)
(0.0102534 -1.81057e-10 0)
(0.0102534 -1.37125e-10 0)
(0.0102534 -1.01405e-10 0)
(0.0102534 -7.28937e-11 0)
(0.0102534 -5.0573e-11 0)
(0.0102534 -3.34798e-11 0)
(0.0102534 -2.07333e-11 0)
(0.0102534 -1.15208e-11 0)
(0.0102534 -5.20253e-12 0)
(0.0102534 -1.06669e-12 0)
(0.0102534 1.1551e-12 0)
(0.0102534 2.28727e-12 0)
(0.0102534 2.43795e-12 0)
(0.0102534 1.91348e-12 0)
)
;

boundaryField
{
    inlet
    {
        type            fixedProfile;
        profile         table
        
21
(
(0 (0 0 0))
(0.05 (0.0285 0 0))
(0.1 (0.054 0 0))
(0.15 (0.0765 0 0))
(0.2 (0.096 0 0))
(0.25 (0.1125 0 0))
(0.3 (0.126 0 0))
(0.35 (0.1365 0 0))
(0.4 (0.144 0 0))
(0.45 (0.1485 0 0))
(0.5 (0.15 0 0))
(0.55 (0.1485 0 0))
(0.6 (0.144 0 0))
(0.65 (0.1365 0 0))
(0.7 (0.126 0 0))
(0.75 (0.1125 0 0))
(0.8 (0.096 0 0))
(0.85 (0.0765 0 0))
(0.9 (0.054 0 0))
(0.95 (0.0285 0 0))
(1 (0 0 0))
)
;
        direction       (0 1 0);
        origin          1;
        value           nonuniform List<vector> 8((0.034875 0 0) (0.091125 0 0) (0.128625 0 0) (0.147375 0 0) (0.147375 0 0) (0.128625 0 0) (0.091125 0 0) (0.034875 0 0));
    }
    outlet
    {
        type            zeroGradient;
    }
    walls
    {
        type            noSlip;
    }
    symwall
    {
        type            empty;
    }
}


// ************************************************************************* //
