/*--------------------------------*- C++ -*----------------------------------*\
| =========                 |                                                 |
| \\      /  F ield         | OpenFOAM: The Open Source CFD Toolbox           |
|  \\    /   O peration     | Version:  4.1                                   |
|   \\  /    A nd           | Web:      www.OpenFOAM.org                      |
|    \\/     M anipulation  |                                                 |
\*---------------------------------------------------------------------------*/
FoamFile
{
    version     2.0;
    format      ascii;
    class       volVectorField;
    location    "339";
    object      U;
}
// * * * * * * * * * * * * * * * * * * * * * * * * * * * * * * * * * * * * * //

dimensions      [0 1 -1 0 0 0 0];

internalField   nonuniform List<vector> 
3264
(
(-2.64554e-06 -4.04023e-07 0)
(-0.000132676 3.05432e-05 0)
(-0.000388569 4.85877e-05 0)
(-0.00067522 5.08547e-05 0)
(-0.000976728 5.25073e-05 0)
(-0.00128259 5.18106e-05 0)
(-0.0015875 5.30002e-05 0)
(-0.00189299 5.35269e-05 0)
(-0.00219466 5.45229e-05 0)
(-0.00249351 5.50619e-05 0)
(-0.00278737 5.55761e-05 0)
(-0.00307693 5.58507e-05 0)
(-0.00336178 5.60884e-05 0)
(-0.00364278 5.63016e-05 0)
(-0.00392052 5.6624e-05 0)
(-0.00419619 5.71375e-05 0)
(-0.00447095 5.79571e-05 0)
(-0.00474623 5.91817e-05 0)
(-0.00502345 6.0914e-05 0)
(-0.00530405 6.32434e-05 0)
(-0.00558937 6.62453e-05 0)
(-0.00588051 6.99705e-05 0)
(-0.00617829 7.44375e-05 0)
(-0.00648307 7.96219e-05 0)
(-0.00679467 8.54477e-05 0)
(-0.00711224 9.17786e-05 0)
(-0.00743416 9.84139e-05 0)
(-0.007758 0.000105088 0)
(-0.00808047 0.000111476 0)
(-0.00839739 0.000117206 0)
(-0.00870378 0.000121874 0)
(-0.00899393 0.00012507 0)
(-0.00926152 0.000126398 0)
(-0.00949979 0.000125504 0)
(-0.00970176 0.000122093 0)
(-0.00986038 0.000115952 0)
(-0.00996881 0.000106957 0)
(-0.0100206 9.50828e-05 0)
(-0.0100097 8.03997e-05 0)
(-0.00993111 6.30714e-05 0)
(-0.00978043 4.33464e-05 0)
(-0.00955438 2.15463e-05 0)
(-0.00925071 -1.94544e-06 0)
(-0.00886832 -2.66966e-05 0)
(-0.00840724 -5.22391e-05 0)
(-0.0078687 -7.80815e-05 0)
(-0.00725509 -0.00010372 0)
(-0.00656989 -0.000128652 0)
(-0.00581771 -0.000152383 0)
(-0.00500416 -0.000174441 0)
(-0.0041358 -0.000194381 0)
(-0.00322006 -0.000211801 0)
(-0.00226514 -0.000226346 0)
(-0.00127987 -0.000237718 0)
(-0.000273628 -0.000245687 0)
(0.000743832 -0.000250095 0)
(0.00176252 -0.000250865 0)
(0.00277239 -0.000248006 0)
(0.00376346 -0.000241611 0)
(0.00472606 -0.000231864 0)
(0.00565094 -0.000219031 0)
(0.00652948 -0.000203455 0)
(0.00735384 -0.00018555 0)
(0.00811711 -0.000165782 0)
(0.00881341 -0.000144658 0)
(0.00943801 -0.000122707 0)
(0.00998742 -0.000100464 0)
(0.0104593 -7.84457e-05 0)
(0.0108528 -5.71394e-05 0)
(0.0111679 -3.69826e-05 0)
(0.0114061 -1.83517e-05 0)
(0.0115697 -1.55117e-06 0)
(0.0116622 1.31929e-05 0)
(0.0116877 2.57359e-05 0)
(0.011651 3.60142e-05 0)
(0.0115577 4.40418e-05 0)
(0.0114134 4.99046e-05 0)
(0.0112243 5.37519e-05 0)
(0.0109964 5.57865e-05 0)
(0.0107361 5.62533e-05 0)
(0.0104493 5.54258e-05 0)
(0.0101419 5.35924e-05 0)
(0.00981949 5.10398e-05 0)
(0.00948725 4.80371e-05 0)
(0.00915002 4.48196e-05 0)
(0.00881218 4.15743e-05 0)
(0.00847768 3.84302e-05 0)
(0.00814996 3.54551e-05 0)
(0.007832 3.26601e-05 0)
(0.00752631 3.00128e-05 0)
(0.00723489 2.74568e-05 0)
(0.00695927 2.49338e-05 0)
(0.00670055 2.24026e-05 0)
(0.00645937 1.98522e-05 0)
(0.00623604 1.73053e-05 0)
(0.00603053 1.48126e-05 0)
(0.00584256 1.24414e-05 0)
(0.00567169 1.02609e-05 0)
(0.0055173 8.32937e-06 0)
(0.00537869 6.68363e-06 0)
(0.00525508 5.33501e-06 0)
(0.00514562 4.26983e-06 0)
(0.00504942 3.45475e-06 0)
(0.00496561 2.84493e-06 0)
(0.00489329 2.39294e-06 0)
(0.00483161 2.05631e-06 0)
(0.00477977 1.80214e-06 0)
(0.00473701 1.60849e-06 0)
(0.00470268 1.46259e-06 0)
(0.00467618 1.35737e-06 0)
(0.00465705 1.28717e-06 0)
(0.00464491 1.24392e-06 0)
(0.0046395 1.21438e-06 0)
(0.00464072 1.17872e-06 0)
(0.00464856 1.11041e-06 0)
(0.00466317 9.77146e-07 0)
(0.0046848 7.42574e-07 0)
(0.00471384 3.68545e-07 0)
(0.00475077 -1.82438e-07 0)
(0.00479614 -9.44701e-07 0)
(0.00485055 -1.94701e-06 0)
(0.00491464 -3.21043e-06 0)
(0.004989 -4.74654e-06 0)
(0.00507419 -6.55604e-06 0)
(0.0051707 -8.62797e-06 0)
(0.00527886 -1.09393e-05 0)
(0.00539887 -1.34552e-05 0)
(0.00553073 -1.61299e-05 0)
(0.00567425 -1.89079e-05 0)
(0.00582899 -2.17259e-05 0)
(0.00599428 -2.45148e-05 0)
(0.00616918 -2.72026e-05 0)
(0.00635256 -2.97169e-05 0)
(0.006543 -3.19876e-05 0)
(0.0067389 -3.39503e-05 0)
(0.00693848 -3.55482e-05 0)
(0.0071398 -3.67349e-05 0)
(0.00734083 -3.74764e-05 0)
(0.00753947 -3.7752e-05 0)
(0.00773362 -3.75551e-05 0)
(0.00792126 -3.68936e-05 0)
(0.00810043 -3.57885e-05 0)
(0.00826938 -3.42732e-05 0)
(0.00842654 -3.23912e-05 0)
(0.0085706 -3.01942e-05 0)
(0.00870056 -2.77394e-05 0)
(0.00881571 -2.50874e-05 0)
(0.00891566 -2.22996e-05 0)
(0.00900038 -1.9437e-05 0)
(0.00907011 -1.65578e-05 0)
(0.00912542 -1.37169e-05 0)
(0.00916712 -1.09646e-05 0)
(0.00919625 -8.34627e-06 0)
(0.00921403 -5.9019e-06 0)
(0.00922183 -3.66567e-06 0)
(0.0092211 -1.66589e-06 0)
(0.00921335 7.51104e-08 0)
(0.00920009 1.54103e-06 0)
(0.00918283 2.72155e-06 0)
(0.00916299 3.61229e-06 0)
(0.00914194 4.21461e-06 0)
(0.00912093 4.53548e-06 0)
(0.00910109 4.58725e-06 0)
(0.00908341 4.3874e-06 0)
(0.00906873 3.95817e-06 0)
(0.00905774 3.32615e-06 0)
(0.00905096 2.52171e-06 0)
(0.00904876 1.57829e-06 0)
(0.00905133 5.31545e-07 0)
(0.00905874 -5.81586e-07 0)
(0.00907087 -1.72397e-06 0)
(0.00908751 -2.85937e-06 0)
(0.00910829 -3.95352e-06 0)
(0.00913278 -4.97516e-06 0)
(0.00916044 -5.89693e-06 0)
(0.00919066 -6.69606e-06 0)
(0.00922283 -7.35495e-06 0)
(0.00925628 -7.86141e-06 0)
(0.00929035 -8.20876e-06 0)
(0.00932443 -8.39569e-06 0)
(0.0093579 -8.4259e-06 0)
(0.00939023 -8.30761e-06 0)
(0.00942094 -8.05294e-06 0)
(0.00944963 -7.67716e-06 0)
(0.00947596 -7.19795e-06 0)
(0.0094997 -6.63465e-06 0)
(0.00952068 -6.00746e-06 0)
(0.00953883 -5.33678e-06 0)
(0.00955413 -4.64247e-06 0)
(0.00956665 -3.94358e-06 0)
(0.0095765 -3.2566e-06 0)
(0.00958387 -2.59882e-06 0)
(0.00958896 -1.97586e-06 0)
(0.009592 -1.41456e-06 0)
(0.00959334 -8.72013e-07 0)
(0.00959293 -4.49583e-07 0)
(0.00959186 7.14437e-08 0)
(0.00958807 4.53144e-07 0)
(0.00958689 7.94274e-07 0)
(0.00957756 2.8973e-06 0)
(-8.32991e-05 0.000135741 0)
(-0.000582249 0.000377904 0)
(-0.00131001 0.000516996 0)
(-0.0020847 0.000561482 0)
(-0.00286561 0.000583115 0)
(-0.00363633 0.000585658 0)
(-0.00438384 0.000586697 0)
(-0.00511153 0.000581489 0)
(-0.0058128 0.000574598 0)
(-0.00649059 0.000565195 0)
(-0.00714311 0.000555286 0)
(-0.00777287 0.000545293 0)
(-0.00838072 0.000536193 0)
(-0.00896908 0.000528478 0)
(-0.00953985 0.000522669 0)
(-0.0100953 0.000519093 0)
(-0.0106375 0.000517988 0)
(-0.0111681 0.000519438 0)
(-0.0116885 0.000523381 0)
(-0.0121995 0.00052958 0)
(-0.0127011 0.000537604 0)
(-0.0131925 0.00054682 0)
(-0.0136718 0.000556385 0)
(-0.0141363 0.000565253 0)
(-0.0145817 0.000572199 0)
(-0.0150031 0.000575852 0)
(-0.0153941 0.000574748 0)
(-0.0157476 0.000567388 0)
(-0.0160555 0.000552312 0)
(-0.0163092 0.000528173 0)
(-0.0164998 0.000493802 0)
(-0.0166182 0.000448276 0)
(-0.0166554 0.000390965 0)
(-0.016603 0.000321563 0)
(-0.016453 0.000240104 0)
(-0.0161984 0.000146962 0)
(-0.0158331 4.28306e-05 0)
(-0.0153521 -7.13008e-05 0)
(-0.0147517 -0.000194187 0)
(-0.0140293 -0.000324364 0)
(-0.013184 -0.000460196 0)
(-0.0122158 -0.000599913 0)
(-0.0111263 -0.00074165 0)
(-0.00991833 -0.000883487 0)
(-0.00859611 -0.00102348 0)
(-0.00716497 -0.00115968 0)
(-0.00563151 -0.00129019 0)
(-0.00400344 -0.00141314 0)
(-0.00228954 -0.00152678 0)
(-0.000499597 -0.00162943 0)
(0.0013557 -0.00171955 0)
(0.00326484 -0.00179575 0)
(0.00521559 -0.00185681 0)
(0.00719508 -0.0019017 0)
(0.00919 -0.00192962 0)
(0.0111867 -0.00194 0)
(0.0131712 -0.00193256 0)
(0.0151297 -0.00190728 0)
(0.0170483 -0.00186443 0)
(0.0189137 -0.00180458 0)
(0.0207128 -0.00172862 0)
(0.0224333 -0.00163769 0)
(0.0240638 -0.00153322 0)
(0.0255938 -0.00141685 0)
(0.027014 -0.00129043 0)
(0.0283162 -0.00115595 0)
(0.0294936 -0.00101551 0)
(0.0305409 -0.00087125 0)
(0.031454 -0.000725298 0)
(0.0322303 -0.000579731 0)
(0.0328687 -0.000436516 0)
(0.0333692 -0.000297482 0)
(0.0337332 -0.000164277 0)
(0.0339634 -3.8352e-05 0)
(0.0340633 7.90569e-05 0)
(0.0340378 0.000186937 0)
(0.0338923 0.000284499 0)
(0.0336336 0.000371171 0)
(0.0332687 0.00044659 0)
(0.0328058 0.000510588 0)
(0.0322533 0.000563181 0)
(0.0316205 0.000604555 0)
(0.0309171 0.000635053 0)
(0.030153 0.000655162 0)
(0.0293389 0.000665506 0)
(0.0284852 0.000666835 0)
(0.0276029 0.000660014 0)
(0.0267025 0.000646008 0)
(0.0257945 0.000625865 0)
(0.0248888 0.000600685 0)
(0.023995 0.000571587 0)
(0.0231214 0.000539659 0)
(0.0222755 0.000505906 0)
(0.021464 0.000471206 0)
(0.020692 0.00043627 0)
(0.0199636 0.000401634 0)
(0.0192819 0.000367672 0)
(0.0186487 0.000334637 0)
(0.018065 0.000302699 0)
(0.0175309 0.000271993 0)
(0.0170456 0.000242634 0)
(0.0166082 0.000214733 0)
(0.0162168 0.000188381 0)
(0.0158698 0.000163646 0)
(0.0155649 0.000140555 0)
(0.0153 0.000119087 0)
(0.015073 9.91759e-05 0)
(0.0148817 8.07084e-05 0)
(0.0147241 6.35301e-05 0)
(0.0145984 4.74517e-05 0)
(0.014503 3.22564e-05 0)
(0.0144363 1.77072e-05 0)
(0.0143973 3.55467e-06 0)
(0.0143851 -1.04551e-05 0)
(0.014399 -2.45723e-05 0)
(0.0144386 -3.90346e-05 0)
(0.0145039 -5.40586e-05 0)
(0.0145948 -6.98308e-05 0)
(0.0147116 -8.64986e-05 0)
(0.0148545 -0.000104163 0)
(0.0150239 -0.000122869 0)
(0.0152202 -0.000142606 0)
(0.0154435 -0.000163296 0)
(0.015694 -0.000184799 0)
(0.0159716 -0.000206911 0)
(0.016276 -0.000229369 0)
(0.0166065 -0.000251853 0)
(0.0169621 -0.000273998 0)
(0.0173416 -0.0002954 0)
(0.0177433 -0.000315631 0)
(0.0181649 -0.000334248 0)
(0.0186041 -0.000350808 0)
(0.0190579 -0.000364882 0)
(0.0195231 -0.000376072 0)
(0.0199962 -0.000384022 0)
(0.0204733 -0.000388434 0)
(0.0209503 -0.000389082 0)
(0.021423 -0.000385824 0)
(0.0218871 -0.000378607 0)
(0.0223383 -0.000367482 0)
(0.0227724 -0.000352602 0)
(0.0231855 -0.000334221 0)
(0.0235737 -0.000312694 0)
(0.0239339 -0.000288465 0)
(0.0242631 -0.000262052 0)
(0.0245591 -0.000234031 0)
(0.0248204 -0.000205016 0)
(0.0250459 -0.000175636 0)
(0.0252355 -0.00014651 0)
(0.0253896 -0.000118226 0)
(0.0255096 -9.13186e-05 0)
(0.0255972 -6.62578e-05 0)
(0.0256549 -4.34325e-05 0)
(0.0256857 -2.31456e-05 0)
(0.0256929 -5.61132e-06 0)
(0.02568 9.04214e-06 0)
(0.0256509 2.07679e-05 0)
(0.0256094 2.95924e-05 0)
(0.025559 3.5607e-05 0)
(0.0255036 3.8958e-05 0)
(0.0254462 3.9838e-05 0)
(0.0253901 3.8477e-05 0)
(0.0253377 3.51342e-05 0)
(0.0252915 3.00912e-05 0)
(0.0252532 2.36443e-05 0)
(0.0252242 1.60988e-05 0)
(0.0252056 7.76244e-06 0)
(0.0251981 -1.06078e-06 0)
(0.0252017 -1.00765e-05 0)
(0.0252165 -1.90058e-05 0)
(0.0252419 -2.7591e-05 0)
(0.0252773 -3.56008e-05 0)
(0.0253217 -4.28346e-05 0)
(0.0253739 -4.91268e-05 0)
(0.0254327 -5.4349e-05 0)
(0.0254965 -5.8412e-05 0)
(0.0255641 -6.12661e-05 0)
(0.0256338 -6.29002e-05 0)
(0.0257044 -6.33395e-05 0)
(0.0257744 -6.26428e-05 0)
(0.0258425 -6.08975e-05 0)
(0.0259077 -5.82156e-05 0)
(0.025969 -5.47277e-05 0)
(0.0260256 -5.05774e-05 0)
(0.0260768 -4.5916e-05 0)
(0.0261224 -4.08966e-05 0)
(0.0261619 -3.56695e-05 0)
(0.0261953 -3.03777e-05 0)
(0.0262227 -2.51532e-05 0)
(0.0262443 -2.01136e-05 0)
(0.0262604 -1.53596e-05 0)
(0.0262715 -1.09766e-05 0)
(0.0262781 -7.01664e-06 0)
(0.0262808 -3.55717e-06 0)
(0.0262801 -5.04493e-07 0)
(0.0262767 1.85487e-06 0)
(0.0262712 4.2482e-06 0)
(0.0262635 5.58295e-06 0)
(0.0262567 7.14926e-06 0)
(0.0262437 1.10799e-05 0)
(-0.00017911 0.00064465 0)
(-0.00104384 0.00125292 0)
(-0.00216954 0.00153245 0)
(-0.00330898 0.00157553 0)
(-0.00440119 0.00157326 0)
(-0.00543599 0.00153324 0)
(-0.00639787 0.00149372 0)
(-0.00729824 0.00144653 0)
(-0.00813404 0.00139982 0)
(-0.00891383 0.00135224 0)
(-0.00963944 0.00130665 0)
(-0.0103164 0.00126355 0)
(-0.0109477 0.00122403 0)
(-0.0115368 0.00118851 0)
(-0.0120863 0.00115729 0)
(-0.0125983 0.00113032 0)
(-0.013074 0.00110732 0)
(-0.0135143 0.00108771 0)
(-0.0139188 0.0010706 0)
(-0.0142866 0.0010548 0)
(-0.0146157 0.00103882 0)
(-0.0149033 0.00102089 0)
(-0.0151456 0.000999029 0)
(-0.015338 0.000971046 0)
(-0.0154749 0.000934675 0)
(-0.0155504 0.000887641 0)
(-0.0155578 0.000827763 0)
(-0.0154902 0.000753051 0)
(-0.0153404 0.000661799 0)
(-0.0151016 0.000552665 0)
(-0.0147671 0.000424731 0)
(-0.0143304 0.000277545 0)
(-0.0137861 0.00011114 0)
(-0.0131293 -7.39673e-05 0)
(-0.0123558 -0.000276799 0)
(-0.0114626 -0.000495946 0)
(-0.0104477 -0.000729617 0)
(-0.00930984 -0.00097569 0)
(-0.00804916 -0.00123176 0)
(-0.00666664 -0.00149521 0)
(-0.00516438 -0.00176323 0)
(-0.00354552 -0.0020329 0)
(-0.0018142 -0.00230121 0)
(2.44025e-05 -0.00256511 0)
(0.00196415 -0.00282154 0)
(0.00399794 -0.00306748 0)
(0.00611773 -0.00329993 0)
(0.00831462 -0.00351604 0)
(0.0105788 -0.00371303 0)
(0.0128999 -0.00388829 0)
(0.0152664 -0.00403941 0)
(0.0176665 -0.00416419 0)
(0.0200877 -0.0042607 0)
(0.022517 -0.00432731 0)
(0.0249411 -0.00436272 0)
(0.0273465 -0.00436604 0)
(0.0297195 -0.00433679 0)
(0.0320467 -0.00427494 0)
(0.0343148 -0.00418093 0)
(0.0365109 -0.00405571 0)
(0.038623 -0.00390068 0)
(0.0406395 -0.00371772 0)
(0.0425499 -0.00350915 0)
(0.0443449 -0.00327765 0)
(0.046016 -0.00302623 0)
(0.0475563 -0.00275814 0)
(0.0489598 -0.00247677 0)
(0.0502221 -0.0021856 0)
(0.0513397 -0.00188811 0)
(0.0523105 -0.00158769 0)
(0.0531334 -0.00128757 0)
(0.0538083 -0.000990784 0)
(0.0543361 -0.000700131 0)
(0.0547182 -0.00041813 0)
(0.0549572 -0.00014702 0)
(0.0550558 0.00011124 0)
(0.0550177 0.000354961 0)
(0.0548468 0.000582704 0)
(0.0545476 0.000793259 0)
(0.0541251 0.000985614 0)
(0.0535845 0.00115893 0)
(0.0529318 0.00131254 0)
(0.0521733 0.00144587 0)
(0.051316 0.00155853 0)
(0.0503675 0.00165024 0)
(0.049336 0.00172087 0)
(0.0482306 0.00177048 0)
(0.0470609 0.00179938 0)
(0.0458376 0.00180811 0)
(0.0445718 0.00179755 0)
(0.0432756 0.00176891 0)
(0.0419613 0.00172375 0)
(0.0406417 0.00166397 0)
(0.0393294 0.00159171 0)
(0.0380368 0.00150932 0)
(0.0367757 0.00141921 0)
(0.0355568 0.00132378 0)
(0.0343897 0.00122525 0)
(0.0332823 0.00112562 0)
(0.032241 0.00102659 0)
(0.0312705 0.000929538 0)
(0.030374 0.000835467 0)
(0.029553 0.000745084 0)
(0.0288079 0.000658817 0)
(0.0281379 0.000576872 0)
(0.0275415 0.000499289 0)
(0.0270166 0.000425977 0)
(0.0265604 0.00035675 0)
(0.0261703 0.000291342 0)
(0.0258432 0.000229412 0)
(0.0255762 0.000170554 0)
(0.0253667 0.000114308 0)
(0.0252119 6.01674e-05 0)
(0.0251095 7.60287e-06 0)
(0.0250574 -4.39193e-05 0)
(0.0250536 -9.49116e-05 0)
(0.0250966 -0.000145842 0)
(0.0251849 -0.000197108 0)
(0.0253173 -0.000249022 0)
(0.0254927 -0.000301786 0)
(0.02571 -0.000355487 0)
(0.0259683 -0.000410082 0)
(0.0262666 -0.000465401 0)
(0.0266037 -0.000521144 0)
(0.0269784 -0.000576885 0)
(0.0273892 -0.000632089 0)
(0.0278344 -0.000686115 0)
(0.028312 -0.000738242 0)
(0.0288198 -0.000787679 0)
(0.0293551 -0.000833593 0)
(0.0299149 -0.000875126 0)
(0.0304958 -0.000911422 0)
(0.0310943 -0.000941653 0)
(0.0317063 -0.00096504 0)
(0.0323275 -0.000980885 0)
(0.0329533 -0.000988592 0)
(0.0335791 -0.000987692 0)
(0.0341997 -0.000977871 0)
(0.0348103 -0.000958986 0)
(0.0354057 -0.000931083 0)
(0.035981 -0.000894414 0)
(0.0365312 -0.000849441 0)
(0.0370517 -0.000796839 0)
(0.0375384 -0.000737488 0)
(0.0379873 -0.000672457 0)
(0.0383952 -0.000602981 0)
(0.0387596 -0.000530425 0)
(0.0390785 -0.000456245 0)
(0.0393509 -0.000381942 0)
(0.0395764 -0.000309003 0)
(0.0397558 -0.000238859 0)
(0.0398906 -0.000172825 0)
(0.039983 -0.000112057 0)
(0.0400363 -5.75193e-05 0)
(0.0400542 -9.95187e-06 0)
(0.040041 3.01403e-05 0)
(0.0400016 6.24912e-05 0)
(0.0399409 8.70641e-05 0)
(0.039864 0.000104034 0)
(0.0397761 0.000113762 0)
(0.0396821 0.000116765 0)
(0.0395864 0.000113686 0)
(0.0394933 0.000105261 0)
(0.0394063 9.22893e-05 0)
(0.0393285 7.5609e-05 0)
(0.0392624 5.60704e-05 0)
(0.0392099 3.45162e-05 0)
(0.0391723 1.17632e-05 0)
(0.0391503 -1.14139e-05 0)
(0.039144 -3.42961e-05 0)
(0.0391531 -5.62318e-05 0)
(0.039177 -7.66471e-05 0)
(0.0392145 -9.50538e-05 0)
(0.0392643 -0.000111055 0)
(0.0393247 -0.000124351 0)
(0.0393939 -0.000134737 0)
(0.0394701 -0.000142106 0)
(0.0395511 -0.000146444 0)
(0.0396352 -0.000147824 0)
(0.0397204 -0.000146398 0)
(0.0398049 -0.000142387 0)
(0.039887 -0.000136071 0)
(0.0399655 -0.000127774 0)
(0.040039 -0.000117852 0)
(0.0401065 -0.000106678 0)
(0.0401672 -9.46324e-05 0)
(0.0402206 -8.20864e-05 0)
(0.0402664 -6.93939e-05 0)
(0.0403046 -5.68808e-05 0)
(0.0403352 -4.48376e-05 0)
(0.0403586 -3.35137e-05 0)
(0.0403753 -2.31113e-05 0)
(0.0403858 -1.3787e-05 0)
(0.0403908 -5.64952e-06 0)
(0.0403911 1.28006e-06 0)
(0.0403875 6.8573e-06 0)
(0.0403808 1.159e-05 0)
(0.0403719 1.45405e-05 0)
(0.0403618 1.74996e-05 0)
(0.0403483 2.06693e-05 0)
(-0.000306496 0.00126148 0)
(-0.00152034 0.00231464 0)
(-0.00287734 0.00272446 0)
(-0.00414799 0.0027377 0)
(-0.00525094 0.00267007 0)
(-0.00623553 0.00254592 0)
(-0.00708766 0.00242286 0)
(-0.00784073 0.00229472 0)
(-0.00849593 0.00217275 0)
(-0.00906961 0.00205576 0)
(-0.00956651 0.00194629 0)
(-0.00999496 0.00184413 0)
(-0.010359 0.00174947 0)
(-0.0106628 0.00166183 0)
(-0.0109089 0.00158061 0)
(-0.0110987 0.00150491 0)
(-0.011233 0.00143356 0)
(-0.0113114 0.00136517 0)
(-0.011333 0.00129802 0)
(-0.011296 0.00123015 0)
(-0.0111978 0.00115933 0)
(-0.0110355 0.00108314 0)
(-0.0108053 0.000998993 0)
(-0.0105033 0.000904232 0)
(-0.0101251 0.000796228 0)
(-0.00966623 0.00067247 0)
(-0.00912208 0.000530677 0)
(-0.00848818 0.000368887 0)
(-0.00776026 0.000185546 0)
(-0.00693436 -2.04227e-05 0)
(-0.00600697 -0.000249575 0)
(-0.0049751 -0.000501916 0)
(-0.00383634 -0.000776897 0)
(-0.00258895 -0.00107343 0)
(-0.00123186 -0.00138991 0)
(0.000235247 -0.00172427 0)
(0.00181197 -0.00207403 0)
(0.00349711 -0.00243633 0)
(0.00528873 -0.00280803 0)
(0.00718408 -0.00318571 0)
(0.00917961 -0.00356576 0)
(0.011271 -0.00394441 0)
(0.013453 -0.00431777 0)
(0.0157197 -0.00468191 0)
(0.0180643 -0.00503285 0)
(0.0204791 -0.00536662 0)
(0.0229556 -0.00567931 0)
(0.0254847 -0.0059671 0)
(0.0280562 -0.00622633 0)
(0.0306594 -0.00645348 0)
(0.033283 -0.0066453 0)
(0.0359149 -0.00679883 0)
(0.0385427 -0.00691142 0)
(0.0411534 -0.00698088 0)
(0.043734 -0.00700545 0)
(0.0462713 -0.00698393 0)
(0.0487522 -0.00691573 0)
(0.0511638 -0.00680088 0)
(0.0534939 -0.0066401 0)
(0.0557307 -0.00643483 0)
(0.0578637 -0.00618718 0)
(0.059883 -0.00589993 0)
(0.0617802 -0.00557648 0)
(0.0635481 -0.00522074 0)
(0.065181 -0.00483704 0)
(0.0666744 -0.00443003 0)
(0.0680253 -0.00400454 0)
(0.0692321 -0.00356544 0)
(0.0702942 -0.00311754 0)
(0.0712121 -0.00266546 0)
(0.0719874 -0.00221357 0)
(0.0726223 -0.00176586 0)
(0.0731195 -0.00132596 0)
(0.0734823 -0.00089706 0)
(0.0737142 -0.000481929 0)
(0.0738188 -8.29291e-05 0)
(0.0738 0.000297957 0)
(0.0736615 0.000659088 0)
(0.073407 0.00099911 0)
(0.0730401 0.00131691 0)
(0.0725643 0.00161155 0)
(0.0719832 0.00188223 0)
(0.0713003 0.00212824 0)
(0.070519 0.00234894 0)
(0.0696431 0.00254371 0)
(0.0686765 0.00271195 0)
(0.0676236 0.00285311 0)
(0.066489 0.0029667 0)
(0.0652782 0.00305234 0)
(0.0639972 0.00310977 0)
(0.062653 0.003139 0)
(0.0612537 0.0031403 0)
(0.0598081 0.00311428 0)
(0.0583263 0.00306201 0)
(0.0568195 0.00298496 0)
(0.0552994 0.00288512 0)
(0.0537787 0.00276489 0)
(0.0522705 0.0026271 0)
(0.0507878 0.00247491 0)
(0.0493433 0.00231165 0)
(0.0479491 0.0021407 0)
(0.046616 0.00196533 0)
(0.0453536 0.00178855 0)
(0.0441696 0.00161297 0)
(0.0430703 0.00144072 0)
(0.0420598 0.00127344 0)
(0.041141 0.00111226 0)
(0.0403149 0.000957838 0)
(0.0395814 0.000810444 0)
(0.0389391 0.000670009 0)
(0.038386 0.000536207 0)
(0.0379195 0.000408522 0)
(0.0375365 0.000286306 0)
(0.0372337 0.000168835 0)
(0.0370076 5.53535e-05 0)
(0.036855 -5.48828e-05 0)
(0.0367724 -0.000162568 0)
(0.0367566 -0.000268314 0)
(0.0368046 -0.000372615 0)
(0.0369133 -0.000475827 0)
(0.0370799 -0.000578149 0)
(0.0373016 -0.000679601 0)
(0.0375757 -0.000780027 0)
(0.0378994 -0.000879089 0)
(0.0382699 -0.000976275 0)
(0.0386844 -0.00107091 0)
(0.0391399 -0.00116217 0)
(0.0396333 -0.00124911 0)
(0.0401613 -0.0013307 0)
(0.0407203 -0.00140581 0)
(0.0413067 -0.00147329 0)
(0.0419166 -0.00153199 0)
(0.0425457 -0.00158077 0)
(0.0431897 -0.00161856 0)
(0.043844 -0.00164438 0)
(0.0445039 -0.00165738 0)
(0.0451643 -0.00165689 0)
(0.0458203 -0.00164242 0)
(0.0464669 -0.00161373 0)
(0.0470989 -0.00157083 0)
(0.0477114 -0.00151399 0)
(0.0482994 -0.00144379 0)
(0.0488584 -0.00136113 0)
(0.0493839 -0.00126718 0)
(0.0498719 -0.00116342 0)
(0.0503189 -0.00105157 0)
(0.050722 -0.00093362 0)
(0.0510787 -0.000811705 0)
(0.0513873 -0.000688102 0)
(0.0516469 -0.000565143 0)
(0.0518574 -0.000445146 0)
(0.0520194 -0.000330337 0)
(0.0521344 -0.000222777 0)
(0.0522048 -0.000124295 0)
(0.0522335 -3.64231e-05 0)
(0.0522245 3.96441e-05 0)
(0.0521821 0.000103085 0)
(0.0521111 0.000153463 0)
(0.0520167 0.000190722 0)
(0.0519043 0.000215165 0)
(0.0517794 0.000227422 0)
(0.0516472 0.000228404 0)
(0.0515127 0.000219245 0)
(0.0513806 0.000201257 0)
(0.051255 0.000175864 0)
(0.0511394 0.000144556 0)
(0.0510368 0.000108839 0)
(0.0509494 7.01916e-05 0)
(0.0508789 3.00306e-05 0)
(0.0508261 -1.032e-05 0)
(0.0507914 -4.96531e-05 0)
(0.0507747 -8.68984e-05 0)
(0.0507754 -0.000121136 0)
(0.0507922 -0.000151608 0)
(0.0508238 -0.00017772 0)
(0.0508684 -0.00019905 0)
(0.0509242 -0.000215338 0)
(0.050989 -0.000226487 0)
(0.0510609 -0.000232549 0)
(0.0511376 -0.000233715 0)
(0.0512172 -0.000230299 0)
(0.0512975 -0.000222717 0)
(0.051377 -0.000211472 0)
(0.0514538 -0.000197131 0)
(0.0515265 -0.000180302 0)
(0.0515941 -0.000161614 0)
(0.0516555 -0.000141698 0)
(0.05171 -0.000121165 0)
(0.0517571 -0.000100589 0)
(0.0517968 -8.04961e-05 0)
(0.0518288 -6.13484e-05 0)
(0.0518536 -4.35375e-05 0)
(0.0518714 -2.73757e-05 0)
(0.0518829 -1.30977e-05 0)
(0.0518886 -8.48119e-07 0)
(0.0518894 9.27354e-06 0)
(0.0518861 1.74232e-05 0)
(0.0518797 2.31782e-05 0)
(0.0518709 2.79971e-05 0)
(0.0518595 3.03905e-05 0)
(-0.000406376 0.00247399 0)
(-0.00172398 0.00380078 0)
(-0.00299503 0.0041467 0)
(-0.00405953 0.00389758 0)
(-0.00483603 0.00362786 0)
(-0.00543522 0.00332928 0)
(-0.00585342 0.00306968 0)
(-0.00614963 0.00282802 0)
(-0.00633224 0.0026095 0)
(-0.00642649 0.00240798 0)
(-0.00643969 0.00222232 0)
(-0.00638246 0.00205005 0)
(-0.00625906 0.00188939 0)
(-0.00607373 0.00173849 0)
(-0.00582817 0.00159556 0)
(-0.00552342 0.00145872 0)
(-0.00515928 0.00132601 0)
(-0.00473491 0.00119529 0)
(-0.00424878 0.00106427 0)
(-0.00369885 0.000930494 0)
(-0.00308267 0.000791323 0)
(-0.00239751 0.000644015 0)
(-0.00164043 0.000485768 0)
(-0.000808385 0.000313797 0)
(0.000101667 0.000125427 0)
(0.00109268 -8.18106e-05 0)
(0.00216745 -0.000310086 0)
(0.00332852 -0.000561182 0)
(0.00457813 -0.000836416 0)
(0.00591816 -0.00113659 0)
(0.00735009 -0.00146193 0)
(0.00887493 -0.00181209 0)
(0.0104932 -0.00218616 0)
(0.012205 -0.00258263 0)
(0.0140098 -0.00299948 0)
(0.0159064 -0.00343418 0)
(0.0178934 -0.00388376 0)
(0.0199683 -0.00434486 0)
(0.0221283 -0.00481374 0)
(0.0243698 -0.0052864 0)
(0.0266885 -0.00575855 0)
(0.0290793 -0.00622573 0)
(0.0315366 -0.00668329 0)
(0.0340538 -0.00712648 0)
(0.0366234 -0.00755046 0)
(0.0392373 -0.0079504 0)
(0.0418864 -0.00832147 0)
(0.044561 -0.00865894 0)
(0.0472505 -0.00895821 0)
(0.0499436 -0.00921491 0)
(0.0526284 -0.00942496 0)
(0.0552925 -0.00958462 0)
(0.0579231 -0.00969062 0)
(0.0605071 -0.0097402 0)
(0.0630316 -0.00973127 0)
(0.0654836 -0.00966244 0)
(0.0678505 -0.00953314 0)
(0.0701207 -0.00934371 0)
(0.0722832 -0.0090954 0)
(0.0743282 -0.00879042 0)
(0.0762474 -0.00843189 0)
(0.078034 -0.00802385 0)
(0.0796829 -0.00757108 0)
(0.0811904 -0.00707902 0)
(0.082555 -0.00655361 0)
(0.0837764 -0.00600109 0)
(0.0848559 -0.00542785 0)
(0.0857961 -0.00484019 0)
(0.0866007 -0.00424424 0)
(0.0872742 -0.00364575 0)
(0.0878215 -0.00305 0)
(0.0882481 -0.00246172 0)
(0.0885595 -0.00188506 0)
(0.0887612 -0.00132355 0)
(0.0888585 -0.000780153 0)
(0.0888562 -0.000257252 0)
(0.0887591 0.000243248 0)
(0.0885712 0.000719872 0)
(0.0882962 0.00117149 0)
(0.0879372 0.00159725 0)
(0.0874969 0.00199649 0)
(0.0869777 0.00236865 0)
(0.0863814 0.00271326 0)
(0.0857097 0.00302983 0)
(0.084964 0.00331784 0)
(0.0841455 0.00357673 0)
(0.0832554 0.00380584 0)
(0.082295 0.00400449 0)
(0.0812658 0.00417196 0)
(0.0801697 0.00430754 0)
(0.0790088 0.00441058 0)
(0.077786 0.00448056 0)
(0.0765049 0.00451719 0)
(0.0751701 0.0045204 0)
(0.0737868 0.00449049 0)
(0.0723616 0.00442814 0)
(0.0709022 0.00433448 0)
(0.0694173 0.00421111 0)
(0.0679166 0.00406014 0)
(0.0664109 0.00388414 0)
(0.0649116 0.00368615 0)
(0.0634307 0.00346953 0)
(0.0619803 0.00323792 0)
(0.0605723 0.00299505 0)
(0.0592179 0.00274463 0)
(0.0579277 0.00249021 0)
(0.0567108 0.00223499 0)
(0.055575 0.00198179 0)
(0.0545266 0.00173288 0)
(0.0535702 0.00149005 0)
(0.0527089 0.0012545 0)
(0.0519443 0.00102695 0)
(0.0512766 0.000807687 0)
(0.0507051 0.00059662 0)
(0.0502278 0.000393397 0)
(0.0498423 0.000197483 0)
(0.0495454 8.25317e-06 0)
(0.0493337 -0.000174934 0)
(0.0492032 -0.000352667 0)
(0.0491501 -0.000525421 0)
(0.0491701 -0.000693524 0)
(0.0492591 -0.000857116 0)
(0.0494129 -0.00101614 0)
(0.0496273 -0.00117031 0)
(0.0498981 -0.00131916 0)
(0.0502211 -0.00146201 0)
(0.0505919 -0.00159798 0)
(0.0510064 -0.00172605 0)
(0.0514601 -0.00184507 0)
(0.0519486 -0.00195378 0)
(0.0524674 -0.00205087 0)
(0.0530119 -0.00213501 0)
(0.0535773 -0.00220488 0)
(0.054159 -0.00225922 0)
(0.0547519 -0.00229689 0)
(0.0553512 -0.00231689 0)
(0.0559518 -0.00231841 0)
(0.0565489 -0.00230088 0)
(0.0571373 -0.00226399 0)
(0.0577124 -0.00220777 0)
(0.0582693 -0.00213255 0)
(0.0588034 -0.00203905 0)
(0.0593105 -0.00192834 0)
(0.0597866 -0.0018019 0)
(0.060228 -0.00166153 0)
(0.0606315 -0.00150942 0)
(0.0609943 -0.00134804 0)
(0.0613144 -0.00118011 0)
(0.0615899 -0.00100855 0)
(0.06182 -0.000836407 0)
(0.0620043 -0.000666738 0)
(0.0621431 -0.000502553 0)
(0.0622372 -0.000346713 0)
(0.0622885 -0.00020184 0)
(0.0622992 -7.02386e-05 0)
(0.0622721 4.61751e-05 0)
(0.0622108 0.00014593 0)
(0.0621193 0.000228036 0)
(0.0620019 0.000292004 0)
(0.0618632 0.000337844 0)
(0.0617083 0.000366038 0)
(0.0615419 0.000377506 0)
(0.0613691 0.000373546 0)
(0.0611944 0.00035577 0)
(0.0610223 0.00032603 0)
(0.0608568 0.000286344 0)
(0.0607012 0.000238817 0)
(0.0605586 0.000185578 0)
(0.0604312 0.000128715 0)
(0.0603209 7.02149e-05 0)
(0.0602286 1.19266e-05 0)
(0.060155 -4.44813e-05 0)
(0.0601001 -9.75463e-05 0)
(0.0600634 -0.000146031 0)
(0.060044 -0.000188937 0)
(0.0600408 -0.000225506 0)
(0.0600521 -0.00025522 0)
(0.0600763 -0.000277797 0)
(0.0601115 -0.000293173 0)
(0.0601557 -0.000301488 0)
(0.0602068 -0.000303067 0)
(0.0602631 -0.000298393 0)
(0.0603225 -0.000288082 0)
(0.0603832 -0.000272854 0)
(0.0604437 -0.000253509 0)
(0.0605024 -0.00023089 0)
(0.0605582 -0.000205862 0)
(0.0606099 -0.000179283 0)
(0.0606567 -0.000151979 0)
(0.060698 -0.000124725 0)
(0.0607335 -9.82204e-05 0)
(0.0607628 -7.30825e-05 0)
(0.0607861 -4.98284e-05 0)
(0.0608036 -2.88752e-05 0)
(0.0608156 -1.05223e-05 0)
(0.0608225 5.01474e-06 0)
(0.0608251 1.76818e-05 0)
(0.0608239 2.72722e-05 0)
(0.0608198 3.47178e-05 0)
(0.0608132 3.76883e-05 0)
(-0.000695787 0.00309793 0)
(-0.0020972 0.0047265 0)
(-0.00255805 0.00495559 0)
(-0.002791 0.0045087 0)
(-0.00261642 0.0040369 0)
(-0.0023539 0.00357052 0)
(-0.00194074 0.0031664 0)
(-0.0014607 0.00280777 0)
(-0.000903946 0.00249016 0)
(-0.000294828 0.00220492 0)
(0.000366166 0.00194534 0)
(0.00107137 0.00170641 0)
(0.00182007 0.00148351 0)
(0.00261044 0.00127316 0)
(0.00344306 0.00107206 0)
(0.00431868 0.000877348 0)
(0.00523904 0.000686246 0)
(0.00620618 0.000496068 0)
(0.00722259 0.000304097 0)
(0.00829097 0.000107596 0)
(0.00941416 -9.6221e-05 0)
(0.0105951 -0.000310155 0)
(0.0118366 -0.000536985 0)
(0.0131413 -0.000779404 0)
(0.014512 -0.00103995 0)
(0.0159508 -0.00132092 0)
(0.0174597 -0.00162429 0)
(0.0190405 -0.00195165 0)
(0.0206944 -0.00230412 0)
(0.0224224 -0.00268228 0)
(0.0242249 -0.00308618 0)
(0.0261021 -0.00351526 0)
(0.0280534 -0.00396837 0)
(0.0300781 -0.00444378 0)
(0.0321748 -0.00493919 0)
(0.0343415 -0.00545174 0)
(0.0365758 -0.00597811 0)
(0.0388745 -0.00651448 0)
(0.041234 -0.00705663 0)
(0.0436497 -0.0076 0)
(0.0461166 -0.00813967 0)
(0.0486287 -0.00867045 0)
(0.0511792 -0.00918692 0)
(0.0537607 -0.0096835 0)
(0.0563647 -0.0101544 0)
(0.058982 -0.0105939 0)
(0.0616024 -0.0109962 0)
(0.0642151 -0.0113556 0)
(0.0668083 -0.0116664 0)
(0.0693698 -0.0119235 0)
(0.0718868 -0.0121218 0)
(0.074346 -0.0122571 0)
(0.0767342 -0.0123254 0)
(0.0790382 -0.0123236 0)
(0.0812452 -0.0122495 0)
(0.0833431 -0.0121019 0)
(0.0853209 -0.0118807 0)
(0.087169 -0.011587 0)
(0.0888792 -0.0112231 0)
(0.0904457 -0.0107926 0)
(0.0918645 -0.0103004 0)
(0.093134 -0.00975237 0)
(0.0942549 -0.00915525 0)
(0.0952297 -0.00851654 0)
(0.0960633 -0.00784416 0)
(0.0967618 -0.00714619 0)
(0.0973328 -0.00643067 0)
(0.097785 -0.00570529 0)
(0.0981273 -0.00497725 0)
(0.098369 -0.0042531 0)
(0.0985193 -0.00353858 0)
(0.0985869 -0.00283863 0)
(0.0985799 -0.00215734 0)
(0.0985055 -0.00149797 0)
(0.0983704 -0.000863051 0)
(0.0981799 -0.000254419 0)
(0.0979388 0.000326661 0)
(0.0976505 0.000879394 0)
(0.097318 0.00140335 0)
(0.0969433 0.00189835 0)
(0.0965276 0.00236439 0)
(0.0960715 0.00280153 0)
(0.0955751 0.00320983 0)
(0.0950381 0.00358929 0)
(0.0944597 0.0039398 0)
(0.0938389 0.0042611 0)
(0.0931744 0.00455278 0)
(0.0924649 0.00481426 0)
(0.091709 0.00504483 0)
(0.0909055 0.00524363 0)
(0.0900532 0.00540976 0)
(0.0891515 0.00554228 0)
(0.0881999 0.0056403 0)
(0.0871987 0.00570305 0)
(0.0861487 0.00572994 0)
(0.0850517 0.00572065 0)
(0.08391 0.0056752 0)
(0.0827274 0.00559403 0)
(0.0815084 0.005478 0)
(0.0802588 0.0053285 0)
(0.0789852 0.0051474 0)
(0.0776956 0.00493706 0)
(0.0763985 0.00470028 0)
(0.0751035 0.00444025 0)
(0.0738206 0.00416042 0)
(0.0725601 0.00386445 0)
(0.0713323 0.00355605 0)
(0.0701472 0.00323887 0)
(0.0690144 0.00291639 0)
(0.0679424 0.00259181 0)
(0.0669389 0.00226796 0)
(0.0660103 0.00194726 0)
(0.0651618 0.00163166 0)
(0.0643971 0.00132268 0)
(0.0637189 0.0010214 0)
(0.0631282 0.000728516 0)
(0.0626251 0.000444449 0)
(0.0622087 0.000169375 0)
(0.0618772 -9.66728e-05 0)
(0.0616279 -0.000353723 0)
(0.0614575 -0.000601796 0)
(0.0613625 -0.000840844 0)
(0.0613387 -0.0010707 0)
(0.0613817 -0.00129104 0)
(0.0614869 -0.00150136 0)
(0.0616496 -0.00170099 0)
(0.0618649 -0.00188907 0)
(0.0621277 -0.00206456 0)
(0.0624331 -0.0022263 0)
(0.0627761 -0.00237302 0)
(0.0631514 -0.00250335 0)
(0.063554 -0.00261592 0)
(0.0639788 -0.00270934 0)
(0.0644206 -0.00278232 0)
(0.0648743 -0.00283365 0)
(0.0653348 -0.00286231 0)
(0.0657973 -0.00286746 0)
(0.0662568 -0.00284855 0)
(0.0667086 -0.00280534 0)
(0.0671482 -0.00273793 0)
(0.0675712 -0.00264682 0)
(0.0679738 -0.00253291 0)
(0.068352 -0.00239754 0)
(0.0687027 -0.00224248 0)
(0.0690228 -0.00206991 0)
(0.0693099 -0.00188242 0)
(0.0695619 -0.00168295 0)
(0.0697772 -0.00147474 0)
(0.0699548 -0.00126123 0)
(0.0700941 -0.00104605 0)
(0.070195 -0.000832837 0)
(0.0702578 -0.000625214 0)
(0.0702836 -0.000426646 0)
(0.0702737 -0.000240364 0)
(0.0702298 -6.92628e-05 0)
(0.0701542 8.41718e-05 0)
(0.0700496 0.000217936 0)
(0.0699188 0.000330558 0)
(0.0697653 0.000421129 0)
(0.0695925 0.00048932 0)
(0.0694043 0.000535368 0)
(0.0692046 0.000560052 0)
(0.0689973 0.000564642 0)
(0.0687863 0.000550837 0)
(0.0685754 0.000520694 0)
(0.0683682 0.000476535 0)
(0.068168 0.000420869 0)
(0.0679777 0.000356299 0)
(0.0677998 0.000285443 0)
(0.0676364 0.000210852 0)
(0.067489 0.00013495 0)
(0.0673587 5.99712e-05 0)
(0.0672461 -1.2081e-05 0)
(0.0671514 -7.9469e-05 0)
(0.0670743 -0.000140744 0)
(0.0670143 -0.000194759 0)
(0.0669703 -0.000240669 0)
(0.0669413 -0.00027793 0)
(0.0669257 -0.000306282 0)
(0.0669222 -0.000325735 0)
(0.066929 -0.000336537 0)
(0.0669444 -0.000339153 0)
(0.0669669 -0.000334231 0)
(0.0669947 -0.000322565 0)
(0.0670263 -0.000305065 0)
(0.0670601 -0.00028272 0)
(0.067095 -0.000256564 0)
(0.0671296 -0.000227641 0)
(0.0671629 -0.00019698 0)
(0.0671941 -0.000165562 0)
(0.0672224 -0.0001343 0)
(0.0672474 -0.000104015 0)
(0.0672687 -7.54262e-05 0)
(0.0672862 -4.9134e-05 0)
(0.0672998 -2.56156e-05 0)
(0.0673096 -5.23384e-06 0)
(0.067316 1.17855e-05 0)
(0.0673191 2.52483e-05 0)
(0.0673197 3.55548e-05 0)
(0.0673179 4.06861e-05 0)
(-0.000178691 0.00561322 0)
(-0.000130355 0.0056225 0)
(0.0010209 0.00502285 0)
(0.00222225 0.00399389 0)
(0.00368824 0.00327664 0)
(0.00512212 0.00270447 0)
(0.00659982 0.00223695 0)
(0.00805231 0.00184492 0)
(0.00949853 0.00150058 0)
(0.0109272 0.00119361 0)
(0.0123456 0.000912812 0)
(0.0137552 0.000652341 0)
(0.0151613 0.000406525 0)
(0.0165679 0.000171375 0)
(0.0179797 -5.6812e-05 0)
(0.0194012 -0.000281163 0)
(0.0208368 -0.00050464 0)
(0.0222909 -0.000730025 0)
(0.0237676 -0.000960043 0)
(0.0252711 -0.00119738 0)
(0.0268054 -0.00144469 0)
(0.0283741 -0.0017046 0)
(0.0299807 -0.00197968 0)
(0.0316283 -0.00227235 0)
(0.0333197 -0.00258488 0)
(0.0350573 -0.0029193 0)
(0.036843 -0.00327731 0)
(0.0386785 -0.00366021 0)
(0.0405648 -0.00406889 0)
(0.0425025 -0.00450368 0)
(0.0444918 -0.00496438 0)
(0.0465321 -0.00545022 0)
(0.0486226 -0.00595977 0)
(0.0507619 -0.00649105 0)
(0.0529477 -0.00704141 0)
(0.0551775 -0.00760766 0)
(0.0574478 -0.00818603 0)
(0.0597546 -0.00877222 0)
(0.062093 -0.00936147 0)
(0.0644575 -0.00994855 0)
(0.0668417 -0.0105278 0)
(0.0692383 -0.0110934 0)
(0.0716392 -0.0116389 0)
(0.0740354 -0.0121579 0)
(0.0764169 -0.0126435 0)
(0.0787728 -0.0130891 0)
(0.0810914 -0.0134877 0)
(0.0833603 -0.0138326 0)
(0.0855662 -0.0141172 0)
(0.0876955 -0.0143355 0)
(0.0897344 -0.0144817 0)
(0.0916691 -0.0145509 0)
(0.0934863 -0.0145391 0)
(0.0951733 -0.0144432 0)
(0.096719 -0.0142615 0)
(0.0981138 -0.0139935 0)
(0.0993504 -0.0136405 0)
(0.100424 -0.0132053 0)
(0.101333 -0.0126924 0)
(0.102077 -0.012108 0)
(0.102663 -0.0114594 0)
(0.103095 -0.0107553 0)
(0.103386 -0.0100052 0)
(0.103545 -0.00921902 0)
(0.103587 -0.00840696 0)
(0.103527 -0.00757885 0)
(0.10338 -0.00674402 0)
(0.10316 -0.00591097 0)
(0.102882 -0.00508723 0)
(0.102559 -0.0042792 0)
(0.102204 -0.00349215 0)
(0.101827 -0.00273018 0)
(0.101436 -0.00199634 0)
(0.101039 -0.00129272 0)
(0.100641 -0.000620564 0)
(0.100247 1.9552e-05 0)
(0.0998583 0.000627607 0)
(0.0994772 0.00120398 0)
(0.0991038 0.0017493 0)
(0.0987374 0.00226437 0)
(0.0983766 0.00275002 0)
(0.0980196 0.00320704 0)
(0.0976637 0.00363612 0)
(0.097306 0.00403778 0)
(0.0969434 0.00441231 0)
(0.0965724 0.00475979 0)
(0.0961894 0.00508006 0)
(0.0957908 0.00537271 0)
(0.0953728 0.00563711 0)
(0.094932 0.00587243 0)
(0.0944649 0.00607769 0)
(0.093968 0.00625177 0)
(0.0934384 0.00639352 0)
(0.0928734 0.00650178 0)
(0.0922708 0.00657545 0)
(0.0916288 0.00661357 0)
(0.0909463 0.00661541 0)
(0.0902229 0.00658049 0)
(0.0894591 0.0065087 0)
(0.0886563 0.0064003 0)
(0.0878167 0.00625603 0)
(0.0869436 0.00607706 0)
(0.0860413 0.00586509 0)
(0.0851151 0.00562224 0)
(0.0841712 0.00535109 0)
(0.0832165 0.00505455 0)
(0.0822586 0.00473587 0)
(0.0813056 0.00439846 0)
(0.0803658 0.00404584 0)
(0.0794474 0.00368153 0)
(0.0785587 0.00330896 0)
(0.0777073 0.00293134 0)
(0.0769003 0.00255165 0)
(0.076144 0.00217256 0)
(0.0754437 0.0017964 0)
(0.0748039 0.00142516 0)
(0.0742278 0.00106053 0)
(0.0737176 0.000703895 0)
(0.0732747 0.000356404 0)
(0.0728992 1.90289e-05 0)
(0.0725905 -0.000307381 0)
(0.072347 -0.000622044 0)
(0.0721665 -0.000924187 0)
(0.0720462 -0.001213 0)
(0.0719827 -0.00148761 0)
(0.0719722 -0.00174703 0)
(0.0720105 -0.00199019 0)
(0.0720932 -0.0022159 0)
(0.0722157 -0.00242287 0)
(0.0723732 -0.00260974 0)
(0.0725608 -0.0027751 0)
(0.0727735 -0.00291754 0)
(0.0730064 -0.00303566 0)
(0.0732545 -0.00312818 0)
(0.0735132 -0.00319393 0)
(0.0737775 -0.00323194 0)
(0.074043 -0.00324148 0)
(0.0743053 -0.00322212 0)
(0.0745604 -0.0031738 0)
(0.0748043 -0.00309682 0)
(0.0750337 -0.00299194 0)
(0.0752454 -0.00286037 0)
(0.0754366 -0.00270377 0)
(0.0756052 -0.00252431 0)
(0.0757492 -0.00232459 0)
(0.0758671 -0.00210762 0)
(0.0759581 -0.0018768 0)
(0.0760215 -0.00163584 0)
(0.0760572 -0.00138864 0)
(0.0760651 -0.00113928 0)
(0.076046 -0.000891843 0)
(0.0760004 -0.000650377 0)
(0.0759295 -0.000418752 0)
(0.0758344 -0.000200581 0)
(0.0757167 8.71802e-07 0)
(0.0755779 0.000182779 0)
(0.0754199 0.000342811 0)
(0.0752446 0.000479195 0)
(0.0750542 0.000590747 0)
(0.0748509 0.000676897 0)
(0.0746372 0.000737679 0)
(0.0744155 0.000773721 0)
(0.0741884 0.000786201 0)
(0.0739585 0.000776793 0)
(0.0737286 0.000747599 0)
(0.0735011 0.000701066 0)
(0.0732785 0.000639899 0)
(0.0730631 0.00056697 0)
(0.0728571 0.000485222 0)
(0.0726622 0.000397583 0)
(0.07248 0.000306886 0)
(0.0723117 0.000215795 0)
(0.0721582 0.000126746 0)
(0.0720201 4.18985e-05 0)
(0.0718976 -3.68996e-05 0)
(0.0717908 -0.000108134 0)
(0.0716991 -0.000170637 0)
(0.0716221 -0.000223583 0)
(0.0715589 -0.000266484 0)
(0.0715087 -0.000299168 0)
(0.0714702 -0.000321754 0)
(0.0714423 -0.000334625 0)
(0.0714237 -0.000338388 0)
(0.0714131 -0.00033384 0)
(0.0714092 -0.000321928 0)
(0.0714108 -0.000303712 0)
(0.0714167 -0.000280319 0)
(0.0714258 -0.000252916 0)
(0.071437 -0.000222664 0)
(0.0714493 -0.000190695 0)
(0.0714621 -0.000158077 0)
(0.0714746 -0.000125792 0)
(0.0714864 -9.47194e-05 0)
(0.0714968 -6.56162e-05 0)
(0.0715058 -3.91111e-05 0)
(0.0715131 -1.57054e-05 0)
(0.0715186 4.24009e-06 0)
(0.0715223 2.04434e-05 0)
(0.0715245 3.29729e-05 0)
(0.071525 4.05987e-05 0)
(0.00502723 0.00202747 0)
(0.00755073 0.00305749 0)
(0.0124941 0.00260012 0)
(0.0157679 0.00197948 0)
(0.0188809 0.00134978 0)
(0.0215624 0.000840197 0)
(0.0240247 0.000413149 0)
(0.0263011 5.85686e-05 0)
(0.0284438 -0.000248607 0)
(0.0304806 -0.00052153 0)
(0.0324345 -0.000771892 0)
(0.0343221 -0.00100698 0)
(0.0361568 -0.0012325 0)
(0.0379495 -0.00145262 0)
(0.0397092 -0.00167078 0)
(0.0414439 -0.00188991 0)
(0.0431606 -0.00211267 0)
(0.0448656 -0.00234155 0)
(0.0465644 -0.00257898 0)
(0.0482623 -0.00282734 0)
(0.049964 -0.00308898 0)
(0.0516737 -0.0033662 0)
(0.0533954 -0.00366123 0)
(0.0551324 -0.00397616 0)
(0.0568876 -0.00431291 0)
(0.0586636 -0.00467317 0)
(0.0604623 -0.00505831 0)
(0.0622852 -0.00546934 0)
(0.0641332 -0.0059068 0)
(0.0660067 -0.00637077 0)
(0.0679053 -0.00686074 0)
(0.0698283 -0.00737562 0)
(0.0717742 -0.00791369 0)
(0.0737408 -0.00847258 0)
(0.0757253 -0.00904926 0)
(0.077724 -0.00964005 0)
(0.0797324 -0.0102407 0)
(0.0817452 -0.0108462 0)
(0.0837563 -0.0114511 0)
(0.0857585 -0.0120495 0)
(0.0877436 -0.0126348 0)
(0.0897026 -0.0132002 0)
(0.0916254 -0.0137383 0)
(0.0935009 -0.0142416 0)
(0.0953171 -0.0147021 0)
(0.097061 -0.0151119 0)
(0.0987189 -0.015463 0)
(0.100276 -0.0157475 0)
(0.101719 -0.0159579 0)
(0.103031 -0.0160875 0)
(0.104199 -0.0161301 0)
(0.10521 -0.0160809 0)
(0.106052 -0.0159362 0)
(0.106716 -0.0156942 0)
(0.107195 -0.0153547 0)
(0.107487 -0.0149195 0)
(0.107591 -0.0143929 0)
(0.107515 -0.0137808 0)
(0.107266 -0.0130917 0)
(0.106859 -0.0123353 0)
(0.10631 -0.0115229 0)
(0.105639 -0.0106667 0)
(0.104868 -0.00977909 0)
(0.10402 -0.00887244 0)
(0.103118 -0.0079584 0)
(0.102185 -0.00704762 0)
(0.101241 -0.00614944 0)
(0.100306 -0.00527166 0)
(0.0993944 -0.00442052 0)
(0.0985211 -0.00360069 0)
(0.0976964 -0.00281538 0)
(0.0969284 -0.0020665 0)
(0.0962226 -0.00135484 0)
(0.0955821 -0.000680316 0)
(0.0950083 -4.2129e-05 0)
(0.0945007 0.000561011 0)
(0.0940576 0.00113072 0)
(0.0936759 0.00166876 0)
(0.0933519 0.00217698 0)
(0.0930812 0.00265711 0)
(0.0928588 0.00311077 0)
(0.0926796 0.00353935 0)
(0.0925381 0.003944 0)
(0.0924287 0.00432555 0)
(0.0923459 0.00468456 0)
(0.0922841 0.00502125 0)
(0.0922376 0.00533555 0)
(0.0922011 0.00562709 0)
(0.0921692 0.00589521 0)
(0.0921366 0.00613904 0)
(0.0920982 0.00635749 0)
(0.0920491 0.00654929 0)
(0.0919846 0.00671308 0)
(0.0919003 0.00684744 0)
(0.0917921 0.00695093 0)
(0.0916561 0.00702221 0)
(0.0914891 0.00706002 0)
(0.0912882 0.00706332 0)
(0.0910511 0.00703129 0)
(0.0907761 0.00696346 0)
(0.0904624 0.00685967 0)
(0.0901098 0.00672019 0)
(0.089719 0.0065457 0)
(0.0892914 0.00633732 0)
(0.0888297 0.00609663 0)
(0.0883369 0.0058256 0)
(0.0878171 0.00552659 0)
(0.0872752 0.00520229 0)
(0.0867165 0.00485566 0)
(0.0861469 0.00448983 0)
(0.0855725 0.00410807 0)
(0.0849995 0.00371366 0)
(0.0844344 0.00330983 0)
(0.0838831 0.00289971 0)
(0.0833513 0.00248627 0)
(0.0828442 0.00207227 0)
(0.0823663 0.00166026 0)
(0.0819216 0.00125259 0)
(0.0815129 0.000851359 0)
(0.0811427 0.000458515 0)
(0.0808123 7.58361e-05 0)
(0.0805224 -0.000295015 0)
(0.0802729 -0.000652457 0)
(0.0800628 -0.000994953 0)
(0.0798909 -0.00132098 0)
(0.079755 -0.00162902 0)
(0.0796526 -0.00191751 0)
(0.0795808 -0.00218489 0)
(0.0795362 -0.00242954 0)
(0.0795154 -0.00264988 0)
(0.0795145 -0.00284431 0)
(0.0795298 -0.0030113 0)
(0.0795572 -0.00314941 0)
(0.0795931 -0.00325734 0)
(0.0796335 -0.00333398 0)
(0.0796748 -0.00337847 0)
(0.0797137 -0.00339024 0)
(0.0797469 -0.00336909 0)
(0.0797719 -0.0033152 0)
(0.079786 -0.00322922 0)
(0.0797873 -0.00311225 0)
(0.0797743 -0.0029659 0)
(0.0797458 -0.00279227 0)
(0.0797012 -0.00259396 0)
(0.0796401 -0.002374 0)
(0.0795629 -0.00213585 0)
(0.0794698 -0.00188331 0)
(0.0793616 -0.00162046 0)
(0.0792393 -0.00135156 0)
(0.0791039 -0.00108093 0)
(0.0789566 -0.00081292 0)
(0.0787986 -0.000551747 0)
(0.0786309 -0.000301432 0)
(0.0784546 -6.56981e-05 0)
(0.0782708 0.000152105 0)
(0.0780803 0.000349076 0)
(0.077884 0.000522815 0)
(0.0776827 0.000671478 0)
(0.0774772 0.000793803 0)
(0.0772681 0.00088913 0)
(0.0770564 0.000957402 0)
(0.0768429 0.000999148 0)
(0.0766285 0.00101546 0)
(0.0764143 0.00100793 0)
(0.0762013 0.000978613 0)
(0.0759909 0.000929943 0)
(0.0757841 0.000864645 0)
(0.0755823 0.000785658 0)
(0.0753868 0.00069604 0)
(0.0751987 0.000598877 0)
(0.0750191 0.0004972 0)
(0.0748491 0.000393902 0)
(0.0746894 0.000291673 0)
(0.0745409 0.00019294 0)
(0.0744039 9.98251e-05 0)
(0.0742788 1.41084e-05 0)
(0.0741656 -6.27858e-05 0)
(0.0740644 -0.000129798 0)
(0.0739749 -0.00018623 0)
(0.0738966 -0.000231728 0)
(0.073829 -0.000266263 0)
(0.0737715 -0.000290098 0)
(0.0737232 -0.000303756 0)
(0.0736835 -0.000307984 0)
(0.0736513 -0.000303704 0)
(0.0736259 -0.000291981 0)
(0.0736064 -0.000273974 0)
(0.0735918 -0.0002509 0)
(0.0735814 -0.000223993 0)
(0.0735745 -0.000194468 0)
(0.0735702 -0.00016349 0)
(0.073568 -0.000132146 0)
(0.0735673 -0.000101423 0)
(0.0735676 -7.21865e-05 0)
(0.0735685 -4.51749e-05 0)
(0.0735698 -2.09906e-05 0)
(0.0735712 -9.39554e-08 0)
(0.0735724 1.71459e-05 0)
(0.0735734 3.06565e-05 0)
(0.0735739 3.97515e-05 0)
(0.034449 -2.23395e-06 0)
(0.0346056 -0.00014746 0)
(0.0349265 -0.000265748 0)
(0.0353639 -0.000328793 0)
(0.0358651 -0.00036754 0)
(0.0365118 -0.000443529 0)
(0.0371828 -0.00032403 0)
(0.0378703 -0.000775202 0)
(0.0908644 -5.87808e-06 0)
(0.0906418 -0.000128445 0)
(0.0905762 -0.000292933 0)
(0.0906128 -0.000460252 0)
(0.0907604 -0.000640504 0)
(0.0909948 -0.000820452 0)
(0.0913446 -0.00101794 0)
(0.0922275 -0.00168808 0)
(0.128437 -9.53619e-06 0)
(0.128259 -9.16086e-05 0)
(0.128172 -0.000216868 0)
(0.128133 -0.000376154 0)
(0.128123 -0.00056197 0)
(0.128143 -0.000777923 0)
(0.128233 -0.00110894 0)
(0.128234 -0.00153303 0)
(0.147212 -1.34192e-05 0)
(0.147034 -0.000102151 0)
(0.146937 -0.000218101 0)
(0.146873 -0.000361712 0)
(0.146822 -0.00053643 0)
(0.14678 -0.000760517 0)
(0.146721 -0.00103282 0)
(0.146655 -0.00139308 0)
(0.147217 -1.87163e-05 0)
(0.147038 -0.00010979 0)
(0.146928 -0.000210599 0)
(0.146841 -0.000331351 0)
(0.14675 -0.00048307 0)
(0.146636 -0.000672191 0)
(0.146489 -0.000914291 0)
(0.146281 -0.00121013 0)
(0.12845 -2.6497e-05 0)
(0.128254 -0.000125944 0)
(0.128112 -0.000213587 0)
(0.127974 -0.000309499 0)
(0.127812 -0.000428859 0)
(0.127611 -0.000583006 0)
(0.127354 -0.000775581 0)
(0.127023 -0.00100621 0)
(0.0908859 -4.05793e-05 0)
(0.0906064 -0.000104759 0)
(0.0903872 -0.000137336 0)
(0.0901672 -0.000180823 0)
(0.0899187 -0.000253896 0)
(0.0896183 -0.000360645 0)
(0.0892433 -0.00049827 0)
(0.0887706 -0.000658266 0)
(0.0344546 -4.66688e-05 0)
(0.0343702 -2.65032e-05 0)
(0.034315 4.75326e-06 0)
(0.034257 2.92551e-06 0)
(0.0341381 -3.04955e-05 0)
(0.0339303 -8.34628e-05 0)
(0.0336179 -0.000143196 0)
(0.0331954 -0.000199135 0)
(0.0405645 -0.00352272 0)
(0.0434923 -0.00323373 0)
(0.0461546 -0.00292986 0)
(0.0487451 -0.00263438 0)
(0.051127 -0.00249715 0)
(0.0533516 -0.0024569 0)
(0.0554411 -0.00248485 0)
(0.0574215 -0.00255354 0)
(0.0593123 -0.00264804 0)
(0.0611283 -0.0027594 0)
(0.0628809 -0.00288306 0)
(0.0645789 -0.00301672 0)
(0.0662298 -0.00315954 0)
(0.0678399 -0.00331145 0)
(0.0694145 -0.00347296 0)
(0.0709588 -0.00364491 0)
(0.0724773 -0.00382842 0)
(0.0739742 -0.00402482 0)
(0.0754534 -0.0042356 0)
(0.0769184 -0.00446238 0)
(0.0783727 -0.00470685 0)
(0.0798192 -0.00497074 0)
(0.0812607 -0.00525576 0)
(0.0826993 -0.00556353 0)
(0.0841371 -0.00589554 0)
(0.0855756 -0.00625307 0)
(0.0870157 -0.0066371 0)
(0.0884581 -0.00704825 0)
(0.0899027 -0.00748672 0)
(0.091349 -0.0079522 0)
(0.0927957 -0.00844381 0)
(0.0942411 -0.00896007 0)
(0.0956824 -0.00949881 0)
(0.0971163 -0.0100571 0)
(0.0985386 -0.0106315 0)
(0.0999441 -0.0112175 0)
(0.101327 -0.0118101 0)
(0.102679 -0.0124036 0)
(0.103994 -0.0129915 0)
(0.10526 -0.0135668 0)
(0.106469 -0.0141219 0)
(0.107607 -0.0146487 0)
(0.108663 -0.0151385 0)
(0.109622 -0.0155825 0)
(0.110471 -0.0159714 0)
(0.111193 -0.0162961 0)
(0.111774 -0.0165473 0)
(0.112196 -0.0167163 0)
(0.112445 -0.0167951 0)
(0.112507 -0.0167769 0)
(0.112371 -0.0166561 0)
(0.112027 -0.0164294 0)
(0.111471 -0.0160953 0)
(0.110704 -0.015655 0)
(0.109729 -0.0151121 0)
(0.10856 -0.0144734 0)
(0.107213 -0.0137479 0)
(0.105709 -0.0129472 0)
(0.104077 -0.012085 0)
(0.102346 -0.0111759 0)
(0.100549 -0.0102354 0)
(0.0987195 -0.00927837 0)
(0.09689 -0.00831917 0)
(0.0950909 -0.00737048 0)
(0.0933497 -0.00644311 0)
(0.0916898 -0.00554577 0)
(0.0901306 -0.00468495 0)
(0.0886865 -0.00386506 0)
(0.0873682 -0.00308861 0)
(0.0861817 -0.00235646 0)
(0.08513 -0.00166818 0)
(0.0842128 -0.00102228 0)
(0.0834273 -0.000416583 0)
(0.082769 0.000151585 0)
(0.0822318 0.000685122 0)
(0.0818088 0.001187 0)
(0.0814922 0.00166013 0)
(0.0812742 0.00210721 0)
(0.0811466 0.00253074 0)
(0.0811013 0.00293287 0)
(0.0811304 0.00331544 0)
(0.0812262 0.00367993 0)
(0.0813813 0.00402745 0)
(0.0815884 0.00435877 0)
(0.0818407 0.00467427 0)
(0.0821314 0.00497404 0)
(0.0824542 0.00525781 0)
(0.0828028 0.00552504 0)
(0.0831713 0.0057749 0)
(0.0835539 0.00600632 0)
(0.0839449 0.00621806 0)
(0.084339 0.00640868 0)
(0.0847307 0.00657663 0)
(0.085115 0.00672029 0)
(0.085487 0.00683802 0)
(0.085842 0.00692819 0)
(0.0861756 0.00698924 0)
(0.0864837 0.00701977 0)
(0.0867625 0.00701854 0)
(0.0870086 0.00698455 0)
(0.0872192 0.00691709 0)
(0.0873919 0.00681577 0)
(0.087525 0.00668055 0)
(0.0876173 0.00651179 0)
(0.0876684 0.00631023 0)
(0.0876786 0.00607704 0)
(0.0876488 0.00581375 0)
(0.0875808 0.00552227 0)
(0.0874768 0.00520483 0)
(0.0873399 0.00486394 0)
(0.0871733 0.00450235 0)
(0.0869811 0.00412297 0)
(0.0867672 0.00372881 0)
(0.0865361 0.00332294 0)
(0.086292 0.00290843 0)
(0.0860392 0.00248827 0)
(0.0857819 0.00206541 0)
(0.0855236 0.00164266 0)
(0.0852677 0.00122272 0)
(0.0850171 0.000808192 0)
(0.084774 0.000401531 0)
(0.0845402 5.1074e-06 0)
(0.0843169 -0.000378797 0)
(0.0841046 -0.00074797 0)
(0.0839034 -0.00110025 0)
(0.0837128 -0.00143354 0)
(0.0835319 -0.00174574 0)
(0.0833595 -0.00203483 0)
(0.0831937 -0.00229882 0)
(0.0830327 -0.00253579 0)
(0.0828744 -0.00274392 0)
(0.0827167 -0.00292152 0)
(0.0825572 -0.00306707 0)
(0.0823938 -0.00317927 0)
(0.0822245 -0.0032571 0)
(0.0820475 -0.00329985 0)
(0.0818614 -0.00330719 0)
(0.0816651 -0.00327923 0)
(0.0814578 -0.0032165 0)
(0.0812395 -0.00312008 0)
(0.0810103 -0.00299152 0)
(0.0807709 -0.00283289 0)
(0.0805226 -0.00264677 0)
(0.0802669 -0.0024362 0)
(0.0800056 -0.00220464 0)
(0.0797409 -0.00195588 0)
(0.0794749 -0.00169401 0)
(0.0792099 -0.00142328 0)
(0.0789479 -0.00114806 0)
(0.0786909 -0.000872693 0)
(0.0784406 -0.000601457 0)
(0.0781983 -0.000338437 0)
(0.0779649 -8.74704e-05 0)
(0.077741 0.000147935 0)
(0.0775269 0.000364658 0)
(0.0773225 0.000560017 0)
(0.0771273 0.000731813 0)
(0.0769408 0.000878364 0)
(0.0767621 0.000998523 0)
(0.0765903 0.0010917 0)
(0.0764246 0.00115785 0)
(0.076264 0.00119747 0)
(0.0761078 0.00121157 0)
(0.0759553 0.00120167 0)
(0.0758059 0.00116968 0)
(0.0756594 0.00111792 0)
(0.0755157 0.00104898 0)
(0.0753747 0.00096571 0)
(0.0752368 0.000871083 0)
(0.0751021 0.000768138 0)
(0.0749712 0.000659893 0)
(0.0748446 0.000549266 0)
(0.0747227 0.000439002 0)
(0.0746062 0.000331615 0)
(0.0744955 0.000229338 0)
(0.0743911 0.000134082 0)
(0.0742932 4.74119e-05 0)
(0.0742022 -2.94668e-05 0)
(0.0741182 -9.57097e-05 0)
(0.0740413 -0.000150826 0)
(0.0739713 -0.000194659 0)
(0.0739082 -0.000227363 0)
(0.0738518 -0.00024937 0)
(0.0738016 -0.000261353 0)
(0.0737574 -0.000264186 0)
(0.0737188 -0.000258902 0)
(0.0736853 -0.00024665 0)
(0.0736566 -0.000228653 0)
(0.0736323 -0.000206165 0)
(0.0736118 -0.000180435 0)
(0.0735948 -0.000152669 0)
(0.0735809 -0.000124003 0)
(0.0735698 -9.54744e-05 0)
(0.0735611 -6.80054e-05 0)
(0.0735545 -4.23861e-05 0)
(0.0735497 -1.92703e-05 0)
(0.0735464 8.33393e-07 0)
(0.0735444 1.7513e-05 0)
(0.0735433 3.06633e-05 0)
(0.073543 3.96034e-05 0)
(0.0928715 -0.00220423 0)
(0.0929433 -0.00269095 0)
(0.0932596 -0.00297272 0)
(0.0937375 -0.00317011 0)
(0.0943729 -0.00332615 0)
(0.0951061 -0.00346613 0)
(0.0959042 -0.00359902 0)
(0.0967422 -0.00372815 0)
(0.0976042 -0.00385514 0)
(0.098479 -0.00398122 0)
(0.0993592 -0.00410782 0)
(0.10024 -0.00423653 0)
(0.101116 -0.00436904 0)
(0.101987 -0.00450713 0)
(0.102849 -0.00465257 0)
(0.103702 -0.00480715 0)
(0.104545 -0.00497267 0)
(0.105378 -0.00515095 0)
(0.1062 -0.00534381 0)
(0.107011 -0.00555307 0)
(0.107813 -0.00578055 0)
(0.108603 -0.00602801 0)
(0.109384 -0.00629713 0)
(0.110154 -0.00658946 0)
(0.110912 -0.00690638 0)
(0.111659 -0.00724901 0)
(0.112393 -0.00761813 0)
(0.113113 -0.00801415 0)
(0.113816 -0.008437 0)
(0.114501 -0.00888607 0)
(0.115163 -0.00936012 0)
(0.115799 -0.00985722 0)
(0.116405 -0.0103747 0)
(0.116974 -0.0109091 0)
(0.1175 -0.011456 0)
(0.117977 -0.0120102 0)
(0.118394 -0.0125658 0)
(0.118742 -0.0131158 0)
(0.11901 -0.0136525 0)
(0.119186 -0.0141676 0)
(0.119255 -0.0146521 0)
(0.119203 -0.0150964 0)
(0.119014 -0.0154904 0)
(0.118672 -0.0158238 0)
(0.11816 -0.016086 0)
(0.117461 -0.0162668 0)
(0.116561 -0.0163563 0)
(0.115446 -0.0163457 0)
(0.114105 -0.016228 0)
(0.112532 -0.015998 0)
(0.110727 -0.0156538 0)
(0.108696 -0.0151961 0)
(0.10645 -0.0146294 0)
(0.104012 -0.0139615 0)
(0.101408 -0.0132035 0)
(0.0986725 -0.0123695 0)
(0.0958458 -0.011476 0)
(0.0929713 -0.0105408 0)
(0.0900942 -0.0095821 0)
(0.0872592 -0.00861759 0)
(0.0845085 -0.00766348 0)
(0.0818797 -0.00673379 0)
(0.0794045 -0.00583992 0)
(0.0771078 -0.00499032 0)
(0.0750072 -0.00419058 0)
(0.0731135 -0.00344353 0)
(0.071431 -0.00274968 0)
(0.069959 -0.00210762 0)
(0.0686921 -0.00151453 0)
(0.0676223 -0.000966672 0)
(0.0667389 -0.000459764 0)
(0.0660303 1.06457e-05 0)
(0.0654841 0.000448942 0)
(0.0650878 0.000859267 0)
(0.0648292 0.00124541 0)
(0.0646967 0.00161076 0)
(0.0646791 0.00195825 0)
(0.0647662 0.0022904 0)
(0.0649483 0.00260928 0)
(0.0652164 0.00291659 0)
(0.0655622 0.00321361 0)
(0.0659781 0.00350127 0)
(0.0664566 0.00378015 0)
(0.0669912 0.00405049 0)
(0.0675754 0.00431226 0)
(0.0682031 0.00456511 0)
(0.0688686 0.00480842 0)
(0.0695662 0.00504134 0)
(0.0702906 0.00526279 0)
(0.0710364 0.00547151 0)
(0.0717986 0.00566606 0)
(0.072572 0.00584485 0)
(0.0733517 0.00600622 0)
(0.0741328 0.00614844 0)
(0.0749103 0.00626973 0)
(0.0756797 0.00636835 0)
(0.076436 0.00644261 0)
(0.0771749 0.00649091 0)
(0.077892 0.00651181 0)
(0.0785831 0.00650406 0)
(0.0792443 0.0064666 0)
(0.079872 0.00639867 0)
(0.0804629 0.0062998 0)
(0.0810142 0.00616983 0)
(0.0815237 0.00600895 0)
(0.0819893 0.00581771 0)
(0.0824098 0.00559702 0)
(0.0827844 0.00534812 0)
(0.0831129 0.00507262 0)
(0.0833957 0.00477239 0)
(0.0836336 0.00444961 0)
(0.0838279 0.00410669 0)
(0.0839804 0.00374623 0)
(0.0840931 0.00337097 0)
(0.0841684 0.00298375 0)
(0.0842088 0.00258751 0)
(0.0842169 0.00218517 0)
(0.0841952 0.00177969 0)
(0.0841462 0.00137398 0)
(0.0840721 0.000970925 0)
(0.0839751 0.000573363 0)
(0.0838569 0.000184076 0)
(0.083719 -0.000194209 0)
(0.0835625 -0.00055882 0)
(0.0833882 -0.000907143 0)
(0.0831966 -0.00123662 0)
(0.0829879 -0.00154479 0)
(0.0827622 -0.00182924 0)
(0.082519 -0.00208769 0)
(0.0822582 -0.00231799 0)
(0.0819793 -0.00251816 0)
(0.0816819 -0.00268645 0)
(0.0813658 -0.00282134 0)
(0.081031 -0.00292165 0)
(0.0806778 -0.00298656 0)
(0.0803069 -0.00301565 0)
(0.0799195 -0.00300897 0)
(0.0795172 -0.00296704 0)
(0.0791022 -0.00289094 0)
(0.0786773 -0.00278221 0)
(0.0782456 -0.00264297 0)
(0.0778108 -0.00247577 0)
(0.0773769 -0.00228363 0)
(0.0769479 -0.00206994 0)
(0.0765279 -0.00183841 0)
(0.0761211 -0.00159295 0)
(0.0757311 -0.00133763 0)
(0.0753612 -0.00107656 0)
(0.0750145 -0.000813829 0)
(0.0746929 -0.000553409 0)
(0.0743981 -0.000299106 0)
(0.074131 -5.44913e-05 0)
(0.0738916 0.000177145 0)
(0.0736797 0.000392838 0)
(0.0734941 0.000589985 0)
(0.0733333 0.000766375 0)
(0.0731953 0.000920214 0)
(0.0730781 0.00105014 0)
(0.0729791 0.00115526 0)
(0.0728958 0.00123513 0)
(0.0728256 0.00128977 0)
(0.072766 0.00131967 0)
(0.0727146 0.00132577 0)
(0.0726692 0.00130943 0)
(0.0726278 0.00127238 0)
(0.0725889 0.00121672 0)
(0.0725508 0.00114481 0)
(0.0725127 0.00105925 0)
(0.0724735 0.000962787 0)
(0.0724328 0.000858249 0)
(0.0723903 0.000748467 0)
(0.0723457 0.000636205 0)
(0.0722992 0.000524095 0)
(0.072251 0.000414571 0)
(0.0722014 0.000309821 0)
(0.0721507 0.000211743 0)
(0.0720993 0.000121919 0)
(0.0720477 4.15873e-05 0)
(0.0719963 -2.83581e-05 0)
(0.0719455 -8.73689e-05 0)
(0.0718956 -0.00013523 0)
(0.0718472 -0.000172036 0)
(0.0718004 -0.000198168 0)
(0.0717556 -0.000214255 0)
(0.0717131 -0.000221134 0)
(0.0716731 -0.00021981 0)
(0.0716359 -0.000211412 0)
(0.0716017 -0.000197146 0)
(0.0715705 -0.000178255 0)
(0.0715426 -0.000155977 0)
(0.071518 -0.000131508 0)
(0.0714967 -0.000105974 0)
(0.0714787 -8.03984e-05 0)
(0.0714639 -5.56889e-05 0)
(0.0714521 -3.26185e-05 0)
(0.0714432 -1.18256e-05 0)
(0.0714369 6.20294e-06 0)
(0.0714329 2.10725e-05 0)
(0.0714309 3.27591e-05 0)
(0.0714307 4.0077e-05 0)
(0.128165 -0.0021563 0)
(0.128117 -0.00266726 0)
(0.128051 -0.00305214 0)
(0.128032 -0.00334061 0)
(0.128064 -0.00356963 0)
(0.128141 -0.00376229 0)
(0.128252 -0.00393209 0)
(0.128389 -0.00408679 0)
(0.128543 -0.00423116 0)
(0.128706 -0.00436856 0)
(0.128874 -0.00450172 0)
(0.129041 -0.00463307 0)
(0.129205 -0.00476491 0)
(0.129362 -0.00489943 0)
(0.129509 -0.00503878 0)
(0.129646 -0.00518505 0)
(0.129769 -0.00534031 0)
(0.129877 -0.00550658 0)
(0.129969 -0.00568586 0)
(0.130043 -0.00588009 0)
(0.130097 -0.00609118 0)
(0.13013 -0.0063209 0)
(0.13014 -0.00657093 0)
(0.130125 -0.00684277 0)
(0.130083 -0.00713768 0)
(0.130011 -0.00745661 0)
(0.129905 -0.00780019 0)
(0.129762 -0.00816854 0)
(0.129579 -0.00856131 0)
(0.129349 -0.00897751 0)
(0.129068 -0.00941544 0)
(0.128728 -0.00987263 0)
(0.128322 -0.0103457 0)
(0.127843 -0.0108304 0)
(0.12728 -0.0113214 0)
(0.126623 -0.0118124 0)
(0.12586 -0.012296 0)
(0.124977 -0.0127637 0)
(0.12396 -0.0132063 0)
(0.122794 -0.0136137 0)
(0.121462 -0.0139751 0)
(0.119947 -0.0142795 0)
(0.118235 -0.0145155 0)
(0.11631 -0.014672 0)
(0.114158 -0.0147382 0)
(0.111771 -0.0147046 0)
(0.109142 -0.0145631 0)
(0.106271 -0.0143084 0)
(0.103165 -0.0139385 0)
(0.0998379 -0.013455 0)
(0.096315 -0.0128637 0)
(0.09263 -0.0121745 0)
(0.0888261 -0.0114008 0)
(0.0849546 -0.0105595 0)
(0.0810723 -0.00966983 0)
(0.0772389 -0.00875264 0)
(0.0735132 -0.00782933 0)
(0.0699498 -0.00692035 0)
(0.0665957 -0.00604381 0)
(0.0634878 -0.00521427 0)
(0.0606521 -0.00444196 0)
(0.0581028 -0.00373257 0)
(0.055844 -0.00308758 0)
(0.0538709 -0.00250499 0)
(0.0521725 -0.00198032 0)
(0.0507329 -0.0015076 0)
(0.0495338 -0.00108021 0)
(0.0485561 -0.000691591 0)
(0.0477803 -0.000335591 0)
(0.0471884 -6.74536e-06 0)
(0.0467631 0.00029968 0)
(0.046489 0.000587705 0)
(0.0463522 0.000860707 0)
(0.0463402 0.00112151 0)
(0.0464418 0.00137246 0)
(0.0466472 0.0016155 0)
(0.0469476 0.00185226 0)
(0.0473349 0.00208401 0)
(0.0478021 0.00231179 0)
(0.0483427 0.00253633 0)
(0.0489508 0.00275816 0)
(0.0496207 0.00297752 0)
(0.0503475 0.00319444 0)
(0.0511262 0.00340872 0)
(0.0519521 0.00361991 0)
(0.052821 0.00382739 0)
(0.0537283 0.00403029 0)
(0.0546699 0.00422759 0)
(0.0556415 0.00441807 0)
(0.0566389 0.00460039 0)
(0.0576579 0.00477304 0)
(0.0586942 0.00493444 0)
(0.0597435 0.00508291 0)
(0.0608014 0.00521673 0)
(0.0618635 0.00533416 0)
(0.0629252 0.00543348 0)
(0.0639821 0.005513 0)
(0.0650296 0.00557112 0)
(0.0660632 0.00560636 0)
(0.0670784 0.00561739 0)
(0.0680707 0.00560306 0)
(0.0690358 0.00556243 0)
(0.0699697 0.0054948 0)
(0.0708685 0.00539976 0)
(0.0717284 0.00527718 0)
(0.0725462 0.00512721 0)
(0.073319 0.00495034 0)
(0.074044 0.00474736 0)
(0.0747193 0.00451937 0)
(0.075343 0.00426778 0)
(0.0759139 0.00399425 0)
(0.0764312 0.00370072 0)
(0.0768943 0.00338934 0)
(0.0773033 0.00306246 0)
(0.0776584 0.0027226 0)
(0.0779602 0.0023724 0)
(0.0782095 0.00201461 0)
(0.0784073 0.00165205 0)
(0.0785546 0.00128759 0)
(0.0786526 0.000924141 0)
(0.0787026 0.000564613 0)
(0.0787055 0.000211919 0)
(0.0786625 -0.000131043 0)
(0.0785747 -0.000461409 0)
(0.0784429 -0.000776363 0)
(0.078268 -0.00107316 0)
(0.0780509 -0.00134914 0)
(0.0777925 -0.00160177 0)
(0.0774937 -0.00182869 0)
(0.0771556 -0.00202774 0)
(0.0767796 -0.002197 0)
(0.0763673 -0.00233488 0)
(0.0759209 -0.00244013 0)
(0.075443 -0.00251193 0)
(0.0749367 -0.0025499 0)
(0.0744059 -0.00255417 0)
(0.073855 -0.00252538 0)
(0.0732892 -0.00246469 0)
(0.072714 -0.00237377 0)
(0.0721357 -0.00225476 0)
(0.0715605 -0.00211025 0)
(0.070995 -0.00194318 0)
(0.0704458 -0.00175675 0)
(0.069919 -0.00155441 0)
(0.0694202 -0.00133969 0)
(0.0689544 -0.00111616 0)
(0.068526 -0.000887389 0)
(0.0681381 -0.000656813 0)
(0.067793 -0.00042775 0)
(0.067492 -0.000203335 0)
(0.0672356 1.34986e-05 0)
(0.0670231 0.000220041 0)
(0.0668533 0.000413825 0)
(0.0667241 0.000592637 0)
(0.0666329 0.000754538 0)
(0.0665766 0.000897878 0)
(0.0665518 0.00102132 0)
(0.0665547 0.00112384 0)
(0.0665816 0.00120477 0)
(0.0666285 0.0012638 0)
(0.0666916 0.001301 0)
(0.0667672 0.00131678 0)
(0.0668516 0.00131196 0)
(0.0669417 0.0012877 0)
(0.0670342 0.00124548 0)
(0.0671264 0.00118711 0)
(0.0672161 0.00111463 0)
(0.067301 0.00103033 0)
(0.0673795 0.000936608 0)
(0.0674503 0.00083598 0)
(0.0675123 0.000730974 0)
(0.0675648 0.000624079 0)
(0.0676073 0.000517681 0)
(0.0676398 0.000414001 0)
(0.0676623 0.000315045 0)
(0.0676751 0.000222561 0)
(0.0676786 0.000138005 0)
(0.0676736 6.25173e-05 0)
(0.0676607 -3.08948e-06 0)
(0.0676408 -5.8331e-05 0)
(0.067615 -0.000103042 0)
(0.0675843 -0.000137357 0)
(0.0675497 -0.000161682 0)
(0.0675124 -0.000176661 0)
(0.0674735 -0.000183131 0)
(0.067434 -0.000182086 0)
(0.067395 -0.000174624 0)
(0.0673572 -0.000161908 0)
(0.0673216 -0.000145118 0)
(0.0672889 -0.000125418 0)
(0.0672594 -0.000103918 0)
(0.0672337 -8.16433e-05 0)
(0.067212 -5.95163e-05 0)
(0.0671943 -3.83371e-05 0)
(0.0671807 -1.87709e-05 0)
(0.0671709 -1.35583e-06 0)
(0.0671647 1.35243e-05 0)
(0.0671616 2.55354e-05 0)
(0.0671611 3.49475e-05 0)
(0.0671631 3.98321e-05 0)
(0.146523 -0.0017961 0)
(0.146273 -0.00220797 0)
(0.145965 -0.00258163 0)
(0.145634 -0.00290619 0)
(0.1453 -0.00318585 0)
(0.144969 -0.00342844 0)
(0.14464 -0.00364114 0)
(0.14431 -0.00382982 0)
(0.143973 -0.00399933 0)
(0.143626 -0.0041538 0)
(0.143265 -0.00429694 0)
(0.142886 -0.00443213 0)
(0.142487 -0.00456249 0)
(0.142067 -0.00469094 0)
(0.141622 -0.00482024 0)
(0.141151 -0.00495298 0)
(0.140652 -0.00509161 0)
(0.140123 -0.00523845 0)
(0.139562 -0.00539572 0)
(0.138967 -0.00556549 0)
(0.138335 -0.00574969 0)
(0.137663 -0.00595011 0)
(0.136949 -0.00616831 0)
(0.136188 -0.00640561 0)
(0.135377 -0.00666303 0)
(0.13451 -0.00694125 0)
(0.133582 -0.00724047 0)
(0.132587 -0.00756037 0)
(0.131518 -0.00790004 0)
(0.130366 -0.00825782 0)
(0.129125 -0.00863125 0)
(0.127783 -0.00901693 0)
(0.126331 -0.00941045 0)
(0.124756 -0.00980626 0)
(0.123047 -0.0101977 0)
(0.12119 -0.0105768 0)
(0.119171 -0.0109347 0)
(0.116975 -0.0112614 0)
(0.114588 -0.0115463 0)
(0.111995 -0.0117784 0)
(0.109183 -0.0119465 0)
(0.106141 -0.0120399 0)
(0.102861 -0.0120486 0)
(0.0993411 -0.0119635 0)
(0.0955834 -0.0117771 0)
(0.0916 -0.0114841 0)
(0.0874119 -0.0110823 0)
(0.0830515 -0.0105735 0)
(0.0785631 -0.00996493 0)
(0.0740028 -0.00926974 0)
(0.0694362 -0.0085066 0)
(0.0649351 -0.00769884 0)
(0.0605725 -0.00687255 0)
(0.056417 -0.00605422 0)
(0.0525272 -0.00526817 0)
(0.0489483 -0.00453411 0)
(0.0457086 -0.00386545 0)
(0.0428206 -0.0032686 0)
(0.040282 -0.00274352 0)
(0.038079 -0.0022852 0)
(0.03619 -0.00188562 0)
(0.034589 -0.00153556 0)
(0.0332482 -0.00122602 0)
(0.0321407 -0.000949066 0)
(0.0312412 -0.00069816 0)
(0.0305273 -0.000468125 0)
(0.0299792 -0.000254944 0)
(0.0295797 -5.54771e-05 0)
(0.0293143 0.000132788 0)
(0.0291707 0.000311942 0)
(0.0291382 0.000483783 0)
(0.0292077 0.000649905 0)
(0.0293714 0.000811734 0)
(0.0296225 0.00097055 0)
(0.0299551 0.00112749 0)
(0.0303639 0.00128353 0)
(0.0308443 0.00143952 0)
(0.031392 0.00159612 0)
(0.0320033 0.00175383 0)
(0.0326747 0.001913 0)
(0.0334029 0.00207376 0)
(0.0341849 0.0022361 0)
(0.0350178 0.00239981 0)
(0.0358986 0.00256451 0)
(0.0368246 0.00272961 0)
(0.037793 0.00289441 0)
(0.0388008 0.00305798 0)
(0.0398451 0.0032193 0)
(0.0409229 0.00337717 0)
(0.0420311 0.0035303 0)
(0.0431662 0.00367726 0)
(0.0443249 0.00381658 0)
(0.0455034 0.00394669 0)
(0.046698 0.00406602 0)
(0.0479047 0.00417296 0)
(0.0491193 0.00426591 0)
(0.0503375 0.00434335 0)
(0.0515548 0.00440377 0)
(0.0527667 0.00444581 0)
(0.0539686 0.00446819 0)
(0.0551556 0.0044698 0)
(0.0563231 0.00444971 0)
(0.0574665 0.00440716 0)
(0.0585809 0.00434164 0)
(0.059662 0.00425286 0)
(0.0607054 0.0041408 0)
(0.0617068 0.00400567 0)
(0.0626625 0.00384799 0)
(0.0635687 0.00366851 0)
(0.0644222 0.00346828 0)
(0.06522 0.00324858 0)
(0.0659594 0.00301095 0)
(0.0666382 0.00275715 0)
(0.0672544 0.00248916 0)
(0.0678065 0.00220912 0)
(0.0682933 0.00191936 0)
(0.0687137 0.00162235 0)
(0.0690673 0.00132065 0)
(0.0693534 0.00101694 0)
(0.0695721 0.000713965 0)
(0.0697232 0.000414532 0)
(0.0698072 0.000121463 0)
(0.0698245 -0.000162412 0)
(0.0697756 -0.000434287 0)
(0.0696616 -0.000691417 0)
(0.0694837 -0.000931149 0)
(0.0692434 -0.00115097 0)
(0.0689426 -0.00134855 0)
(0.0685838 -0.0015218 0)
(0.06817 -0.00166892 0)
(0.0677048 -0.00178847 0)
(0.0671926 -0.00187941 0)
(0.0666385 -0.00194114 0)
(0.0660486 -0.00197356 0)
(0.0654296 -0.00197709 0)
(0.064789 -0.00195263 0)
(0.0641349 -0.00190159 0)
(0.0634758 -0.00182581 0)
(0.0628207 -0.0017275 0)
(0.0621782 -0.00160918 0)
(0.0615568 -0.00147356 0)
(0.0609645 -0.00132347 0)
(0.0604083 -0.00116174 0)
(0.0598946 -0.000991167 0)
(0.0594283 -0.000814459 0)
(0.0590133 -0.000634182 0)
(0.0586523 -0.000452763 0)
(0.0583468 -0.000272486 0)
(0.0580973 -9.55008e-05 0)
(0.0579031 7.61676e-05 0)
(0.0577627 0.00024061 0)
(0.057674 0.00039603 0)
(0.057634 0.000540752 0)
(0.0576392 0.000673228 0)
(0.057686 0.000792064 0)
(0.0577701 0.000896036 0)
(0.057887 0.000984121 0)
(0.0580323 0.00105552 0)
(0.0582014 0.0011097 0)
(0.0583895 0.00114639 0)
(0.0585922 0.00116561 0)
(0.0588049 0.0011677 0)
(0.0590235 0.0011533 0)
(0.0592438 0.00112336 0)
(0.0594622 0.00107909 0)
(0.0596751 0.00102201 0)
(0.0598795 0.000953815 0)
(0.0600726 0.00087643 0)
(0.0602522 0.000791898 0)
(0.0604163 0.000702348 0)
(0.0605634 0.000609932 0)
(0.0606926 0.000516768 0)
(0.0608031 0.000424878 0)
(0.0608947 0.000336136 0)
(0.0609676 0.000252218 0)
(0.0610224 0.000174559 0)
(0.06106 0.000104327 0)
(0.0610815 4.23974e-05 0)
(0.0610884 -1.06541e-05 0)
(0.0610824 -5.45472e-05 0)
(0.0610653 -8.92846e-05 0)
(0.0610391 -0.000115129 0)
(0.0610058 -0.000132569 0)
(0.0609673 -0.000142286 0)
(0.0609255 -0.000145109 0)
(0.0608823 -0.000141975 0)
(0.0608392 -0.000133887 0)
(0.0607976 -0.000121869 0)
(0.0607587 -0.00010694 0)
(0.0607235 -9.00707e-05 0)
(0.0606927 -7.21687e-05 0)
(0.0606666 -5.40502e-05 0)
(0.0606457 -3.6427e-05 0)
(0.0606298 -1.99006e-05 0)
(0.0606187 -4.94329e-06 0)
(0.0606122 8.07008e-06 0)
(0.0606098 1.89413e-05 0)
(0.0606108 2.73384e-05 0)
(0.0606147 3.40549e-05 0)
(0.060621 3.68273e-05 0)
(0.145992 -0.00155358 0)
(0.145619 -0.0019053 0)
(0.145166 -0.00223556 0)
(0.14465 -0.00252983 0)
(0.144083 -0.00278513 0)
(0.143473 -0.0030041 0)
(0.142822 -0.00319147 0)
(0.142132 -0.00335246 0)
(0.141402 -0.00349208 0)
(0.140632 -0.00361493 0)
(0.139823 -0.00372518 0)
(0.138975 -0.00382654 0)
(0.138087 -0.00392234 0)
(0.137159 -0.0040156 0)
(0.13619 -0.00410905 0)
(0.13518 -0.00420518 0)
(0.134127 -0.00430627 0)
(0.13303 -0.0044144 0)
(0.131885 -0.0045315 0)
(0.130691 -0.00465929 0)
(0.129444 -0.00479929 0)
(0.128139 -0.0049528 0)
(0.126773 -0.00512088 0)
(0.125338 -0.00530425 0)
(0.12383 -0.00550331 0)
(0.122241 -0.00571799 0)
(0.120563 -0.00594775 0)
(0.118788 -0.00619146 0)
(0.116906 -0.0064473 0)
(0.114907 -0.00671269 0)
(0.112779 -0.00698421 0)
(0.110512 -0.00725744 0)
(0.108093 -0.00752695 0)
(0.10551 -0.00778616 0)
(0.10275 -0.00802736 0)
(0.0998014 -0.0082417 0)
(0.0966534 -0.00841935 0)
(0.0932964 -0.00854975 0)
(0.0897242 -0.00862203 0)
(0.0859347 -0.00862562 0)
(0.0819322 -0.00855091 0)
(0.0777291 -0.00839009 0)
(0.073348 -0.008138 0)
(0.068823 -0.00779309 0)
(0.0642007 -0.00735848 0)
(0.0595397 -0.00684309 0)
(0.0549087 -0.00626255 0)
(0.0503821 -0.00563902 0)
(0.0460343 -0.00499927 0)
(0.041933 -0.00437114 0)
(0.0381335 -0.00377936 0)
(0.0346746 -0.00324203 0)
(0.0315768 -0.00276888 0)
(0.0288424 -0.00236144 0)
(0.0264583 -0.00201476 0)
(0.0244002 -0.00172002 0)
(0.0226372 -0.00146712 0)
(0.0211365 -0.00124663 0)
(0.0198664 -0.001051 0)
(0.0187982 -0.000874808 0)
(0.0179069 -0.000714493 0)
(0.0171716 -0.000567767 0)
(0.0165747 -0.000433043 0)
(0.0161018 -0.000308995 0)
(0.0157406 -0.00019432 0)
(0.0154811 -8.76572e-05 0)
(0.0153145 1.23997e-05 0)
(0.0152334 0.000107244 0)
(0.0152316 0.000198204 0)
(0.0153035 0.000286512 0)
(0.0154448 0.000373283 0)
(0.0156515 0.000459516 0)
(0.0159203 0.000546094 0)
(0.0162486 0.000633793 0)
(0.0166342 0.000723288 0)
(0.017075 0.000815148 0)
(0.0175695 0.000909841 0)
(0.0181164 0.00100773 0)
(0.0187144 0.00110906 0)
(0.0193625 0.00121398 0)
(0.0200596 0.00132247 0)
(0.0208047 0.00143442 0)
(0.0215968 0.00154957 0)
(0.0224347 0.00166753 0)
(0.0233173 0.00178776 0)
(0.024243 0.0019096 0)
(0.0252104 0.00203225 0)
(0.0262177 0.0021548 0)
(0.0272628 0.00227623 0)
(0.0283436 0.00239541 0)
(0.0294576 0.00251114 0)
(0.0306019 0.00262216 0)
(0.0317735 0.00272715 0)
(0.0329691 0.00282476 0)
(0.034185 0.00291362 0)
(0.0354174 0.00299241 0)
(0.0366621 0.00305979 0)
(0.0379147 0.00311453 0)
(0.0391707 0.00315542 0)
(0.0404252 0.00318138 0)
(0.0416732 0.00319146 0)
(0.0429097 0.00318482 0)
(0.0441295 0.00316078 0)
(0.0453272 0.00311887 0)
(0.0464978 0.00305877 0)
(0.047636 0.00298038 0)
(0.0487366 0.00288383 0)
(0.0497947 0.00276946 0)
(0.0508055 0.00263782 0)
(0.0517644 0.00248972 0)
(0.052667 0.00232616 0)
(0.0535093 0.00214837 0)
(0.0542874 0.00195781 0)
(0.054998 0.00175609 0)
(0.055638 0.00154502 0)
(0.0562047 0.00132659 0)
(0.0566957 0.00110291 0)
(0.0571091 0.00087621 0)
(0.0574434 0.000648836 0)
(0.0576975 0.000423199 0)
(0.0578708 0.000201761 0)
(0.057963 -1.30007e-05 0)
(0.0579747 -0.000218626 0)
(0.0579068 -0.000412713 0)
(0.0577609 -0.000592966 0)
(0.0575393 -0.000757243 0)
(0.0572454 -0.000903613 0)
(0.056883 -0.00103042 0)
(0.0564572 -0.00113633 0)
(0.0559739 -0.0012204 0)
(0.05544 -0.00128212 0)
(0.0548633 -0.00132143 0)
(0.0542526 -0.00133877 0)
(0.0536171 -0.001335 0)
(0.0529666 -0.0013114 0)
(0.0523114 -0.0012696 0)
(0.0516613 -0.00121146 0)
(0.051026 -0.001139 0)
(0.0504146 -0.00105428 0)
(0.0498354 -0.000959302 0)
(0.0492955 -0.000855988 0)
(0.048801 -0.000746093 0)
(0.0483567 -0.000631219 0)
(0.0479664 -0.000512816 0)
(0.0476324 -0.000392213 0)
(0.0473562 -0.000270651 0)
(0.0471383 -0.000149319 0)
(0.046978 -2.93889e-05 0)
(0.0468742 8.79688e-05 0)
(0.046825 0.000201569 0)
(0.0468278 0.000310216 0)
(0.0468796 0.000412712 0)
(0.046977 0.00050788 0)
(0.0471161 0.000594587 0)
(0.0472927 0.000671773 0)
(0.0475025 0.000738486 0)
(0.0477409 0.000793911 0)
(0.0480031 0.000837402 0)
(0.0482842 0.000868507 0)
(0.0485795 0.000886994 0)
(0.0488841 0.000892865 0)
(0.0491932 0.00088637 0)
(0.0495023 0.000868008 0)
(0.049807 0.000838523 0)
(0.0501032 0.000798892 0)
(0.0503871 0.000750302 0)
(0.0506553 0.000694118 0)
(0.050905 0.000631851 0)
(0.0511337 0.000565108 0)
(0.0513396 0.000495547 0)
(0.0515211 0.000424824 0)
(0.0516776 0.000354544 0)
(0.0518087 0.000286207 0)
(0.0519149 0.00022117 0)
(0.0519968 0.000160603 0)
(0.0520559 0.000105466 0)
(0.0520938 5.64861e-05 0)
(0.0521125 1.4153e-05 0)
(0.0521145 -2.12807e-05 0)
(0.0521022 -4.97859e-05 0)
(0.0520783 -7.15372e-05 0)
(0.0520453 -8.68857e-05 0)
(0.0520058 -9.63288e-05 0)
(0.0519622 -0.000100477 0)
(0.0519168 -0.00010002 0)
(0.0518714 -9.56958e-05 0)
(0.0518277 -8.82618e-05 0)
(0.0517871 -7.84667e-05 0)
(0.0517507 -6.70295e-05 0)
(0.0517192 -5.46211e-05 0)
(0.0516931 -4.18486e-05 0)
(0.0516725 -2.92463e-05 0)
(0.0516575 -1.7265e-05 0)
(0.0516479 -6.27274e-06 0)
(0.0516431 3.4596e-06 0)
(0.0516426 1.17134e-05 0)
(0.0516458 1.8534e-05 0)
(0.0516519 2.34073e-05 0)
(0.0516603 2.76671e-05 0)
(0.0516712 2.98053e-05 0)
(0.126599 -0.00126201 0)
(0.126067 -0.00152293 0)
(0.125429 -0.001768 0)
(0.124694 -0.0019842 0)
(0.123872 -0.00216701 0)
(0.122971 -0.00231763 0)
(0.122 -0.00244011 0)
(0.120963 -0.00253951 0)
(0.119865 -0.00262087 0)
(0.118711 -0.00268874 0)
(0.117504 -0.00274705 0)
(0.116248 -0.00279914 0)
(0.114945 -0.00284784 0)
(0.113596 -0.00289556 0)
(0.112202 -0.00294443 0)
(0.110762 -0.00299629 0)
(0.109276 -0.00305277 0)
(0.107741 -0.00311529 0)
(0.106154 -0.00318506 0)
(0.104512 -0.00326313 0)
(0.102811 -0.00335026 0)
(0.101045 -0.003447 0)
(0.0992069 -0.00355358 0)
(0.097291 -0.00366989 0)
(0.0952892 -0.00379544 0)
(0.093193 -0.00392923 0)
(0.0909935 -0.00406975 0)
(0.0886814 -0.00421488 0)
(0.0862469 -0.00436176 0)
(0.0836806 -0.0045068 0)
(0.0809732 -0.00464551 0)
(0.0781166 -0.00477251 0)
(0.0751041 -0.00488145 0)
(0.0719312 -0.00496509 0)
(0.068597 -0.00501549 0)
(0.065105 -0.00502437 0)
(0.0614646 -0.00498383 0)
(0.0576922 -0.00488734 0)
(0.0538129 -0.00473095 0)
(0.0498605 -0.00451444 0)
(0.0458781 -0.00424212 0)
(0.0419169 -0.00392306 0)
(0.0380344 -0.00357045 0)
(0.0342909 -0.00320036 0)
(0.0307448 -0.00282991 0)
(0.0274462 -0.0024751 0)
(0.0244308 -0.0021488 0)
(0.0217164 -0.00185915 0)
(0.019303 -0.0016089 0)
(0.0171773 -0.00139603 0)
(0.0153181 -0.00121525 0)
(0.0137005 -0.0010597 0)
(0.0122991 -0.000922575 0)
(0.0110893 -0.000798412 0)
(0.0100485 -0.000683921 0)
(0.00915621 -0.000578069 0)
(0.00839471 -0.000481353 0)
(0.0077488 -0.000394709 0)
(0.0072056 -0.000318615 0)
(0.00675413 -0.000252714 0)
(0.00638487 -0.000195885 0)
(0.00608955 -0.00014655 0)
(0.00586094 -0.000102998 0)
(0.00569283 -6.36232e-05 0)
(0.00557992 -2.7053e-05 0)
(0.00551781 7.80943e-06 0)
(0.00550294 4.18067e-05 0)
(0.00553246 7.55784e-05 0)
(0.00560417 0.000109623 0)
(0.00571644 0.000144352 0)
(0.0058681 0.000180137 0)
(0.0060584 0.000217332 0)
(0.00628695 0.000256288 0)
(0.00655362 0.000297353 0)
(0.00685858 0.000340866 0)
(0.00720214 0.000387143 0)
(0.00758482 0.000436471 0)
(0.00800721 0.000489084 0)
(0.00847 0.000545162 0)
(0.00897388 0.00060481 0)
(0.00951952 0.000668049 0)
(0.0101075 0.000734814 0)
(0.0107384 0.000804939 0)
(0.0114125 0.000878159 0)
(0.0121299 0.000954106 0)
(0.0128905 0.00103231 0)
(0.013694 0.0011122 0)
(0.0145398 0.00119312 0)
(0.0154268 0.00127432 0)
(0.0163536 0.00135497 0)
(0.0173187 0.00143418 0)
(0.01832 0.00151102 0)
(0.0193549 0.00158449 0)
(0.0204207 0.0016536 0)
(0.0215141 0.00171732 0)
(0.0226315 0.00177465 0)
(0.023769 0.00182459 0)
(0.0249223 0.00186621 0)
(0.0260867 0.00189861 0)
(0.0272574 0.00192097 0)
(0.0284291 0.00193255 0)
(0.0295965 0.00193275 0)
(0.0307539 0.00192103 0)
(0.0318957 0.00189704 0)
(0.0330159 0.00186054 0)
(0.0341088 0.00181147 0)
(0.0351684 0.0017499 0)
(0.036189 0.0016761 0)
(0.0371648 0.00159052 0)
(0.0380903 0.00149377 0)
(0.0389602 0.00138665 0)
(0.0397695 0.00127013 0)
(0.0405135 0.00114534 0)
(0.0411878 0.00101358 0)
(0.0417887 0.000876281 0)
(0.0423128 0.00073502 0)
(0.0427572 0.000591474 0)
(0.0431198 0.00044741 0)
(0.0433991 0.000304657 0)
(0.0435942 0.000165074 0)
(0.0437053 3.05128e-05 0)
(0.0437332 -9.72208e-05 0)
(0.0436799 -0.000216418 0)
(0.0435481 -0.000325514 0)
(0.0433417 -0.000423145 0)
(0.0430657 -0.000508197 0)
(0.0427261 -0.000579851 0)
(0.0423297 -0.000637621 0)
(0.0418844 -0.000681372 0)
(0.0413987 -0.000711324 0)
(0.0408818 -0.000728023 0)
(0.040343 -0.000732302 0)
(0.0397918 -0.000725214 0)
(0.0392377 -0.000707958 0)
(0.0386894 -0.000681792 0)
(0.0381552 -0.00064796 0)
(0.0376428 -0.000607627 0)
(0.0371586 -0.000561835 0)
(0.0367084 -0.000511485 0)
(0.0362969 -0.000457331 0)
(0.0359277 -0.000400003 0)
(0.0356038 -0.000340033 0)
(0.0353272 -0.000277889 0)
(0.0350994 -0.000214011 0)
(0.034921 -0.000148846 0)
(0.0347921 -8.28709e-05 0)
(0.0347123 -1.66136e-05 0)
(0.0346807 4.93348e-05 0)
(0.0346959 0.000114318 0)
(0.034756 0.000177619 0)
(0.0348589 0.000238474 0)
(0.0350018 0.000296086 0)
(0.0351817 0.00034965 0)
(0.0353952 0.000398379 0)
(0.0356385 0.000441529 0)
(0.0359076 0.000478427 0)
(0.0361983 0.000508494 0)
(0.036506 0.000531276 0)
(0.0368262 0.000546459 0)
(0.0371541 0.000553887 0)
(0.0374852 0.000553575 0)
(0.0378148 0.000545715 0)
(0.0381385 0.000530674 0)
(0.0384523 0.000508987 0)
(0.0387521 0.000481345 0)
(0.0390347 0.000448573 0)
(0.039297 0.000411604 0)
(0.0395365 0.000371448 0)
(0.0397515 0.000329156 0)
(0.0399407 0.000285784 0)
(0.0401033 0.00024236 0)
(0.0402395 0.000199845 0)
(0.0403496 0.000159107 0)
(0.0404349 0.000120896 0)
(0.0404968 8.58257e-05 0)
(0.0405373 5.43661e-05 0)
(0.0405587 2.68387e-05 0)
(0.0405636 3.42081e-06 0)
(0.0405545 -1.5845e-05 0)
(0.0405342 -3.10371e-05 0)
(0.0405052 -4.23385e-05 0)
(0.0404702 -5.00182e-05 0)
(0.0404313 -5.44126e-05 0)
(0.0403908 -5.59067e-05 0)
(0.0403504 -5.49168e-05 0)
(0.0403117 -5.18745e-05 0)
(0.0402759 -4.72121e-05 0)
(0.040244 -4.13503e-05 0)
(0.0402167 -3.46877e-05 0)
(0.0401942 -2.75916e-05 0)
(0.0401769 -2.03921e-05 0)
(0.0401646 -1.33738e-05 0)
(0.040157 -6.77685e-06 0)
(0.0401539 -7.92574e-07 0)
(0.0401546 4.47766e-06 0)
(0.0401587 8.81348e-06 0)
(0.0401655 1.26448e-05 0)
(0.0401741 1.49846e-05 0)
(0.0401839 1.75238e-05 0)
(0.0401971 2.03779e-05 0)
(0.0881807 -0.000827259 0)
(0.0874643 -0.000987324 0)
(0.086624 -0.00112339 0)
(0.0856726 -0.00122777 0)
(0.0846264 -0.00130034 0)
(0.0835018 -0.00134583 0)
(0.0823133 -0.00137089 0)
(0.0810727 -0.00138205 0)
(0.0797894 -0.00138474 0)
(0.0784702 -0.00138305 0)
(0.0771202 -0.00137986 0)
(0.0757425 -0.00137717 0)
(0.0743387 -0.00137634 0)
(0.0729093 -0.00137836 0)
(0.0714537 -0.00138394 0)
(0.0699701 -0.00139361 0)
(0.0684561 -0.00140774 0)
(0.0669084 -0.00142655 0)
(0.0653231 -0.0014501 0)
(0.0636956 -0.00147829 0)
(0.0620209 -0.00151082 0)
(0.0602934 -0.00154719 0)
(0.0585075 -0.00158664 0)
(0.0566574 -0.00162814 0)
(0.0547373 -0.0016704 0)
(0.0527419 -0.00171177 0)
(0.0506668 -0.00175035 0)
(0.0485084 -0.00178391 0)
(0.046265 -0.00180998 0)
(0.0439368 -0.0018259 0)
(0.0415271 -0.00182896 0)
(0.0390426 -0.00181651 0)
(0.0364943 -0.00178622 0)
(0.033898 -0.0017363 0)
(0.0312745 -0.00166583 0)
(0.0286496 -0.00157512 0)
(0.0260527 -0.00146606 0)
(0.0235153 -0.00134236 0)
(0.0210683 -0.00120952 0)
(0.0187394 -0.00107449 0)
(0.0165513 -0.000944838 0)
(0.01452 -0.000827749 0)
(0.0126556 -0.000728715 0)
(0.0109623 -0.000649987 0)
(0.00943959 -0.000589144 0)
(0.00808341 -0.000539062 0)
(0.00688609 -0.000490415 0)
(0.00583698 -0.000435914 0)
(0.00492318 -0.000373571 0)
(0.00413076 -0.000306872 0)
(0.00344589 -0.000242193 0)
(0.0028557 -0.000185497 0)
(0.00234872 -0.000140174 0)
(0.00191505 -0.00010664 0)
(0.00154623 -8.31945e-05 0)
(0.00123483 -6.72371e-05 0)
(0.000974065 -5.61934e-05 0)
(0.00075767 -4.79807e-05 0)
(0.000579922 -4.11328e-05 0)
(0.000435784 -3.47524e-05 0)
(0.00032102 -2.83914e-05 0)
(0.000232209 -2.19054e-05 0)
(0.000166691 -1.53118e-05 0)
(0.000122462 -8.67743e-06 0)
(9.80617e-05 -2.04846e-06 0)
(9.24711e-05 4.58008e-06 0)
(0.000105029 1.12671e-05 0)
(0.00013537 1.81153e-05 0)
(0.000183379 2.52577e-05 0)
(0.00024917 3.28477e-05 0)
(0.000333066 4.10521e-05 0)
(0.000435592 5.0047e-05 0)
(0.000557471 6.00151e-05 0)
(0.000699616 7.11432e-05 0)
(0.000863114 8.36188e-05 0)
(0.00104922 9.7626e-05 0)
(0.00125932 0.00011334 0)
(0.00149492 0.000130919 0)
(0.00175761 0.000150502 0)
(0.00204903 0.000172197 0)
(0.0023708 0.000196072 0)
(0.00272453 0.000222157 0)
(0.00311173 0.000250427 0)
(0.00353378 0.000280804 0)
(0.00399187 0.000313153 0)
(0.00448697 0.000347276 0)
(0.0050198 0.000382917 0)
(0.00559073 0.00041976 0)
(0.00619982 0.000457433 0)
(0.00684672 0.00049551 0)
(0.00753069 0.000533524 0)
(0.00825057 0.000570967 0)
(0.00900475 0.000607302 0)
(0.00979115 0.00064197 0)
(0.0106073 0.000674404 0)
(0.0114502 0.000704033 0)
(0.0123164 0.0007303 0)
(0.0132022 0.000752667 0)
(0.0141034 0.00077063 0)
(0.0150153 0.000783727 0)
(0.0159332 0.000791554 0)
(0.0168517 0.000793766 0)
(0.0177654 0.000790099 0)
(0.0186689 0.000780367 0)
(0.0195562 0.000764479 0)
(0.0204217 0.000742443 0)
(0.0212596 0.000714367 0)
(0.022064 0.00068047 0)
(0.0228295 0.000641077 0)
(0.0235507 0.000596622 0)
(0.0242226 0.000547644 0)
(0.0248406 0.000494777 0)
(0.0254003 0.000438748 0)
(0.0258983 0.000380357 0)
(0.0263315 0.000320469 0)
(0.0266976 0.000259987 0)
(0.026995 0.000199839 0)
(0.0272231 0.000140947 0)
(0.0273819 8.42045e-05 0)
(0.0274727 3.04455e-05 0)
(0.0274972 -1.95803e-05 0)
(0.0274586 -6.52363e-05 0)
(0.0273606 -0.000106021 0)
(0.0272079 -0.000141584 0)
(0.0270059 -0.00017174 0)
(0.0267606 -0.000196462 0)
(0.0264785 -0.000215874 0)
(0.0261663 -0.000230232 0)
(0.0258311 -0.00023989 0)
(0.0254796 -0.000245272 0)
(0.0251185 -0.000246835 0)
(0.0247541 -0.000245041 0)
(0.0243921 -0.000240331 0)
(0.0240378 -0.000233106 0)
(0.0236959 -0.000223716 0)
(0.0233702 -0.000212455 0)
(0.0230643 -0.000199556 0)
(0.022781 -0.000185199 0)
(0.0225227 -0.000169514 0)
(0.0222915 -0.000152588 0)
(0.0220889 -0.00013448 0)
(0.0219163 -0.000115231 0)
(0.0217747 -9.48821e-05 0)
(0.021665 -7.34859e-05 0)
(0.0215877 -5.11227e-05 0)
(0.0215432 -2.79115e-05 0)
(0.0215314 -4.01923e-06 0)
(0.0215522 2.03354e-05 0)
(0.0216049 4.48814e-05 0)
(0.0216885 6.92994e-05 0)
(0.021802 9.32305e-05 0)
(0.0219435 0.000116287 0)
(0.0221111 0.000138067 0)
(0.0223024 0.000158168 0)
(0.0225146 0.000176207 0)
(0.0227447 0.000191832 0)
(0.0229894 0.000204738 0)
(0.0232452 0.000214683 0)
(0.0235085 0.000221495 0)
(0.0237755 0.000225082 0)
(0.0240424 0.000225437 0)
(0.0243058 0.000222637 0)
(0.024562 0.000216844 0)
(0.024808 0.000208294 0)
(0.0250408 0.000197292 0)
(0.0252579 0.000184197 0)
(0.0254573 0.000169408 0)
(0.0256374 0.000153351 0)
(0.0257972 0.000136458 0)
(0.025936 0.000119156 0)
(0.0260538 0.000101851 0)
(0.026151 8.49157e-05 0)
(0.0262285 6.86798e-05 0)
(0.0262873 5.34246e-05 0)
(0.026329 3.93778e-05 0)
(0.0263554 2.67122e-05 0)
(0.0263684 1.55465e-05 0)
(0.0263698 5.94806e-06 0)
(0.0263619 -2.06363e-06 0)
(0.0263465 -8.51159e-06 0)
(0.0263255 -1.3456e-05 0)
(0.0263008 -1.69883e-05 0)
(0.0262739 -1.92252e-05 0)
(0.0262462 -2.03027e-05 0)
(0.0262191 -2.03706e-05 0)
(0.0261935 -1.9587e-05 0)
(0.0261701 -1.8113e-05 0)
(0.0261496 -1.61085e-05 0)
(0.0261325 -1.3728e-05 0)
(0.0261188 -1.11164e-05 0)
(0.0261086 -8.40579e-06 0)
(0.0261019 -5.71589e-06 0)
(0.0260984 -3.13529e-06 0)
(0.0260979 -7.78052e-07 0)
(0.0261 1.4111e-06 0)
(0.0261042 3.11357e-06 0)
(0.0261101 5.01055e-06 0)
(0.0261179 5.99639e-06 0)
(0.0261247 7.30258e-06 0)
(0.0261375 1.09597e-05 0)
(0.0326672 -0.000242392 0)
(0.0320493 -0.000266677 0)
(0.0313665 -0.000270356 0)
(0.0306449 -0.000257281 0)
(0.0299053 -0.000234511 0)
(0.0291605 -0.000209113 0)
(0.0284171 -0.000186096 0)
(0.0276776 -0.000167917 0)
(0.0269424 -0.000155029 0)
(0.0262108 -0.000146748 0)
(0.0254818 -0.000141986 0)
(0.0247543 -0.000139709 0)
(0.0240267 -0.000139117 0)
(0.0232974 -0.000139664 0)
(0.0225646 -0.000140999 0)
(0.021826 -0.000142882 0)
(0.0210796 -0.000145124 0)
(0.020323 -0.000147535 0)
(0.0195542 -0.000149905 0)
(0.018771 -0.000151985 0)
(0.0179717 -0.00015349 0)
(0.017155 -0.000154096 0)
(0.01632 -0.000153456 0)
(0.0154666 -0.000151213 0)
(0.0145954 -0.000147028 0)
(0.0137077 -0.000140616 0)
(0.0128059 -0.000131799 0)
(0.0118936 -0.000120565 0)
(0.010975 -0.000107138 0)
(0.0100554 -9.20508e-05 0)
(0.0091409 -7.61911e-05 0)
(0.00823807 -6.08031e-05 0)
(0.00735374 -4.74035e-05 0)
(0.00649477 -3.75682e-05 0)
(0.00566783 -3.25728e-05 0)
(0.00487933 -3.29283e-05 0)
(0.00413537 -3.79539e-05 0)
(0.00344174 -4.56133e-05 0)
(0.00280375 -5.28239e-05 0)
(0.00222571 -5.6257e-05 0)
(0.00171029 -5.33822e-05 0)
(0.00125761 -4.33392e-05 0)
(0.000864617 -2.7268e-05 0)
(0.00052516 -7.93529e-06 0)
(0.000231138 1.12089e-05 0)
(-2.5251e-05 2.71116e-05 0)
(-0.000249344 3.7844e-05 0)
(-0.000443319 4.27773e-05 0)
(-0.000607414 4.23703e-05 0)
(-0.000742023 3.78256e-05 0)
(-0.000849218 3.075e-05 0)
(-0.000932934 2.28402e-05 0)
(-0.000998087 1.55861e-05 0)
(-0.0010494 1.00164e-05 0)
(-0.00109063 6.55282e-06 0)
(-0.00112431 5.034e-06 0)
(-0.00115207 4.90206e-06 0)
(-0.00117488 5.46373e-06 0)
(-0.00119343 6.11387e-06 0)
(-0.00120821 6.45646e-06 0)
(-0.00121965 6.32169e-06 0)
(-0.00122806 5.71688e-06 0)
(-0.00123373 4.75412e-06 0)
(-0.00123686 3.584e-06 0)
(-0.00123754 2.34915e-06 0)
(-0.00123582 1.15924e-06 0)
(-0.00123165 8.35783e-08 0)
(-0.0012249 -8.448e-07 0)
(-0.00121537 -1.61929e-06 0)
(-0.00120278 -2.24846e-06 0)
(-0.00118682 -2.74608e-06 0)
(-0.00116708 -3.12375e-06 0)
(-0.00114307 -3.38621e-06 0)
(-0.00111423 -3.52909e-06 0)
(-0.00107991 -3.53841e-06 0)
(-0.00103936 -3.39129e-06 0)
(-0.000991721 -3.05746e-06 0)
(-0.000936053 -2.50118e-06 0)
(-0.000871321 -1.68341e-06 0)
(-0.000796409 -5.64142e-07 0)
(-0.000710141 8.95219e-07 0)
(-0.000611297 2.72947e-06 0)
(-0.000498641 4.96733e-06 0)
(-0.000370948 7.62926e-06 0)
(-0.000227039 1.07255e-05 0)
(-6.5809e-05 1.42547e-05 0)
(0.000113731 1.82024e-05 0)
(0.000312421 2.25404e-05 0)
(0.000530921 2.72264e-05 0)
(0.000769671 3.22044e-05 0)
(0.00102887 3.74053e-05 0)
(0.00130844 4.27482e-05 0)
(0.00160803 4.81418e-05 0)
(0.00192694 5.34867e-05 0)
(0.0022642 5.86779e-05 0)
(0.00261849 6.36072e-05 0)
(0.00298817 6.81665e-05 0)
(0.0033713 7.22504e-05 0)
(0.00376564 7.57597e-05 0)
(0.00416868 7.86045e-05 0)
(0.00457767 8.07068e-05 0)
(0.00498965 8.20039e-05 0)
(0.00540148 8.24505e-05 0)
(0.00580993 8.2021e-05 0)
(0.00621168 8.07111e-05 0)
(0.0066034 7.85389e-05 0)
(0.00698181 7.55452e-05 0)
(0.00734374 7.17928e-05 0)
(0.00768619 6.73655e-05 0)
(0.00800638 6.23655e-05 0)
(0.00830183 5.69099e-05 0)
(0.00857039 5.1127e-05 0)
(0.0088103 4.51507e-05 0)
(0.00902023 3.91152e-05 0)
(0.00919933 3.31489e-05 0)
(0.00934718 2.73683e-05 0)
(0.0094639 2.18729e-05 0)
(0.00955006 1.6741e-05 0)
(0.00960668 1.2027e-05 0)
(0.00963522 7.76097e-06 0)
(0.0096375 3.94993e-06 0)
(0.00961569 5.81929e-07 0)
(0.00957218 -2.36907e-06 0)
(0.00950954 -4.93721e-06 0)
(0.00943046 -7.15916e-06 0)
(0.00933764 -9.06972e-06 0)
(0.00923376 -1.06993e-05 0)
(0.00912136 -1.20736e-05 0)
(0.00900287 -1.32147e-05 0)
(0.00888048 -1.41437e-05 0)
(0.0087562 -1.48829e-05 0)
(0.0086318 -1.54566e-05 0)
(0.00850881 -1.58913e-05 0)
(0.00838859 -1.62137e-05 0)
(0.00827227 -1.64467e-05 0)
(0.00816083 -1.6607e-05 0)
(0.00805514 -1.6701e-05 0)
(0.00795593 -1.67239e-05 0)
(0.00786391 -1.66591e-05 0)
(0.00777972 -1.64804e-05 0)
(0.007704 -1.61547e-05 0)
(0.00763738 -1.56455e-05 0)
(0.0075805 -1.49168e-05 0)
(0.00753399 -1.39369e-05 0)
(0.00749846 -1.26815e-05 0)
(0.00747448 -1.1136e-05 0)
(0.00746256 -9.29742e-06 0)
(0.00746313 -7.17551e-06 0)
(0.00747646 -4.79309e-06 0)
(0.00750267 -2.18558e-06 0)
(0.00754171 6.0006e-07 0)
(0.00759331 3.50712e-06 0)
(0.00765699 6.47141e-06 0)
(0.00773202 9.42396e-06 0)
(0.00781747 1.2294e-05 0)
(0.0079122 1.5012e-05 0)
(0.00801488 1.75124e-05 0)
(0.00812402 1.97365e-05 0)
(0.008238 2.16347e-05 0)
(0.00835514 2.3168e-05 0)
(0.00847371 2.43094e-05 0)
(0.00859199 2.50442e-05 0)
(0.00870833 2.53703e-05 0)
(0.00882118 2.52975e-05 0)
(0.00892911 2.48461e-05 0)
(0.00903089 2.40462e-05 0)
(0.00912546 2.29355e-05 0)
(0.00921202 2.15577e-05 0)
(0.00928996 1.99606e-05 0)
(0.0093589 1.81944e-05 0)
(0.00941871 1.63096e-05 0)
(0.00946945 1.43558e-05 0)
(0.00951137 1.23802e-05 0)
(0.00954488 1.04265e-05 0)
(0.00957054 8.53385e-06 0)
(0.00958901 6.73632e-06 0)
(0.00960105 5.06249e-06 0)
(0.00960746 3.53518e-06 0)
(0.00960907 2.1715e-06 0)
(0.00960672 9.82934e-07 0)
(0.00960122 -2.4361e-08 0)
(0.00959334 -8.49243e-07 0)
(0.00958384 -1.49515e-06 0)
(0.00957335 -1.96964e-06 0)
(0.00956249 -2.28385e-06 0)
(0.00955174 -2.45196e-06 0)
(0.00954155 -2.49055e-06 0)
(0.00953225 -2.41805e-06 0)
(0.0095241 -2.25391e-06 0)
(0.00951726 -2.01833e-06 0)
(0.00951185 -1.73031e-06 0)
(0.00950788 -1.41077e-06 0)
(0.00950533 -1.07001e-06 0)
(0.00950415 -7.39803e-07 0)
(0.00950412 -3.8385e-07 0)
(0.00950541 -1.07531e-07 0)
(0.00950705 2.97038e-07 0)
(0.00951114 5.9101e-07 0)
(0.00951252 8.63351e-07 0)
(0.00952176 2.86503e-06 0)
)
;

boundaryField
{
    inlet
    {
        type            fixedProfile;
        profile         table
        
21
(
(0 (0 0 0))
(0.05 (0.0285 0 0))
(0.1 (0.054 0 0))
(0.15 (0.0765 0 0))
(0.2 (0.096 0 0))
(0.25 (0.1125 0 0))
(0.3 (0.126 0 0))
(0.35 (0.1365 0 0))
(0.4 (0.144 0 0))
(0.45 (0.1485 0 0))
(0.5 (0.15 0 0))
(0.55 (0.1485 0 0))
(0.6 (0.144 0 0))
(0.65 (0.1365 0 0))
(0.7 (0.126 0 0))
(0.75 (0.1125 0 0))
(0.8 (0.096 0 0))
(0.85 (0.0765 0 0))
(0.9 (0.054 0 0))
(0.95 (0.0285 0 0))
(1 (0 0 0))
)
;
        direction       (0 1 0);
        origin          1;
        value           nonuniform List<vector> 8((0.034875 0 0) (0.091125 0 0) (0.128625 0 0) (0.147375 0 0) (0.147375 0 0) (0.128625 0 0) (0.091125 0 0) (0.034875 0 0));
    }
    outlet
    {
        type            zeroGradient;
    }
    walls
    {
        type            noSlip;
    }
    symwall
    {
        type            empty;
    }
}


// ************************************************************************* //
