/*--------------------------------*- C++ -*----------------------------------*\
| =========                 |                                                 |
| \\      /  F ield         | OpenFOAM: The Open Source CFD Toolbox           |
|  \\    /   O peration     | Version:  4.1                                   |
|   \\  /    A nd           | Web:      www.OpenFOAM.org                      |
|    \\/     M anipulation  |                                                 |
\*---------------------------------------------------------------------------*/
FoamFile
{
    version     2.0;
    format      ascii;
    class       volVectorField;
    location    "810";
    object      U;
}
// * * * * * * * * * * * * * * * * * * * * * * * * * * * * * * * * * * * * * //

dimensions      [0 1 -1 0 0 0 0];

internalField   nonuniform List<vector> 
3264
(
(-2.66406e-06 -4.77709e-07 0)
(-0.000133196 3.05675e-05 0)
(-0.000389823 4.86686e-05 0)
(-0.000677081 5.10065e-05 0)
(-0.000978998 5.27296e-05 0)
(-0.00128494 5.21311e-05 0)
(-0.00158955 5.34246e-05 0)
(-0.0018942 5.40579e-05 0)
(-0.00219425 5.51476e-05 0)
(-0.00249041 5.57545e-05 0)
(-0.00278008 5.62879e-05 0)
(-0.00306342 5.65024e-05 0)
(-0.00333934 5.65594e-05 0)
(-0.00360788 5.64196e-05 0)
(-0.00386867 5.61549e-05 0)
(-0.00412177 5.57761e-05 0)
(-0.00436713 5.53199e-05 0)
(-0.00460482 5.48032e-05 0)
(-0.0048349 5.42463e-05 0)
(-0.00505748 5.36618e-05 0)
(-0.00527263 5.30609e-05 0)
(-0.00548044 5.24511e-05 0)
(-0.00568096 5.18377e-05 0)
(-0.00587424 5.12233e-05 0)
(-0.00606028 5.06086e-05 0)
(-0.00623908 4.99921e-05 0)
(-0.00641055 4.93699e-05 0)
(-0.00657461 4.87361e-05 0)
(-0.0067311 4.80822e-05 0)
(-0.0068798 4.73977e-05 0)
(-0.00702045 4.66692e-05 0)
(-0.00715273 4.58811e-05 0)
(-0.00727623 4.50151e-05 0)
(-0.0073905 4.40506e-05 0)
(-0.007495 4.29648e-05 0)
(-0.00758912 4.1733e-05 0)
(-0.0076722 4.03289e-05 0)
(-0.00774351 3.87253e-05 0)
(-0.00780224 3.68946e-05 0)
(-0.00784755 3.48097e-05 0)
(-0.00787856 3.24446e-05 0)
(-0.00789433 2.97755e-05 0)
(-0.00789394 2.67819e-05 0)
(-0.00787645 2.34472e-05 0)
(-0.00784091 1.97597e-05 0)
(-0.00778645 1.57138e-05 0)
(-0.00771222 1.13102e-05 0)
(-0.00761743 6.55703e-06 0)
(-0.00750142 1.46975e-06 0)
(-0.00736358 -3.92825e-06 0)
(-0.00720348 -9.60585e-06 0)
(-0.0070208 -1.55244e-05 0)
(-0.00681539 -2.16381e-05 0)
(-0.00658725 -2.78947e-05 0)
(-0.00633658 -3.42364e-05 0)
(-0.00606376 -4.06008e-05 0)
(-0.00576934 -4.69221e-05 0)
(-0.00545408 -5.31323e-05 0)
(-0.00511893 -5.91629e-05 0)
(-0.00476501 -6.49456e-05 0)
(-0.00439362 -7.04144e-05 0)
(-0.00400623 -7.55066e-05 0)
(-0.00360444 -8.01642e-05 0)
(-0.00319 -8.43351e-05 0)
(-0.00276478 -8.79742e-05 0)
(-0.00233071 -9.10441e-05 0)
(-0.00188983 -9.35163e-05 0)
(-0.00144419 -9.53712e-05 0)
(-0.00099589 -9.65989e-05 0)
(-0.00054701 -9.71989e-05 0)
(-9.96117e-05 -9.71803e-05 0)
(0.000344297 -9.65614e-05 0)
(0.000782781 -9.53688e-05 0)
(0.001214 -9.36372e-05 0)
(0.00163623 -9.14081e-05 0)
(0.00204788 -8.8729e-05 0)
(0.0024475 -8.5652e-05 0)
(0.0028338 -8.22327e-05 0)
(0.00320567 -7.85287e-05 0)
(0.00356215 -7.45988e-05 0)
(0.00390248 -7.05014e-05 0)
(0.00422606 -6.62932e-05 0)
(0.00453248 -6.20287e-05 0)
(0.00482148 -5.77587e-05 0)
(0.00509298 -5.35302e-05 0)
(0.00534704 -4.93849e-05 0)
(0.00558386 -4.53598e-05 0)
(0.00580377 -4.14863e-05 0)
(0.00600721 -3.77902e-05 0)
(0.00619472 -3.4292e-05 0)
(0.00636692 -3.10069e-05 0)
(0.0065245 -2.79453e-05 0)
(0.00666821 -2.51129e-05 0)
(0.00679883 -2.25113e-05 0)
(0.00691717 -2.01388e-05 0)
(0.00702406 -1.79904e-05 0)
(0.00712032 -1.60586e-05 0)
(0.00720678 -1.4334e-05 0)
(0.00728425 -1.28055e-05 0)
(0.00735351 -1.1461e-05 0)
(0.00741534 -1.02875e-05 0)
(0.00747044 -9.27184e-06 0)
(0.00751953 -8.40062e-06 0)
(0.00756324 -7.66062e-06 0)
(0.00760219 -7.03894e-06 0)
(0.00763694 -6.52319e-06 0)
(0.00766804 -6.10161e-06 0)
(0.00769595 -5.76308e-06 0)
(0.00772113 -5.49724e-06 0)
(0.00774398 -5.29451e-06 0)
(0.00776485 -5.14606e-06 0)
(0.00778409 -5.04382e-06 0)
(0.00780198 -4.98047e-06 0)
(0.00781877 -4.94942e-06 0)
(0.00783471 -4.94472e-06 0)
(0.00784998 -4.9611e-06 0)
(0.00786476 -4.99386e-06 0)
(0.00787921 -5.03887e-06 0)
(0.00789343 -5.0925e-06 0)
(0.00790755 -5.1516e-06 0)
(0.00792164 -5.21345e-06 0)
(0.00793577 -5.27572e-06 0)
(0.00795001 -5.33643e-06 0)
(0.00796439 -5.39393e-06 0)
(0.00797894 -5.44686e-06 0)
(0.00799368 -5.4941e-06 0)
(0.00800863 -5.53479e-06 0)
(0.00802379 -5.56824e-06 0)
(0.00803915 -5.59397e-06 0)
(0.0080547 -5.61166e-06 0)
(0.00807043 -5.6211e-06 0)
(0.00808632 -5.62223e-06 0)
(0.00810236 -5.61509e-06 0)
(0.00811851 -5.59979e-06 0)
(0.00813475 -5.57655e-06 0)
(0.00815106 -5.54563e-06 0)
(0.0081674 -5.50734e-06 0)
(0.00818376 -5.46204e-06 0)
(0.00820009 -5.41013e-06 0)
(0.00821638 -5.35202e-06 0)
(0.0082326 -5.28815e-06 0)
(0.00824872 -5.21896e-06 0)
(0.00826471 -5.14491e-06 0)
(0.00828055 -5.06645e-06 0)
(0.00829623 -4.98403e-06 0)
(0.0083117 -4.89811e-06 0)
(0.00832697 -4.8091e-06 0)
(0.008342 -4.71743e-06 0)
(0.00835679 -4.62352e-06 0)
(0.00837131 -4.52775e-06 0)
(0.00838555 -4.43049e-06 0)
(0.0083995 -4.3321e-06 0)
(0.00841315 -4.23292e-06 0)
(0.00842649 -4.13326e-06 0)
(0.00843951 -4.03341e-06 0)
(0.00845221 -3.93365e-06 0)
(0.00846458 -3.83423e-06 0)
(0.00847661 -3.73539e-06 0)
(0.00848831 -3.63733e-06 0)
(0.00849968 -3.54026e-06 0)
(0.0085107 -3.44435e-06 0)
(0.0085214 -3.34974e-06 0)
(0.00853175 -3.25659e-06 0)
(0.00854178 -3.16501e-06 0)
(0.00855148 -3.0751e-06 0)
(0.00856086 -2.98695e-06 0)
(0.00856993 -2.90063e-06 0)
(0.00857868 -2.8162e-06 0)
(0.00858714 -2.7337e-06 0)
(0.00859529 -2.65315e-06 0)
(0.00860316 -2.57456e-06 0)
(0.00861075 -2.49793e-06 0)
(0.00861806 -2.42323e-06 0)
(0.00862512 -2.35044e-06 0)
(0.00863192 -2.27948e-06 0)
(0.00863847 -2.2103e-06 0)
(0.00864479 -2.14279e-06 0)
(0.00865088 -2.07684e-06 0)
(0.00865675 -2.01229e-06 0)
(0.00866241 -1.94896e-06 0)
(0.00866786 -1.88661e-06 0)
(0.00867312 -1.82494e-06 0)
(0.00867819 -1.76357e-06 0)
(0.00868308 -1.702e-06 0)
(0.00868778 -1.63957e-06 0)
(0.0086923 -1.57539e-06 0)
(0.00869663 -1.50823e-06 0)
(0.00870077 -1.4365e-06 0)
(0.00870471 -1.35766e-06 0)
(0.00870843 -1.26919e-06 0)
(0.00871189 -1.16412e-06 0)
(0.00871505 -1.04285e-06 0)
(0.00871786 -8.77165e-07 0)
(0.00872014 -7.01227e-07 0)
(0.00872203 -3.89279e-07 0)
(0.00872251 -1.24601e-07 0)
(0.00872344 4.5739e-07 0)
(0.00871933 1.14764e-06 0)
(0.0087204 1.44563e-06 0)
(0.00870597 5.36595e-06 0)
(-8.33601e-05 0.000136419 0)
(-0.000582926 0.000379263 0)
(-0.00131138 0.000518336 0)
(-0.00208602 0.000562426 0)
(-0.00286573 0.000583389 0)
(-0.00363364 0.000585093 0)
(-0.00437643 0.00058502 0)
(-0.00509694 0.000578305 0)
(-0.00578799 0.000569343 0)
(-0.00645176 0.000557122 0)
(-0.00708552 0.000543429 0)
(-0.00769069 0.000528446 0)
(-0.00826689 0.000512894 0)
(-0.00881523 0.000497001 0)
(-0.00933619 0.000481045 0)
(-0.00983069 0.000465149 0)
(-0.0102994 0.000449411 0)
(-0.0107431 0.000433874 0)
(-0.0111624 0.000418555 0)
(-0.0115578 0.000403448 0)
(-0.0119299 0.000388532 0)
(-0.012279 0.000373771 0)
(-0.0126053 0.000359118 0)
(-0.0129091 0.000344514 0)
(-0.0131904 0.000329893 0)
(-0.0134492 0.000315178 0)
(-0.0136853 0.000300285 0)
(-0.0138985 0.000285119 0)
(-0.0140885 0.000269581 0)
(-0.0142546 0.00025356 0)
(-0.0143964 0.000236942 0)
(-0.0145132 0.000219607 0)
(-0.0146042 0.000201432 0)
(-0.0146685 0.000182293 0)
(-0.0147051 0.000162065 0)
(-0.0147131 0.00014063 0)
(-0.0146912 0.000117876 0)
(-0.0146383 9.37008e-05 0)
(-0.0145533 6.80167e-05 0)
(-0.014435 4.0753e-05 0)
(-0.0142822 1.186e-05 0)
(-0.0140937 -1.86882e-05 0)
(-0.0138684 -5.08909e-05 0)
(-0.0136055 -8.47181e-05 0)
(-0.0133039 -0.000120109 0)
(-0.0129629 -0.000156969 0)
(-0.012582 -0.000195173 0)
(-0.0121606 -0.000234562 0)
(-0.0116986 -0.000274944 0)
(-0.0111959 -0.0003161 0)
(-0.0106528 -0.000357781 0)
(-0.0100697 -0.000399714 0)
(-0.00944733 -0.000441603 0)
(-0.00878666 -0.00048314 0)
(-0.00808892 -0.000523999 0)
(-0.00735559 -0.000563849 0)
(-0.00658842 -0.000602358 0)
(-0.00578941 -0.000639195 0)
(-0.00496078 -0.000674038 0)
(-0.00410499 -0.000706576 0)
(-0.00322469 -0.000736519 0)
(-0.00232272 -0.000763599 0)
(-0.0014021 -0.000787575 0)
(-0.000465957 -0.000808237 0)
(0.000482439 -0.000825411 0)
(0.00143975 -0.00083896 0)
(0.0024026 -0.000848787 0)
(0.00336755 -0.000854835 0)
(0.0043312 -0.000857092 0)
(0.00529019 -0.000855587 0)
(0.00624121 -0.000850392 0)
(0.00718106 -0.000841617 0)
(0.00810666 -0.000829413 0)
(0.0090151 -0.000813966 0)
(0.00990364 -0.000795494 0)
(0.0107697 -0.000774243 0)
(0.011611 -0.000750483 0)
(0.0124255 -0.000724505 0)
(0.0132112 -0.00069661 0)
(0.0139666 -0.000667112 0)
(0.0146905 -0.000636326 0)
(0.0153816 -0.000604568 0)
(0.0160393 -0.000572145 0)
(0.0166629 -0.000539357 0)
(0.0172523 -0.000506488 0)
(0.0178074 -0.000473804 0)
(0.0183282 -0.00044155 0)
(0.0188154 -0.000409949 0)
(0.0192693 -0.000379198 0)
(0.0196908 -0.000349471 0)
(0.0200809 -0.000320914 0)
(0.0204406 -0.000293646 0)
(0.020771 -0.000267762 0)
(0.0210735 -0.000243332 0)
(0.0213494 -0.000220405 0)
(0.0216 -0.000199006 0)
(0.021827 -0.000179141 0)
(0.0220318 -0.000160801 0)
(0.0222157 -0.000143959 0)
(0.0223804 -0.000128577 0)
(0.0225273 -0.000114604 0)
(0.0226578 -0.000101983 0)
(0.0227733 -9.06462e-05 0)
(0.0228752 -8.05243e-05 0)
(0.0229646 -7.15421e-05 0)
(0.023043 -6.3623e-05 0)
(0.0231114 -5.66894e-05 0)
(0.0231708 -5.06639e-05 0)
(0.0232224 -4.54704e-05 0)
(0.0232671 -4.10345e-05 0)
(0.0233058 -3.72846e-05 0)
(0.0233392 -3.41519e-05 0)
(0.0233682 -3.15713e-05 0)
(0.0233933 -2.9481e-05 0)
(0.0234153 -2.78233e-05 0)
(0.0234346 -2.65445e-05 0)
(0.0234518 -2.55945e-05 0)
(0.0234673 -2.49275e-05 0)
(0.0234814 -2.45012e-05 0)
(0.0234946 -2.42773e-05 0)
(0.0235071 -2.42208e-05 0)
(0.0235191 -2.43004e-05 0)
(0.0235309 -2.44878e-05 0)
(0.0235427 -2.47578e-05 0)
(0.0235545 -2.50882e-05 0)
(0.0235666 -2.54592e-05 0)
(0.0235791 -2.58537e-05 0)
(0.0235919 -2.62567e-05 0)
(0.0236051 -2.66555e-05 0)
(0.0236188 -2.70391e-05 0)
(0.0236331 -2.73984e-05 0)
(0.0236478 -2.77259e-05 0)
(0.023663 -2.80153e-05 0)
(0.0236787 -2.82619e-05 0)
(0.0236948 -2.8462e-05 0)
(0.0237113 -2.86129e-05 0)
(0.0237282 -2.8713e-05 0)
(0.0237454 -2.87611e-05 0)
(0.0237629 -2.87573e-05 0)
(0.0237807 -2.87018e-05 0)
(0.0237986 -2.85955e-05 0)
(0.0238166 -2.84398e-05 0)
(0.0238347 -2.82364e-05 0)
(0.0238529 -2.79875e-05 0)
(0.023871 -2.76953e-05 0)
(0.023889 -2.73623e-05 0)
(0.0239069 -2.69912e-05 0)
(0.0239247 -2.65848e-05 0)
(0.0239422 -2.6146e-05 0)
(0.0239595 -2.56777e-05 0)
(0.0239765 -2.51829e-05 0)
(0.0239932 -2.46644e-05 0)
(0.0240095 -2.41251e-05 0)
(0.0240255 -2.3568e-05 0)
(0.024041 -2.29958e-05 0)
(0.0240562 -2.24112e-05 0)
(0.0240708 -2.18169e-05 0)
(0.024085 -2.12153e-05 0)
(0.0240987 -2.0609e-05 0)
(0.024112 -2.00001e-05 0)
(0.0241247 -1.93909e-05 0)
(0.0241369 -1.87834e-05 0)
(0.0241486 -1.81797e-05 0)
(0.0241598 -1.75815e-05 0)
(0.0241705 -1.69905e-05 0)
(0.0241806 -1.64082e-05 0)
(0.0241903 -1.58362e-05 0)
(0.0241995 -1.52757e-05 0)
(0.0242082 -1.47279e-05 0)
(0.0242164 -1.41938e-05 0)
(0.0242242 -1.36744e-05 0)
(0.0242315 -1.31703e-05 0)
(0.0242384 -1.26822e-05 0)
(0.0242448 -1.22107e-05 0)
(0.0242509 -1.17559e-05 0)
(0.0242566 -1.13181e-05 0)
(0.0242619 -1.08972e-05 0)
(0.0242669 -1.0493e-05 0)
(0.0242715 -1.01051e-05 0)
(0.0242759 -9.73282e-06 0)
(0.02428 -9.37506e-06 0)
(0.0242838 -9.03045e-06 0)
(0.0242873 -8.69715e-06 0)
(0.0242906 -8.37266e-06 0)
(0.0242937 -8.05369e-06 0)
(0.0242966 -7.73583e-06 0)
(0.0242992 -7.4132e-06 0)
(0.0243017 -7.07771e-06 0)
(0.0243039 -6.71844e-06 0)
(0.0243059 -6.32055e-06 0)
(0.0243077 -5.86036e-06 0)
(0.0243091 -5.31894e-06 0)
(0.0243101 -4.61648e-06 0)
(0.0243107 -3.80877e-06 0)
(0.0243105 -2.50753e-06 0)
(0.0243094 -1.29959e-06 0)
(0.0243075 1.30938e-06 0)
(0.0243021 3.74967e-06 0)
(0.0242991 6.5507e-06 0)
(0.0242818 1.74794e-05 0)
(-0.000178836 0.000644991 0)
(-0.00104297 0.00125403 0)
(-0.00216766 0.00153292 0)
(-0.0033048 0.00157434 0)
(-0.00439296 0.00156947 0)
(-0.0054215 0.00152617 0)
(-0.00637474 0.00148252 0)
(-0.00726376 0.00143012 0)
(-0.00808516 0.00137682 0)
(-0.00884708 0.00132095 0)
(-0.00955088 0.00126503 0)
(-0.0102017 0.00120923 0)
(-0.0108019 0.00115438 0)
(-0.011355 0.00110066 0)
(-0.0118631 0.00104826 0)
(-0.0123286 0.000997203 0)
(-0.0127534 0.000947449 0)
(-0.013139 0.000898901 0)
(-0.0134867 0.000851429 0)
(-0.0137977 0.000804882 0)
(-0.0140729 0.000759091 0)
(-0.0143129 0.000713876 0)
(-0.0145182 0.000669049 0)
(-0.0146893 0.000624413 0)
(-0.0148262 0.000579762 0)
(-0.0149291 0.000534886 0)
(-0.0149978 0.000489568 0)
(-0.0150322 0.000443588 0)
(-0.0150319 0.000396719 0)
(-0.0149965 0.000348738 0)
(-0.0149254 0.000299419 0)
(-0.014818 0.000248543 0)
(-0.0146737 0.000195897 0)
(-0.0144916 0.000141281 0)
(-0.0142711 8.45115e-05 0)
(-0.0140113 2.5426e-05 0)
(-0.0137113 -3.6112e-05 0)
(-0.0133704 -0.000100208 0)
(-0.0129879 -0.000166932 0)
(-0.0125629 -0.000236313 0)
(-0.012095 -0.000308336 0)
(-0.0115835 -0.000382939 0)
(-0.011028 -0.000460008 0)
(-0.0104283 -0.000539378 0)
(-0.00978424 -0.000620831 0)
(-0.00909583 -0.000704096 0)
(-0.00836334 -0.00078885 0)
(-0.0075872 -0.00087472 0)
(-0.00676806 -0.000961287 0)
(-0.0059068 -0.00104809 0)
(-0.00500452 -0.00113463 0)
(-0.00406257 -0.00122038 0)
(-0.00308252 -0.00130478 0)
(-0.00206616 -0.00138726 0)
(-0.00101555 -0.00146725 0)
(6.7054e-05 -0.00154415 0)
(0.00117918 -0.00161738 0)
(0.00231815 -0.00168638 0)
(0.0034811 -0.00175062 0)
(0.00466498 -0.00180956 0)
(0.0058666 -0.00186274 0)
(0.00708266 -0.00190973 0)
(0.0083097 -0.00195014 0)
(0.00954422 -0.00198365 0)
(0.0107827 -0.00201001 0)
(0.0120214 -0.002029 0)
(0.0132568 -0.00204052 0)
(0.0144854 -0.0020445 0)
(0.0157036 -0.00204097 0)
(0.0169079 -0.00203001 0)
(0.0180951 -0.00201181 0)
(0.0192619 -0.00198658 0)
(0.0204053 -0.00195463 0)
(0.0215226 -0.00191632 0)
(0.0226109 -0.00187208 0)
(0.023668 -0.00182237 0)
(0.0246916 -0.0017677 0)
(0.0256799 -0.00170861 0)
(0.0266311 -0.00164567 0)
(0.0275439 -0.00157948 0)
(0.0284171 -0.00151062 0)
(0.0292499 -0.0014397 0)
(0.0300417 -0.00136729 0)
(0.0307921 -0.00129398 0)
(0.031501 -0.00122031 0)
(0.0321685 -0.0011468 0)
(0.0327951 -0.00107395 0)
(0.0333812 -0.0010022 0)
(0.0339277 -0.000931957 0)
(0.0344354 -0.000863594 0)
(0.0349054 -0.000797427 0)
(0.0353389 -0.000733729 0)
(0.0357373 -0.000672728 0)
(0.036102 -0.000614608 0)
(0.0364345 -0.000559507 0)
(0.0367363 -0.000507525 0)
(0.037009 -0.000458723 0)
(0.0372543 -0.000413126 0)
(0.0374739 -0.000370726 0)
(0.0376693 -0.000331488 0)
(0.0378422 -0.000295351 0)
(0.0379943 -0.000262231 0)
(0.0381271 -0.000232027 0)
(0.0382422 -0.000204622 0)
(0.038341 -0.000179885 0)
(0.038425 -0.000157679 0)
(0.0384956 -0.000137859 0)
(0.038554 -0.000120274 0)
(0.0386015 -0.000104773 0)
(0.0386393 -9.12032e-05 0)
(0.0386684 -7.94153e-05 0)
(0.03869 -6.92611e-05 0)
(0.0387049 -6.05972e-05 0)
(0.038714 -5.32851e-05 0)
(0.0387181 -4.71922e-05 0)
(0.0387181 -4.2192e-05 0)
(0.0387145 -3.81654e-05 0)
(0.0387079 -3.49999e-05 0)
(0.038699 -3.25906e-05 0)
(0.0386882 -3.084e-05 0)
(0.038676 -2.96577e-05 0)
(0.0386627 -2.89606e-05 0)
(0.0386487 -2.86726e-05 0)
(0.0386343 -2.87245e-05 0)
(0.0386197 -2.90534e-05 0)
(0.0386052 -2.96029e-05 0)
(0.0385909 -3.03222e-05 0)
(0.0385771 -3.11661e-05 0)
(0.0385637 -3.20949e-05 0)
(0.038551 -3.30733e-05 0)
(0.038539 -3.40709e-05 0)
(0.0385277 -3.50613e-05 0)
(0.0385172 -3.60219e-05 0)
(0.0385074 -3.69337e-05 0)
(0.0384985 -3.77809e-05 0)
(0.0384903 -3.85505e-05 0)
(0.0384829 -3.92323e-05 0)
(0.0384763 -3.98185e-05 0)
(0.0384703 -4.03031e-05 0)
(0.038465 -4.06824e-05 0)
(0.0384603 -4.09541e-05 0)
(0.0384562 -4.11175e-05 0)
(0.0384525 -4.11731e-05 0)
(0.0384493 -4.11226e-05 0)
(0.0384465 -4.09687e-05 0)
(0.0384441 -4.07147e-05 0)
(0.0384419 -4.03647e-05 0)
(0.0384399 -3.99236e-05 0)
(0.0384381 -3.93964e-05 0)
(0.0384365 -3.87887e-05 0)
(0.0384348 -3.81062e-05 0)
(0.0384333 -3.7355e-05 0)
(0.0384316 -3.65411e-05 0)
(0.0384299 -3.56708e-05 0)
(0.0384282 -3.47504e-05 0)
(0.0384262 -3.37859e-05 0)
(0.0384241 -3.27836e-05 0)
(0.0384218 -3.17494e-05 0)
(0.0384192 -3.06892e-05 0)
(0.0384164 -2.96088e-05 0)
(0.0384133 -2.85137e-05 0)
(0.0384099 -2.74092e-05 0)
(0.0384062 -2.63004e-05 0)
(0.0384022 -2.51923e-05 0)
(0.0383979 -2.40895e-05 0)
(0.0383932 -2.29964e-05 0)
(0.0383882 -2.1917e-05 0)
(0.0383828 -2.08554e-05 0)
(0.0383772 -1.9815e-05 0)
(0.0383712 -1.87991e-05 0)
(0.0383649 -1.78108e-05 0)
(0.0383583 -1.68527e-05 0)
(0.0383514 -1.59273e-05 0)
(0.0383442 -1.50365e-05 0)
(0.0383367 -1.4182e-05 0)
(0.038329 -1.33652e-05 0)
(0.0383211 -1.25871e-05 0)
(0.038313 -1.18481e-05 0)
(0.0383047 -1.11484e-05 0)
(0.0382962 -1.04873e-05 0)
(0.0382876 -9.86381e-06 0)
(0.0382789 -9.27608e-06 0)
(0.03827 -8.72136e-06 0)
(0.0382611 -8.1958e-06 0)
(0.0382521 -7.69414e-06 0)
(0.0382431 -7.20921e-06 0)
(0.0382341 -6.73142e-06 0)
(0.038225 -6.24758e-06 0)
(0.0382159 -5.74025e-06 0)
(0.0382068 -5.18406e-06 0)
(0.0381977 -4.54693e-06 0)
(0.0381885 -3.77942e-06 0)
(0.0381793 -2.81133e-06 0)
(0.0381699 -1.5828e-06 0)
(0.0381602 1.81545e-07 0)
(0.0381502 2.2318e-06 0)
(0.0381393 5.87013e-06 0)
(0.0381274 9.73044e-06 0)
(0.0381156 1.48576e-05 0)
(0.0380939 3.00883e-05 0)
(-0.000305529 0.00126147 0)
(-0.00151617 0.00231485 0)
(-0.00286984 0.00272287 0)
(-0.00413667 0.00273272 0)
(-0.00523536 0.00266045 0)
(-0.00621503 0.00253093 0)
(-0.00706185 0.00240169 0)
(-0.00780944 0.00226629 0)
(-0.00845932 0.0021357 0)
(-0.00902824 0.00200845 0)
(-0.00952146 0.00188681 0)
(-0.00994797 0.00177038 0)
(-0.0103126 0.00165924 0)
(-0.0106208 0.00155296 0)
(-0.0108761 0.00145111 0)
(-0.0110819 0.00135322 0)
(-0.0112407 0.00125879 0)
(-0.0113549 0.00116735 0)
(-0.0114259 0.00107844 0)
(-0.0114554 0.000991636 0)
(-0.0114444 0.00090651 0)
(-0.0113937 0.000822665 0)
(-0.011304 0.000739713 0)
(-0.0111758 0.000657283 0)
(-0.0110092 0.000575011 0)
(-0.0108045 0.000492546 0)
(-0.0105617 0.000409544 0)
(-0.0102807 0.000325673 0)
(-0.00996116 0.000240609 0)
(-0.00960296 0.000154044 0)
(-0.00920571 6.56838e-05 0)
(-0.00876904 -2.47456e-05 0)
(-0.00829255 -0.000117495 0)
(-0.00777582 -0.000212789 0)
(-0.00721844 -0.000310818 0)
(-0.00662002 -0.000411734 0)
(-0.00598023 -0.000515648 0)
(-0.00529876 -0.00062262 0)
(-0.00457542 -0.000732661 0)
(-0.00381009 -0.000845721 0)
(-0.00300274 -0.000961691 0)
(-0.0021535 -0.0010804 0)
(-0.00126261 -0.0012016 0)
(-0.000330482 -0.00132499 0)
(0.000642324 -0.0014502 0)
(0.00165506 -0.00157678 0)
(0.00270681 -0.00170424 0)
(0.00379645 -0.00183201 0)
(0.00492267 -0.00195948 0)
(0.00608395 -0.00208598 0)
(0.00727858 -0.00221081 0)
(0.00850463 -0.00233322 0)
(0.00975997 -0.00245245 0)
(0.0110423 -0.00256771 0)
(0.0123491 -0.00267821 0)
(0.0136777 -0.00278317 0)
(0.0150252 -0.00288181 0)
(0.0163887 -0.00297339 0)
(0.0177649 -0.00305719 0)
(0.0191505 -0.00313254 0)
(0.0205423 -0.00319883 0)
(0.0219367 -0.0032555 0)
(0.0233301 -0.0033021 0)
(0.0247192 -0.00333821 0)
(0.0261002 -0.00336353 0)
(0.0274696 -0.00337785 0)
(0.0288239 -0.00338105 0)
(0.0301598 -0.00337313 0)
(0.0314738 -0.00335416 0)
(0.0327628 -0.00332435 0)
(0.0340237 -0.00328398 0)
(0.0352537 -0.00323344 0)
(0.0364502 -0.00317321 0)
(0.0376106 -0.00310385 0)
(0.0387329 -0.00302602 0)
(0.0398151 -0.00294041 0)
(0.0408555 -0.00284779 0)
(0.0418527 -0.00274898 0)
(0.0428056 -0.00264481 0)
(0.0437133 -0.00253615 0)
(0.0445754 -0.00242387 0)
(0.0453914 -0.00230885 0)
(0.0461613 -0.00219193 0)
(0.0468854 -0.00207395 0)
(0.047564 -0.00195571 0)
(0.0481977 -0.00183797 0)
(0.0487875 -0.00172141 0)
(0.0493343 -0.0016067 0)
(0.0498392 -0.00149443 0)
(0.0503037 -0.00138511 0)
(0.050729 -0.00127922 0)
(0.0511167 -0.00117713 0)
(0.0514684 -0.0010792 0)
(0.0517857 -0.000985681 0)
(0.0520704 -0.000896783 0)
(0.0523241 -0.000812655 0)
(0.0525487 -0.000733391 0)
(0.0527458 -0.000659036 0)
(0.0529171 -0.00058959 0)
(0.0530644 -0.000525009 0)
(0.0531894 -0.000465215 0)
(0.0532937 -0.000410097 0)
(0.0533789 -0.000359517 0)
(0.0534465 -0.000313314 0)
(0.0534979 -0.000271308 0)
(0.0535347 -0.000233305 0)
(0.0535582 -0.000199097 0)
(0.0535696 -0.000168472 0)
(0.0535702 -0.000141211 0)
(0.0535611 -0.000117093 0)
(0.0535435 -9.5897e-05 0)
(0.0535183 -7.74048e-05 0)
(0.0534864 -6.14023e-05 0)
(0.0534488 -4.76809e-05 0)
(0.0534062 -3.60389e-05 0)
(0.0533595 -2.62826e-05 0)
(0.0533092 -1.82271e-05 0)
(0.053256 -1.16965e-05 0)
(0.0532006 -6.5251e-06 0)
(0.0531433 -2.55689e-06 0)
(0.0530847 3.53843e-07 0)
(0.0530251 2.3427e-06 0)
(0.052965 3.53524e-06 0)
(0.0529046 4.04712e-06 0)
(0.0528443 3.98442e-06 0)
(0.0527843 3.44395e-06 0)
(0.0527248 2.51356e-06 0)
(0.0526659 1.27261e-06 0)
(0.0526079 -2.07632e-07 0)
(0.0525509 -1.86354e-06 0)
(0.0524949 -3.63866e-06 0)
(0.05244 -5.48328e-06 0)
(0.0523863 -7.35394e-06 0)
(0.0523338 -9.21298e-06 0)
(0.0522826 -1.10281e-05 0)
(0.0522326 -1.27719e-05 0)
(0.0521839 -1.44216e-05 0)
(0.0521364 -1.59584e-05 0)
(0.0520901 -1.73673e-05 0)
(0.052045 -1.86366e-05 0)
(0.052001 -1.97578e-05 0)
(0.0519581 -2.07249e-05 0)
(0.0519163 -2.15345e-05 0)
(0.0518755 -2.21851e-05 0)
(0.0518357 -2.26772e-05 0)
(0.0517967 -2.30131e-05 0)
(0.0517586 -2.31961e-05 0)
(0.0517212 -2.32312e-05 0)
(0.0516846 -2.3124e-05 0)
(0.0516487 -2.28811e-05 0)
(0.0516134 -2.251e-05 0)
(0.0515786 -2.20184e-05 0)
(0.0515444 -2.14148e-05 0)
(0.0515106 -2.07079e-05 0)
(0.0514773 -1.99064e-05 0)
(0.0514443 -1.90195e-05 0)
(0.0514116 -1.80563e-05 0)
(0.0513793 -1.70259e-05 0)
(0.0513472 -1.59373e-05 0)
(0.0513154 -1.47996e-05 0)
(0.0512837 -1.36214e-05 0)
(0.0512523 -1.24114e-05 0)
(0.0512209 -1.11779e-05 0)
(0.0511898 -9.92897e-06 0)
(0.0511587 -8.67237e-06 0)
(0.0511277 -7.41559e-06 0)
(0.0510968 -6.16573e-06 0)
(0.051066 -4.92956e-06 0)
(0.0510352 -3.71345e-06 0)
(0.0510046 -2.52338e-06 0)
(0.0509739 -1.36492e-06 0)
(0.0509434 -2.43199e-07 0)
(0.0509129 8.371e-07 0)
(0.0508825 1.87178e-06 0)
(0.0508522 2.85714e-06 0)
(0.050822 3.79002e-06 0)
(0.0507919 4.66783e-06 0)
(0.0507619 5.4886e-06 0)
(0.050732 6.25104e-06 0)
(0.0507023 6.95462e-06 0)
(0.0506727 7.59968e-06 0)
(0.0506434 8.18756e-06 0)
(0.0506142 8.72078e-06 0)
(0.0505853 9.20332e-06 0)
(0.0505565 9.64095e-06 0)
(0.0505281 1.00418e-05 0)
(0.0504999 1.04169e-05 0)
(0.050472 1.07814e-05 0)
(0.0504444 1.11561e-05 0)
(0.0504171 1.15688e-05 0)
(0.0503901 1.20595e-05 0)
(0.0503635 1.26809e-05 0)
(0.0503371 1.35123e-05 0)
(0.0503111 1.46531e-05 0)
(0.0502854 1.62932e-05 0)
(0.0502598 1.85148e-05 0)
(0.0502344 2.20847e-05 0)
(0.0502092 2.64444e-05 0)
(0.0501841 3.29041e-05 0)
(0.050153 4.94267e-05 0)
(-0.000404969 0.00246863 0)
(-0.0017188 0.00379504 0)
(-0.00298678 0.00413972 0)
(-0.00404965 0.00388829 0)
(-0.00482665 0.00361496 0)
(-0.00542865 0.0033122 0)
(-0.00585262 0.00304796 0)
(-0.00615813 0.00280115 0)
(-0.00635445 0.00257684 0)
(-0.00646776 0.00236875 0)
(-0.00650657 0.00217573 0)
(-0.00648289 0.00199528 0)
(-0.00640259 0.00182578 0)
(-0.00627179 0.00166565 0)
(-0.00609428 0.00151353 0)
(-0.00587346 0.00136825 0)
(-0.00561175 0.00122874 0)
(-0.00531115 0.00109409 0)
(-0.00497316 0.000963462 0)
(-0.00459896 0.000836105 0)
(-0.00418943 0.000711338 0)
(-0.00374521 0.000588542 0)
(-0.00326677 0.000467138 0)
(-0.00275438 0.000346593 0)
(-0.0022082 0.000226405 0)
(-0.00162828 0.000106105 0)
(-0.00101456 -1.47494e-05 0)
(-0.000366914 -0.000136572 0)
(0.000314823 -0.00025975 0)
(0.00103087 -0.00038464 0)
(0.00178146 -0.00051157 0)
(0.00256684 -0.00064083 0)
(0.00338723 -0.000772676 0)
(0.00424283 -0.000907319 0)
(0.00513381 -0.00104492 0)
(0.00606026 -0.0011856 0)
(0.00702223 -0.0013294 0)
(0.00801966 -0.00147633 0)
(0.00905239 -0.0016263 0)
(0.0101202 -0.00177918 0)
(0.0112226 -0.00193475 0)
(0.0123592 -0.00209271 0)
(0.0135293 -0.0022527 0)
(0.014732 -0.00241428 0)
(0.0159664 -0.00257691 0)
(0.0172314 -0.00274 0)
(0.0185255 -0.00290288 0)
(0.0198473 -0.00306483 0)
(0.0211952 -0.00322505 0)
(0.0225672 -0.00338269 0)
(0.0239612 -0.00353687 0)
(0.0253752 -0.00368665 0)
(0.0268066 -0.00383108 0)
(0.0282529 -0.00396921 0)
(0.0297113 -0.00410006 0)
(0.031179 -0.00422267 0)
(0.032653 -0.0043361 0)
(0.03413 -0.00443947 0)
(0.0356069 -0.0045319 0)
(0.0370803 -0.00461262 0)
(0.0385467 -0.00468089 0)
(0.0400028 -0.00473608 0)
(0.0414451 -0.00477766 0)
(0.0428701 -0.00480519 0)
(0.0442745 -0.00481835 0)
(0.0456547 -0.00481694 0)
(0.0470077 -0.00480089 0)
(0.0483303 -0.00477027 0)
(0.0496194 -0.00472526 0)
(0.0508724 -0.00466619 0)
(0.0520865 -0.00459351 0)
(0.0532594 -0.00450781 0)
(0.0543891 -0.00440976 0)
(0.0554736 -0.00430018 0)
(0.0565114 -0.00417996 0)
(0.0575011 -0.00405007 0)
(0.0584418 -0.00391157 0)
(0.0593328 -0.00376556 0)
(0.0601736 -0.00361316 0)
(0.0609641 -0.00345555 0)
(0.0617045 -0.00329388 0)
(0.062395 -0.0031293 0)
(0.0630365 -0.00296294 0)
(0.0636296 -0.00279589 0)
(0.0641756 -0.00262918 0)
(0.0646755 -0.00246379 0)
(0.065131 -0.00230062 0)
(0.0655433 -0.0021405 0)
(0.0659143 -0.00198418 0)
(0.0662457 -0.00183231 0)
(0.0665393 -0.00168548 0)
(0.0667969 -0.00154416 0)
(0.0670204 -0.00140877 0)
(0.0672119 -0.00127961 0)
(0.0673731 -0.00115694 0)
(0.067506 -0.00104091 0)
(0.0676125 -0.000931625 0)
(0.0676944 -0.00082912 0)
(0.0677535 -0.000733369 0)
(0.0677915 -0.000644295 0)
(0.0678102 -0.000561777 0)
(0.0678112 -0.000485655 0)
(0.0677959 -0.000415732 0)
(0.067766 -0.000351787 0)
(0.0677227 -0.000293574 0)
(0.0676675 -0.000240828 0)
(0.0676016 -0.000193272 0)
(0.0675261 -0.00015062 0)
(0.0674423 -0.00011258 0)
(0.0673511 -7.88559e-05 0)
(0.0672535 -4.91553e-05 0)
(0.0671503 -2.31872e-05 0)
(0.0670426 -6.66596e-07 0)
(0.0669309 1.86844e-05 0)
(0.066816 3.51346e-05 0)
(0.0666985 4.89428e-05 0)
(0.0665791 6.03566e-05 0)
(0.0664583 6.96118e-05 0)
(0.0663365 7.69316e-05 0)
(0.0662142 8.25265e-05 0)
(0.0660918 8.65941e-05 0)
(0.0659696 8.93187e-05 0)
(0.065848 9.0872e-05 0)
(0.0657271 9.14127e-05 0)
(0.0656072 9.10872e-05 0)
(0.0654886 9.00299e-05 0)
(0.0653714 8.83633e-05 0)
(0.0652558 8.61989e-05 0)
(0.0651418 8.36376e-05 0)
(0.0650296 8.07701e-05 0)
(0.0649192 7.76775e-05 0)
(0.0648107 7.44319e-05 0)
(0.0647041 7.10971e-05 0)
(0.0645995 6.77289e-05 0)
(0.0644969 6.4376e-05 0)
(0.0643962 6.10801e-05 0)
(0.0642975 5.78768e-05 0)
(0.0642008 5.47961e-05 0)
(0.0641059 5.18627e-05 0)
(0.0640129 4.90965e-05 0)
(0.0639217 4.65132e-05 0)
(0.0638324 4.41246e-05 0)
(0.0637447 4.19391e-05 0)
(0.0636587 3.99618e-05 0)
(0.0635744 3.81952e-05 0)
(0.0634917 3.66395e-05 0)
(0.0634104 3.52924e-05 0)
(0.0633306 3.41502e-05 0)
(0.0632522 3.32072e-05 0)
(0.0631752 3.24567e-05 0)
(0.0630994 3.18905e-05 0)
(0.0630249 3.14996e-05 0)
(0.0629515 3.12744e-05 0)
(0.0628792 3.12043e-05 0)
(0.0628081 3.12785e-05 0)
(0.0627379 3.14857e-05 0)
(0.0626687 3.18144e-05 0)
(0.0626005 3.2253e-05 0)
(0.0625331 3.27898e-05 0)
(0.0624666 3.34131e-05 0)
(0.0624009 3.41114e-05 0)
(0.0623359 3.48732e-05 0)
(0.0622717 3.56872e-05 0)
(0.0622083 3.65426e-05 0)
(0.0621455 3.74287e-05 0)
(0.0620834 3.83352e-05 0)
(0.0620219 3.92521e-05 0)
(0.0619611 4.01699e-05 0)
(0.0619008 4.10794e-05 0)
(0.0618412 4.19722e-05 0)
(0.0617821 4.28399e-05 0)
(0.0617236 4.36751e-05 0)
(0.0616657 4.44705e-05 0)
(0.0616083 4.52198e-05 0)
(0.0615515 4.59169e-05 0)
(0.0614952 4.65568e-05 0)
(0.0614395 4.71348e-05 0)
(0.0613843 4.76472e-05 0)
(0.0613297 4.8091e-05 0)
(0.0612757 4.84643e-05 0)
(0.0612223 4.87659e-05 0)
(0.0611694 4.89962e-05 0)
(0.0611171 4.91565e-05 0)
(0.0610654 4.92501e-05 0)
(0.0610143 4.9282e-05 0)
(0.0609639 4.92598e-05 0)
(0.060914 4.9194e-05 0)
(0.0608649 4.90994e-05 0)
(0.0608163 4.8996e-05 0)
(0.0607685 4.89111e-05 0)
(0.0607213 4.88823e-05 0)
(0.0606749 4.89605e-05 0)
(0.0606291 4.92209e-05 0)
(0.0605842 4.97579e-05 0)
(0.06054 5.07359e-05 0)
(0.0604968 5.23215e-05 0)
(0.0604544 5.49932e-05 0)
(0.0604133 5.86703e-05 0)
(0.060373 6.51122e-05 0)
(0.0603314 7.91025e-05 0)
(-0.000693465 0.00309353 0)
(-0.00209163 0.00472149 0)
(-0.00255522 0.00495041 0)
(-0.00279431 0.00450335 0)
(-0.00263089 0.0040309 0)
(-0.00238407 0.00356419 0)
(-0.00199206 0.0031602 0)
(-0.00153928 0.00280221 0)
(-0.001017 0.00248579 0)
(-0.00045077 0.00220233 0)
(0.000157482 0.00194528 0)
(0.000798445 0.00170985 0)
(0.00146952 0.00149177 0)
(0.00216682 0.00128802 0)
(0.00288862 0.00109596 0)
(0.00363318 0.000913566 0)
(0.00439958 0.00073909 0)
(0.00518708 0.000571113 0)
(0.00599528 0.000408399 0)
(0.00682397 0.000249892 0)
(0.0076731 9.46597e-05 0)
(0.00854276 -5.81193e-05 0)
(0.00943311 -0.000209185 0)
(0.0103444 -0.000359204 0)
(0.011277 -0.000508783 0)
(0.0122312 -0.000658475 0)
(0.0132073 -0.000808788 0)
(0.0142059 -0.00096018 0)
(0.0152272 -0.00111307 0)
(0.0162716 -0.00126783 0)
(0.0173396 -0.00142479 0)
(0.0184313 -0.00158423 0)
(0.0195471 -0.00174638 0)
(0.0206871 -0.00191141 0)
(0.0218514 -0.00207944 0)
(0.0230402 -0.00225052 0)
(0.0242533 -0.00242465 0)
(0.0254906 -0.00260173 0)
(0.0267517 -0.0027816 0)
(0.0280362 -0.00296401 0)
(0.0293437 -0.00314866 0)
(0.0306733 -0.00333511 0)
(0.0320243 -0.0035229 0)
(0.0333956 -0.00371143 0)
(0.034786 -0.00390004 0)
(0.0361943 -0.004088 0)
(0.0376188 -0.00427449 0)
(0.039058 -0.00445861 0)
(0.0405098 -0.00463942 0)
(0.0419724 -0.00481591 0)
(0.0434435 -0.00498702 0)
(0.0449207 -0.00515166 0)
(0.0464016 -0.00530871 0)
(0.0478834 -0.00545704 0)
(0.0493633 -0.00559554 0)
(0.0508384 -0.00572308 0)
(0.0523056 -0.0058386 0)
(0.0537619 -0.00594106 0)
(0.055204 -0.0060295 0)
(0.0566287 -0.00610301 0)
(0.0580327 -0.00616081 0)
(0.0594128 -0.0062022 0)
(0.0607657 -0.00622661 0)
(0.0620882 -0.0062336 0)
(0.0633774 -0.00622288 0)
(0.0646302 -0.00619431 0)
(0.0658439 -0.0061479 0)
(0.067016 -0.00608383 0)
(0.068144 -0.00600243 0)
(0.0692258 -0.00590422 0)
(0.0702596 -0.00578986 0)
(0.0712437 -0.00566015 0)
(0.0721769 -0.00551603 0)
(0.0730583 -0.00535859 0)
(0.073887 -0.00518901 0)
(0.0746629 -0.00500857 0)
(0.0753857 -0.00481861 0)
(0.0760559 -0.00462055 0)
(0.0766738 -0.00441582 0)
(0.0772404 -0.00420588 0)
(0.0777565 -0.00399217 0)
(0.0782236 -0.00377611 0)
(0.0786429 -0.00355908 0)
(0.0790162 -0.00334239 0)
(0.0793452 -0.00312728 0)
(0.0796317 -0.0029149 0)
(0.0798777 -0.00270633 0)
(0.0800853 -0.00250251 0)
(0.0802564 -0.00230431 0)
(0.0803933 -0.00211247 0)
(0.0804979 -0.00192762 0)
(0.0805723 -0.0017503 0)
(0.0806186 -0.00158093 0)
(0.0806388 -0.00141983 0)
(0.0806349 -0.00126723 0)
(0.0806086 -0.00112328 0)
(0.0805619 -0.000988038 0)
(0.0804964 -0.000861486 0)
(0.0804139 -0.000743547 0)
(0.080316 -0.000634082 0)
(0.0802041 -0.000532901 0)
(0.0800797 -0.000439771 0)
(0.0799441 -0.00035442 0)
(0.0797986 -0.000276548 0)
(0.0796444 -0.000205828 0)
(0.0794826 -0.000141918 0)
(0.0793143 -8.44594e-05 0)
(0.0791403 -3.30874e-05 0)
(0.0789617 1.25681e-05 0)
(0.0787791 5.28774e-05 0)
(0.0785935 8.82082e-05 0)
(0.0784054 0.000118923 0)
(0.0782156 0.000145374 0)
(0.0780246 0.000167907 0)
(0.0778329 0.000186854 0)
(0.0776411 0.000202533 0)
(0.0774496 0.000215249 0)
(0.0772587 0.000225292 0)
(0.0770688 0.000232936 0)
(0.0768802 0.00023844 0)
(0.0766932 0.000242047 0)
(0.076508 0.000243983 0)
(0.0763249 0.000244459 0)
(0.0761439 0.00024367 0)
(0.0759654 0.000241797 0)
(0.0757893 0.000239004 0)
(0.0756158 0.000235445 0)
(0.075445 0.000231255 0)
(0.0752769 0.00022656 0)
(0.0751116 0.000221474 0)
(0.0749492 0.000216096 0)
(0.0747895 0.000210517 0)
(0.0746327 0.000204817 0)
(0.0744787 0.000199066 0)
(0.0743275 0.000193326 0)
(0.0741792 0.00018765 0)
(0.0740335 0.000182083 0)
(0.0738906 0.000176664 0)
(0.0737504 0.000171425 0)
(0.0736127 0.000166393 0)
(0.0734777 0.000161588 0)
(0.0733451 0.000157027 0)
(0.073215 0.000152722 0)
(0.0730873 0.000148681 0)
(0.0729619 0.000144908 0)
(0.0728388 0.000141406 0)
(0.0727179 0.000138172 0)
(0.0725992 0.000135204 0)
(0.0724825 0.000132497 0)
(0.0723678 0.000130042 0)
(0.0722551 0.000127831 0)
(0.0721443 0.000125855 0)
(0.0720353 0.000124102 0)
(0.0719281 0.00012256 0)
(0.0718227 0.000121216 0)
(0.0717189 0.000120059 0)
(0.0716167 0.000119073 0)
(0.0715161 0.000118245 0)
(0.071417 0.000117562 0)
(0.0713194 0.00011701 0)
(0.0712232 0.000116574 0)
(0.0711284 0.000116241 0)
(0.071035 0.000115997 0)
(0.0709429 0.000115828 0)
(0.070852 0.000115723 0)
(0.0707624 0.000115667 0)
(0.0706741 0.000115649 0)
(0.0705869 0.000115657 0)
(0.0705008 0.000115679 0)
(0.070416 0.000115705 0)
(0.0703322 0.000115723 0)
(0.0702495 0.000115725 0)
(0.0701679 0.000115701 0)
(0.0700873 0.000115642 0)
(0.0700078 0.000115541 0)
(0.0699293 0.00011539 0)
(0.0698519 0.000115183 0)
(0.0697754 0.000114914 0)
(0.0697 0.00011458 0)
(0.0696255 0.000114175 0)
(0.069552 0.000113698 0)
(0.0694795 0.000113148 0)
(0.069408 0.000112523 0)
(0.0693375 0.000111827 0)
(0.0692679 0.000111063 0)
(0.0691993 0.000110237 0)
(0.0691317 0.000109356 0)
(0.0690651 0.000108435 0)
(0.0689994 0.000107489 0)
(0.0689348 0.000106542 0)
(0.0688712 0.000105623 0)
(0.0688086 0.000104775 0)
(0.0687471 0.000104056 0)
(0.0686868 0.000103542 0)
(0.0686277 0.000103353 0)
(0.06857 0.00010364 0)
(0.0685139 0.000104683 0)
(0.0684598 0.000106638 0)
(0.0684077 0.00011126 0)
(0.068359 0.000119141 0)
(-0.000179823 0.00559693 0)
(-0.00014124 0.00561487 0)
(0.000994637 0.00502257 0)
(0.00217758 0.00400044 0)
(0.00361971 0.0032895 0)
(0.00502423 0.00272351 0)
(0.00646602 0.00226317 0)
(0.0078752 0.00187955 0)
(0.00926977 0.00154522 0)
(0.0106372 0.00125019 0)
(0.0119834 0.000983589 0)
(0.0133083 0.000740015 0)
(0.0146155 0.000514305 0)
(0.015907 0.000303116 0)
(0.0171854 0.000103517 0)
(0.0184529 -8.66834e-05 0)
(0.0197116 -0.000269349 0)
(0.0209633 -0.000445987 0)
(0.0222098 -0.00061789 0)
(0.0234526 -0.00078615 0)
(0.0246931 -0.000951722 0)
(0.0259329 -0.00111544 0)
(0.0271732 -0.00127805 0)
(0.0284151 -0.00144022 0)
(0.0296597 -0.00160254 0)
(0.0309082 -0.00176554 0)
(0.0321615 -0.00192972 0)
(0.0334204 -0.0020955 0)
(0.0346859 -0.00226326 0)
(0.0359586 -0.00243334 0)
(0.0372391 -0.00260601 0)
(0.038528 -0.00278149 0)
(0.0398259 -0.00295997 0)
(0.0411329 -0.00314153 0)
(0.0424493 -0.00332622 0)
(0.0437754 -0.00351401 0)
(0.0451109 -0.00370479 0)
(0.0464558 -0.00389838 0)
(0.0478099 -0.00409451 0)
(0.0491726 -0.00429284 0)
(0.0505433 -0.00449291 0)
(0.0519214 -0.00469419 0)
(0.0533059 -0.00489607 0)
(0.0546957 -0.00509783 0)
(0.0560896 -0.00529866 0)
(0.0574862 -0.00549769 0)
(0.0588839 -0.00569393 0)
(0.0602808 -0.00588636 0)
(0.0616752 -0.00607385 0)
(0.0630648 -0.00625524 0)
(0.0644475 -0.00642932 0)
(0.0658208 -0.00659484 0)
(0.0671822 -0.00675052 0)
(0.0685291 -0.00689509 0)
(0.0698588 -0.00702729 0)
(0.0711682 -0.00714586 0)
(0.0724546 -0.00724962 0)
(0.073715 -0.00733744 0)
(0.0749465 -0.00740825 0)
(0.076146 -0.00746112 0)
(0.0773107 -0.0074952 0)
(0.0784377 -0.0075098 0)
(0.0795243 -0.00750436 0)
(0.0805681 -0.00747851 0)
(0.0815665 -0.00743204 0)
(0.0825175 -0.00736493 0)
(0.0834191 -0.00727735 0)
(0.0842697 -0.00716967 0)
(0.0850681 -0.00704244 0)
(0.0858131 -0.00689643 0)
(0.0865041 -0.00673257 0)
(0.0871408 -0.00655196 0)
(0.0877232 -0.00635587 0)
(0.0882517 -0.00614568 0)
(0.0887269 -0.0059229 0)
(0.0891499 -0.00568914 0)
(0.089522 -0.00544607 0)
(0.0898446 -0.00519539 0)
(0.0901196 -0.00493883 0)
(0.0903489 -0.00467811 0)
(0.0905347 -0.00441491 0)
(0.0906792 -0.00415086 0)
(0.0907848 -0.00388752 0)
(0.0908539 -0.00362636 0)
(0.0908889 -0.00336874 0)
(0.0908921 -0.00311591 0)
(0.0908661 -0.00286899 0)
(0.0908132 -0.00262899 0)
(0.0907355 -0.00239678 0)
(0.0906353 -0.00217309 0)
(0.0905147 -0.00195854 0)
(0.0903756 -0.00175362 0)
(0.0902199 -0.0015587 0)
(0.0900493 -0.00137404 0)
(0.0898656 -0.0011998 0)
(0.0896701 -0.00103604 0)
(0.0894643 -0.000882749 0)
(0.0892496 -0.000739822 0)
(0.0890271 -0.000607093 0)
(0.088798 -0.000484338 0)
(0.0885632 -0.000371281 0)
(0.0883237 -0.000267603 0)
(0.0880803 -0.00017295 0)
(0.0878339 -8.69407e-05 0)
(0.0875851 -9.17234e-06 0)
(0.0873346 6.07743e-05 0)
(0.0870831 0.000123328 0)
(0.086831 0.000178924 0)
(0.0865788 0.000227998 0)
(0.086327 0.000270983 0)
(0.0860759 0.000308306 0)
(0.0858261 0.000340386 0)
(0.0855777 0.000367631 0)
(0.0853311 0.000390437 0)
(0.0850866 0.000409182 0)
(0.0848443 0.000424232 0)
(0.0846045 0.000435934 0)
(0.0843674 0.000444619 0)
(0.0841331 0.000450598 0)
(0.0839018 0.000454165 0)
(0.0836736 0.000455596 0)
(0.0834487 0.000455148 0)
(0.0832269 0.00045306 0)
(0.0830086 0.000449555 0)
(0.0827936 0.000444836 0)
(0.0825821 0.000439093 0)
(0.082374 0.000432496 0)
(0.0821694 0.000425203 0)
(0.0819683 0.000417355 0)
(0.0817707 0.000409081 0)
(0.0815765 0.000400496 0)
(0.0813858 0.000391703 0)
(0.0811985 0.000382793 0)
(0.0810146 0.000373847 0)
(0.0808341 0.000364934 0)
(0.0806569 0.000356115 0)
(0.0804829 0.000347444 0)
(0.0803121 0.000338964 0)
(0.0801445 0.000330713 0)
(0.0799799 0.000322721 0)
(0.0798185 0.000315013 0)
(0.07966 0.000307607 0)
(0.0795044 0.000300519 0)
(0.0793516 0.000293757 0)
(0.0792017 0.000287328 0)
(0.0790545 0.000281233 0)
(0.07891 0.000275473 0)
(0.078768 0.000270043 0)
(0.0786287 0.000264939 0)
(0.0784918 0.000260151 0)
(0.0783573 0.000255671 0)
(0.0782252 0.000251487 0)
(0.0780954 0.000247587 0)
(0.0779679 0.000243958 0)
(0.0778426 0.000240586 0)
(0.0777194 0.000237456 0)
(0.0775984 0.000234552 0)
(0.0774793 0.00023186 0)
(0.0773623 0.000229364 0)
(0.0772472 0.000227047 0)
(0.077134 0.000224893 0)
(0.0770226 0.000222888 0)
(0.0769131 0.000221016 0)
(0.0768053 0.00021926 0)
(0.0766993 0.000217607 0)
(0.076595 0.000216041 0)
(0.0764923 0.000214549 0)
(0.0763912 0.000213116 0)
(0.0762917 0.000211729 0)
(0.0761938 0.000210375 0)
(0.0760974 0.000209043 0)
(0.0760025 0.00020772 0)
(0.075909 0.000206395 0)
(0.075817 0.000205059 0)
(0.0757264 0.000203701 0)
(0.0756372 0.000202313 0)
(0.0755493 0.000200887 0)
(0.0754628 0.000199415 0)
(0.0753776 0.000197893 0)
(0.0752938 0.000196313 0)
(0.0752112 0.000194673 0)
(0.0751299 0.000192969 0)
(0.0750498 0.000191201 0)
(0.074971 0.000189368 0)
(0.0748934 0.000187471 0)
(0.0748171 0.000185516 0)
(0.0747419 0.000183507 0)
(0.074668 0.000181454 0)
(0.0745953 0.000179368 0)
(0.0745238 0.000177267 0)
(0.0744536 0.00017517 0)
(0.0743846 0.000173105 0)
(0.0743169 0.000171107 0)
(0.0742505 0.000169222 0)
(0.0741857 0.000167514 0)
(0.0741225 0.000166061 0)
(0.0740613 0.000164989 0)
(0.0740025 0.000164422 0)
(0.0739468 0.000165618 0)
(0.0738978 0.000164949 0)
(0.00500195 0.00204409 0)
(0.00750239 0.00308209 0)
(0.0124149 0.00263011 0)
(0.0156569 0.00201663 0)
(0.0187354 0.00139629 0)
(0.0213769 0.000898289 0)
(0.0237938 0.000484952 0)
(0.0260178 0.000146476 0)
(0.0281004 -0.000141981 0)
(0.0300681 -0.000393151 0)
(0.0319429 -0.000618277 0)
(0.0337399 -0.00082407 0)
(0.0354711 -0.0010156 0)
(0.0371457 -0.00119627 0)
(0.0387711 -0.00136865 0)
(0.0403535 -0.00153466 0)
(0.0418979 -0.00169582 0)
(0.0434086 -0.00185338 0)
(0.0448892 -0.00200838 0)
(0.0463431 -0.00216171 0)
(0.0477729 -0.00231414 0)
(0.0491812 -0.00246635 0)
(0.0505701 -0.00261895 0)
(0.0519418 -0.00277248 0)
(0.053298 -0.00292743 0)
(0.0546402 -0.00308424 0)
(0.0559701 -0.00324328 0)
(0.0572887 -0.0034049 0)
(0.0585974 -0.00356939 0)
(0.0598971 -0.00373697 0)
(0.0611887 -0.00390785 0)
(0.0624729 -0.00408213 0)
(0.0637503 -0.00425991 0)
(0.0650213 -0.00444117 0)
(0.0662863 -0.00462585 0)
(0.0675455 -0.00481383 0)
(0.0687988 -0.00500487 0)
(0.070046 -0.00519868 0)
(0.0712869 -0.00539488 0)
(0.072521 -0.00559298 0)
(0.0737477 -0.00579242 0)
(0.0749662 -0.00599252 0)
(0.0761754 -0.00619254 0)
(0.0773743 -0.0063916 0)
(0.0785615 -0.00658876 0)
(0.0797356 -0.00678299 0)
(0.0808949 -0.00697316 0)
(0.0820376 -0.00715807 0)
(0.0831618 -0.00733645 0)
(0.0842653 -0.007507 0)
(0.0853458 -0.00766833 0)
(0.0864012 -0.00781905 0)
(0.0874288 -0.00795776 0)
(0.0884263 -0.00808305 0)
(0.0893909 -0.00819354 0)
(0.0903202 -0.00828788 0)
(0.0912115 -0.00836481 0)
(0.0920622 -0.00842314 0)
(0.09287 -0.00846179 0)
(0.0936323 -0.00847981 0)
(0.0943471 -0.0084764 0)
(0.0950123 -0.00845095 0)
(0.0956261 -0.00840301 0)
(0.0961871 -0.00833236 0)
(0.096694 -0.00823897 0)
(0.097146 -0.00812307 0)
(0.0975426 -0.00798509 0)
(0.0978837 -0.00782569 0)
(0.0981696 -0.00764576 0)
(0.098401 -0.0074464 0)
(0.098579 -0.00722891 0)
(0.0987051 -0.00699477 0)
(0.0987812 -0.00674559 0)
(0.0988093 -0.00648314 0)
(0.0987921 -0.00620928 0)
(0.0987321 -0.00592591 0)
(0.0986324 -0.005635 0)
(0.0984959 -0.00533853 0)
(0.0983258 -0.00503841 0)
(0.0981254 -0.00473656 0)
(0.0978979 -0.00443479 0)
(0.0976464 -0.00413481 0)
(0.097374 -0.00383823 0)
(0.0970837 -0.00354653 0)
(0.0967782 -0.00326104 0)
(0.0964602 -0.00298296 0)
(0.0961322 -0.00271333 0)
(0.0957963 -0.00245304 0)
(0.0954547 -0.00220283 0)
(0.0951091 -0.00196332 0)
(0.0947611 -0.00173496 0)
(0.0944122 -0.0015181 0)
(0.0940635 -0.00131295 0)
(0.0937162 -0.00111964 0)
(0.0933711 -0.000938176 0)
(0.093029 -0.000768484 0)
(0.0926904 -0.000610412 0)
(0.0923559 -0.000463741 0)
(0.0920258 -0.000328192 0)
(0.0917004 -0.000203437 0)
(0.0913799 -8.91067e-05 0)
(0.0910645 1.52024e-05 0)
(0.0907542 0.000109919 0)
(0.0904492 0.000195493 0)
(0.0901493 0.000272387 0)
(0.0898546 0.000341073 0)
(0.0895651 0.000402027 0)
(0.0892806 0.000455724 0)
(0.0890012 0.000502637 0)
(0.0887266 0.00054323 0)
(0.0884569 0.000577959 0)
(0.0881919 0.000607268 0)
(0.0879316 0.000631587 0)
(0.0876759 0.00065133 0)
(0.0874246 0.000666895 0)
(0.0871777 0.000678662 0)
(0.0869351 0.000686995 0)
(0.0866968 0.000692235 0)
(0.0864626 0.000694707 0)
(0.0862325 0.000694716 0)
(0.0860064 0.000692547 0)
(0.0857842 0.000688469 0)
(0.085566 0.000682727 0)
(0.0853516 0.000675554 0)
(0.0851409 0.00066716 0)
(0.0849339 0.000657742 0)
(0.0847306 0.000647477 0)
(0.0845309 0.000636528 0)
(0.0843348 0.000625044 0)
(0.0841421 0.000613157 0)
(0.0839529 0.000600987 0)
(0.0837671 0.000588642 0)
(0.0835846 0.000576216 0)
(0.0834055 0.000563794 0)
(0.0832295 0.000551449 0)
(0.0830568 0.000539244 0)
(0.0828872 0.000527235 0)
(0.0827207 0.000515468 0)
(0.0825573 0.000503981 0)
(0.0823968 0.000492808 0)
(0.0822393 0.000481973 0)
(0.0820847 0.000471497 0)
(0.081933 0.000461394 0)
(0.081784 0.000451676 0)
(0.0816379 0.000442347 0)
(0.0814944 0.000433411 0)
(0.0813535 0.000424866 0)
(0.0812153 0.00041671 0)
(0.0810796 0.000408935 0)
(0.0809465 0.000401533 0)
(0.0808158 0.000394495 0)
(0.0806876 0.000387808 0)
(0.0805617 0.000381459 0)
(0.0804381 0.000375435 0)
(0.0803168 0.00036972 0)
(0.0801978 0.000364298 0)
(0.0800809 0.000359154 0)
(0.0799663 0.000354271 0)
(0.0798537 0.000349631 0)
(0.0797432 0.000345218 0)
(0.0796347 0.000341015 0)
(0.0795282 0.000337005 0)
(0.0794236 0.000333171 0)
(0.079321 0.000329497 0)
(0.0792202 0.000325966 0)
(0.0791212 0.000322563 0)
(0.0790241 0.000319272 0)
(0.0789287 0.000316077 0)
(0.078835 0.000312965 0)
(0.078743 0.000309922 0)
(0.0786527 0.000306934 0)
(0.0785639 0.000303988 0)
(0.0784768 0.000301072 0)
(0.0783912 0.000298174 0)
(0.0783072 0.000295285 0)
(0.0782246 0.000292393 0)
(0.0781436 0.00028949 0)
(0.0780639 0.000286567 0)
(0.0779857 0.000283618 0)
(0.0779089 0.000280635 0)
(0.0778334 0.000277614 0)
(0.0777593 0.00027455 0)
(0.0776865 0.00027144 0)
(0.0776149 0.000268283 0)
(0.0775447 0.00026508 0)
(0.0774757 0.00026183 0)
(0.077408 0.000258538 0)
(0.0773415 0.000255208 0)
(0.0772762 0.000251847 0)
(0.0772121 0.000248463 0)
(0.0771493 0.000245067 0)
(0.0770877 0.00024167 0)
(0.0770273 0.000238282 0)
(0.0769684 0.000234913 0)
(0.0769109 0.000231567 0)
(0.0768551 0.000228233 0)
(0.0768011 0.000224893 0)
(0.0767496 0.000221461 0)
(0.0767014 0.000218528 0)
(0.0766611 0.000208593 0)
(0.0344491 -1.69934e-06 0)
(0.034603 -0.00014554 0)
(0.0349198 -0.000262858 0)
(0.0353517 -0.000325061 0)
(0.0358459 -0.000363102 0)
(0.0364837 -0.000437474 0)
(0.0371412 -0.000316367 0)
(0.0378178 -0.000769414 0)
(0.0908647 -5.37204e-06 0)
(0.0906414 -0.000125894 0)
(0.0905741 -0.0002882 0)
(0.0906079 -0.000453153 0)
(0.0907515 -0.000630671 0)
(0.0909797 -0.00080696 0)
(0.0913226 -0.00100097 0)
(0.0921934 -0.00166366 0)
(0.128437 -9.14498e-06 0)
(0.128259 -8.9235e-05 0)
(0.128172 -0.000212152 0)
(0.128132 -0.000368639 0)
(0.12812 -0.00055101 0)
(0.128137 -0.000762877 0)
(0.128224 -0.00108831 0)
(0.12822 -0.00150521 0)
(0.147212 -1.30708e-05 0)
(0.147034 -9.98472e-05 0)
(0.146936 -0.000213426 0)
(0.146873 -0.000354121 0)
(0.146821 -0.000525274 0)
(0.146778 -0.000744829 0)
(0.14672 -0.00101147 0)
(0.146652 -0.00136429 0)
(0.147217 -1.83686e-05 0)
(0.147038 -0.000107492 0)
(0.146928 -0.000205936 0)
(0.146841 -0.000323795 0)
(0.146751 -0.000471937 0)
(0.146638 -0.000656641 0)
(0.146491 -0.000893183 0)
(0.146286 -0.00118201 0)
(0.12845 -2.61081e-05 0)
(0.128254 -0.000123588 0)
(0.128113 -0.000208905 0)
(0.127976 -0.000302044 0)
(0.127816 -0.000418073 0)
(0.127617 -0.000568154 0)
(0.127364 -0.000755716 0)
(0.127038 -0.000980139 0)
(0.0908857 -4.00785e-05 0)
(0.0906068 -0.000102227 0)
(0.0903893 -0.000132644 0)
(0.090172 -0.000173794 0)
(0.0899277 -0.000244216 0)
(0.0896332 -0.000347836 0)
(0.0892663 -0.000481675 0)
(0.0888044 -0.000637072 0)
(0.0344545 -4.6141e-05 0)
(0.0343728 -2.45849e-05 0)
(0.0343217 7.63514e-06 0)
(0.0342692 6.57133e-06 0)
(0.0341573 -2.60748e-05 0)
(0.0339584 -7.81139e-05 0)
(0.0336573 -0.000136693 0)
(0.0332492 -0.000191242 0)
(0.0404851 -0.0034933 0)
(0.0433939 -0.00318713 0)
(0.0460329 -0.00287032 0)
(0.0485959 -0.00256232 0)
(0.0509462 -0.00241177 0)
(0.0531346 -0.00235612 0)
(0.0551829 -0.0023661 0)
(0.0571163 -0.00241373 0)
(0.0589539 -0.00248367 0)
(0.0607095 -0.0025665 0)
(0.0623936 -0.00265714 0)
(0.0640142 -0.0027527 0)
(0.0655776 -0.00285162 0)
(0.0670889 -0.00295307 0)
(0.0685526 -0.00305663 0)
(0.0699724 -0.00316213 0)
(0.0713514 -0.00326956 0)
(0.0726926 -0.00337902 0)
(0.0739985 -0.00349064 0)
(0.0752716 -0.00360464 0)
(0.0765137 -0.00372122 0)
(0.077727 -0.00384061 0)
(0.078913 -0.00396305 0)
(0.0800734 -0.00408878 0)
(0.0812096 -0.00421799 0)
(0.0823228 -0.00435091 0)
(0.0834142 -0.00448769 0)
(0.0844847 -0.0046285 0)
(0.0855352 -0.00477346 0)
(0.0865664 -0.00492263 0)
(0.087579 -0.00507605 0)
(0.0885734 -0.00523372 0)
(0.0895499 -0.00539556 0)
(0.0905086 -0.00556143 0)
(0.0914497 -0.00573115 0)
(0.092373 -0.00590443 0)
(0.0932782 -0.00608092 0)
(0.0941651 -0.0062602 0)
(0.0950329 -0.00644173 0)
(0.095881 -0.00662489 0)
(0.0967085 -0.00680898 0)
(0.0975144 -0.00699317 0)
(0.0982975 -0.00717656 0)
(0.0990564 -0.00735814 0)
(0.0997897 -0.00753681 0)
(0.100496 -0.00771138 0)
(0.101173 -0.00788056 0)
(0.101819 -0.00804302 0)
(0.102432 -0.00819734 0)
(0.10301 -0.00834205 0)
(0.103551 -0.00847566 0)
(0.104052 -0.00859665 0)
(0.104512 -0.0087035 0)
(0.104927 -0.00879474 0)
(0.105297 -0.00886892 0)
(0.105619 -0.00892466 0)
(0.10589 -0.0089607 0)
(0.10611 -0.00897589 0)
(0.106276 -0.00896923 0)
(0.106387 -0.00893988 0)
(0.106443 -0.00888724 0)
(0.106442 -0.00881088 0)
(0.106385 -0.00871062 0)
(0.106272 -0.00858656 0)
(0.106103 -0.00843901 0)
(0.105879 -0.00826858 0)
(0.105603 -0.00807611 0)
(0.105276 -0.0078627 0)
(0.104901 -0.00762969 0)
(0.104481 -0.00737863 0)
(0.10402 -0.00711123 0)
(0.10352 -0.0068294 0)
(0.102987 -0.00653513 0)
(0.102424 -0.00623053 0)
(0.101835 -0.00591773 0)
(0.101226 -0.00559889 0)
(0.1006 -0.00527614 0)
(0.0999624 -0.00495154 0)
(0.0993166 -0.00462709 0)
(0.0986669 -0.00430466 0)
(0.0980169 -0.00398599 0)
(0.0973702 -0.00367267 0)
(0.0967299 -0.00336614 0)
(0.0960988 -0.00306766 0)
(0.0954792 -0.00277834 0)
(0.0948734 -0.0024991 0)
(0.0942829 -0.00223071 0)
(0.0937093 -0.0019738 0)
(0.0931536 -0.00172881 0)
(0.0926166 -0.00149609 0)
(0.0920988 -0.00127584 0)
(0.0916005 -0.00106815 0)
(0.0911217 -0.000873023 0)
(0.0906623 -0.000690349 0)
(0.090222 -0.000519959 0)
(0.0898003 -0.000361612 0)
(0.0893967 -0.000215009 0)
(0.0890106 -7.98052e-05 0)
(0.0886413 4.4384e-05 0)
(0.0882879 0.000157974 0)
(0.0879498 0.000261405 0)
(0.0876261 0.000355135 0)
(0.087316 0.000439634 0)
(0.0870188 0.00051538 0)
(0.0867335 0.000582856 0)
(0.0864596 0.000642542 0)
(0.0861962 0.000694917 0)
(0.0859426 0.000740451 0)
(0.0856982 0.000779608 0)
(0.0854623 0.000812839 0)
(0.0852344 0.000840585 0)
(0.0850139 0.000863269 0)
(0.0848002 0.000881302 0)
(0.084593 0.000895077 0)
(0.0843918 0.000904972 0)
(0.0841961 0.000911346 0)
(0.0840056 0.000914539 0)
(0.08382 0.000914876 0)
(0.0836389 0.00091266 0)
(0.0834622 0.00090818 0)
(0.0832895 0.000901703 0)
(0.0831206 0.00089348 0)
(0.0829554 0.000883745 0)
(0.0827936 0.000872714 0)
(0.0826351 0.000860587 0)
(0.0824797 0.000847548 0)
(0.0823274 0.000833765 0)
(0.082178 0.000819393 0)
(0.0820314 0.00080457 0)
(0.0818875 0.000789423 0)
(0.0817463 0.000774066 0)
(0.0816076 0.0007586 0)
(0.0814715 0.000743115 0)
(0.0813379 0.00072769 0)
(0.0812066 0.000712397 0)
(0.0810777 0.000697295 0)
(0.0809512 0.000682436 0)
(0.080827 0.000667865 0)
(0.080705 0.000653618 0)
(0.0805852 0.000639727 0)
(0.0804677 0.000626216 0)
(0.0803523 0.000613103 0)
(0.080239 0.000600402 0)
(0.0801279 0.000588124 0)
(0.0800189 0.000576273 0)
(0.079912 0.000564852 0)
(0.0798071 0.000553859 0)
(0.0797042 0.000543291 0)
(0.0796034 0.000533141 0)
(0.0795045 0.0005234 0)
(0.0794076 0.000514059 0)
(0.0793126 0.000505105 0)
(0.0792195 0.000496526 0)
(0.0791283 0.000488307 0)
(0.079039 0.000480433 0)
(0.0789515 0.000472888 0)
(0.0788658 0.000465656 0)
(0.0787818 0.00045872 0)
(0.0786997 0.000452064 0)
(0.0786192 0.00044567 0)
(0.0785405 0.000439521 0)
(0.0784634 0.000433599 0)
(0.078388 0.000427889 0)
(0.0783142 0.000422373 0)
(0.078242 0.000417035 0)
(0.0781713 0.000411859 0)
(0.0781022 0.000406828 0)
(0.0780346 0.000401928 0)
(0.0779684 0.000397144 0)
(0.0779037 0.000392461 0)
(0.0778404 0.000387866 0)
(0.0777785 0.000383345 0)
(0.0777179 0.000378886 0)
(0.0776587 0.000374476 0)
(0.0776007 0.000370105 0)
(0.077544 0.000365762 0)
(0.0774886 0.000361438 0)
(0.0774344 0.000357123 0)
(0.0773814 0.000352809 0)
(0.0773295 0.00034849 0)
(0.0772788 0.000344159 0)
(0.0772291 0.000339812 0)
(0.0771806 0.000335443 0)
(0.0771331 0.000331051 0)
(0.0770866 0.000326634 0)
(0.0770411 0.000322191 0)
(0.0769967 0.000317721 0)
(0.0769532 0.000313228 0)
(0.0769107 0.000308711 0)
(0.0768691 0.000304172 0)
(0.0768285 0.000299611 0)
(0.0767889 0.000295025 0)
(0.0767503 0.000290402 0)
(0.0767127 0.000285719 0)
(0.0766762 0.000280929 0)
(0.076641 0.000275938 0)
(0.0766074 0.000270609 0)
(0.0765755 0.000264617 0)
(0.0765463 0.000258178 0)
(0.0765234 0.000240362 0)
(0.0928225 -0.00216809 0)
(0.0928802 -0.00264151 0)
(0.093182 -0.002909 0)
(0.0936433 -0.0030909 0)
(0.0942593 -0.00322977 0)
(0.0949698 -0.00335039 0)
(0.0957415 -0.00346126 0)
(0.0965493 -0.00356523 0)
(0.0973768 -0.00366337 0)
(0.0982126 -0.0037564 0)
(0.0990487 -0.00384514 0)
(0.0998793 -0.00393049 0)
(0.1007 -0.00401341 0)
(0.101508 -0.00409484 0)
(0.102301 -0.00417562 0)
(0.103076 -0.00425652 0)
(0.103833 -0.0043382 0)
(0.104571 -0.00442127 0)
(0.105288 -0.00450623 0)
(0.105985 -0.00459357 0)
(0.106661 -0.00468367 0)
(0.107315 -0.0047769 0)
(0.107948 -0.00487358 0)
(0.108559 -0.00497398 0)
(0.109149 -0.00507834 0)
(0.109718 -0.00518685 0)
(0.110264 -0.00529968 0)
(0.110789 -0.00541693 0)
(0.111292 -0.00553867 0)
(0.111773 -0.00566492 0)
(0.112232 -0.00579566 0)
(0.112668 -0.00593078 0)
(0.113081 -0.00607015 0)
(0.11347 -0.00621352 0)
(0.113835 -0.00636062 0)
(0.114175 -0.00651107 0)
(0.114489 -0.00666441 0)
(0.114777 -0.00682009 0)
(0.115036 -0.00697746 0)
(0.115266 -0.0071358 0)
(0.115466 -0.00729426 0)
(0.115634 -0.00745189 0)
(0.115769 -0.00760767 0)
(0.115868 -0.00776044 0)
(0.115931 -0.00790897 0)
(0.115955 -0.00805196 0)
(0.115938 -0.00818799 0)
(0.115879 -0.0083156 0)
(0.115776 -0.00843328 0)
(0.115626 -0.00853949 0)
(0.115428 -0.00863264 0)
(0.115179 -0.00871119 0)
(0.114879 -0.00877362 0)
(0.114526 -0.00881845 0)
(0.114118 -0.00884431 0)
(0.113654 -0.00884994 0)
(0.113135 -0.00883421 0)
(0.112558 -0.0087962 0)
(0.111926 -0.00873515 0)
(0.111237 -0.00865057 0)
(0.110494 -0.00854221 0)
(0.109698 -0.00841006 0)
(0.108851 -0.00825444 0)
(0.107956 -0.00807591 0)
(0.107017 -0.00787536 0)
(0.106037 -0.00765392 0)
(0.105021 -0.007413 0)
(0.103974 -0.00715424 0)
(0.102901 -0.00687947 0)
(0.101808 -0.00659071 0)
(0.1007 -0.0062901 0)
(0.0995833 -0.00597985 0)
(0.0984639 -0.00566222 0)
(0.0973474 -0.00533947 0)
(0.0962394 -0.00501381 0)
(0.0951453 -0.00468737 0)
(0.0940698 -0.00436216 0)
(0.0930177 -0.00404007 0)
(0.0919928 -0.0037228 0)
(0.0909987 -0.0034119 0)
(0.0900385 -0.00310872 0)
(0.0891146 -0.00281443 0)
(0.0882289 -0.00253003 0)
(0.0873829 -0.00225632 0)
(0.0865775 -0.00199394 0)
(0.0858132 -0.00174337 0)
(0.0850901 -0.00150495 0)
(0.0844079 -0.00127889 0)
(0.083766 -0.00106528 0)
(0.0831635 -0.000864105 0)
(0.0825992 -0.00067527 0)
(0.082072 -0.000498601 0)
(0.0815802 -0.00033386 0)
(0.0811224 -0.000180757 0)
(0.0806968 -3.89595e-05 0)
(0.0803017 9.18993e-05 0)
(0.0799354 0.000212214 0)
(0.079596 0.000322398 0)
(0.079282 0.000422881 0)
(0.0789915 0.000514103 0)
(0.0787228 0.000596508 0)
(0.0784744 0.000670543 0)
(0.0782447 0.000736657 0)
(0.0780323 0.000795293 0)
(0.0778356 0.000846888 0)
(0.0776534 0.000891876 0)
(0.0774844 0.000930677 0)
(0.0773274 0.000963706 0)
(0.0771814 0.000991364 0)
(0.0770453 0.00101404 0)
(0.0769181 0.00103211 0)
(0.0767991 0.00104594 0)
(0.0766873 0.00105588 0)
(0.0765821 0.00106226 0)
(0.0764827 0.0010654 0)
(0.0763887 0.0010656 0)
(0.0762994 0.00106316 0)
(0.0762143 0.00105835 0)
(0.076133 0.00105142 0)
(0.076055 0.00104263 0)
(0.0759801 0.00103219 0)
(0.0759079 0.00102033 0)
(0.0758382 0.00100724 0)
(0.0757706 0.000993098 0)
(0.075705 0.000978086 0)
(0.0756412 0.000962357 0)
(0.075579 0.000946056 0)
(0.0755183 0.000929314 0)
(0.075459 0.000912252 0)
(0.075401 0.000894978 0)
(0.0753441 0.000877591 0)
(0.0752884 0.000860178 0)
(0.0752337 0.000842816 0)
(0.07518 0.000825576 0)
(0.0751274 0.000808517 0)
(0.0750756 0.000791692 0)
(0.0750249 0.000775146 0)
(0.074975 0.000758917 0)
(0.0749261 0.000743038 0)
(0.074878 0.000727534 0)
(0.0748309 0.000712428 0)
(0.0747847 0.000697734 0)
(0.0747394 0.000683465 0)
(0.074695 0.000669628 0)
(0.0746515 0.000656228 0)
(0.074609 0.000643266 0)
(0.0745674 0.000630741 0)
(0.0745267 0.000618648 0)
(0.074487 0.00060698 0)
(0.0744482 0.00059573 0)
(0.0744104 0.000584888 0)
(0.0743736 0.000574442 0)
(0.0743377 0.00056438 0)
(0.0743028 0.000554688 0)
(0.0742689 0.000545353 0)
(0.0742359 0.000536358 0)
(0.0742039 0.00052769 0)
(0.0741729 0.000519331 0)
(0.0741428 0.000511267 0)
(0.0741137 0.00050348 0)
(0.0740855 0.000495955 0)
(0.0740583 0.000488675 0)
(0.0740319 0.000481624 0)
(0.0740065 0.000474787 0)
(0.073982 0.000468147 0)
(0.0739584 0.00046169 0)
(0.0739357 0.0004554 0)
(0.0739139 0.000449262 0)
(0.0738929 0.000443262 0)
(0.0738727 0.000437387 0)
(0.0738533 0.000431623 0)
(0.0738348 0.000425957 0)
(0.073817 0.000420378 0)
(0.0737999 0.000414873 0)
(0.0737836 0.000409431 0)
(0.0737681 0.000404043 0)
(0.0737532 0.000398698 0)
(0.0737389 0.000393389 0)
(0.0737254 0.000388106 0)
(0.0737124 0.000382844 0)
(0.0737001 0.000377594 0)
(0.0736884 0.000372353 0)
(0.0736772 0.000367114 0)
(0.0736665 0.000361875 0)
(0.0736564 0.000356633 0)
(0.0736468 0.000351385 0)
(0.0736377 0.000346129 0)
(0.073629 0.000340863 0)
(0.0736208 0.000335585 0)
(0.073613 0.00033029 0)
(0.0736057 0.000324969 0)
(0.0735989 0.000319608 0)
(0.0735925 0.000314181 0)
(0.0735866 0.00030864 0)
(0.0735812 0.000302911 0)
(0.0735764 0.000296839 0)
(0.0735723 0.000290225 0)
(0.0735691 0.000282569 0)
(0.073567 0.000274445 0)
(0.0735682 0.000252203 0)
(0.128147 -0.0021179 0)
(0.128094 -0.00261556 0)
(0.128023 -0.0029854 0)
(0.128 -0.00325725 0)
(0.128025 -0.00346785 0)
(0.128094 -0.00363988 0)
(0.128196 -0.00378641 0)
(0.128323 -0.00391468 0)
(0.128464 -0.00402895 0)
(0.128614 -0.00413201 0)
(0.128766 -0.00422596 0)
(0.128916 -0.00431256 0)
(0.129061 -0.00439333 0)
(0.129198 -0.00446965 0)
(0.129323 -0.00454273 0)
(0.129435 -0.00461368 0)
(0.129533 -0.00468345 0)
(0.129614 -0.00475292 0)
(0.129678 -0.00482284 0)
(0.129723 -0.00489388 0)
(0.129748 -0.00496663 0)
(0.129754 -0.00504159 0)
(0.129738 -0.00511921 0)
(0.1297 -0.00519985 0)
(0.12964 -0.00528382 0)
(0.129557 -0.00537137 0)
(0.12945 -0.00546268 0)
(0.129319 -0.00555788 0)
(0.129163 -0.00565703 0)
(0.128981 -0.00576014 0)
(0.128772 -0.00586715 0)
(0.128536 -0.00597791 0)
(0.128271 -0.00609223 0)
(0.127977 -0.00620983 0)
(0.127651 -0.00633034 0)
(0.127294 -0.00645331 0)
(0.126904 -0.00657819 0)
(0.126478 -0.00670436 0)
(0.126017 -0.00683107 0)
(0.125518 -0.0069575 0)
(0.12498 -0.00708271 0)
(0.124401 -0.00720565 0)
(0.123779 -0.00732521 0)
(0.123112 -0.00744015 0)
(0.1224 -0.00754916 0)
(0.12164 -0.00765085 0)
(0.12083 -0.00774379 0)
(0.119969 -0.00782648 0)
(0.119057 -0.00789741 0)
(0.11809 -0.00795505 0)
(0.11707 -0.00799792 0)
(0.115994 -0.00802458 0)
(0.114863 -0.00803367 0)
(0.113676 -0.00802395 0)
(0.112436 -0.00799433 0)
(0.111141 -0.00794388 0)
(0.109795 -0.00787192 0)
(0.1084 -0.00777797 0)
(0.106958 -0.00766184 0)
(0.105473 -0.00752361 0)
(0.10395 -0.00736366 0)
(0.102393 -0.00718266 0)
(0.100808 -0.00698159 0)
(0.0992011 -0.00676169 0)
(0.0975784 -0.00652449 0)
(0.0959471 -0.00627173 0)
(0.0943143 -0.00600533 0)
(0.0926873 -0.00572739 0)
(0.0910734 -0.00544008 0)
(0.0894798 -0.00514564 0)
(0.0879135 -0.00484631 0)
(0.086381 -0.00454428 0)
(0.0848883 -0.00424165 0)
(0.0834411 -0.00394041 0)
(0.0820441 -0.00364239 0)
(0.0807014 -0.00334923 0)
(0.0794167 -0.0030624 0)
(0.0781925 -0.00278316 0)
(0.0770308 -0.00251256 0)
(0.0759328 -0.00225149 0)
(0.0748993 -0.00200062 0)
(0.0739301 -0.00176046 0)
(0.0730248 -0.00153136 0)
(0.0721824 -0.00131355 0)
(0.0714013 -0.00110711 0)
(0.0706799 -0.000912043 0)
(0.0700161 -0.000728254 0)
(0.0694075 -0.000555579 0)
(0.0688517 -0.000393795 0)
(0.0683461 -0.000242637 0)
(0.067888 -0.000101803 0)
(0.0674748 2.90347e-05 0)
(0.0671038 0.000150222 0)
(0.0667721 0.000262118 0)
(0.0664773 0.000365091 0)
(0.0662167 0.000459513 0)
(0.0659878 0.000545758 0)
(0.0657883 0.0006242 0)
(0.0656157 0.000695209 0)
(0.0654679 0.000759152 0)
(0.0653428 0.000816393 0)
(0.0652384 0.000867288 0)
(0.0651528 0.000912187 0)
(0.0650842 0.000951434 0)
(0.065031 0.000985365 0)
(0.0649917 0.00101431 0)
(0.0649648 0.00103859 0)
(0.064949 0.00105851 0)
(0.064943 0.00107437 0)
(0.0649457 0.00108648 0)
(0.064956 0.00109511 0)
(0.064973 0.00110054 0)
(0.0649958 0.00110302 0)
(0.0650236 0.00110282 0)
(0.0650557 0.00110018 0)
(0.0650913 0.00109532 0)
(0.06513 0.00108847 0)
(0.0651711 0.00107983 0)
(0.0652143 0.00106961 0)
(0.065259 0.001058 0)
(0.0653049 0.00104516 0)
(0.0653516 0.00103126 0)
(0.065399 0.00101647 0)
(0.0654466 0.00100092 0)
(0.0654944 0.000984741 0)
(0.0655421 0.000968065 0)
(0.0655895 0.000951002 0)
(0.0656366 0.000933658 0)
(0.0656832 0.000916126 0)
(0.0657292 0.000898492 0)
(0.0657746 0.000880836 0)
(0.0658193 0.000863226 0)
(0.0658633 0.000845725 0)
(0.0659066 0.000828388 0)
(0.0659491 0.000811262 0)
(0.0659908 0.000794391 0)
(0.0660318 0.00077781 0)
(0.066072 0.00076155 0)
(0.0661116 0.000745637 0)
(0.0661504 0.00073009 0)
(0.0661886 0.000714928 0)
(0.0662261 0.000700162 0)
(0.066263 0.000685801 0)
(0.0662993 0.000671851 0)
(0.0663351 0.000658316 0)
(0.0663704 0.000645195 0)
(0.0664053 0.000632486 0)
(0.0664397 0.000620184 0)
(0.0664737 0.000608285 0)
(0.0665074 0.00059678 0)
(0.0665408 0.000585661 0)
(0.0665738 0.000574916 0)
(0.0666067 0.000564535 0)
(0.0666392 0.000554507 0)
(0.0666716 0.000544817 0)
(0.0667038 0.000535452 0)
(0.0667359 0.0005264 0)
(0.0667679 0.000517646 0)
(0.0667997 0.000509175 0)
(0.0668314 0.000500973 0)
(0.0668631 0.000493026 0)
(0.0668947 0.00048532 0)
(0.0669263 0.000477839 0)
(0.0669579 0.000470569 0)
(0.0669894 0.000463498 0)
(0.0670209 0.000456609 0)
(0.0670524 0.000449892 0)
(0.0670838 0.000443331 0)
(0.0671153 0.000436914 0)
(0.0671468 0.00043063 0)
(0.0671782 0.000424465 0)
(0.0672096 0.000418408 0)
(0.067241 0.000412449 0)
(0.0672724 0.000406577 0)
(0.0673038 0.000400781 0)
(0.0673351 0.000395053 0)
(0.0673664 0.000389384 0)
(0.0673976 0.000383766 0)
(0.0674287 0.000378191 0)
(0.0674597 0.000372652 0)
(0.0674907 0.000367145 0)
(0.0675215 0.000361663 0)
(0.0675522 0.000356201 0)
(0.0675828 0.000350756 0)
(0.0676132 0.000345325 0)
(0.0676435 0.000339903 0)
(0.0676735 0.000334488 0)
(0.0677034 0.000329074 0)
(0.0677331 0.000323658 0)
(0.0677626 0.00031823 0)
(0.0677919 0.000312777 0)
(0.0678209 0.000307279 0)
(0.0678498 0.000301702 0)
(0.0678784 0.000295991 0)
(0.0679068 0.000290071 0)
(0.067935 0.00028377 0)
(0.0679629 0.000276927 0)
(0.0679904 0.000268827 0)
(0.0680176 0.000261409 0)
(0.0680451 0.000239825 0)
(0.146519 -0.00175774 0)
(0.146269 -0.00215791 0)
(0.145962 -0.0025179 0)
(0.145632 -0.0028268 0)
(0.145301 -0.0030887 0)
(0.144973 -0.00331115 0)
(0.144649 -0.00350101 0)
(0.144324 -0.00366373 0)
(0.143994 -0.00380369 0)
(0.143655 -0.00392454 0)
(0.143304 -0.00402938 0)
(0.142938 -0.00412096 0)
(0.142554 -0.00420169 0)
(0.142152 -0.0042737 0)
(0.14173 -0.00433889 0)
(0.141287 -0.00439892 0)
(0.140822 -0.00445524 0)
(0.140334 -0.00450912 0)
(0.139822 -0.00456165 0)
(0.139286 -0.00461378 0)
(0.138726 -0.00466632 0)
(0.13814 -0.00471994 0)
(0.137528 -0.00477521 0)
(0.13689 -0.00483261 0)
(0.136225 -0.0048925 0)
(0.135531 -0.00495517 0)
(0.134809 -0.00502081 0)
(0.134057 -0.00508956 0)
(0.133275 -0.00516144 0)
(0.132462 -0.00523643 0)
(0.131616 -0.00531441 0)
(0.130736 -0.0053952 0)
(0.129822 -0.00547853 0)
(0.128871 -0.00556403 0)
(0.127883 -0.00565127 0)
(0.126856 -0.00573972 0)
(0.125789 -0.00582876 0)
(0.12468 -0.00591768 0)
(0.123528 -0.00600567 0)
(0.122331 -0.00609182 0)
(0.121088 -0.00617516 0)
(0.119797 -0.0062546 0)
(0.118458 -0.00632898 0)
(0.117069 -0.00639709 0)
(0.115629 -0.00645764 0)
(0.114138 -0.00650931 0)
(0.112595 -0.00655076 0)
(0.110999 -0.00658065 0)
(0.109352 -0.00659767 0)
(0.107654 -0.00660056 0)
(0.105906 -0.00658816 0)
(0.10411 -0.00655941 0)
(0.102268 -0.00651343 0)
(0.100383 -0.0064495 0)
(0.0984592 -0.00636711 0)
(0.0965011 -0.00626602 0)
(0.0945136 -0.00614621 0)
(0.0925025 -0.00600797 0)
(0.0904744 -0.00585185 0)
(0.0884362 -0.0056787 0)
(0.0863957 -0.00548964 0)
(0.0843606 -0.00528604 0)
(0.0823394 -0.0050695 0)
(0.0803402 -0.0048418 0)
(0.0783713 -0.00460488 0)
(0.076441 -0.00436076 0)
(0.0745569 -0.0041115 0)
(0.0727263 -0.00385914 0)
(0.0709557 -0.00360567 0)
(0.0692511 -0.00335294 0)
(0.0676175 -0.00310268 0)
(0.066059 -0.00285642 0)
(0.0645788 -0.00261551 0)
(0.0631792 -0.00238108 0)
(0.0618618 -0.00215404 0)
(0.0606271 -0.00193512 0)
(0.059475 -0.00172487 0)
(0.0584046 -0.00152364 0)
(0.0574145 -0.00133168 0)
(0.0565027 -0.00114906 0)
(0.055667 -0.000975805 0)
(0.0549045 -0.000811812 0)
(0.0542124 -0.000656936 0)
(0.0535875 -0.000510981 0)
(0.0530265 -0.000373713 0)
(0.052526 -0.000244878 0)
(0.0520828 -0.000124205 0)
(0.0516933 -1.14145e-05 0)
(0.0513544 9.37765e-05 0)
(0.0510627 0.000191651 0)
(0.0508152 0.000282488 0)
(0.0506086 0.000366565 0)
(0.05044 0.000444154 0)
(0.0503066 0.000515521 0)
(0.0502058 0.000580926 0)
(0.0501347 0.000640624 0)
(0.0500911 0.000694867 0)
(0.0500726 0.0007439 0)
(0.0500769 0.000787963 0)
(0.0501019 0.000827294 0)
(0.0501458 0.000862124 0)
(0.0502066 0.000892682 0)
(0.0502825 0.000919193 0)
(0.0503721 0.000941877 0)
(0.0504737 0.000960951 0)
(0.0505859 0.000976629 0)
(0.0507075 0.000989119 0)
(0.0508371 0.000998626 0)
(0.0509738 0.00100535 0)
(0.0511164 0.00100949 0)
(0.051264 0.00101122 0)
(0.0514156 0.00101075 0)
(0.0515706 0.00100824 0)
(0.0517282 0.00100387 0)
(0.0518877 0.000997808 0)
(0.0520485 0.000990213 0)
(0.0522101 0.000981239 0)
(0.052372 0.000971034 0)
(0.0525338 0.000959737 0)
(0.052695 0.000947483 0)
(0.0528553 0.000934397 0)
(0.0530145 0.000920598 0)
(0.0531723 0.000906196 0)
(0.0533284 0.000891298 0)
(0.0534827 0.000875999 0)
(0.053635 0.000860391 0)
(0.0537852 0.000844556 0)
(0.0539332 0.00082857 0)
(0.0540789 0.000812505 0)
(0.0542221 0.000796423 0)
(0.054363 0.000780382 0)
(0.0545014 0.000764435 0)
(0.0546374 0.000748626 0)
(0.0547709 0.000732998 0)
(0.054902 0.000717586 0)
(0.0550307 0.000702421 0)
(0.0551569 0.000687531 0)
(0.0552808 0.000672937 0)
(0.0554024 0.000658658 0)
(0.0555217 0.00064471 0)
(0.0556388 0.000631105 0)
(0.0557538 0.000617851 0)
(0.0558667 0.000604954 0)
(0.0559775 0.000592419 0)
(0.0560864 0.000580247 0)
(0.0561934 0.000568436 0)
(0.0562985 0.000556985 0)
(0.0564019 0.000545889 0)
(0.0565035 0.000535143 0)
(0.0566035 0.00052474 0)
(0.0567019 0.000514672 0)
(0.0567988 0.000504931 0)
(0.0568942 0.000495505 0)
(0.0569881 0.000486387 0)
(0.0570807 0.000477563 0)
(0.057172 0.000469024 0)
(0.057262 0.000460758 0)
(0.0573508 0.000452752 0)
(0.0574385 0.000444995 0)
(0.0575249 0.000437475 0)
(0.0576103 0.000430179 0)
(0.0576947 0.000423096 0)
(0.057778 0.000416213 0)
(0.0578603 0.000409518 0)
(0.0579416 0.000403 0)
(0.058022 0.000396647 0)
(0.0581015 0.000390448 0)
(0.0581801 0.000384391 0)
(0.0582579 0.000378467 0)
(0.0583347 0.000372664 0)
(0.0584108 0.000366974 0)
(0.0584859 0.000361385 0)
(0.0585603 0.000355889 0)
(0.0586339 0.000350478 0)
(0.0587066 0.000345142 0)
(0.0587786 0.000339875 0)
(0.0588498 0.000334669 0)
(0.0589201 0.000329517 0)
(0.0589897 0.000324413 0)
(0.0590585 0.000319352 0)
(0.0591264 0.000314329 0)
(0.0591936 0.000309338 0)
(0.05926 0.000304376 0)
(0.0593255 0.000299439 0)
(0.0593903 0.000294524 0)
(0.0594542 0.000289627 0)
(0.0595173 0.000284744 0)
(0.0595796 0.000279871 0)
(0.059641 0.000274999 0)
(0.0597016 0.000270121 0)
(0.0597613 0.000265221 0)
(0.0598202 0.000260277 0)
(0.0598782 0.000255265 0)
(0.0599353 0.000250118 0)
(0.0599915 0.000244814 0)
(0.0600467 0.000239164 0)
(0.0601006 0.000233283 0)
(0.060153 0.000225819 0)
(0.0602041 0.000220972 0)
(0.060255 0.000205452 0)
(0.145999 -0.00151667 0)
(0.145631 -0.00185766 0)
(0.145184 -0.0021753 0)
(0.144677 -0.00245508 0)
(0.144121 -0.00269391 0)
(0.143524 -0.00289425 0)
(0.14289 -0.00306057 0)
(0.142219 -0.00319774 0)
(0.141514 -0.00331037 0)
(0.140774 -0.00340261 0)
(0.140001 -0.00347811 0)
(0.139194 -0.00354002 0)
(0.138356 -0.00359105 0)
(0.137487 -0.00363354 0)
(0.136588 -0.00366947 0)
(0.135661 -0.00370057 0)
(0.134704 -0.00372828 0)
(0.13372 -0.00375383 0)
(0.132708 -0.00377828 0)
(0.131669 -0.0038025 0)
(0.130603 -0.00382719 0)
(0.129509 -0.00385295 0)
(0.128388 -0.00388025 0)
(0.127238 -0.00390942 0)
(0.12606 -0.00394075 0)
(0.124853 -0.00397438 0)
(0.123616 -0.00401042 0)
(0.122348 -0.00404885 0)
(0.121049 -0.00408963 0)
(0.119717 -0.00413261 0)
(0.118351 -0.00417757 0)
(0.116951 -0.00422423 0)
(0.115514 -0.00427224 0)
(0.11404 -0.00432115 0)
(0.112528 -0.00437048 0)
(0.110977 -0.00441964 0)
(0.109385 -0.00446798 0)
(0.107751 -0.00451476 0)
(0.106075 -0.0045592 0)
(0.104356 -0.00460043 0)
(0.102593 -0.00463753 0)
(0.100787 -0.00466953 0)
(0.0989365 -0.00469542 0)
(0.0970428 -0.00471417 0)
(0.0951067 -0.00472474 0)
(0.0931293 -0.00472612 0)
(0.0911125 -0.00471732 0)
(0.0890587 -0.00469745 0)
(0.0869709 -0.00466567 0)
(0.0848526 -0.00462132 0)
(0.0827083 -0.00456385 0)
(0.0805428 -0.00449291 0)
(0.0783619 -0.00440835 0)
(0.0761719 -0.00431027 0)
(0.0739798 -0.00419897 0)
(0.0717928 -0.00407501 0)
(0.0696189 -0.00393921 0)
(0.0674662 -0.00379258 0)
(0.065343 -0.00363634 0)
(0.0632575 -0.00347189 0)
(0.0612178 -0.00330075 0)
(0.0592317 -0.00312451 0)
(0.0573064 -0.00294478 0)
(0.0554484 -0.00276317 0)
(0.0536636 -0.0025812 0)
(0.0519569 -0.00240028 0)
(0.0503322 -0.00222167 0)
(0.0487926 -0.00204647 0)
(0.0473402 -0.0018756 0)
(0.0459762 -0.00170979 0)
(0.0447008 -0.00154961 0)
(0.0435137 -0.00139546 0)
(0.0424135 -0.0012476 0)
(0.0413987 -0.00110618 0)
(0.0404669 -0.000971241 0)
(0.0396155 -0.000842762 0)
(0.0388416 -0.000720653 0)
(0.0381421 -0.000604785 0)
(0.0375135 -0.000495001 0)
(0.0369526 -0.000391124 0)
(0.0364558 -0.000292969 0)
(0.0360199 -0.000200346 0)
(0.0356412 -0.000113062 0)
(0.0353166 -3.09293e-05 0)
(0.0350427 4.62361e-05 0)
(0.0348164 0.000118613 0)
(0.0346346 0.000186374 0)
(0.0344943 0.000249686 0)
(0.0343928 0.000308708 0)
(0.0343273 0.000363594 0)
(0.0342951 0.000414492 0)
(0.0342938 0.000461546 0)
(0.0343211 0.000504895 0)
(0.0343745 0.000544672 0)
(0.0344521 0.000581011 0)
(0.0345517 0.000614038 0)
(0.0346714 0.000643881 0)
(0.0348093 0.000670665 0)
(0.0349637 0.000694514 0)
(0.035133 0.000715549 0)
(0.0353155 0.000733893 0)
(0.03551 0.000749669 0)
(0.0357148 0.000762996 0)
(0.0359289 0.000773997 0)
(0.0361509 0.000782791 0)
(0.0363797 0.000789499 0)
(0.0366143 0.00079424 0)
(0.0368537 0.000797134 0)
(0.0370969 0.000798298 0)
(0.0373432 0.000797848 0)
(0.0375917 0.0007959 0)
(0.0378418 0.000792565 0)
(0.0380926 0.000787955 0)
(0.0383438 0.000782177 0)
(0.0385946 0.000775337 0)
(0.0388447 0.000767537 0)
(0.0390935 0.000758874 0)
(0.0393407 0.000749444 0)
(0.0395858 0.000739338 0)
(0.0398286 0.000728643 0)
(0.0400688 0.000717441 0)
(0.0403062 0.00070581 0)
(0.0405405 0.000693826 0)
(0.0407715 0.000681556 0)
(0.0409992 0.000669066 0)
(0.0412233 0.000656417 0)
(0.0414438 0.000643663 0)
(0.0416606 0.000630857 0)
(0.0418737 0.000618046 0)
(0.0420829 0.000605272 0)
(0.0422884 0.000592575 0)
(0.04249 0.000579989 0)
(0.0426879 0.000567545 0)
(0.042882 0.000555272 0)
(0.0430723 0.000543191 0)
(0.0432589 0.000531326 0)
(0.0434419 0.000519692 0)
(0.0436213 0.000508305 0)
(0.0437972 0.000497177 0)
(0.0439697 0.000486317 0)
(0.0441387 0.000475733 0)
(0.0443045 0.00046543 0)
(0.0444671 0.000455411 0)
(0.0446265 0.000445677 0)
(0.0447829 0.000436229 0)
(0.0449363 0.000427064 0)
(0.0450869 0.00041818 0)
(0.0452346 0.000409573 0)
(0.0453797 0.000401238 0)
(0.0455222 0.000393169 0)
(0.0456621 0.000385359 0)
(0.0457995 0.000377802 0)
(0.0459346 0.000370489 0)
(0.0460673 0.000363413 0)
(0.0461979 0.000356564 0)
(0.0463262 0.000349934 0)
(0.0464525 0.000343514 0)
(0.0465768 0.000337295 0)
(0.0466991 0.000331267 0)
(0.0468194 0.000325421 0)
(0.046938 0.000319747 0)
(0.0470547 0.000314238 0)
(0.0471697 0.000308882 0)
(0.047283 0.000303672 0)
(0.0473946 0.000298598 0)
(0.0475046 0.000293652 0)
(0.0476131 0.000288825 0)
(0.04772 0.000284109 0)
(0.0478254 0.000279497 0)
(0.0479294 0.000274979 0)
(0.0480318 0.00027055 0)
(0.0481329 0.000266202 0)
(0.0482326 0.000261927 0)
(0.0483309 0.000257721 0)
(0.0484278 0.000253576 0)
(0.0485234 0.000249487 0)
(0.0486176 0.00024545 0)
(0.0487105 0.000241458 0)
(0.0488021 0.000237508 0)
(0.0488924 0.000233596 0)
(0.0489814 0.000229718 0)
(0.0490691 0.000225871 0)
(0.0491555 0.000222051 0)
(0.0492406 0.000218256 0)
(0.0493245 0.000214484 0)
(0.049407 0.00021073 0)
(0.0494883 0.000206992 0)
(0.0495683 0.000203265 0)
(0.049647 0.000199542 0)
(0.0497244 0.000195814 0)
(0.0498005 0.000192071 0)
(0.0498753 0.000188293 0)
(0.0499488 0.000184465 0)
(0.0500209 0.000180546 0)
(0.0500916 0.000176552 0)
(0.0501607 0.000172246 0)
(0.0502282 0.000168476 0)
(0.0502931 0.000162468 0)
(0.0503559 0.000160733 0)
(0.0504221 0.000155703 0)
(0.126621 -0.00122834 0)
(0.126099 -0.00148016 0)
(0.125474 -0.00171462 0)
(0.124756 -0.00191868 0)
(0.123955 -0.00208777 0)
(0.123081 -0.00222294 0)
(0.122142 -0.00232804 0)
(0.121144 -0.00240787 0)
(0.120093 -0.00246715 0)
(0.118995 -0.00251008 0)
(0.117854 -0.00254018 0)
(0.116676 -0.00256036 0)
(0.115465 -0.00257299 0)
(0.114224 -0.00258 0)
(0.112955 -0.00258298 0)
(0.111662 -0.00258324 0)
(0.110347 -0.00258186 0)
(0.10901 -0.00257973 0)
(0.107652 -0.00257759 0)
(0.106276 -0.002576 0)
(0.10488 -0.00257543 0)
(0.103466 -0.00257622 0)
(0.102032 -0.00257862 0)
(0.10058 -0.00258278 0)
(0.0991074 -0.00258878 0)
(0.0976148 -0.00259663 0)
(0.0961011 -0.00260627 0)
(0.0945656 -0.00261758 0)
(0.0930074 -0.00263039 0)
(0.0914256 -0.00264446 0)
(0.0898193 -0.00265951 0)
(0.0881877 -0.00267521 0)
(0.08653 -0.00269117 0)
(0.0848455 -0.00270695 0)
(0.0831335 -0.00272208 0)
(0.0813939 -0.00273604 0)
(0.0796264 -0.00274825 0)
(0.077831 -0.00275813 0)
(0.0760083 -0.00276506 0)
(0.074159 -0.00276838 0)
(0.0722841 -0.00276747 0)
(0.0703853 -0.00276168 0)
(0.0684646 -0.0027504 0)
(0.0665246 -0.00273307 0)
(0.0645683 -0.00270918 0)
(0.0625993 -0.00267829 0)
(0.0606218 -0.00264009 0)
(0.0586405 -0.00259437 0)
(0.0566606 -0.00254106 0)
(0.0546877 -0.00248023 0)
(0.0527279 -0.00241211 0)
(0.0507876 -0.00233708 0)
(0.0488732 -0.00225567 0)
(0.0469915 -0.00216853 0)
(0.0451489 -0.00207643 0)
(0.0433519 -0.00198023 0)
(0.0416066 -0.00188083 0)
(0.0399185 -0.00177914 0)
(0.0382927 -0.00167609 0)
(0.0367335 -0.00157255 0)
(0.0352447 -0.00146931 0)
(0.033829 -0.00136711 0)
(0.0324887 -0.00126655 0)
(0.0312249 -0.00116817 0)
(0.0300385 -0.00107237 0)
(0.0289291 -0.000979488 0)
(0.0278963 -0.000889751 0)
(0.0269389 -0.00080332 0)
(0.0260552 -0.000720292 0)
(0.0252433 -0.000640713 0)
(0.024501 -0.000564589 0)
(0.0238259 -0.000491893 0)
(0.0232153 -0.000422576 0)
(0.0226665 -0.000356571 0)
(0.0221768 -0.000293795 0)
(0.0217435 -0.000234159 0)
(0.0213637 -0.000177565 0)
(0.0210347 -0.000123912 0)
(0.0207539 -7.30953e-05 0)
(0.0205185 -2.50121e-05 0)
(0.0203261 2.04402e-05 0)
(0.0201742 6.33611e-05 0)
(0.0200603 0.000103846 0)
(0.0199822 0.000141986 0)
(0.0199377 0.000177867 0)
(0.0199245 0.000211568 0)
(0.0199406 0.000243163 0)
(0.0199841 0.000272721 0)
(0.0200531 0.000300305 0)
(0.0201458 0.000325975 0)
(0.0202603 0.000349786 0)
(0.0203952 0.000371789 0)
(0.0205488 0.000392033 0)
(0.0207195 0.000410566 0)
(0.0209059 0.000427435 0)
(0.0211066 0.000442685 0)
(0.0213203 0.000456363 0)
(0.0215457 0.000468514 0)
(0.0217816 0.000479186 0)
(0.0220268 0.000488428 0)
(0.0222802 0.00049629 0)
(0.0225409 0.000502822 0)
(0.0228078 0.000508078 0)
(0.0230799 0.000512111 0)
(0.0233564 0.000514979 0)
(0.0236364 0.000516738 0)
(0.0239191 0.000517447 0)
(0.0242039 0.000517164 0)
(0.02449 0.00051595 0)
(0.0247768 0.000513865 0)
(0.0250636 0.000510969 0)
(0.02535 0.000507324 0)
(0.0256354 0.000502988 0)
(0.0259193 0.000498022 0)
(0.0262013 0.000492482 0)
(0.0264811 0.000486428 0)
(0.0267583 0.000479913 0)
(0.0270325 0.000472992 0)
(0.0273035 0.000465717 0)
(0.027571 0.000458137 0)
(0.0278349 0.000450301 0)
(0.0280949 0.000442254 0)
(0.0283509 0.000434038 0)
(0.0286027 0.000425694 0)
(0.0288503 0.00041726 0)
(0.0290936 0.00040877 0)
(0.0293324 0.000400257 0)
(0.0295668 0.000391751 0)
(0.0297968 0.000383279 0)
(0.0300223 0.000374866 0)
(0.0302433 0.000366535 0)
(0.0304599 0.000358304 0)
(0.0306721 0.000350193 0)
(0.0308799 0.000342215 0)
(0.0310834 0.000334384 0)
(0.0312827 0.000326713 0)
(0.0314778 0.000319209 0)
(0.0316688 0.00031188 0)
(0.0318558 0.000304734 0)
(0.0320389 0.000297774 0)
(0.0322182 0.000291003 0)
(0.0323937 0.000284424 0)
(0.0325656 0.000278036 0)
(0.032734 0.00027184 0)
(0.0328989 0.000265835 0)
(0.0330604 0.000260018 0)
(0.0332187 0.000254387 0)
(0.0333739 0.000248938 0)
(0.033526 0.000243667 0)
(0.0336751 0.000238569 0)
(0.0338214 0.00023364 0)
(0.0339649 0.000228875 0)
(0.0341057 0.000224267 0)
(0.0342439 0.000219811 0)
(0.0343795 0.000215501 0)
(0.0345127 0.000211332 0)
(0.0346436 0.000207296 0)
(0.0347721 0.000203389 0)
(0.0348984 0.000199602 0)
(0.0350226 0.000195932 0)
(0.0351446 0.00019237 0)
(0.0352646 0.000188913 0)
(0.0353826 0.000185552 0)
(0.0354987 0.000182284 0)
(0.0356129 0.000179101 0)
(0.0357253 0.000175999 0)
(0.0358358 0.000172972 0)
(0.0359447 0.000170016 0)
(0.0360518 0.000167124 0)
(0.0361572 0.000164294 0)
(0.036261 0.000161519 0)
(0.0363632 0.000158795 0)
(0.0364638 0.000156119 0)
(0.0365628 0.000153487 0)
(0.0366603 0.000150895 0)
(0.0367563 0.00014834 0)
(0.0368508 0.000145819 0)
(0.0369437 0.000143329 0)
(0.0370352 0.000140867 0)
(0.0371253 0.000138432 0)
(0.0372139 0.000136021 0)
(0.037301 0.000133632 0)
(0.0373868 0.000131264 0)
(0.0374711 0.000128915 0)
(0.0375539 0.000126583 0)
(0.0376354 0.000124265 0)
(0.0377155 0.00012196 0)
(0.0377941 0.000119664 0)
(0.0378714 0.00011737 0)
(0.0379472 0.000115076 0)
(0.0380217 0.000112768 0)
(0.0380947 0.000110447 0)
(0.0381663 0.000108094 0)
(0.0382364 0.000105674 0)
(0.038305 0.000103419 0)
(0.0383718 0.000100493 0)
(0.0384373 9.95069e-05 0)
(0.0385002 9.52548e-05 0)
(0.0385591 9.55586e-05 0)
(0.0386296 0.000101917 0)
(0.0882287 -0.000800546 0)
(0.0875306 -0.000954163 0)
(0.0867139 -0.00108291 0)
(0.0857917 -0.00117917 0)
(0.0847815 -0.00124281 0)
(0.0837005 -0.00127851 0)
(0.082564 -0.00129278 0)
(0.0813852 -0.00129198 0)
(0.0801744 -0.00128134 0)
(0.0789403 -0.00126474 0)
(0.0776893 -0.00124485 0)
(0.0764265 -0.00122344 0)
(0.0751558 -0.0012017 0)
(0.0738801 -0.00118041 0)
(0.0726013 -0.00116008 0)
(0.071321 -0.00114109 0)
(0.0700399 -0.00112368 0)
(0.0687586 -0.00110803 0)
(0.0674771 -0.00109419 0)
(0.0661953 -0.00108221 0)
(0.0649127 -0.00107205 0)
(0.0636286 -0.00106364 0)
(0.0623424 -0.00105687 0)
(0.0610532 -0.0010516 0)
(0.0597601 -0.00104767 0)
(0.0584622 -0.0010449 0)
(0.0571586 -0.00104309 0)
(0.0558484 -0.00104204 0)
(0.0545308 -0.00104153 0)
(0.0532053 -0.00104132 0)
(0.0518713 -0.00104117 0)
(0.0505284 -0.00104083 0)
(0.0491764 -0.00104005 0)
(0.0478155 -0.00103857 0)
(0.0464459 -0.00103614 0)
(0.0450681 -0.0010325 0)
(0.043683 -0.00102741 0)
(0.0422919 -0.00102063 0)
(0.0408961 -0.00101195 0)
(0.0394975 -0.00100118 0)
(0.0380983 -0.000988164 0)
(0.0367009 -0.000972781 0)
(0.0353082 -0.000954954 0)
(0.0339232 -0.000934654 0)
(0.0325492 -0.0009119 0)
(0.0311899 -0.000886769 0)
(0.0298489 -0.000859386 0)
(0.02853 -0.000829926 0)
(0.0272371 -0.00079861 0)
(0.0259737 -0.000765691 0)
(0.0247437 -0.00073145 0)
(0.0235504 -0.000696181 0)
(0.022397 -0.00066018 0)
(0.0212863 -0.000623733 0)
(0.0202208 -0.000587108 0)
(0.0192026 -0.000550544 0)
(0.0182333 -0.00051425 0)
(0.0173144 -0.000478398 0)
(0.0164465 -0.000443133 0)
(0.0156301 -0.000408567 0)
(0.0148652 -0.000374796 0)
(0.0141517 -0.000341896 0)
(0.0134888 -0.000309935 0)
(0.0128757 -0.000278977 0)
(0.0123112 -0.00024908 0)
(0.011794 -0.000220297 0)
(0.0113226 -0.000192675 0)
(0.0108954 -0.00016625 0)
(0.0105108 -0.000141045 0)
(0.010167 -0.000117067 0)
(0.00986216 -9.4305e-05 0)
(0.00959457 -7.27332e-05 0)
(0.00936246 -5.23109e-05 0)
(0.0091641 -3.29865e-05 0)
(0.00899778 -1.47014e-05 0)
(0.00886188 2.60675e-06 0)
(0.0087548 1.9e-05 0)
(0.008675 3.45377e-05 0)
(0.00862102 4.92744e-05 0)
(0.00859144 6.32586e-05 0)
(0.00858491 7.65321e-05 0)
(0.00860013 8.91302e-05 0)
(0.00863586 0.000101082 0)
(0.00869089 0.00011241 0)
(0.00876408 0.000123133 0)
(0.00885433 0.000133266 0)
(0.00896056 0.000142818 0)
(0.00908175 0.000151798 0)
(0.0092169 0.000160213 0)
(0.00936506 0.000168067 0)
(0.00952529 0.000175364 0)
(0.00969668 0.000182107 0)
(0.00987835 0.000188301 0)
(0.0100695 0.000193948 0)
(0.0102692 0.000199053 0)
(0.0104767 0.000203623 0)
(0.0106912 0.000207662 0)
(0.0109121 0.000211179 0)
(0.0111384 0.000214183 0)
(0.0113696 0.000216685 0)
(0.0116049 0.000218697 0)
(0.0118437 0.000220231 0)
(0.0120854 0.000221304 0)
(0.0123294 0.000221931 0)
(0.0125751 0.000222131 0)
(0.0128219 0.000221922 0)
(0.0130693 0.000221325 0)
(0.0133169 0.00022036 0)
(0.0135641 0.000219051 0)
(0.0138106 0.000217418 0)
(0.0140559 0.000215485 0)
(0.0142997 0.000213276 0)
(0.0145417 0.000210813 0)
(0.0147814 0.000208121 0)
(0.0150187 0.000205222 0)
(0.0152533 0.00020214 0)
(0.0154848 0.000198896 0)
(0.0157132 0.000195513 0)
(0.0159383 0.000192011 0)
(0.0161598 0.000188411 0)
(0.0163777 0.000184732 0)
(0.0165918 0.000180992 0)
(0.0168021 0.000177208 0)
(0.0170085 0.000173397 0)
(0.0172108 0.000169574 0)
(0.0174092 0.000165753 0)
(0.0176036 0.000161946 0)
(0.0177938 0.000158166 0)
(0.0179801 0.000154422 0)
(0.0181624 0.000150724 0)
(0.0183407 0.00014708 0)
(0.018515 0.000143498 0)
(0.0186855 0.000139985 0)
(0.0188521 0.000136544 0)
(0.019015 0.000133182 0)
(0.0191742 0.000129901 0)
(0.0193298 0.000126705 0)
(0.0194818 0.000123595 0)
(0.0196305 0.000120574 0)
(0.0197757 0.000117641 0)
(0.0199177 0.000114798 0)
(0.0200565 0.000112044 0)
(0.0201922 0.000109379 0)
(0.0203249 0.000106801 0)
(0.0204547 0.000104309 0)
(0.0205817 0.000101902 0)
(0.0207059 9.95779e-05 0)
(0.0208275 9.7334e-05 0)
(0.0209465 9.51683e-05 0)
(0.0210631 9.30782e-05 0)
(0.0211773 9.10613e-05 0)
(0.0212891 8.91147e-05 0)
(0.0213987 8.72358e-05 0)
(0.0215061 8.54217e-05 0)
(0.0216115 8.36695e-05 0)
(0.0217148 8.19765e-05 0)
(0.0218161 8.03398e-05 0)
(0.0219156 7.87566e-05 0)
(0.0220132 7.72242e-05 0)
(0.022109 7.57398e-05 0)
(0.022203 7.43008e-05 0)
(0.0222954 7.29045e-05 0)
(0.0223862 7.15485e-05 0)
(0.0224753 7.02303e-05 0)
(0.022563 6.89475e-05 0)
(0.0226491 6.7698e-05 0)
(0.0227337 6.64794e-05 0)
(0.0228169 6.52898e-05 0)
(0.0228986 6.41271e-05 0)
(0.0229791 6.29895e-05 0)
(0.0230581 6.18752e-05 0)
(0.0231358 6.07826e-05 0)
(0.0232122 5.97101e-05 0)
(0.0232874 5.86564e-05 0)
(0.0233613 5.76199e-05 0)
(0.0234339 5.65997e-05 0)
(0.0235053 5.55946e-05 0)
(0.0235755 5.46036e-05 0)
(0.0236445 5.36258e-05 0)
(0.0237123 5.26605e-05 0)
(0.0237789 5.1707e-05 0)
(0.0238444 5.07646e-05 0)
(0.0239087 4.98326e-05 0)
(0.0239719 4.89103e-05 0)
(0.0240339 4.79968e-05 0)
(0.0240948 4.70909e-05 0)
(0.0241546 4.61912e-05 0)
(0.0242133 4.52959e-05 0)
(0.0242708 4.4402e-05 0)
(0.0243272 4.35069e-05 0)
(0.0243825 4.26096e-05 0)
(0.0244367 4.16935e-05 0)
(0.0244897 4.08239e-05 0)
(0.0245415 3.97927e-05 0)
(0.0245922 3.92821e-05 0)
(0.0246417 3.77129e-05 0)
(0.0246894 3.88051e-05 0)
(0.0247388 3.70906e-05 0)
(0.024777 3.78639e-05 0)
(0.024841 5.2571e-05 0)
(0.032739 -0.000232917 0)
(0.032143 -0.000255521 0)
(0.0314866 -0.000257511 0)
(0.0307963 -0.000242772 0)
(0.0300931 -0.000218326 0)
(0.0293904 -0.000191161 0)
(0.0286953 -0.000166198 0)
(0.028011 -0.000145831 0)
(0.0273386 -0.000130481 0)
(0.0266784 -0.000119457 0)
(0.0260304 -0.000111684 0)
(0.0253945 -0.000106149 0)
(0.0247702 -0.000102075 0)
(0.0241572 -9.89535e-05 0)
(0.0235549 -9.64765e-05 0)
(0.0229624 -9.44715e-05 0)
(0.0223789 -9.28391e-05 0)
(0.0218035 -9.15141e-05 0)
(0.0212352 -9.04446e-05 0)
(0.0206731 -8.95826e-05 0)
(0.0201162 -8.88816e-05 0)
(0.0195636 -8.82961e-05 0)
(0.0190146 -8.77831e-05 0)
(0.0184683 -8.73019e-05 0)
(0.0179243 -8.6815e-05 0)
(0.0173819 -8.6288e-05 0)
(0.0168407 -8.56895e-05 0)
(0.0163004 -8.49909e-05 0)
(0.0157608 -8.41668e-05 0)
(0.0152218 -8.3195e-05 0)
(0.0146834 -8.20568e-05 0)
(0.0141458 -8.07374e-05 0)
(0.0136093 -7.92265e-05 0)
(0.0130743 -7.75184e-05 0)
(0.0125412 -7.56125e-05 0)
(0.0120107 -7.35135e-05 0)
(0.0114836 -7.12314e-05 0)
(0.0109607 -6.87809e-05 0)
(0.010443 -6.61809e-05 0)
(0.00993138 -6.34536e-05 0)
(0.00942702 -6.06229e-05 0)
(0.00893103 -5.77128e-05 0)
(0.00844459 -5.47458e-05 0)
(0.00796886 -5.1741e-05 0)
(0.00750503 -4.87126e-05 0)
(0.00705423 -4.56692e-05 0)
(0.00661756 -4.26132e-05 0)
(0.00619605 -3.95418e-05 0)
(0.00579064 -3.64484e-05 0)
(0.00540216 -3.33253e-05 0)
(0.00503132 -3.01663e-05 0)
(0.0046787 -2.69702e-05 0)
(0.00434475 -2.37434e-05 0)
(0.00402977 -2.05011e-05 0)
(0.0037339 -1.72687e-05 0)
(0.00345715 -1.40797e-05 0)
(0.00319943 -1.09741e-05 0)
(0.00296048 -7.99438e-06 0)
(0.00273999 -5.18148e-06 0)
(0.00253753 -2.57083e-06 0)
(0.00235261 -1.88982e-07 0)
(0.0021847 1.94869e-06 0)
(0.0020332 3.83881e-06 0)
(0.0018975 5.48948e-06 0)
(0.00177698 6.91865e-06 0)
(0.00167099 8.15159e-06 0)
(0.00157887 9.218e-06 0)
(0.00149998 1.01492e-05 0)
(0.00143368 1.09754e-05 0)
(0.00137932 1.17243e-05 0)
(0.0013363 1.24191e-05 0)
(0.00130403 1.30784e-05 0)
(0.00128195 1.3716e-05 0)
(0.00126951 1.43412e-05 0)
(0.00126622 1.49597e-05 0)
(0.00127159 1.55741e-05 0)
(0.00128519 1.6185e-05 0)
(0.0013066 1.67914e-05 0)
(0.00133543 1.73916e-05 0)
(0.0013713 1.79836e-05 0)
(0.00141388 1.85651e-05 0)
(0.00146282 1.91341e-05 0)
(0.00151781 1.96885e-05 0)
(0.00157854 2.02266e-05 0)
(0.00164471 2.07466e-05 0)
(0.00171604 2.12468e-05 0)
(0.00179222 2.17255e-05 0)
(0.00187298 2.21808e-05 0)
(0.00195804 2.2611e-05 0)
(0.00204712 2.30141e-05 0)
(0.00213994 2.33881e-05 0)
(0.00223623 2.37311e-05 0)
(0.0023357 2.40411e-05 0)
(0.00243809 2.43163e-05 0)
(0.00254311 2.4555e-05 0)
(0.0026505 2.47557e-05 0)
(0.00275999 2.49171e-05 0)
(0.0028713 2.50381e-05 0)
(0.00298418 2.51182e-05 0)
(0.00309836 2.51569e-05 0)
(0.0032136 2.51542e-05 0)
(0.00332963 2.51103e-05 0)
(0.00344623 2.50258e-05 0)
(0.00356315 2.49017e-05 0)
(0.00368018 2.47391e-05 0)
(0.0037971 2.45395e-05 0)
(0.0039137 2.43048e-05 0)
(0.00402979 2.40367e-05 0)
(0.00414519 2.37375e-05 0)
(0.00425972 2.34094e-05 0)
(0.00437323 2.30548e-05 0)
(0.00448556 2.26763e-05 0)
(0.00459659 2.22764e-05 0)
(0.00470619 2.18576e-05 0)
(0.00481424 2.14226e-05 0)
(0.00492066 2.09738e-05 0)
(0.00502535 2.05138e-05 0)
(0.00512824 2.0045e-05 0)
(0.00522926 1.95697e-05 0)
(0.00532837 1.90902e-05 0)
(0.00542552 1.86084e-05 0)
(0.00552068 1.81264e-05 0)
(0.00561382 1.76459e-05 0)
(0.00570493 1.71688e-05 0)
(0.00579401 1.66963e-05 0)
(0.00588105 1.623e-05 0)
(0.00596606 1.57711e-05 0)
(0.00604905 1.53205e-05 0)
(0.00613006 1.48793e-05 0)
(0.00620909 1.44483e-05 0)
(0.00628619 1.4028e-05 0)
(0.00636138 1.3619e-05 0)
(0.00643469 1.32217e-05 0)
(0.00650618 1.28365e-05 0)
(0.00657588 1.24635e-05 0)
(0.00664384 1.21028e-05 0)
(0.0067101 1.17545e-05 0)
(0.00677471 1.14185e-05 0)
(0.00683771 1.10948e-05 0)
(0.00689915 1.07831e-05 0)
(0.00695909 1.04833e-05 0)
(0.00701756 1.0195e-05 0)
(0.00707463 9.91795e-06 0)
(0.00713032 9.65188e-06 0)
(0.0071847 9.3964e-06 0)
(0.0072378 9.15116e-06 0)
(0.00728967 8.91575e-06 0)
(0.00734036 8.68979e-06 0)
(0.0073899 8.47289e-06 0)
(0.00743833 8.26464e-06 0)
(0.0074857 8.06464e-06 0)
(0.00753204 7.87249e-06 0)
(0.00757739 7.68782e-06 0)
(0.00762179 7.51024e-06 0)
(0.00766525 7.33937e-06 0)
(0.00770783 7.17486e-06 0)
(0.00774955 7.01636e-06 0)
(0.00779043 6.86353e-06 0)
(0.0078305 6.71606e-06 0)
(0.0078698 6.57363e-06 0)
(0.00790834 6.43595e-06 0)
(0.00794614 6.30275e-06 0)
(0.00798324 6.17376e-06 0)
(0.00801964 6.04872e-06 0)
(0.00805537 5.92742e-06 0)
(0.00809045 5.80963e-06 0)
(0.00812489 5.69514e-06 0)
(0.0081587 5.58376e-06 0)
(0.00819191 5.47533e-06 0)
(0.00822452 5.36968e-06 0)
(0.00825656 5.26666e-06 0)
(0.00828802 5.16614e-06 0)
(0.00831893 5.068e-06 0)
(0.00834928 4.97213e-06 0)
(0.0083791 4.87845e-06 0)
(0.00840839 4.78686e-06 0)
(0.00843716 4.69731e-06 0)
(0.00846541 4.60971e-06 0)
(0.00849315 4.52403e-06 0)
(0.0085204 4.44019e-06 0)
(0.00854716 4.35815e-06 0)
(0.00857342 4.27782e-06 0)
(0.00859921 4.19913e-06 0)
(0.00862452 4.12194e-06 0)
(0.00864937 4.04609e-06 0)
(0.00867374 3.97134e-06 0)
(0.00869766 3.89741e-06 0)
(0.00872111 3.82386e-06 0)
(0.00874411 3.75061e-06 0)
(0.00876665 3.67626e-06 0)
(0.00878873 3.60503e-06 0)
(0.00881035 3.52535e-06 0)
(0.00883148 3.47937e-06 0)
(0.00885227 3.37352e-06 0)
(0.00887224 3.48168e-06 0)
(0.00889304 3.30172e-06 0)
(0.00891039 3.91399e-06 0)
(0.00893595 4.26324e-06 0)
(0.00894508 4.56609e-06 0)
(0.00898904 1.35798e-05 0)
)
;

boundaryField
{
    inlet
    {
        type            fixedProfile;
        profile         table
        
21
(
(0 (0 0 0))
(0.05 (0.0285 0 0))
(0.1 (0.054 0 0))
(0.15 (0.0765 0 0))
(0.2 (0.096 0 0))
(0.25 (0.1125 0 0))
(0.3 (0.126 0 0))
(0.35 (0.1365 0 0))
(0.4 (0.144 0 0))
(0.45 (0.1485 0 0))
(0.5 (0.15 0 0))
(0.55 (0.1485 0 0))
(0.6 (0.144 0 0))
(0.65 (0.1365 0 0))
(0.7 (0.126 0 0))
(0.75 (0.1125 0 0))
(0.8 (0.096 0 0))
(0.85 (0.0765 0 0))
(0.9 (0.054 0 0))
(0.95 (0.0285 0 0))
(1 (0 0 0))
)
;
        direction       (0 1 0);
        origin          1;
        value           nonuniform List<vector> 8((0.034875 0 0) (0.091125 0 0) (0.128625 0 0) (0.147375 0 0) (0.147375 0 0) (0.128625 0 0) (0.091125 0 0) (0.034875 0 0));
    }
    outlet
    {
        type            zeroGradient;
    }
    walls
    {
        type            noSlip;
    }
    symwall
    {
        type            empty;
    }
}


// ************************************************************************* //
