/*--------------------------------*- C++ -*----------------------------------*\
| =========                 |                                                 |
| \\      /  F ield         | OpenFOAM: The Open Source CFD Toolbox           |
|  \\    /   O peration     | Version:  4.1                                   |
|   \\  /    A nd           | Web:      www.OpenFOAM.org                      |
|    \\/     M anipulation  |                                                 |
\*---------------------------------------------------------------------------*/
FoamFile
{
    version     2.0;
    format      ascii;
    class       volVectorField;
    location    "445";
    object      U;
}
// * * * * * * * * * * * * * * * * * * * * * * * * * * * * * * * * * * * * * //

dimensions      [0 1 -1 0 0 0 0];

internalField   nonuniform List<vector> 
3264
(
(-2.6119e-06 -5.15104e-07 0)
(-0.000133038 3.05285e-05 0)
(-0.000389656 4.86333e-05 0)
(-0.000677037 5.09657e-05 0)
(-0.000979249 5.26901e-05 0)
(-0.00128572 5.20946e-05 0)
(-0.00159115 5.33991e-05 0)
(-0.00189695 5.4051e-05 0)
(-0.00219859 5.51707e-05 0)
(-0.00249687 5.58216e-05 0)
(-0.0027893 5.64175e-05 0)
(-0.00307621 5.67194e-05 0)
(-0.00335668 5.68971e-05 0)
(-0.00363099 5.69227e-05 0)
(-0.00389904 5.68826e-05 0)
(-0.00416121 5.68053e-05 0)
(-0.00441781 5.67491e-05 0)
(-0.00466936 5.67551e-05 0)
(-0.00491637 5.68711e-05 0)
(-0.00515945 5.7139e-05 0)
(-0.00539922 5.76001e-05 0)
(-0.00563628 5.82912e-05 0)
(-0.00587121 5.92438e-05 0)
(-0.00610451 6.04815e-05 0)
(-0.00633655 6.20172e-05 0)
(-0.00656757 6.38499e-05 0)
(-0.00679756 6.59613e-05 0)
(-0.00702627 6.83126e-05 0)
(-0.00725312 7.08412e-05 0)
(-0.0074772 7.34592e-05 0)
(-0.00769716 7.6052e-05 0)
(-0.00791128 7.84791e-05 0)
(-0.00811736 8.05771e-05 0)
(-0.0083128 8.2164e-05 0)
(-0.00849457 8.3046e-05 0)
(-0.00865928 8.30254e-05 0)
(-0.00880322 8.19103e-05 0)
(-0.00892244 7.95243e-05 0)
(-0.00901287 7.57161e-05 0)
(-0.00907035 7.0368e-05 0)
(-0.00909084 6.34033e-05 0)
(-0.00907042 5.47909e-05 0)
(-0.00900547 4.45489e-05 0)
(-0.00889277 3.27446e-05 0)
(-0.00872955 1.94938e-05 0)
(-0.0085136 4.95736e-06 0)
(-0.00824335 -1.06635e-05 0)
(-0.00791788 -2.71328e-05 0)
(-0.00753701 -4.41865e-05 0)
(-0.00710127 -6.15392e-05 0)
(-0.00661195 -7.8892e-05 0)
(-0.00607108 -9.59395e-05 0)
(-0.0054814 -0.000112377 0)
(-0.00484635 -0.000127909 0)
(-0.00416999 -0.000142252 0)
(-0.003457 -0.000155148 0)
(-0.00271257 -0.000166362 0)
(-0.00194235 -0.000175694 0)
(-0.00115235 -0.000182984 0)
(-0.0003489 -0.000188109 0)
(0.000461522 -0.000190997 0)
(0.00127233 -0.00019162 0)
(0.00207694 -0.00019 0)
(0.00286892 -0.00018621 0)
(0.00364203 -0.000180367 0)
(0.00439038 -0.000172634 0)
(0.00510849 -0.000163213 0)
(0.00579138 -0.000152339 0)
(0.00643468 -0.000140274 0)
(0.00703463 -0.000127297 0)
(0.00758819 -0.000113695 0)
(0.00809303 -9.97572e-05 0)
(0.00854755 -8.57612e-05 0)
(0.00895089 -7.19685e-05 0)
(0.00930288 -5.86155e-05 0)
(0.00960403 -4.59081e-05 0)
(0.00985543 -3.40173e-05 0)
(0.0100587 -2.30766e-05 0)
(0.0102161 -1.31813e-05 0)
(0.01033 -4.38909e-06 0)
(0.0104034 3.27731e-06 0)
(0.0104391 9.82675e-06 0)
(0.0104406 1.52951e-05 0)
(0.010411 1.97402e-05 0)
(0.0103538 2.32365e-05 0)
(0.0102721 2.587e-05 0)
(0.0101691 2.77335e-05 0)
(0.0100479 2.89219e-05 0)
(0.00991144 2.9529e-05 0)
(0.00976234 2.96445e-05 0)
(0.00960316 2.9352e-05 0)
(0.0094362 2.87273e-05 0)
(0.00926359 2.78381e-05 0)
(0.00908722 2.67434e-05 0)
(0.00890881 2.54937e-05 0)
(0.0087299 2.41315e-05 0)
(0.00855184 2.26921e-05 0)
(0.00837583 2.12043e-05 0)
(0.00820289 1.96913e-05 0)
(0.00803394 1.81715e-05 0)
(0.00786974 1.66595e-05 0)
(0.00771094 1.51668e-05 0)
(0.00755808 1.37026e-05 0)
(0.00741161 1.22742e-05 0)
(0.00727188 1.08877e-05 0)
(0.00713916 9.54832e-06 0)
(0.00701365 8.26069e-06 0)
(0.00689547 7.02891e-06 0)
(0.0067847 5.85668e-06 0)
(0.00668136 4.74723e-06 0)
(0.00658541 3.70323e-06 0)
(0.0064968 2.72669e-06 0)
(0.00641541 1.81882e-06 0)
(0.00634111 9.79941e-07 0)
(0.00627375 2.09387e-07 0)
(0.00621315 -4.94466e-07 0)
(0.00615912 -1.13418e-06 0)
(0.00611147 -1.71315e-06 0)
(0.00606999 -2.23548e-06 0)
(0.00603446 -2.70585e-06 0)
(0.00600468 -3.12927e-06 0)
(0.00598043 -3.51099e-06 0)
(0.0059615 -3.8563e-06 0)
(0.00594771 -4.17039e-06 0)
(0.00593886 -4.45827e-06 0)
(0.00593478 -4.72465e-06 0)
(0.00593528 -4.97395e-06 0)
(0.00594023 -5.21023e-06 0)
(0.00594947 -5.43724e-06 0)
(0.00596287 -5.65843e-06 0)
(0.00598033 -5.87697e-06 0)
(0.00600174 -6.09583e-06 0)
(0.00602702 -6.31776e-06 0)
(0.00605608 -6.54538e-06 0)
(0.00608886 -6.78119e-06 0)
(0.00612531 -7.02753e-06 0)
(0.0061654 -7.28663e-06 0)
(0.00620908 -7.56056e-06 0)
(0.00625632 -7.85119e-06 0)
(0.00630712 -8.16015e-06 0)
(0.00636144 -8.48875e-06 0)
(0.00641928 -8.83789e-06 0)
(0.0064806 -9.20801e-06 0)
(0.00654539 -9.59897e-06 0)
(0.0066136 -1.001e-05 0)
(0.0066852 -1.04395e-05 0)
(0.00676011 -1.08853e-05 0)
(0.00683826 -1.1344e-05 0)
(0.00691953 -1.18116e-05 0)
(0.0070038 -1.22831e-05 0)
(0.0070909 -1.27527e-05 0)
(0.00718063 -1.32135e-05 0)
(0.00727276 -1.36583e-05 0)
(0.00736701 -1.40791e-05 0)
(0.00746308 -1.44675e-05 0)
(0.00756062 -1.48149e-05 0)
(0.00765923 -1.51127e-05 0)
(0.00775849 -1.53526e-05 0)
(0.00785794 -1.55269e-05 0)
(0.00795708 -1.56283e-05 0)
(0.0080554 -1.5651e-05 0)
(0.00815236 -1.559e-05 0)
(0.00824742 -1.54419e-05 0)
(0.00834 -1.52046e-05 0)
(0.00842957 -1.48779e-05 0)
(0.00851557 -1.44628e-05 0)
(0.0085975 -1.39622e-05 0)
(0.00867486 -1.33802e-05 0)
(0.00874721 -1.27224e-05 0)
(0.00881414 -1.19954e-05 0)
(0.00887532 -1.12067e-05 0)
(0.00893046 -1.03645e-05 0)
(0.00897937 -9.47733e-06 0)
(0.0090219 -8.55407e-06 0)
(0.009058 -7.60352e-06 0)
(0.00908769 -6.63436e-06 0)
(0.00911105 -5.655e-06 0)
(0.00912827 -4.67351e-06 0)
(0.00913957 -3.69753e-06 0)
(0.00914525 -2.73421e-06 0)
(0.00914567 -1.79023e-06 0)
(0.00914122 -8.71661e-07 0)
(0.00913235 1.60186e-08 0)
(0.00911952 8.68027e-07 0)
(0.00910322 1.68038e-06 0)
(0.00908394 2.44999e-06 0)
(0.00906217 3.17498e-06 0)
(0.0090384 3.85454e-06 0)
(0.0090131 4.49027e-06 0)
(0.00898668 5.08431e-06 0)
(0.00895954 5.64553e-06 0)
(0.008932 6.1773e-06 0)
(0.00890438 6.70957e-06 0)
(0.00887665 7.2251e-06 0)
(0.00884939 7.83936e-06 0)
(0.00882113 8.39602e-06 0)
(0.00879533 9.23932e-06 0)
(0.008762 1.02743e-05 0)
(0.00874323 9.81877e-06 0)
(0.00869042 1.74862e-05 0)
(-8.34203e-05 0.000136232 0)
(-0.000583401 0.000379164 0)
(-0.00131262 0.000518481 0)
(-0.00208842 0.000562895 0)
(-0.00286985 0.000584298 0)
(-0.00364019 0.000586539 0)
(-0.00438624 0.000587126 0)
(-0.00511104 0.000581211 0)
(-0.00580756 0.000573228 0)
(-0.0064782 0.000562207 0)
(-0.0071205 0.000549988 0)
(-0.00773617 0.000536815 0)
(-0.00832517 0.000523478 0)
(-0.008889 0.000510285 0)
(-0.00942856 0.000497599 0)
(-0.00994524 0.000485631 0)
(-0.0104402 0.000474562 0)
(-0.0109146 0.000464511 0)
(-0.0113696 0.000455552 0)
(-0.0118061 0.00044771 0)
(-0.0122248 0.000440958 0)
(-0.0126262 0.000435205 0)
(-0.0130104 0.000430292 0)
(-0.0133774 0.000425984 0)
(-0.0137263 0.000421959 0)
(-0.0140563 0.000417811 0)
(-0.0143655 0.000413046 0)
(-0.014652 0.000407087 0)
(-0.0149129 0.000399284 0)
(-0.015145 0.000388931 0)
(-0.0153445 0.000375285 0)
(-0.0155071 0.000357591 0)
(-0.015628 0.000335114 0)
(-0.0157022 0.000307166 0)
(-0.0157245 0.00027314 0)
(-0.0156895 0.00023254 0)
(-0.0155919 0.000185005 0)
(-0.0154266 0.000130329 0)
(-0.0151886 6.84791e-05 0)
(-0.0148736 -3.99199e-07 0)
(-0.0144777 -7.59808e-05 0)
(-0.0139975 -0.000157766 0)
(-0.0134304 -0.00024509 0)
(-0.0127748 -0.00033714 0)
(-0.0120296 -0.000432975 0)
(-0.0111946 -0.000531544 0)
(-0.0102708 -0.000631708 0)
(-0.00925983 -0.000732267 0)
(-0.00816418 -0.000831979 0)
(-0.00698733 -0.000929583 0)
(-0.00573359 -0.00102382 0)
(-0.00440806 -0.00111346 0)
(-0.00301662 -0.00119731 0)
(-0.00156587 -0.00127425 0)
(-6.3046e-05 -0.00134322 0)
(0.00148401 -0.00140327 0)
(0.00306694 -0.00145357 0)
(0.00467698 -0.00149341 0)
(0.006305 -0.00152222 0)
(0.00794164 -0.00153959 0)
(0.00957738 -0.00154528 0)
(0.0112027 -0.00153919 0)
(0.0128081 -0.00152145 0)
(0.0143843 -0.00149232 0)
(0.0159223 -0.00145227 0)
(0.0174135 -0.00140193 0)
(0.01885 -0.00134207 0)
(0.0202241 -0.00127363 0)
(0.0215292 -0.00119766 0)
(0.0227593 -0.0011153 0)
(0.0239092 -0.00102776 0)
(0.0249746 -0.000936324 0)
(0.0259523 -0.000842252 0)
(0.0268398 -0.000746811 0)
(0.0276354 -0.000651218 0)
(0.0283388 -0.000556623 0)
(0.0289499 -0.000464085 0)
(0.0294699 -0.000374557 0)
(0.0299007 -0.000288865 0)
(0.0302445 -0.000207708 0)
(0.0305045 -0.000131647 0)
(0.0306843 -6.1107e-05 0)
(0.0307879 3.61701e-06 0)
(0.0308198 6.23552e-05 0)
(0.0307845 0.000115051 0)
(0.0306869 0.000161748 0)
(0.0305321 0.000202577 0)
(0.0303251 0.000237742 0)
(0.0300711 0.000267501 0)
(0.029775 0.000292158 0)
(0.0294417 0.000312047 0)
(0.0290762 0.00032752 0)
(0.0286829 0.000338938 0)
(0.0282665 0.000346662 0)
(0.0278311 0.000351048 0)
(0.0273807 0.000352438 0)
(0.0269191 0.000351161 0)
(0.0264499 0.000347527 0)
(0.0259764 0.000341829 0)
(0.0255016 0.000334338 0)
(0.0250284 0.000325306 0)
(0.0245593 0.000314967 0)
(0.0240967 0.000303535 0)
(0.0236427 0.000291206 0)
(0.0231992 0.000278158 0)
(0.022768 0.000264554 0)
(0.0223504 0.00025054 0)
(0.0219478 0.000236245 0)
(0.0215613 0.000221787 0)
(0.0211919 0.000207269 0)
(0.0208402 0.000192778 0)
(0.0205069 0.000178392 0)
(0.0201925 0.000164178 0)
(0.0198972 0.000150189 0)
(0.0196213 0.000136473 0)
(0.0193648 0.000123067 0)
(0.0191277 0.000110001 0)
(0.01891 9.72966e-05 0)
(0.0187113 8.49715e-05 0)
(0.0185316 7.30356e-05 0)
(0.0183703 6.14937e-05 0)
(0.0182273 5.03451e-05 0)
(0.018102 3.95844e-05 0)
(0.0179941 2.92013e-05 0)
(0.0179032 1.9182e-05 0)
(0.0178287 9.50898e-06 0)
(0.0177703 1.61879e-07 0)
(0.0177275 -8.8818e-06 0)
(0.0176998 -1.76462e-05 0)
(0.0176869 -2.61564e-05 0)
(0.0176883 -3.44379e-05 0)
(0.0177036 -4.25161e-05 0)
(0.0177325 -5.04159e-05 0)
(0.0177746 -5.81609e-05 0)
(0.0178295 -6.57732e-05 0)
(0.0178971 -7.32729e-05 0)
(0.0179769 -8.06774e-05 0)
(0.0180687 -8.80014e-05 0)
(0.0181722 -9.52559e-05 0)
(0.0182872 -0.000102448 0)
(0.0184134 -0.000109579 0)
(0.0185506 -0.000116648 0)
(0.0186984 -0.000123645 0)
(0.0188567 -0.000130556 0)
(0.0190251 -0.000137359 0)
(0.0192033 -0.000144028 0)
(0.0193909 -0.000150527 0)
(0.0195875 -0.000156815 0)
(0.0197927 -0.000162841 0)
(0.020006 -0.000168553 0)
(0.0202268 -0.000173887 0)
(0.0204545 -0.000178778 0)
(0.0206882 -0.000183157 0)
(0.0209274 -0.000186949 0)
(0.0211711 -0.00019008 0)
(0.0214183 -0.000192475 0)
(0.0216681 -0.000194064 0)
(0.0219194 -0.000194778 0)
(0.022171 -0.000194555 0)
(0.0224217 -0.000193341 0)
(0.0226702 -0.000191092 0)
(0.0229153 -0.000187779 0)
(0.0231555 -0.000183382 0)
(0.0233895 -0.000177902 0)
(0.023616 -0.000171352 0)
(0.0238337 -0.000163766 0)
(0.0240412 -0.000155196 0)
(0.0242374 -0.000145711 0)
(0.024421 -0.0001354 0)
(0.0245911 -0.000124367 0)
(0.0247466 -0.000112731 0)
(0.0248869 -0.000100625 0)
(0.0250113 -8.81921e-05 0)
(0.0251193 -7.55826e-05 0)
(0.0252108 -6.29498e-05 0)
(0.0252856 -5.04474e-05 0)
(0.0253438 -3.82251e-05 0)
(0.025386 -2.64254e-05 0)
(0.0254125 -1.51803e-05 0)
(0.0254242 -4.60786e-06 0)
(0.025422 5.18936e-06 0)
(0.0254069 1.41268e-05 0)
(0.0253803 2.21387e-05 0)
(0.0253433 2.9179e-05 0)
(0.0252975 3.52216e-05 0)
(0.0252443 4.02599e-05 0)
(0.0251853 4.43073e-05 0)
(0.0251219 4.73962e-05 0)
(0.0250555 4.95802e-05 0)
(0.0249876 5.09296e-05 0)
(0.0249194 5.15479e-05 0)
(0.0248521 5.15379e-05 0)
(0.0247866 5.10971e-05 0)
(0.0247237 5.02931e-05 0)
(0.0246639 4.96715e-05 0)
(0.0246072 4.87102e-05 0)
(0.0245549 4.94993e-05 0)
(0.0245014 4.95832e-05 0)
(0.0244612 4.99117e-05 0)
(0.0243913 6.50733e-05 0)
(-0.000179104 0.000645558 0)
(-0.00104439 0.00125521 0)
(-0.00217076 0.00153483 0)
(-0.0033101 0.00157714 0)
(-0.00440112 0.00157349 0)
(-0.00543329 0.00153167 0)
(-0.00639102 0.00148984 0)
(-0.00728546 0.00143959 0)
(-0.00811332 0.00138885 0)
(-0.00888284 0.00133602 0)
(-0.00959546 0.00128372 0)
(-0.0102564 0.00123219 0)
(-0.0108683 0.00118237 0)
(-0.0114345 0.00113452 0)
(-0.0119573 0.00108894 0)
(-0.0124391 0.0010457 0)
(-0.0128816 0.00100479 0)
(-0.0132861 0.000966113 0)
(-0.0136538 0.000929459 0)
(-0.0139851 0.000894532 0)
(-0.0142804 0.00086093 0)
(-0.0145394 0.000828139 0)
(-0.0147613 0.000795528 0)
(-0.0149451 0.000762346 0)
(-0.0150892 0.000727728 0)
(-0.0151915 0.0006907 0)
(-0.0152494 0.000650199 0)
(-0.0152601 0.000605097 0)
(-0.0152202 0.000554232 0)
(-0.0151261 0.000496445 0)
(-0.0149738 0.000430619 0)
(-0.0147592 0.000355724 0)
(-0.0144783 0.000270861 0)
(-0.0141269 0.000175296 0)
(-0.013701 6.84994e-05 0)
(-0.0131968 -4.98262e-05 0)
(-0.0126108 -0.000179728 0)
(-0.01194 -0.000320992 0)
(-0.0111819 -0.000473136 0)
(-0.0103344 -0.00063542 0)
(-0.00939607 -0.000806858 0)
(-0.00836629 -0.000986233 0)
(-0.00724498 -0.00117212 0)
(-0.00603281 -0.00136293 0)
(-0.0047312 -0.00155691 0)
(-0.0033423 -0.00175219 0)
(-0.00186899 -0.0019468 0)
(-0.000314893 -0.00213874 0)
(0.00131567 -0.00232596 0)
(0.00301766 -0.00250639 0)
(0.00478539 -0.00267803 0)
(0.00661253 -0.00283889 0)
(0.00849214 -0.0029871 0)
(0.0104167 -0.00312086 0)
(0.0123784 -0.00323853 0)
(0.0143685 -0.00333861 0)
(0.0163785 -0.00341979 0)
(0.0183991 -0.00348098 0)
(0.0204211 -0.00352129 0)
(0.022435 -0.00354009 0)
(0.0244312 -0.00353704 0)
(0.0264004 -0.00351205 0)
(0.0283334 -0.00346533 0)
(0.030221 -0.00339739 0)
(0.0320548 -0.00330902 0)
(0.0338266 -0.0032013 0)
(0.0355289 -0.00307557 0)
(0.0371547 -0.00293339 0)
(0.0386979 -0.00277656 0)
(0.0401531 -0.00260702 0)
(0.0415158 -0.00242685 0)
(0.0427822 -0.0022382 0)
(0.0439495 -0.00204325 0)
(0.0450156 -0.0018442 0)
(0.0459795 -0.00164316 0)
(0.0468406 -0.00144216 0)
(0.0475993 -0.00124313 0)
(0.0482567 -0.0010478 0)
(0.0488143 -0.000857762 0)
(0.0492744 -0.000674396 0)
(0.0496395 -0.000498891 0)
(0.0499129 -0.000332234 0)
(0.0500979 -0.000175212 0)
(0.0501984 -2.84216e-05 0)
(0.0502183 0.00010772 0)
(0.0501618 0.000232961 0)
(0.0500334 0.000347199 0)
(0.0498374 0.000450465 0)
(0.0495784 0.000542902 0)
(0.049261 0.000624749 0)
(0.0488898 0.000696327 0)
(0.0484693 0.000758017 0)
(0.0480041 0.00081025 0)
(0.0474985 0.000853493 0)
(0.0469571 0.000888237 0)
(0.0463841 0.000914988 0)
(0.0457837 0.000934257 0)
(0.0451601 0.000946557 0)
(0.0445173 0.000952398 0)
(0.0438591 0.000952279 0)
(0.0431892 0.000946689 0)
(0.0425114 0.000936108 0)
(0.0418291 0.000920998 0)
(0.0411456 0.00090181 0)
(0.0404642 0.000878979 0)
(0.0397879 0.000852924 0)
(0.0391196 0.00082405 0)
(0.0384619 0.000792746 0)
(0.0378176 0.00075938 0)
(0.0371887 0.000724306 0)
(0.0365777 0.000687856 0)
(0.0359864 0.000650343 0)
(0.0354165 0.000612056 0)
(0.0348697 0.000573263 0)
(0.0343473 0.000534208 0)
(0.0338504 0.000495109 0)
(0.03338 0.000456162 0)
(0.0329369 0.000417535 0)
(0.0325217 0.000379375 0)
(0.0321347 0.000341804 0)
(0.0317762 0.000304921 0)
(0.0314463 0.000268806 0)
(0.031145 0.000233516 0)
(0.0308721 0.000199092 0)
(0.0306273 0.000165558 0)
(0.0304104 0.000132924 0)
(0.0302208 0.000101187 0)
(0.0300581 7.03324e-05 0)
(0.0299218 4.03385e-05 0)
(0.0298113 1.1175e-05 0)
(0.029726 -1.71934e-05 0)
(0.0296653 -4.48062e-05 0)
(0.0296286 -7.17049e-05 0)
(0.0296152 -9.79317e-05 0)
(0.0296246 -0.000123528 0)
(0.029656 -0.000148534 0)
(0.0297089 -0.000172983 0)
(0.0297827 -0.000196908 0)
(0.0298767 -0.000220329 0)
(0.0299904 -0.000243264 0)
(0.030123 -0.000265716 0)
(0.0302741 -0.00028768 0)
(0.0304429 -0.000309138 0)
(0.0306289 -0.000330059 0)
(0.0308314 -0.000350397 0)
(0.0310497 -0.000370091 0)
(0.0312831 -0.000389067 0)
(0.0315308 -0.000407234 0)
(0.031792 -0.000424486 0)
(0.0320659 -0.000440705 0)
(0.0323516 -0.00045576 0)
(0.0326479 -0.000469506 0)
(0.0329541 -0.000481794 0)
(0.0332687 -0.000492464 0)
(0.0335908 -0.000501355 0)
(0.033919 -0.000508305 0)
(0.0342519 -0.000513156 0)
(0.0345882 -0.000515754 0)
(0.0349263 -0.000515961 0)
(0.0352646 -0.00051365 0)
(0.0356016 -0.000508717 0)
(0.0359356 -0.000501078 0)
(0.0362648 -0.000490682 0)
(0.0365875 -0.000477505 0)
(0.0369021 -0.000461561 0)
(0.0372066 -0.000442901 0)
(0.0374995 -0.000421618 0)
(0.0377791 -0.000397846 0)
(0.0380437 -0.000371764 0)
(0.0382919 -0.000343591 0)
(0.0385222 -0.000313589 0)
(0.0387334 -0.000282061 0)
(0.0389244 -0.000249343 0)
(0.0390943 -0.000215802 0)
(0.0392424 -0.000181827 0)
(0.0393681 -0.000147828 0)
(0.0394712 -0.000114218 0)
(0.0395519 -8.14122e-05 0)
(0.0396102 -4.98137e-05 0)
(0.0396469 -1.98051e-05 0)
(0.0396627 8.2609e-06 0)
(0.0396588 3.40706e-05 0)
(0.0396365 5.73569e-05 0)
(0.0395973 7.7906e-05 0)
(0.0395431 9.55622e-05 0)
(0.0394758 0.000110231 0)
(0.0393975 0.000121883 0)
(0.0393102 0.000130552 0)
(0.0392162 0.000136335 0)
(0.0391176 0.000139395 0)
(0.0390166 0.000139961 0)
(0.038915 0.000138318 0)
(0.0388148 0.000134852 0)
(0.0387175 0.000129938 0)
(0.0386244 0.000124321 0)
(0.0385366 0.000117985 0)
(0.0384544 0.000113448 0)
(0.0383777 0.000108151 0)
(0.0383109 0.000105608 0)
(0.0382263 0.000120609 0)
(-0.000306014 0.0012627 0)
(-0.00151846 0.00231733 0)
(-0.00287415 0.00272664 0)
(-0.0041431 0.00273798 0)
(-0.00524395 0.00266761 0)
(-0.00622588 0.00254025 0)
(-0.00707496 0.00241347 0)
(-0.00782472 0.00228086 0)
(-0.00847656 0.00215343 0)
(-0.00904705 0.00202977 0)
(-0.00954125 0.00191223 0)
(-0.00996787 0.00180043 0)
(-0.0103315 0.00169452 0)
(-0.0106369 0.00159407 0)
(-0.0108875 0.00149868 0)
(-0.0110858 0.0014078 0)
(-0.0112337 0.00132087 0)
(-0.0113326 0.00123724 0)
(-0.0113831 0.00115623 0)
(-0.0113855 0.00107705 0)
(-0.0113395 0.000998867 0)
(-0.0112444 0.000920719 0)
(-0.0110992 0.000841563 0)
(-0.0109022 0.000760255 0)
(-0.0106519 0.000675562 0)
(-0.0103459 0.000586181 0)
(-0.00998208 0.000490758 0)
(-0.00955779 0.000387927 0)
(-0.00907036 0.000276342 0)
(-0.00851705 0.00015472 0)
(-0.00789507 2.18904e-05 0)
(-0.00720173 -0.000123166 0)
(-0.00643444 -0.000281272 0)
(-0.00559083 -0.000453012 0)
(-0.00466878 -0.000638708 0)
(-0.00366648 -0.000838389 0)
(-0.00258252 -0.00105178 0)
(-0.00141589 -0.00127829 0)
(-0.000166057 -0.00151704 0)
(0.00116703 -0.00176681 0)
(0.00258288 -0.00202613 0)
(0.00408048 -0.00229327 0)
(0.00565822 -0.00256626 0)
(0.00731395 -0.00284292 0)
(0.0090449 -0.00312091 0)
(0.0108477 -0.00339776 0)
(0.0127185 -0.00367086 0)
(0.0146527 -0.00393758 0)
(0.0166451 -0.00419521 0)
(0.0186902 -0.00444106 0)
(0.0207815 -0.00467246 0)
(0.0229125 -0.00488682 0)
(0.0250756 -0.00508165 0)
(0.0272633 -0.00525458 0)
(0.0294672 -0.00540344 0)
(0.031679 -0.00552624 0)
(0.0338896 -0.00562127 0)
(0.0360902 -0.00568706 0)
(0.0382715 -0.00572249 0)
(0.0404244 -0.00572677 0)
(0.0425396 -0.00569947 0)
(0.0446084 -0.00564057 0)
(0.0466219 -0.00555047 0)
(0.0485721 -0.00542995 0)
(0.0504511 -0.00528024 0)
(0.0522519 -0.00510295 0)
(0.0539682 -0.00490004 0)
(0.0555943 -0.00467383 0)
(0.0571255 -0.00442692 0)
(0.058558 -0.00416212 0)
(0.0598889 -0.00388241 0)
(0.061116 -0.00359088 0)
(0.0622383 -0.00329064 0)
(0.0632554 -0.00298476 0)
(0.0641676 -0.00267623 0)
(0.0649762 -0.00236786 0)
(0.0656827 -0.00206231 0)
(0.0662895 -0.00176197 0)
(0.0667993 -0.00146899 0)
(0.0672152 -0.00118526 0)
(0.0675404 -0.000912366 0)
(0.0677785 -0.000651639 0)
(0.0679332 -0.000404131 0)
(0.0680084 -0.000170642 0)
(0.0680078 4.82602e-05 0)
(0.0679353 0.000252222 0)
(0.0677948 0.000441078 0)
(0.0675901 0.000614826 0)
(0.0673248 0.000773603 0)
(0.0670026 0.000917661 0)
(0.0666272 0.00104735 0)
(0.066202 0.00116307 0)
(0.0657304 0.00126532 0)
(0.0652159 0.00135459 0)
(0.0646616 0.00143143 0)
(0.0640709 0.00149639 0)
(0.0634469 0.00155002 0)
(0.0627927 0.00159287 0)
(0.0621114 0.0016255 0)
(0.0614061 0.00164845 0)
(0.0606798 0.00166224 0)
(0.0599355 0.0016674 0)
(0.0591763 0.00166443 0)
(0.058405 0.00165383 0)
(0.0576247 0.00163609 0)
(0.0568383 0.0016117 0)
(0.0560488 0.00158114 0)
(0.0552591 0.00154489 0)
(0.0544721 0.00150342 0)
(0.0536907 0.00145722 0)
(0.0529176 0.00140675 0)
(0.0521555 0.00135249 0)
(0.0514072 0.00129491 0)
(0.0506751 0.00123448 0)
(0.0499617 0.00117164 0)
(0.0492692 0.00110685 0)
(0.0485998 0.00104053 0)
(0.0479555 0.000973079 0)
(0.0473381 0.000904889 0)
(0.046749 0.000836312 0)
(0.0461898 0.000767675 0)
(0.0456615 0.000699269 0)
(0.0451652 0.000631355 0)
(0.0447017 0.000564155 0)
(0.0442716 0.000497861 0)
(0.0438752 0.000432628 0)
(0.0435127 0.000368581 0)
(0.0431843 0.000305815 0)
(0.0428899 0.0002444 0)
(0.0426292 0.000184379 0)
(0.0424018 0.000125778 0)
(0.0422075 6.86042e-05 0)
(0.0420455 1.28511e-05 0)
(0.0419153 -4.14972e-05 0)
(0.0418163 -9.44636e-05 0)
(0.0417477 -0.000146075 0)
(0.0417086 -0.000196358 0)
(0.0416984 -0.000245337 0)
(0.0417162 -0.000293032 0)
(0.041761 -0.000339454 0)
(0.041832 -0.000384602 0)
(0.0419283 -0.000428464 0)
(0.0420488 -0.00047101 0)
(0.0421927 -0.000512197 0)
(0.042359 -0.000551958 0)
(0.0425465 -0.000590211 0)
(0.0427543 -0.000626851 0)
(0.0429812 -0.000661751 0)
(0.0432261 -0.000694767 0)
(0.0434879 -0.000725732 0)
(0.0437653 -0.000754464 0)
(0.0440571 -0.000780763 0)
(0.0443619 -0.000804416 0)
(0.0446784 -0.000825201 0)
(0.0450051 -0.000842889 0)
(0.0453406 -0.00085725 0)
(0.0456833 -0.000868057 0)
(0.0460317 -0.00087509 0)
(0.0463841 -0.000878144 0)
(0.0467388 -0.000877034 0)
(0.0470942 -0.000871598 0)
(0.0474484 -0.000861707 0)
(0.0477996 -0.000847269 0)
(0.0481461 -0.000828234 0)
(0.0484861 -0.0008046 0)
(0.0488178 -0.000776417 0)
(0.0491394 -0.000743792 0)
(0.049449 -0.000706892 0)
(0.0497452 -0.000665947 0)
(0.0500261 -0.000621249 0)
(0.0502903 -0.000573156 0)
(0.0505363 -0.000522086 0)
(0.0507629 -0.000468517 0)
(0.0509687 -0.000412982 0)
(0.0511528 -0.000356064 0)
(0.0513144 -0.000298384 0)
(0.0514528 -0.000240594 0)
(0.0515677 -0.000183366 0)
(0.0516588 -0.00012738 0)
(0.0517262 -7.33068e-05 0)
(0.0517703 -2.17952e-05 0)
(0.0517916 2.65423e-05 0)
(0.0517911 7.1146e-05 0)
(0.0517699 0.000111523 0)
(0.0517295 0.000147259 0)
(0.0516714 0.000178033 0)
(0.0515975 0.000203625 0)
(0.0515098 0.000223924 0)
(0.0514106 0.000238934 0)
(0.0513022 0.000248778 0)
(0.0511868 0.0002537 0)
(0.0510668 0.00025407 0)
(0.0509445 0.000250384 0)
(0.0508221 0.00024327 0)
(0.0507015 0.000233549 0)
(0.0505845 0.000221969 0)
(0.0504725 0.000210546 0)
(0.0503669 0.000198303 0)
(0.0502688 0.000190519 0)
(0.0501623 0.000196937 0)
(-0.000405449 0.00247215 0)
(-0.00172039 0.00380011 0)
(-0.0029892 0.00414584 0)
(-0.00405229 0.00389535 0)
(-0.00482856 0.00362335 0)
(-0.0054288 0.00332214 0)
(-0.0058497 0.00305962 0)
(-0.00615062 0.00281465 0)
(-0.00634049 0.00259229 0)
(-0.00644511 0.00238626 0)
(-0.00647254 0.00219537 0)
(-0.00643425 0.00201711 0)
(-0.00633549 0.0018498 0)
(-0.00618163 0.00169178 0)
(-0.00597563 0.0015416 0)
(-0.00571994 0.0013979 0)
(-0.0054159 0.00125941 0)
(-0.00506429 0.00112492 0)
(-0.00466529 0.000993216 0)
(-0.0042186 0.000863083 0)
(-0.00372353 0.000733279 0)
(-0.00317903 0.000602518 0)
(-0.00258377 0.00046946 0)
(-0.00193618 0.000332717 0)
(-0.00123449 0.000190857 0)
(-0.000476824 4.24235e-05 0)
(0.0003388 -0.00011404 0)
(0.00121438 -0.000279957 0)
(0.00215191 -0.000456682 0)
(0.00315328 -0.000645459 0)
(0.00422028 -0.000847378 0)
(0.00535451 -0.00106333 0)
(0.00655738 -0.00129398 0)
(0.00783001 -0.0015397 0)
(0.00917324 -0.00180059 0)
(0.0105876 -0.00207641 0)
(0.0120732 -0.00236659 0)
(0.0136299 -0.00267024 0)
(0.0152569 -0.00298612 0)
(0.0169532 -0.00331265 0)
(0.0187174 -0.00364799 0)
(0.0205473 -0.00398997 0)
(0.0224406 -0.0043362 0)
(0.0243942 -0.00468403 0)
(0.0264047 -0.00503064 0)
(0.0284681 -0.00537303 0)
(0.0305797 -0.00570809 0)
(0.0327346 -0.0060326 0)
(0.0349271 -0.00634329 0)
(0.037151 -0.00663691 0)
(0.0393998 -0.00691019 0)
(0.0416662 -0.00715996 0)
(0.0439427 -0.00738316 0)
(0.0462211 -0.0075769 0)
(0.0484931 -0.0077385 0)
(0.0507501 -0.00786555 0)
(0.052983 -0.00795594 0)
(0.0551831 -0.00800792 0)
(0.0573411 -0.00802017 0)
(0.0594483 -0.00799181 0)
(0.061496 -0.00792245 0)
(0.063476 -0.00781222 0)
(0.0653806 -0.00766181 0)
(0.0672026 -0.00747244 0)
(0.0689356 -0.0072459 0)
(0.0705742 -0.00698446 0)
(0.0721139 -0.00669091 0)
(0.073551 -0.00636842 0)
(0.0748831 -0.00602054 0)
(0.0761086 -0.00565107 0)
(0.0772269 -0.00526399 0)
(0.0782385 -0.00486336 0)
(0.0791447 -0.00445325 0)
(0.0799474 -0.00403762 0)
(0.0806492 -0.00362025 0)
(0.0812535 -0.00320471 0)
(0.0817637 -0.00279425 0)
(0.0821839 -0.00239181 0)
(0.0825181 -0.00199996 0)
(0.0827705 -0.00162092 0)
(0.0829456 -0.00125651 0)
(0.0830474 -0.000908228 0)
(0.0830801 -0.000577218 0)
(0.0830478 -0.000264309 0)
(0.0829544 2.99501e-05 0)
(0.0828034 0.000305263 0)
(0.0825983 0.000561554 0)
(0.0823425 0.000798929 0)
(0.082039 0.00101765 0)
(0.0816908 0.0012181 0)
(0.0813005 0.00140076 0)
(0.0808708 0.00156618 0)
(0.0804039 0.00171495 0)
(0.0799023 0.00184772 0)
(0.0793681 0.00196512 0)
(0.0788033 0.00206779 0)
(0.07821 0.00215638 0)
(0.07759 0.00223151 0)
(0.0769452 0.00229378 0)
(0.0762776 0.00234376 0)
(0.0755889 0.00238202 0)
(0.0748809 0.00240908 0)
(0.0741556 0.00242545 0)
(0.0734148 0.0024316 0)
(0.0726603 0.00242802 0)
(0.0718943 0.00241515 0)
(0.0711186 0.00239344 0)
(0.0703353 0.00236334 0)
(0.0695466 0.00232528 0)
(0.0687547 0.00227972 0)
(0.0679617 0.00222709 0)
(0.06717 0.00216786 0)
(0.066382 0.0021025 0)
(0.0655999 0.00203149 0)
(0.0648263 0.00195533 0)
(0.0640634 0.00187451 0)
(0.0633136 0.00178955 0)
(0.0625794 0.00170096 0)
(0.061863 0.00160927 0)
(0.0611665 0.00151497 0)
(0.0604922 0.00141858 0)
(0.0598421 0.00132058 0)
(0.0592179 0.00122143 0)
(0.0586214 0.0011216 0)
(0.0580542 0.00102148 0)
(0.0575176 0.000921472 0)
(0.0570128 0.000821912 0)
(0.0565407 0.000723114 0)
(0.0561023 0.000625354 0)
(0.0556979 0.000528868 0)
(0.0553282 0.000433857 0)
(0.0549933 0.000340489 0)
(0.0546933 0.000248902 0)
(0.0544281 0.000159206 0)
(0.0541975 7.14885e-05 0)
(0.054001 -1.41812e-05 0)
(0.0538383 -9.77484e-05 0)
(0.0537086 -0.000179168 0)
(0.0536112 -0.000258398 0)
(0.0535454 -0.000335399 0)
(0.0535103 -0.000410126 0)
(0.0535049 -0.000482527 0)
(0.0535282 -0.000552538 0)
(0.053579 -0.000620081 0)
(0.0536563 -0.000685058 0)
(0.0537589 -0.000747355 0)
(0.0538855 -0.000806835 0)
(0.0540348 -0.00086334 0)
(0.0542055 -0.000916688 0)
(0.0543962 -0.000966679 0)
(0.0546056 -0.00101309 0)
(0.0548321 -0.00105568 0)
(0.0550743 -0.0010942 0)
(0.0553307 -0.00112838 0)
(0.0555997 -0.00115795 0)
(0.0558796 -0.00118263 0)
(0.0561689 -0.00120215 0)
(0.056466 -0.00121626 0)
(0.056769 -0.0012247 0)
(0.0570764 -0.00122726 0)
(0.0573865 -0.00122374 0)
(0.0576974 -0.00121399 0)
(0.0580075 -0.0011979 0)
(0.0583151 -0.0011754 0)
(0.0586185 -0.00114648 0)
(0.0589159 -0.00111122 0)
(0.0592058 -0.00106972 0)
(0.0594865 -0.0010222 0)
(0.0597564 -0.000968918 0)
(0.0600142 -0.000910229 0)
(0.0602583 -0.000846563 0)
(0.0604874 -0.000778427 0)
(0.0607003 -0.000706405 0)
(0.0608958 -0.000631151 0)
(0.061073 -0.000553388 0)
(0.061231 -0.000473895 0)
(0.0613691 -0.000393501 0)
(0.0614866 -0.000313074 0)
(0.0615833 -0.000233501 0)
(0.0616589 -0.000155683 0)
(0.0617133 -8.05093e-05 0)
(0.0617469 -8.84508e-06 0)
(0.0617599 5.84887e-05 0)
(0.061753 0.000120734 0)
(0.0617271 0.000177213 0)
(0.0616832 0.000227349 0)
(0.0616225 0.000270679 0)
(0.0615466 0.000306871 0)
(0.0614569 0.000335735 0)
(0.0613555 0.000357235 0)
(0.0612441 0.000371501 0)
(0.0611247 0.000378827 0)
(0.0609995 0.000379693 0)
(0.0608706 0.000374756 0)
(0.06074 0.000364896 0)
(0.0606097 0.000351161 0)
(0.0604816 0.000335211 0)
(0.0603578 0.00031742 0)
(0.0602388 0.000304245 0)
(0.0601194 0.000295772 0)
(-0.000694249 0.00309595 0)
(-0.00209276 0.00472525 0)
(-0.00255397 0.00495478 0)
(-0.00278933 0.00450783 0)
(-0.00262009 0.0040355 0)
(-0.00236558 0.00356873 0)
(-0.00196356 0.00316446 0)
(-0.00149818 0.0028059 0)
(-0.00096025 0.00248856 0)
(-0.000374822 0.00220377 0)
(0.000256739 0.00194487 0)
(0.000925783 0.00170696 0)
(0.00163046 0.00148562 0)
(0.00236772 0.00127766 0)
(0.0031368 0.00108021 0)
(0.00393699 0.000890992 0)
(0.00476854 0.000707928 0)
(0.00563196 0.000529211 0)
(0.00652822 0.000353141 0)
(0.00745856 0.000178125 0)
(0.00842446 2.60791e-06 0)
(0.0094276 -0.000174934 0)
(0.0104698 -0.000356018 0)
(0.0115529 -0.000542155 0)
(0.0126789 -0.000734849 0)
(0.0138497 -0.000935578 0)
(0.0150673 -0.00114578 0)
(0.0163334 -0.00136682 0)
(0.0176498 -0.00159997 0)
(0.019018 -0.00184635 0)
(0.0204392 -0.0021069 0)
(0.0219147 -0.00238236 0)
(0.0234451 -0.00267321 0)
(0.0250311 -0.00297964 0)
(0.0266727 -0.00330152 0)
(0.0283699 -0.00363842 0)
(0.0301221 -0.00398953 0)
(0.0319285 -0.00435369 0)
(0.0337877 -0.0047294 0)
(0.035698 -0.0051148 0)
(0.0376572 -0.0055077 0)
(0.0396627 -0.00590562 0)
(0.0417113 -0.00630575 0)
(0.0437996 -0.00670506 0)
(0.0459233 -0.00710026 0)
(0.0480779 -0.00748787 0)
(0.0502581 -0.00786427 0)
(0.0524583 -0.00822569 0)
(0.0546723 -0.00856832 0)
(0.0568932 -0.0088883 0)
(0.0591139 -0.00918178 0)
(0.0613267 -0.00944503 0)
(0.0635235 -0.00967441 0)
(0.0656957 -0.00986653 0)
(0.0678347 -0.0100182 0)
(0.0699315 -0.0101267 0)
(0.0719773 -0.0101896 0)
(0.0739632 -0.0102049 0)
(0.0758806 -0.0101712 0)
(0.0777213 -0.0100878 0)
(0.0794777 -0.00995448 0)
(0.0811428 -0.00977181 0)
(0.0827108 -0.00954102 0)
(0.0841765 -0.00926405 0)
(0.0855361 -0.00894353 0)
(0.0867869 -0.00858275 0)
(0.0879275 -0.00818553 0)
(0.0889577 -0.00775622 0)
(0.0898786 -0.0072995 0)
(0.0906922 -0.00682032 0)
(0.0914017 -0.00632377 0)
(0.092011 -0.00581491 0)
(0.0925249 -0.00529873 0)
(0.0929484 -0.00477997 0)
(0.0932872 -0.00426306 0)
(0.0935469 -0.00375207 0)
(0.0937332 -0.00325062 0)
(0.0938517 -0.00276188 0)
(0.093908 -0.00228855 0)
(0.0939072 -0.00183283 0)
(0.0938541 -0.00139651 0)
(0.0937532 -0.000980906 0)
(0.0936085 -0.000586982 0)
(0.0934238 -0.000215331 0)
(0.0932022 0.000133759 0)
(0.0929466 0.00046026 0)
(0.0926597 0.000764368 0)
(0.0923437 0.00104646 0)
(0.0920004 0.00130705 0)
(0.0916317 0.00154676 0)
(0.091239 0.0017663 0)
(0.0908236 0.00196641 0)
(0.0903866 0.00214789 0)
(0.089929 0.00231151 0)
(0.0894517 0.00245805 0)
(0.0889555 0.00258829 0)
(0.0884412 0.00270296 0)
(0.0879094 0.00280275 0)
(0.0873608 0.00288831 0)
(0.0867961 0.00296028 0)
(0.086216 0.00301922 0)
(0.0856211 0.00306567 0)
(0.0850121 0.00310011 0)
(0.0843898 0.00312301 0)
(0.083755 0.00313479 0)
(0.0831086 0.00313586 0)
(0.0824514 0.0031266 0)
(0.0817845 0.00310737 0)
(0.0811091 0.00307854 0)
(0.0804263 0.00304047 0)
(0.0797373 0.00299351 0)
(0.0790437 0.00293803 0)
(0.0783468 0.00287441 0)
(0.0776483 0.00280307 0)
(0.0769497 0.0027244 0)
(0.076253 0.00263885 0)
(0.0755599 0.00254688 0)
(0.0748722 0.00244897 0)
(0.074192 0.00234562 0)
(0.0735212 0.00223734 0)
(0.0728618 0.00212468 0)
(0.0722158 0.00200815 0)
(0.0715852 0.00188831 0)
(0.0709719 0.00176571 0)
(0.0703777 0.00164086 0)
(0.0698045 0.00151431 0)
(0.0692539 0.00138655 0)
(0.0687274 0.00125808 0)
(0.0682266 0.00112934 0)
(0.0677526 0.00100078 0)
(0.0673066 0.000872788 0)
(0.0668896 0.000745742 0)
(0.0665022 0.000619973 0)
(0.0661452 0.000495787 0)
(0.065819 0.000373457 0)
(0.0655238 0.000253228 0)
(0.0652597 0.000135321 0)
(0.0650266 1.99344e-05 0)
(0.0648245 -9.2749e-05 0)
(0.0646528 -0.00020256 0)
(0.0645111 -0.000309338 0)
(0.0643987 -0.000412925 0)
(0.064315 -0.000513162 0)
(0.064259 -0.000609887 0)
(0.0642299 -0.000702926 0)
(0.0642266 -0.000792097 0)
(0.0642479 -0.0008772 0)
(0.0642926 -0.000958022 0)
(0.0643595 -0.00103433 0)
(0.0644473 -0.00110588 0)
(0.0645546 -0.0011724 0)
(0.0646799 -0.00123362 0)
(0.0648218 -0.00128925 0)
(0.0649787 -0.00133898 0)
(0.0651491 -0.00138252 0)
(0.0653315 -0.00141956 0)
(0.0655242 -0.00144981 0)
(0.0657257 -0.00147299 0)
(0.0659343 -0.00148884 0)
(0.0661484 -0.00149712 0)
(0.0663665 -0.00149764 0)
(0.066587 -0.00149025 0)
(0.0668082 -0.00147483 0)
(0.0670286 -0.00145134 0)
(0.0672468 -0.0014198 0)
(0.0674613 -0.00138028 0)
(0.0676707 -0.00133296 0)
(0.0678736 -0.00127807 0)
(0.0680688 -0.00121594 0)
(0.068255 -0.00114698 0)
(0.0684311 -0.00107169 0)
(0.068596 -0.000990661 0)
(0.0687489 -0.000904553 0)
(0.0688888 -0.000814123 0)
(0.0690149 -0.000720197 0)
(0.0691266 -0.000623671 0)
(0.0692233 -0.000525497 0)
(0.0693047 -0.000426673 0)
(0.0693703 -0.000328232 0)
(0.0694199 -0.000231224 0)
(0.0694535 -0.0001367 0)
(0.0694711 -4.56937e-05 0)
(0.0694729 4.07963e-05 0)
(0.0694593 0.000121828 0)
(0.0694305 0.000196535 0)
(0.0693873 0.000264148 0)
(0.0693304 0.000324013 0)
(0.0692606 0.000375608 0)
(0.0691789 0.000418563 0)
(0.0690865 0.000452674 0)
(0.0689847 0.000477913 0)
(0.0688747 0.000494442 0)
(0.0687582 0.000502624 0)
(0.0686366 0.000503028 0)
(0.0685115 0.000496456 0)
(0.0683848 0.000483939 0)
(0.0682581 0.000466846 0)
(0.0681335 0.000446348 0)
(0.0680122 0.000428389 0)
(0.0678965 0.000404111 0)
(-0.000179239 0.00560388 0)
(-0.000135726 0.00561855 0)
(0.00100786 0.00502355 0)
(0.0021998 0.00399862 0)
(0.00365327 0.0032849 0)
(0.00507144 0.00271611 0)
(0.00652971 0.00225249 0)
(0.00795857 0.001865 0)
(0.00937644 0.00152601 0)
(0.0107713 0.00122538 0)
(0.0121497 0.000952047 0)
(0.0135121 0.000700422 0)
(0.0148629 0.000465118 0)
(0.0162049 0.000242527 0)
(0.0175416 2.94216e-05 0)
(0.0188761 -0.000176738 0)
(0.0202116 -0.000378216 0)
(0.0215512 -0.000576977 0)
(0.0228976 -0.000774832 0)
(0.0242539 -0.000973459 0)
(0.0256228 -0.00117446 0)
(0.027007 -0.00137938 0)
(0.0284092 -0.00158974 0)
(0.0298319 -0.00180699 0)
(0.0312777 -0.00203258 0)
(0.0327489 -0.0022679 0)
(0.0342475 -0.00251425 0)
(0.0357757 -0.00277288 0)
(0.037335 -0.00304488 0)
(0.0389271 -0.0033312 0)
(0.0405532 -0.0036326 0)
(0.0422141 -0.0039496 0)
(0.0439106 -0.00428247 0)
(0.0456428 -0.0046312 0)
(0.0474106 -0.00499542 0)
(0.0492136 -0.00537446 0)
(0.0510508 -0.00576725 0)
(0.052921 -0.00617237 0)
(0.0548222 -0.00658803 0)
(0.0567524 -0.00701204 0)
(0.0587086 -0.00744189 0)
(0.0606877 -0.00787468 0)
(0.062686 -0.00830723 0)
(0.0646991 -0.00873603 0)
(0.0667222 -0.00915732 0)
(0.0687499 -0.00956711 0)
(0.0707762 -0.00996123 0)
(0.0727946 -0.0103353 0)
(0.0747982 -0.010685 0)
(0.0767794 -0.0110058 0)
(0.0787302 -0.0112933 0)
(0.0806422 -0.0115432 0)
(0.0825068 -0.0117513 0)
(0.084315 -0.0119137 0)
(0.0860579 -0.012027 0)
(0.0877267 -0.0120881 0)
(0.0893127 -0.0120944 0)
(0.0908078 -0.0120441 0)
(0.0922047 -0.0119361 0)
(0.0934968 -0.0117699 0)
(0.0946788 -0.0115461 0)
(0.0957464 -0.0112661 0)
(0.0966972 -0.0109322 0)
(0.09753 -0.0105474 0)
(0.0982453 -0.0101158 0)
(0.0988452 -0.00964217 0)
(0.0993334 -0.00913169 0)
(0.099715 -0.00859016 0)
(0.0999962 -0.00802365 0)
(0.100184 -0.00743835 0)
(0.100287 -0.0068404 0)
(0.100314 -0.00623575 0)
(0.100272 -0.00563003 0)
(0.100172 -0.00502842 0)
(0.10002 -0.00443557 0)
(0.0998247 -0.00385558 0)
(0.0995939 -0.00329191 0)
(0.0993338 -0.00274744 0)
(0.0990504 -0.00222447 0)
(0.0987486 -0.00172473 0)
(0.0984329 -0.00124946 0)
(0.0981067 -0.000799427 0)
(0.097773 -0.000375038 0)
(0.0974339 2.36568e-05 0)
(0.0970911 0.000396877 0)
(0.0967459 0.000745069 0)
(0.0963989 0.00106885 0)
(0.0960505 0.00136898 0)
(0.0957007 0.00164629 0)
(0.0953496 0.00190169 0)
(0.0949967 0.00213612 0)
(0.0946416 0.00235053 0)
(0.0942837 0.00254584 0)
(0.0939223 0.00272298 0)
(0.093557 0.00288282 0)
(0.0931869 0.00302619 0)
(0.0928114 0.00315386 0)
(0.0924299 0.00326657 0)
(0.0920418 0.00336498 0)
(0.0916466 0.00344971 0)
(0.0912437 0.0035213 0)
(0.0908327 0.00358026 0)
(0.0904133 0.00362705 0)
(0.0899852 0.00366208 0)
(0.0895482 0.0036857 0)
(0.0891022 0.00369825 0)
(0.0886471 0.00370005 0)
(0.0881831 0.00369136 0)
(0.0877104 0.00367246 0)
(0.0872291 0.00364361 0)
(0.0867397 0.00360506 0)
(0.0862427 0.00355707 0)
(0.0857388 0.00349992 0)
(0.0852285 0.00343388 0)
(0.0847128 0.00335926 0)
(0.0841926 0.00327639 0)
(0.0836689 0.00318561 0)
(0.083143 0.00308732 0)
(0.082616 0.00298193 0)
(0.0820893 0.00286986 0)
(0.0815644 0.00275159 0)
(0.0810427 0.00262762 0)
(0.0805257 0.00249844 0)
(0.0800151 0.0023646 0)
(0.0795123 0.00222664 0)
(0.0790191 0.00208512 0)
(0.078537 0.0019406 0)
(0.0780676 0.00179362 0)
(0.0776124 0.00164475 0)
(0.0771727 0.00149453 0)
(0.0767501 0.00134347 0)
(0.0763456 0.0011921 0)
(0.0759605 0.00104088 0)
(0.0755958 0.000890302 0)
(0.0752523 0.000740787 0)
(0.0749309 0.000592755 0)
(0.0746321 0.000446597 0)
(0.0743564 0.000302682 0)
(0.0741041 0.000161358 0)
(0.0738753 2.29579e-05 0)
(0.0736701 -0.000112203 0)
(0.0734884 -0.000243818 0)
(0.0733298 -0.00037159 0)
(0.073194 -0.000495224 0)
(0.0730804 -0.000614426 0)
(0.0729884 -0.0007289 0)
(0.0729173 -0.000838347 0)
(0.0728662 -0.000942458 0)
(0.0728342 -0.00104092 0)
(0.0728202 -0.0011334 0)
(0.0728231 -0.00121959 0)
(0.0728418 -0.00129912 0)
(0.0728751 -0.00137168 0)
(0.0729216 -0.00143691 0)
(0.0729802 -0.00149448 0)
(0.0730493 -0.00154406 0)
(0.0731278 -0.00158533 0)
(0.0732143 -0.00161801 0)
(0.0733073 -0.00164182 0)
(0.0734056 -0.00165654 0)
(0.0735078 -0.00166197 0)
(0.0736126 -0.00165799 0)
(0.0737188 -0.00164451 0)
(0.0738251 -0.00162152 0)
(0.0739304 -0.00158908 0)
(0.0740336 -0.00154731 0)
(0.0741336 -0.00149643 0)
(0.0742294 -0.00143675 0)
(0.0743202 -0.00136867 0)
(0.0744051 -0.00129266 0)
(0.0744834 -0.0012093 0)
(0.0745545 -0.00111926 0)
(0.0746178 -0.0010233 0)
(0.0746727 -0.000922253 0)
(0.0747189 -0.000817039 0)
(0.074756 -0.000708644 0)
(0.0747838 -0.000598111 0)
(0.0748022 -0.000486533 0)
(0.0748108 -0.000375036 0)
(0.0748098 -0.000264765 0)
(0.0747992 -0.000156866 0)
(0.0747789 -5.24706e-05 0)
(0.0747491 4.73234e-05 0)
(0.0747101 0.000141473 0)
(0.074662 0.000229008 0)
(0.0746051 0.000309051 0)
(0.07454 0.000380839 0)
(0.0744668 0.000443739 0)
(0.0743863 0.000497266 0)
(0.0742989 0.000541102 0)
(0.0742052 0.000575102 0)
(0.0741061 0.000599314 0)
(0.0740024 0.000613984 0)
(0.0738949 0.000619559 0)
(0.0737846 0.000616707 0)
(0.0736727 0.000606299 0)
(0.0735606 0.000589464 0)
(0.0734498 0.000567445 0)
(0.0733423 0.000544694 0)
(0.073244 0.000506142 0)
(0.00501309 0.00203644 0)
(0.00752364 0.00307109 0)
(0.01245 0.00261698 0)
(0.0157064 0.00200051 0)
(0.0188005 0.00137611 0)
(0.0214601 0.000872995 0)
(0.0238974 0.000453558 0)
(0.0261449 0.000107869 0)
(0.0282545 -0.000189019 0)
(0.0302531 -0.000450039 0)
(0.0321633 -0.000686643 0)
(0.0340006 -0.0009058 0)
(0.0357779 -0.00111286 0)
(0.0375048 -0.00131156 0)
(0.0391897 -0.00150481 0)
(0.0408395 -0.00169495 0)
(0.0424601 -0.00188395 0)
(0.0440566 -0.00207356 0)
(0.0456338 -0.00226537 0)
(0.0471958 -0.00246087 0)
(0.0487464 -0.0026615 0)
(0.0502894 -0.00286865 0)
(0.0518278 -0.00308366 0)
(0.0533647 -0.00330784 0)
(0.054903 -0.00354247 0)
(0.0564452 -0.00378876 0)
(0.0579934 -0.00404784 0)
(0.0595498 -0.00432074 0)
(0.0611161 -0.00460836 0)
(0.0626937 -0.00491143 0)
(0.0642837 -0.0052305 0)
(0.0658868 -0.00556586 0)
(0.0675034 -0.00591754 0)
(0.0691335 -0.00628527 0)
(0.0707767 -0.00666845 0)
(0.072432 -0.00706612 0)
(0.0740981 -0.00747693 0)
(0.0757732 -0.00789914 0)
(0.077455 -0.00833062 0)
(0.0791405 -0.00876881 0)
(0.0808265 -0.00921079 0)
(0.0825088 -0.00965324 0)
(0.0841828 -0.0100925 0)
(0.0858435 -0.0105245 0)
(0.0874851 -0.0109449 0)
(0.0891011 -0.0113492 0)
(0.0906846 -0.0117326 0)
(0.0922281 -0.0120901 0)
(0.0937236 -0.0124166 0)
(0.0951628 -0.0127072 0)
(0.0965368 -0.0129567 0)
(0.0978366 -0.0131603 0)
(0.0990532 -0.0133134 0)
(0.100178 -0.0134119 0)
(0.101201 -0.013452 0)
(0.102116 -0.0134309 0)
(0.102916 -0.0133462 0)
(0.103593 -0.0131966 0)
(0.104145 -0.0129819 0)
(0.104567 -0.0127027 0)
(0.10486 -0.012361 0)
(0.105024 -0.0119597 0)
(0.105064 -0.0115028 0)
(0.104984 -0.0109956 0)
(0.104792 -0.0104439 0)
(0.104498 -0.0098543 0)
(0.104112 -0.00923391 0)
(0.103646 -0.00859008 0)
(0.103113 -0.00793017 0)
(0.102527 -0.00726135 0)
(0.101899 -0.00659041 0)
(0.101242 -0.00592361 0)
(0.100569 -0.00526651 0)
(0.099889 -0.00462398 0)
(0.0992126 -0.00400006 0)
(0.0985476 -0.00339807 0)
(0.0979009 -0.00282055 0)
(0.0972778 -0.00226934 0)
(0.0966826 -0.00174567 0)
(0.0961183 -0.00125023 0)
(0.0955867 -0.00078322 0)
(0.0950889 -0.000344482 0)
(0.094625 6.64645e-05 0)
(0.0941944 0.000450334 0)
(0.0937961 0.000808018 0)
(0.0934285 0.00114053 0)
(0.0930899 0.00144896 0)
(0.092778 0.00173443 0)
(0.0924907 0.00199809 0)
(0.0922256 0.00224107 0)
(0.0919804 0.00246445 0)
(0.0917525 0.0026693 0)
(0.0915398 0.0028566 0)
(0.0913399 0.00302729 0)
(0.0911506 0.00318223 0)
(0.0909698 0.00332221 0)
(0.0907956 0.00344796 0)
(0.0906261 0.00356014 0)
(0.0904595 0.00365934 0)
(0.0902943 0.00374608 0)
(0.0901289 0.00382083 0)
(0.089962 0.00388398 0)
(0.0897922 0.0039359 0)
(0.0896186 0.00397688 0)
(0.0894399 0.0040072 0)
(0.0892554 0.00402708 0)
(0.0890643 0.00403672 0)
(0.0888658 0.00403628 0)
(0.0886594 0.00402594 0)
(0.0884446 0.00400583 0)
(0.088221 0.0039761 0)
(0.0879886 0.00393688 0)
(0.087747 0.00388833 0)
(0.0874963 0.00383062 0)
(0.0872367 0.00376393 0)
(0.0869683 0.00368847 0)
(0.0866914 0.00360446 0)
(0.0864065 0.00351217 0)
(0.0861142 0.0034119 0)
(0.0858151 0.00330398 0)
(0.0855099 0.00318877 0)
(0.0851996 0.00306667 0)
(0.084885 0.00293811 0)
(0.0845671 0.00280356 0)
(0.0842471 0.0026635 0)
(0.083926 0.00251844 0)
(0.0836051 0.00236892 0)
(0.0832855 0.00221548 0)
(0.0829685 0.00205869 0)
(0.0826552 0.00189912 0)
(0.082347 0.00173732 0)
(0.0820448 0.00157388 0)
(0.0817499 0.00140935 0)
(0.0814634 0.00124429 0)
(0.0811861 0.00107924 0)
(0.0809191 0.000914727 0)
(0.0806632 0.000751266 0)
(0.080419 0.000589356 0)
(0.0801871 0.000429482 0)
(0.0799682 0.000272114 0)
(0.0797624 0.000117707 0)
(0.0795702 -3.32914e-05 0)
(0.0793917 -0.000180447 0)
(0.0792268 -0.000323332 0)
(0.0790754 -0.000461522 0)
(0.0789375 -0.0005946 0)
(0.0788126 -0.000722148 0)
(0.0787004 -0.00084375 0)
(0.0786003 -0.000958991 0)
(0.0785118 -0.00106746 0)
(0.0784341 -0.00116873 0)
(0.0783667 -0.00126241 0)
(0.0783085 -0.00134809 0)
(0.0782589 -0.00142537 0)
(0.078217 -0.00149387 0)
(0.0781817 -0.00155324 0)
(0.0781523 -0.00160314 0)
(0.0781278 -0.00164326 0)
(0.0781073 -0.00167334 0)
(0.0780898 -0.00169316 0)
(0.0780746 -0.00170255 0)
(0.0780607 -0.0017014 0)
(0.0780474 -0.00168968 0)
(0.078034 -0.00166741 0)
(0.0780198 -0.0016347 0)
(0.0780042 -0.00159176 0)
(0.0779867 -0.00153886 0)
(0.0779668 -0.00147638 0)
(0.0779442 -0.0014048 0)
(0.0779187 -0.00132467 0)
(0.0778898 -0.00123665 0)
(0.0778577 -0.00114149 0)
(0.0778221 -0.00104003 0)
(0.077783 -0.000933159 0)
(0.0777406 -0.00082188 0)
(0.0776948 -0.000707236 0)
(0.0776457 -0.00059033 0)
(0.0775936 -0.000472304 0)
(0.0775386 -0.000354331 0)
(0.0774807 -0.000237592 0)
(0.0774201 -0.000123269 0)
(0.0773571 -1.2524e-05 0)
(0.0772917 9.35198e-05 0)
(0.077224 0.000193794 0)
(0.0771541 0.000287302 0)
(0.0770822 0.000373142 0)
(0.0770082 0.000450519 0)
(0.0769323 0.000518768 0)
(0.0768545 0.000577364 0)
(0.076775 0.000625939 0)
(0.0766938 0.000664296 0)
(0.0766111 0.000692413 0)
(0.076527 0.000710452 0)
(0.0764419 0.000718761 0)
(0.0763562 0.000717868 0)
(0.0762702 0.00070846 0)
(0.0761848 0.000691414 0)
(0.076101 0.000667599 0)
(0.0760206 0.00064005 0)
(0.0759508 0.000588727 0)
(0.0344491 -1.93496e-06 0)
(0.0346042 -0.000146385 0)
(0.0349228 -0.000264129 0)
(0.0353571 -0.000326702 0)
(0.0358544 -0.000365053 0)
(0.0364961 -0.000440139 0)
(0.0371595 -0.000319742 0)
(0.0378409 -0.000771964 0)
(0.0908645 -5.59511e-06 0)
(0.0906416 -0.000127017 0)
(0.090575 -0.000290284 0)
(0.0906101 -0.000456278 0)
(0.0907554 -0.000634999 0)
(0.0909863 -0.0008129 0)
(0.0913323 -0.00100844 0)
(0.0922084 -0.00167442 0)
(0.128437 -9.31742e-06 0)
(0.128259 -9.02809e-05 0)
(0.128172 -0.00021423 0)
(0.128133 -0.000371948 0)
(0.128121 -0.000555836 0)
(0.12814 -0.000769501 0)
(0.128228 -0.00109739 0)
(0.128226 -0.00151747 0)
(0.147212 -1.32243e-05 0)
(0.147034 -0.000100862 0)
(0.146936 -0.000215485 0)
(0.146873 -0.000357464 0)
(0.146822 -0.000530186 0)
(0.146779 -0.000751736 0)
(0.14672 -0.00102087 0)
(0.146653 -0.00137697 0)
(0.147217 -1.85219e-05 0)
(0.147038 -0.000108505 0)
(0.146928 -0.00020799 0)
(0.146841 -0.000327122 0)
(0.14675 -0.000476838 0)
(0.146637 -0.000663486 0)
(0.14649 -0.000902475 0)
(0.146284 -0.00119439 0)
(0.12845 -2.62795e-05 0)
(0.128254 -0.000124626 0)
(0.128113 -0.000210967 0)
(0.127975 -0.000305326 0)
(0.127814 -0.000422819 0)
(0.127615 -0.000574689 0)
(0.12736 -0.000764456 0)
(0.127032 -0.000991609 0)
(0.0908858 -4.02992e-05 0)
(0.0906066 -0.000103342 0)
(0.0903884 -0.000134709 0)
(0.0901699 -0.000176885 0)
(0.0899238 -0.000248472 0)
(0.0896266 -0.000353467 0)
(0.0892561 -0.00048897 0)
(0.0887895 -0.000646389 0)
(0.0344546 -4.63735e-05 0)
(0.0343716 -2.54285e-05 0)
(0.0343188 6.36896e-06 0)
(0.0342638 4.97045e-06 0)
(0.0341489 -2.80155e-05 0)
(0.033946 -8.04623e-05 0)
(0.03364 -0.000139549 0)
(0.0332255 -0.000194709 0)
(0.0405201 -0.00350635 0)
(0.0434372 -0.00320775 0)
(0.0460864 -0.00289658 0)
(0.0486616 -0.00259403 0)
(0.0510259 -0.00244933 0)
(0.0532304 -0.00240048 0)
(0.055297 -0.00241845 0)
(0.0572513 -0.00247549 0)
(0.0591126 -0.00255644 0)
(0.060895 -0.00265211 0)
(0.0626096 -0.00275764 0)
(0.0642647 -0.00287042 0)
(0.0658671 -0.0029892 0)
(0.0674223 -0.00311349 0)
(0.0689354 -0.00324325 0)
(0.0704105 -0.00337876 0)
(0.0718516 -0.00352047 0)
(0.0732621 -0.003669 0)
(0.0746453 -0.00382507 0)
(0.0760042 -0.00398948 0)
(0.0773416 -0.0041631 0)
(0.07866 -0.00434687 0)
(0.0799618 -0.00454173 0)
(0.0812492 -0.00474865 0)
(0.0825241 -0.00496859 0)
(0.0837885 -0.00520246 0)
(0.0850437 -0.00545113 0)
(0.086291 -0.00571534 0)
(0.0875315 -0.00599575 0)
(0.0887658 -0.00629283 0)
(0.0899943 -0.00660685 0)
(0.0912169 -0.00693784 0)
(0.0924334 -0.00728556 0)
(0.0936429 -0.00764946 0)
(0.0948443 -0.00802862 0)
(0.0960357 -0.00842176 0)
(0.0972151 -0.00882718 0)
(0.0983797 -0.00924275 0)
(0.0995262 -0.00966592 0)
(0.100651 -0.0100937 0)
(0.101749 -0.0105225 0)
(0.102815 -0.0109487 0)
(0.103844 -0.0113678 0)
(0.10483 -0.0117752 0)
(0.105764 -0.012166 0)
(0.10664 -0.0125348 0)
(0.10745 -0.0128762 0)
(0.108184 -0.0131845 0)
(0.108834 -0.013454 0)
(0.109391 -0.0136791 0)
(0.109846 -0.0138542 0)
(0.110189 -0.0139742 0)
(0.110412 -0.0140344 0)
(0.110508 -0.0140306 0)
(0.11047 -0.0139596 0)
(0.110293 -0.0138192 0)
(0.109975 -0.0136083 0)
(0.109514 -0.013327 0)
(0.108913 -0.012977 0)
(0.108177 -0.0125612 0)
(0.107313 -0.0120838 0)
(0.106331 -0.0115505 0)
(0.105246 -0.0109679 0)
(0.104071 -0.0103438 0)
(0.102824 -0.0096863 0)
(0.101522 -0.00900414 0)
(0.100185 -0.00830593 0)
(0.0988313 -0.00760008 0)
(0.0974779 -0.00689445 0)
(0.0961419 -0.00619618 0)
(0.0948382 -0.0055115 0)
(0.0935799 -0.00484567 0)
(0.092378 -0.0042029 0)
(0.0912413 -0.00358643 0)
(0.0901765 -0.00299857 0)
(0.0891881 -0.00244078 0)
(0.0882789 -0.00191378 0)
(0.0874501 -0.0014177 0)
(0.0867011 -0.000952189 0)
(0.0860307 -0.000516495 0)
(0.0854361 -0.000109599 0)
(0.0849143 0.000269711 0)
(0.0844614 0.000622771 0)
(0.0840733 0.000950974 0)
(0.0837455 0.00125573 0)
(0.0834737 0.00153843 0)
(0.0832533 0.00180043 0)
(0.0830797 0.00204301 0)
(0.0829486 0.00226737 0)
(0.0828558 0.00247466 0)
(0.0827973 0.0026659 0)
(0.0827692 0.00284206 0)
(0.0827678 0.00300401 0)
(0.0827899 0.00315253 0)
(0.082832 0.00328834 0)
(0.0828913 0.00341205 0)
(0.0829649 0.00352423 0)
(0.0830503 0.00362536 0)
(0.0831449 0.00371586 0)
(0.0832466 0.00379609 0)
(0.0833532 0.00386635 0)
(0.0834628 0.0039269 0)
(0.0835736 0.00397795 0)
(0.0836839 0.00401966 0)
(0.0837923 0.00405215 0)
(0.0838973 0.00407553 0)
(0.0839975 0.00408987 0)
(0.0840919 0.00409522 0)
(0.0841794 0.00409162 0)
(0.084259 0.0040791 0)
(0.0843297 0.00405768 0)
(0.084391 0.0040274 0)
(0.084442 0.0039883 0)
(0.0844823 0.00394042 0)
(0.0845113 0.00388384 0)
(0.0845288 0.00381865 0)
(0.0845344 0.00374496 0)
(0.0845281 0.00366294 0)
(0.0845097 0.00357276 0)
(0.0844792 0.00347464 0)
(0.084437 0.00336884 0)
(0.0843831 0.00325565 0)
(0.0843179 0.00313541 0)
(0.0842419 0.00300849 0)
(0.0841555 0.00287528 0)
(0.0840594 0.00273624 0)
(0.0839542 0.00259181 0)
(0.0838405 0.00244251 0)
(0.0837192 0.00228884 0)
(0.0835911 0.00213135 0)
(0.083457 0.00197059 0)
(0.0833178 0.00180713 0)
(0.0831742 0.00164155 0)
(0.0830272 0.00147441 0)
(0.0828776 0.00130631 0)
(0.0827262 0.00113783 0)
(0.0825738 0.000969535 0)
(0.0824211 0.000802007 0)
(0.0822687 0.00063581 0)
(0.0821172 0.000471504 0)
(0.0819672 0.00030964 0)
(0.0818191 0.000150764 0)
(0.0816733 -4.58631e-06 0)
(0.0815301 -0.000155879 0)
(0.0813896 -0.000302587 0)
(0.0812521 -0.000444191 0)
(0.0811175 -0.000580174 0)
(0.0809858 -0.000710026 0)
(0.0808569 -0.000833244 0)
(0.0807307 -0.00094933 0)
(0.0806069 -0.0010578 0)
(0.0804852 -0.00115817 0)
(0.0803653 -0.00124999 0)
(0.0802469 -0.00133282 0)
(0.0801296 -0.00140623 0)
(0.080013 -0.00146986 0)
(0.0798967 -0.00152334 0)
(0.0797804 -0.00156637 0)
(0.0796637 -0.0015987 0)
(0.0795462 -0.00162013 0)
(0.0794278 -0.00163052 0)
(0.0793083 -0.00162982 0)
(0.0791874 -0.00161802 0)
(0.0790651 -0.00159523 0)
(0.0789414 -0.00156163 0)
(0.0788165 -0.00151749 0)
(0.0786904 -0.00146316 0)
(0.0785634 -0.00139911 0)
(0.0784358 -0.00132589 0)
(0.078308 -0.00124413 0)
(0.0781804 -0.00115456 0)
(0.0780536 -0.00105799 0)
(0.077928 -0.000955312 0)
(0.0778042 -0.000847479 0)
(0.0776827 -0.00073551 0)
(0.077564 -0.000620475 0)
(0.0774487 -0.000503484 0)
(0.0773371 -0.000385674 0)
(0.0772298 -0.000268202 0)
(0.0771269 -0.000152222 0)
(0.0770288 -3.88809e-05 0)
(0.0769357 7.07052e-05 0)
(0.0768476 0.000175461 0)
(0.0767644 0.000274368 0)
(0.0766862 0.000366483 0)
(0.0766128 0.000450953 0)
(0.0765438 0.000527027 0)
(0.0764789 0.000594076 0)
(0.0764179 0.000651601 0)
(0.0763604 0.000699249 0)
(0.0763058 0.000736821 0)
(0.0762537 0.000764276 0)
(0.0762039 0.000781737 0)
(0.0761559 0.000789481 0)
(0.0761094 0.000787927 0)
(0.0760644 0.000777597 0)
(0.0760208 0.000759133 0)
(0.075979 0.000732961 0)
(0.0759399 0.000701467 0)
(0.0759096 0.000639278 0)
(0.0928441 -0.00218405 0)
(0.092908 -0.00266334 0)
(0.0932161 -0.00293709 0)
(0.0936847 -0.0031258 0)
(0.0943093 -0.00327222 0)
(0.0950298 -0.00340139 0)
(0.0958132 -0.00352203 0)
(0.0966344 -0.0036372 0)
(0.0974771 -0.00374823 0)
(0.0983302 -0.00385606 0)
(0.0991859 -0.0039618 0)
(0.100039 -0.00406665 0)
(0.100884 -0.00417191 0)
(0.10172 -0.00427888 0)
(0.102543 -0.0043888 0)
(0.103353 -0.0045029 0)
(0.104148 -0.00462232 0)
(0.104928 -0.00474819 0)
(0.105692 -0.00488161 0)
(0.10644 -0.00502365 0)
(0.107172 -0.00517535 0)
(0.107888 -0.00533775 0)
(0.108588 -0.00551187 0)
(0.109272 -0.00569867 0)
(0.10994 -0.00589909 0)
(0.110593 -0.00611398 0)
(0.111229 -0.00634412 0)
(0.111848 -0.00659015 0)
(0.11245 -0.00685257 0)
(0.113034 -0.00713169 0)
(0.113599 -0.0074276 0)
(0.114143 -0.00774011 0)
(0.114665 -0.00806875 0)
(0.115161 -0.00841268 0)
(0.115631 -0.00877068 0)
(0.11607 -0.00914112 0)
(0.116474 -0.00952189 0)
(0.116841 -0.00991044 0)
(0.117164 -0.0103037 0)
(0.117438 -0.0106981 0)
(0.117658 -0.0110895 0)
(0.117816 -0.0114736 0)
(0.117905 -0.0118451 0)
(0.117918 -0.0121989 0)
(0.117846 -0.0125291 0)
(0.11768 -0.0128298 0)
(0.117411 -0.0130948 0)
(0.117029 -0.0133178 0)
(0.116527 -0.0134928 0)
(0.115894 -0.0136137 0)
(0.115124 -0.0136749 0)
(0.114209 -0.0136715 0)
(0.113146 -0.0135994 0)
(0.11193 -0.0134557 0)
(0.110564 -0.0132386 0)
(0.109048 -0.0129482 0)
(0.107391 -0.0125858 0)
(0.105601 -0.0121548 0)
(0.103694 -0.0116602 0)
(0.101686 -0.0111085 0)
(0.0995968 -0.0105075 0)
(0.0974496 -0.00986634 0)
(0.0952684 -0.00919454 0)
(0.0930781 -0.00850206 0)
(0.0909037 -0.00779873 0)
(0.088769 -0.00709389 0)
(0.0866961 -0.00639605 0)
(0.0847047 -0.00571268 0)
(0.0828115 -0.00505001 0)
(0.0810299 -0.00441297 0)
(0.07937 -0.00380522 0)
(0.0778388 -0.00322917 0)
(0.07644 -0.00268616 0)
(0.0751746 -0.00217659 0)
(0.0740416 -0.00170011 0)
(0.0730376 -0.00125577 0)
(0.0721582 -0.000842214 0)
(0.0713975 -0.000457811 0)
(0.0707491 -0.00010077 0)
(0.0702061 0.000230755 0)
(0.0697611 0.0005386 0)
(0.0694071 0.000824536 0)
(0.0691368 0.00109024 0)
(0.0689435 0.00133726 0)
(0.0688204 0.00156703 0)
(0.0687614 0.00178085 0)
(0.0687603 0.00197989 0)
(0.0688118 0.00216522 0)
(0.0689105 0.00233776 0)
(0.0690517 0.00249837 0)
(0.0692307 0.00264777 0)
(0.0694435 0.00278663 0)
(0.0696862 0.00291551 0)
(0.069955 0.00303492 0)
(0.0702467 0.00314528 0)
(0.0705583 0.00324697 0)
(0.0708867 0.00334029 0)
(0.0712293 0.00342551 0)
(0.0715836 0.00350283 0)
(0.0719474 0.00357242 0)
(0.0723183 0.0036344 0)
(0.0726944 0.00368886 0)
(0.0730738 0.00373585 0)
(0.0734547 0.00377539 0)
(0.0738355 0.00380748 0)
(0.0742144 0.0038321 0)
(0.0745901 0.00384919 0)
(0.0749611 0.00385872 0)
(0.0753262 0.0038606 0)
(0.0756841 0.00385478 0)
(0.0760337 0.00384118 0)
(0.0763738 0.00381973 0)
(0.0767035 0.0037904 0)
(0.0770218 0.00375312 0)
(0.077328 0.00370789 0)
(0.0776211 0.00365471 0)
(0.0779006 0.00359359 0)
(0.0781658 0.0035246 0)
(0.0784162 0.00344783 0)
(0.0786513 0.0033634 0)
(0.0788709 0.00327147 0)
(0.0790745 0.00317224 0)
(0.079262 0.00306595 0)
(0.0794333 0.00295288 0)
(0.0795883 0.00283335 0)
(0.0797272 0.0027077 0)
(0.07985 0.00257632 0)
(0.0799569 0.00243965 0)
(0.0800482 0.00229812 0)
(0.0801243 0.00215222 0)
(0.0801854 0.00200246 0)
(0.0802321 0.00184937 0)
(0.0802648 0.00169348 0)
(0.080284 0.00153537 0)
(0.0802902 0.0013756 0)
(0.080284 0.00121476 0)
(0.0802658 0.00105345 0)
(0.0802362 0.00089224 0)
(0.0801958 0.000731747 0)
(0.080145 0.000572563 0)
(0.0800844 0.000415289 0)
(0.0800143 0.000260522 0)
(0.0799352 0.000108857 0)
(0.0798474 -3.91137e-05 0)
(0.0797514 -0.000182801 0)
(0.0796473 -0.00032162 0)
(0.0795356 -0.000454993 0)
(0.0794163 -0.000582351 0)
(0.0792896 -0.000703132 0)
(0.0791559 -0.000816789 0)
(0.0790151 -0.000922789 0)
(0.0788674 -0.00102062 0)
(0.0787129 -0.00110979 0)
(0.0785518 -0.00118985 0)
(0.0783842 -0.00126037 0)
(0.0782103 -0.00132097 0)
(0.0780302 -0.00137131 0)
(0.0778443 -0.00141112 0)
(0.0776529 -0.00144019 0)
(0.0774562 -0.00145835 0)
(0.0772548 -0.00146554 0)
(0.0770493 -0.00146177 0)
(0.0768402 -0.00144712 0)
(0.0766284 -0.00142178 0)
(0.0764145 -0.00138601 0)
(0.0761995 -0.00134016 0)
(0.0759844 -0.0012847 0)
(0.0757703 -0.00122015 0)
(0.0755582 -0.00114714 0)
(0.0753493 -0.00106636 0)
(0.0751447 -0.000978602 0)
(0.0749456 -0.000884694 0)
(0.0747532 -0.000785541 0)
(0.0745684 -0.000682094 0)
(0.0743923 -0.000575345 0)
(0.0742258 -0.000466319 0)
(0.0740698 -0.000356062 0)
(0.0739248 -0.000245631 0)
(0.0737914 -0.000136082 0)
(0.0736701 -2.84641e-05 0)
(0.0735609 7.61983e-05 0)
(0.073464 0.000176913 0)
(0.0733793 0.000272733 0)
(0.0733064 0.000362769 0)
(0.0732451 0.000446202 0)
(0.0731947 0.000522294 0)
(0.0731546 0.000590404 0)
(0.073124 0.000649993 0)
(0.0731022 0.000700642 0)
(0.073088 0.000742057 0)
(0.0730807 0.000774079 0)
(0.0730792 0.000796683 0)
(0.0730825 0.000809982 0)
(0.0730898 0.000814215 0)
(0.0731001 0.000809736 0)
(0.0731125 0.000796931 0)
(0.0731265 0.00077628 0)
(0.0731416 0.000747857 0)
(0.0731576 0.000714832 0)
(0.0731778 0.000646249 0)
(0.128155 -0.00213483 0)
(0.128104 -0.00263835 0)
(0.128035 -0.00301481 0)
(0.128014 -0.00329398 0)
(0.128042 -0.0035127 0)
(0.128114 -0.00369384 0)
(0.128221 -0.00385067 0)
(0.128352 -0.00399069 0)
(0.128499 -0.00411836 0)
(0.128655 -0.00423676 0)
(0.128814 -0.00434826 0)
(0.128971 -0.00445493 0)
(0.129124 -0.00455863 0)
(0.12927 -0.0046611 0)
(0.129405 -0.00476398 0)
(0.129528 -0.00486879 0)
(0.129636 -0.00497699 0)
(0.129729 -0.00508995 0)
(0.129805 -0.00520899 0)
(0.129863 -0.00533535 0)
(0.129901 -0.00547025 0)
(0.129919 -0.00561482 0)
(0.129915 -0.00577013 0)
(0.129889 -0.00593722 0)
(0.129838 -0.00611699 0)
(0.129763 -0.00631029 0)
(0.12966 -0.00651782 0)
(0.129528 -0.00674012 0)
(0.129366 -0.00697757 0)
(0.12917 -0.00723032 0)
(0.128939 -0.00749825 0)
(0.128669 -0.00778096 0)
(0.128357 -0.00807768 0)
(0.127998 -0.00838728 0)
(0.12759 -0.00870817 0)
(0.127125 -0.00903831 0)
(0.126601 -0.00937512 0)
(0.126009 -0.00971552 0)
(0.125345 -0.0100558 0)
(0.1246 -0.0103919 0)
(0.123768 -0.0107188 0)
(0.122839 -0.0110315 0)
(0.121806 -0.011324 0)
(0.12066 -0.0115904 0)
(0.119392 -0.0118241 0)
(0.117993 -0.0120188 0)
(0.116456 -0.0121678 0)
(0.114774 -0.0122649 0)
(0.112941 -0.0123041 0)
(0.110953 -0.0122801 0)
(0.108809 -0.0121887 0)
(0.10651 -0.0120268 0)
(0.104063 -0.0117928 0)
(0.101476 -0.0114869 0)
(0.0987632 -0.0111112 0)
(0.0959412 -0.0106698 0)
(0.0930326 -0.0101689 0)
(0.0900632 -0.00961604 0)
(0.0870618 -0.00902055 0)
(0.0840597 -0.00839262 0)
(0.0810888 -0.00774308 0)
(0.0781807 -0.0070829 0)
(0.0753652 -0.00642264 0)
(0.0726693 -0.00577204 0)
(0.070116 -0.00513958 0)
(0.0677235 -0.00453222 0)
(0.0655052 -0.00395515 0)
(0.0634696 -0.00341184 0)
(0.0616204 -0.00290413 0)
(0.0599574 -0.00243241 0)
(0.0584769 -0.00199593 0)
(0.0571725 -0.0015931 0)
(0.056036 -0.00122177 0)
(0.0550578 -0.000879485 0)
(0.0542277 -0.000563698 0)
(0.0535352 -0.000271899 0)
(0.0529697 -1.7219e-06 0)
(0.0525212 0.000249002 0)
(0.0521799 0.000482222 0)
(0.0519368 0.000699663 0)
(0.0517833 0.000902836 0)
(0.0517116 0.00109306 0)
(0.0517143 0.00127148 0)
(0.0517848 0.00143908 0)
(0.0519169 0.00159673 0)
(0.0521049 0.00174517 0)
(0.0523437 0.00188504 0)
(0.0526284 0.0020169 0)
(0.0529548 0.00214124 0)
(0.0533186 0.00225847 0)
(0.0537163 0.00236894 0)
(0.0541443 0.00247296 0)
(0.0545995 0.00257079 0)
(0.0550789 0.00266264 0)
(0.0555798 0.00274867 0)
(0.0560995 0.00282904 0)
(0.0566357 0.00290382 0)
(0.0571861 0.00297311 0)
(0.0577485 0.00303693 0)
(0.058321 0.00309529 0)
(0.0589016 0.00314819 0)
(0.0594886 0.00319558 0)
(0.0600801 0.0032374 0)
(0.0606746 0.00327357 0)
(0.0612703 0.003304 0)
(0.0618659 0.00332858 0)
(0.0624598 0.00334719 0)
(0.0630506 0.00335971 0)
(0.0636369 0.00336599 0)
(0.0642174 0.00336591 0)
(0.0647908 0.00335933 0)
(0.0653558 0.00334613 0)
(0.0659113 0.00332621 0)
(0.0664561 0.00329945 0)
(0.0669891 0.00326578 0)
(0.0675092 0.00322514 0)
(0.0680155 0.00317748 0)
(0.0685069 0.0031228 0)
(0.0689826 0.00306112 0)
(0.0694417 0.0029925 0)
(0.0698835 0.00291702 0)
(0.0703072 0.00283481 0)
(0.0707123 0.00274603 0)
(0.071098 0.00265087 0)
(0.071464 0.00254959 0)
(0.0718098 0.00244245 0)
(0.072135 0.00232976 0)
(0.0724393 0.00221188 0)
(0.0727226 0.00208918 0)
(0.0729846 0.00196207 0)
(0.0732252 0.00183101 0)
(0.0734445 0.00169645 0)
(0.0736425 0.0015589 0)
(0.0738192 0.00141886 0)
(0.0739748 0.00127687 0)
(0.0741094 0.00113349 0)
(0.0742232 0.00098927 0)
(0.0743165 0.000844798 0)
(0.0743895 0.000700657 0)
(0.0744425 0.000557442 0)
(0.0744758 0.000415753 0)
(0.0744897 0.000276193 0)
(0.0744846 0.000139368 0)
(0.0744607 5.88546e-06 0)
(0.0744184 -0.000123652 0)
(0.0743581 -0.000248643 0)
(0.0742801 -0.000368495 0)
(0.0741848 -0.000482625 0)
(0.0740725 -0.000590462 0)
(0.0739438 -0.000691456 0)
(0.0737991 -0.000785076 0)
(0.0736388 -0.000870821 0)
(0.0734636 -0.000948223 0)
(0.0732741 -0.00101685 0)
(0.0730709 -0.00107633 0)
(0.0728548 -0.00112632 0)
(0.0726267 -0.00116657 0)
(0.0723876 -0.00119686 0)
(0.0721386 -0.00121708 0)
(0.0718808 -0.00122716 0)
(0.0716155 -0.00122713 0)
(0.0713443 -0.00121712 0)
(0.0710686 -0.00119732 0)
(0.07079 -0.00116801 0)
(0.0705103 -0.00112957 0)
(0.0702313 -0.00108245 0)
(0.0699548 -0.00102717 0)
(0.0696827 -0.000964338 0)
(0.0694167 -0.000894605 0)
(0.0691589 -0.000818693 0)
(0.0689108 -0.000737366 0)
(0.0686742 -0.00065143 0)
(0.0684507 -0.000561721 0)
(0.0682415 -0.000469098 0)
(0.0680481 -0.000374437 0)
(0.0678714 -0.000278621 0)
(0.0677122 -0.000182536 0)
(0.0675712 -8.70602e-05 0)
(0.0674487 6.93795e-06 0)
(0.067345 9.86097e-05 0)
(0.0672599 0.000187132 0)
(0.0671933 0.000271713 0)
(0.0671445 0.000351605 0)
(0.0671131 0.000426106 0)
(0.067098 0.000494574 0)
(0.0670984 0.000556432 0)
(0.067113 0.000611184 0)
(0.0671406 0.000658415 0)
(0.0671799 0.000697809 0)
(0.0672294 0.000729151 0)
(0.0672877 0.000752336 0)
(0.0673533 0.000767371 0)
(0.0674248 0.000774373 0)
(0.0675006 0.000773559 0)
(0.0675794 0.000765257 0)
(0.0676597 0.000749774 0)
(0.0677403 0.000727558 0)
(0.0678199 0.000698168 0)
(0.0678979 0.000667578 0)
(0.0679748 0.000601456 0)
(0.146521 -0.00177464 0)
(0.146271 -0.00217996 0)
(0.145964 -0.00254598 0)
(0.145633 -0.00286177 0)
(0.1453 -0.0031315 0)
(0.144971 -0.00336285 0)
(0.144645 -0.00356282 0)
(0.144318 -0.00373706 0)
(0.143985 -0.00389016 0)
(0.143642 -0.00402599 0)
(0.143286 -0.00414794 0)
(0.142915 -0.00425903 0)
(0.142524 -0.00436199 0)
(0.142114 -0.00445931 0)
(0.141682 -0.00455326 0)
(0.141226 -0.00464591 0)
(0.140745 -0.00473917 0)
(0.140239 -0.00483476 0)
(0.139705 -0.0049343 0)
(0.139143 -0.00503925 0)
(0.13855 -0.00515097 0)
(0.137926 -0.00527069 0)
(0.137269 -0.00539953 0)
(0.136577 -0.00553851 0)
(0.135848 -0.00568848 0)
(0.135079 -0.00585017 0)
(0.134267 -0.00602415 0)
(0.133411 -0.00621077 0)
(0.132506 -0.00641018 0)
(0.131548 -0.00662224 0)
(0.130534 -0.00684654 0)
(0.129458 -0.0070823 0)
(0.128316 -0.00732835 0)
(0.127103 -0.0075831 0)
(0.125811 -0.00784445 0)
(0.124436 -0.0081098 0)
(0.122969 -0.00837597 0)
(0.121404 -0.00863923 0)
(0.119734 -0.00889524 0)
(0.11795 -0.00913914 0)
(0.116045 -0.00936552 0)
(0.114011 -0.0095686 0)
(0.111841 -0.00974225 0)
(0.109529 -0.00988023 0)
(0.107069 -0.00997635 0)
(0.104459 -0.0100246 0)
(0.101697 -0.0100197 0)
(0.0987835 -0.00995664 0)
(0.0957248 -0.00983184 0)
(0.0925293 -0.00964275 0)
(0.0892108 -0.00938841 0)
(0.0857876 -0.00906968 0)
(0.0822831 -0.00868951 0)
(0.0787259 -0.00825312 0)
(0.0751483 -0.00776798 0)
(0.0715863 -0.00724362 0)
(0.0680775 -0.0066912 0)
(0.0646595 -0.00612282 0)
(0.0613679 -0.00555076 0)
(0.0582347 -0.00498662 0)
(0.0552866 -0.00444059 0)
(0.0525437 -0.00392082 0)
(0.0500197 -0.00343312 0)
(0.0477211 -0.00298091 0)
(0.0456486 -0.00256536 0)
(0.0437977 -0.00218582 0)
(0.0421601 -0.0018403 0)
(0.0407243 -0.00152601 0)
(0.0394776 -0.00123972 0)
(0.0384062 -0.00097819 0)
(0.0374961 -0.000738358 0)
(0.0367341 -0.000517463 0)
(0.0361074 -0.000313101 0)
(0.0356042 -0.000123221 0)
(0.0352136 5.39164e-05 0)
(0.0349259 0.000219774 0)
(0.034732 0.000375591 0)
(0.0346239 0.000522418 0)
(0.0345943 0.000661151 0)
(0.0346366 0.00079256 0)
(0.0347447 0.000917303 0)
(0.0349134 0.00103595 0)
(0.0351376 0.00114898 0)
(0.0354128 0.00125683 0)
(0.035735 0.00135983 0)
(0.0361003 0.0014583 0)
(0.0365054 0.00155249 0)
(0.0369468 0.00164261 0)
(0.0374218 0.00172883 0)
(0.0379276 0.00181131 0)
(0.0384616 0.00189015 0)
(0.0390214 0.00196543 0)
(0.0396048 0.00203723 0)
(0.0402096 0.00210557 0)
(0.0408339 0.00217048 0)
(0.0414757 0.00223194 0)
(0.0421334 0.00228995 0)
(0.042805 0.00234445 0)
(0.0434891 0.00239539 0)
(0.0441839 0.0024427 0)
(0.0448879 0.00248628 0)
(0.0455996 0.00252603 0)
(0.0463175 0.00256184 0)
(0.0470402 0.00259357 0)
(0.0477663 0.00262108 0)
(0.0484942 0.00264423 0)
(0.0492227 0.00266285 0)
(0.0499504 0.0026768 0)
(0.0506759 0.0026859 0)
(0.0513978 0.00269 0)
(0.0521148 0.00268895 0)
(0.0528256 0.00268259 0)
(0.0535289 0.00267078 0)
(0.0542233 0.0026534 0)
(0.0549076 0.00263033 0)
(0.0555806 0.00260148 0)
(0.0562408 0.00256678 0)
(0.0568873 0.00252619 0)
(0.0575187 0.00247968 0)
(0.0581339 0.00242727 0)
(0.0587318 0.00236899 0)
(0.0593113 0.00230491 0)
(0.0598714 0.00223515 0)
(0.0604111 0.00215984 0)
(0.0609295 0.00207916 0)
(0.0614257 0.00199332 0)
(0.061899 0.00190257 0)
(0.0623485 0.00180719 0)
(0.0627736 0.00170749 0)
(0.0631737 0.00160382 0)
(0.0635483 0.00149655 0)
(0.0638967 0.0013861 0)
(0.0642187 0.00127288 0)
(0.0645138 0.00115736 0)
(0.0647818 0.00104002 0)
(0.0650224 0.000921357 0)
(0.0652355 0.000801881 0)
(0.065421 0.000682127 0)
(0.0655787 0.000562642 0)
(0.0657088 0.00044398 0)
(0.0658113 0.000326706 0)
(0.0658863 0.00021139 0)
(0.0659341 9.86051e-05 0)
(0.0659548 -1.10762e-05 0)
(0.0659488 -0.000117084 0)
(0.0659165 -0.000218855 0)
(0.0658584 -0.000315839 0)
(0.065775 -0.000407498 0)
(0.0656671 -0.000493316 0)
(0.0655352 -0.000572805 0)
(0.0653805 -0.000645507 0)
(0.0652037 -0.000711002 0)
(0.065006 -0.000768915 0)
(0.0647887 -0.000818922 0)
(0.0645532 -0.000860758 0)
(0.064301 -0.000894218 0)
(0.0640337 -0.000919169 0)
(0.0637532 -0.000935547 0)
(0.0634616 -0.000943366 0)
(0.0631608 -0.000942718 0)
(0.0628531 -0.000933772 0)
(0.0625409 -0.000916772 0)
(0.0622265 -0.000892038 0)
(0.0619124 -0.000859955 0)
(0.0616011 -0.00082097 0)
(0.0612951 -0.000775588 0)
(0.0609968 -0.000724355 0)
(0.0607085 -0.000667859 0)
(0.0604325 -0.000606714 0)
(0.0601709 -0.000541556 0)
(0.0599256 -0.000473033 0)
(0.0596983 -0.000401802 0)
(0.0594906 -0.000328518 0)
(0.0593036 -0.000253837 0)
(0.0591383 -0.000178407 0)
(0.0589956 -0.00010287 0)
(0.0588759 -2.78575e-05 0)
(0.0587793 4.60093e-05 0)
(0.0587059 0.000118122 0)
(0.0586554 0.000187885 0)
(0.0586273 0.000254722 0)
(0.0586207 0.000318076 0)
(0.0586349 0.000377417 0)
(0.0586686 0.000432245 0)
(0.0587206 0.000482102 0)
(0.0587894 0.000526573 0)
(0.0588736 0.000565299 0)
(0.0589714 0.000597987 0)
(0.0590811 0.000624412 0)
(0.059201 0.000644431 0)
(0.0593292 0.000657986 0)
(0.059464 0.000665106 0)
(0.0596034 0.00066592 0)
(0.0597457 0.00066061 0)
(0.0598892 0.000649524 0)
(0.060032 0.000632891 0)
(0.0601725 0.000611523 0)
(0.0603085 0.00058353 0)
(0.0604401 0.000559388 0)
(0.0605694 0.000507758 0)
(0.145996 -0.00153292 0)
(0.145626 -0.00187863 0)
(0.145176 -0.00220183 0)
(0.144665 -0.002488 0)
(0.144104 -0.00273409 0)
(0.143501 -0.00294265 0)
(0.14286 -0.00311829 0)
(0.142181 -0.00326602 0)
(0.141464 -0.00339065 0)
(0.140711 -0.00349653 0)
(0.139922 -0.00358753 0)
(0.139097 -0.00366707 0)
(0.138237 -0.00373814 0)
(0.137342 -0.00380337 0)
(0.136412 -0.00386508 0)
(0.135447 -0.00392533 0)
(0.134448 -0.00398594 0)
(0.133414 -0.00404854 0)
(0.132343 -0.00411459 0)
(0.131235 -0.00418536 0)
(0.130088 -0.00426198 0)
(0.128901 -0.00434546 0)
(0.127671 -0.00443665 0)
(0.126396 -0.00453623 0)
(0.125072 -0.00464476 0)
(0.123698 -0.00476261 0)
(0.122268 -0.00488996 0)
(0.120778 -0.00502677 0)
(0.119225 -0.00517275 0)
(0.117603 -0.00532733 0)
(0.115906 -0.00548962 0)
(0.114129 -0.00565835 0)
(0.112266 -0.00583187 0)
(0.11031 -0.00600809 0)
(0.108256 -0.00618444 0)
(0.106095 -0.00635783 0)
(0.103823 -0.0065247 0)
(0.101432 -0.00668094 0)
(0.0989169 -0.00682198 0)
(0.096273 -0.0069428 0)
(0.0934965 -0.0070381 0)
(0.0905852 -0.00710238 0)
(0.0875393 -0.00713021 0)
(0.0843615 -0.00711644 0)
(0.0810581 -0.00705655 0)
(0.0776393 -0.00694695 0)
(0.07412 -0.00678537 0)
(0.0705202 -0.00657118 0)
(0.0668649 -0.00630572 0)
(0.063184 -0.00599254 0)
(0.0595117 -0.00563753 0)
(0.055885 -0.00524886 0)
(0.0523425 -0.00483658 0)
(0.0489214 -0.00441202 0)
(0.0456564 -0.0039868 0)
(0.0425768 -0.00357174 0)
(0.0397057 -0.00317588 0)
(0.0370586 -0.0028058 0)
(0.0346433 -0.00246534 0)
(0.0324608 -0.00215575 0)
(0.0305059 -0.00187622 0)
(0.0287687 -0.00162453 0)
(0.0272362 -0.00139769 0)
(0.0258936 -0.00119249 0)
(0.0247253 -0.00100594 0)
(0.0237163 -0.000835405 0)
(0.0228522 -0.000678723 0)
(0.0221198 -0.000534127 0)
(0.0215074 -0.000400182 0)
(0.0210041 -0.000275686 0)
(0.0206004 -0.000159594 0)
(0.020288 -5.09738e-05 0)
(0.0200592 5.10267e-05 0)
(0.0199072 0.000147185 0)
(0.019826 0.000238207 0)
(0.0198102 0.000324724 0)
(0.0198547 0.000407288 0)
(0.0199553 0.000486378 0)
(0.0201078 0.000562398 0)
(0.0203088 0.000635685 0)
(0.0205549 0.000706514 0)
(0.0208431 0.000775106 0)
(0.0211708 0.000841638 0)
(0.0215354 0.000906245 0)
(0.0219347 0.000969029 0)
(0.0223664 0.00103007 0)
(0.0228288 0.00108941 0)
(0.0233198 0.00114708 0)
(0.0238378 0.00120311 0)
(0.0243812 0.00125748 0)
(0.0249483 0.0013102 0)
(0.0255378 0.00136123 0)
(0.0261482 0.00141054 0)
(0.0267781 0.00145809 0)
(0.0274262 0.00150383 0)
(0.0280912 0.00154768 0)
(0.0287718 0.00158958 0)
(0.0294668 0.00162945 0)
(0.030175 0.00166718 0)
(0.0308951 0.00170268 0)
(0.0316259 0.00173584 0)
(0.0323662 0.00176654 0)
(0.0331147 0.00179465 0)
(0.0338702 0.00182002 0)
(0.0346315 0.00184253 0)
(0.0353973 0.00186201 0)
(0.0361663 0.00187833 0)
(0.0369372 0.00189132 0)
(0.0377087 0.00190083 0)
(0.0384794 0.0019067 0)
(0.039248 0.0019088 0)
(0.0400131 0.00190696 0)
(0.0407733 0.00190107 0)
(0.0415272 0.00189098 0)
(0.0422734 0.0018766 0)
(0.0430104 0.00185783 0)
(0.0437369 0.00183459 0)
(0.0444513 0.00180682 0)
(0.0451523 0.00177449 0)
(0.0458385 0.00173759 0)
(0.0465085 0.00169614 0)
(0.0471608 0.00165017 0)
(0.0477941 0.00159977 0)
(0.0484072 0.00154503 0)
(0.0489986 0.00148609 0)
(0.0495673 0.00142311 0)
(0.050112 0.00135629 0)
(0.0506315 0.00128584 0)
(0.0511248 0.00121203 0)
(0.0515909 0.00113514 0)
(0.0520288 0.00105548 0)
(0.0524377 0.000973375 0)
(0.0528167 0.000889199 0)
(0.0531653 0.000803332 0)
(0.0534826 0.000716179 0)
(0.0537683 0.000628163 0)
(0.0540219 0.000539723 0)
(0.054243 0.000451311 0)
(0.0544314 0.000363393 0)
(0.0545869 0.000276441 0)
(0.0547096 0.000190932 0)
(0.0547996 0.000107346 0)
(0.0548571 2.61622e-05 0)
(0.0548825 -5.21474e-05 0)
(0.0548762 -0.000127119 0)
(0.054839 -0.000198303 0)
(0.0547715 -0.000265269 0)
(0.0546749 -0.000327609 0)
(0.0545502 -0.000384948 0)
(0.0543988 -0.000436944 0)
(0.0542221 -0.000483295 0)
(0.0540218 -0.000523746 0)
(0.0537997 -0.000558096 0)
(0.0535579 -0.000586197 0)
(0.0532985 -0.000607962 0)
(0.0530239 -0.000623367 0)
(0.0527366 -0.00063245 0)
(0.0524391 -0.000635314 0)
(0.0521342 -0.000632124 0)
(0.0518246 -0.000623101 0)
(0.0515131 -0.00060852 0)
(0.0512025 -0.000588702 0)
(0.0508957 -0.000564009 0)
(0.0505952 -0.00053483 0)
(0.0503037 -0.00050158 0)
(0.0500236 -0.000464683 0)
(0.0497573 -0.000424573 0)
(0.0495068 -0.000381683 0)
(0.0492741 -0.000336439 0)
(0.0490608 -0.000289259 0)
(0.0488683 -0.000240549 0)
(0.0486978 -0.000190705 0)
(0.0485503 -0.00014011 0)
(0.0484263 -8.914e-05 0)
(0.0483264 -3.81626e-05 0)
(0.0482507 1.24582e-05 0)
(0.0481992 6.23607e-05 0)
(0.0481715 0.000111183 0)
(0.0481672 0.000158565 0)
(0.0481856 0.000204143 0)
(0.0482259 0.000247557 0)
(0.0482869 0.000288454 0)
(0.0483675 0.000326485 0)
(0.0484662 0.000361321 0)
(0.0485817 0.000392651 0)
(0.0487122 0.000420192 0)
(0.048856 0.0004437 0)
(0.0490114 0.000462974 0)
(0.0491764 0.000477863 0)
(0.0493492 0.000488277 0)
(0.0495278 0.000494191 0)
(0.0497102 0.000495644 0)
(0.0498946 0.000492759 0)
(0.0500791 0.000485717 0)
(0.0502618 0.000474838 0)
(0.050441 0.000460184 0)
(0.0506149 0.000443709 0)
(0.0507805 0.000420599 0)
(0.0509382 0.0004054 0)
(0.0511007 0.000379608 0)
(0.126612 -0.00124315 0)
(0.126085 -0.00149898 0)
(0.125454 -0.00173811 0)
(0.124728 -0.00194752 0)
(0.123918 -0.00212266 0)
(0.123033 -0.00226466 0)
(0.122079 -0.00237745 0)
(0.121064 -0.00246596 0)
(0.119992 -0.00253506 0)
(0.11887 -0.0025891 0)
(0.1177 -0.0026318 0)
(0.116487 -0.00266625 0)
(0.115235 -0.00269502 0)
(0.113946 -0.00272026 0)
(0.112622 -0.00274381 0)
(0.111264 -0.00276721 0)
(0.109873 -0.00279179 0)
(0.108448 -0.0028187 0)
(0.106989 -0.00284892 0)
(0.105495 -0.00288328 0)
(0.103964 -0.00292244 0)
(0.102394 -0.00296696 0)
(0.100782 -0.00301721 0)
(0.0991257 -0.00307345 0)
(0.0974204 -0.00313575 0)
(0.0956624 -0.00320402 0)
(0.0938476 -0.00327795 0)
(0.0919711 -0.00335703 0)
(0.0900282 -0.00344049 0)
(0.0880136 -0.0035273 0)
(0.0859223 -0.00361609 0)
(0.0837492 -0.00370519 0)
(0.0814894 -0.00379257 0)
(0.0791387 -0.00387582 0)
(0.0766934 -0.00395216 0)
(0.0741508 -0.00401847 0)
(0.0715095 -0.00407129 0)
(0.06877 -0.00410695 0)
(0.0659349 -0.00412171 0)
(0.0630093 -0.0041119 0)
(0.0600017 -0.00407423 0)
(0.0569238 -0.00400611 0)
(0.0537914 -0.00390597 0)
(0.0506239 -0.00377362 0)
(0.0474447 -0.00361046 0)
(0.0442804 -0.00341964 0)
(0.0411601 -0.00320589 0)
(0.0381142 -0.00297529 0)
(0.0351728 -0.00273476 0)
(0.032364 -0.00249145 0)
(0.029712 -0.00225209 0)
(0.0272356 -0.00202238 0)
(0.024947 -0.00180656 0)
(0.0228516 -0.00160717 0)
(0.0209488 -0.00142511 0)
(0.0192329 -0.00125999 0)
(0.017695 -0.00111046 0)
(0.0163242 -0.000974775 0)
(0.0151084 -0.000851105 0)
(0.0140357 -0.000737838 0)
(0.0130941 -0.000633709 0)
(0.0122724 -0.000537823 0)
(0.0115602 -0.000449583 0)
(0.0109478 -0.000368571 0)
(0.0104263 -0.000294406 0)
(0.00998779 -0.000226643 0)
(0.00962517 -0.000164725 0)
(0.00933199 -0.000107989 0)
(0.00910249 -5.57106e-05 0)
(0.00893155 -7.15433e-06 0)
(0.00881464 3.83718e-05 0)
(0.00874771 8.14844e-05 0)
(0.00872721 0.000122705 0)
(0.00875004 0.000162459 0)
(0.00881343 0.000201077 0)
(0.00891497 0.000238811 0)
(0.00905255 0.000275847 0)
(0.00922427 0.000312317 0)
(0.00942846 0.000348312 0)
(0.00966362 0.000383894 0)
(0.00992838 0.000419099 0)
(0.0102215 0.000453945 0)
(0.0105419 0.00048844 0)
(0.0108884 0.000522576 0)
(0.0112601 0.000556339 0)
(0.0116561 0.000589708 0)
(0.0120754 0.000622655 0)
(0.0125172 0.000655147 0)
(0.0129807 0.000687148 0)
(0.013465 0.000718614 0)
(0.0139693 0.000749502 0)
(0.0144929 0.000779761 0)
(0.015035 0.000809338 0)
(0.0155947 0.000838175 0)
(0.0161712 0.000866212 0)
(0.0167639 0.000893381 0)
(0.0173717 0.00091961 0)
(0.0179939 0.000944824 0)
(0.0186297 0.000968938 0)
(0.019278 0.000991866 0)
(0.0199381 0.00101351 0)
(0.0206089 0.00103378 0)
(0.0212894 0.00105257 0)
(0.0219787 0.00106976 0)
(0.0226757 0.00108525 0)
(0.0233792 0.00109891 0)
(0.0240881 0.00111063 0)
(0.0248012 0.00112029 0)
(0.0255173 0.00112777 0)
(0.026235 0.00113294 0)
(0.0269532 0.0011357 0)
(0.0276702 0.00113593 0)
(0.0283849 0.00113352 0)
(0.0290957 0.00112839 0)
(0.0298011 0.00112044 0)
(0.0304996 0.0011096 0)
(0.0311897 0.0010958 0)
(0.0318699 0.00107902 0)
(0.0325385 0.00105921 0)
(0.033194 0.00103637 0)
(0.0338348 0.00101051 0)
(0.0344594 0.000981661 0)
(0.0350661 0.000949881 0)
(0.0356535 0.000915245 0)
(0.03622 0.000877854 0)
(0.0367643 0.000837834 0)
(0.0372848 0.000795332 0)
(0.0377803 0.000750519 0)
(0.0382495 0.00070359 0)
(0.0386912 0.000654759 0)
(0.0391042 0.000604264 0)
(0.0394876 0.000552361 0)
(0.0398404 0.000499323 0)
(0.0401618 0.000445439 0)
(0.0404512 0.000391014 0)
(0.040708 0.000336363 0)
(0.0409318 0.000281811 0)
(0.0411223 0.000227688 0)
(0.0412795 0.00017433 0)
(0.0414034 0.000122072 0)
(0.0414942 7.12475e-05 0)
(0.0415524 2.2182e-05 0)
(0.0415784 -2.48077e-05 0)
(0.0415732 -6.94194e-05 0)
(0.0415377 -0.000111369 0)
(0.0414729 -0.000150393 0)
(0.0413804 -0.000186257 0)
(0.0412616 -0.000218754 0)
(0.0411183 -0.000247713 0)
(0.0409523 -0.000273 0)
(0.0407657 -0.000294518 0)
(0.0405609 -0.000312215 0)
(0.04034 -0.00032608 0)
(0.0401055 -0.000336144 0)
(0.0398601 -0.000342479 0)
(0.0396063 -0.000345194 0)
(0.0393467 -0.000344436 0)
(0.039084 -0.000340379 0)
(0.0388207 -0.000333223 0)
(0.0385594 -0.000323187 0)
(0.0383025 -0.000310504 0)
(0.0380523 -0.000295413 0)
(0.0378111 -0.000278156 0)
(0.0375807 -0.00025897 0)
(0.0373631 -0.000238088 0)
(0.03716 -0.000215729 0)
(0.0369727 -0.000192104 0)
(0.0368026 -0.000167409 0)
(0.0366507 -0.00014183 0)
(0.0365179 -0.000115539 0)
(0.036405 -8.87025e-05 0)
(0.0363123 -6.14793e-05 0)
(0.0362404 -3.40256e-05 0)
(0.0361893 -6.49744e-06 0)
(0.036159 2.0946e-05 0)
(0.0361494 4.81401e-05 0)
(0.0361601 7.4913e-05 0)
(0.0361908 0.000101084 0)
(0.0362407 0.000126464 0)
(0.0363092 0.000150855 0)
(0.0363953 0.000174055 0)
(0.036498 0.000195858 0)
(0.0366161 0.000216057 0)
(0.0367484 0.000234453 0)
(0.0368933 0.000250856 0)
(0.0370495 0.000265094 0)
(0.0372154 0.000277016 0)
(0.0373891 0.000286501 0)
(0.0375691 0.00029346 0)
(0.0377536 0.000297847 0)
(0.0379407 0.000299654 0)
(0.0381288 0.000298931 0)
(0.0383161 0.000295772 0)
(0.038501 0.000290284 0)
(0.0386818 0.000283036 0)
(0.0388567 0.000272979 0)
(0.0390257 0.000264887 0)
(0.0391851 0.000249384 0)
(0.0393312 0.000242558 0)
(0.0394991 0.000245376 0)
(0.0882076 -0.00081229 0)
(0.0875014 -0.000968745 0)
(0.0866743 -0.00110071 0)
(0.0857393 -0.00120055 0)
(0.0847133 -0.00126814 0)
(0.0836131 -0.00130818 0)
(0.0824537 -0.00132724 0)
(0.0812476 -0.00133177 0)
(0.0800049 -0.00132709 0)
(0.0787332 -0.00131717 0)
(0.0774385 -0.00130478 0)
(0.0761249 -0.00129179 0)
(0.0747954 -0.00127947 0)
(0.0734516 -0.0012687 0)
(0.0720944 -0.00126008 0)
(0.070724 -0.00125408 0)
(0.0693397 -0.00125101 0)
(0.0679403 -0.0012511 0)
(0.0665242 -0.00125447 0)
(0.0650891 -0.00126117 0)
(0.0636327 -0.00127115 0)
(0.0621521 -0.00128428 0)
(0.0606442 -0.00130033 0)
(0.0591058 -0.00131898 0)
(0.0575335 -0.00133982 0)
(0.0559241 -0.00136231 0)
(0.0542743 -0.00138582 0)
(0.052581 -0.00140957 0)
(0.0508417 -0.00143267 0)
(0.0490541 -0.00145412 0)
(0.0472169 -0.00147278 0)
(0.0453296 -0.00148744 0)
(0.0433929 -0.00149681 0)
(0.0414087 -0.00149959 0)
(0.0393808 -0.00149452 0)
(0.0373147 -0.00148044 0)
(0.035218 -0.00145642 0)
(0.0331005 -0.0014218 0)
(0.030974 -0.00137635 0)
(0.0288523 -0.00132033 0)
(0.0267507 -0.00125459 0)
(0.0246855 -0.0011806 0)
(0.0226729 -0.00110041 0)
(0.0207287 -0.00101653 0)
(0.018867 -0.000931725 0)
(0.0170999 -0.000848754 0)
(0.0154368 -0.000770004 0)
(0.0138845 -0.000697185 0)
(0.0124472 -0.000631054 0)
(0.0111264 -0.000571276 0)
(0.00992156 -0.000516542 0)
(0.00883003 -0.000464976 0)
(0.00784759 -0.000414796 0)
(0.00696867 -0.000364961 0)
(0.00618676 -0.000315523 0)
(0.00549481 -0.000267504 0)
(0.00488559 -0.000222423 0)
(0.004352 -0.000181702 0)
(0.00388727 -0.000146229 0)
(0.00348507 -0.000116198 0)
(0.00313957 -9.11878e-05 0)
(0.00284549 -7.03916e-05 0)
(0.00259802 -5.28619e-05 0)
(0.00239282 -3.77012e-05 0)
(0.00222601 -2.41663e-05 0)
(0.00209412 -1.16997e-05 0)
(0.0019941 8.61361e-08 0)
(0.00192334 1.14456e-05 0)
(0.00187958 2.25402e-05 0)
(0.00186095 3.34727e-05 0)
(0.00186589 4.43134e-05 0)
(0.00189311 5.51159e-05 0)
(0.00194157 6.59259e-05 0)
(0.00201043 7.6785e-05 0)
(0.00209899 8.77303e-05 0)
(0.00220668 9.87934e-05 0)
(0.00233305 0.00011 0)
(0.00247769 0.000121366 0)
(0.00264027 0.000132902 0)
(0.00282051 0.000144609 0)
(0.00301814 0.000156482 0)
(0.00323293 0.00016851 0)
(0.00346465 0.000180675 0)
(0.00371308 0.000192959 0)
(0.00397799 0.000205337 0)
(0.00425917 0.000217783 0)
(0.00455639 0.000230269 0)
(0.00486938 0.000242766 0)
(0.00519791 0.000255245 0)
(0.00554168 0.000267673 0)
(0.00590041 0.000280021 0)
(0.00627377 0.000292254 0)
(0.00666144 0.000304341 0)
(0.00706303 0.000316246 0)
(0.00747815 0.000327934 0)
(0.0079064 0.000339367 0)
(0.0083473 0.000350505 0)
(0.00880036 0.000361308 0)
(0.00926507 0.000371731 0)
(0.00974085 0.000381728 0)
(0.0102271 0.000391249 0)
(0.0107232 0.000400243 0)
(0.0112283 0.000408654 0)
(0.0117418 0.000416426 0)
(0.0122629 0.000423499 0)
(0.0127906 0.000429814 0)
(0.0133241 0.000435307 0)
(0.0138625 0.000439917 0)
(0.0144046 0.000443581 0)
(0.0149494 0.000446237 0)
(0.0154958 0.000447826 0)
(0.0160425 0.000448291 0)
(0.0165885 0.000447579 0)
(0.0171322 0.000445643 0)
(0.0176725 0.000442441 0)
(0.018208 0.000437937 0)
(0.0187373 0.000432104 0)
(0.0192589 0.000424926 0)
(0.0197715 0.000416393 0)
(0.0202736 0.000406509 0)
(0.0207637 0.000395288 0)
(0.0212404 0.000382756 0)
(0.0217023 0.000368951 0)
(0.022148 0.000353924 0)
(0.0225762 0.000337739 0)
(0.0229856 0.000320471 0)
(0.023375 0.000302209 0)
(0.0237431 0.000283053 0)
(0.024089 0.000263112 0)
(0.0244116 0.000242508 0)
(0.0247101 0.000221369 0)
(0.0249838 0.000199831 0)
(0.0252319 0.000178039 0)
(0.0254541 0.000156139 0)
(0.02565 0.000134281 0)
(0.0258193 0.000112617 0)
(0.0259621 9.12972e-05 0)
(0.0260784 7.04686e-05 0)
(0.0261686 5.02742e-05 0)
(0.026233 3.085e-05 0)
(0.0262724 1.23235e-05 0)
(0.0262875 -5.18834e-06 0)
(0.0262792 -2.15809e-05 0)
(0.0262486 -3.6763e-05 0)
(0.0261971 -5.06586e-05 0)
(0.0261259 -6.32077e-05 0)
(0.0260366 -7.43671e-05 0)
(0.0259308 -8.41105e-05 0)
(0.0258103 -9.24289e-05 0)
(0.0256768 -9.93295e-05 0)
(0.0255322 -0.000104835 0)
(0.0253784 -0.000108983 0)
(0.0252172 -0.000111824 0)
(0.0250506 -0.000113416 0)
(0.0248804 -0.00011383 0)
(0.0247085 -0.000113139 0)
(0.0245365 -0.000111425 0)
(0.0243662 -0.000108768 0)
(0.0241992 -0.00010525 0)
(0.0240368 -0.000100951 0)
(0.0238804 -9.59487e-05 0)
(0.0237314 -9.03173e-05 0)
(0.0235907 -8.41254e-05 0)
(0.0234594 -7.74365e-05 0)
(0.0233384 -7.03083e-05 0)
(0.0232284 -6.27927e-05 0)
(0.0231301 -5.49363e-05 0)
(0.023044 -4.67804e-05 0)
(0.0229706 -3.83626e-05 0)
(0.0229102 -2.97172e-05 0)
(0.0228632 -2.08769e-05 0)
(0.0228298 -1.18743e-05 0)
(0.0228099 -2.74337e-06 0)
(0.0228038 6.47899e-06 0)
(0.0228113 1.57513e-05 0)
(0.0228323 2.50267e-05 0)
(0.0228665 3.42513e-05 0)
(0.0229138 4.33646e-05 0)
(0.0229736 5.22987e-05 0)
(0.0230455 6.09795e-05 0)
(0.0231288 6.93269e-05 0)
(0.023223 7.7257e-05 0)
(0.0233271 8.46841e-05 0)
(0.0234403 9.15227e-05 0)
(0.0235616 9.76904e-05 0)
(0.02369 0.000103111 0)
(0.0238243 0.000107718 0)
(0.0239632 0.000111455 0)
(0.0241056 0.000114283 0)
(0.0242502 0.000116176 0)
(0.0243957 0.000117139 0)
(0.0245409 0.000117168 0)
(0.0246845 0.000116402 0)
(0.0248254 0.000114623 0)
(0.0249627 0.000112907 0)
(0.0250953 0.000108938 0)
(0.0252215 0.000108979 0)
(0.0253475 0.000103262 0)
(0.0254469 0.000102088 0)
(0.0255974 0.000126246 0)
(0.0327074 -0.000237081 0)
(0.0321018 -0.000260427 0)
(0.0314338 -0.000263165 0)
(0.0307298 -0.000249168 0)
(0.0300105 -0.000225476 0)
(0.0292892 -0.000199112 0)
(0.0285728 -0.000175037 0)
(0.0278641 -0.000155674 0)
(0.0271638 -0.000141457 0)
(0.0264719 -0.0001317 0)
(0.0257879 -0.000125323 0)
(0.0251111 -0.000121304 0)
(0.0244408 -0.000118862 0)
(0.0237758 -0.000117476 0)
(0.0231149 -0.000116829 0)
(0.0224569 -0.000116734 0)
(0.0218 -0.000117069 0)
(0.0211428 -0.00011774 0)
(0.0204836 -0.000118658 0)
(0.0198207 -0.000119723 0)
(0.0191526 -0.000120829 0)
(0.0184779 -0.000121858 0)
(0.0177953 -0.000122679 0)
(0.0171037 -0.000123156 0)
(0.0164024 -0.000123145 0)
(0.0156908 -0.000122503 0)
(0.0149688 -0.000121088 0)
(0.0142367 -0.000118775 0)
(0.0134953 -0.000115463 0)
(0.0127457 -0.000111089 0)
(0.0119896 -0.000105648 0)
(0.0112294 -9.92054e-05 0)
(0.0104678 -9.19168e-05 0)
(0.00970786 -8.40328e-05 0)
(0.00895332 -7.58997e-05 0)
(0.00820806 -6.79411e-05 0)
(0.00747621 -6.06179e-05 0)
(0.006762 -5.43636e-05 0)
(0.00606966 -4.94992e-05 0)
(0.00540333 -4.61391e-05 0)
(0.00476693 -4.41164e-05 0)
(0.00416408 -4.29558e-05 0)
(0.00359799 -4.19262e-05 0)
(0.00307129 -4.01777e-05 0)
(0.00258587 -3.69414e-05 0)
(0.00214268 -3.17365e-05 0)
(0.00174162 -2.45186e-05 0)
(0.00138147 -1.57175e-05 0)
(0.00106001 -6.14608e-06 0)
(0.000774357 3.19349e-06 0)
(0.000521402 1.1345e-05 0)
(0.00029825 1.76003e-05 0)
(0.000102534 2.161e-05 0)
(-6.75819e-05 2.33906e-05 0)
(-0.000213639 2.32521e-05 0)
(-0.000337222 2.16885e-05 0)
(-0.000440198 1.92667e-05 0)
(-0.000524758 1.65293e-05 0)
(-0.00059328 1.39234e-05 0)
(-0.0006481 1.17561e-05 0)
(-0.000691309 1.01802e-05 0)
(-0.000724626 9.20818e-06 0)
(-0.000749384 8.74722e-06 0)
(-0.000766571 8.64648e-06 0)
(-0.000776913 8.74367e-06 0)
(-0.000780949 8.90091e-06 0)
(-0.000779087 9.02448e-06 0)
(-0.000771641 9.06888e-06 0)
(-0.000758848 9.0296e-06 0)
(-0.000740879 8.93021e-06 0)
(-0.000717841 8.80875e-06 0)
(-0.000689786 8.70644e-06 0)
(-0.000656713 8.66004e-06 0)
(-0.000618578 8.69776e-06 0)
(-0.000575301 8.83809e-06 0)
(-0.000526777 9.09049e-06 0)
(-0.000472882 9.45702e-06 0)
(-0.000413482 9.93443e-06 0)
(-0.000348441 1.0516e-05 0)
(-0.000277624 1.11929e-05 0)
(-0.000200903 1.19559e-05 0)
(-0.000118159 1.27953e-05 0)
(-2.92865e-05 1.3702e-05 0)
(6.58064e-05 1.46675e-05 0)
(0.000167197 1.56839e-05 0)
(0.000274946 1.67439e-05 0)
(0.000389099 1.78409e-05 0)
(0.000509682 1.89688e-05 0)
(0.000636707 2.01217e-05 0)
(0.000770167 2.12943e-05 0)
(0.000910039 2.24815e-05 0)
(0.00105628 2.36782e-05 0)
(0.00120883 2.48798e-05 0)
(0.00136761 2.60813e-05 0)
(0.00153253 2.72782e-05 0)
(0.00170347 2.84654e-05 0)
(0.00188029 2.96381e-05 0)
(0.00206284 3.0791e-05 0)
(0.00225092 3.19186e-05 0)
(0.00244435 3.30151e-05 0)
(0.00264289 3.40742e-05 0)
(0.00284627 3.50894e-05 0)
(0.00305422 3.60536e-05 0)
(0.00326642 3.69595e-05 0)
(0.00348252 3.77991e-05 0)
(0.00370214 3.85645e-05 0)
(0.00392487 3.92473e-05 0)
(0.00415026 3.98389e-05 0)
(0.00437784 4.0331e-05 0)
(0.00460708 4.07153e-05 0)
(0.00483745 4.09837e-05 0)
(0.00506837 4.11286e-05 0)
(0.00529923 4.11433e-05 0)
(0.00552939 4.10217e-05 0)
(0.00575821 4.07589e-05 0)
(0.00598501 4.03511e-05 0)
(0.00620908 3.9796e-05 0)
(0.00642974 3.90929e-05 0)
(0.00664626 3.82427e-05 0)
(0.00685794 3.72481e-05 0)
(0.00706408 3.61137e-05 0)
(0.00726399 3.48458e-05 0)
(0.00745699 3.34528e-05 0)
(0.00764244 3.19448e-05 0)
(0.00781973 3.03334e-05 0)
(0.00798828 2.86319e-05 0)
(0.00814757 2.68549e-05 0)
(0.00829712 2.5018e-05 0)
(0.00843652 2.31377e-05 0)
(0.00856541 2.1231e-05 0)
(0.00868351 1.9315e-05 0)
(0.00879061 1.74066e-05 0)
(0.00888655 1.55222e-05 0)
(0.00897129 1.36775e-05 0)
(0.00904483 1.18869e-05 0)
(0.00910726 1.01632e-05 0)
(0.00915876 8.51791e-06 0)
(0.00919957 6.9603e-06 0)
(0.00923001 5.49782e-06 0)
(0.00925045 4.13586e-06 0)
(0.00926135 2.87779e-06 0)
(0.00926321 1.72508e-06 0)
(0.00925659 6.77417e-07 0)
(0.0092421 -2.6701e-07 0)
(0.00922037 -1.11129e-06 0)
(0.00919207 -1.85951e-06 0)
(0.00915791 -2.51643e-06 0)
(0.00911857 -3.08725e-06 0)
(0.00907477 -3.57738e-06 0)
(0.00902721 -3.99224e-06 0)
(0.0089766 -4.33713e-06 0)
(0.00892362 -4.61721e-06 0)
(0.00886891 -4.8374e-06 0)
(0.00881312 -5.00246e-06 0)
(0.00875683 -5.11696e-06 0)
(0.00870061 -5.18532e-06 0)
(0.00864497 -5.21181e-06 0)
(0.0085904 -5.20052e-06 0)
(0.00853734 -5.15526e-06 0)
(0.00848619 -5.07953e-06 0)
(0.0084373 -4.97636e-06 0)
(0.00839102 -4.84819e-06 0)
(0.00834762 -4.69677e-06 0)
(0.00830736 -4.52307e-06 0)
(0.00827048 -4.32721e-06 0)
(0.00823717 -4.10845e-06 0)
(0.00820762 -3.86524e-06 0)
(0.008182 -3.59528e-06 0)
(0.00816044 -3.29568e-06 0)
(0.00814308 -2.96313e-06 0)
(0.00813003 -2.59408e-06 0)
(0.0081214 -2.18503e-06 0)
(0.00811727 -1.73275e-06 0)
(0.00811772 -1.23454e-06 0)
(0.00812281 -6.88542e-07 0)
(0.00813257 -9.39374e-08 0)
(0.00814702 5.48803e-07 0)
(0.00816613 1.23775e-06 0)
(0.00818987 1.96941e-06 0)
(0.00821814 2.73866e-06 0)
(0.00825083 3.53876e-06 0)
(0.00828776 4.36149e-06 0)
(0.00832873 5.19733e-06 0)
(0.00837348 6.03567e-06 0)
(0.0084217 6.86523e-06 0)
(0.00847304 7.67432e-06 0)
(0.00852713 8.4514e-06 0)
(0.00858354 9.18522e-06 0)
(0.00864182 9.86638e-06 0)
(0.00870151 1.04846e-05 0)
(0.00876212 1.104e-05 0)
(0.00882321 1.15131e-05 0)
(0.00888424 1.19596e-05 0)
(0.00894507 1.22535e-05 0)
(0.00900448 1.27931e-05 0)
(0.00906494 1.28181e-05 0)
(0.00911866 1.4075e-05 0)
(0.00918662 1.47309e-05 0)
(0.00922081 1.48053e-05 0)
(0.00932527 3.21601e-05 0)
)
;

boundaryField
{
    inlet
    {
        type            fixedProfile;
        profile         table
        
21
(
(0 (0 0 0))
(0.05 (0.0285 0 0))
(0.1 (0.054 0 0))
(0.15 (0.0765 0 0))
(0.2 (0.096 0 0))
(0.25 (0.1125 0 0))
(0.3 (0.126 0 0))
(0.35 (0.1365 0 0))
(0.4 (0.144 0 0))
(0.45 (0.1485 0 0))
(0.5 (0.15 0 0))
(0.55 (0.1485 0 0))
(0.6 (0.144 0 0))
(0.65 (0.1365 0 0))
(0.7 (0.126 0 0))
(0.75 (0.1125 0 0))
(0.8 (0.096 0 0))
(0.85 (0.0765 0 0))
(0.9 (0.054 0 0))
(0.95 (0.0285 0 0))
(1 (0 0 0))
)
;
        direction       (0 1 0);
        origin          1;
        value           nonuniform List<vector> 8((0.034875 0 0) (0.091125 0 0) (0.128625 0 0) (0.147375 0 0) (0.147375 0 0) (0.128625 0 0) (0.091125 0 0) (0.034875 0 0));
    }
    outlet
    {
        type            zeroGradient;
    }
    walls
    {
        type            noSlip;
    }
    symwall
    {
        type            empty;
    }
}


// ************************************************************************* //
