/*--------------------------------*- C++ -*----------------------------------*\
| =========                 |                                                 |
| \\      /  F ield         | OpenFOAM: The Open Source CFD Toolbox           |
|  \\    /   O peration     | Version:  4.1                                   |
|   \\  /    A nd           | Web:      www.OpenFOAM.org                      |
|    \\/     M anipulation  |                                                 |
\*---------------------------------------------------------------------------*/
FoamFile
{
    version     2.0;
    format      ascii;
    class       volVectorField;
    location    "22";
    object      U;
}
// * * * * * * * * * * * * * * * * * * * * * * * * * * * * * * * * * * * * * //

dimensions      [0 1 -1 0 0 0 0];

internalField   nonuniform List<vector> 
3264
(
(-0.00123366 0.0011498 0)
(-0.00463715 0.00135183 0)
(-0.00797039 0.00136905 0)
(-0.0107555 0.00123472 0)
(-0.0127339 0.000961089 0)
(-0.0136479 0.00053799 0)
(-0.0133112 2.49178e-05 0)
(-0.0117197 -0.000522121 0)
(-0.00896211 -0.00101755 0)
(-0.00530407 -0.00138685 0)
(-0.00109474 -0.00157572 0)
(0.00325646 -0.00157804 0)
(0.00739217 -0.00143233 0)
(0.0110575 -0.00120076 0)
(0.0141243 -0.000942939 0)
(0.0165704 -0.000700933 0)
(0.0184451 -0.000496732 0)
(0.0198349 -0.000336788 0)
(0.0208366 -0.000218262 0)
(0.0215414 -0.000134171 0)
(0.0220268 -7.66572e-05 0)
(0.0223543 -3.86312e-05 0)
(0.0225706 -1.437e-05 0)
(0.0227099 4.52276e-07 0)
(0.0227969 8.96721e-06 0)
(0.0228486 1.33735e-05 0)
(0.0228772 1.51791e-05 0)
(0.0228906 1.53981e-05 0)
(0.0228946 1.46992e-05 0)
(0.0228927 1.35147e-05 0)
(0.0228874 1.21173e-05 0)
(0.0228804 1.06736e-05 0)
(0.0228727 9.28062e-06 0)
(0.0228649 7.99088e-06 0)
(0.0228574 6.82854e-06 0)
(0.0228505 5.80055e-06 0)
(0.0228441 4.90374e-06 0)
(0.0228385 4.12934e-06 0)
(0.0228335 3.46588e-06 0)
(0.0228292 2.90098e-06 0)
(0.0228254 2.42237e-06 0)
(0.0228221 2.01853e-06 0)
(0.0228193 1.67892e-06 0)
(0.0228169 1.39414e-06 0)
(0.0228149 1.15592e-06 0)
(0.0228132 9.57089e-07 0)
(0.0228117 7.9144e-07 0)
(0.0228105 6.53673e-07 0)
(0.0228095 5.39274e-07 0)
(0.0228086 4.44415e-07 0)
(0.0228079 3.65862e-07 0)
(0.0228073 3.00895e-07 0)
(0.0228068 2.47225e-07 0)
(0.0228063 2.02939e-07 0)
(0.022806 1.66434e-07 0)
(0.0228057 1.36374e-07 0)
(0.0228055 1.11646e-07 0)
(0.0228053 9.13225e-08 0)
(0.0228051 7.46356e-08 0)
(0.022805 6.09467e-08 0)
(0.0228048 4.97272e-08 0)
(0.0228048 4.05395e-08 0)
(0.0228047 3.30222e-08 0)
(0.0228046 2.68768e-08 0)
(0.0228046 2.18571e-08 0)
(0.0228045 1.77603e-08 0)
(0.0228045 1.44194e-08 0)
(0.0228045 1.16973e-08 0)
(0.0228044 9.48101e-09 0)
(0.0228044 7.67814e-09 0)
(0.0228044 6.21274e-09 0)
(0.0228044 5.02263e-09 0)
(0.0228044 4.05687e-09 0)
(0.0228044 3.27383e-09 0)
(0.0228044 2.63944e-09 0)
(0.0228044 2.12594e-09 0)
(0.0228044 1.71066e-09 0)
(0.0228043 1.37512e-09 0)
(0.0228043 1.10424e-09 0)
(0.0228043 8.85753e-10 0)
(0.0228043 7.09686e-10 0)
(0.0228043 5.67949e-10 0)
(0.0228043 4.53971e-10 0)
(0.0228043 3.6241e-10 0)
(0.0228043 2.88925e-10 0)
(0.0228043 2.30003e-10 0)
(0.0228043 1.82811e-10 0)
(0.0228043 1.45068e-10 0)
(0.0228043 1.14929e-10 0)
(0.0228043 9.08927e-11 0)
(0.0228043 7.17456e-11 0)
(0.0228043 5.65076e-11 0)
(0.0228043 4.43999e-11 0)
(0.0228043 3.4802e-11 0)
(0.0228043 2.72097e-11 0)
(0.0228043 2.12147e-11 0)
(0.0228043 1.6482e-11 0)
(0.0228043 1.27484e-11 0)
(0.0228043 9.81533e-12 0)
(0.0228043 7.52604e-12 0)
(0.0228043 5.75065e-12 0)
(0.0228043 4.37949e-12 0)
(0.0228043 3.3141e-12 0)
(0.0228043 2.48093e-12 0)
(0.0228043 1.82951e-12 0)
(0.0228043 1.32677e-12 0)
(0.0228043 9.50983e-13 0)
(0.0228043 6.75892e-13 0)
(0.0228043 4.71411e-13 0)
(0.0228043 3.15785e-13 0)
(0.0228043 1.91917e-13 0)
(0.0228043 9.78147e-14 0)
(0.0228043 3.32212e-14 0)
(0.0228043 -6.9036e-15 0)
(0.0228043 -2.88233e-14 0)
(0.0228043 -4.39939e-14 0)
(0.0228043 -5.69919e-14 0)
(0.0228043 -6.71124e-14 0)
(0.0228043 -7.57438e-14 0)
(0.0228043 -7.78481e-14 0)
(0.0228043 -7.25455e-14 0)
(0.0228043 -6.33248e-14 0)
(0.0228043 -5.48032e-14 0)
(0.0228043 -4.70837e-14 0)
(0.0228043 -3.86623e-14 0)
(0.0228043 -3.15602e-14 0)
(0.0228043 -2.30794e-14 0)
(0.0228043 -1.66835e-14 0)
(0.0228043 -1.64802e-14 0)
(0.0228043 -1.98113e-14 0)
(0.0228043 -2.72834e-14 0)
(0.0228043 -3.13975e-14 0)
(0.0228043 -2.83304e-14 0)
(0.0228043 -1.85348e-14 0)
(0.0228043 -4.79489e-15 0)
(0.0228043 4.73963e-15 0)
(0.0228043 1.00783e-14 0)
(0.0228043 7.61008e-15 0)
(0.0228043 4.46704e-16 0)
(0.0228043 -7.25708e-15 0)
(0.0228043 -1.3492e-14 0)
(0.0228043 -1.32843e-14 0)
(0.0228043 -9.36373e-15 0)
(0.0228043 -1.96212e-15 0)
(0.0228043 5.37508e-15 0)
(0.0228043 9.46991e-15 0)
(0.0228043 1.04249e-14 0)
(0.0228043 7.98469e-15 0)
(0.0228043 1.68881e-15 0)
(0.0228043 -5.64165e-15 0)
(0.0228043 -1.24425e-14 0)
(0.0228043 -1.4966e-14 0)
(0.0228043 -1.24692e-14 0)
(0.0228043 -5.48258e-15 0)
(0.0228043 3.72325e-15 0)
(0.0228043 1.17448e-14 0)
(0.0228043 1.66701e-14 0)
(0.0228043 1.54552e-14 0)
(0.0228043 9.11595e-15 0)
(0.0228043 3.70822e-16 0)
(0.0228043 -8.91199e-15 0)
(0.0228043 -1.43499e-14 0)
(0.0228043 -1.31985e-14 0)
(0.0228043 -7.19644e-15 0)
(0.0228043 1.86986e-15 0)
(0.0228043 9.24573e-15 0)
(0.0228043 1.49566e-14 0)
(0.0228043 1.75481e-14 0)
(0.0228043 1.70936e-14 0)
(0.0228043 1.49513e-14 0)
(0.0228043 1.14207e-14 0)
(0.0228043 9.77932e-15 0)
(0.0228043 1.13058e-14 0)
(0.0228043 1.36264e-14 0)
(0.0228043 1.79653e-14 0)
(0.0228043 2.18787e-14 0)
(0.0228043 2.64816e-14 0)
(0.0228043 3.31143e-14 0)
(0.0228043 4.06322e-14 0)
(0.0228043 5.09338e-14 0)
(0.0228043 6.37374e-14 0)
(0.0228043 8.11004e-14 0)
(0.0228043 1.04105e-13 0)
(0.0228043 1.33131e-13 0)
(0.0228043 1.69509e-13 0)
(0.0228043 2.14556e-13 0)
(0.0228043 2.71832e-13 0)
(0.0228043 3.44124e-13 0)
(0.0228043 4.36816e-13 0)
(0.0228043 5.57375e-13 0)
(0.0228043 7.15354e-13 0)
(0.0228043 9.28818e-13 0)
(0.0228043 1.19487e-12 0)
(0.0228043 1.5101e-12 0)
(0.0228043 2.01031e-12 0)
(0.0228043 1.83421e-12 0)
(0.0228043 1.81113e-12 0)
(0.0228043 3.1594e-12 0)
(0.0228043 -1.99869e-11 0)
(0.0228043 -1.56872e-11 0)
(-0.00157725 0.00434978 0)
(-0.00630714 0.00523851 0)
(-0.0103105 0.00458793 0)
(-0.0131855 0.00346649 0)
(-0.0146481 0.00193409 0)
(-0.014589 6.10875e-06 0)
(-0.0128871 -0.00213127 0)
(-0.0096542 -0.0042851 0)
(-0.00502328 -0.00619676 0)
(0.000675925 -0.00761161 0)
(0.00703305 -0.00833648 0)
(0.0135444 -0.00832551 0)
(0.0197505 -0.00769831 0)
(0.0253137 -0.00667696 0)
(0.0300584 -0.00549404 0)
(0.0339481 -0.00433015 0)
(0.0370393 -0.00329488 0)
(0.0394375 -0.00243608 0)
(0.0412639 -0.00175907 0)
(0.0426357 -0.0012455 0)
(0.043656 -0.000867162 0)
(0.0444098 -0.000594677 0)
(0.0449642 -0.000401845 0)
(0.045371 -0.000267269 0)
(0.0456691 -0.00017443 0)
(0.0458874 -0.000111038 0)
(0.0460471 -6.81917e-05 0)
(0.0461639 -3.95554e-05 0)
(0.0462492 -2.06788e-05 0)
(0.0463114 -8.46275e-06 0)
(0.0463566 -7.6277e-07 0)
(0.0463894 3.89844e-06 0)
(0.046413 6.53481e-06 0)
(0.0464298 7.8399e-06 0)
(0.0464417 8.28636e-06 0)
(0.0464501 8.19475e-06 0)
(0.0464558 7.78103e-06 0)
(0.0464596 7.18936e-06 0)
(0.046462 6.51461e-06 0)
(0.0464635 5.81798e-06 0)
(0.0464643 5.13772e-06 0)
(0.0464646 4.49654e-06 0)
(0.0464646 3.90673e-06 0)
(0.0464644 3.37372e-06 0)
(0.0464641 2.89847e-06 0)
(0.0464637 2.47917e-06 0)
(0.0464633 2.11237e-06 0)
(0.0464629 1.79373e-06 0)
(0.0464625 1.51855e-06 0)
(0.0464621 1.28209e-06 0)
(0.0464618 1.07979e-06 0)
(0.0464615 9.07359e-07 0)
(0.0464612 7.60888e-07 0)
(0.0464609 6.36842e-07 0)
(0.0464607 5.32072e-07 0)
(0.0464605 4.43801e-07 0)
(0.0464604 3.69598e-07 0)
(0.0464602 3.0735e-07 0)
(0.0464601 2.55232e-07 0)
(0.04646 2.11673e-07 0)
(0.0464599 1.75328e-07 0)
(0.0464598 1.4505e-07 0)
(0.0464598 1.19863e-07 0)
(0.0464597 9.89405e-08 0)
(0.0464597 8.15836e-08 0)
(0.0464596 6.72027e-08 0)
(0.0464596 5.53018e-08 0)
(0.0464596 4.54646e-08 0)
(0.0464595 3.73422e-08 0)
(0.0464595 3.06428e-08 0)
(0.0464595 2.51228e-08 0)
(0.0464595 2.05792e-08 0)
(0.0464595 1.68427e-08 0)
(0.0464595 1.37729e-08 0)
(0.0464595 1.12532e-08 0)
(0.0464595 9.18683e-09 0)
(0.0464595 7.49373e-09 0)
(0.0464595 6.10769e-09 0)
(0.0464595 4.97395e-09 0)
(0.0464595 4.04734e-09 0)
(0.0464595 3.29063e-09 0)
(0.0464595 2.67321e-09 0)
(0.0464594 2.16989e-09 0)
(0.0464594 1.75991e-09 0)
(0.0464594 1.4262e-09 0)
(0.0464594 1.15476e-09 0)
(0.0464594 9.34132e-10 0)
(0.0464594 7.54987e-10 0)
(0.0464594 6.0968e-10 0)
(0.0464594 4.91934e-10 0)
(0.0464594 3.96587e-10 0)
(0.0464594 3.19408e-10 0)
(0.0464594 2.56971e-10 0)
(0.0464594 2.06509e-10 0)
(0.0464594 1.65775e-10 0)
(0.0464594 1.32932e-10 0)
(0.0464594 1.06462e-10 0)
(0.0464594 8.51342e-11 0)
(0.0464594 6.7973e-11 0)
(0.0464594 5.42046e-11 0)
(0.0464594 4.3199e-11 0)
(0.0464594 3.44217e-11 0)
(0.0464594 2.74106e-11 0)
(0.0464594 2.17865e-11 0)
(0.0464594 1.72619e-11 0)
(0.0464594 1.36315e-11 0)
(0.0464594 1.07453e-11 0)
(0.0464594 8.47202e-12 0)
(0.0464594 6.68778e-12 0)
(0.0464594 5.27366e-12 0)
(0.0464594 4.13181e-12 0)
(0.0464594 3.20271e-12 0)
(0.0464594 2.45705e-12 0)
(0.0464594 1.87921e-12 0)
(0.0464594 1.4451e-12 0)
(0.0464594 1.11992e-12 0)
(0.0464594 8.64873e-13 0)
(0.0464594 6.5264e-13 0)
(0.0464594 4.71462e-13 0)
(0.0464594 3.20781e-13 0)
(0.0464594 2.05303e-13 0)
(0.0464594 1.23563e-13 0)
(0.0464594 6.92819e-14 0)
(0.0464594 3.24218e-14 0)
(0.0464594 6.90806e-15 0)
(0.0464594 -5.88561e-15 0)
(0.0464594 -7.61793e-15 0)
(0.0464594 8.73e-16 0)
(0.0464594 1.09902e-14 0)
(0.0464594 1.86216e-14 0)
(0.0464594 2.22178e-14 0)
(0.0464594 2.09216e-14 0)
(0.0464594 2.09425e-14 0)
(0.0464594 2.5865e-14 0)
(0.0464594 3.82014e-14 0)
(0.0464594 5.47246e-14 0)
(0.0464594 6.49193e-14 0)
(0.0464594 6.07636e-14 0)
(0.0464594 3.60227e-14 0)
(0.0464594 -4.05415e-15 0)
(0.0464594 -4.7028e-14 0)
(0.0464594 -8.30841e-14 0)
(0.0464594 -1.01246e-13 0)
(0.0464594 -9.8062e-14 0)
(0.0464594 -7.51781e-14 0)
(0.0464594 -3.92989e-14 0)
(0.0464594 -7.84244e-16 0)
(0.0464594 3.05216e-14 0)
(0.0464594 4.82161e-14 0)
(0.0464594 4.96261e-14 0)
(0.0464594 3.72867e-14 0)
(0.0464594 1.90264e-14 0)
(0.0464594 6.45754e-17 0)
(0.0464594 -1.17793e-14 0)
(0.0464594 -1.63566e-14 0)
(0.0464594 -1.51085e-14 0)
(0.0464594 -1.14453e-14 0)
(0.0464594 -7.34157e-15 0)
(0.0464594 -8.85021e-15 0)
(0.0464594 -1.33598e-14 0)
(0.0464594 -2.0607e-14 0)
(0.0464594 -2.55768e-14 0)
(0.0464594 -2.30112e-14 0)
(0.0464594 -1.42485e-14 0)
(0.0464594 2.34433e-15 0)
(0.0464594 2.09446e-14 0)
(0.0464594 3.91739e-14 0)
(0.0464594 5.3181e-14 0)
(0.0464594 5.81221e-14 0)
(0.0464594 5.56624e-14 0)
(0.0464594 4.79357e-14 0)
(0.0464594 3.96668e-14 0)
(0.0464594 3.93337e-14 0)
(0.0464594 4.72154e-14 0)
(0.0464594 6.7359e-14 0)
(0.0464594 9.96911e-14 0)
(0.0464594 1.39891e-13 0)
(0.0464594 1.82348e-13 0)
(0.0464594 2.25576e-13 0)
(0.0464594 2.68433e-13 0)
(0.0464594 3.14953e-13 0)
(0.0464594 3.71721e-13 0)
(0.0464594 4.47425e-13 0)
(0.0464594 5.52824e-13 0)
(0.0464594 6.95845e-13 0)
(0.0464594 8.8429e-13 0)
(0.0464594 1.12307e-12 0)
(0.0464594 1.41585e-12 0)
(0.0464594 1.77852e-12 0)
(0.0464594 2.22998e-12 0)
(0.0464594 2.81198e-12 0)
(0.0464594 3.58342e-12 0)
(0.0464594 4.60156e-12 0)
(0.0464594 5.98543e-12 0)
(0.0464594 7.9776e-12 0)
(0.0464594 9.73854e-12 0)
(0.0464594 1.41553e-11 0)
(0.0464594 1.60428e-11 0)
(0.0464594 1.36644e-11 0)
(0.0464594 2.10952e-11 0)
(-0.00161674 0.0081207 0)
(-0.00648773 0.00951611 0)
(-0.0104305 0.00790817 0)
(-0.013014 0.00548588 0)
(-0.0139569 0.00243523 0)
(-0.0133063 -0.00116975 0)
(-0.0110444 -0.00504009 0)
(-0.0073601 -0.00887793 0)
(-0.00238186 -0.0122965 0)
(0.00360827 -0.0148633 0)
(0.0102646 -0.0162106 0)
(0.0171145 -0.0162014 0)
(0.023677 -0.0150249 0)
(0.0295738 -0.0130997 0)
(0.0346091 -0.0108767 0)
(0.0387543 -0.00869653 0)
(0.0420849 -0.00675544 0)
(0.0447196 -0.00513307 0)
(0.0467827 -0.00383535 0)
(0.0483867 -0.00282964 0)
(0.0496273 -0.00206809 0)
(0.050583 -0.00150113 0)
(0.0513169 -0.00108416 0)
(0.0518793 -0.000780126 0)
(0.0523095 -0.000559702 0)
(0.0526383 -0.000400481 0)
(0.0528893 -0.000285724 0)
(0.0530809 -0.000203121 0)
(0.053227 -0.000143716 0)
(0.0533385 -0.000101029 0)
(0.0534234 -7.03925e-05 0)
(0.0534881 -4.84469e-05 0)
(0.0535374 -3.27731e-05 0)
(0.0535748 -2.16277e-05 0)
(0.0536032 -1.37524e-05 0)
(0.0536247 -8.23667e-06 0)
(0.053641 -4.42097e-06 0)
(0.0536532 -1.82651e-06 0)
(0.0536624 -1.05493e-07 0)
(0.0536693 9.94813e-07 0)
(0.0536744 1.65796e-06 0)
(0.0536781 2.01702e-06 0)
(0.0536809 2.16816e-06 0)
(0.0536829 2.18059e-06 0)
(0.0536843 2.10376e-06 0)
(0.0536854 1.9727e-06 0)
(0.0536861 1.81189e-06 0)
(0.0536865 1.63819e-06 0)
(0.0536868 1.46289e-06 0)
(0.053687 1.29333e-06 0)
(0.0536871 1.134e-06 0)
(0.0536872 9.87403e-07 0)
(0.0536872 8.54659e-07 0)
(0.0536871 7.35963e-07 0)
(0.0536871 6.30905e-07 0)
(0.0536871 5.38696e-07 0)
(0.053687 4.58333e-07 0)
(0.053687 3.88717e-07 0)
(0.0536869 3.28725e-07 0)
(0.0536869 2.77261e-07 0)
(0.0536868 2.33292e-07 0)
(0.0536868 1.9586e-07 0)
(0.0536867 1.64097e-07 0)
(0.0536867 1.37223e-07 0)
(0.0536867 1.14545e-07 0)
(0.0536866 9.54553e-08 0)
(0.0536866 7.94219e-08 0)
(0.0536866 6.59833e-08 0)
(0.0536866 5.47414e-08 0)
(0.0536866 4.53539e-08 0)
(0.0536866 3.75283e-08 0)
(0.0536866 3.10148e-08 0)
(0.0536865 2.56017e-08 0)
(0.0536865 2.11094e-08 0)
(0.0536865 1.73864e-08 0)
(0.0536865 1.43049e-08 0)
(0.0536865 1.17574e-08 0)
(0.0536865 9.654e-09 0)
(0.0536865 7.9191e-09 0)
(0.0536865 6.48973e-09 0)
(0.0536865 5.31334e-09 0)
(0.0536865 4.34621e-09 0)
(0.0536865 3.55192e-09 0)
(0.0536865 2.90022e-09 0)
(0.0536865 2.36596e-09 0)
(0.0536865 1.92835e-09 0)
(0.0536865 1.57026e-09 0)
(0.0536865 1.27754e-09 0)
(0.0536865 1.03852e-09 0)
(0.0536865 8.43537e-10 0)
(0.0536865 6.8458e-10 0)
(0.0536865 5.55071e-10 0)
(0.0536865 4.49627e-10 0)
(0.0536865 3.63851e-10 0)
(0.0536865 2.94147e-10 0)
(0.0536865 2.37549e-10 0)
(0.0536865 1.91621e-10 0)
(0.0536865 1.5438e-10 0)
(0.0536865 1.24227e-10 0)
(0.0536865 9.98748e-11 0)
(0.0536865 8.02598e-11 0)
(0.0536865 6.44759e-11 0)
(0.0536865 5.17637e-11 0)
(0.0536865 4.1501e-11 0)
(0.0536865 3.32041e-11 0)
(0.0536865 2.65157e-11 0)
(0.0536865 2.11529e-11 0)
(0.0536865 1.68772e-11 0)
(0.0536865 1.34722e-11 0)
(0.0536865 1.07389e-11 0)
(0.0536865 8.52703e-12 0)
(0.0536865 6.72712e-12 0)
(0.0536865 5.27822e-12 0)
(0.0536865 4.13673e-12 0)
(0.0536865 3.25282e-12 0)
(0.0536865 2.57286e-12 0)
(0.0536865 2.03149e-12 0)
(0.0536865 1.58288e-12 0)
(0.0536865 1.20358e-12 0)
(0.0536865 8.85141e-13 0)
(0.0536865 6.25335e-13 0)
(0.0536865 4.24969e-13 0)
(0.0536865 2.76464e-13 0)
(0.0536865 1.70098e-13 0)
(0.0536865 9.61994e-14 0)
(0.0536865 4.87875e-14 0)
(0.0536865 2.72198e-14 0)
(0.0536865 2.84323e-14 0)
(0.0536865 4.62398e-14 0)
(0.0536865 6.94434e-14 0)
(0.0536865 8.78876e-14 0)
(0.0536865 9.89157e-14 0)
(0.0536865 1.0373e-13 0)
(0.0536865 1.10551e-13 0)
(0.0536865 1.22748e-13 0)
(0.0536865 1.38028e-13 0)
(0.0536865 1.46607e-13 0)
(0.0536865 1.34497e-13 0)
(0.0536865 9.36484e-14 0)
(0.0536865 2.345e-14 0)
(0.0536865 -6.39681e-14 0)
(0.0536865 -1.47479e-13 0)
(0.0536865 -2.03772e-13 0)
(0.0536865 -2.18462e-13 0)
(0.0536865 -1.87757e-13 0)
(0.0536865 -1.21859e-13 0)
(0.0536865 -4.1023e-14 0)
(0.0536865 3.28593e-14 0)
(0.0536865 8.26103e-14 0)
(0.0536865 1.01607e-13 0)
(0.0536865 9.23523e-14 0)
(0.0536865 6.35355e-14 0)
(0.0536865 2.62636e-14 0)
(0.0536865 -9.27427e-15 0)
(0.0536865 -3.46057e-14 0)
(0.0536865 -4.67451e-14 0)
(0.0536865 -4.95778e-14 0)
(0.0536865 -4.84335e-14 0)
(0.0536865 -4.29462e-14 0)
(0.0536865 -3.58002e-14 0)
(0.0536865 -2.71659e-14 0)
(0.0536865 -1.66656e-14 0)
(0.0536865 -4.44964e-15 0)
(0.0536865 1.25817e-14 0)
(0.0536865 3.22766e-14 0)
(0.0536865 5.16603e-14 0)
(0.0536865 6.4874e-14 0)
(0.0536865 6.71841e-14 0)
(0.0536865 6.06626e-14 0)
(0.0536865 4.83689e-14 0)
(0.0536865 3.71143e-14 0)
(0.0536865 3.32337e-14 0)
(0.0536865 4.45769e-14 0)
(0.0536865 7.91237e-14 0)
(0.0536865 1.34753e-13 0)
(0.0536865 2.08094e-13 0)
(0.0536865 2.87892e-13 0)
(0.0536865 3.65966e-13 0)
(0.0536865 4.3626e-13 0)
(0.0536865 4.99577e-13 0)
(0.0536865 5.67561e-13 0)
(0.0536865 6.52704e-13 0)
(0.0536865 7.74674e-13 0)
(0.0536865 9.482e-13 0)
(0.0536865 1.18627e-12 0)
(0.0536865 1.49787e-12 0)
(0.0536865 1.88608e-12 0)
(0.0536865 2.36003e-12 0)
(0.0536865 2.93753e-12 0)
(0.0536865 3.65437e-12 0)
(0.0536865 4.57421e-12 0)
(0.0536865 5.78863e-12 0)
(0.0536865 7.40772e-12 0)
(0.0536865 9.69523e-12 0)
(0.0536865 1.27321e-11 0)
(0.0536865 1.68087e-11 0)
(0.0536865 2.47945e-11 0)
(0.0536865 2.74349e-11 0)
(0.0536865 5.84019e-11 0)
(0.0536865 7.07009e-11 0)
(-0.00153255 0.011475 0)
(-0.00627164 0.0133515 0)
(-0.00959051 0.0106567 0)
(-0.0111171 0.0068689 0)
(-0.0108144 0.00233726 0)
(-0.00906837 -0.00273285 0)
(-0.00599365 -0.00803338 0)
(-0.0018736 -0.0132399 0)
(0.00316072 -0.0179452 0)
(0.0088959 -0.0216194 0)
(0.0151125 -0.0237201 0)
(0.0214857 -0.023911 0)
(0.0276215 -0.0223079 0)
(0.0331428 -0.0194768 0)
(0.0378162 -0.0161437 0)
(0.0415961 -0.0128861 0)
(0.0445742 -0.0100227 0)
(0.0468968 -0.00766101 0)
(0.0487074 -0.00578809 0)
(0.0501238 -0.00433904 0)
(0.0512355 -0.00323574 0)
(0.0521095 -0.00240456 0)
(0.0527965 -0.00178283 0)
(0.0533359 -0.00131996 0)
(0.0537586 -0.000976362 0)
(0.054089 -0.000721743 0)
(0.0543468 -0.000533203 0)
(0.0545475 -0.000393614 0)
(0.0547036 -0.000290245 0)
(0.0548248 -0.000213669 0)
(0.0549187 -0.000156924 0)
(0.0549914 -0.000114872 0)
(0.0550476 -8.37176e-05 0)
(0.055091 -6.06565e-05 0)
(0.0551245 -4.36122e-05 0)
(0.0551503 -3.10442e-05 0)
(0.05517 -2.18076e-05 0)
(0.0551852 -1.50496e-05 0)
(0.0551968 -1.01343e-05 0)
(0.0552057 -6.58657e-06 0)
(0.0552124 -4.05139e-06 0)
(0.0552175 -2.26326e-06 0)
(0.0552214 -1.02378e-06 0)
(0.0552243 -1.84817e-07 0)
(0.0552264 3.64004e-07 0)
(0.055228 7.04727e-07 0)
(0.0552292 8.98101e-07 0)
(0.0552301 9.88897e-07 0)
(0.0552307 1.00991e-06 0)
(0.0552311 9.84976e-07 0)
(0.0552315 9.31249e-07 0)
(0.0552317 8.60923e-07 0)
(0.0552318 7.82518e-07 0)
(0.0552319 7.0186e-07 0)
(0.055232 6.2281e-07 0)
(0.055232 5.4781e-07 0)
(0.055232 4.78287e-07 0)
(0.055232 4.14963e-07 0)
(0.055232 3.58067e-07 0)
(0.055232 3.07506e-07 0)
(0.0552319 2.6298e-07 0)
(0.0552319 2.24063e-07 0)
(0.0552319 1.90267e-07 0)
(0.0552319 1.61081e-07 0)
(0.0552319 1.35997e-07 0)
(0.0552318 1.14531e-07 0)
(0.0552318 9.62309e-08 0)
(0.0552318 8.06822e-08 0)
(0.0552318 6.75118e-08 0)
(0.0552318 5.6387e-08 0)
(0.0552318 4.70138e-08 0)
(0.0552318 3.9135e-08 0)
(0.0552318 3.25265e-08 0)
(0.0552318 2.69947e-08 0)
(0.0552318 2.23728e-08 0)
(0.0552318 1.85178e-08 0)
(0.0552318 1.53078e-08 0)
(0.0552318 1.2639e-08 0)
(0.0552318 1.04233e-08 0)
(0.0552318 8.58632e-09 0)
(0.0552318 7.06545e-09 0)
(0.0552318 5.80787e-09 0)
(0.0552318 4.76926e-09 0)
(0.0552318 3.91247e-09 0)
(0.0552318 3.20643e-09 0)
(0.0552317 2.62525e-09 0)
(0.0552317 2.14736e-09 0)
(0.0552317 1.75485e-09 0)
(0.0552317 1.43282e-09 0)
(0.0552317 1.16886e-09 0)
(0.0552317 9.52674e-10 0)
(0.0552317 7.75754e-10 0)
(0.0552317 6.31093e-10 0)
(0.0552317 5.12923e-10 0)
(0.0552317 4.1648e-10 0)
(0.0552317 3.37834e-10 0)
(0.0552317 2.73751e-10 0)
(0.0552317 2.21584e-10 0)
(0.0552317 1.79183e-10 0)
(0.0552317 1.44782e-10 0)
(0.0552317 1.16915e-10 0)
(0.0552317 9.43576e-11 0)
(0.0552317 7.60891e-11 0)
(0.0552317 6.12826e-11 0)
(0.0552317 4.9287e-11 0)
(0.0552317 3.959e-11 0)
(0.0552317 3.17823e-11 0)
(0.0552317 2.55123e-11 0)
(0.0552317 2.04713e-11 0)
(0.0552317 1.6402e-11 0)
(0.0552317 1.31033e-11 0)
(0.0552317 1.04337e-11 0)
(0.0552317 8.28874e-12 0)
(0.0552317 6.58419e-12 0)
(0.0552317 5.24063e-12 0)
(0.0552317 4.17557e-12 0)
(0.0552317 3.3172e-12 0)
(0.0552317 2.60803e-12 0)
(0.0552317 2.01443e-12 0)
(0.0552317 1.51992e-12 0)
(0.0552317 1.11949e-12 0)
(0.0552317 8.02989e-13 0)
(0.0552317 5.59143e-13 0)
(0.0552317 3.75034e-13 0)
(0.0552317 2.40204e-13 0)
(0.0552317 1.50769e-13 0)
(0.0552317 1.02573e-13 0)
(0.0552317 8.87084e-14 0)
(0.0552317 9.87657e-14 0)
(0.0552317 1.18472e-13 0)
(0.0552317 1.37024e-13 0)
(0.0552317 1.48465e-13 0)
(0.0552317 1.56381e-13 0)
(0.0552317 1.65678e-13 0)
(0.0552317 1.81255e-13 0)
(0.0552317 1.99212e-13 0)
(0.0552317 2.05678e-13 0)
(0.0552317 1.8552e-13 0)
(0.0552317 1.28646e-13 0)
(0.0552317 3.62317e-14 0)
(0.0552317 -7.55401e-14 0)
(0.0552317 -1.7965e-13 0)
(0.0552317 -2.49239e-13 0)
(0.0552317 -2.66657e-13 0)
(0.0552317 -2.30124e-13 0)
(0.0552317 -1.53667e-13 0)
(0.0552317 -6.11352e-14 0)
(0.0552317 2.16699e-14 0)
(0.0552317 7.72384e-14 0)
(0.0552317 9.66601e-14 0)
(0.0552317 8.36221e-14 0)
(0.0552317 5.00006e-14 0)
(0.0552317 1.13198e-14 0)
(0.0552317 -2.31844e-14 0)
(0.0552317 -4.69932e-14 0)
(0.0552317 -5.78622e-14 0)
(0.0552317 -6.04186e-14 0)
(0.0552317 -5.58777e-14 0)
(0.0552317 -4.79692e-14 0)
(0.0552317 -3.65868e-14 0)
(0.0552317 -2.05451e-14 0)
(0.0552317 -1.83028e-15 0)
(0.0552317 1.87044e-14 0)
(0.0552317 3.84001e-14 0)
(0.0552317 5.43974e-14 0)
(0.0552317 6.42101e-14 0)
(0.0552317 6.28665e-14 0)
(0.0552317 5.30204e-14 0)
(0.0552317 3.71505e-14 0)
(0.0552317 2.29584e-14 0)
(0.0552317 2.04026e-14 0)
(0.0552317 3.59115e-14 0)
(0.0552317 7.5511e-14 0)
(0.0552317 1.41032e-13 0)
(0.0552317 2.27618e-13 0)
(0.0552317 3.26035e-13 0)
(0.0552317 4.25813e-13 0)
(0.0552317 5.18319e-13 0)
(0.0552317 6.02514e-13 0)
(0.0552317 6.83542e-13 0)
(0.0552317 7.73744e-13 0)
(0.0552317 8.92447e-13 0)
(0.0552317 1.05817e-12 0)
(0.0552317 1.29079e-12 0)
(0.0552317 1.60313e-12 0)
(0.0552317 2.00151e-12 0)
(0.0552317 2.49353e-12 0)
(0.0552317 3.09151e-12 0)
(0.0552317 3.82302e-12 0)
(0.0552317 4.73545e-12 0)
(0.0552317 5.90251e-12 0)
(0.0552317 7.42992e-12 0)
(0.0552317 9.48787e-12 0)
(0.0552317 1.22564e-11 0)
(0.0552317 1.60101e-11 0)
(0.0552317 2.1491e-11 0)
(0.0552317 2.87382e-11 0)
(0.0552317 3.73278e-11 0)
(0.0552317 6.66585e-11 0)
(0.0552317 7.39177e-11 0)
(-0.000955853 0.0150053 0)
(-0.00428973 0.0171065 0)
(-0.00574319 0.0129713 0)
(-0.00524414 0.00745533 0)
(-0.00314335 0.00152473 0)
(2.23602e-05 -0.00468242 0)
(0.00404055 -0.0109307 0)
(0.00858929 -0.0169713 0)
(0.0135104 -0.0224691 0)
(0.0186325 -0.026918 0)
(0.0238328 -0.0297075 0)
(0.028976 -0.0303149 0)
(0.0338858 -0.0286368 0)
(0.0383324 -0.0251859 0)
(0.0421086 -0.0208822 0)
(0.0451288 -0.01659 0)
(0.0474484 -0.0128256 0)
(0.0492021 -0.00976367 0)
(0.0505347 -0.00737536 0)
(0.051563 -0.00555225 0)
(0.0523697 -0.00417446 0)
(0.0530102 -0.00313748 0)
(0.053522 -0.00235812 0)
(0.0539316 -0.00177255 0)
(0.0542591 -0.00133253 0)
(0.0545203 -0.00100179 0)
(0.0547279 -0.000753075 0)
(0.0548924 -0.000565952 0)
(0.0550223 -0.000425091 0)
(0.0551247 -0.000319 0)
(0.0552051 -0.000239065 0)
(0.0552681 -0.000178824 0)
(0.0553173 -0.000133429 0)
(0.0553557 -9.92342e-05 0)
(0.0553856 -7.34991e-05 0)
(0.0554088 -5.41567e-05 0)
(0.0554268 -3.96468e-05 0)
(0.0554406 -2.879e-05 0)
(0.0554513 -2.06935e-05 0)
(0.0554596 -1.46807e-05 0)
(0.0554659 -1.02386e-05 0)
(0.0554707 -6.97807e-06 0)
(0.0554744 -4.60397e-06 0)
(0.0554771 -2.89265e-06 0)
(0.0554793 -1.67475e-06 0)
(0.0554808 -8.22269e-07 0)
(0.055482 -2.38674e-07 0)
(0.0554829 1.48647e-07 0)
(0.0554835 3.94106e-07 0)
(0.055484 5.38304e-07 0)
(0.0554843 6.11377e-07 0)
(0.0554846 6.35548e-07 0)
(0.0554848 6.2708e-07 0)
(0.0554849 5.97753e-07 0)
(0.0554849 5.56001e-07 0)
(0.055485 5.07769e-07 0)
(0.055485 4.57159e-07 0)
(0.055485 4.06925e-07 0)
(0.055485 3.58842e-07 0)
(0.055485 3.13979e-07 0)
(0.055485 2.7291e-07 0)
(0.055485 2.35865e-07 0)
(0.055485 2.02838e-07 0)
(0.055485 1.73675e-07 0)
(0.055485 1.4813e-07 0)
(0.055485 1.25904e-07 0)
(0.055485 1.06679e-07 0)
(0.0554849 9.01329e-08 0)
(0.0554849 7.5956e-08 0)
(0.0554849 6.38568e-08 0)
(0.0554849 5.35671e-08 0)
(0.0554849 4.4844e-08 0)
(0.0554849 3.74702e-08 0)
(0.0554849 3.12535e-08 0)
(0.0554849 2.60248e-08 0)
(0.0554849 2.16368e-08 0)
(0.0554849 1.7962e-08 0)
(0.0554849 1.48903e-08 0)
(0.0554849 1.23272e-08 0)
(0.0554849 1.01923e-08 0)
(0.0554849 8.41672e-09 0)
(0.0554849 6.94227e-09 0)
(0.0554849 5.71958e-09 0)
(0.0554849 4.70701e-09 0)
(0.0554849 3.86953e-09 0)
(0.0554849 3.17773e-09 0)
(0.0554849 2.60697e-09 0)
(0.0554849 2.13662e-09 0)
(0.0554849 1.74945e-09 0)
(0.0554849 1.43107e-09 0)
(0.0554849 1.16952e-09 0)
(0.0554849 9.5485e-10 0)
(0.0554849 7.78845e-10 0)
(0.0554849 6.34684e-10 0)
(0.0554849 5.16715e-10 0)
(0.0554849 4.20263e-10 0)
(0.0554849 3.41472e-10 0)
(0.0554849 2.7718e-10 0)
(0.0554849 2.24788e-10 0)
(0.0554849 1.82155e-10 0)
(0.0554849 1.47499e-10 0)
(0.0554849 1.19339e-10 0)
(0.0554849 9.64621e-11 0)
(0.0554849 7.78786e-11 0)
(0.0554849 6.28045e-11 0)
(0.0554849 5.06052e-11 0)
(0.0554849 4.07524e-11 0)
(0.0554849 3.28072e-11 0)
(0.0554849 2.63912e-11 0)
(0.0554849 2.12015e-11 0)
(0.0554849 1.70001e-11 0)
(0.0554849 1.36067e-11 0)
(0.0554849 1.08818e-11 0)
(0.0554849 8.70442e-12 0)
(0.0554849 6.96762e-12 0)
(0.0554849 5.57236e-12 0)
(0.0554849 4.43519e-12 0)
(0.0554849 3.49802e-12 0)
(0.0554849 2.71972e-12 0)
(0.0554849 2.0804e-12 0)
(0.0554849 1.56147e-12 0)
(0.0554849 1.14737e-12 0)
(0.0554849 8.20545e-13 0)
(0.0554849 5.67408e-13 0)
(0.0554849 3.79429e-13 0)
(0.0554849 2.48869e-13 0)
(0.0554849 1.72278e-13 0)
(0.0554849 1.38837e-13 0)
(0.0554849 1.37285e-13 0)
(0.0554849 1.50241e-13 0)
(0.0554849 1.6403e-13 0)
(0.0554849 1.75048e-13 0)
(0.0554849 1.85015e-13 0)
(0.0554849 1.99919e-13 0)
(0.0554849 2.23406e-13 0)
(0.0554849 2.45969e-13 0)
(0.0554849 2.53127e-13 0)
(0.0554849 2.27263e-13 0)
(0.0554849 1.59778e-13 0)
(0.0554849 5.45989e-14 0)
(0.0554849 -6.91757e-14 0)
(0.0554849 -1.81237e-13 0)
(0.0554849 -2.5464e-13 0)
(0.0554849 -2.71512e-13 0)
(0.0554849 -2.33536e-13 0)
(0.0554849 -1.58227e-13 0)
(0.0554849 -7.11054e-14 0)
(0.0554849 1.8066e-15 0)
(0.0554849 4.4181e-14 0)
(0.0554849 5.38934e-14 0)
(0.0554849 3.79884e-14 0)
(0.0554849 9.33357e-15 0)
(0.0554849 -2.05028e-14 0)
(0.0554849 -4.24814e-14 0)
(0.0554849 -5.38441e-14 0)
(0.0554849 -5.74386e-14 0)
(0.0554849 -5.41769e-14 0)
(0.0554849 -4.75289e-14 0)
(0.0554849 -3.63414e-14 0)
(0.0554849 -2.17208e-14 0)
(0.0554849 -2.93312e-15 0)
(0.0554849 1.87394e-14 0)
(0.0554849 4.12815e-14 0)
(0.0554849 6.01483e-14 0)
(0.0554849 6.95085e-14 0)
(0.0554849 6.62511e-14 0)
(0.0554849 5.20558e-14 0)
(0.0554849 3.11741e-14 0)
(0.0554849 1.07639e-14 0)
(0.0554849 -1.93242e-16 0)
(0.0554849 6.88943e-15 0)
(0.0554849 4.1483e-14 0)
(0.0554849 1.05876e-13 0)
(0.0554849 1.96607e-13 0)
(0.0554849 3.06639e-13 0)
(0.0554849 4.23001e-13 0)
(0.0554849 5.3528e-13 0)
(0.0554849 6.38698e-13 0)
(0.0554849 7.31128e-13 0)
(0.0554849 8.24084e-13 0)
(0.0554849 9.32232e-13 0)
(0.0554849 1.07678e-12 0)
(0.0554849 1.28119e-12 0)
(0.0554849 1.5597e-12 0)
(0.0554849 1.9256e-12 0)
(0.0554849 2.38477e-12 0)
(0.0554849 2.94553e-12 0)
(0.0554849 3.62524e-12 0)
(0.0554849 4.45052e-12 0)
(0.0554849 5.47486e-12 0)
(0.0554849 6.77632e-12 0)
(0.0554849 8.47669e-12 0)
(0.0554849 1.07236e-11 0)
(0.0554849 1.37009e-11 0)
(0.0554849 1.78529e-11 0)
(0.0554849 2.30503e-11 0)
(0.0554849 3.08368e-11 0)
(0.0554849 4.0263e-11 0)
(0.0554849 5.8808e-11 0)
(0.0554849 6.79332e-11 0)
(-0.000326594 0.0159521 0)
(-0.0013966 0.0180197 0)
(0.000569775 0.0123055 0)
(0.00371779 0.00568899 0)
(0.0080778 -0.000975675 0)
(0.0128503 -0.00760985 0)
(0.0178391 -0.0141199 0)
(0.0227482 -0.0203295 0)
(0.0274313 -0.0259763 0)
(0.0317652 -0.0306273 0)
(0.0356854 -0.0337058 0)
(0.0391873 -0.0346283 0)
(0.0423114 -0.0330979 0)
(0.0450761 -0.0294208 0)
(0.0474344 -0.0245085 0)
(0.0493266 -0.0194284 0)
(0.0507569 -0.0149219 0)
(0.0518018 -0.0112778 0)
(0.0525654 -0.00847696 0)
(0.053139 -0.00637318 0)
(0.0535862 -0.00480314 0)
(0.0539459 -0.00362957 0)
(0.0542406 -0.00274861 0)
(0.0544839 -0.00208451 0)
(0.0546847 -0.00158225 0)
(0.0548498 -0.00120154 0)
(0.0549847 -0.000912522 0)
(0.0550944 -0.000692874 0)
(0.0551829 -0.000525821 0)
(0.0552541 -0.000398704 0)
(0.0553109 -0.000301946 0)
(0.0553561 -0.000228292 0)
(0.055392 -0.000172236 0)
(0.0554202 -0.000129598 0)
(0.0554424 -9.71934e-05 0)
(0.0554598 -7.25981e-05 0)
(0.0554734 -5.39622e-05 0)
(0.055484 -3.98727e-05 0)
(0.0554921 -2.92497e-05 0)
(0.0554985 -2.12672e-05 0)
(0.0555034 -1.5293e-05 0)
(0.0555071 -1.08439e-05 0)
(0.05551 -7.54997e-06 0)
(0.0555122 -5.12865e-06 0)
(0.0555138 -3.36426e-06 0)
(0.0555151 -2.09239e-06 0)
(0.055516 -1.18797e-06 0)
(0.0555168 -5.56087e-07 0)
(0.0555173 -1.24935e-07 0)
(0.0555177 1.59647e-07 0)
(0.0555179 3.38326e-07 0)
(0.0555181 4.41493e-07 0)
(0.0555183 4.91729e-07 0)
(0.0555184 5.05691e-07 0)
(0.0555184 4.95569e-07 0)
(0.0555185 4.70187e-07 0)
(0.0555185 4.35857e-07 0)
(0.0555185 3.97014e-07 0)
(0.0555185 3.56712e-07 0)
(0.0555185 3.1699e-07 0)
(0.0555185 2.7915e-07 0)
(0.0555185 2.43968e-07 0)
(0.0555185 2.11846e-07 0)
(0.0555185 1.82931e-07 0)
(0.0555185 1.57197e-07 0)
(0.0555185 1.34505e-07 0)
(0.0555185 1.14652e-07 0)
(0.0555185 9.73955e-08 0)
(0.0555185 8.2482e-08 0)
(0.0555185 6.96568e-08 0)
(0.0555185 5.86755e-08 0)
(0.0555185 4.93094e-08 0)
(0.0555185 4.13485e-08 0)
(0.0555185 3.46031e-08 0)
(0.0555185 2.89038e-08 0)
(0.0555185 2.41008e-08 0)
(0.0555185 2.00628e-08 0)
(0.0555185 1.66753e-08 0)
(0.0555185 1.38393e-08 0)
(0.0555185 1.14696e-08 0)
(0.0555185 9.493e-09 0)
(0.0555185 7.84698e-09 0)
(0.0555185 6.47842e-09 0)
(0.0555185 5.34225e-09 0)
(0.0555185 4.40032e-09 0)
(0.0555185 3.6205e-09 0)
(0.0555185 2.9757e-09 0)
(0.0555185 2.4432e-09 0)
(0.0555185 2.00395e-09 0)
(0.0555185 1.64201e-09 0)
(0.0555185 1.34411e-09 0)
(0.0555185 1.09918e-09 0)
(0.0555185 8.9803e-10 0)
(0.0555185 7.33e-10 0)
(0.0555185 5.97735e-10 0)
(0.0555185 4.86968e-10 0)
(0.0555185 3.96348e-10 0)
(0.0555185 3.22292e-10 0)
(0.0555185 2.61841e-10 0)
(0.0555185 2.12547e-10 0)
(0.0555185 1.72385e-10 0)
(0.0555185 1.39676e-10 0)
(0.0555185 1.13054e-10 0)
(0.0555185 9.14074e-11 0)
(0.0555185 7.3833e-11 0)
(0.0555185 5.95934e-11 0)
(0.0555185 4.80738e-11 0)
(0.0555185 3.87597e-11 0)
(0.0555185 3.12259e-11 0)
(0.0555185 2.51284e-11 0)
(0.0555185 2.0199e-11 0)
(0.0555185 1.62241e-11 0)
(0.0555185 1.30298e-11 0)
(0.0555185 1.04667e-11 0)
(0.0555185 8.4026e-12 0)
(0.0555185 6.72914e-12 0)
(0.0555185 5.35938e-12 0)
(0.0555185 4.2321e-12 0)
(0.0555185 3.30712e-12 0)
(0.0555185 2.55311e-12 0)
(0.0555185 1.94224e-12 0)
(0.0555185 1.45005e-12 0)
(0.0555185 1.05567e-12 0)
(0.0555185 7.43982e-13 0)
(0.0555185 5.07193e-13 0)
(0.0555185 3.39659e-13 0)
(0.0555185 2.35234e-13 0)
(0.0555185 1.82447e-13 0)
(0.0555185 1.63909e-13 0)
(0.0555185 1.62831e-13 0)
(0.0555185 1.67089e-13 0)
(0.0555185 1.73302e-13 0)
(0.0555185 1.84836e-13 0)
(0.0555185 2.06534e-13 0)
(0.0555185 2.3847e-13 0)
(0.0555185 2.68039e-13 0)
(0.0555185 2.78805e-13 0)
(0.0555185 2.52098e-13 0)
(0.0555185 1.80492e-13 0)
(0.0555185 7.47104e-14 0)
(0.0555185 -4.54728e-14 0)
(0.0555185 -1.49958e-13 0)
(0.0555185 -2.14277e-13 0)
(0.0555185 -2.28277e-13 0)
(0.0555185 -1.95383e-13 0)
(0.0555185 -1.3651e-13 0)
(0.0555185 -7.54129e-14 0)
(0.0555185 -3.20857e-14 0)
(0.0555185 -1.48019e-14 0)
(0.0555185 -2.04545e-14 0)
(0.0555185 -3.84522e-14 0)
(0.0555185 -5.64026e-14 0)
(0.0555185 -6.5729e-14 0)
(0.0555185 -6.425e-14 0)
(0.0555185 -5.38427e-14 0)
(0.0555185 -4.17385e-14 0)
(0.0555185 -3.01466e-14 0)
(0.0555185 -2.03591e-14 0)
(0.0555185 -1.0879e-14 0)
(0.0555185 1.84519e-15 0)
(0.0555185 1.87559e-14 0)
(0.0555185 3.83365e-14 0)
(0.0555185 5.71397e-14 0)
(0.0555185 6.80243e-14 0)
(0.0555185 6.82262e-14 0)
(0.0555185 5.47739e-14 0)
(0.0555185 3.01455e-14 0)
(0.0555185 2.30918e-15 0)
(0.0555185 -1.99317e-14 0)
(0.0555185 -2.37103e-14 0)
(0.0555185 -9.81708e-16 0)
(0.0555185 5.36569e-14 0)
(0.0555185 1.39849e-13 0)
(0.0555185 2.5044e-13 0)
(0.0555185 3.75792e-13 0)
(0.0555185 5.02039e-13 0)
(0.0555185 6.21106e-13 0)
(0.0555185 7.26528e-13 0)
(0.0555185 8.22225e-13 0)
(0.0555185 9.22368e-13 0)
(0.0555185 1.04525e-12 0)
(0.0555185 1.21394e-12 0)
(0.0555185 1.4463e-12 0)
(0.0555185 1.75779e-12 0)
(0.0555185 2.15869e-12 0)
(0.0555185 2.65351e-12 0)
(0.0555185 3.25003e-12 0)
(0.0555185 3.96334e-12 0)
(0.0555185 4.82339e-12 0)
(0.0555185 5.88341e-12 0)
(0.0555185 7.22225e-12 0)
(0.0555185 8.94339e-12 0)
(0.0555185 1.11822e-11 0)
(0.0555185 1.41379e-11 0)
(0.0555185 1.79545e-11 0)
(0.0555185 2.29078e-11 0)
(0.0555185 2.96336e-11 0)
(0.0555185 3.73252e-11 0)
(0.0555185 4.87938e-11 0)
(0.0555185 5.71831e-11 0)
(0.000634157 0.0169098 0)
(0.00468346 0.0167162 0)
(0.0108474 0.00993667 0)
(0.0170895 0.00260101 0)
(0.0234498 -0.0044455 0)
(0.0294162 -0.0111017 0)
(0.034851 -0.0173899 0)
(0.0396325 -0.0232534 0)
(0.0436959 -0.028528 0)
(0.0469829 -0.0328759 0)
(0.0494678 -0.0358036 0)
(0.0512017 -0.0367681 0)
(0.0523414 -0.0353943 0)
(0.0531049 -0.0317786 0)
(0.0536668 -0.0266617 0)
(0.054099 -0.0211511 0)
(0.0544107 -0.0161619 0)
(0.0546133 -0.0121179 0)
(0.0547376 -0.00904048 0)
(0.0548194 -0.00676443 0)
(0.0548846 -0.00509148 0)
(0.054947 -0.00385498 0)
(0.0550107 -0.00293231 0)
(0.0550752 -0.00223749 0)
(0.0551381 -0.00171053 0)
(0.0551974 -0.00130891 0)
(0.0552512 -0.00100187 0)
(0.0552989 -0.000766671 0)
(0.0553401 -0.000586305 0)
(0.055375 -0.000447907 0)
(0.0554042 -0.000341698 0)
(0.0554282 -0.000260207 0)
(0.0554479 -0.000197716 0)
(0.0554637 -0.000149834 0)
(0.0554765 -0.00011319 0)
(0.0554866 -8.51892e-05 0)
(0.0554946 -6.38326e-05 0)
(0.0555009 -4.75807e-05 0)
(0.0555059 -3.52468e-05 0)
(0.0555098 -2.59161e-05 0)
(0.0555127 -1.88838e-05 0)
(0.0555151 -1.3607e-05 0)
(0.0555168 -9.668e-06 0)
(0.0555182 -6.74554e-06 0)
(0.0555192 -4.59312e-06 0)
(0.05552 -3.02182e-06 0)
(0.0555206 -1.88714e-06 0)
(0.0555211 -1.07885e-06 0)
(0.0555214 -5.13049e-07 0)
(0.0555217 -1.2614e-07 0)
(0.0555218 1.29945e-07 0)
(0.055522 2.91361e-07 0)
(0.0555221 3.85172e-07 0)
(0.0555221 4.31511e-07 0)
(0.0555222 4.45254e-07 0)
(0.0555222 4.37298e-07 0)
(0.0555222 4.15544e-07 0)
(0.0555222 3.85648e-07 0)
(0.0555222 3.51593e-07 0)
(0.0555222 3.16127e-07 0)
(0.0555222 2.81087e-07 0)
(0.0555222 2.47652e-07 0)
(0.0555222 2.16527e-07 0)
(0.0555222 1.88083e-07 0)
(0.0555222 1.6246e-07 0)
(0.0555222 1.39641e-07 0)
(0.0555222 1.1951e-07 0)
(0.0555222 1.01889e-07 0)
(0.0555222 8.65689e-08 0)
(0.0555222 7.33243e-08 0)
(0.0555222 6.19314e-08 0)
(0.0555222 5.21743e-08 0)
(0.0555222 4.38507e-08 0)
(0.0555222 3.67746e-08 0)
(0.0555222 3.0778e-08 0)
(0.0555222 2.57106e-08 0)
(0.0555222 2.14397e-08 0)
(0.0555222 1.78486e-08 0)
(0.0555222 1.48358e-08 0)
(0.0555222 1.23133e-08 0)
(0.0555222 1.02054e-08 0)
(0.0555222 8.44692e-09 0)
(0.0555222 6.98251e-09 0)
(0.0555222 5.76491e-09 0)
(0.0555222 4.75402e-09 0)
(0.0555222 3.91593e-09 0)
(0.0555222 3.22202e-09 0)
(0.0555222 2.64821e-09 0)
(0.0555222 2.17428e-09 0)
(0.0555222 1.78331e-09 0)
(0.0555222 1.46117e-09 0)
(0.0555222 1.19604e-09 0)
(0.0555222 9.78081e-10 0)
(0.0555222 7.99093e-10 0)
(0.0555222 6.52248e-10 0)
(0.0555222 5.31892e-10 0)
(0.0555222 4.33341e-10 0)
(0.0555222 3.52729e-10 0)
(0.0555222 2.86853e-10 0)
(0.0555222 2.33067e-10 0)
(0.0555222 1.8918e-10 0)
(0.0555222 1.53397e-10 0)
(0.0555222 1.24248e-10 0)
(0.0555222 1.00539e-10 0)
(0.0555222 8.12824e-11 0)
(0.0555222 6.56669e-11 0)
(0.0555222 5.30177e-11 0)
(0.0555222 4.2776e-11 0)
(0.0555222 3.44885e-11 0)
(0.0555222 2.77854e-11 0)
(0.0555222 2.23733e-11 0)
(0.0555222 1.80113e-11 0)
(0.0555222 1.45014e-11 0)
(0.0555222 1.16728e-11 0)
(0.0555222 9.38039e-12 0)
(0.0555222 7.51156e-12 0)
(0.0555222 5.98229e-12 0)
(0.0555222 4.73053e-12 0)
(0.0555222 3.7132e-12 0)
(0.0555222 2.88746e-12 0)
(0.0555222 2.21758e-12 0)
(0.0555222 1.67169e-12 0)
(0.0555222 1.22942e-12 0)
(0.0555222 8.74544e-13 0)
(0.0555222 6.00043e-13 0)
(0.0555222 4.03724e-13 0)
(0.0555222 2.754e-13 0)
(0.0555222 2.02626e-13 0)
(0.0555222 1.67874e-13 0)
(0.0555222 1.5167e-13 0)
(0.0555222 1.45306e-13 0)
(0.0555222 1.46114e-13 0)
(0.0555222 1.59051e-13 0)
(0.0555222 1.90793e-13 0)
(0.0555222 2.31829e-13 0)
(0.0555222 2.69804e-13 0)
(0.0555222 2.85686e-13 0)
(0.0555222 2.63354e-13 0)
(0.0555222 2.00474e-13 0)
(0.0555222 1.05716e-13 0)
(0.0555222 1.72297e-15 0)
(0.0555222 -8.60487e-14 0)
(0.0555222 -1.38652e-13 0)
(0.0555222 -1.50967e-13 0)
(0.0555222 -1.34712e-13 0)
(0.0555222 -1.07704e-13 0)
(0.0555222 -8.90362e-14 0)
(0.0555222 -8.63155e-14 0)
(0.0555222 -9.90291e-14 0)
(0.0555222 -1.19146e-13 0)
(0.0555222 -1.32929e-13 0)
(0.0555222 -1.32289e-13 0)
(0.0555222 -1.12861e-13 0)
(0.0555222 -8.08865e-14 0)
(0.0555222 -4.63005e-14 0)
(0.0555222 -1.58673e-14 0)
(0.0555222 4.17624e-15 0)
(0.0555222 1.47972e-14 0)
(0.0555222 2.17711e-14 0)
(0.0555222 2.97682e-14 0)
(0.0555222 4.20409e-14 0)
(0.0555222 5.6282e-14 0)
(0.0555222 6.64159e-14 0)
(0.0555222 6.77418e-14 0)
(0.0555222 5.66573e-14 0)
(0.0555222 3.36121e-14 0)
(0.0555222 2.49841e-15 0)
(0.0555222 -2.90332e-14 0)
(0.0555222 -4.74912e-14 0)
(0.0555222 -4.22938e-14 0)
(0.0555222 -3.86881e-15 0)
(0.0555222 6.86577e-14 0)
(0.0555222 1.70214e-13 0)
(0.0555222 2.94046e-13 0)
(0.0555222 4.26513e-13 0)
(0.0555222 5.5663e-13 0)
(0.0555222 6.74152e-13 0)
(0.0555222 7.77264e-13 0)
(0.0555222 8.73822e-13 0)
(0.0555222 9.78165e-13 0)
(0.0555222 1.11267e-12 0)
(0.0555222 1.29647e-12 0)
(0.0555222 1.54689e-12 0)
(0.0555222 1.87574e-12 0)
(0.0555222 2.29065e-12 0)
(0.0555222 2.79494e-12 0)
(0.0555222 3.39304e-12 0)
(0.0555222 4.0974e-12 0)
(0.0555222 4.93893e-12 0)
(0.0555222 5.96656e-12 0)
(0.0555222 7.24902e-12 0)
(0.0555222 8.87702e-12 0)
(0.0555222 1.09695e-11 0)
(0.0555222 1.36296e-11 0)
(0.0555222 1.70574e-11 0)
(0.0555222 2.132e-11 0)
(0.0555222 2.67408e-11 0)
(0.0555222 3.29244e-11 0)
(0.0555222 4.04411e-11 0)
(0.0555222 4.80135e-11 0)
(0.0065737 0.00897332 0)
(0.015896 0.00753591 0)
(0.02711 0.00177692 0)
(0.035977 -0.00425892 0)
(0.0435352 -0.01006 0)
(0.0497841 -0.015532 0)
(0.0548919 -0.0207213 0)
(0.0589495 -0.0256079 0)
(0.0619864 -0.0300363 0)
(0.0639845 -0.033692 0)
(0.0649319 -0.0361331 0)
(0.0648849 -0.0368765 0)
(0.0640176 -0.0355506 0)
(0.0626304 -0.0321248 0)
(0.0610857 -0.0271291 0)
(0.0596774 -0.021567 0)
(0.0585388 -0.0164207 0)
(0.05767 -0.0122239 0)
(0.0570207 -0.00905012 0)
(0.0565409 -0.00673312 0)
(0.0561925 -0.0050542 0)
(0.0559459 -0.00382776 0)
(0.0557764 -0.00291937 0)
(0.0556637 -0.00223732 0)
(0.0555913 -0.00171969 0)
(0.0555467 -0.00132383 0)
(0.0555208 -0.00101962 0)
(0.0555069 -0.000785111 0)
(0.0555007 -0.000604042 0)
(0.055499 -0.000464131 0)
(0.0554998 -0.000356018 0)
(0.055502 -0.000272518 0)
(0.0555047 -0.000208084 0)
(0.0555075 -0.000158428 0)
(0.0555101 -0.00012022 0)
(0.0555124 -9.08774e-05 0)
(0.0555144 -6.83932e-05 0)
(0.0555161 -5.12082e-05 0)
(0.0555175 -3.8112e-05 0)
(0.0555186 -2.8165e-05 0)
(0.0555195 -2.06386e-05 0)
(0.0555202 -1.49688e-05 0)
(0.0555208 -1.07191e-05 0)
(0.0555212 -7.55255e-06 0)
(0.0555216 -5.20935e-06 0)
(0.0555218 -3.4897e-06 0)
(0.055522 -2.24022e-06 0)
(0.0555222 -1.3435e-06 0)
(0.0555223 -7.09934e-07 0)
(0.0555224 -2.71341e-07 0)
(0.0555224 2.39498e-08 0)
(0.0555225 2.14937e-07 0)
(0.0555225 3.30909e-07 0)
(0.0555225 3.93738e-07 0)
(0.0555225 4.19648e-07 0)
(0.0555225 4.20582e-07 0)
(0.0555226 4.05248e-07 0)
(0.0555226 3.79919e-07 0)
(0.0555226 3.49054e-07 0)
(0.0555226 3.15759e-07 0)
(0.0555226 2.82145e-07 0)
(0.0555226 2.49598e-07 0)
(0.0555226 2.18977e-07 0)
(0.0555226 1.90768e-07 0)
(0.0555226 1.65196e-07 0)
(0.0555226 1.42307e-07 0)
(0.0555226 1.2203e-07 0)
(0.0555226 1.04219e-07 0)
(0.0555226 8.86864e-08 0)
(0.0555226 7.52237e-08 0)
(0.0555225 6.36171e-08 0)
(0.0555225 5.36573e-08 0)
(0.0555225 4.51456e-08 0)
(0.0555225 3.78982e-08 0)
(0.0555225 3.17477e-08 0)
(0.0555225 2.65435e-08 0)
(0.0555225 2.21521e-08 0)
(0.0555225 1.84557e-08 0)
(0.0555225 1.53514e-08 0)
(0.0555225 1.27498e-08 0)
(0.0555225 1.05739e-08 0)
(0.0555225 8.75733e-09 0)
(0.0555225 7.24337e-09 0)
(0.0555225 5.98366e-09 0)
(0.0555225 4.93709e-09 0)
(0.0555225 4.06885e-09 0)
(0.0555225 3.34951e-09 0)
(0.0555225 2.75431e-09 0)
(0.0555225 2.26244e-09 0)
(0.0555225 1.85646e-09 0)
(0.0555225 1.52178e-09 0)
(0.0555225 1.24621e-09 0)
(0.0555225 1.01957e-09 0)
(0.0555225 8.33355e-10 0)
(0.0555225 6.80519e-10 0)
(0.0555225 5.55202e-10 0)
(0.0555225 4.52548e-10 0)
(0.0555225 3.68535e-10 0)
(0.0555225 2.99837e-10 0)
(0.0555225 2.43706e-10 0)
(0.0555225 1.97878e-10 0)
(0.0555225 1.60497e-10 0)
(0.0555225 1.30043e-10 0)
(0.0555225 1.0527e-10 0)
(0.0555225 8.51469e-11 0)
(0.0555225 6.88199e-11 0)
(0.0555225 5.55833e-11 0)
(0.0555225 4.48587e-11 0)
(0.0555225 3.61798e-11 0)
(0.0555225 2.91679e-11 0)
(0.0555225 2.35133e-11 0)
(0.0555225 1.89574e-11 0)
(0.0555225 1.52817e-11 0)
(0.0555225 1.23073e-11 0)
(0.0555225 9.88775e-12 0)
(0.0555225 7.91271e-12 0)
(0.0555225 6.3032e-12 0)
(0.0555225 4.9963e-12 0)
(0.0555225 3.9387e-12 0)
(0.0555225 3.08279e-12 0)
(0.0555225 2.38633e-12 0)
(0.0555225 1.81387e-12 0)
(0.0555225 1.34077e-12 0)
(0.0555225 9.56602e-13 0)
(0.0555225 6.58179e-13 0)
(0.0555225 4.41547e-13 0)
(0.0555225 2.97443e-13 0)
(0.0555225 2.07436e-13 0)
(0.0555225 1.54451e-13 0)
(0.0555225 1.22916e-13 0)
(0.0555225 1.051e-13 0)
(0.0555225 1.02494e-13 0)
(0.0555225 1.18528e-13 0)
(0.0555225 1.55903e-13 0)
(0.0555225 2.04997e-13 0)
(0.0555225 2.52409e-13 0)
(0.0555225 2.77583e-13 0)
(0.0555225 2.66705e-13 0)
(0.0555225 2.19944e-13 0)
(0.0555225 1.46568e-13 0)
(0.0555225 6.95218e-14 0)
(0.0555225 6.25226e-15 0)
(0.0555225 -3.53688e-14 0)
(0.0555225 -5.45111e-14 0)
(0.0555225 -6.61427e-14 0)
(0.0555225 -8.19408e-14 0)
(0.0555225 -1.10613e-13 0)
(0.0555225 -1.52671e-13 0)
(0.0555225 -1.95903e-13 0)
(0.0555225 -2.23816e-13 0)
(0.0555225 -2.25548e-13 0)
(0.0555225 -1.96212e-13 0)
(0.0555225 -1.45124e-13 0)
(0.0555225 -8.2591e-14 0)
(0.0555225 -2.41845e-14 0)
(0.0555225 1.99419e-14 0)
(0.0555225 4.60885e-14 0)
(0.0555225 5.70216e-14 0)
(0.0555225 5.99089e-14 0)
(0.0555225 6.16496e-14 0)
(0.0555225 6.57022e-14 0)
(0.0555225 7.05753e-14 0)
(0.0555225 7.06242e-14 0)
(0.0555225 6.12216e-14 0)
(0.0555225 3.97685e-14 0)
(0.0555225 8.19149e-15 0)
(0.0555225 -2.62167e-14 0)
(0.0555225 -5.53643e-14 0)
(0.0555225 -6.60812e-14 0)
(0.0555225 -4.90705e-14 0)
(0.0555225 2.84895e-15 0)
(0.0555225 8.80564e-14 0)
(0.0555225 2.00005e-13 0)
(0.0555225 3.28275e-13 0)
(0.0555225 4.60418e-13 0)
(0.0555225 5.85378e-13 0)
(0.0555225 6.95605e-13 0)
(0.0555225 7.9346e-13 0)
(0.0555225 8.88312e-13 0)
(0.0555225 9.96229e-13 0)
(0.0555225 1.13717e-12 0)
(0.0555225 1.32846e-12 0)
(0.0555225 1.58588e-12 0)
(0.0555225 1.91784e-12 0)
(0.0555225 2.32712e-12 0)
(0.0555225 2.81507e-12 0)
(0.0555225 3.38459e-12 0)
(0.0555225 4.04633e-12 0)
(0.0555225 4.82571e-12 0)
(0.0555225 5.7644e-12 0)
(0.0555225 6.92066e-12 0)
(0.0555225 8.3656e-12 0)
(0.0555225 1.01764e-11 0)
(0.0555225 1.24453e-11 0)
(0.0555225 1.52609e-11 0)
(0.0555225 1.8675e-11 0)
(0.0555225 2.28068e-11 0)
(0.0555225 2.74507e-11 0)
(0.0555225 3.2594e-11 0)
(0.0555225 3.85287e-11 0)
(0.0344448 -4.23706e-05 0)
(0.0347858 -0.000278008 0)
(0.0353768 -0.0004557 0)
(0.0361986 -0.000607275 0)
(0.0372501 -0.000773612 0)
(0.038711 -0.00110667 0)
(0.0406364 -0.00125079 0)
(0.042544 -0.00161519 0)
(0.090847 -3.94555e-05 0)
(0.0906572 -0.000300903 0)
(0.0907047 -0.000624366 0)
(0.0909445 -0.000979803 0)
(0.091402 -0.00140738 0)
(0.0920799 -0.00193393 0)
(0.0929138 -0.00247264 0)
(0.0946291 -0.00376886 0)
(0.128427 -3.5072e-05 0)
(0.12826 -0.000249676 0)
(0.128208 -0.000540106 0)
(0.128232 -0.000911669 0)
(0.128315 -0.00137609 0)
(0.128447 -0.00193356 0)
(0.128719 -0.00273443 0)
(0.128918 -0.00371666 0)
(0.147208 -3.63966e-05 0)
(0.14703 -0.000255787 0)
(0.146941 -0.000536034 0)
(0.14689 -0.000887321 0)
(0.146849 -0.00132118 0)
(0.146811 -0.00188335 0)
(0.146728 -0.00258132 0)
(0.146612 -0.00350608 0)
(0.147221 -4.19166e-05 0)
(0.147043 -0.000264527 0)
(0.146929 -0.000529023 0)
(0.146826 -0.000851141 0)
(0.146694 -0.00125017 0)
(0.14649 -0.0017412 0)
(0.146185 -0.00236534 0)
(0.145731 -0.00315431 0)
(0.12846 -5.28042e-05 0)
(0.128254 -0.00028884 0)
(0.128075 -0.000538453 0)
(0.127865 -0.000816559 0)
(0.127578 -0.00113745 0)
(0.127172 -0.00152911 0)
(0.126597 -0.00202597 0)
(0.125795 -0.0026687 0)
(0.0909023 -7.38289e-05 0)
(0.0905799 -0.000285584 0)
(0.0902626 -0.000478493 0)
(0.089884 -0.000675315 0)
(0.0893691 -0.000881304 0)
(0.0886282 -0.00110687 0)
(0.0875754 -0.00137761 0)
(0.0861306 -0.00171918 0)
(0.0344706 -7.70912e-05 0)
(0.0341968 -0.000182169 0)
(0.0337948 -0.000255728 0)
(0.0332979 -0.000271659 0)
(0.0327575 -0.00020182 0)
(0.0322086 -8.66646e-05 0)
(0.031608 1.05799e-06 0)
(0.0308573 5.81416e-06 0)
(0.0473095 -0.00471537 0)
(0.0541222 -0.00577272 0)
(0.0609192 -0.0080637 0)
(0.0668976 -0.01115 0)
(0.0719061 -0.0147158 0)
(0.0759811 -0.0185488 0)
(0.0791593 -0.022497 0)
(0.0814347 -0.0263826 0)
(0.0827566 -0.0299548 0)
(0.0830544 -0.0328759 0)
(0.082273 -0.0347373 0)
(0.0804065 -0.0351135 0)
(0.0775429 -0.0336774 0)
(0.0739312 -0.0303837 0)
(0.0700241 -0.0256523 0)
(0.0663683 -0.0203466 0)
(0.063358 -0.0153961 0)
(0.0610942 -0.0113585 0)
(0.0594698 -0.00833456 0)
(0.0583208 -0.00616226 0)
(0.0575081 -0.00461563 0)
(0.0569319 -0.00350193 0)
(0.0565233 -0.00268384 0)
(0.0562339 -0.00207068 0)
(0.0560292 -0.00160368 0)
(0.0558845 -0.00124407 0)
(0.0557821 -0.000965289 0)
(0.0557094 -0.000748383 0)
(0.0556577 -0.000579364 0)
(0.0556208 -0.000447635 0)
(0.0555943 -0.000345044 0)
(0.0555751 -0.000265248 0)
(0.0555612 -0.000203288 0)
(0.0555511 -0.000155276 0)
(0.0555437 -0.000118157 0)
(0.0555383 -8.95326e-05 0)
(0.0555343 -6.75199e-05 0)
(0.0555313 -5.06436e-05 0)
(0.055529 -3.77485e-05 0)
(0.0555274 -2.79321e-05 0)
(0.0555261 -2.04902e-05 0)
(0.0555252 -1.48747e-05 0)
(0.0555245 -1.06598e-05 0)
(0.055524 -7.51542e-06 0)
(0.0555236 -5.18629e-06 0)
(0.0555233 -3.47549e-06 0)
(0.0555231 -2.23156e-06 0)
(0.0555229 -1.33829e-06 0)
(0.0555228 -7.06843e-07 0)
(0.0555227 -2.69543e-07 0)
(0.0555227 2.49693e-08 0)
(0.0555226 2.15495e-07 0)
(0.0555226 3.31199e-07 0)
(0.0555226 3.93875e-07 0)
(0.0555226 4.19702e-07 0)
(0.0555225 4.20593e-07 0)
(0.0555225 4.05238e-07 0)
(0.0555225 3.79901e-07 0)
(0.0555225 3.49035e-07 0)
(0.0555225 3.15741e-07 0)
(0.0555225 2.8213e-07 0)
(0.0555225 2.49586e-07 0)
(0.0555225 2.18967e-07 0)
(0.0555225 1.90761e-07 0)
(0.0555225 1.65191e-07 0)
(0.0555225 1.42303e-07 0)
(0.0555225 1.22027e-07 0)
(0.0555225 1.04217e-07 0)
(0.0555225 8.86848e-08 0)
(0.0555225 7.52226e-08 0)
(0.0555225 6.36164e-08 0)
(0.0555225 5.36567e-08 0)
(0.0555225 4.51452e-08 0)
(0.0555225 3.78979e-08 0)
(0.0555225 3.17475e-08 0)
(0.0555225 2.65434e-08 0)
(0.0555225 2.2152e-08 0)
(0.0555225 1.84556e-08 0)
(0.0555225 1.53513e-08 0)
(0.0555225 1.27498e-08 0)
(0.0555225 1.05739e-08 0)
(0.0555225 8.75731e-09 0)
(0.0555225 7.24337e-09 0)
(0.0555225 5.98367e-09 0)
(0.0555225 4.9371e-09 0)
(0.0555225 4.06883e-09 0)
(0.0555225 3.34947e-09 0)
(0.0555225 2.75426e-09 0)
(0.0555225 2.26239e-09 0)
(0.0555225 1.85643e-09 0)
(0.0555225 1.52178e-09 0)
(0.0555225 1.24623e-09 0)
(0.0555225 1.01959e-09 0)
(0.0555225 8.33381e-10 0)
(0.0555225 6.80549e-10 0)
(0.0555225 5.55233e-10 0)
(0.0555225 4.52577e-10 0)
(0.0555225 3.68554e-10 0)
(0.0555225 2.99837e-10 0)
(0.0555225 2.43685e-10 0)
(0.0555225 1.97844e-10 0)
(0.0555225 1.60463e-10 0)
(0.0555225 1.3002e-10 0)
(0.0555225 1.05259e-10 0)
(0.0555225 8.51434e-11 0)
(0.0555225 6.8817e-11 0)
(0.0555225 5.5576e-11 0)
(0.0555225 4.48482e-11 0)
(0.0555225 3.61711e-11 0)
(0.0555225 2.91672e-11 0)
(0.0555225 2.35234e-11 0)
(0.0555225 1.89749e-11 0)
(0.0555225 1.5298e-11 0)
(0.0555225 1.23132e-11 0)
(0.0555225 9.88309e-12 0)
(0.0555225 7.90397e-12 0)
(0.0555225 6.29943e-12 0)
(0.0555225 5.00546e-12 0)
(0.0555225 3.96324e-12 0)
(0.0555225 3.11946e-12 0)
(0.0555225 2.42783e-12 0)
(0.0555225 1.85281e-12 0)
(0.0555225 1.37182e-12 0)
(0.0555225 9.79317e-13 0)
(0.0555225 6.72408e-13 0)
(0.0555225 4.46697e-13 0)
(0.0555225 2.92018e-13 0)
(0.0555225 1.91886e-13 0)
(0.0555225 1.24511e-13 0)
(0.0555225 7.95247e-14 0)
(0.0555225 5.23655e-14 0)
(0.0555225 4.73207e-14 0)
(0.0555225 6.79126e-14 0)
(0.0555225 1.09819e-13 0)
(0.0555225 1.66589e-13 0)
(0.0555225 2.20638e-13 0)
(0.0555225 2.55602e-13 0)
(0.0555225 2.61546e-13 0)
(0.0555225 2.3657e-13 0)
(0.0555225 1.93794e-13 0)
(0.0555225 1.46794e-13 0)
(0.0555225 1.05508e-13 0)
(0.0555225 7.17688e-14 0)
(0.0555225 3.61629e-14 0)
(0.0555225 -9.12797e-15 0)
(0.0555225 -7.12305e-14 0)
(0.0555225 -1.47796e-13 0)
(0.0555225 -2.26745e-13 0)
(0.0555225 -2.88682e-13 0)
(0.0555225 -3.15646e-13 0)
(0.0555225 -2.98284e-13 0)
(0.0555225 -2.41183e-13 0)
(0.0555225 -1.58323e-13 0)
(0.0555225 -7.12192e-14 0)
(0.0555225 4.41158e-15 0)
(0.0555225 5.59176e-14 0)
(0.0555225 8.37413e-14 0)
(0.0555225 9.38718e-14 0)
(0.0555225 9.24951e-14 0)
(0.0555225 8.89512e-14 0)
(0.0555225 8.42767e-14 0)
(0.0555225 7.86993e-14 0)
(0.0555225 6.95381e-14 0)
(0.0555225 4.94496e-14 0)
(0.0555225 1.95578e-14 0)
(0.0555225 -1.73204e-14 0)
(0.0555225 -5.24861e-14 0)
(0.0555225 -7.39663e-14 0)
(0.0555225 -7.45245e-14 0)
(0.0555225 -4.53576e-14 0)
(0.0555225 1.49461e-14 0)
(0.0555225 1.06085e-13 0)
(0.0555225 2.20664e-13 0)
(0.0555225 3.446e-13 0)
(0.0555225 4.68214e-13 0)
(0.0555225 5.81597e-13 0)
(0.0555225 6.82225e-13 0)
(0.0555225 7.73784e-13 0)
(0.0555225 8.65904e-13 0)
(0.0555225 9.75362e-13 0)
(0.0555225 1.11703e-12 0)
(0.0555225 1.30918e-12 0)
(0.0555225 1.5631e-12 0)
(0.0555225 1.8831e-12 0)
(0.0555225 2.26951e-12 0)
(0.0555225 2.71934e-12 0)
(0.0555225 3.23516e-12 0)
(0.0555225 3.82669e-12 0)
(0.0555225 4.51115e-12 0)
(0.0555225 5.32232e-12 0)
(0.0555225 6.30146e-12 0)
(0.0555225 7.49896e-12 0)
(0.0555225 8.9678e-12 0)
(0.0555225 1.07509e-11 0)
(0.0555225 1.28953e-11 0)
(0.0555225 1.54173e-11 0)
(0.0555225 1.8339e-11 0)
(0.0555225 2.16373e-11 0)
(0.0555225 2.50843e-11 0)
(0.0555225 2.95173e-11 0)
(0.0964192 -0.00482335 0)
(0.0978434 -0.00640632 0)
(0.099598 -0.00864353 0)
(0.101341 -0.0114908 0)
(0.102864 -0.0147625 0)
(0.104023 -0.0182655 0)
(0.104701 -0.0218144 0)
(0.104773 -0.0252131 0)
(0.104104 -0.0282275 0)
(0.102549 -0.0305641 0)
(0.0999654 -0.0318692 0)
(0.0962373 -0.03177 0)
(0.0913438 -0.0299964 0)
(0.0854826 -0.0265813 0)
(0.0791694 -0.0220141 0)
(0.0731571 -0.0171398 0)
(0.0681127 -0.0127717 0)
(0.0643102 -0.00933121 0)
(0.0616365 -0.00682683 0)
(0.0598131 -0.0050629 0)
(0.0585729 -0.00381998 0)
(0.0577194 -0.00292692 0)
(0.0571223 -0.00226805 0)
(0.0566982 -0.00176967 0)
(0.0563929 -0.00138542 0)
(0.0561708 -0.00108543 0)
(0.0560077 -0.000849605 0)
(0.0558872 -0.000663697 0)
(0.0557975 -0.0005171 0)
(0.0557305 -0.000401652 0)
(0.0556801 -0.000310933 0)
(0.0556421 -0.000239837 0)
(0.0556133 -0.000184286 0)
(0.0555915 -0.000141017 0)
(0.0555749 -0.000107425 0)
(0.0555622 -8.1435e-05 0)
(0.0555526 -6.13982e-05 0)
(0.0555452 -4.60089e-05 0)
(0.0555396 -3.42366e-05 0)
(0.0555353 -2.527e-05 0)
(0.0555321 -1.84727e-05 0)
(0.0555296 -1.3347e-05 0)
(0.0555277 -9.50449e-06 0)
(0.0555263 -6.64346e-06 0)
(0.0555252 -4.52991e-06 0)
(0.0555244 -2.98304e-06 0)
(0.0555238 -1.86361e-06 0)
(0.0555233 -1.06476e-06 0)
(0.055523 -5.04752e-07 0)
(0.0555227 -1.21358e-07 0)
(0.0555225 1.32623e-07 0)
(0.0555224 2.92801e-07 0)
(0.0555223 3.85898e-07 0)
(0.0555222 4.31837e-07 0)
(0.0555222 4.45365e-07 0)
(0.0555222 4.373e-07 0)
(0.0555222 4.15497e-07 0)
(0.0555221 3.85585e-07 0)
(0.0555221 3.5153e-07 0)
(0.0555221 3.16071e-07 0)
(0.0555221 2.81041e-07 0)
(0.0555221 2.47615e-07 0)
(0.0555221 2.16498e-07 0)
(0.0555221 1.88061e-07 0)
(0.0555222 1.62443e-07 0)
(0.0555222 1.39629e-07 0)
(0.0555222 1.19501e-07 0)
(0.0555222 1.01883e-07 0)
(0.0555222 8.65645e-08 0)
(0.0555222 7.33212e-08 0)
(0.0555222 6.19292e-08 0)
(0.0555222 5.21727e-08 0)
(0.0555222 4.38495e-08 0)
(0.0555222 3.67738e-08 0)
(0.0555222 3.07774e-08 0)
(0.0555222 2.57102e-08 0)
(0.0555222 2.14395e-08 0)
(0.0555222 1.78484e-08 0)
(0.0555222 1.48357e-08 0)
(0.0555222 1.23132e-08 0)
(0.0555222 1.02053e-08 0)
(0.0555222 8.44687e-09 0)
(0.0555222 6.98251e-09 0)
(0.0555222 5.76492e-09 0)
(0.0555222 4.75401e-09 0)
(0.0555222 3.91587e-09 0)
(0.0555222 3.22192e-09 0)
(0.0555222 2.64809e-09 0)
(0.0555222 2.17418e-09 0)
(0.0555222 1.78326e-09 0)
(0.0555222 1.46117e-09 0)
(0.0555222 1.19608e-09 0)
(0.0555222 9.78137e-10 0)
(0.0555222 7.99154e-10 0)
(0.0555222 6.52315e-10 0)
(0.0555222 5.31964e-10 0)
(0.0555222 4.3341e-10 0)
(0.0555222 3.52777e-10 0)
(0.0555222 2.86858e-10 0)
(0.0555222 2.33022e-10 0)
(0.0555222 1.89099e-10 0)
(0.0555222 1.5331e-10 0)
(0.0555222 1.24185e-10 0)
(0.0555222 1.00507e-10 0)
(0.0555222 8.12729e-11 0)
(0.0555222 6.56597e-11 0)
(0.0555222 5.29968e-11 0)
(0.0555222 4.27443e-11 0)
(0.0555222 3.44592e-11 0)
(0.0555222 2.77796e-11 0)
(0.0555222 2.23985e-11 0)
(0.0555222 1.80573e-11 0)
(0.0555222 1.45451e-11 0)
(0.0555222 1.16911e-11 0)
(0.0555222 9.37129e-12 0)
(0.0555222 7.49129e-12 0)
(0.0555222 5.97591e-12 0)
(0.0555222 4.76133e-12 0)
(0.0555222 3.78528e-12 0)
(0.0555222 2.9918e-12 0)
(0.0555222 2.33349e-12 0)
(0.0555222 1.77993e-12 0)
(0.0555222 1.31615e-12 0)
(0.0555222 9.36573e-13 0)
(0.0555222 6.4024e-13 0)
(0.0555222 4.19646e-13 0)
(0.0555222 2.63465e-13 0)
(0.0555222 1.56067e-13 0)
(0.0555222 8.0435e-14 0)
(0.0555222 2.82696e-14 0)
(0.0555222 -3.27239e-15 0)
(0.0555222 -9.49745e-15 0)
(0.0555222 1.32759e-14 0)
(0.0555222 6.09069e-14 0)
(0.0555222 1.23095e-13 0)
(0.0555222 1.82612e-13 0)
(0.0555222 2.26604e-13 0)
(0.0555222 2.49372e-13 0)
(0.0555222 2.50791e-13 0)
(0.0555222 2.39125e-13 0)
(0.0555222 2.20097e-13 0)
(0.0555222 1.95773e-13 0)
(0.0555222 1.61506e-13 0)
(0.0555222 1.06619e-13 0)
(0.0555222 2.60531e-14 0)
(0.0555222 -7.80283e-14 0)
(0.0555222 -1.93167e-13 0)
(0.0555222 -2.95087e-13 0)
(0.0555222 -3.62134e-13 0)
(0.0555222 -3.78277e-13 0)
(0.0555222 -3.3988e-13 0)
(0.0555222 -2.59002e-13 0)
(0.0555222 -1.54642e-13 0)
(0.0555222 -5.21301e-14 0)
(0.0555222 3.04081e-14 0)
(0.0555222 8.40995e-14 0)
(0.0555222 1.10767e-13 0)
(0.0555222 1.17972e-13 0)
(0.0555222 1.14299e-13 0)
(0.0555222 1.05664e-13 0)
(0.0555222 9.52452e-14 0)
(0.0555222 8.18246e-14 0)
(0.0555222 6.11613e-14 0)
(0.0555222 3.32359e-14 0)
(0.0555222 -2.65752e-15 0)
(0.0555222 -4.03767e-14 0)
(0.0555222 -7.03749e-14 0)
(0.0555222 -8.47307e-14 0)
(0.0555222 -7.43045e-14 0)
(0.0555222 -3.57495e-14 0)
(0.0555222 2.9677e-14 0)
(0.0555222 1.20309e-13 0)
(0.0555222 2.27085e-13 0)
(0.0555222 3.40642e-13 0)
(0.0555222 4.50258e-13 0)
(0.0555222 5.50405e-13 0)
(0.0555222 6.39703e-13 0)
(0.0555222 7.24172e-13 0)
(0.0555222 8.12739e-13 0)
(0.0555222 9.19274e-13 0)
(0.0555222 1.05842e-12 0)
(0.0555222 1.24298e-12 0)
(0.0555222 1.48212e-12 0)
(0.0555222 1.7763e-12 0)
(0.0555222 2.12276e-12 0)
(0.0555222 2.51861e-12 0)
(0.0555222 2.96389e-12 0)
(0.0555222 3.46503e-12 0)
(0.0555222 4.03529e-12 0)
(0.0555222 4.69584e-12 0)
(0.0555222 5.47245e-12 0)
(0.0555222 6.39333e-12 0)
(0.0555222 7.48042e-12 0)
(0.0555222 8.74159e-12 0)
(0.0555222 1.0181e-11 0)
(0.0555222 1.17839e-11 0)
(0.0555222 1.35209e-11 0)
(0.0555222 1.5489e-11 0)
(0.0555222 1.74359e-11 0)
(0.0555222 2.03566e-11 0)
(0.129065 -0.00510789 0)
(0.129347 -0.00675086 0)
(0.129604 -0.00876479 0)
(0.129711 -0.0111851 0)
(0.129527 -0.0139338 0)
(0.128927 -0.0168772 0)
(0.127789 -0.0198526 0)
(0.125989 -0.0226661 0)
(0.123377 -0.0250776 0)
(0.119775 -0.0267834 0)
(0.114987 -0.0274234 0)
(0.108869 -0.0266521 0)
(0.101471 -0.024299 0)
(0.0931941 -0.0205674 0)
(0.0847996 -0.0161148 0)
(0.0771692 -0.0118337 0)
(0.0709435 -0.00839907 0)
(0.0663045 -0.00598878 0)
(0.0630518 -0.00440716 0)
(0.0608359 -0.00336507 0)
(0.0593315 -0.00264112 0)
(0.0582976 -0.0021047 0)
(0.057573 -0.00168719 0)
(0.0570546 -0.00135293 0)
(0.0566768 -0.00108203 0)
(0.0563973 -0.000861821 0)
(0.0561882 -0.000683177 0)
(0.0560305 -0.000538872 0)
(0.0559107 -0.000422914 0)
(0.0558193 -0.00033025 0)
(0.0557494 -0.000256603 0)
(0.0556957 -0.00019838 0)
(0.0556545 -0.000152582 0)
(0.0556227 -0.000116735 0)
(0.0555983 -8.88086e-05 0)
(0.0555795 -6.71546e-05 0)
(0.055565 -5.04431e-05 0)
(0.0555539 -3.76077e-05 0)
(0.0555453 -2.77987e-05 0)
(0.0555388 -2.03422e-05 0)
(0.0555337 -1.47067e-05 0)
(0.0555299 -1.04744e-05 0)
(0.055527 -7.31871e-06 0)
(0.0555248 -4.985e-06 0)
(0.0555231 -3.27581e-06 0)
(0.0555218 -2.03848e-06 0)
(0.0555209 -1.15552e-06 0)
(0.0555202 -5.36851e-07 0)
(0.0555196 -1.13748e-07 0)
(0.0555192 1.65988e-07 0)
(0.055519 3.41795e-07 0)
(0.0555188 4.43293e-07 0)
(0.0555186 4.92582e-07 0)
(0.0555185 5.06026e-07 0)
(0.0555185 4.95635e-07 0)
(0.0555184 4.70127e-07 0)
(0.0555184 4.35746e-07 0)
(0.0555184 3.96894e-07 0)
(0.0555184 3.56601e-07 0)
(0.0555184 3.16895e-07 0)
(0.0555184 2.79073e-07 0)
(0.0555184 2.43907e-07 0)
(0.0555184 2.118e-07 0)
(0.0555184 1.82897e-07 0)
(0.0555184 1.57172e-07 0)
(0.0555184 1.34487e-07 0)
(0.0555184 1.14638e-07 0)
(0.0555184 9.73859e-08 0)
(0.0555184 8.24752e-08 0)
(0.0555184 6.9652e-08 0)
(0.0555184 5.86722e-08 0)
(0.0555184 4.93071e-08 0)
(0.0555184 4.13469e-08 0)
(0.0555184 3.4602e-08 0)
(0.0555184 2.8903e-08 0)
(0.0555184 2.41002e-08 0)
(0.0555184 2.00623e-08 0)
(0.0555184 1.6675e-08 0)
(0.0555184 1.38391e-08 0)
(0.0555184 1.14695e-08 0)
(0.0555184 9.49288e-09 0)
(0.0555184 7.84691e-09 0)
(0.0555184 6.47838e-09 0)
(0.0555184 5.3422e-09 0)
(0.0555184 4.40026e-09 0)
(0.0555184 3.62042e-09 0)
(0.0555185 2.97561e-09 0)
(0.0555185 2.44312e-09 0)
(0.0555185 2.00388e-09 0)
(0.0555185 1.64198e-09 0)
(0.0555185 1.34411e-09 0)
(0.0555185 1.09921e-09 0)
(0.0555185 8.98076e-10 0)
(0.0555185 7.33052e-10 0)
(0.0555185 5.97793e-10 0)
(0.0555185 4.87034e-10 0)
(0.0555185 3.96419e-10 0)
(0.0555185 3.22348e-10 0)
(0.0555185 2.61859e-10 0)
(0.0555185 2.12513e-10 0)
(0.0555185 1.72304e-10 0)
(0.0555185 1.39582e-10 0)
(0.0555185 1.12979e-10 0)
(0.0555185 9.13681e-11 0)
(0.0555185 7.38199e-11 0)
(0.0555185 5.95801e-11 0)
(0.0555185 4.80392e-11 0)
(0.0555185 3.87049e-11 0)
(0.0555185 3.11736e-11 0)
(0.0555185 2.51068e-11 0)
(0.0555185 2.02205e-11 0)
(0.0555185 1.62776e-11 0)
(0.0555185 1.30852e-11 0)
(0.0555185 1.04967e-11 0)
(0.0555185 8.40053e-12 0)
(0.0555185 6.71188e-12 0)
(0.0555185 5.35942e-12 0)
(0.0555185 4.28029e-12 0)
(0.0555185 3.41295e-12 0)
(0.0555185 2.70255e-12 0)
(0.0555185 2.10791e-12 0)
(0.0555185 1.60385e-12 0)
(0.0555185 1.18077e-12 0)
(0.0555185 8.3633e-13 0)
(0.0555185 5.65895e-13 0)
(0.0555185 3.65024e-13 0)
(0.0555185 2.19188e-13 0)
(0.0555185 1.1274e-13 0)
(0.0555185 3.53441e-14 0)
(0.0555185 -2.09123e-14 0)
(0.0555185 -5.21555e-14 0)
(0.0555185 -5.62697e-14 0)
(0.0555185 -3.15499e-14 0)
(0.0555185 1.8543e-14 0)
(0.0555185 8.00496e-14 0)
(0.0555185 1.41926e-13 0)
(0.0555185 1.93435e-13 0)
(0.0555185 2.30872e-13 0)
(0.0555185 2.56142e-13 0)
(0.0555185 2.69714e-13 0)
(0.0555185 2.73243e-13 0)
(0.0555185 2.58876e-13 0)
(0.0555185 2.18778e-13 0)
(0.0555185 1.44455e-13 0)
(0.0555185 3.63086e-14 0)
(0.0555185 -9.59617e-14 0)
(0.0555185 -2.2938e-13 0)
(0.0555185 -3.36316e-13 0)
(0.0555185 -3.94813e-13 0)
(0.0555185 -3.93844e-13 0)
(0.0555185 -3.3716e-13 0)
(0.0555185 -2.42049e-13 0)
(0.0555185 -1.32472e-13 0)
(0.0555185 -2.98955e-14 0)
(0.0555185 4.74335e-14 0)
(0.0555185 9.70789e-14 0)
(0.0555185 1.20647e-13 0)
(0.0555185 1.267e-13 0)
(0.0555185 1.22412e-13 0)
(0.0555185 1.12303e-13 0)
(0.0555185 9.89136e-14 0)
(0.0555185 7.81783e-14 0)
(0.0555185 5.023e-14 0)
(0.0555185 1.65328e-14 0)
(0.0555185 -2.16422e-14 0)
(0.0555185 -5.47045e-14 0)
(0.0555185 -7.81136e-14 0)
(0.0555185 -8.29551e-14 0)
(0.0555185 -6.3526e-14 0)
(0.0555185 -2.23259e-14 0)
(0.0555185 4.32297e-14 0)
(0.0555185 1.24992e-13 0)
(0.0555185 2.18073e-13 0)
(0.0555185 3.14036e-13 0)
(0.0555185 4.07713e-13 0)
(0.0555185 4.92669e-13 0)
(0.0555185 5.71929e-13 0)
(0.0555185 6.48942e-13 0)
(0.0555185 7.31837e-13 0)
(0.0555185 8.34185e-13 0)
(0.0555185 9.64991e-13 0)
(0.0555185 1.13534e-12 0)
(0.0555185 1.34765e-12 0)
(0.0555185 1.60327e-12 0)
(0.0555185 1.89977e-12 0)
(0.0555185 2.23113e-12 0)
(0.0555185 2.59739e-12 0)
(0.0555185 2.99955e-12 0)
(0.0555185 3.44546e-12 0)
(0.0555185 3.94656e-12 0)
(0.0555185 4.51462e-12 0)
(0.0555185 5.15104e-12 0)
(0.0555185 5.84669e-12 0)
(0.0555185 6.58761e-12 0)
(0.0555185 7.30555e-12 0)
(0.0555185 7.98545e-12 0)
(0.0555185 8.49363e-12 0)
(0.0555185 9.06467e-12 0)
(0.0555185 9.34596e-12 0)
(0.0555185 1.07026e-11 0)
(0.146414 -0.00465272 0)
(0.146029 -0.00608011 0)
(0.145426 -0.00782449 0)
(0.144503 -0.00988154 0)
(0.143142 -0.0121879 0)
(0.141219 -0.014628 0)
(0.138601 -0.0170423 0)
(0.135127 -0.0192209 0)
(0.13059 -0.0208884 0)
(0.124761 -0.0217033 0)
(0.117484 -0.0213116 0)
(0.10884 -0.0194869 0)
(0.0992937 -0.0163324 0)
(0.0896933 -0.012402 0)
(0.0810123 -0.0085485 0)
(0.0739499 -0.00550364 0)
(0.0686823 -0.00353111 0)
(0.0649583 -0.00244974 0)
(0.0623749 -0.00190928 0)
(0.060573 -0.00161919 0)
(0.0592946 -0.00141631 0)
(0.0583696 -0.00123498 0)
(0.0576877 -0.00105952 0)
(0.0571774 -0.000892336 0)
(0.0567906 -0.00073899 0)
(0.0564948 -0.000603286 0)
(0.0562671 -0.000486587 0)
(0.0560911 -0.000388432 0)
(0.0559546 -0.000307285 0)
(0.0558486 -0.000241117 0)
(0.0557662 -0.000187769 0)
(0.0557022 -0.000145167 0)
(0.0556524 -0.00011143 0)
(0.0556138 -8.49115e-05 0)
(0.0555839 -6.42116e-05 0)
(0.0555607 -4.81596e-05 0)
(0.0555428 -3.57915e-05 0)
(0.0555289 -2.63233e-05 0)
(0.0555183 -1.91233e-05 0)
(0.0555101 -1.36867e-05 0)
(0.0555038 -9.6132e-06 0)
(0.055499 -6.58728e-06 0)
(0.0554954 -4.3617e-06 0)
(0.0554926 -2.74381e-06 0)
(0.0554905 -1.58428e-06 0)
(0.0554889 -7.67987e-07 0)
(0.0554878 -2.0662e-07 0)
(0.0554869 1.67191e-07 0)
(0.0554862 4.04544e-07 0)
(0.0554858 5.43957e-07 0)
(0.0554854 6.14261e-07 0)
(0.0554852 6.36875e-07 0)
(0.055485 6.27563e-07 0)
(0.0554849 5.97805e-07 0)
(0.0554848 5.55856e-07 0)
(0.0554848 5.07552e-07 0)
(0.0554848 4.56934e-07 0)
(0.0554847 4.06722e-07 0)
(0.0554847 3.58671e-07 0)
(0.0554847 3.13842e-07 0)
(0.0554848 2.72804e-07 0)
(0.0554848 2.35784e-07 0)
(0.0554848 2.02778e-07 0)
(0.0554848 1.73631e-07 0)
(0.0554848 1.48098e-07 0)
(0.0554848 1.25881e-07 0)
(0.0554848 1.06662e-07 0)
(0.0554848 9.0121e-08 0)
(0.0554848 7.59476e-08 0)
(0.0554848 6.38509e-08 0)
(0.0554849 5.3563e-08 0)
(0.0554849 4.48411e-08 0)
(0.0554849 3.74683e-08 0)
(0.0554849 3.12521e-08 0)
(0.0554849 2.60238e-08 0)
(0.0554849 2.16361e-08 0)
(0.0554849 1.79615e-08 0)
(0.0554849 1.48899e-08 0)
(0.0554849 1.2327e-08 0)
(0.0554849 1.01921e-08 0)
(0.0554849 8.41664e-09 0)
(0.0554849 6.94218e-09 0)
(0.0554849 5.71946e-09 0)
(0.0554849 4.70687e-09 0)
(0.0554849 3.86941e-09 0)
(0.0554849 3.17766e-09 0)
(0.0554849 2.60696e-09 0)
(0.0554849 2.13665e-09 0)
(0.0554849 1.74949e-09 0)
(0.0554849 1.4311e-09 0)
(0.0554849 1.16953e-09 0)
(0.0554849 9.54855e-10 0)
(0.0554849 7.78846e-10 0)
(0.0554849 6.34683e-10 0)
(0.0554849 5.16717e-10 0)
(0.0554849 4.20275e-10 0)
(0.0554849 3.41504e-10 0)
(0.0554849 2.77225e-10 0)
(0.0554849 2.24829e-10 0)
(0.0554849 1.82166e-10 0)
(0.0554849 1.47471e-10 0)
(0.0554849 1.19286e-10 0)
(0.0554849 9.64053e-11 0)
(0.0554849 7.78402e-11 0)
(0.0554849 6.27823e-11 0)
(0.0554849 5.0579e-11 0)
(0.0554849 4.0705e-11 0)
(0.0554849 3.27335e-11 0)
(0.0554849 2.63139e-11 0)
(0.0554849 2.11511e-11 0)
(0.0554849 1.69955e-11 0)
(0.0554849 1.36432e-11 0)
(0.0554849 1.09334e-11 0)
(0.0554849 8.74386e-12 0)
(0.0554849 6.9826e-12 0)
(0.0554849 5.57485e-12 0)
(0.0554849 4.45525e-12 0)
(0.0554849 3.56251e-12 0)
(0.0554849 2.84175e-12 0)
(0.0554849 2.24659e-12 0)
(0.0554849 1.74494e-12 0)
(0.0554849 1.31922e-12 0)
(0.0554849 9.63283e-13 0)
(0.0554849 6.75311e-13 0)
(0.0554849 4.52184e-13 0)
(0.0554849 2.83594e-13 0)
(0.0554849 1.56676e-13 0)
(0.0554849 6.03305e-14 0)
(0.0554849 -1.30287e-14 0)
(0.0554849 -6.39287e-14 0)
(0.0554849 -9.06559e-14 0)
(0.0554849 -8.99241e-14 0)
(0.0554849 -6.2525e-14 0)
(0.0554849 -1.47754e-14 0)
(0.0554849 4.43085e-14 0)
(0.0554849 1.03946e-13 0)
(0.0554849 1.58211e-13 0)
(0.0554849 2.061e-13 0)
(0.0554849 2.46668e-13 0)
(0.0554849 2.78636e-13 0)
(0.0554849 2.93861e-13 0)
(0.0554849 2.82277e-13 0)
(0.0554849 2.33459e-13 0)
(0.0554849 1.44137e-13 0)
(0.0554849 2.03455e-14 0)
(0.0554849 -1.18398e-13 0)
(0.0554849 -2.46749e-13 0)
(0.0554849 -3.39226e-13 0)
(0.0554849 -3.78419e-13 0)
(0.0554849 -3.60015e-13 0)
(0.0554849 -2.94074e-13 0)
(0.0554849 -1.99964e-13 0)
(0.0554849 -1.00473e-13 0)
(0.0554849 -1.34651e-14 0)
(0.0554849 5.1469e-14 0)
(0.0554849 9.12693e-14 0)
(0.0554849 1.12629e-13 0)
(0.0554849 1.20149e-13 0)
(0.0554849 1.1947e-13 0)
(0.0554849 1.11412e-13 0)
(0.0554849 9.56578e-14 0)
(0.0554849 7.20152e-14 0)
(0.0554849 3.9941e-14 0)
(0.0554849 3.77874e-15 0)
(0.0554849 -3.10209e-14 0)
(0.0554849 -5.87992e-14 0)
(0.0554849 -7.21373e-14 0)
(0.0554849 -6.81516e-14 0)
(0.0554849 -4.59209e-14 0)
(0.0554849 -4.65518e-15 0)
(0.0554849 5.08538e-14 0)
(0.0554849 1.18514e-13 0)
(0.0554849 1.92374e-13 0)
(0.0554849 2.68106e-13 0)
(0.0554849 3.42432e-13 0)
(0.0554849 4.13991e-13 0)
(0.0554849 4.82199e-13 0)
(0.0554849 5.51889e-13 0)
(0.0554849 6.29655e-13 0)
(0.0554849 7.21837e-13 0)
(0.0554849 8.389e-13 0)
(0.0554849 9.85073e-13 0)
(0.0554849 1.16336e-12 0)
(0.0554849 1.37343e-12 0)
(0.0554849 1.61104e-12 0)
(0.0554849 1.87378e-12 0)
(0.0554849 2.1564e-12 0)
(0.0554849 2.46001e-12 0)
(0.0554849 2.78834e-12 0)
(0.0554849 3.13991e-12 0)
(0.0554849 3.51073e-12 0)
(0.0554849 3.88625e-12 0)
(0.0554849 4.23336e-12 0)
(0.0554849 4.46967e-12 0)
(0.0554849 4.56039e-12 0)
(0.0554849 4.31711e-12 0)
(0.0554849 3.56567e-12 0)
(0.0554849 2.69731e-12 0)
(0.0554849 6.15099e-13 0)
(0.0554849 7.49024e-13 0)
(0.145078 -0.00415049 0)
(0.144186 -0.00537029 0)
(0.142976 -0.006824 0)
(0.141337 -0.00849268 0)
(0.139112 -0.0103069 0)
(0.136106 -0.0121371 0)
(0.132086 -0.0137869 0)
(0.126816 -0.0149916 0)
(0.120128 -0.0154391 0)
(0.112051 -0.0148413 0)
(0.10294 -0.01307 0)
(0.0935092 -0.0103152 0)
(0.0846654 -0.00712297 0)
(0.0771781 -0.00418382 0)
(0.0713956 -0.00200072 0)
(0.0672156 -0.000719092 0)
(0.0642808 -0.000185252 0)
(0.0622011 -0.000111797 0)
(0.0606761 -0.000232454 0)
(0.059516 -0.00037824 0)
(0.0586113 -0.000475854 0)
(0.0578977 -0.000511958 0)
(0.0573326 -0.000499241 0)
(0.0568851 -0.000456182 0)
(0.056531 -0.000398475 0)
(0.056251 -0.000336928 0)
(0.0560299 -0.000277996 0)
(0.0558555 -0.000224998 0)
(0.0557181 -0.000179245 0)
(0.05561 -0.000140861 0)
(0.0555252 -0.000109343 0)
(0.0554588 -8.38926e-05 0)
(0.0554069 -6.36259e-05 0)
(0.0553664 -4.7679e-05 0)
(0.055335 -3.52658e-05 0)
(0.0553105 -2.57008e-05 0)
(0.0552917 -1.84037e-05 0)
(0.0552771 -1.28929e-05 0)
(0.0552659 -8.77599e-06 0)
(0.0552573 -5.73681e-06 0)
(0.0552508 -3.5238e-06 0)
(0.0552458 -1.93855e-06 0)
(0.055242 -8.25989e-07 0)
(0.0552391 -6.58215e-08 0)
(0.055237 4.34512e-07 0)
(0.0552354 7.45703e-07 0)
(0.0552343 9.2131e-07 0)
(0.0552334 1.00158e-06 0)
(0.0552328 1.01648e-06 0)
(0.0552323 9.8808e-07 0)
(0.055232 9.32461e-07 0)
(0.0552318 8.61155e-07 0)
(0.0552317 7.82287e-07 0)
(0.0552316 7.01449e-07 0)
(0.0552315 6.22365e-07 0)
(0.0552315 5.47399e-07 0)
(0.0552315 4.77938e-07 0)
(0.0552315 4.1468e-07 0)
(0.0552315 3.57846e-07 0)
(0.0552315 3.07338e-07 0)
(0.0552316 2.62853e-07 0)
(0.0552316 2.23969e-07 0)
(0.0552316 1.90199e-07 0)
(0.0552316 1.61031e-07 0)
(0.0552316 1.35962e-07 0)
(0.0552316 1.14506e-07 0)
(0.0552317 9.62132e-08 0)
(0.0552317 8.06698e-08 0)
(0.0552317 6.75031e-08 0)
(0.0552317 5.63809e-08 0)
(0.0552317 4.70096e-08 0)
(0.0552317 3.91321e-08 0)
(0.0552317 3.25246e-08 0)
(0.0552317 2.69934e-08 0)
(0.0552317 2.23718e-08 0)
(0.0552317 1.85171e-08 0)
(0.0552317 1.53073e-08 0)
(0.0552317 1.26386e-08 0)
(0.0552317 1.0423e-08 0)
(0.0552317 8.5862e-09 0)
(0.0552317 7.06538e-09 0)
(0.0552317 5.80778e-09 0)
(0.0552317 4.76911e-09 0)
(0.0552317 3.91228e-09 0)
(0.0552317 3.20628e-09 0)
(0.0552317 2.62519e-09 0)
(0.0552317 2.14743e-09 0)
(0.0552317 1.755e-09 0)
(0.0552317 1.43297e-09 0)
(0.0552317 1.16895e-09 0)
(0.0552317 9.52697e-10 0)
(0.0552317 7.75725e-10 0)
(0.0552317 6.31037e-10 0)
(0.0552317 5.12853e-10 0)
(0.0552317 4.1641e-10 0)
(0.0552317 3.37778e-10 0)
(0.0552317 2.73729e-10 0)
(0.0552317 2.21612e-10 0)
(0.0552317 1.7925e-10 0)
(0.0552317 1.44858e-10 0)
(0.0552317 1.16967e-10 0)
(0.0552317 9.43656e-11 0)
(0.0552317 7.6061e-11 0)
(0.0552317 6.12397e-11 0)
(0.0552317 4.92454e-11 0)
(0.0552317 3.95516e-11 0)
(0.0552317 3.17309e-11 0)
(0.0552317 2.5437e-11 0)
(0.0552317 2.0381e-11 0)
(0.0552317 1.63224e-11 0)
(0.0552317 1.30617e-11 0)
(0.0552317 1.04368e-11 0)
(0.0552317 8.32409e-12 0)
(0.0552317 6.62738e-12 0)
(0.0552317 5.27395e-12 0)
(0.0552317 4.20256e-12 0)
(0.0552317 3.35555e-12 0)
(0.0552317 2.68054e-12 0)
(0.0552317 2.13083e-12 0)
(0.0552317 1.67437e-12 0)
(0.0552317 1.28914e-12 0)
(0.0552317 9.646e-13 0)
(0.0552317 6.97542e-13 0)
(0.0552317 4.83005e-13 0)
(0.0552317 3.16712e-13 0)
(0.0552317 1.88847e-13 0)
(0.0552317 8.90346e-14 0)
(0.0552317 1.05962e-14 0)
(0.0552317 -5.05187e-14 0)
(0.0552317 -9.06932e-14 0)
(0.0552317 -1.07812e-13 0)
(0.0552317 -1.01578e-13 0)
(0.0552317 -7.39421e-14 0)
(0.0552317 -3.43129e-14 0)
(0.0552317 1.38012e-14 0)
(0.0552317 6.47636e-14 0)
(0.0552317 1.16238e-13 0)
(0.0552317 1.6704e-13 0)
(0.0552317 2.13812e-13 0)
(0.0552317 2.51288e-13 0)
(0.0552317 2.68401e-13 0)
(0.0552317 2.54467e-13 0)
(0.0552317 2.01256e-13 0)
(0.0552317 1.11137e-13 0)
(0.0552317 -5.06741e-15 0)
(0.0552317 -1.25649e-13 0)
(0.0552317 -2.26585e-13 0)
(0.0552317 -2.90327e-13 0)
(0.0552317 -3.0616e-13 0)
(0.0552317 -2.77531e-13 0)
(0.0552317 -2.17794e-13 0)
(0.0552317 -1.43417e-13 0)
(0.0552317 -7.08785e-14 0)
(0.0552317 -1.02339e-14 0)
(0.0552317 3.56034e-14 0)
(0.0552317 6.80753e-14 0)
(0.0552317 8.97797e-14 0)
(0.0552317 1.02399e-13 0)
(0.0552317 1.07463e-13 0)
(0.0552317 1.02879e-13 0)
(0.0552317 8.70488e-14 0)
(0.0552317 6.18386e-14 0)
(0.0552317 3.00476e-14 0)
(0.0552317 -4.09323e-15 0)
(0.0552317 -3.21491e-14 0)
(0.0552317 -5.08127e-14 0)
(0.0552317 -5.53696e-14 0)
(0.0552317 -4.6784e-14 0)
(0.0552317 -2.64815e-14 0)
(0.0552317 5.09682e-15 0)
(0.0552317 4.55188e-14 0)
(0.0552317 9.25836e-14 0)
(0.0552317 1.45245e-13 0)
(0.0552317 2.02631e-13 0)
(0.0552317 2.61361e-13 0)
(0.0552317 3.21904e-13 0)
(0.0552317 3.82195e-13 0)
(0.0552317 4.44786e-13 0)
(0.0552317 5.13883e-13 0)
(0.0552317 5.9308e-13 0)
(0.0552317 6.88018e-13 0)
(0.0552317 8.02669e-13 0)
(0.0552317 9.38895e-13 0)
(0.0552317 1.0964e-12 0)
(0.0552317 1.27206e-12 0)
(0.0552317 1.46323e-12 0)
(0.0552317 1.66614e-12 0)
(0.0552317 1.87909e-12 0)
(0.0552317 2.09756e-12 0)
(0.0552317 2.31651e-12 0)
(0.0552317 2.51913e-12 0)
(0.0552317 2.67089e-12 0)
(0.0552317 2.71268e-12 0)
(0.0552317 2.5639e-12 0)
(0.0552317 1.9879e-12 0)
(0.0552317 1.05603e-12 0)
(0.0552317 -1.13825e-12 0)
(0.0552317 -3.79152e-12 0)
(0.0552317 -9.91308e-12 0)
(0.0552317 -1.14309e-11 0)
(0.124693 -0.00348225 0)
(0.123187 -0.00446927 0)
(0.121142 -0.00559502 0)
(0.118384 -0.00677515 0)
(0.114726 -0.00787067 0)
(0.110014 -0.00869764 0)
(0.104191 -0.00905446 0)
(0.0973752 -0.0087725 0)
(0.0899076 -0.00779251 0)
(0.0823462 -0.00623358 0)
(0.0753584 -0.00437576 0)
(0.069531 -0.00253201 0)
(0.065162 -0.000931807 0)
(0.0621796 0.000282635 0)
(0.0602652 0.00103011 0)
(0.0590464 0.00131435 0)
(0.0582165 0.00123996 0)
(0.057574 0.000967044 0)
(0.0570155 0.000641505 0)
(0.0565048 0.000354659 0)
(0.0560386 0.00014275 0)
(0.0556228 6.32796e-06 0)
(0.0552616 -6.98798e-05 0)
(0.0549551 -0.000104279 0)
(0.0546998 -0.000112609 0)
(0.0544901 -0.000106356 0)
(0.0543198 -9.31073e-05 0)
(0.0541827 -7.74802e-05 0)
(0.0540732 -6.20663e-05 0)
(0.0539863 -4.8164e-05 0)
(0.0539178 -3.62953e-05 0)
(0.0538639 -2.65437e-05 0)
(0.0538219 -1.87645e-05 0)
(0.0537892 -1.27111e-05 0)
(0.053764 -8.10684e-06 0)
(0.0537445 -4.68326e-06 0)
(0.0537296 -2.19924e-06 0)
(0.0537182 -4.47942e-07 0)
(0.0537096 7.42367e-07 0)
(0.0537031 1.51086e-06 0)
(0.0536982 1.96813e-06 0)
(0.0536946 2.20056e-06 0)
(0.053692 2.27464e-06 0)
(0.05369 2.24076e-06 0)
(0.0536886 2.13652e-06 0)
(0.0536876 1.98956e-06 0)
(0.0536869 1.81977e-06 0)
(0.0536865 1.64118e-06 0)
(0.0536862 1.46336e-06 0)
(0.053686 1.29263e-06 0)
(0.0536859 1.13285e-06 0)
(0.0536859 9.86185e-07 0)
(0.0536858 8.53546e-07 0)
(0.0536859 7.35023e-07 0)
(0.0536859 6.30147e-07 0)
(0.053686 5.38103e-07 0)
(0.053686 4.57882e-07 0)
(0.0536861 3.88379e-07 0)
(0.0536861 3.28475e-07 0)
(0.0536862 2.77079e-07 0)
(0.0536862 2.3316e-07 0)
(0.0536862 1.95766e-07 0)
(0.0536863 1.6403e-07 0)
(0.0536863 1.37175e-07 0)
(0.0536863 1.14512e-07 0)
(0.0536864 9.54322e-08 0)
(0.0536864 7.94058e-08 0)
(0.0536864 6.59722e-08 0)
(0.0536864 5.47337e-08 0)
(0.0536864 4.53486e-08 0)
(0.0536864 3.75246e-08 0)
(0.0536865 3.10123e-08 0)
(0.0536865 2.56e-08 0)
(0.0536865 2.11083e-08 0)
(0.0536865 1.73856e-08 0)
(0.0536865 1.43043e-08 0)
(0.0536865 1.1757e-08 0)
(0.0536865 9.65368e-09 0)
(0.0536865 7.91889e-09 0)
(0.0536865 6.48961e-09 0)
(0.0536865 5.31328e-09 0)
(0.0536865 4.34613e-09 0)
(0.0536865 3.5518e-09 0)
(0.0536865 2.90005e-09 0)
(0.0536865 2.36582e-09 0)
(0.0536865 1.92832e-09 0)
(0.0536865 1.57037e-09 0)
(0.0536865 1.27774e-09 0)
(0.0536865 1.03873e-09 0)
(0.0536865 8.43667e-10 0)
(0.0536865 6.84609e-10 0)
(0.0536865 5.5502e-10 0)
(0.0536865 4.49534e-10 0)
(0.0536865 3.63744e-10 0)
(0.0536865 2.94037e-10 0)
(0.0536865 2.37452e-10 0)
(0.0536865 1.91566e-10 0)
(0.0536865 1.54396e-10 0)
(0.0536865 1.24319e-10 0)
(0.0536865 1.00009e-10 0)
(0.0536865 8.03764e-11 0)
(0.0536865 6.45323e-11 0)
(0.0536865 5.17491e-11 0)
(0.0536865 4.14417e-11 0)
(0.0536865 3.31397e-11 0)
(0.0536865 2.6463e-11 0)
(0.0536865 2.11073e-11 0)
(0.0536865 1.68194e-11 0)
(0.0536865 1.33908e-11 0)
(0.0536865 1.06486e-11 0)
(0.0536865 8.45199e-12 0)
(0.0536865 6.69372e-12 0)
(0.0536865 5.28931e-12 0)
(0.0536865 4.17758e-12 0)
(0.0536865 3.30459e-12 0)
(0.0536865 2.62121e-12 0)
(0.0536865 2.0838e-12 0)
(0.0536865 1.65162e-12 0)
(0.0536865 1.29726e-12 0)
(0.0536865 1.00164e-12 0)
(0.0536865 7.55971e-13 0)
(0.0536865 5.55228e-13 0)
(0.0536865 3.94475e-13 0)
(0.0536865 2.682e-13 0)
(0.0536865 1.67435e-13 0)
(0.0536865 8.52717e-14 0)
(0.0536865 1.66605e-14 0)
(0.0536865 -3.97853e-14 0)
(0.0536865 -7.99429e-14 0)
(0.0536865 -1.02718e-13 0)
(0.0536865 -1.06103e-13 0)
(0.0536865 -9.29224e-14 0)
(0.0536865 -6.929e-14 0)
(0.0536865 -3.90316e-14 0)
(0.0536865 -7.43419e-15 0)
(0.0536865 2.86473e-14 0)
(0.0536865 6.98972e-14 0)
(0.0536865 1.15408e-13 0)
(0.0536865 1.60581e-13 0)
(0.0536865 1.9527e-13 0)
(0.0536865 2.07572e-13 0)
(0.0536865 1.88683e-13 0)
(0.0536865 1.36707e-13 0)
(0.0536865 5.85714e-14 0)
(0.0536865 -2.99426e-14 0)
(0.0536865 -1.12033e-13 0)
(0.0536865 -1.70314e-13 0)
(0.0536865 -1.96889e-13 0)
(0.0536865 -1.92518e-13 0)
(0.0536865 -1.65496e-13 0)
(0.0536865 -1.27659e-13 0)
(0.0536865 -8.81416e-14 0)
(0.0536865 -5.29186e-14 0)
(0.0536865 -2.27077e-14 0)
(0.0536865 5.47072e-15 0)
(0.0536865 3.26889e-14 0)
(0.0536865 5.89005e-14 0)
(0.0536865 7.96075e-14 0)
(0.0536865 9.14043e-14 0)
(0.0536865 9.05645e-14 0)
(0.0536865 7.59176e-14 0)
(0.0536865 5.13987e-14 0)
(0.0536865 2.24958e-14 0)
(0.0536865 -3.07256e-15 0)
(0.0536865 -2.16205e-14 0)
(0.0536865 -2.95088e-14 0)
(0.0536865 -2.79711e-14 0)
(0.0536865 -1.95533e-14 0)
(0.0536865 -6.74713e-15 0)
(0.0536865 8.73971e-15 0)
(0.0536865 2.79176e-14 0)
(0.0536865 5.25311e-14 0)
(0.0536865 8.44134e-14 0)
(0.0536865 1.23286e-13 0)
(0.0536865 1.69738e-13 0)
(0.0536865 2.20141e-13 0)
(0.0536865 2.73306e-13 0)
(0.0536865 3.26211e-13 0)
(0.0536865 3.80778e-13 0)
(0.0536865 4.39697e-13 0)
(0.0536865 5.05168e-13 0)
(0.0536865 5.82005e-13 0)
(0.0536865 6.70888e-13 0)
(0.0536865 7.73152e-13 0)
(0.0536865 8.87185e-13 0)
(0.0536865 1.01064e-12 0)
(0.0536865 1.14118e-12 0)
(0.0536865 1.27585e-12 0)
(0.0536865 1.4077e-12 0)
(0.0536865 1.5242e-12 0)
(0.0536865 1.60397e-12 0)
(0.0536865 1.60634e-12 0)
(0.0536865 1.4573e-12 0)
(0.0536865 1.03076e-12 0)
(0.0536865 2.40626e-13 0)
(0.0536865 -1.58962e-12 0)
(0.0536865 -4.03234e-12 0)
(0.0536865 -8.03406e-12 0)
(0.0536865 -2.20066e-11 0)
(0.0536865 -2.2565e-11 0)
(0.0842196 -0.00213691 0)
(0.0817842 -0.00259982 0)
(0.0787952 -0.00304207 0)
(0.075267 -0.00337547 0)
(0.0712713 -0.00351364 0)
(0.0669487 -0.00340241 0)
(0.0625118 -0.00304245 0)
(0.0582311 -0.00248827 0)
(0.0543935 -0.00181977 0)
(0.0512326 -0.0011053 0)
(0.048867 -0.000388133 0)
(0.0472965 0.000293562 0)
(0.0464432 0.000881529 0)
(0.0461742 0.00130277 0)
(0.0463046 0.00150518 0)
(0.0466269 0.00149017 0)
(0.046966 0.00131372 0)
(0.0472171 0.00105681 0)
(0.0473462 0.000790901 0)
(0.0473668 0.000559812 0)
(0.0473118 0.000380237 0)
(0.0472144 0.000251175 0)
(0.0471005 0.000163555 0)
(0.0469868 0.000106557 0)
(0.0468826 7.06549e-05 0)
(0.046792 4.85623e-05 0)
(0.046716 3.51555e-05 0)
(0.0466541 2.70292e-05 0)
(0.0466045 2.20151e-05 0)
(0.0465655 1.87804e-05 0)
(0.0465354 1.6533e-05 0)
(0.0465124 1.48182e-05 0)
(0.0464951 1.33867e-05 0)
(0.0464822 1.21093e-05 0)
(0.0464729 1.09252e-05 0)
(0.0464662 9.81046e-06 0)
(0.0464615 8.75917e-06 0)
(0.0464583 7.77339e-06 0)
(0.0464563 6.85733e-06 0)
(0.0464551 6.01461e-06 0)
(0.0464544 5.24711e-06 0)
(0.0464542 4.55474e-06 0)
(0.0464542 3.93556e-06 0)
(0.0464544 3.3862e-06 0)
(0.0464548 2.90226e-06 0)
(0.0464552 2.47865e-06 0)
(0.0464556 2.10999e-06 0)
(0.046456 1.79078e-06 0)
(0.0464564 1.51568e-06 0)
(0.0464568 1.27958e-06 0)
(0.0464571 1.07771e-06 0)
(0.0464574 9.05712e-07 0)
(0.0464577 7.59617e-07 0)
(0.046458 6.35881e-07 0)
(0.0464582 5.31357e-07 0)
(0.0464584 4.43276e-07 0)
(0.0464585 3.69217e-07 0)
(0.0464587 3.07076e-07 0)
(0.0464588 2.55036e-07 0)
(0.0464589 2.11534e-07 0)
(0.046459 1.7523e-07 0)
(0.0464591 1.44981e-07 0)
(0.0464591 1.19815e-07 0)
(0.0464592 9.89072e-08 0)
(0.0464592 8.15606e-08 0)
(0.0464593 6.71868e-08 0)
(0.0464593 5.52909e-08 0)
(0.0464593 4.54571e-08 0)
(0.0464593 3.73371e-08 0)
(0.0464594 3.06394e-08 0)
(0.0464594 2.51205e-08 0)
(0.0464594 2.05776e-08 0)
(0.0464594 1.68416e-08 0)
(0.0464594 1.37722e-08 0)
(0.0464594 1.12527e-08 0)
(0.0464594 9.18651e-09 0)
(0.0464594 7.49353e-09 0)
(0.0464594 6.10753e-09 0)
(0.0464594 4.97381e-09 0)
(0.0464594 4.04721e-09 0)
(0.0464594 3.29055e-09 0)
(0.0464594 2.67317e-09 0)
(0.0464594 2.16985e-09 0)
(0.0464594 1.75986e-09 0)
(0.0464594 1.42615e-09 0)
(0.0464594 1.15475e-09 0)
(0.0464594 9.34192e-10 0)
(0.0464594 7.55103e-10 0)
(0.0464594 6.09804e-10 0)
(0.0464594 4.92011e-10 0)
(0.0464594 3.96593e-10 0)
(0.0464594 3.19362e-10 0)
(0.0464594 2.56905e-10 0)
(0.0464594 2.06446e-10 0)
(0.0464594 1.65718e-10 0)
(0.0464594 1.32883e-10 0)
(0.0464594 1.06438e-10 0)
(0.0464594 8.51607e-11 0)
(0.0464594 6.8058e-11 0)
(0.0464594 5.43225e-11 0)
(0.0464594 4.32998e-11 0)
(0.0464594 3.44623e-11 0)
(0.0464594 2.73833e-11 0)
(0.0464594 2.17202e-11 0)
(0.0464594 1.71998e-11 0)
(0.0464594 1.35965e-11 0)
(0.0464594 1.07316e-11 0)
(0.0464594 8.45363e-12 0)
(0.0464594 6.64027e-12 0)
(0.0464594 5.19905e-12 0)
(0.0464594 4.05523e-12 0)
(0.0464594 3.15583e-12 0)
(0.0464594 2.45377e-12 0)
(0.0464594 1.90863e-12 0)
(0.0464594 1.48744e-12 0)
(0.0464594 1.15701e-12 0)
(0.0464594 8.96389e-13 0)
(0.0464594 6.87628e-13 0)
(0.0464594 5.21525e-13 0)
(0.0464594 3.90888e-13 0)
(0.0464594 2.91162e-13 0)
(0.0464594 2.14183e-13 0)
(0.0464594 1.51206e-13 0)
(0.0464594 9.39555e-14 0)
(0.0464594 4.25173e-14 0)
(0.0464594 -2.77621e-15 0)
(0.0464594 -3.79895e-14 0)
(0.0464594 -5.86999e-14 0)
(0.0464594 -6.79288e-14 0)
(0.0464594 -6.44683e-14 0)
(0.0464594 -5.62002e-14 0)
(0.0464594 -4.85969e-14 0)
(0.0464594 -4.28824e-14 0)
(0.0464594 -3.96634e-14 0)
(0.0464594 -3.03867e-14 0)
(0.0464594 -1.26889e-14 0)
(0.0464594 1.51268e-14 0)
(0.0464594 4.90089e-14 0)
(0.0464594 7.97665e-14 0)
(0.0464594 9.83296e-14 0)
(0.0464594 9.88745e-14 0)
(0.0464594 7.93042e-14 0)
(0.0464594 4.40622e-14 0)
(0.0464594 2.91723e-15 0)
(0.0464594 -3.15393e-14 0)
(0.0464594 -5.35411e-14 0)
(0.0464594 -6.31167e-14 0)
(0.0464594 -6.12923e-14 0)
(0.0464594 -5.76276e-14 0)
(0.0464594 -5.36953e-14 0)
(0.0464594 -5.42944e-14 0)
(0.0464594 -5.68241e-14 0)
(0.0464594 -5.56192e-14 0)
(0.0464594 -4.55774e-14 0)
(0.0464594 -2.6272e-14 0)
(0.0464594 1.74666e-15 0)
(0.0464594 2.99918e-14 0)
(0.0464594 5.37698e-14 0)
(0.0464594 6.50272e-14 0)
(0.0464594 6.30837e-14 0)
(0.0464594 4.95064e-14 0)
(0.0464594 3.13558e-14 0)
(0.0464594 1.51519e-14 0)
(0.0464594 3.19453e-15 0)
(0.0464594 -8.58891e-16 0)
(0.0464594 -9.48295e-16 0)
(0.0464594 1.33285e-15 0)
(0.0464594 2.76245e-15 0)
(0.0464594 5.04973e-16 0)
(0.0464594 -2.21064e-15 0)
(0.0464594 -1.61645e-15 0)
(0.0464594 6.42043e-15 0)
(0.0464594 2.36826e-14 0)
(0.0464594 5.23716e-14 0)
(0.0464594 8.75544e-14 0)
(0.0464594 1.25881e-13 0)
(0.0464594 1.64659e-13 0)
(0.0464594 1.99723e-13 0)
(0.0464594 2.30044e-13 0)
(0.0464594 2.5811e-13 0)
(0.0464594 2.86401e-13 0)
(0.0464594 3.19451e-13 0)
(0.0464594 3.60493e-13 0)
(0.0464594 4.08493e-13 0)
(0.0464594 4.62843e-13 0)
(0.0464594 5.22758e-13 0)
(0.0464594 5.856e-13 0)
(0.0464594 6.46956e-13 0)
(0.0464594 6.98357e-13 0)
(0.0464594 7.28991e-13 0)
(0.0464594 7.12135e-13 0)
(0.0464594 6.115e-13 0)
(0.0464594 3.65048e-13 0)
(0.0464594 -1.73849e-13 0)
(0.0464594 -1.12993e-12 0)
(0.0464594 -2.76814e-12 0)
(0.0464594 -7.16878e-12 0)
(0.0464594 -7.73075e-12 0)
(0.0464594 -3.3408e-11 0)
(0.0464594 -3.8138e-11 0)
(0.0298468 -9.14449e-05 0)
(0.0284943 -0.000275967 0)
(0.0267767 -0.000503964 0)
(0.0247536 -0.000710759 0)
(0.0225695 -0.000831197 0)
(0.0204208 -0.000826497 0)
(0.0184999 -0.000696819 0)
(0.0169524 -0.00047193 0)
(0.0158645 -0.00019498 0)
(0.0152705 8.76119e-05 0)
(0.0151609 0.000334062 0)
(0.0154891 0.000516787 0)
(0.0161729 0.00062607 0)
(0.0170983 0.000665084 0)
(0.0181316 0.000644482 0)
(0.019145 0.000580381 0)
(0.020043 0.000492067 0)
(0.0207763 0.000397605 0)
(0.0213378 0.000309944 0)
(0.0217474 0.000235802 0)
(0.0220363 0.000176928 0)
(0.0222359 0.000132126 0)
(0.0223729 9.89484e-05 0)
(0.0224674 7.4746e-05 0)
(0.022534 5.71771e-05 0)
(0.0225821 4.43781e-05 0)
(0.0226182 3.49577e-05 0)
(0.0226463 2.79188e-05 0)
(0.022669 2.25649e-05 0)
(0.0226878 1.84167e-05 0)
(0.0227038 1.51457e-05 0)
(0.0227175 1.2526e-05 0)
(0.0227295 1.04006e-05 0)
(0.0227399 8.65848e-06 0)
(0.0227489 7.21948e-06 0)
(0.0227569 6.02425e-06 0)
(0.0227638 5.02774e-06 0)
(0.0227698 4.19496e-06 0)
(0.0227749 3.4981e-06 0)
(0.0227794 2.91468e-06 0)
(0.0227832 2.42628e-06 0)
(0.0227865 2.01763e-06 0)
(0.0227893 1.67597e-06 0)
(0.0227917 1.39061e-06 0)
(0.0227938 1.15253e-06 0)
(0.0227955 9.54141e-07 0)
(0.0227969 7.89019e-07 0)
(0.0227982 6.5176e-07 0)
(0.0227992 5.37802e-07 0)
(0.0228001 4.43305e-07 0)
(0.0228008 3.65039e-07 0)
(0.0228014 3.00291e-07 0)
(0.0228019 2.46788e-07 0)
(0.0228023 2.02625e-07 0)
(0.0228027 1.6621e-07 0)
(0.022803 1.36216e-07 0)
(0.0228032 1.11534e-07 0)
(0.0228034 9.12447e-08 0)
(0.0228036 7.45815e-08 0)
(0.0228037 6.09093e-08 0)
(0.0228038 4.97014e-08 0)
(0.0228039 4.05218e-08 0)
(0.022804 3.30101e-08 0)
(0.022804 2.68686e-08 0)
(0.0228041 2.18515e-08 0)
(0.0228041 1.77565e-08 0)
(0.0228042 1.44169e-08 0)
(0.0228042 1.16956e-08 0)
(0.0228042 9.47989e-09 0)
(0.0228042 7.6774e-09 0)
(0.0228043 6.21225e-09 0)
(0.0228043 5.02229e-09 0)
(0.0228043 4.05663e-09 0)
(0.0228043 3.27366e-09 0)
(0.0228043 2.63934e-09 0)
(0.0228043 2.12589e-09 0)
(0.0228043 1.71064e-09 0)
(0.0228043 1.37509e-09 0)
(0.0228043 1.1042e-09 0)
(0.0228043 8.85721e-10 0)
(0.0228043 7.09675e-10 0)
(0.0228043 5.67959e-10 0)
(0.0228043 4.53988e-10 0)
(0.0228043 3.62416e-10 0)
(0.0228043 2.88918e-10 0)
(0.0228043 2.29993e-10 0)
(0.0228043 1.82811e-10 0)
(0.0228043 1.4508e-10 0)
(0.0228043 1.14942e-10 0)
(0.0228043 9.09014e-11 0)
(0.0228043 7.17451e-11 0)
(0.0228043 5.6505e-11 0)
(0.0228043 4.43989e-11 0)
(0.0228043 3.4801e-11 0)
(0.0228043 2.72072e-11 0)
(0.0228043 2.12086e-11 0)
(0.0228043 1.64806e-11 0)
(0.0228043 1.27598e-11 0)
(0.0228043 9.83703e-12 0)
(0.0228043 7.54593e-12 0)
(0.0228043 5.75727e-12 0)
(0.0228043 4.36492e-12 0)
(0.0228043 3.28787e-12 0)
(0.0228043 2.45975e-12 0)
(0.0228043 1.82171e-12 0)
(0.0228043 1.33237e-12 0)
(0.0228043 9.54596e-13 0)
(0.0228043 6.66111e-13 0)
(0.0228043 4.49485e-13 0)
(0.0228043 2.89954e-13 0)
(0.0228043 1.78497e-13 0)
(0.0228043 9.99935e-14 0)
(0.0228043 4.52224e-14 0)
(0.0228043 4.13958e-15 0)
(0.0228043 -2.93438e-14 0)
(0.0228043 -5.18809e-14 0)
(0.0228043 -6.50593e-14 0)
(0.0228043 -6.55374e-14 0)
(0.0228043 -5.54167e-14 0)
(0.0228043 -4.17817e-14 0)
(0.0228043 -3.46899e-14 0)
(0.0228043 -3.46033e-14 0)
(0.0228043 -4.31297e-14 0)
(0.0228043 -5.25836e-14 0)
(0.0228043 -6.08278e-14 0)
(0.0228043 -6.08157e-14 0)
(0.0228043 -5.12512e-14 0)
(0.0228043 -3.64267e-14 0)
(0.0228043 -2.14225e-14 0)
(0.0228043 -1.44012e-14 0)
(0.0228043 -1.56604e-14 0)
(0.0228043 -2.17495e-14 0)
(0.0228043 -2.77034e-14 0)
(0.0228043 -2.7274e-14 0)
(0.0228043 -2.19439e-14 0)
(0.0228043 -1.23635e-14 0)
(0.0228043 -8.01878e-16 0)
(0.0228043 7.79251e-15 0)
(0.0228043 1.27815e-14 0)
(0.0228043 1.16465e-14 0)
(0.0228043 6.93423e-15 0)
(0.0228043 3.25259e-15 0)
(0.0228043 1.37382e-15 0)
(0.0228043 2.2214e-15 0)
(0.0228043 3.20259e-15 0)
(0.0228043 3.63363e-15 0)
(0.0228043 8.28595e-16 0)
(0.0228043 -5.37926e-15 0)
(0.0228043 -1.18188e-14 0)
(0.0228043 -1.94253e-14 0)
(0.0228043 -2.43937e-14 0)
(0.0228043 -2.41591e-14 0)
(0.0228043 -1.89668e-14 0)
(0.0228043 -1.01991e-14 0)
(0.0228043 -8.66005e-16 0)
(0.0228043 7.45377e-15 0)
(0.0228043 1.31576e-14 0)
(0.0228043 1.58462e-14 0)
(0.0228043 1.5847e-14 0)
(0.0228043 1.33994e-14 0)
(0.0228043 1.0988e-14 0)
(0.0228043 8.48485e-15 0)
(0.0228043 6.21492e-15 0)
(0.0228043 6.01295e-15 0)
(0.0228043 3.3093e-15 0)
(0.0228043 3.66561e-16 0)
(0.0228043 -3.53912e-15 0)
(0.0228043 -7.5522e-15 0)
(0.0228043 -1.05177e-14 0)
(0.0228043 -1.02632e-14 0)
(0.0228043 -7.33987e-15 0)
(0.0228043 1.8449e-16 0)
(0.0228043 1.01223e-14 0)
(0.0228043 2.06743e-14 0)
(0.0228043 3.03478e-14 0)
(0.0228043 3.78591e-14 0)
(0.0228043 4.24984e-14 0)
(0.0228043 4.39398e-14 0)
(0.0228043 4.519e-14 0)
(0.0228043 4.49173e-14 0)
(0.0228043 4.70136e-14 0)
(0.0228043 5.13826e-14 0)
(0.0228043 5.77902e-14 0)
(0.0228043 6.94661e-14 0)
(0.0228043 8.12422e-14 0)
(0.0228043 9.37547e-14 0)
(0.0228043 1.02974e-13 0)
(0.0228043 1.0612e-13 0)
(0.0228043 1.02089e-13 0)
(0.0228043 8.06538e-14 0)
(0.0228043 3.35732e-14 0)
(0.0228043 -5.88634e-14 0)
(0.0228043 -2.23594e-13 0)
(0.0228043 -5.23437e-13 0)
(0.0228043 -1.0754e-12 0)
(0.0228043 -1.78488e-12 0)
(0.0228043 -4.75548e-12 0)
(0.0228043 -3.75888e-12 0)
(0.0228043 -2.16392e-11 0)
(0.0228043 -2.24088e-11 0)
)
;

boundaryField
{
    inlet
    {
        type            fixedProfile;
        profile         table
        
21
(
(0 (0 0 0))
(0.05 (0.0285 0 0))
(0.1 (0.054 0 0))
(0.15 (0.0765 0 0))
(0.2 (0.096 0 0))
(0.25 (0.1125 0 0))
(0.3 (0.126 0 0))
(0.35 (0.1365 0 0))
(0.4 (0.144 0 0))
(0.45 (0.1485 0 0))
(0.5 (0.15 0 0))
(0.55 (0.1485 0 0))
(0.6 (0.144 0 0))
(0.65 (0.1365 0 0))
(0.7 (0.126 0 0))
(0.75 (0.1125 0 0))
(0.8 (0.096 0 0))
(0.85 (0.0765 0 0))
(0.9 (0.054 0 0))
(0.95 (0.0285 0 0))
(1 (0 0 0))
)
;
        direction       (0 1 0);
        origin          1;
        value           nonuniform List<vector> 8((0.034875 0 0) (0.091125 0 0) (0.128625 0 0) (0.147375 0 0) (0.147375 0 0) (0.128625 0 0) (0.091125 0 0) (0.034875 0 0));
    }
    outlet
    {
        type            zeroGradient;
    }
    walls
    {
        type            noSlip;
    }
    symwall
    {
        type            empty;
    }
}


// ************************************************************************* //
