/*--------------------------------*- C++ -*----------------------------------*\
| =========                 |                                                 |
| \\      /  F ield         | OpenFOAM: The Open Source CFD Toolbox           |
|  \\    /   O peration     | Version:  4.1                                   |
|   \\  /    A nd           | Web:      www.OpenFOAM.org                      |
|    \\/     M anipulation  |                                                 |
\*---------------------------------------------------------------------------*/
FoamFile
{
    version     2.0;
    format      ascii;
    class       volVectorField;
    location    "108";
    object      U;
}
// * * * * * * * * * * * * * * * * * * * * * * * * * * * * * * * * * * * * * //

dimensions      [0 1 -1 0 0 0 0];

internalField   nonuniform List<vector> 
3264
(
(8.38168e-05 -9.79035e-05 0)
(0.000176686 -7.96485e-05 0)
(8.70902e-05 -4.73567e-05 0)
(-0.00016034 -2.25581e-05 0)
(-0.000552375 1.27551e-06 0)
(-0.00107123 2.58903e-05 0)
(-0.00170041 5.67876e-05 0)
(-0.00242878 9.24491e-05 0)
(-0.0032419 0.000132507 0)
(-0.00412906 0.000174478 0)
(-0.00507673 0.000216782 0)
(-0.00607191 0.00025763 0)
(-0.00709934 0.000295576 0)
(-0.00814264 0.000329152 0)
(-0.00918368 0.000356985 0)
(-0.0102031 0.000377803 0)
(-0.0111809 0.000390551 0)
(-0.0120965 0.000394458 0)
(-0.0129302 0.000389089 0)
(-0.0136629 0.00037436 0)
(-0.0142776 0.000350514 0)
(-0.0147589 0.000318083 0)
(-0.0150942 0.000277837 0)
(-0.0152734 0.000230744 0)
(-0.015289 0.000177921 0)
(-0.0151368 0.000120605 0)
(-0.0148153 6.01256e-05 0)
(-0.014326 -2.11615e-06 0)
(-0.0136735 -6.46679e-05 0)
(-0.0128653 -0.000126044 0)
(-0.0119119 -0.000184747 0)
(-0.0108265 -0.000239289 0)
(-0.00962527 -0.000288227 0)
(-0.0083268 -0.0003302 0)
(-0.00695227 -0.000363975 0)
(-0.00552489 -0.000388514 0)
(-0.0040696 -0.000403035 0)
(-0.00261248 -0.000407097 0)
(-0.00118006 -0.00040067 0)
(0.000201557 -0.000384207 0)
(0.00150772 -0.00035868 0)
(0.00271626 -0.000325573 0)
(0.00380866 -0.000286819 0)
(0.00477093 -0.000244653 0)
(0.00559444 -0.000201405 0)
(0.00627631 -0.000159243 0)
(0.00681945 -0.000119931 0)
(0.00723222 -8.4679e-05 0)
(0.00752766 -5.41332e-05 0)
(0.00772257 -2.85425e-05 0)
(0.00783631 -8.01245e-06 0)
(0.0078896 7.27903e-06 0)
(0.0079034 1.70335e-05 0)
(0.00789784 2.09713e-05 0)
(0.00789142 1.90591e-05 0)
(0.00790031 1.16828e-05 0)
(0.00793785 -3.21737e-07 0)
(0.00801402 -1.5762e-05 0)
(0.00813501 -3.323e-05 0)
(0.00830288 -5.12276e-05 0)
(0.00851549 -6.82706e-05 0)
(0.00876682 -8.29988e-05 0)
(0.00904771 -9.43063e-05 0)
(0.00934694 -0.000101473 0)
(0.00965256 -0.000104251 0)
(0.00995324 -0.000102873 0)
(0.0102393 -9.79665e-05 0)
(0.0105035 -9.04074e-05 0)
(0.0107412 -8.11524e-05 0)
(0.0109501 -7.10952e-05 0)
(0.01113 -6.09724e-05 0)
(0.0112822 -5.13229e-05 0)
(0.011409 -4.24911e-05 0)
(0.0115131 -3.46571e-05 0)
(0.0115974 -2.78775e-05 0)
(0.0116649 -2.21254e-05 0)
(0.0117182 -1.73242e-05 0)
(0.0117597 -1.33727e-05 0)
(0.0117916 -1.01616e-05 0)
(0.0118157 -7.58381e-06 0)
(0.0118335 -5.53972e-06 0)
(0.0118465 -3.93994e-06 0)
(0.0118556 -2.70583e-06 0)
(0.0118618 -1.76929e-06 0)
(0.0118657 -1.07205e-06 0)
(0.011868 -5.64788e-07 0)
(0.0118692 -2.06249e-07 0)
(0.0118695 3.77127e-08 0)
(0.0118693 1.94984e-07 0)
(0.0118687 2.88036e-07 0)
(0.011868 3.34703e-07 0)
(0.0118671 3.48911e-07 0)
(0.0118662 3.41337e-07 0)
(0.0118654 3.20007e-07 0)
(0.0118646 2.9081e-07 0)
(0.0118639 2.57955e-07 0)
(0.0118633 2.24342e-07 0)
(0.0118628 1.91881e-07 0)
(0.0118623 1.61747e-07 0)
(0.0118619 1.34577e-07 0)
(0.0118616 1.10636e-07 0)
(0.0118613 8.9932e-08 0)
(0.0118611 7.23116e-08 0)
(0.0118609 5.75237e-08 0)
(0.0118608 4.52683e-08 0)
(0.0118607 3.52288e-08 0)
(0.0118606 2.70945e-08 0)
(0.0118606 2.05732e-08 0)
(0.0118605 1.53997e-08 0)
(0.0118605 1.13387e-08 0)
(0.0118604 8.18575e-09 0)
(0.0118604 5.76619e-09 0)
(0.0118604 3.93283e-09 0)
(0.0118604 2.56328e-09 0)
(0.0118604 1.55688e-09 0)
(0.0118604 8.31762e-10 0)
(0.0118604 3.22022e-10 0)
(0.0118604 -2.4872e-11 0)
(0.0118604 -2.50373e-10 0)
(0.0118604 -3.86852e-10 0)
(0.0118604 -4.59326e-10 0)
(0.0118604 -4.86908e-10 0)
(0.0118604 -4.8402e-10 0)
(0.0118604 -4.61388e-10 0)
(0.0118604 -4.2686e-10 0)
(0.0118604 -3.86067e-10 0)
(0.0118604 -3.42943e-10 0)
(0.0118604 -3.00158e-10 0)
(0.0118604 -2.59435e-10 0)
(0.0118604 -2.21804e-10 0)
(0.0118604 -1.87805e-10 0)
(0.0118604 -1.57629e-10 0)
(0.0118604 -1.31236e-10 0)
(0.0118604 -1.08438e-10 0)
(0.0118604 -8.89569e-11 0)
(0.0118604 -7.24703e-11 0)
(0.0118604 -5.86375e-11 0)
(0.0118604 -4.71243e-11 0)
(0.0118604 -3.76132e-11 0)
(0.0118604 -2.98112e-11 0)
(0.0118604 -2.34571e-11 0)
(0.0118604 -1.83148e-11 0)
(0.0118604 -1.41821e-11 0)
(0.0118604 -1.08849e-11 0)
(0.0118604 -8.27226e-12 0)
(0.0118604 -6.21727e-12 0)
(0.0118604 -4.61119e-12 0)
(0.0118604 -3.36719e-12 0)
(0.0118604 -2.41125e-12 0)
(0.0118604 -1.68299e-12 0)
(0.0118604 -1.13508e-12 0)
(0.0118604 -7.25966e-13 0)
(0.0118604 -4.26733e-13 0)
(0.0118604 -2.11157e-13 0)
(0.0118604 -6.07667e-14 0)
(0.0118604 3.97491e-14 0)
(0.0118604 1.03964e-13 0)
(0.0118604 1.41728e-13 0)
(0.0118604 1.59045e-13 0)
(0.0118604 1.62106e-13 0)
(0.0118604 1.56602e-13 0)
(0.0118604 1.46319e-13 0)
(0.0118604 1.3531e-13 0)
(0.0118604 1.2311e-13 0)
(0.0118604 1.10544e-13 0)
(0.0118604 9.8517e-14 0)
(0.0118604 8.7502e-14 0)
(0.0118604 7.71276e-14 0)
(0.0118604 6.77552e-14 0)
(0.0118604 5.76948e-14 0)
(0.0118604 4.81061e-14 0)
(0.0118604 3.94094e-14 0)
(0.0118604 3.31672e-14 0)
(0.0118604 2.71136e-14 0)
(0.0118604 2.1631e-14 0)
(0.0118604 1.65497e-14 0)
(0.0118604 1.19991e-14 0)
(0.0118604 7.52985e-15 0)
(0.0118604 3.01587e-15 0)
(0.0118604 -1.57034e-15 0)
(0.0118604 -5.65605e-15 0)
(0.0118604 -9.04491e-15 0)
(0.0118604 -1.1105e-14 0)
(0.0118604 -1.22364e-14 0)
(0.0118604 -1.23335e-14 0)
(0.0118604 -1.07054e-14 0)
(0.0118604 -8.52304e-15 0)
(0.0118604 -5.01887e-15 0)
(0.0118604 -1.47853e-15 0)
(0.0118604 3.46582e-15 0)
(0.0118604 9.22026e-15 0)
(0.0118604 1.28518e-14 0)
(0.0118604 1.93802e-14 0)
(0.0118604 -2.17217e-15 0)
(0.0118604 -1.88438e-14 0)
(0.0118604 -1.46469e-13 0)
(0.0118604 -3.90659e-13 0)
(0.0118604 -6.34924e-13 0)
(0.0118604 -2.7553e-12 0)
(0.0118604 -1.89398e-12 0)
(-4.03575e-05 -0.000158374 0)
(-0.000516244 8.3983e-05 0)
(-0.00142822 0.000409063 0)
(-0.00263214 0.000699974 0)
(-0.0040763 0.000962403 0)
(-0.00568867 0.00118334 0)
(-0.00740055 0.00137107 0)
(-0.0091611 0.00152277 0)
(-0.0109241 0.00164377 0)
(-0.0126571 0.00173491 0)
(-0.0143302 0.00179763 0)
(-0.0159186 0.00183135 0)
(-0.017399 0.00183511 0)
(-0.0187496 0.00180755 0)
(-0.0199498 0.00174762 0)
(-0.0209806 0.0016548 0)
(-0.0218248 0.00152937 0)
(-0.0224672 0.00137244 0)
(-0.0228947 0.00118592 0)
(-0.023097 0.00097244 0)
(-0.0230663 0.000735215 0)
(-0.0227973 0.0004779 0)
(-0.0222874 0.000204491 0)
(-0.0215369 -8.07708e-05 0)
(-0.0205485 -0.000373458 0)
(-0.0193277 -0.000669004 0)
(-0.0178827 -0.000962731 0)
(-0.0162243 -0.00124987 0)
(-0.0143662 -0.00152559 0)
(-0.0123249 -0.00178501 0)
(-0.0101196 -0.00202328 0)
(-0.00777247 -0.00223556 0)
(-0.00530854 -0.0024172 0)
(-0.00275555 -0.00256379 0)
(-0.000143926 -0.00267132 0)
(0.00249349 -0.00273638 0)
(0.00512188 -0.00275641 0)
(0.00770502 -0.00272994 0)
(0.0102061 -0.00265686 0)
(0.0125889 -0.00253867 0)
(0.0148192 -0.00237869 0)
(0.016866 -0.00218206 0)
(0.0187038 -0.0019557 0)
(0.0203135 -0.00170804 0)
(0.0216844 -0.00144862 0)
(0.0228147 -0.00118761 0)
(0.0237115 -0.000935252 0)
(0.0243908 -0.000701267 0)
(0.0248757 -0.000494213 0)
(0.0251946 -0.000320835 0)
(0.0253796 -0.000185494 0)
(0.0254646 -8.98185e-05 0)
(0.0254843 -3.27649e-05 0)
(0.0254721 -1.11373e-05 0)
(0.0254596 -2.03884e-05 0)
(0.0254742 -5.53284e-05 0)
(0.0255382 -0.000110436 0)
(0.0256673 -0.000179793 0)
(0.0258702 -0.00025694 0)
(0.0261483 -0.000334956 0)
(0.0264962 -0.000406902 0)
(0.0269025 -0.000466525 0)
(0.0273511 -0.000509034 0)
(0.0278232 -0.000531701 0)
(0.0282999 -0.000534126 0)
(0.0287635 -0.000518079 0)
(0.0291998 -0.000486966 0)
(0.0295988 -0.00044508 0)
(0.0299544 -0.000396847 0)
(0.0302648 -0.000346226 0)
(0.0305306 -0.000296356 0)
(0.0307547 -0.000249449 0)
(0.030941 -0.000206852 0)
(0.031094 -0.000169207 0)
(0.0312182 -0.000136651 0)
(0.0313178 -0.000108985 0)
(0.0313968 -8.58198e-05 0)
(0.0314586 -6.66734e-05 0)
(0.0315063 -5.10387e-05 0)
(0.0315425 -3.84217e-05 0)
(0.0315695 -2.83625e-05 0)
(0.0315892 -2.04451e-05 0)
(0.0316032 -1.43005e-05 0)
(0.0316128 -9.60612e-06 0)
(0.0316191 -6.08369e-06 0)
(0.0316229 -3.49593e-06 0)
(0.0316249 -1.64311e-06 0)
(0.0316257 -3.59227e-07 0)
(0.0316256 4.91823e-07 0)
(0.031625 1.02002e-06 0)
(0.031624 1.31288e-06 0)
(0.0316229 1.43895e-06 0)
(0.0316218 1.45097e-06 0)
(0.0316206 1.38875e-06 0)
(0.0316196 1.28171e-06 0)
(0.0316186 1.15105e-06 0)
(0.0316178 1.01159e-06 0)
(0.031617 8.73295e-07 0)
(0.0316164 7.42498e-07 0)
(0.0316159 6.22884e-07 0)
(0.0316154 5.16257e-07 0)
(0.031615 4.23127e-07 0)
(0.0316147 3.43154e-07 0)
(0.0316145 2.75473e-07 0)
(0.0316143 2.18927e-07 0)
(0.0316142 1.72231e-07 0)
(0.031614 1.34084e-07 0)
(0.0316139 1.03239e-07 0)
(0.0316139 7.8545e-08 0)
(0.0316138 5.89694e-08 0)
(0.0316138 4.3605e-08 0)
(0.0316137 3.16698e-08 0)
(0.0316137 2.2499e-08 0)
(0.0316137 1.55356e-08 0)
(0.0316137 1.03176e-08 0)
(0.0316137 6.46636e-09 0)
(0.0316137 3.67456e-09 0)
(0.0316137 1.69511e-09 0)
(0.0316137 3.31258e-10 0)
(0.0316137 -5.72194e-10 0)
(0.0316137 -1.1365e-09 0)
(0.0316137 -1.45546e-09 0)
(0.0316137 -1.60083e-09 0)
(0.0316137 -1.62689e-09 0)
(0.0316137 -1.57416e-09 0)
(0.0316137 -1.47239e-09 0)
(0.0316137 -1.34311e-09 0)
(0.0316137 -1.20147e-09 0)
(0.0316137 -1.0579e-09 0)
(0.0316137 -9.19227e-10 0)
(0.0316137 -7.89701e-10 0)
(0.0316137 -6.71683e-10 0)
(0.0316137 -5.66207e-10 0)
(0.0316137 -4.73411e-10 0)
(0.0316137 -3.92834e-10 0)
(0.0316137 -3.2365e-10 0)
(0.0316137 -2.64837e-10 0)
(0.0316137 -2.1528e-10 0)
(0.0316137 -1.73862e-10 0)
(0.0316137 -1.39506e-10 0)
(0.0316137 -1.11202e-10 0)
(0.0316137 -8.80451e-11 0)
(0.0316137 -6.92224e-11 0)
(0.0316137 -5.40262e-11 0)
(0.0316137 -4.18353e-11 0)
(0.0316137 -3.21165e-11 0)
(0.0316137 -2.442e-11 0)
(0.0316137 -1.83638e-11 0)
(0.0316137 -1.36334e-11 0)
(0.0316137 -9.96867e-12 0)
(0.0316137 -7.15413e-12 0)
(0.0316137 -5.01243e-12 0)
(0.0316137 -3.40142e-12 0)
(0.0316137 -2.2043e-12 0)
(0.0316137 -1.32803e-12 0)
(0.0316137 -6.99722e-13 0)
(0.0316137 -2.5973e-13 0)
(0.0316137 3.90215e-14 0)
(0.0316137 2.33414e-13 0)
(0.0316137 3.51065e-13 0)
(0.0316137 4.13308e-13 0)
(0.0316137 4.37404e-13 0)
(0.0316137 4.35972e-13 0)
(0.0316137 4.19874e-13 0)
(0.0316137 3.93517e-13 0)
(0.0316137 3.60331e-13 0)
(0.0316137 3.24643e-13 0)
(0.0316137 2.87668e-13 0)
(0.0316137 2.52656e-13 0)
(0.0316137 2.1972e-13 0)
(0.0316137 1.88293e-13 0)
(0.0316137 1.59324e-13 0)
(0.0316137 1.32787e-13 0)
(0.0316137 1.09546e-13 0)
(0.0316137 8.71748e-14 0)
(0.0316137 6.56769e-14 0)
(0.0316137 4.3816e-14 0)
(0.0316137 2.26465e-14 0)
(0.0316137 1.61867e-15 0)
(0.0316137 -1.89483e-14 0)
(0.0316137 -3.63531e-14 0)
(0.0316137 -5.20071e-14 0)
(0.0316137 -6.13946e-14 0)
(0.0316137 -6.93381e-14 0)
(0.0316137 -7.38948e-14 0)
(0.0316137 -7.21078e-14 0)
(0.0316137 -6.72176e-14 0)
(0.0316137 -5.76224e-14 0)
(0.0316137 -4.27586e-14 0)
(0.0316137 -2.26069e-14 0)
(0.0316137 6.94039e-15 0)
(0.0316137 4.27589e-14 0)
(0.0316137 9.53009e-14 0)
(0.0316137 1.1327e-13 0)
(0.0316137 1.92208e-13 0)
(0.0316137 1.49014e-14 0)
(0.0316137 -2.06009e-13 0)
(0.0316137 -4.34638e-13 0)
(0.0316137 -4.80916e-12 0)
(0.0316137 -4.0381e-12 0)
(-0.000225867 0.000451266 0)
(-0.00145587 0.00130476 0)
(-0.00320179 0.00203514 0)
(-0.00511488 0.002559 0)
(-0.00708358 0.00296427 0)
(-0.00901426 0.00322796 0)
(-0.0108425 0.00339159 0)
(-0.0125378 0.00346778 0)
(-0.0140766 0.00347949 0)
(-0.0154476 0.00343553 0)
(-0.0166396 0.00334286 0)
(-0.0176441 0.00320379 0)
(-0.0184524 0.00301952 0)
(-0.0190563 0.00279049 0)
(-0.0194484 0.00251739 0)
(-0.0196223 0.00220148 0)
(-0.0195724 0.0018448 0)
(-0.0192945 0.00145019 0)
(-0.0187859 0.00102125 0)
(-0.018045 0.000562241 0)
(-0.0170719 7.79826e-05 0)
(-0.0158679 -0.000426262 0)
(-0.0144362 -0.000944841 0)
(-0.0127813 -0.00147177 0)
(-0.0109099 -0.00200076 0)
(-0.00883005 -0.00252522 0)
(-0.00655228 -0.00303827 0)
(-0.00408914 -0.00353271 0)
(-0.00145561 -0.00400108 0)
(0.00133077 -0.00443568 0)
(0.00424971 -0.00482856 0)
(0.00727799 -0.00517171 0)
(0.0103893 -0.00545706 0)
(0.0135542 -0.00567681 0)
(0.01674 -0.00582357 0)
(0.0199109 -0.00589082 0)
(0.0230282 -0.00587332 0)
(0.0260508 -0.00576771 0)
(0.028936 -0.00557316 0)
(0.0316408 -0.005292 0)
(0.0341235 -0.00493037 0)
(0.0363454 -0.00449854 0)
(0.0382736 -0.00401095 0)
(0.039883 -0.00348568 0)
(0.0411587 -0.0029434 0)
(0.0420982 -0.0024057 0)
(0.0427125 -0.0018931 0)
(0.0430264 -0.0014231 0)
(0.0430777 -0.00100889 0)
(0.0429155 -0.000659052 0)
(0.0425964 -0.000378455 0)
(0.0421802 -0.000169532 0)
(0.0417244 -3.31456e-05 0)
(0.0412792 3.16147e-05 0)
(0.0408846 2.84682e-05 0)
(0.0405707 -3.50523e-05 0)
(0.0403587 -0.000147436 0)
(0.0402629 -0.000294075 0)
(0.0402907 -0.000458746 0)
(0.0404419 -0.000625115 0)
(0.0407079 -0.00077799 0)
(0.0410725 -0.000904452 0)
(0.0415127 -0.000994948 0)
(0.0420018 -0.00104422 0)
(0.0425121 -0.00105173 0)
(0.0430181 -0.00102139 0)
(0.043499 -0.000960401 0)
(0.0439403 -0.00087776 0)
(0.0443336 -0.0007826 0)
(0.0446758 -0.000682964 0)
(0.044968 -0.0005851 0)
(0.045214 -0.000493291 0)
(0.0454184 -0.000410054 0)
(0.0455868 -0.000336519 0)
(0.0457241 -0.000272852 0)
(0.045835 -0.000218613 0)
(0.0459238 -0.00017303 0)
(0.0459941 -0.000135184 0)
(0.0460489 -0.000104122 0)
(0.0460912 -7.89188e-05 0)
(0.0461232 -5.87142e-05 0)
(0.0461469 -4.27233e-05 0)
(0.0461641 -3.02435e-05 0)
(0.0461762 -2.06542e-05 0)
(0.0461844 -1.34142e-05 0)
(0.0461897 -8.05755e-06 0)
(0.0461928 -4.189e-06 0)
(0.0461944 -1.47766e-06 0)
(0.0461949 3.49207e-07 0)
(0.0461947 1.51299e-06 0)
(0.046194 2.19051e-06 0)
(0.0461931 2.52067e-06 0)
(0.0461921 2.61068e-06 0)
(0.046191 2.54175e-06 0)
(0.04619 2.37411e-06 0)
(0.0461891 2.15142e-06 0)
(0.0461882 1.90443e-06 0)
(0.0461875 1.65403e-06 0)
(0.0461868 1.41374e-06 0)
(0.0461863 1.1917e-06 0)
(0.0461858 9.92176e-07 0)
(0.0461854 8.16774e-07 0)
(0.0461851 6.65316e-07 0)
(0.0461848 5.36505e-07 0)
(0.0461846 4.28396e-07 0)
(0.0461845 3.38733e-07 0)
(0.0461843 2.65175e-07 0)
(0.0461842 2.05442e-07 0)
(0.0461842 1.57409e-07 0)
(0.0461841 1.19154e-07 0)
(0.0461841 8.89781e-08 0)
(0.046184 6.54078e-08 0)
(0.046184 4.71853e-08 0)
(0.046184 3.32512e-08 0)
(0.046184 2.27239e-08 0)
(0.046184 1.48775e-08 0)
(0.046184 9.1207e-09 0)
(0.046184 4.97592e-09 0)
(0.0461839 2.06133e-09 0)
(0.0461839 7.43393e-11 0)
(0.0461839 -1.22263e-09 0)
(0.0461839 -2.01434e-09 0)
(0.0461839 -2.44304e-09 0)
(0.046184 -2.61705e-09 0)
(0.046184 -2.6179e-09 0)
(0.046184 -2.50612e-09 0)
(0.046184 -2.32593e-09 0)
(0.046184 -2.10904e-09 0)
(0.046184 -1.87764e-09 0)
(0.046184 -1.64676e-09 0)
(0.046184 -1.42617e-09 0)
(0.046184 -1.22173e-09 0)
(0.046184 -1.03657e-09 0)
(0.046184 -8.71881e-10 0)
(0.046184 -7.27565e-10 0)
(0.046184 -6.02672e-10 0)
(0.046184 -4.95751e-10 0)
(0.046184 -4.05085e-10 0)
(0.046184 -3.28859e-10 0)
(0.046184 -2.65274e-10 0)
(0.046184 -2.12619e-10 0)
(0.046184 -1.69315e-10 0)
(0.046184 -1.33937e-10 0)
(0.046184 -1.05219e-10 0)
(0.046184 -8.20555e-11 0)
(0.046184 -6.34892e-11 0)
(0.046184 -4.87e-11 0)
(0.046184 -3.6996e-11 0)
(0.046184 -2.77976e-11 0)
(0.046184 -2.06219e-11 0)
(0.046184 -1.50682e-11 0)
(0.046184 -1.08104e-11 0)
(0.046184 -7.57979e-12 0)
(0.046184 -5.15708e-12 0)
(0.046184 -3.36148e-12 0)
(0.046184 -2.04776e-12 0)
(0.046184 -1.10439e-12 0)
(0.046184 -4.39609e-13 0)
(0.046184 1.57258e-14 0)
(0.046184 3.17058e-13 0)
(0.046184 5.06463e-13 0)
(0.046184 6.12028e-13 0)
(0.046184 6.58761e-13 0)
(0.046184 6.64001e-13 0)
(0.046184 6.41717e-13 0)
(0.046184 6.02074e-13 0)
(0.046184 5.50533e-13 0)
(0.046184 4.93572e-13 0)
(0.046184 4.34866e-13 0)
(0.046184 3.78802e-13 0)
(0.046184 3.27458e-13 0)
(0.046184 2.79058e-13 0)
(0.046184 2.34096e-13 0)
(0.046184 1.90805e-13 0)
(0.046184 1.48764e-13 0)
(0.046184 1.07968e-13 0)
(0.046184 6.63775e-14 0)
(0.046184 2.59816e-14 0)
(0.046184 -1.11869e-14 0)
(0.046184 -4.57733e-14 0)
(0.046184 -7.4389e-14 0)
(0.046184 -9.79399e-14 0)
(0.046184 -1.17114e-13 0)
(0.046184 -1.28587e-13 0)
(0.046184 -1.3547e-13 0)
(0.046184 -1.36518e-13 0)
(0.046184 -1.33891e-13 0)
(0.046184 -1.27096e-13 0)
(0.046184 -1.12702e-13 0)
(0.046184 -8.85652e-14 0)
(0.046184 -4.83951e-14 0)
(0.046184 1.47389e-14 0)
(0.046184 1.0324e-13 0)
(0.046184 2.15856e-13 0)
(0.046184 3.93335e-13 0)
(0.046184 4.30452e-13 0)
(0.046184 7.49827e-13 0)
(0.046184 4.49792e-13 0)
(0.046184 -1.01945e-12 0)
(0.046184 -2.87618e-13 0)
(-0.000384397 0.00138831 0)
(-0.00203951 0.00297514 0)
(-0.00399849 0.00395762 0)
(-0.00584184 0.00446594 0)
(-0.00744892 0.00475586 0)
(-0.00882263 0.00484487 0)
(-0.00995012 0.00481636 0)
(-0.0108558 0.00469518 0)
(-0.0115449 0.00451124 0)
(-0.012029 0.00427346 0)
(-0.0123116 0.00398805 0)
(-0.012396 0.003656 0)
(-0.0122827 0.00327753 0)
(-0.0119712 0.00285234 0)
(-0.0114605 0.00238074 0)
(-0.0107493 0.00186376 0)
(-0.00983612 0.00130341 0)
(-0.00871996 0.000702665 0)
(-0.00740008 6.537e-05 0)
(-0.00587639 -0.000603806 0)
(-0.00414953 -0.00129947 0)
(-0.00222109 -0.0020156 0)
(-9.3777e-05 -0.00274553 0)
(0.00222835 -0.00348208 0)
(0.00473969 -0.00421746 0)
(0.00743288 -0.00494333 0)
(0.0102985 -0.00565076 0)
(0.013325 -0.00633022 0)
(0.0164982 -0.00697159 0)
(0.0198012 -0.00756419 0)
(0.0232144 -0.00809684 0)
(0.0267147 -0.00855791 0)
(0.0302758 -0.00893549 0)
(0.0338677 -0.00921759 0)
(0.0374567 -0.00939251 0)
(0.0410053 -0.00944927 0)
(0.0444723 -0.0093783 0)
(0.0478133 -0.00917226 0)
(0.0509811 -0.00882705 0)
(0.0539273 -0.00834289 0)
(0.0566035 -0.00772538 0)
(0.0589631 -0.00698639 0)
(0.0609631 -0.00614457 0)
(0.0625662 -0.00522536 0)
(0.0637432 -0.00426048 0)
(0.0644748 -0.00328674 0)
(0.0647545 -0.00234413 0)
(0.064591 -0.00147332 0)
(0.0640116 -0.000712331 0)
(0.0630636 -9.2512e-05 0)
(0.0618151 0.00036581 0)
(0.0603518 0.000656885 0)
(0.0587716 0.000790482 0)
(0.0571756 0.000788694 0)
(0.0556593 0.000679242 0)
(0.0543023 0.000488562 0)
(0.0531619 0.000238492 0)
(0.0522696 -5.24469e-05 0)
(0.0516344 -0.000365591 0)
(0.051248 -0.00067985 0)
(0.0510899 -0.000972197 0)
(0.051131 -0.00122042 0)
(0.0513348 -0.00140667 0)
(0.0516602 -0.00152038 0)
(0.052064 -0.00155975 0)
(0.0525058 -0.00153144 0)
(0.052951 -0.00144845 0)
(0.0533738 -0.00132704 0)
(0.0537578 -0.00118366 0)
(0.0540951 -0.00103247 0)
(0.0543842 -0.000884137 0)
(0.0546278 -0.000745624 0)
(0.0548309 -0.000620715 0)
(0.0549988 -0.00051085 0)
(0.0551369 -0.000415959 0)
(0.0552499 -0.000335118 0)
(0.0553418 -0.000267015 0)
(0.0554159 -0.000210215 0)
(0.0554751 -0.000163307 0)
(0.0555218 -0.00012497 0)
(0.0555582 -9.39886e-05 0)
(0.0555861 -6.92606e-05 0)
(0.0556071 -4.97929e-05 0)
(0.0556225 -3.4698e-05 0)
(0.0556336 -2.31913e-05 0)
(0.0556413 -1.45876e-05 0)
(0.0556465 -8.29758e-06 0)
(0.0556497 -3.82179e-06 0)
(0.0556516 -7.44178e-07 0)
(0.0556525 1.27609e-06 0)
(0.0556527 2.51347e-06 0)
(0.0556525 3.18512e-06 0)
(0.055652 3.45979e-06 0)
(0.0556513 3.46619e-06 0)
(0.0556506 3.30052e-06 0)
(0.0556499 3.03307e-06 0)
(0.0556493 2.71394e-06 0)
(0.0556486 2.37768e-06 0)
(0.0556481 2.04714e-06 0)
(0.0556476 1.7366e-06 0)
(0.0556472 1.4541e-06 0)
(0.0556468 1.20336e-06 0)
(0.0556466 9.8514e-07 0)
(0.0556463 7.98302e-07 0)
(0.0556461 6.40566e-07 0)
(0.0556459 5.09043e-07 0)
(0.0556458 4.00602e-07 0)
(0.0556457 3.1212e-07 0)
(0.0556456 2.40633e-07 0)
(0.0556456 1.83427e-07 0)
(0.0556455 1.38081e-07 0)
(0.0556455 1.02479e-07 0)
(0.0556455 7.48001e-08 0)
(0.0556454 5.35052e-08 0)
(0.0556454 3.73052e-08 0)
(0.0556454 2.51338e-08 0)
(0.0556454 1.61182e-08 0)
(0.0556454 9.55069e-09 0)
(0.0556454 4.86282e-09 0)
(0.0556454 1.60199e-09 0)
(0.0556454 -5.88787e-10 0)
(0.0556454 -1.98854e-09 0)
(0.0556454 -2.81326e-09 0)
(0.0556454 -3.22844e-09 0)
(0.0556454 -3.35947e-09 0)
(0.0556454 -3.3002e-09 0)
(0.0556454 -3.11985e-09 0)
(0.0556454 -2.86863e-09 0)
(0.0556454 -2.58224e-09 0)
(0.0556454 -2.28535e-09 0)
(0.0556454 -1.99443e-09 0)
(0.0556454 -1.71993e-09 0)
(0.0556454 -1.46789e-09 0)
(0.0556454 -1.24128e-09 0)
(0.0556454 -1.04093e-09 0)
(0.0556454 -8.66227e-10 0)
(0.0556454 -7.15682e-10 0)
(0.0556454 -5.8728e-10 0)
(0.0556454 -4.7876e-10 0)
(0.0556454 -3.87796e-10 0)
(0.0556454 -3.12127e-10 0)
(0.0556454 -2.49626e-10 0)
(0.0556454 -1.98351e-10 0)
(0.0556454 -1.56556e-10 0)
(0.0556454 -1.22706e-10 0)
(0.0556454 -9.54588e-11 0)
(0.0556454 -7.36629e-11 0)
(0.0556454 -5.63388e-11 0)
(0.0556454 -4.26591e-11 0)
(0.0556454 -3.1936e-11 0)
(0.0556454 -2.35982e-11 0)
(0.0556454 -1.717e-11 0)
(0.0556454 -1.22603e-11 0)
(0.0556454 -8.54781e-12 0)
(0.0556454 -5.77194e-12 0)
(0.0556454 -3.71972e-12 0)
(0.0556454 -2.224e-12 0)
(0.0556454 -1.15209e-12 0)
(0.0556454 -3.9739e-13 0)
(0.0556454 1.18823e-13 0)
(0.0556454 4.59457e-13 0)
(0.0556454 6.68885e-13 0)
(0.0556454 7.81734e-13 0)
(0.0556454 8.27346e-13 0)
(0.0556454 8.24765e-13 0)
(0.0556454 7.91285e-13 0)
(0.0556454 7.37011e-13 0)
(0.0556454 6.70501e-13 0)
(0.0556454 6.00655e-13 0)
(0.0556454 5.31069e-13 0)
(0.0556454 4.64845e-13 0)
(0.0556454 4.01183e-13 0)
(0.0556454 3.39359e-13 0)
(0.0556454 2.79396e-13 0)
(0.0556454 2.19579e-13 0)
(0.0556454 1.58925e-13 0)
(0.0556454 9.74929e-14 0)
(0.0556454 3.66937e-14 0)
(0.0556454 -2.11723e-14 0)
(0.0556454 -7.26675e-14 0)
(0.0556454 -1.16229e-13 0)
(0.0556454 -1.51477e-13 0)
(0.0556454 -1.76649e-13 0)
(0.0556454 -1.9355e-13 0)
(0.0556454 -2.0343e-13 0)
(0.0556454 -2.08351e-13 0)
(0.0556454 -2.10218e-13 0)
(0.0556454 -2.07121e-13 0)
(0.0556454 -1.97868e-13 0)
(0.0556454 -1.75608e-13 0)
(0.0556454 -1.34043e-13 0)
(0.0556454 -6.33209e-14 0)
(0.0556454 4.89554e-14 0)
(0.0556454 2.23102e-13 0)
(0.0556454 4.69072e-13 0)
(0.0556454 8.03574e-13 0)
(0.0556454 1.3932e-12 0)
(0.0556454 1.60089e-12 0)
(0.0556454 3.52492e-12 0)
(0.0556454 4.07872e-12 0)
(-0.000409312 0.00282111 0)
(-0.00179522 0.00483328 0)
(-0.00319447 0.005748 0)
(-0.00429765 0.00589193 0)
(-0.00500634 0.00585878 0)
(-0.00541302 0.0056536 0)
(-0.00553961 0.00537899 0)
(-0.00544905 0.00504045 0)
(-0.0051596 0.00465927 0)
(-0.00469482 0.00423648 0)
(-0.00406202 0.00377339 0)
(-0.00326761 0.00326778 0)
(-0.00231251 0.00271762 0)
(-0.00119655 0.00212109 0)
(8.22706e-05 0.00147733 0)
(0.00152645 0.000786541 0)
(0.0031389 5.01275e-05 0)
(0.00492248 -0.000729343 0)
(0.00687967 -0.00154817 0)
(0.00901234 -0.00240161 0)
(0.0113214 -0.00328392 0)
(0.0138066 -0.00418843 0)
(0.0164663 -0.00510761 0)
(0.0192971 -0.00603305 0)
(0.022294 -0.0069555 0)
(0.0254496 -0.00786485 0)
(0.0287546 -0.00875005 0)
(0.0321968 -0.00959918 0)
(0.0357617 -0.0103994 0)
(0.0394317 -0.011137 0)
(0.0431859 -0.0117975 0)
(0.0470004 -0.0123655 0)
(0.0508474 -0.0128252 0)
(0.0546953 -0.0131601 0)
(0.0585088 -0.013354 0)
(0.0622482 -0.0133911 0)
(0.0658704 -0.0132572 0)
(0.0693294 -0.0129409 0)
(0.0725773 -0.0124346 0)
(0.0755665 -0.0117366 0)
(0.0782511 -0.010852 0)
(0.0805896 -0.00979396 0)
(0.082546 -0.00858424 0)
(0.0840914 -0.00725266 0)
(0.085204 -0.00583649 0)
(0.0858686 -0.00437894 0)
(0.0860764 -0.00292759 0)
(0.0858234 -0.00153272 0)
(0.0851111 -0.000245516 0)
(0.0839477 0.000883841 0)
(0.0823517 0.00180882 0)
(0.0803573 0.00249018 0)
(0.0780214 0.00290079 0)
(0.0754285 0.00303144 0)
(0.0726913 0.00289601 0)
(0.0699429 0.00253329 0)
(0.0673222 0.00200211 0)
(0.0649545 0.00136998 0)
(0.0629338 0.000700463 0)
(0.0613126 4.58681e-05 0)
(0.0601004 -0.000553155 0)
(0.0592723 -0.00106502 0)
(0.0587799 -0.00146612 0)
(0.0585616 -0.00174233 0)
(0.0585514 -0.00189138 0)
(0.0586848 -0.00192353 0)
(0.058905 -0.00185948 0)
(0.0591657 -0.00172596 0)
(0.0594338 -0.00155047 0)
(0.0596881 -0.00135703 0)
(0.0599174 -0.00116369 0)
(0.0601176 -0.000982171 0)
(0.0602889 -0.000818669 0)
(0.0604338 -0.000675413 0)
(0.0605556 -0.000552162 0)
(0.0606573 -0.000447398 0)
(0.0607419 -0.000359117 0)
(0.0608118 -0.000285265 0)
(0.060869 -0.000223937 0)
(0.0609155 -0.000173431 0)
(0.0609527 -0.00013224 0)
(0.0609822 -9.90225e-05 0)
(0.0610051 -7.2576e-05 0)
(0.0610227 -5.18213e-05 0)
(0.0610359 -3.57927e-05 0)
(0.0610457 -2.36342e-05 0)
(0.0610528 -1.45972e-05 0)
(0.0610577 -8.03773e-06 0)
(0.061061 -3.4113e-06 0)
(0.0610631 -2.65754e-07 0)
(0.0610644 1.76753e-06 0)
(0.0610651 2.98366e-06 0)
(0.0610653 3.61461e-06 0)
(0.0610652 3.83935e-06 0)
(0.061065 3.79332e-06 0)
(0.0610647 3.57689e-06 0)
(0.0610643 3.26276e-06 0)
(0.0610639 2.90218e-06 0)
(0.0610636 2.53004e-06 0)
(0.0610632 2.16911e-06 0)
(0.0610629 1.83322e-06 0)
(0.0610626 1.52988e-06 0)
(0.0610624 1.2622e-06 0)
(0.0610622 1.03038e-06 0)
(0.061062 8.32718e-07 0)
(0.0610619 6.66455e-07 0)
(0.0610618 5.28276e-07 0)
(0.0610617 4.14689e-07 0)
(0.0610616 3.22266e-07 0)
(0.0610616 2.47794e-07 0)
(0.0610615 1.88351e-07 0)
(0.0610615 1.41349e-07 0)
(0.0610614 1.04539e-07 0)
(0.0610614 7.59945e-08 0)
(0.0610614 5.40922e-08 0)
(0.0610614 3.74774e-08 0)
(0.0610614 2.50333e-08 0)
(0.0610614 1.58482e-08 0)
(0.0610614 9.18486e-09 0)
(0.0610614 4.45245e-09 0)
(0.0610614 1.18187e-09 0)
(0.0610614 -9.9601e-10 0)
(0.0610614 -2.36901e-09 0)
(0.0610614 -3.15937e-09 0)
(0.0610614 -3.53689e-09 0)
(0.0610614 -3.62989e-09 0)
(0.0610614 -3.53407e-09 0)
(0.0610614 -3.3198e-09 0)
(0.0610614 -3.03787e-09 0)
(0.0610614 -2.7242e-09 0)
(0.0610614 -2.40346e-09 0)
(0.0610614 -2.09198e-09 0)
(0.0610614 -1.79993e-09 0)
(0.0610614 -1.53307e-09 0)
(0.0610614 -1.29405e-09 0)
(0.0610614 -1.08338e-09 0)
(0.0610614 -9.00172e-10 0)
(0.0610614 -7.42656e-10 0)
(0.0610614 -6.08574e-10 0)
(0.0610614 -4.95456e-10 0)
(0.0610614 -4.00795e-10 0)
(0.0610614 -3.2217e-10 0)
(0.0610614 -2.57323e-10 0)
(0.0610614 -2.04197e-10 0)
(0.0610614 -1.6095e-10 0)
(0.0610614 -1.25967e-10 0)
(0.0610614 -9.7844e-11 0)
(0.0610614 -7.53784e-11 0)
(0.0610614 -5.75498e-11 0)
(0.0610614 -4.34979e-11 0)
(0.0610614 -3.25045e-11 0)
(0.0610614 -2.39726e-11 0)
(0.0610614 -1.74061e-11 0)
(0.0610614 -1.23989e-11 0)
(0.0610614 -8.61613e-12 0)
(0.0610614 -5.7896e-12 0)
(0.0610614 -3.7021e-12 0)
(0.0610614 -2.18017e-12 0)
(0.0610614 -1.09092e-12 0)
(0.0610614 -3.27364e-13 0)
(0.0610614 1.91007e-13 0)
(0.0610614 5.27173e-13 0)
(0.0610614 7.31371e-13 0)
(0.0610614 8.36305e-13 0)
(0.0610614 8.72831e-13 0)
(0.0610614 8.62339e-13 0)
(0.0610614 8.21246e-13 0)
(0.0610614 7.64384e-13 0)
(0.0610614 6.97366e-13 0)
(0.0610614 6.26878e-13 0)
(0.0610614 5.56483e-13 0)
(0.0610614 4.8641e-13 0)
(0.0610614 4.18462e-13 0)
(0.0610614 3.48614e-13 0)
(0.0610614 2.77214e-13 0)
(0.0610614 2.03308e-13 0)
(0.0610614 1.27033e-13 0)
(0.0610614 5.22693e-14 0)
(0.0610614 -1.98691e-14 0)
(0.0610614 -8.49071e-14 0)
(0.0610614 -1.41991e-13 0)
(0.0610614 -1.88321e-13 0)
(0.0610614 -2.2399e-13 0)
(0.0610614 -2.49184e-13 0)
(0.0610614 -2.66187e-13 0)
(0.0610614 -2.79626e-13 0)
(0.0610614 -2.90725e-13 0)
(0.0610614 -2.98492e-13 0)
(0.0610614 -3.01177e-13 0)
(0.0610614 -2.92136e-13 0)
(0.0610614 -2.63164e-13 0)
(0.0610614 -2.01135e-13 0)
(0.0610614 -8.30043e-14 0)
(0.0610614 1.0636e-13 0)
(0.0610614 4.15379e-13 0)
(0.0610614 8.97214e-13 0)
(0.0610614 1.65762e-12 0)
(0.0610614 2.56489e-12 0)
(0.0610614 6.07705e-12 0)
(0.0610614 6.48642e-12 0)
(-0.000639567 0.00328415 0)
(-0.00173208 0.00555147 0)
(-0.00179719 0.00632454 0)
(-0.00157988 0.00619227 0)
(-0.00087813 0.0058662 0)
(-2.18432e-05 0.00541255 0)
(0.00103519 0.00492857 0)
(0.00220862 0.00441717 0)
(0.00350402 0.0038843 0)
(0.00490392 0.00332487 0)
(0.00641127 0.00273246 0)
(0.00802622 0.00210102 0)
(0.00975374 0.00142506 0)
(0.0115989 0.000700709 0)
(0.0135677 -7.45048e-05 0)
(0.0156661 -0.000901372 0)
(0.0179 -0.00177911 0)
(0.0202743 -0.00270536 0)
(0.0227932 -0.00367627 0)
(0.0254594 -0.00468659 0)
(0.0282741 -0.00572972 0)
(0.0312365 -0.00679787 0)
(0.0343441 -0.00788211 0)
(0.0375921 -0.00897241 0)
(0.0409734 -0.0100577 0)
(0.044479 -0.0111257 0)
(0.0480969 -0.0121631 0)
(0.051813 -0.0131554 0)
(0.05561 -0.0140868 0)
(0.0594675 -0.0149405 0)
(0.063362 -0.0156984 0)
(0.0672663 -0.0163412 0)
(0.0711493 -0.0168488 0)
(0.0749758 -0.0172 0)
(0.0787061 -0.0173737 0)
(0.0822971 -0.0173491 0)
(0.0857023 -0.0171076 0)
(0.0888742 -0.0166341 0)
(0.0917663 -0.0159197 0)
(0.0943362 -0.0149631 0)
(0.0965487 -0.0137727 0)
(0.098378 -0.0123675 0)
(0.0998096 -0.0107765 0)
(0.100839 -0.00903818 0)
(0.101473 -0.007198 0)
(0.101721 -0.00530616 0)
(0.101599 -0.00341513 0)
(0.101121 -0.00157754 0)
(0.100299 0.000155367 0)
(0.0991385 0.00173471 0)
(0.0976417 0.0031144 0)
(0.0958061 0.00425133 0)
(0.0936299 0.00510596 0)
(0.0911185 0.00564407 0)
(0.088295 0.00584078 0)
(0.0852106 0.00568736 0)
(0.0819533 0.00519984 0)
(0.0786476 0.00442595 0)
(0.0754415 0.00344525 0)
(0.0724832 0.00235891 0)
(0.0698945 0.00127198 0)
(0.0677506 0.000275846 0)
(0.0660732 -0.000562548 0)
(0.0648367 -0.00120408 0)
(0.0639829 -0.00163663 0)
(0.0634381 -0.00187192 0)
(0.0631262 -0.00194003 0)
(0.0629791 -0.00188161 0)
(0.062941 -0.00173959 0)
(0.0629699 -0.0015522 0)
(0.0630364 -0.00134896 0)
(0.0631207 -0.00114973 0)
(0.0632106 -0.000965875 0)
(0.0632987 -0.000802471 0)
(0.0633809 -0.000660608 0)
(0.0634552 -0.000539211 0)
(0.0635206 -0.000436289 0)
(0.063577 -0.000349634 0)
(0.0636248 -0.000277157 0)
(0.0636646 -0.000216988 0)
(0.0636974 -0.000167481 0)
(0.0637238 -0.000127177 0)
(0.0637449 -9.47611e-05 0)
(0.0637615 -6.90446e-05 0)
(0.0637743 -4.89502e-05 0)
(0.0637841 -3.35094e-05 0)
(0.0637914 -2.18634e-05 0)
(0.0637967 -1.32626e-05 0)
(0.0638006 -7.06509e-06 0)
(0.0638033 -2.7312e-06 0)
(0.0638051 1.84235e-07 0)
(0.0638063 2.04162e-06 0)
(0.063807 3.12741e-06 0)
(0.0638074 3.66518e-06 0)
(0.0638075 3.82618e-06 0)
(0.0638075 3.73907e-06 0)
(0.0638074 3.49851e-06 0)
(0.0638072 3.17254e-06 0)
(0.0638071 2.80868e-06 0)
(0.0638069 2.43898e-06 0)
(0.0638067 2.08403e-06 0)
(0.0638065 1.75612e-06 0)
(0.0638063 1.46164e-06 0)
(0.0638062 1.20295e-06 0)
(0.0638061 9.79737e-07 0)
(0.063806 7.90036e-07 0)
(0.0638059 6.30922e-07 0)
(0.0638058 4.99025e-07 0)
(0.0638058 3.9086e-07 0)
(0.0638057 3.03047e-07 0)
(0.0638057 2.32442e-07 0)
(0.0638056 1.76207e-07 0)
(0.0638056 1.31837e-07 0)
(0.0638056 9.71642e-08 0)
(0.0638056 7.03393e-08 0)
(0.0638056 4.98067e-08 0)
(0.0638056 3.42729e-08 0)
(0.0638056 2.26737e-08 0)
(0.0638055 1.41424e-08 0)
(0.0638055 7.97938e-09 0)
(0.0638055 3.62545e-09 0)
(0.0638055 6.37382e-10 0)
(0.0638055 -1.33285e-09 0)
(0.0638055 -2.55602e-09 0)
(0.0638055 -3.2407e-09 0)
(0.0638055 -3.5459e-09 0)
(0.0638055 -3.59143e-09 0)
(0.0638055 -3.46636e-09 0)
(0.0638055 -3.23595e-09 0)
(0.0638055 -2.94712e-09 0)
(0.0638055 -2.63285e-09 0)
(0.0638055 -2.31565e-09 0)
(0.0638055 -2.01023e-09 0)
(0.0638055 -1.72562e-09 0)
(0.0638055 -1.46679e-09 0)
(0.0638055 -1.23583e-09 0)
(0.0638055 -1.03289e-09 0)
(0.0638055 -8.56864e-10 0)
(0.0638055 -7.05861e-10 0)
(0.0638055 -5.7758e-10 0)
(0.0638055 -4.69552e-10 0)
(0.0638055 -3.79302e-10 0)
(0.0638055 -3.0446e-10 0)
(0.0638055 -2.42826e-10 0)
(0.0638055 -1.92402e-10 0)
(0.0638055 -1.51415e-10 0)
(0.0638055 -1.18308e-10 0)
(0.0638055 -9.17348e-11 0)
(0.0638055 -7.05449e-11 0)
(0.0638055 -5.376e-11 0)
(0.0638055 -4.05558e-11 0)
(0.0638055 -3.02434e-11 0)
(0.0638055 -2.22508e-11 0)
(0.0638055 -1.61062e-11 0)
(0.0638055 -1.14228e-11 0)
(0.0638055 -7.88763e-12 0)
(0.0638055 -5.24838e-12 0)
(0.0638055 -3.30317e-12 0)
(0.0638055 -1.89215e-12 0)
(0.0638055 -8.87807e-13 0)
(0.0638055 -1.9197e-13 0)
(0.0638055 2.7314e-13 0)
(0.0638055 5.6735e-13 0)
(0.0638055 7.376e-13 0)
(0.0638055 8.21278e-13 0)
(0.0638055 8.43705e-13 0)
(0.0638055 8.27049e-13 0)
(0.0638055 7.85692e-13 0)
(0.0638055 7.29681e-13 0)
(0.0638055 6.67868e-13 0)
(0.0638055 6.02665e-13 0)
(0.0638055 5.35559e-13 0)
(0.0638055 4.66773e-13 0)
(0.0638055 3.94234e-13 0)
(0.0638055 3.18329e-13 0)
(0.0638055 2.37995e-13 0)
(0.0638055 1.56348e-13 0)
(0.0638055 7.35269e-14 0)
(0.0638055 -7.5721e-15 0)
(0.0638055 -8.283e-14 0)
(0.0638055 -1.50047e-13 0)
(0.0638055 -2.05968e-13 0)
(0.0638055 -2.51249e-13 0)
(0.0638055 -2.88634e-13 0)
(0.0638055 -3.18158e-13 0)
(0.0638055 -3.4543e-13 0)
(0.0638055 -3.72372e-13 0)
(0.0638055 -3.98906e-13 0)
(0.0638055 -4.2191e-13 0)
(0.0638055 -4.34682e-13 0)
(0.0638055 -4.28538e-13 0)
(0.0638055 -3.9162e-13 0)
(0.0638055 -3.04778e-13 0)
(0.0638055 -1.39586e-13 0)
(0.0638055 1.51941e-13 0)
(0.0638055 6.31836e-13 0)
(0.0638055 1.44241e-12 0)
(0.0638055 2.60611e-12 0)
(0.0638055 6.18536e-12 0)
(0.0638055 6.54672e-12 0)
(-0.0001544 0.00561488 0)
(0.000195615 0.00594786 0)
(0.00188031 0.0057669 0)
(0.0037092 0.00499337 0)
(0.0058863 0.00438038 0)
(0.00807832 0.00379911 0)
(0.0103462 0.00323375 0)
(0.0126242 0.0026696 0)
(0.0149286 0.00208664 0)
(0.0172576 0.00147547 0)
(0.0196232 0.000825446 0)
(0.022035 0.000129326 0)
(0.0245043 -0.000619016 0)
(0.0270416 -0.00142371 0)
(0.0296566 -0.00228718 0)
(0.0323578 -0.00321004 0)
(0.0351524 -0.00419107 0)
(0.0380462 -0.00522723 0)
(0.0410431 -0.00631372 0)
(0.0441449 -0.00744407 0)
(0.0473515 -0.00861019 0)
(0.05066 -0.00980263 0)
(0.0540654 -0.0110106 0)
(0.0575601 -0.0122223 0)
(0.0611342 -0.0134246 0)
(0.0647755 -0.0146032 0)
(0.0684692 -0.0157424 0)
(0.0721977 -0.0168248 0)
(0.0759401 -0.0178318 0)
(0.0796722 -0.018743 0)
(0.0833658 -0.0195363 0)
(0.0869883 -0.0201881 0)
(0.0905026 -0.020673 0)
(0.0938667 -0.0209644 0)
(0.0970345 -0.0210356 0)
(0.0999573 -0.0208609 0)
(0.102586 -0.0204181 0)
(0.104874 -0.0196915 0)
(0.106784 -0.0186746 0)
(0.10829 -0.017373 0)
(0.109383 -0.0158057 0)
(0.11007 -0.0140048 0)
(0.110376 -0.012014 0)
(0.110341 -0.00988477 0)
(0.110008 -0.00767297 0)
(0.109426 -0.00543488 0)
(0.108637 -0.00322435 0)
(0.107675 -0.0010911 0)
(0.106562 0.000919884 0)
(0.105307 0.00276802 0)
(0.103906 0.00441629 0)
(0.102344 0.00583023 0)
(0.100596 0.00697713 0)
(0.0986347 0.00782551 0)
(0.0964295 0.0083457 0)
(0.0939593 0.00851222 0)
(0.0912206 0.0083092 0)
(0.0882398 0.0077389 0)
(0.085083 0.00683185 0)
(0.0818568 0.0056544 0)
(0.078697 0.00430814 0)
(0.0757441 0.00291756 0)
(0.073116 0.0016081 0)
(0.0708875 0.000482477 0)
(0.0690829 -0.000396004 0)
(0.0676838 -0.00100832 0)
(0.0666431 -0.00137362 0)
(0.0659009 -0.0015361 0)
(0.0653953 -0.00155013 0)
(0.0650696 -0.00146794 0)
(0.0648757 -0.00133231 0)
(0.0647744 -0.00117402 0)
(0.064735 -0.0010128 0)
(0.0647348 -0.000859858 0)
(0.064757 -0.000720614 0)
(0.0647904 -0.00059704 0)
(0.0648275 -0.000489231 0)
(0.0648637 -0.000396383 0)
(0.0648967 -0.000317319 0)
(0.0649253 -0.000250737 0)
(0.0649493 -0.000195316 0)
(0.0649689 -0.000149757 0)
(0.0649847 -0.000112804 0)
(0.064997 -8.32555e-05 0)
(0.0650067 -5.99857e-05 0)
(0.065014 -4.19564e-05 0)
(0.0650196 -2.82314e-05 0)
(0.0650237 -1.79844e-05 0)
(0.0650268 -1.05011e-05 0)
(0.0650289 -5.17678e-06 0)
(0.0650305 -1.50925e-06 0)
(0.0650315 9.1049e-07 0)
(0.0650322 2.40962e-06 0)
(0.0650327 3.24526e-06 0)
(0.0650329 3.61588e-06 0)
(0.065033 3.6719e-06 0)
(0.065033 3.52519e-06 0)
(0.065033 3.25716e-06 0)
(0.0650329 2.92564e-06 0)
(0.0650329 2.57049e-06 0)
(0.0650328 2.21814e-06 0)
(0.0650327 1.88514e-06 0)
(0.0650326 1.581e-06 0)
(0.0650325 1.31026e-06 0)
(0.0650325 1.07408e-06 0)
(0.0650324 8.71503e-07 0)
(0.0650323 7.00207e-07 0)
(0.0650323 5.57177e-07 0)
(0.0650323 4.39097e-07 0)
(0.0650322 3.42632e-07 0)
(0.0650322 2.64603e-07 0)
(0.0650322 2.02087e-07 0)
(0.0650322 1.52469e-07 0)
(0.0650321 1.13459e-07 0)
(0.0650321 8.30885e-08 0)
(0.0650321 5.96841e-08 0)
(0.0650321 4.1846e-08 0)
(0.0650321 2.84147e-08 0)
(0.0650321 1.84399e-08 0)
(0.0650321 1.11501e-08 0)
(0.0650321 5.92517e-09 0)
(0.0650321 2.2707e-09 0)
(0.0650321 -2.03669e-10 0)
(0.0650321 -1.80342e-09 0)
(0.0650321 -2.76536e-09 0)
(0.0650321 -3.27119e-09 0)
(0.0650321 -3.45885e-09 0)
(0.0650321 -3.43175e-09 0)
(0.0650321 -3.26639e-09 0)
(0.0650321 -3.01843e-09 0)
(0.0650321 -2.72758e-09 0)
(0.0650321 -2.42145e-09 0)
(0.0650321 -2.11864e-09 0)
(0.0650321 -1.83104e-09 0)
(0.0650321 -1.56571e-09 0)
(0.0650321 -1.32626e-09 0)
(0.0650321 -1.11391e-09 0)
(0.0650321 -9.28286e-10 0)
(0.0650321 -7.67976e-10 0)
(0.0650321 -6.30982e-10 0)
(0.0650321 -5.15003e-10 0)
(0.0650321 -4.1764e-10 0)
(0.0650321 -3.36535e-10 0)
(0.0650321 -2.69457e-10 0)
(0.0650321 -2.1436e-10 0)
(0.0650321 -1.69401e-10 0)
(0.0650321 -1.32951e-10 0)
(0.0650321 -1.03587e-10 0)
(0.0650321 -8.0082e-11 0)
(0.0650321 -6.139e-11 0)
(0.0650321 -4.66223e-11 0)
(0.0650321 -3.5035e-11 0)
(0.0650321 -2.60049e-11 0)
(0.0650321 -1.9021e-11 0)
(0.0650321 -1.36636e-11 0)
(0.0650321 -9.59133e-12 0)
(0.0650321 -6.52942e-12 0)
(0.0650321 -4.2564e-12 0)
(0.0650321 -2.59382e-12 0)
(0.0650321 -1.40084e-12 0)
(0.0650321 -5.63805e-13 0)
(0.0650321 5.31475e-15 0)
(0.0650321 3.74851e-13 0)
(0.0650321 6.00897e-13 0)
(0.0650321 7.24796e-13 0)
(0.0650321 7.78855e-13 0)
(0.0650321 7.85379e-13 0)
(0.0650321 7.60342e-13 0)
(0.0650321 7.1803e-13 0)
(0.0650321 6.65675e-13 0)
(0.0650321 6.07998e-13 0)
(0.0650321 5.46159e-13 0)
(0.0650321 4.79537e-13 0)
(0.0650321 4.08747e-13 0)
(0.0650321 3.33587e-13 0)
(0.0650321 2.54817e-13 0)
(0.0650321 1.72709e-13 0)
(0.0650321 8.96876e-14 0)
(0.0650321 6.95463e-15 0)
(0.0650321 -7.10004e-14 0)
(0.0650321 -1.41497e-13 0)
(0.0650321 -2.03733e-13 0)
(0.0650321 -2.58842e-13 0)
(0.0650321 -3.08695e-13 0)
(0.0650321 -3.55318e-13 0)
(0.0650321 -4.00942e-13 0)
(0.0650321 -4.49179e-13 0)
(0.0650321 -5.00517e-13 0)
(0.0650321 -5.51879e-13 0)
(0.0650321 -5.98112e-13 0)
(0.0650321 -6.3127e-13 0)
(0.0650321 -6.40979e-13 0)
(0.0650321 -6.13318e-13 0)
(0.0650321 -5.24896e-13 0)
(0.0650321 -3.34286e-13 0)
(0.0650321 2.04274e-14 0)
(0.0650321 6.6603e-13 0)
(0.0650321 1.65493e-12 0)
(0.0650321 4.39618e-12 0)
(0.0650321 4.65131e-12 0)
(0.00518083 0.00179462 0)
(0.00779058 0.0029153 0)
(0.0130783 0.00264734 0)
(0.0168272 0.00216273 0)
(0.0205296 0.00158199 0)
(0.0238867 0.00103755 0)
(0.0270855 0.000500398 0)
(0.0301556 -3.67534e-05 0)
(0.0331443 -0.000595451 0)
(0.0360809 -0.0011897 0)
(0.0389898 -0.00183163 0)
(0.0418905 -0.0025298 0)
(0.0447987 -0.00329035 0)
(0.0477274 -0.00411712 0)
(0.0506871 -0.00501188 0)
(0.0536861 -0.00597445 0)
(0.0567308 -0.00700268 0)
(0.0598255 -0.00809245 0)
(0.0629724 -0.00923769 0)
(0.0661716 -0.0104304 0)
(0.0694204 -0.0116608 0)
(0.0727135 -0.0129174 0)
(0.0760426 -0.0141875 0)
(0.0793967 -0.015457 0)
(0.0827624 -0.0167108 0)
(0.0861234 -0.0179322 0)
(0.0894607 -0.0191029 0)
(0.0927519 -0.0202021 0)
(0.09597 -0.0212075 0)
(0.0990833 -0.0220939 0)
(0.102055 -0.0228339 0)
(0.104842 -0.0233976 0)
(0.107397 -0.023753 0)
(0.109668 -0.023867 0)
(0.111601 -0.0237074 0)
(0.113144 -0.0232454 0)
(0.114252 -0.0224597 0)
(0.114897 -0.0213407 0)
(0.115068 -0.0198947 0)
(0.114785 -0.0181457 0)
(0.114092 -0.0161352 0)
(0.113057 -0.0139183 0)
(0.111765 -0.0115588 0)
(0.110306 -0.0091225 0)
(0.108763 -0.00667187 0)
(0.10721 -0.00426177 0)
(0.1057 -0.00193781 0)
(0.104267 0.000263691 0)
(0.102924 0.00231415 0)
(0.101664 0.00419048 0)
(0.100468 0.00587249 0)
(0.0992993 0.00734058 0)
(0.0981149 0.00857378 0)
(0.0968637 0.00954848 0)
(0.0954914 0.0102381 0)
(0.0939449 0.0106143 0)
(0.0921781 0.0106498 0)
(0.0901595 0.0103247 0)
(0.0878825 0.00963655 0)
(0.085375 0.00861078 0)
(0.0827036 0.00730985 0)
(0.0799696 0.00583359 0)
(0.0772937 0.00430778 0)
(0.0747938 0.00286197 0)
(0.0725648 0.00160338 0)
(0.0706658 0.000597442 0)
(0.0691183 -0.000137918 0)
(0.0679114 -0.000624035 0)
(0.0670113 -0.000905476 0)
(0.0663709 -0.00103395 0)
(0.0659383 -0.00105711 0)
(0.0656631 -0.00101329 0)
(0.0655011 -0.000930672 0)
(0.0654159 -0.000828679 0)
(0.0653796 -0.00072013 0)
(0.065372 -0.000613167 0)
(0.0653797 -0.000512736 0)
(0.0653941 -0.000421624 0)
(0.06541 -0.00034116 0)
(0.0654248 -0.000271685 0)
(0.0654375 -0.000212883 0)
(0.0654478 -0.000164018 0)
(0.0654557 -0.000124107 0)
(0.0654618 -9.20528e-05 0)
(0.0654662 -6.67321e-05 0)
(0.0654695 -4.70648e-05 0)
(0.0654718 -3.20542e-05 0)
(0.0654735 -2.08111e-05 0)
(0.0654747 -1.2564e-05 0)
(0.0654756 -6.65932e-06 0)
(0.0654761 -2.55471e-06 0)
(0.0654765 1.9108e-07 0)
(0.0654768 1.93079e-06 0)
(0.065477 2.94162e-06 0)
(0.0654771 3.43774e-06 0)
(0.0654771 3.58181e-06 0)
(0.0654772 3.49519e-06 0)
(0.0654772 3.26663e-06 0)
(0.0654771 2.9596e-06 0)
(0.0654771 2.61824e-06 0)
(0.0654771 2.27224e-06 0)
(0.0654771 1.94058e-06 0)
(0.065477 1.63452e-06 0)
(0.065477 1.3599e-06 0)
(0.065477 1.11882e-06 0)
(0.065477 9.10911e-07 0)
(0.0654769 7.34294e-07 0)
(0.0654769 5.86212e-07 0)
(0.0654769 4.63502e-07 0)
(0.0654769 3.62903e-07 0)
(0.0654769 2.81259e-07 0)
(0.0654769 2.15634e-07 0)
(0.0654769 1.63383e-07 0)
(0.0654769 1.2217e-07 0)
(0.0654769 8.99763e-08 0)
(0.0654769 6.50794e-08 0)
(0.0654769 4.60311e-08 0)
(0.0654769 3.16278e-08 0)
(0.0654769 2.08793e-08 0)
(0.0654769 1.29792e-08 0)
(0.0654769 7.27736e-09 0)
(0.0654769 3.25377e-09 0)
(0.0654769 4.96616e-10 0)
(0.0654769 -1.31738e-09 0)
(0.0654769 -2.43962e-09 0)
(0.0654769 -3.0637e-09 0)
(0.0654769 -3.33712e-09 0)
(0.0654769 -3.37097e-09 0)
(0.0654769 -3.24778e-09 0)
(0.0654769 -3.02798e-09 0)
(0.0654769 -2.75498e-09 0)
(0.0654769 -2.45924e-09 0)
(0.0654769 -2.16153e-09 0)
(0.0654769 -1.87538e-09 0)
(0.0654769 -1.60907e-09 0)
(0.0654769 -1.36711e-09 0)
(0.0654769 -1.15136e-09 0)
(0.0654769 -9.6191e-10 0)
(0.0654769 -7.97669e-10 0)
(0.0654769 -6.56846e-10 0)
(0.0654769 -5.37268e-10 0)
(0.0654769 -4.36609e-10 0)
(0.0654769 -3.5255e-10 0)
(0.0654769 -2.82867e-10 0)
(0.0654769 -2.25506e-10 0)
(0.0654769 -1.78601e-10 0)
(0.0654769 -1.40497e-10 0)
(0.0654769 -1.0974e-10 0)
(0.0654769 -8.50721e-11 0)
(0.0654769 -6.54114e-11 0)
(0.0654769 -4.98412e-11 0)
(0.0654769 -3.75905e-11 0)
(0.0654769 -2.80178e-11 0)
(0.0654769 -2.0591e-11 0)
(0.0654769 -1.48762e-11 0)
(0.0654769 -1.05189e-11 0)
(0.0654769 -7.23138e-12 0)
(0.0654769 -4.78334e-12 0)
(0.0654769 -2.98733e-12 0)
(0.0654769 -1.69326e-12 0)
(0.0654769 -7.80645e-13 0)
(0.0654769 -1.55869e-13 0)
(0.0654769 2.55921e-13 0)
(0.0654769 5.12014e-13 0)
(0.0654769 6.5771e-13 0)
(0.0654769 7.28543e-13 0)
(0.0654769 7.47831e-13 0)
(0.0654769 7.33774e-13 0)
(0.0654769 6.98967e-13 0)
(0.0654769 6.51553e-13 0)
(0.0654769 5.97657e-13 0)
(0.0654769 5.39007e-13 0)
(0.0654769 4.75471e-13 0)
(0.0654769 4.07545e-13 0)
(0.0654769 3.35588e-13 0)
(0.0654769 2.60357e-13 0)
(0.0654769 1.81602e-13 0)
(0.0654769 1.01855e-13 0)
(0.0654769 2.30512e-14 0)
(0.0654769 -5.25207e-14 0)
(0.0654769 -1.23359e-13 0)
(0.0654769 -1.90442e-13 0)
(0.0654769 -2.53774e-13 0)
(0.0654769 -3.14878e-13 0)
(0.0654769 -3.77673e-13 0)
(0.0654769 -4.43882e-13 0)
(0.0654769 -5.1536e-13 0)
(0.0654769 -5.93897e-13 0)
(0.0654769 -6.77802e-13 0)
(0.0654769 -7.63793e-13 0)
(0.0654769 -8.47852e-13 0)
(0.0654769 -9.2464e-13 0)
(0.0654769 -9.87648e-13 0)
(0.0654769 -1.02231e-12 0)
(0.0654769 -1.00181e-12 0)
(0.0654769 -8.851e-13 0)
(0.0654769 -5.86492e-13 0)
(0.0654769 -6.6973e-14 0)
(0.0654769 1.46426e-12 0)
(0.0654769 1.51776e-12 0)
(0.0344485 -5.88719e-06 0)
(0.0346233 -0.000160767 0)
(0.0349727 -0.000285921 0)
(0.0354484 -0.000354876 0)
(0.0359981 -0.000398473 0)
(0.036707 -0.000485581 0)
(0.0374695 -0.000375652 0)
(0.0382305 -0.000817136 0)
(0.0908628 -9.33299e-06 0)
(0.0906443 -0.000145979 0)
(0.09059 -0.00032561 0)
(0.0906456 -0.000509337 0)
(0.0908219 -0.000708539 0)
(0.091098 -0.000913401 0)
(0.091496 -0.00113436 0)
(0.0924614 -0.00185352 0)
(0.128436 -1.22109e-05 0)
(0.12826 -0.000107895 0)
(0.128177 -0.000249334 0)
(0.128145 -0.000428006 0)
(0.128146 -0.000637627 0)
(0.128182 -0.000881718 0)
(0.128298 -0.00125067 0)
(0.12833 -0.00172385 0)
(0.147211 -1.58046e-05 0)
(0.147034 -0.000117955 0)
(0.146937 -0.000250273 0)
(0.146875 -0.000414086 0)
(0.146827 -0.000613531 0)
(0.146789 -0.00086894 0)
(0.146736 -0.00118038 0)
(0.146676 -0.00159146 0)
(0.147217 -2.10993e-05 0)
(0.147038 -0.00012558 0)
(0.146928 -0.000242754 0)
(0.146839 -0.000383627 0)
(0.146745 -0.00056026 0)
(0.146626 -0.000780178 0)
(0.146472 -0.00106091 0)
(0.146253 -0.00140531 0)
(0.128451 -2.91664e-05 0)
(0.128254 -0.000142184 0)
(0.128108 -0.000246007 0)
(0.127962 -0.000361333 0)
(0.127789 -0.000504087 0)
(0.127571 -0.000686833 0)
(0.127289 -0.000914689 0)
(0.126923 -0.00118903 0)
(0.0908876 -4.40202e-05 0)
(0.090604 -0.000122309 0)
(0.0903736 -0.00017008 0)
(0.0901344 -0.00023017 0)
(0.089857 -0.00032216 0)
(0.0895156 -0.000451319 0)
(0.0890847 -0.00061616 0)
(0.0885371 -0.000809463 0)
(0.0344552 -5.03055e-05 0)
(0.0343525 -3.99686e-05 0)
(0.0342682 -1.57099e-05 0)
(0.0341714 -2.31868e-05 0)
(0.0340026 -6.23475e-05 0)
(0.0337309 -0.000122167 0)
(0.033337 -0.000190461 0)
(0.0328112 -0.000256923 0)
(0.0411109 -0.00372764 0)
(0.0441254 -0.00351727 0)
(0.0469334 -0.00322736 0)
(0.0497651 -0.00293717 0)
(0.0524782 -0.0028373 0)
(0.0551154 -0.00288828 0)
(0.0576923 -0.0030686 0)
(0.0602298 -0.0033546 0)
(0.0627447 -0.0037329 0)
(0.06525 -0.00419622 0)
(0.0677561 -0.00474149 0)
(0.070271 -0.00536772 0)
(0.0728007 -0.00607471 0)
(0.0753496 -0.00686215 0)
(0.0779205 -0.00772901 0)
(0.0805151 -0.00867316 0)
(0.0831336 -0.00969095 0)
(0.0857747 -0.010777 0)
(0.0884357 -0.0119239 0)
(0.0911117 -0.013122 0)
(0.0937952 -0.0143593 0)
(0.0964755 -0.015622 0)
(0.0991388 -0.0168942 0)
(0.101767 -0.0181593 0)
(0.104341 -0.0193993 0)
(0.106836 -0.0205945 0)
(0.109223 -0.0217223 0)
(0.11147 -0.0227573 0)
(0.113535 -0.0236705 0)
(0.115371 -0.0244296 0)
(0.116927 -0.0249992 0)
(0.118143 -0.0253412 0)
(0.118959 -0.0254162 0)
(0.119314 -0.0251862 0)
(0.119156 -0.0246176 0)
(0.118448 -0.0236863 0)
(0.11718 -0.0223844 0)
(0.115379 -0.020726 0)
(0.113114 -0.0187494 0)
(0.110491 -0.0165155 0)
(0.107645 -0.0141003 0)
(0.104723 -0.0115852 0)
(0.101865 -0.0090474 0)
(0.0991865 -0.00655174 0)
(0.0967737 -0.00414728 0)
(0.0946775 -0.00186693 0)
(0.0929164 0.000269889 0)
(0.0914824 0.00225326 0)
(0.0903473 0.0040785 0)
(0.089469 0.00574258 0)
(0.0887968 0.00724131 0)
(0.0882745 0.00856751 0)
(0.0878427 0.00970962 0)
(0.0874396 0.0106508 0)
(0.0870027 0.0113686 0)
(0.0864692 0.0118347 0)
(0.0857793 0.0120174 0)
(0.0848802 0.0118852 0)
(0.0837329 0.0114155 0)
(0.0823208 0.010605 0)
(0.0806579 0.00948204 0)
(0.0787925 0.00811297 0)
(0.0768047 0.00659938 0)
(0.0747954 0.00506226 0)
(0.07287 0.00361805 0)
(0.0711214 0.00235591 0)
(0.069616 0.00132525 0)
(0.0683873 0.000536539 0)
(0.067436 -2.83232e-05 0)
(0.0667369 -0.000403073 0)
(0.0662495 -0.000626465 0)
(0.0659274 -0.00073571 0)
(0.0657262 -0.000763328 0)
(0.0656082 -0.000736098 0)
(0.0655439 -0.000675094 0)
(0.0655119 -0.000596186 0)
(0.0654978 -0.000510765 0)
(0.0654927 -0.000426531 0)
(0.0654914 -0.00034828 0)
(0.0654911 -0.000278627 0)
(0.0654906 -0.000218638 0)
(0.0654897 -0.000168343 0)
(0.0654883 -0.000127128 0)
(0.0654866 -9.40345e-05 0)
(0.0654848 -6.79558e-05 0)
(0.0654831 -4.77723e-05 0)
(0.0654816 -3.24311e-05 0)
(0.0654803 -2.0989e-05 0)
(0.0654793 -1.26302e-05 0)
(0.0654785 -6.66829e-06 0)
(0.0654778 -2.53838e-06 0)
(0.0654774 2.1536e-07 0)
(0.0654771 1.95456e-06 0)
(0.0654769 2.96145e-06 0)
(0.0654767 3.45283e-06 0)
(0.0654766 3.5926e-06 0)
(0.0654766 3.50252e-06 0)
(0.0654766 3.27141e-06 0)
(0.0654766 2.96258e-06 0)
(0.0654766 2.62004e-06 0)
(0.0654767 2.27327e-06 0)
(0.0654767 1.94113e-06 0)
(0.0654767 1.6348e-06 0)
(0.0654767 1.36003e-06 0)
(0.0654767 1.11886e-06 0)
(0.0654768 9.10917e-07 0)
(0.0654768 7.34284e-07 0)
(0.0654768 5.86197e-07 0)
(0.0654768 4.63487e-07 0)
(0.0654768 3.62891e-07 0)
(0.0654768 2.8125e-07 0)
(0.0654768 2.15628e-07 0)
(0.0654768 1.63379e-07 0)
(0.0654769 1.22168e-07 0)
(0.0654769 8.99747e-08 0)
(0.0654769 6.50785e-08 0)
(0.0654769 4.60307e-08 0)
(0.0654769 3.16276e-08 0)
(0.0654769 2.08792e-08 0)
(0.0654769 1.29792e-08 0)
(0.0654769 7.27739e-09 0)
(0.0654769 3.2538e-09 0)
(0.0654769 4.96641e-10 0)
(0.0654769 -1.31736e-09 0)
(0.0654769 -2.43961e-09 0)
(0.0654769 -3.0637e-09 0)
(0.0654769 -3.33713e-09 0)
(0.0654769 -3.37097e-09 0)
(0.0654769 -3.24779e-09 0)
(0.0654769 -3.02799e-09 0)
(0.0654769 -2.75499e-09 0)
(0.0654769 -2.45925e-09 0)
(0.0654769 -2.16154e-09 0)
(0.0654769 -1.87538e-09 0)
(0.0654769 -1.60907e-09 0)
(0.0654769 -1.3671e-09 0)
(0.0654769 -1.15135e-09 0)
(0.0654769 -9.619e-10 0)
(0.0654769 -7.97659e-10 0)
(0.0654769 -6.56836e-10 0)
(0.0654769 -5.37259e-10 0)
(0.0654769 -4.36602e-10 0)
(0.0654769 -3.52543e-10 0)
(0.0654769 -2.82863e-10 0)
(0.0654769 -2.25504e-10 0)
(0.0654769 -1.78602e-10 0)
(0.0654769 -1.405e-10 0)
(0.0654769 -1.09745e-10 0)
(0.0654769 -8.50764e-11 0)
(0.0654769 -6.54139e-11 0)
(0.0654769 -4.98398e-11 0)
(0.0654769 -3.75833e-11 0)
(0.0654769 -2.80044e-11 0)
(0.0654769 -2.05743e-11 0)
(0.0654769 -1.48578e-11 0)
(0.0654769 -1.05014e-11 0)
(0.0654769 -7.21656e-12 0)
(0.0654769 -4.77015e-12 0)
(0.0654769 -2.97729e-12 0)
(0.0654769 -1.68554e-12 0)
(0.0654769 -7.77633e-13 0)
(0.0654769 -1.56058e-13 0)
(0.0654769 2.53735e-13 0)
(0.0654769 5.08245e-13 0)
(0.0654769 6.52648e-13 0)
(0.0654769 7.19617e-13 0)
(0.0654769 7.36344e-13 0)
(0.0654769 7.21959e-13 0)
(0.0654769 6.8622e-13 0)
(0.0654769 6.38618e-13 0)
(0.0654769 5.83346e-13 0)
(0.0654769 5.23756e-13 0)
(0.0654769 4.61628e-13 0)
(0.0654769 3.95351e-13 0)
(0.0654769 3.26559e-13 0)
(0.0654769 2.54337e-13 0)
(0.0654769 1.81106e-13 0)
(0.0654769 1.07989e-13 0)
(0.0654769 3.57575e-14 0)
(0.0654769 -3.54295e-14 0)
(0.0654769 -1.06366e-13 0)
(0.0654769 -1.75435e-13 0)
(0.0654769 -2.4379e-13 0)
(0.0654769 -3.14748e-13 0)
(0.0654769 -3.91411e-13 0)
(0.0654769 -4.76383e-13 0)
(0.0654769 -5.71219e-13 0)
(0.0654769 -6.75431e-13 0)
(0.0654769 -7.90855e-13 0)
(0.0654769 -9.17949e-13 0)
(0.0654769 -1.05849e-12 0)
(0.0654769 -1.2139e-12 0)
(0.0654769 -1.38569e-12 0)
(0.0654769 -1.57491e-12 0)
(0.0654769 -1.77552e-12 0)
(0.0654769 -1.97277e-12 0)
(0.0654769 -2.13725e-12 0)
(0.0654769 -2.24429e-12 0)
(0.0654769 -2.01186e-12 0)
(0.0654769 -2.26745e-12 0)
(0.0932032 -0.00245289 0)
(0.0933711 -0.00301575 0)
(0.0937967 -0.00335937 0)
(0.0944178 -0.00362178 0)
(0.095241 -0.00386632 0)
(0.0962086 -0.00413472 0)
(0.0972863 -0.00444774 0)
(0.098448 -0.00481661 0)
(0.0996772 -0.00524811 0)
(0.100963 -0.00574703 0)
(0.102298 -0.00631716 0)
(0.103676 -0.00696146 0)
(0.105093 -0.00768208 0)
(0.106543 -0.00848009 0)
(0.108023 -0.00935538 0)
(0.109526 -0.0103064 0)
(0.111045 -0.0113298 0)
(0.112574 -0.0124202 0)
(0.114102 -0.0135697 0)
(0.11562 -0.0147674 0)
(0.117114 -0.0159993 0)
(0.118564 -0.0172485 0)
(0.119949 -0.0184959 0)
(0.121238 -0.0197209 0)
(0.122397 -0.0209012 0)
(0.123384 -0.0220117 0)
(0.124153 -0.0230228 0)
(0.12465 -0.0239 0)
(0.124815 -0.0246045 0)
(0.124582 -0.0250951 0)
(0.123881 -0.0253284 0)
(0.122643 -0.0252592 0)
(0.120803 -0.0248453 0)
(0.118312 -0.0240527 0)
(0.115157 -0.0228631 0)
(0.111375 -0.0212818 0)
(0.107066 -0.0193447 0)
(0.102394 -0.0171194 0)
(0.0975731 -0.0146983 0)
(0.0928328 -0.0121856 0)
(0.0883874 -0.00968079 0)
(0.0844043 -0.0072643 0)
(0.0809895 -0.00498885 0)
(0.0781866 -0.00287881 0)
(0.0759882 -0.000935814 0)
(0.0743512 0.00085239 0)
(0.0732123 0.00250344 0)
(0.0725001 0.00403399 0)
(0.0721427 0.00545607 0)
(0.072071 0.00677552 0)
(0.072221 0.00799177 0)
(0.0725328 0.00909827 0)
(0.0729499 0.0100829 0)
(0.0734182 0.0109279 0)
(0.0738842 0.0116103 0)
(0.0742951 0.012101 0)
(0.0745982 0.0123659 0)
(0.0747432 0.0123686 0)
(0.0746857 0.0120761 0)
(0.0743938 0.0114687 0)
(0.0738549 0.0105515 0)
(0.0730832 0.00936335 0)
(0.0721224 0.00797828 0)
(0.0710427 0.00649577 0)
(0.0699293 0.0050224 0)
(0.0688665 0.0036522 0)
(0.0679223 0.00245309 0)
(0.0671374 0.00146244 0)
(0.0665239 0.00069002 0)
(0.0660704 0.000124584 0)
(0.0657515 -0.000258787 0)
(0.0655362 -0.000492165 0)
(0.0653953 -0.000609545 0)
(0.0653043 -0.000643052 0)
(0.0652449 -0.000620535 0)
(0.0652043 -0.000564421 0)
(0.0651746 -0.000491555 0)
(0.0651511 -0.000413716 0)
(0.0651313 -0.000338486 0)
(0.065114 -0.000270224 0)
(0.0650987 -0.000210986 0)
(0.0650854 -0.000161294 0)
(0.0650739 -0.000120733 0)
(0.0650642 -8.83828e-05 0)
(0.0650562 -6.31051e-05 0)
(0.0650497 -4.37285e-05 0)
(0.0650446 -2.91527e-05 0)
(0.0650407 -1.8401e-05 0)
(0.0650377 -1.06396e-05 0)
(0.0650355 -5.17676e-06 0)
(0.0650339 -1.45125e-06 0)
(0.0650328 9.83616e-07 0)
(0.0650321 2.47763e-06 0)
(0.0650316 3.30054e-06 0)
(0.0650314 3.65728e-06 0)
(0.0650312 3.70114e-06 0)
(0.0650312 3.54488e-06 0)
(0.0650312 3.26988e-06 0)
(0.0650313 2.93353e-06 0)
(0.0650313 2.57519e-06 0)
(0.0650314 2.22081e-06 0)
(0.0650315 1.88658e-06 0)
(0.0650316 1.58172e-06 0)
(0.0650317 1.31057e-06 0)
(0.0650318 1.07419e-06 0)
(0.0650318 8.71508e-07 0)
(0.0650319 7.00172e-07 0)
(0.0650319 5.57132e-07 0)
(0.065032 4.39056e-07 0)
(0.065032 3.42599e-07 0)
(0.065032 2.64579e-07 0)
(0.065032 2.0207e-07 0)
(0.065032 1.52458e-07 0)
(0.0650321 1.13453e-07 0)
(0.0650321 8.30844e-08 0)
(0.0650321 5.96818e-08 0)
(0.0650321 4.18448e-08 0)
(0.0650321 2.84142e-08 0)
(0.0650321 1.84397e-08 0)
(0.0650321 1.11502e-08 0)
(0.0650321 5.92526e-09 0)
(0.0650321 2.2708e-09 0)
(0.0650321 -2.03595e-10 0)
(0.0650321 -1.80338e-09 0)
(0.0650321 -2.76535e-09 0)
(0.0650321 -3.2712e-09 0)
(0.0650321 -3.45886e-09 0)
(0.0650321 -3.43177e-09 0)
(0.0650321 -3.26641e-09 0)
(0.0650321 -3.01845e-09 0)
(0.0650321 -2.7276e-09 0)
(0.0650321 -2.42148e-09 0)
(0.0650321 -2.11866e-09 0)
(0.0650321 -1.83106e-09 0)
(0.0650321 -1.56571e-09 0)
(0.0650321 -1.32625e-09 0)
(0.0650321 -1.1139e-09 0)
(0.0650321 -9.2826e-10 0)
(0.0650321 -7.67948e-10 0)
(0.0650321 -6.30956e-10 0)
(0.0650321 -5.14981e-10 0)
(0.0650321 -4.17621e-10 0)
(0.0650321 -3.36518e-10 0)
(0.0650321 -2.69444e-10 0)
(0.0650321 -2.14352e-10 0)
(0.0650321 -1.69399e-10 0)
(0.0650321 -1.32954e-10 0)
(0.0650321 -1.03594e-10 0)
(0.0650321 -8.00903e-11 0)
(0.0650321 -6.13936e-11 0)
(0.0650321 -4.66169e-11 0)
(0.0650321 -3.5017e-11 0)
(0.0650321 -2.59754e-11 0)
(0.0650321 -1.89825e-11 0)
(0.0650321 -1.3621e-11 0)
(0.0650321 -9.54981e-12 0)
(0.0650321 -6.49221e-12 0)
(0.0650321 -4.22376e-12 0)
(0.0650321 -2.56806e-12 0)
(0.0650321 -1.38313e-12 0)
(0.0650321 -5.55617e-13 0)
(0.0650321 4.62529e-15 0)
(0.0650321 3.67806e-13 0)
(0.0650321 5.87276e-13 0)
(0.0650321 7.04347e-13 0)
(0.0650321 7.51326e-13 0)
(0.0650321 7.52748e-13 0)
(0.0650321 7.26189e-13 0)
(0.0650321 6.82214e-13 0)
(0.0650321 6.28227e-13 0)
(0.0650321 5.67747e-13 0)
(0.0650321 5.04797e-13 0)
(0.0650321 4.40856e-13 0)
(0.0650321 3.75459e-13 0)
(0.0650321 3.08898e-13 0)
(0.0650321 2.4203e-13 0)
(0.0650321 1.75466e-13 0)
(0.0650321 1.09254e-13 0)
(0.0650321 4.33208e-14 0)
(0.0650321 -2.32121e-14 0)
(0.0650321 -9.10402e-14 0)
(0.0650321 -1.60261e-13 0)
(0.0650321 -2.33328e-13 0)
(0.0650321 -3.11846e-13 0)
(0.0650321 -3.99511e-13 0)
(0.0650321 -4.98694e-13 0)
(0.0650321 -6.09814e-13 0)
(0.0650321 -7.35574e-13 0)
(0.0650321 -8.77997e-13 0)
(0.0650321 -1.04219e-12 0)
(0.0650321 -1.2359e-12 0)
(0.0650321 -1.46853e-12 0)
(0.0650321 -1.75384e-12 0)
(0.0650321 -2.10547e-12 0)
(0.0650321 -2.54457e-12 0)
(0.0650321 -3.08452e-12 0)
(0.0650321 -3.76409e-12 0)
(0.0650321 -4.56455e-12 0)
(0.0650321 -5.68517e-12 0)
(0.0650321 -6.31366e-12 0)
(0.128296 -0.00241721 0)
(0.128278 -0.00301129 0)
(0.128252 -0.00348415 0)
(0.128291 -0.00386936 0)
(0.128403 -0.00421485 0)
(0.128585 -0.00455633 0)
(0.128824 -0.00491856 0)
(0.129108 -0.00531855 0)
(0.129425 -0.00576829 0)
(0.129767 -0.00627658 0)
(0.130125 -0.00684994 0)
(0.130491 -0.00749313 0)
(0.13086 -0.00820927 0)
(0.131223 -0.00899997 0)
(0.131572 -0.00986525 0)
(0.131899 -0.0108035 0)
(0.132194 -0.0118114 0)
(0.132444 -0.0128832 0)
(0.132637 -0.0140101 0)
(0.132754 -0.0151795 0)
(0.132775 -0.0163737 0)
(0.132669 -0.0175695 0)
(0.132395 -0.0187398 0)
(0.131906 -0.019855 0)
(0.131147 -0.0208842 0)
(0.130061 -0.0217938 0)
(0.128585 -0.0225447 0)
(0.126651 -0.0230928 0)
(0.12418 -0.0233924 0)
(0.121086 -0.023397 0)
(0.117286 -0.0230588 0)
(0.112713 -0.0223338 0)
(0.107349 -0.021192 0)
(0.101263 -0.0196305 0)
(0.0946287 -0.0176841 0)
(0.0877273 -0.0154345 0)
(0.0809042 -0.0130104 0)
(0.0745088 -0.0105674 0)
(0.0688266 -0.00824983 0)
(0.0640322 -0.00615379 0)
(0.060181 -0.00431272 0)
(0.0572325 -0.00270647 0)
(0.0550892 -0.00128478 0)
(0.0536312 8.89073e-06 0)
(0.0527412 0.00122183 0)
(0.0523159 0.0023861 0)
(0.0522698 0.00351909 0)
(0.0525339 0.00462665 0)
(0.0530519 0.00570673 0)
(0.0537768 0.00675196 0)
(0.0546672 0.00775133 0)
(0.0556851 0.00869094 0)
(0.0567942 0.00955403 0)
(0.0579584 0.0103205 0)
(0.059141 0.0109663 0)
(0.0603045 0.0114622 0)
(0.0614101 0.0117743 0)
(0.062419 0.0118651 0)
(0.0632942 0.0116984 0)
(0.0640042 0.0112472 0)
(0.0645288 0.010504 0)
(0.0648645 0.00948953 0)
(0.0650279 0.00825628 0)
(0.0650538 0.00688398 0)
(0.0649878 0.00546717 0)
(0.0648754 0.00409956 0)
(0.0647525 0.00285998 0)
(0.0646404 0.00180313 0)
(0.0645466 0.0009565 0)
(0.0644695 0.000322335 0)
(0.0644036 -0.000116813 0)
(0.0643433 -0.000390955 0)
(0.0642849 -0.000535628 0)
(0.0642273 -0.00058616 0)
(0.0641705 -0.000573831 0)
(0.0641158 -0.000523923 0)
(0.0640646 -0.000455294 0)
(0.0640179 -0.000380938 0)
(0.0639766 -0.000309041 0)
(0.0639409 -0.000244173 0)
(0.0639107 -0.000188381 0)
(0.0638858 -0.000142085 0)
(0.0638655 -0.00010475 0)
(0.0638494 -7.53538e-05 0)
(0.0638368 -5.2695e-05 0)
(0.0638272 -3.55733e-05 0)
(0.0638199 -2.28892e-05 0)
(0.0638145 -1.36876e-05 0)
(0.0638106 -7.16962e-06 0)
(0.0638079 -2.68413e-06 0)
(0.0638061 2.87868e-07 0)
(0.0638049 2.153e-06 0)
(0.0638041 3.22486e-06 0)
(0.0638037 3.74181e-06 0)
(0.0638036 3.88235e-06 0)
(0.0638036 3.77812e-06 0)
(0.0638037 3.52449e-06 0)
(0.0638038 3.18913e-06 0)
(0.063804 2.81886e-06 0)
(0.0638042 2.44498e-06 0)
(0.0638044 2.0874e-06 0)
(0.0638046 1.7579e-06 0)
(0.0638047 1.4625e-06 0)
(0.0638049 1.20331e-06 0)
(0.063805 9.7984e-07 0)
(0.0638051 7.90021e-07 0)
(0.0638052 6.30864e-07 0)
(0.0638053 4.98959e-07 0)
(0.0638053 3.90802e-07 0)
(0.0638054 3.03002e-07 0)
(0.0638054 2.3241e-07 0)
(0.0638054 1.76185e-07 0)
(0.0638055 1.31823e-07 0)
(0.0638055 9.71555e-08 0)
(0.0638055 7.03342e-08 0)
(0.0638055 4.98039e-08 0)
(0.0638055 3.42715e-08 0)
(0.0638055 2.26732e-08 0)
(0.0638055 1.41423e-08 0)
(0.0638055 7.97946e-09 0)
(0.0638055 3.62559e-09 0)
(0.0638055 6.37525e-10 0)
(0.0638055 -1.33274e-09 0)
(0.0638055 -2.55595e-09 0)
(0.0638055 -3.24067e-09 0)
(0.0638055 -3.5459e-09 0)
(0.0638055 -3.59144e-09 0)
(0.0638055 -3.46638e-09 0)
(0.0638055 -3.23597e-09 0)
(0.0638055 -2.94715e-09 0)
(0.0638055 -2.63288e-09 0)
(0.0638055 -2.31568e-09 0)
(0.0638055 -2.01025e-09 0)
(0.0638055 -1.72564e-09 0)
(0.0638055 -1.4668e-09 0)
(0.0638055 -1.23582e-09 0)
(0.0638055 -1.03287e-09 0)
(0.0638055 -8.56837e-10 0)
(0.0638055 -7.0583e-10 0)
(0.0638055 -5.77554e-10 0)
(0.0638055 -4.6953e-10 0)
(0.0638055 -3.79285e-10 0)
(0.0638055 -3.04445e-10 0)
(0.0638055 -2.4281e-10 0)
(0.0638055 -1.92386e-10 0)
(0.0638055 -1.514e-10 0)
(0.0638055 -1.18297e-10 0)
(0.0638055 -9.17285e-11 0)
(0.0638055 -7.05407e-11 0)
(0.0638055 -5.37538e-11 0)
(0.0638055 -4.05456e-11 0)
(0.0638055 -3.02269e-11 0)
(0.0638055 -2.22263e-11 0)
(0.0638055 -1.60737e-11 0)
(0.0638055 -1.13843e-11 0)
(0.0638055 -7.84634e-12 0)
(0.0638055 -5.20633e-12 0)
(0.0638055 -3.26415e-12 0)
(0.0638055 -1.85883e-12 0)
(0.0638055 -8.63377e-13 0)
(0.0638055 -1.78797e-13 0)
(0.0638055 2.7429e-13 0)
(0.0638055 5.55334e-13 0)
(0.0638055 7.13801e-13 0)
(0.0638055 7.87281e-13 0)
(0.0638055 8.01765e-13 0)
(0.0638055 7.80274e-13 0)
(0.0638055 7.35266e-13 0)
(0.0638055 6.78063e-13 0)
(0.0638055 6.14951e-13 0)
(0.0638055 5.47992e-13 0)
(0.0638055 4.81313e-13 0)
(0.0638055 4.1436e-13 0)
(0.0638055 3.48905e-13 0)
(0.0638055 2.85958e-13 0)
(0.0638055 2.23465e-13 0)
(0.0638055 1.63419e-13 0)
(0.0638055 1.02468e-13 0)
(0.0638055 4.20877e-14 0)
(0.0638055 -2.04769e-14 0)
(0.0638055 -8.37761e-14 0)
(0.0638055 -1.52877e-13 0)
(0.0638055 -2.27304e-13 0)
(0.0638055 -3.08776e-13 0)
(0.0638055 -4.01784e-13 0)
(0.0638055 -5.05797e-13 0)
(0.0638055 -6.25849e-13 0)
(0.0638055 -7.62947e-13 0)
(0.0638055 -9.22331e-13 0)
(0.0638055 -1.11484e-12 0)
(0.0638055 -1.35093e-12 0)
(0.0638055 -1.65012e-12 0)
(0.0638055 -2.03555e-12 0)
(0.0638055 -2.53676e-12 0)
(0.0638055 -3.19724e-12 0)
(0.0638055 -4.05619e-12 0)
(0.0638055 -5.2315e-12 0)
(0.0638055 -6.69607e-12 0)
(0.0638055 -9.2952e-12 0)
(0.0638055 -1.03076e-11 0)
(0.146552 -0.00205939 0)
(0.146307 -0.00254829 0)
(0.146002 -0.00301019 0)
(0.145676 -0.00343745 0)
(0.145352 -0.00384133 0)
(0.145037 -0.00423856 0)
(0.144726 -0.0046455 0)
(0.144412 -0.00507651 0)
(0.144084 -0.00554366 0)
(0.143733 -0.0060569 0)
(0.143347 -0.00662413 0)
(0.142915 -0.00725127 0)
(0.142425 -0.0079423 0)
(0.141864 -0.00869929 0)
(0.141217 -0.00952243 0)
(0.140468 -0.0104099 0)
(0.139597 -0.0113576 0)
(0.138581 -0.0123585 0)
(0.137397 -0.0134008 0)
(0.136014 -0.0144661 0)
(0.134397 -0.0155276 0)
(0.132504 -0.0165508 0)
(0.130282 -0.0174978 0)
(0.127668 -0.0183328 0)
(0.124587 -0.0190231 0)
(0.120959 -0.0195333 0)
(0.116688 -0.0198183 0)
(0.111667 -0.0198195 0)
(0.105792 -0.0194691 0)
(0.0990136 -0.0186995 0)
(0.0913828 -0.0174571 0)
(0.0830911 -0.0157332 0)
(0.0744843 -0.0136106 0)
(0.0660285 -0.0112766 0)
(0.058213 -0.0089749 0)
(0.0514306 -0.00692985 0)
(0.0458862 -0.00527511 0)
(0.0415845 -0.00401891 0)
(0.0383932 -0.00306869 0)
(0.0361234 -0.00229443 0)
(0.0345849 -0.00158379 0)
(0.0336156 -0.000865534 0)
(0.0330918 -0.000107389 0)
(0.0329259 0.000696905 0)
(0.0330588 0.00154055 0)
(0.0334507 0.0024123 0)
(0.034073 0.00330062 0)
(0.0349035 0.0041948 0)
(0.0359223 0.00508472 0)
(0.0371099 0.00596006 0)
(0.0384467 0.00680951 0)
(0.0399121 0.00762008 0)
(0.0414845 0.00837634 0)
(0.0431411 0.00905957 0)
(0.0448581 0.00964687 0)
(0.0466104 0.0101103 0)
(0.0483716 0.010417 0)
(0.0501135 0.0105305 0)
(0.0518067 0.0104149 0)
(0.0534216 0.0100421 0)
(0.0549304 0.00940097 0)
(0.0563092 0.00850587 0)
(0.0575405 0.00740101 0)
(0.0586129 0.00615773 0)
(0.059521 0.00486436 0)
(0.0602637 0.00361156 0)
(0.0608441 0.00247749 0)
(0.0612703 0.00151706 0)
(0.0615563 0.000757406 0)
(0.0617218 0.000199457 0)
(0.0617907 -0.000175954 0)
(0.0617884 -0.000400109 0)
(0.0617386 -0.000508717 0)
(0.0616618 -0.000536046 0)
(0.0615736 -0.000511351 0)
(0.0614848 -0.000457415 0)
(0.0614022 -0.000390579 0)
(0.0613294 -0.000321631 0)
(0.0612676 -0.000257018 0)
(0.0612169 -0.000200062 0)
(0.0611762 -0.000151994 0)
(0.0611442 -0.00011276 0)
(0.0611196 -8.15958e-05 0)
(0.061101 -5.74155e-05 0)
(0.0610872 -3.905e-05 0)
(0.0610771 -2.5386e-05 0)
(0.0610699 -1.54343e-05 0)
(0.0610649 -8.35499e-06 0)
(0.0610616 -3.45798e-06 0)
(0.0610595 -1.89983e-07 0)
(0.0610583 1.88386e-06 0)
(0.0610576 3.09955e-06 0)
(0.0610574 3.71278e-06 0)
(0.0610575 3.91521e-06 0)
(0.0610577 3.84834e-06 0)
(0.061058 3.61488e-06 0)
(0.0610584 3.28791e-06 0)
(0.0610588 2.91819e-06 0)
(0.0610592 2.53985e-06 0)
(0.0610595 2.17487e-06 0)
(0.0610598 1.83645e-06 0)
(0.0610601 1.53158e-06 0)
(0.0610603 1.26303e-06 0)
(0.0610605 1.03072e-06 0)
(0.0610607 8.32815e-07 0)
(0.0610608 6.6644e-07 0)
(0.0610609 5.28219e-07 0)
(0.061061 4.14626e-07 0)
(0.0610611 3.22211e-07 0)
(0.0610612 2.47751e-07 0)
(0.0610612 1.8832e-07 0)
(0.0610613 1.41328e-07 0)
(0.0610613 1.04525e-07 0)
(0.0610613 7.59865e-08 0)
(0.0610613 5.40876e-08 0)
(0.0610613 3.74749e-08 0)
(0.0610613 2.50322e-08 0)
(0.0610614 1.58478e-08 0)
(0.0610614 9.18479e-09 0)
(0.0610614 4.45254e-09 0)
(0.0610614 1.18202e-09 0)
(0.0610614 -9.95866e-10 0)
(0.0610614 -2.36889e-09 0)
(0.0610614 -3.15928e-09 0)
(0.0610614 -3.53684e-09 0)
(0.0610614 -3.62987e-09 0)
(0.0610614 -3.53408e-09 0)
(0.0610614 -3.31981e-09 0)
(0.0610614 -3.03789e-09 0)
(0.0610614 -2.72422e-09 0)
(0.0610614 -2.40349e-09 0)
(0.0610614 -2.092e-09 0)
(0.0610614 -1.79994e-09 0)
(0.0610614 -1.53307e-09 0)
(0.0610614 -1.29405e-09 0)
(0.0610614 -1.08337e-09 0)
(0.0610614 -9.00159e-10 0)
(0.0610614 -7.42639e-10 0)
(0.0610614 -6.08559e-10 0)
(0.0610614 -4.95443e-10 0)
(0.0610614 -4.00785e-10 0)
(0.0610614 -3.22161e-10 0)
(0.0610614 -2.57311e-10 0)
(0.0610614 -2.04177e-10 0)
(0.0610614 -1.60923e-10 0)
(0.0610614 -1.25932e-10 0)
(0.0610614 -9.78065e-11 0)
(0.0610614 -7.53436e-11 0)
(0.0610614 -5.75222e-11 0)
(0.0610614 -4.34811e-11 0)
(0.0610614 -3.24969e-11 0)
(0.0610614 -2.39702e-11 0)
(0.0610614 -1.74045e-11 0)
(0.0610614 -1.2393e-11 0)
(0.0610614 -8.60339e-12 0)
(0.0610614 -5.76682e-12 0)
(0.0610614 -3.67067e-12 0)
(0.0610614 -2.14463e-12 0)
(0.0610614 -1.05498e-12 0)
(0.0610614 -2.97443e-13 0)
(0.0610614 2.11873e-13 0)
(0.0610614 5.34474e-13 0)
(0.0610614 7.21637e-13 0)
(0.0610614 8.12247e-13 0)
(0.0610614 8.36794e-13 0)
(0.0610614 8.18824e-13 0)
(0.0610614 7.73468e-13 0)
(0.0610614 7.13886e-13 0)
(0.0610614 6.45643e-13 0)
(0.0610614 5.7429e-13 0)
(0.0610614 5.03792e-13 0)
(0.0610614 4.34389e-13 0)
(0.0610614 3.68112e-13 0)
(0.0610614 3.05293e-13 0)
(0.0610614 2.45567e-13 0)
(0.0610614 1.89654e-13 0)
(0.0610614 1.353e-13 0)
(0.0610614 8.26054e-14 0)
(0.0610614 2.92843e-14 0)
(0.0610614 -2.49447e-14 0)
(0.0610614 -8.27159e-14 0)
(0.0610614 -1.45021e-13 0)
(0.0610614 -2.15025e-13 0)
(0.0610614 -2.94424e-13 0)
(0.0610614 -3.82782e-13 0)
(0.0610614 -4.83823e-13 0)
(0.0610614 -5.99791e-13 0)
(0.0610614 -7.3665e-13 0)
(0.0610614 -9.01943e-13 0)
(0.0610614 -1.10755e-12 0)
(0.0610614 -1.3704e-12 0)
(0.0610614 -1.71483e-12 0)
(0.0610614 -2.16927e-12 0)
(0.0610614 -2.7773e-12 0)
(0.0610614 -3.60887e-12 0)
(0.0610614 -4.70502e-12 0)
(0.0610614 -6.28641e-12 0)
(0.0610614 -8.21257e-12 0)
(0.0610614 -1.24496e-11 0)
(0.0610614 -1.3819e-11 0)
(0.145946 -0.00180936 0)
(0.145547 -0.00223455 0)
(0.145059 -0.00265181 0)
(0.144499 -0.00304926 0)
(0.143878 -0.00342904 0)
(0.143202 -0.00380061 0)
(0.142467 -0.00417614 0)
(0.141668 -0.00456795 0)
(0.140795 -0.00498728 0)
(0.139836 -0.00544353 0)
(0.138778 -0.00594394 0)
(0.137605 -0.0064934 0)
(0.136298 -0.00709434 0)
(0.134836 -0.00774683 0)
(0.133194 -0.00844862 0)
(0.131345 -0.00919534 0)
(0.129256 -0.00998044 0)
(0.126894 -0.0107947 0)
(0.124222 -0.0116246 0)
(0.121198 -0.0124494 0)
(0.117771 -0.0132376 0)
(0.113868 -0.0139445 0)
(0.109391 -0.0145159 0)
(0.104223 -0.0148944 0)
(0.098262 -0.0150223 0)
(0.0914358 -0.0148281 0)
(0.0837311 -0.0142136 0)
(0.0752388 -0.0130937 0)
(0.0662144 -0.011481 0)
(0.0570824 -0.0095208 0)
(0.0483766 -0.00745701 0)
(0.0406199 -0.00558424 0)
(0.0341471 -0.00416392 0)
(0.0290296 -0.00329799 0)
(0.025162 -0.00288464 0)
(0.0223534 -0.00270813 0)
(0.0203697 -0.00256733 0)
(0.0189826 -0.00234706 0)
(0.0180151 -0.00201639 0)
(0.0173562 -0.00159065 0)
(0.0169501 -0.001096 0)
(0.0167746 -0.000552352 0)
(0.016823 2.90571e-05 0)
(0.0170925 0.000642387 0)
(0.0175793 0.00128365 0)
(0.0182777 0.00194871 0)
(0.0191804 0.0026325 0)
(0.020279 0.00332884 0)
(0.0215647 0.00403038 0)
(0.0230276 0.00472842 0)
(0.0246575 0.0054127 0)
(0.0264429 0.00607092 0)
(0.0283712 0.0066882 0)
(0.0304282 0.00724634 0)
(0.0325979 0.00772317 0)
(0.0348616 0.00809214 0)
(0.0371965 0.00832286 0)
(0.0395746 0.00838312 0)
(0.0419606 0.00824331 0)
(0.0443118 0.00788303 0)
(0.0465779 0.00729889 0)
(0.0487041 0.00651099 0)
(0.0506355 0.00556499 0)
(0.0523233 0.00452779 0)
(0.0537315 0.00347707 0)
(0.0548426 0.00248776 0)
(0.0556604 0.00161953 0)
(0.0562092 0.000909079 0)
(0.0565294 0.000368518 0)
(0.0566701 -1.08299e-05 0)
(0.0566822 -0.000251579 0)
(0.0566114 -0.000382905 0)
(0.0564951 -0.00043452 0)
(0.0563609 -0.000432784 0)
(0.0562272 -0.000398878 0)
(0.0561046 -0.000348492 0)
(0.0559985 -0.000292402 0)
(0.0559103 -0.00023742 0)
(0.0558394 -0.00018741 0)
(0.0557838 -0.000144182 0)
(0.0557412 -0.000108213 0)
(0.0557093 -7.91831e-05 0)
(0.0556859 -5.63513e-05 0)
(0.055669 -3.88059e-05 0)
(0.0556572 -2.56157e-05 0)
(0.0556492 -1.59166e-05 0)
(0.0556439 -8.95205e-06 0)
(0.0556407 -4.08612e-06 0)
(0.0556389 -8.00356e-07 0)
(0.0556381 1.3181e-06 0)
(0.055638 2.59151e-06 0)
(0.0556382 3.26706e-06 0)
(0.0556388 3.53126e-06 0)
(0.0556394 3.52263e-06 0)
(0.0556402 3.34221e-06 0)
(0.0556409 3.06236e-06 0)
(0.0556415 2.73366e-06 0)
(0.0556422 2.39046e-06 0)
(0.0556427 2.05512e-06 0)
(0.0556432 1.7414e-06 0)
(0.0556436 1.45687e-06 0)
(0.055644 1.20487e-06 0)
(0.0556442 9.85914e-07 0)
(0.0556445 7.98659e-07 0)
(0.0556447 6.40701e-07 0)
(0.0556448 5.09069e-07 0)
(0.055645 4.00581e-07 0)
(0.0556451 3.12084e-07 0)
(0.0556452 2.40598e-07 0)
(0.0556452 1.83398e-07 0)
(0.0556453 1.3806e-07 0)
(0.0556453 1.02464e-07 0)
(0.0556453 7.47904e-08 0)
(0.0556454 5.34992e-08 0)
(0.0556454 3.73017e-08 0)
(0.0556454 2.51319e-08 0)
(0.0556454 1.61172e-08 0)
(0.0556454 9.5503e-09 0)
(0.0556454 4.86271e-09 0)
(0.0556454 1.60202e-09 0)
(0.0556454 -5.88703e-10 0)
(0.0556454 -1.98845e-09 0)
(0.0556454 -2.81317e-09 0)
(0.0556454 -3.22837e-09 0)
(0.0556454 -3.35943e-09 0)
(0.0556454 -3.30018e-09 0)
(0.0556454 -3.11985e-09 0)
(0.0556454 -2.86865e-09 0)
(0.0556454 -2.58225e-09 0)
(0.0556454 -2.28536e-09 0)
(0.0556454 -1.99444e-09 0)
(0.0556454 -1.71993e-09 0)
(0.0556454 -1.46789e-09 0)
(0.0556454 -1.24128e-09 0)
(0.0556454 -1.04093e-09 0)
(0.0556454 -8.66226e-10 0)
(0.0556454 -7.15682e-10 0)
(0.0556454 -5.87281e-10 0)
(0.0556454 -4.78763e-10 0)
(0.0556454 -3.87799e-10 0)
(0.0556454 -3.12128e-10 0)
(0.0556454 -2.49622e-10 0)
(0.0556454 -1.98337e-10 0)
(0.0556454 -1.56529e-10 0)
(0.0556454 -1.22664e-10 0)
(0.0556454 -9.54063e-11 0)
(0.0556454 -7.36065e-11 0)
(0.0556454 -5.6288e-11 0)
(0.0556454 -4.26233e-11 0)
(0.0556454 -3.19204e-11 0)
(0.0556454 -2.36025e-11 0)
(0.0556454 -1.71886e-11 0)
(0.0556454 -1.22862e-11 0)
(0.0556454 -8.57169e-12 0)
(0.0556454 -5.7859e-12 0)
(0.0556454 -3.71999e-12 0)
(0.0556454 -2.20958e-12 0)
(0.0556454 -1.1257e-12 0)
(0.0556454 -3.64828e-13 0)
(0.0556454 1.50352e-13 0)
(0.0556454 4.82815e-13 0)
(0.0556454 6.8081e-13 0)
(0.0556454 7.80972e-13 0)
(0.0556454 8.14849e-13 0)
(0.0556454 8.02227e-13 0)
(0.0556454 7.61613e-13 0)
(0.0556454 7.03872e-13 0)
(0.0556454 6.35894e-13 0)
(0.0556454 5.65692e-13 0)
(0.0556454 4.94707e-13 0)
(0.0556454 4.25971e-13 0)
(0.0556454 3.60428e-13 0)
(0.0556454 2.99011e-13 0)
(0.0556454 2.43497e-13 0)
(0.0556454 1.91665e-13 0)
(0.0556454 1.44219e-13 0)
(0.0556454 9.89724e-14 0)
(0.0556454 5.56403e-14 0)
(0.0556454 1.20452e-14 0)
(0.0556454 -3.2532e-14 0)
(0.0556454 -8.14696e-14 0)
(0.0556454 -1.34993e-13 0)
(0.0556454 -1.94399e-13 0)
(0.0556454 -2.62314e-13 0)
(0.0556454 -3.38044e-13 0)
(0.0556454 -4.26263e-13 0)
(0.0556454 -5.28741e-13 0)
(0.0556454 -6.53432e-13 0)
(0.0556454 -8.1202e-13 0)
(0.0556454 -1.01478e-12 0)
(0.0556454 -1.28236e-12 0)
(0.0556454 -1.63493e-12 0)
(0.0556454 -2.11583e-12 0)
(0.0556454 -2.75675e-12 0)
(0.0556454 -3.65155e-12 0)
(0.0556454 -4.86795e-12 0)
(0.0556454 -6.68377e-12 0)
(0.0556454 -8.56388e-12 0)
(0.0556454 -1.43655e-11 0)
(0.0556454 -1.6088e-11 0)
(0.12645 -0.00149858 0)
(0.125853 -0.00182441 0)
(0.125131 -0.00214694 0)
(0.124288 -0.00245571 0)
(0.12333 -0.00275038 0)
(0.12226 -0.00303743 0)
(0.121074 -0.00332664 0)
(0.119765 -0.00362844 0)
(0.118322 -0.00395215 0)
(0.116731 -0.00430503 0)
(0.114974 -0.00469176 0)
(0.113028 -0.0051142 0)
(0.110865 -0.00557146 0)
(0.108454 -0.00606009 0)
(0.105755 -0.00657438 0)
(0.102728 -0.00710657 0)
(0.099322 -0.00764644 0)
(0.0954832 -0.00817967 0)
(0.0911509 -0.00868257 0)
(0.0862596 -0.00911041 0)
(0.0807428 -0.00938471 0)
(0.0745481 -0.00939928 0)
(0.0676742 -0.00906107 0)
(0.060202 -0.00834217 0)
(0.052307 -0.00729166 0)
(0.0442894 -0.00600036 0)
(0.0366048 -0.00459239 0)
(0.0297507 -0.00326942 0)
(0.0240099 -0.00227885 0)
(0.0193956 -0.00176838 0)
(0.0158181 -0.00168354 0)
(0.0131412 -0.00181394 0)
(0.0111568 -0.00194741 0)
(0.00962839 -0.00198399 0)
(0.00836924 -0.00192524 0)
(0.00727936 -0.0018062 0)
(0.0063329 -0.00165357 0)
(0.00554344 -0.00147779 0)
(0.00493259 -0.00127745 0)
(0.00451485 -0.00104568 0)
(0.00429641 -0.000775344 0)
(0.00427935 -0.00046213 0)
(0.00446505 -0.000105535 0)
(0.00485539 0.000291528 0)
(0.00545244 0.000723803 0)
(0.00625774 0.00118478 0)
(0.00727179 0.00166743 0)
(0.00849364 0.00216447 0)
(0.00992078 0.0026683 0)
(0.0115489 0.00317066 0)
(0.0133719 0.0036622 0)
(0.0153813 0.00413197 0)
(0.0175658 0.0045669 0)
(0.0199106 0.00495141 0)
(0.0223965 0.00526711 0)
(0.024998 0.00549314 0)
(0.0276815 0.00560725 0)
(0.0304041 0.00558828 0)
(0.0331118 0.00542005 0)
(0.0357408 0.00509623 0)
(0.03822 0.00462509 0)
(0.0404777 0.00403201 0)
(0.0424497 0.00335812 0)
(0.0440894 0.00265447 0)
(0.0453747 0.00197316 0)
(0.0463112 0.00135832 0)
(0.0469306 0.000839759 0)
(0.0472834 0.000430773 0)
(0.0474295 0.000130051 0)
(0.0474292 -7.4088e-05 0)
(0.047336 -0.000198862 0)
(0.0471927 -0.000262962 0)
(0.0470306 -0.000283816 0)
(0.0468702 -0.000276154 0)
(0.0467238 -0.000251525 0)
(0.0465971 -0.000218417 0)
(0.0464918 -0.000182679 0)
(0.0464072 -0.000148048 0)
(0.046341 -0.000116668 0)
(0.0462904 -8.95565e-05 0)
(0.0462528 -6.69795e-05 0)
(0.0462253 -4.87398e-05 0)
(0.0462058 -3.43881e-05 0)
(0.0461924 -2.33655e-05 0)
(0.0461836 -1.50959e-05 0)
(0.046178 -9.03947e-06 0)
(0.0461748 -4.7194e-06 0)
(0.0461732 -1.73234e-06 0)
(0.0461728 2.5246e-07 0)
(0.046173 1.49934e-06 0)
(0.0461738 2.21505e-06 0)
(0.0461747 2.55822e-06 0)
(0.0461758 2.64841e-06 0)
(0.0461769 2.57407e-06 0)
(0.0461779 2.39942e-06 0)
(0.0461788 2.17005e-06 0)
(0.0461797 1.9175e-06 0)
(0.0461805 1.66283e-06 0)
(0.0461811 1.41946e-06 0)
(0.0461817 1.19528e-06 0)
(0.0461821 9.94343e-07 0)
(0.0461825 8.18032e-07 0)
(0.0461828 6.66013e-07 0)
(0.0461831 5.36869e-07 0)
(0.0461833 4.2857e-07 0)
(0.0461834 3.38804e-07 0)
(0.0461836 2.65194e-07 0)
(0.0461837 2.05438e-07 0)
(0.0461838 1.57397e-07 0)
(0.0461838 1.19141e-07 0)
(0.0461839 8.89668e-08 0)
(0.0461839 6.53992e-08 0)
(0.0461839 4.71793e-08 0)
(0.0461839 3.32472e-08 0)
(0.0461839 2.27214e-08 0)
(0.046184 1.48761e-08 0)
(0.046184 9.11994e-09 0)
(0.046184 4.97554e-09 0)
(0.046184 2.06117e-09 0)
(0.046184 7.42962e-11 0)
(0.046184 -1.22262e-09 0)
(0.046184 -2.01431e-09 0)
(0.046184 -2.443e-09 0)
(0.046184 -2.61702e-09 0)
(0.046184 -2.61788e-09 0)
(0.046184 -2.50611e-09 0)
(0.046184 -2.32593e-09 0)
(0.046184 -2.10904e-09 0)
(0.046184 -1.87764e-09 0)
(0.046184 -1.64677e-09 0)
(0.046184 -1.42616e-09 0)
(0.046184 -1.22172e-09 0)
(0.046184 -1.03656e-09 0)
(0.046184 -8.71875e-10 0)
(0.046184 -7.27564e-10 0)
(0.046184 -6.02676e-10 0)
(0.046184 -4.95758e-10 0)
(0.046184 -4.05094e-10 0)
(0.046184 -3.28866e-10 0)
(0.046184 -2.65278e-10 0)
(0.046184 -2.12618e-10 0)
(0.046184 -1.69307e-10 0)
(0.046184 -1.3392e-10 0)
(0.046184 -1.05193e-10 0)
(0.046184 -8.20202e-11 0)
(0.046184 -6.34469e-11 0)
(0.046184 -4.86575e-11 0)
(0.046184 -3.69611e-11 0)
(0.046184 -2.7776e-11 0)
(0.046184 -2.06171e-11 0)
(0.046184 -1.50824e-11 0)
(0.046184 -1.08398e-11 0)
(0.046184 -7.61664e-12 0)
(0.046184 -5.19108e-12 0)
(0.046184 -3.38544e-12 0)
(0.046184 -2.06033e-12 0)
(0.046184 -1.10142e-12 0)
(0.046184 -4.2391e-13 0)
(0.046184 4.06846e-14 0)
(0.046184 3.46244e-13 0)
(0.046184 5.31964e-13 0)
(0.046184 6.33049e-13 0)
(0.046184 6.73207e-13 0)
(0.046184 6.71202e-13 0)
(0.046184 6.42451e-13 0)
(0.046184 5.9582e-13 0)
(0.046184 5.40865e-13 0)
(0.046184 4.79924e-13 0)
(0.046184 4.1827e-13 0)
(0.046184 3.58511e-13 0)
(0.046184 3.01716e-13 0)
(0.046184 2.49927e-13 0)
(0.046184 2.01555e-13 0)
(0.046184 1.58783e-13 0)
(0.046184 1.21066e-13 0)
(0.046184 8.65602e-14 0)
(0.046184 5.63045e-14 0)
(0.046184 2.75217e-14 0)
(0.046184 -1.19203e-15 0)
(0.046184 -3.10889e-14 0)
(0.046184 -6.45556e-14 0)
(0.046184 -1.02314e-13 0)
(0.046184 -1.45268e-13 0)
(0.046184 -1.93531e-13 0)
(0.046184 -2.51506e-13 0)
(0.046184 -3.1899e-13 0)
(0.046184 -4.02031e-13 0)
(0.046184 -5.07423e-13 0)
(0.046184 -6.42676e-13 0)
(0.046184 -8.2201e-13 0)
(0.046184 -1.05621e-12 0)
(0.046184 -1.37645e-12 0)
(0.046184 -1.79426e-12 0)
(0.046184 -2.39739e-12 0)
(0.046184 -3.19619e-12 0)
(0.046184 -4.25282e-12 0)
(0.046184 -6.32129e-12 0)
(0.046184 -7.17196e-12 0)
(0.046184 -1.37928e-11 0)
(0.046184 -1.59668e-11 0)
(0.0878484 -0.00101898 0)
(0.0870038 -0.00122763 0)
(0.0859997 -0.00142133 0)
(0.0848415 -0.00159417 0)
(0.0835367 -0.00174876 0)
(0.0820894 -0.00189318 0)
(0.0804987 -0.00203715 0)
(0.0787571 -0.00218926 0)
(0.076851 -0.00235513 0)
(0.0747608 -0.00253668 0)
(0.0724623 -0.00273181 0)
(0.0699271 -0.00293445 0)
(0.0671237 -0.00313481 0)
(0.0640187 -0.00331991 0)
(0.0605785 -0.00347443 0)
(0.0567724 -0.00358181 0)
(0.0525762 -0.00362503 0)
(0.047981 -0.00358726 0)
(0.0430085 -0.00345121 0)
(0.0377417 -0.00319162 0)
(0.0323666 -0.0027739 0)
(0.0271675 -0.00219127 0)
(0.0224218 -0.00151114 0)
(0.0182762 -0.00087004 0)
(0.0147338 -0.000432451 0)
(0.0117454 -0.000317098 0)
(0.00929483 -0.000486947 0)
(0.00736509 -0.000743488 0)
(0.00586348 -0.00089782 0)
(0.00463552 -0.000905387 0)
(0.00353756 -0.000824376 0)
(0.00248967 -0.00072769 0)
(0.00147892 -0.000669986 0)
(0.000521899 -0.000676875 0)
(-0.000369349 -0.000738471 0)
(-0.00119236 -0.000820321 0)
(-0.00194463 -0.000885475 0)
(-0.00261737 -0.000910074 0)
(-0.00319532 -0.000885979 0)
(-0.00365915 -0.00081539 0)
(-0.00398819 -0.000704374 0)
(-0.00416241 -0.000558931 0)
(-0.00416373 -0.000383795 0)
(-0.0039768 -0.000182715 0)
(-0.00358935 4.09276e-05 0)
(-0.00299226 0.00028366 0)
(-0.00217956 0.000541676 0)
(-0.0011483 0.000810717 0)
(0.000101407 0.00108596 0)
(0.00156624 0.00136192 0)
(0.00323935 0.00163225 0)
(0.00510981 0.00188962 0)
(0.00716186 0.00212556 0)
(0.00937401 0.00233044 0)
(0.0117179 0.00249361 0)
(0.0141571 0.00260396 0)
(0.0166463 0.00265092 0)
(0.0191313 0.00262602 0)
(0.0215502 0.0025249 0)
(0.0238365 0.00234935 0)
(0.0259252 0.00210853 0)
(0.0277595 0.00181882 0)
(0.0292988 0.00150176 0)
(0.0305239 0.00118068 0)
(0.0314393 0.000876899 0)
(0.032071 0.000606785 0)
(0.0324605 0.000380293 0)
(0.0326576 0.00020108 0)
(0.0327125 6.76868e-05 0)
(0.0326712 -2.48257e-05 0)
(0.0325716 -8.32751e-05 0)
(0.0324426 -0.000115057 0)
(0.032305 -0.000127232 0)
(0.0321722 -0.000125977 0)
(0.0320521 -0.00011633 0)
(0.0319484 -0.000102149 0)
(0.0318622 -8.62087e-05 0)
(0.0317926 -7.03632e-05 0)
(0.031738 -5.57413e-05 0)
(0.0316963 -4.29325e-05 0)
(0.0316652 -3.21512e-05 0)
(0.0316426 -2.33694e-05 0)
(0.0316267 -1.64179e-05 0)
(0.0316159 -1.10576e-05 0)
(0.0316089 -7.02854e-06 0)
(0.0316047 -4.07867e-06 0)
(0.0316024 -1.98079e-06 0)
(0.0316016 -5.39536e-07 0)
(0.0316016 4.07094e-07 0)
(0.0316023 9.89633e-07 0)
(0.0316032 1.31076e-06 0)
(0.0316044 1.44952e-06 0)
(0.0316056 1.46556e-06 0)
(0.0316067 1.40299e-06 0)
(0.0316078 1.29376e-06 0)
(0.0316087 1.16041e-06 0)
(0.0316096 1.01846e-06 0)
(0.0316103 8.78105e-07 0)
(0.031611 7.45737e-07 0)
(0.0316115 6.24989e-07 0)
(0.031612 5.17578e-07 0)
(0.0316123 4.23928e-07 0)
(0.0316126 3.43621e-07 0)
(0.0316129 2.75734e-07 0)
(0.0316131 2.19064e-07 0)
(0.0316132 1.72297e-07 0)
(0.0316133 1.34112e-07 0)
(0.0316134 1.03247e-07 0)
(0.0316135 7.85447e-08 0)
(0.0316136 5.89657e-08 0)
(0.0316136 4.36007e-08 0)
(0.0316136 3.1666e-08 0)
(0.0316137 2.24961e-08 0)
(0.0316137 1.55335e-08 0)
(0.0316137 1.03162e-08 0)
(0.0316137 6.4655e-09 0)
(0.0316137 3.67405e-09 0)
(0.0316137 1.69483e-09 0)
(0.0316137 3.31119e-10 0)
(0.0316137 -5.72253e-10 0)
(0.0316137 -1.13652e-09 0)
(0.0316137 -1.45546e-09 0)
(0.0316137 -1.60082e-09 0)
(0.0316137 -1.62688e-09 0)
(0.0316137 -1.57414e-09 0)
(0.0316137 -1.47238e-09 0)
(0.0316137 -1.3431e-09 0)
(0.0316137 -1.20147e-09 0)
(0.0316137 -1.0579e-09 0)
(0.0316137 -9.19225e-10 0)
(0.0316137 -7.89698e-10 0)
(0.0316137 -6.71677e-10 0)
(0.0316137 -5.66201e-10 0)
(0.0316137 -4.73406e-10 0)
(0.0316137 -3.92828e-10 0)
(0.0316137 -3.23647e-10 0)
(0.0316137 -2.64835e-10 0)
(0.0316137 -2.15279e-10 0)
(0.0316137 -1.73863e-10 0)
(0.0316137 -1.39503e-10 0)
(0.0316137 -1.11201e-10 0)
(0.0316137 -8.80466e-11 0)
(0.0316137 -6.92262e-11 0)
(0.0316137 -5.40284e-11 0)
(0.0316137 -4.183e-11 0)
(0.0316137 -3.21044e-11 0)
(0.0316137 -2.44017e-11 0)
(0.0316137 -1.83453e-11 0)
(0.0316137 -1.36198e-11 0)
(0.0316137 -9.96292e-12 0)
(0.0316137 -7.15712e-12 0)
(0.0316137 -5.0242e-12 0)
(0.0316137 -3.41968e-12 0)
(0.0316137 -2.22391e-12 0)
(0.0316137 -1.34744e-12 0)
(0.0316137 -7.12736e-13 0)
(0.0316137 -2.64744e-13 0)
(0.0316137 4.1691e-14 0)
(0.0316137 2.451e-13 0)
(0.0316137 3.67548e-13 0)
(0.0316137 4.34233e-13 0)
(0.0316137 4.60222e-13 0)
(0.0316137 4.5722e-13 0)
(0.0316137 4.3838e-13 0)
(0.0316137 4.05057e-13 0)
(0.0316137 3.67781e-13 0)
(0.0316137 3.25903e-13 0)
(0.0316137 2.82768e-13 0)
(0.0316137 2.42405e-13 0)
(0.0316137 2.02166e-13 0)
(0.0316137 1.6685e-13 0)
(0.0316137 1.34968e-13 0)
(0.0316137 1.05899e-13 0)
(0.0316137 8.30043e-14 0)
(0.0316137 6.23054e-14 0)
(0.0316137 4.59685e-14 0)
(0.0316137 3.1659e-14 0)
(0.0316137 1.73828e-14 0)
(0.0316137 4.51349e-15 0)
(0.0316137 -1.16258e-14 0)
(0.0316137 -3.06408e-14 0)
(0.0316137 -5.16702e-14 0)
(0.0316137 -7.78019e-14 0)
(0.0316137 -1.08622e-13 0)
(0.0316137 -1.44045e-13 0)
(0.0316137 -1.895e-13 0)
(0.0316137 -2.42729e-13 0)
(0.0316137 -3.11004e-13 0)
(0.0316137 -4.01372e-13 0)
(0.0316137 -5.18975e-13 0)
(0.0316137 -6.76215e-13 0)
(0.0316137 -8.86474e-13 0)
(0.0316137 -1.17524e-12 0)
(0.0316137 -1.5414e-12 0)
(0.0316137 -2.21851e-12 0)
(0.0316137 -2.60466e-12 0)
(0.0316137 -4.70294e-12 0)
(0.0316137 -4.33846e-12 0)
(0.0316137 -8.91532e-12 0)
(0.0316137 -1.191e-11 0)
(0.0321531 -0.00031264 0)
(0.0313735 -0.000351155 0)
(0.0304921 -0.00037091 0)
(0.0295285 -0.000376385 0)
(0.028495 -0.00037561 0)
(0.027394 -0.000376331 0)
(0.0262199 -0.00038323 0)
(0.0249632 -0.000396965 0)
(0.0236142 -0.000414554 0)
(0.0221661 -0.000430288 0)
(0.020618 -0.000436635 0)
(0.018977 -0.000425048 0)
(0.0172599 -0.000387033 0)
(0.0154936 -0.000315808 0)
(0.0137139 -0.000208346 0)
(0.0119617 -6.76012e-05 0)
(0.0102786 9.44988e-05 0)
(0.00869856 0.000252173 0)
(0.0072373 0.000361052 0)
(0.00588697 0.00036516 0)
(0.00463506 0.000232195 0)
(0.00349735 8.74972e-07 0)
(0.00252413 -0.000223355 0)
(0.00177036 -0.000341822 0)
(0.00124604 -0.000327428 0)
(0.000883739 -0.000216974 0)
(0.000575975 -6.49436e-05 0)
(0.000257973 7.80788e-05 0)
(-6.57509e-05 0.00016745 0)
(-0.000373056 0.000177985 0)
(-0.000666733 0.000118678 0)
(-0.000966747 2.57013e-05 0)
(-0.00129293 -6.31485e-05 0)
(-0.00166151 -0.000128087 0)
(-0.00208371 -0.000168191 0)
(-0.00256125 -0.000191744 0)
(-0.00308418 -0.000207525 0)
(-0.00363373 -0.000220725 0)
(-0.00418714 -0.000232522 0)
(-0.00472133 -0.000241484 0)
(-0.0052144 -0.000245253 0)
(-0.00564592 -0.000241727 0)
(-0.00599673 -0.000229605 0)
(-0.00624908 -0.000208449 0)
(-0.00638686 -0.000178508 0)
(-0.00639601 -0.000140485 0)
(-0.00626488 -9.53488e-05 0)
(-0.00598448 -4.4227e-05 0)
(-0.0055488 1.16233e-05 0)
(-0.00495502 7.07996e-05 0)
(-0.00420395 0.000131714 0)
(-0.00330045 0.000192551 0)
(-0.00225397 0.000251244 0)
(-0.00107915 0.000305483 0)
(0.000203623 0.000352771 0)
(0.00156782 0.000390563 0)
(0.00298087 0.00041648 0)
(0.00440487 0.000428611 0)
(0.00579833 0.00042585 0)
(0.00711905 0.00040821 0)
(0.00832785 0.000376991 0)
(0.00939261 0.000334744 0)
(0.0102918 0.000284986 0)
(0.0110162 0.00023172 0)
(0.0115692 0.000178874 0)
(0.0119649 0.000129792 0)
(0.0122245 8.68897e-05 0)
(0.0123733 5.1521e-05 0)
(0.0124373 2.40515e-05 0)
(0.0124404 4.06545e-06 0)
(0.0124035 -9.36765e-06 0)
(0.0123434 -1.74371e-05 0)
(0.0122725 -2.13868e-05 0)
(0.0121999 -2.23754e-05 0)
(0.0121313 -2.13967e-05 0)
(0.0120701 -1.92474e-05 0)
(0.0120177 -1.65262e-05 0)
(0.0119745 -1.36543e-05 0)
(0.01194 -1.0905e-05 0)
(0.0119132 -8.43628e-06 0)
(0.011893 -6.32224e-06 0)
(0.0118782 -4.57964e-06 0)
(0.0118677 -3.18949e-06 0)
(0.0118605 -2.11316e-06 0)
(0.0118559 -1.30356e-06 0)
(0.0118532 -7.12559e-07 0)
(0.0118518 -2.95263e-07 0)
(0.0118513 -1.22655e-08 0)
(0.0118515 1.69569e-07 0)
(0.011852 2.77174e-07 0)
(0.0118528 3.3184e-07 0)
(0.0118536 3.49987e-07 0)
(0.0118545 3.43993e-07 0)
(0.0118554 3.22975e-07 0)
(0.0118562 2.93492e-07 0)
(0.0118569 2.60129e-07 0)
(0.0118575 2.25986e-07 0)
(0.011858 1.93062e-07 0)
(0.0118585 1.6256e-07 0)
(0.0118589 1.35117e-07 0)
(0.0118592 1.10982e-07 0)
(0.0118595 9.01462e-08 0)
(0.0118597 7.24396e-08 0)
(0.0118598 5.75972e-08 0)
(0.01186 4.53084e-08 0)
(0.0118601 3.52494e-08 0)
(0.0118602 2.7104e-08 0)
(0.0118602 2.05769e-08 0)
(0.0118603 1.54005e-08 0)
(0.0118603 1.13383e-08 0)
(0.0118604 8.1849e-09 0)
(0.0118604 5.76533e-09 0)
(0.0118604 3.93212e-09 0)
(0.0118604 2.56274e-09 0)
(0.0118604 1.5565e-09 0)
(0.0118604 8.31513e-10 0)
(0.0118604 3.21864e-10 0)
(0.0118604 -2.49686e-11 0)
(0.0118604 -2.50427e-10 0)
(0.0118604 -3.86879e-10 0)
(0.0118604 -4.5934e-10 0)
(0.0118604 -4.86915e-10 0)
(0.0118604 -4.84023e-10 0)
(0.0118604 -4.61386e-10 0)
(0.0118604 -4.26856e-10 0)
(0.0118604 -3.86062e-10 0)
(0.0118604 -3.4294e-10 0)
(0.0118604 -3.00158e-10 0)
(0.0118604 -2.59435e-10 0)
(0.0118604 -2.21805e-10 0)
(0.0118604 -1.87806e-10 0)
(0.0118604 -1.57628e-10 0)
(0.0118604 -1.31235e-10 0)
(0.0118604 -1.08434e-10 0)
(0.0118604 -8.89538e-11 0)
(0.0118604 -7.24684e-11 0)
(0.0118604 -5.86359e-11 0)
(0.0118604 -4.71245e-11 0)
(0.0118604 -3.76139e-11 0)
(0.0118604 -2.98153e-11 0)
(0.0118604 -2.34641e-11 0)
(0.0118604 -1.83245e-11 0)
(0.0118604 -1.41931e-11 0)
(0.0118604 -1.08922e-11 0)
(0.0118604 -8.27603e-12 0)
(0.0118604 -6.21664e-12 0)
(0.0118604 -4.60745e-12 0)
(0.0118604 -3.36083e-12 0)
(0.0118604 -2.40337e-12 0)
(0.0118604 -1.67602e-12 0)
(0.0118604 -1.13094e-12 0)
(0.0118604 -7.2566e-13 0)
(0.0118604 -4.29417e-13 0)
(0.0118604 -2.17938e-13 0)
(0.0118604 -6.84518e-14 0)
(0.0118604 3.3266e-14 0)
(0.0118604 9.98327e-14 0)
(0.0118604 1.40924e-13 0)
(0.0118604 1.6072e-13 0)
(0.0118604 1.68513e-13 0)
(0.0118604 1.65213e-13 0)
(0.0118604 1.5766e-13 0)
(0.0118604 1.45874e-13 0)
(0.0118604 1.31267e-13 0)
(0.0118604 1.16525e-13 0)
(0.0118604 1.00552e-13 0)
(0.0118604 8.65601e-14 0)
(0.0118604 7.36909e-14 0)
(0.0118604 6.11101e-14 0)
(0.0118604 5.05917e-14 0)
(0.0118604 3.93108e-14 0)
(0.0118604 3.16023e-14 0)
(0.0118604 2.54245e-14 0)
(0.0118604 1.92275e-14 0)
(0.0118604 1.53464e-14 0)
(0.0118604 1.22066e-14 0)
(0.0118604 1.10605e-14 0)
(0.0118604 9.17633e-15 0)
(0.0118604 5.99348e-15 0)
(0.0118604 2.23501e-15 0)
(0.0118604 -2.76851e-15 0)
(0.0118604 -7.9858e-15 0)
(0.0118604 -1.52574e-14 0)
(0.0118604 -2.22113e-14 0)
(0.0118604 -3.15766e-14 0)
(0.0118604 -4.19423e-14 0)
(0.0118604 -5.51275e-14 0)
(0.0118604 -7.20814e-14 0)
(0.0118604 -9.12397e-14 0)
(0.0118604 -1.19869e-13 0)
(0.0118604 -1.57263e-13 0)
(0.0118604 -2.07309e-13 0)
(0.0118604 -2.86465e-13 0)
(0.0118604 -3.58073e-13 0)
(0.0118604 -5.76175e-13 0)
(0.0118604 -5.72734e-13 0)
(0.0118604 -1.25495e-12 0)
(0.0118604 -9.62241e-13 0)
(0.0118604 -1.60776e-12 0)
(0.0118604 -3.13768e-12 0)
)
;

boundaryField
{
    inlet
    {
        type            fixedProfile;
        profile         table
        
21
(
(0 (0 0 0))
(0.05 (0.0285 0 0))
(0.1 (0.054 0 0))
(0.15 (0.0765 0 0))
(0.2 (0.096 0 0))
(0.25 (0.1125 0 0))
(0.3 (0.126 0 0))
(0.35 (0.1365 0 0))
(0.4 (0.144 0 0))
(0.45 (0.1485 0 0))
(0.5 (0.15 0 0))
(0.55 (0.1485 0 0))
(0.6 (0.144 0 0))
(0.65 (0.1365 0 0))
(0.7 (0.126 0 0))
(0.75 (0.1125 0 0))
(0.8 (0.096 0 0))
(0.85 (0.0765 0 0))
(0.9 (0.054 0 0))
(0.95 (0.0285 0 0))
(1 (0 0 0))
)
;
        direction       (0 1 0);
        origin          1;
        value           nonuniform List<vector> 8((0.034875 0 0) (0.091125 0 0) (0.128625 0 0) (0.147375 0 0) (0.147375 0 0) (0.128625 0 0) (0.091125 0 0) (0.034875 0 0));
    }
    outlet
    {
        type            zeroGradient;
    }
    walls
    {
        type            noSlip;
    }
    symwall
    {
        type            empty;
    }
}


// ************************************************************************* //
