/*--------------------------------*- C++ -*----------------------------------*\
| =========                 |                                                 |
| \\      /  F ield         | OpenFOAM: The Open Source CFD Toolbox           |
|  \\    /   O peration     | Version:  4.1                                   |
|   \\  /    A nd           | Web:      www.OpenFOAM.org                      |
|    \\/     M anipulation  |                                                 |
\*---------------------------------------------------------------------------*/
FoamFile
{
    version     2.0;
    format      ascii;
    class       volVectorField;
    location    "863";
    object      U;
}
// * * * * * * * * * * * * * * * * * * * * * * * * * * * * * * * * * * * * * //

dimensions      [0 1 -1 0 0 0 0];

internalField   nonuniform List<vector> 
3264
(
(-2.66569e-06 -4.76406e-07 0)
(-0.000133199 3.05685e-05 0)
(-0.000389823 4.86693e-05 0)
(-0.000677074 5.10071e-05 0)
(-0.000978976 5.27299e-05 0)
(-0.00128489 5.21309e-05 0)
(-0.00158947 5.34234e-05 0)
(-0.00189407 5.40554e-05 0)
(-0.00219406 5.51432e-05 0)
(-0.00249014 5.57475e-05 0)
(-0.0027797 5.62775e-05 0)
(-0.00306291 5.64876e-05 0)
(-0.00333867 5.6539e-05 0)
(-0.003607 5.63921e-05 0)
(-0.00386754 5.61185e-05 0)
(-0.00412034 5.57288e-05 0)
(-0.00436532 5.52593e-05 0)
(-0.00460257 5.47262e-05 0)
(-0.00483214 5.41496e-05 0)
(-0.0050541 5.35415e-05 0)
(-0.00526852 5.29126e-05 0)
(-0.00547549 5.22697e-05 0)
(-0.00567503 5.16175e-05 0)
(-0.00586719 5.09583e-05 0)
(-0.00605196 5.02922e-05 0)
(-0.0062293 4.96171e-05 0)
(-0.00639915 4.89292e-05 0)
(-0.0065614 4.82222e-05 0)
(-0.00671588 4.7488e-05 0)
(-0.00686239 4.67163e-05 0)
(-0.00700067 4.58946e-05 0)
(-0.0071304 4.50085e-05 0)
(-0.0072512 4.40411e-05 0)
(-0.00736264 4.29741e-05 0)
(-0.00746422 4.17869e-05 0)
(-0.00755538 4.04579e-05 0)
(-0.00763551 3.89641e-05 0)
(-0.00770392 3.7282e-05 0)
(-0.00775992 3.53882e-05 0)
(-0.00780272 3.32595e-05 0)
(-0.00783153 3.08743e-05 0)
(-0.00784554 2.82131e-05 0)
(-0.00784391 2.52591e-05 0)
(-0.0078258 2.19992e-05 0)
(-0.00779041 1.84249e-05 0)
(-0.00773695 1.45324e-05 0)
(-0.00766468 1.0324e-05 0)
(-0.00757294 5.80798e-06 0)
(-0.00746114 9.99173e-07 0)
(-0.00732879 -4.08091e-06 0)
(-0.0071755 -9.40412e-06 0)
(-0.00700102 -1.49358e-05 0)
(-0.00680525 -2.06353e-05 0)
(-0.00658822 -2.64565e-05 0)
(-0.00635011 -3.23482e-05 0)
(-0.0060913 -3.82556e-05 0)
(-0.00581231 -4.41208e-05 0)
(-0.00551384 -4.98841e-05 0)
(-0.00519674 -5.54852e-05 0)
(-0.00486205 -6.0864e-05 0)
(-0.00451094 -6.59625e-05 0)
(-0.00414475 -7.07251e-05 0)
(-0.00376492 -7.51007e-05 0)
(-0.00337304 -7.90428e-05 0)
(-0.00297078 -8.25111e-05 0)
(-0.0025599 -8.5472e-05 0)
(-0.00214224 -8.78992e-05 0)
(-0.00171966 -8.97744e-05 0)
(-0.00129405 -9.10874e-05 0)
(-0.000867312 -9.18363e-05 0)
(-0.000441305 -9.20276e-05 0)
(-1.78624e-05 -9.16753e-05 0)
(0.000401248 -9.08014e-05 0)
(0.000814341 -8.94346e-05 0)
(0.00121983 -8.76096e-05 0)
(0.00161624 -8.53666e-05 0)
(0.00200222 -8.275e-05 0)
(0.00237657 -7.98074e-05 0)
(0.00273822 -7.65888e-05 0)
(0.00308626 -7.3145e-05 0)
(0.00341994 -6.95271e-05 0)
(0.00373866 -6.57853e-05 0)
(0.00404197 -6.19677e-05 0)
(0.00432958 -5.81202e-05 0)
(0.00460135 -5.4285e-05 0)
(0.00485726 -5.05006e-05 0)
(0.00509743 -4.68014e-05 0)
(0.00532208 -4.32171e-05 0)
(0.00553156 -3.97728e-05 0)
(0.00572629 -3.6489e-05 0)
(0.00590678 -3.33818e-05 0)
(0.00607359 -3.04627e-05 0)
(0.00622737 -2.77395e-05 0)
(0.00636878 -2.52161e-05 0)
(0.00649852 -2.28933e-05 0)
(0.0066173 -2.07688e-05 0)
(0.00672586 -1.88381e-05 0)
(0.00682493 -1.70946e-05 0)
(0.00691522 -1.553e-05 0)
(0.00699744 -1.41349e-05 0)
(0.00707228 -1.28989e-05 0)
(0.0071404 -1.18111e-05 0)
(0.00720244 -1.08604e-05 0)
(0.00725899 -1.00353e-05 0)
(0.00731062 -9.32477e-06 0)
(0.00735787 -8.7178e-06 0)
(0.00740122 -8.2039e-06 0)
(0.00744114 -7.77305e-06 0)
(0.00747804 -7.41576e-06 0)
(0.00751233 -7.12318e-06 0)
(0.00754434 -6.88705e-06 0)
(0.00757439 -6.69978e-06 0)
(0.00760278 -6.55436e-06 0)
(0.00762976 -6.44446e-06 0)
(0.00765555 -6.36431e-06 0)
(0.00768036 -6.30871e-06 0)
(0.00770437 -6.27302e-06 0)
(0.00772773 -6.2531e-06 0)
(0.00775056 -6.24528e-06 0)
(0.00777299 -6.24636e-06 0)
(0.00779511 -6.25351e-06 0)
(0.00781699 -6.26429e-06 0)
(0.00783871 -6.27661e-06 0)
(0.00786031 -6.28869e-06 0)
(0.00788184 -6.29903e-06 0)
(0.00790332 -6.30638e-06 0)
(0.00792477 -6.30973e-06 0)
(0.00794621 -6.30827e-06 0)
(0.00796764 -6.30137e-06 0)
(0.00798907 -6.28857e-06 0)
(0.00801049 -6.26954e-06 0)
(0.00803189 -6.24411e-06 0)
(0.00805326 -6.21217e-06 0)
(0.00807458 -6.17374e-06 0)
(0.00809583 -6.12891e-06 0)
(0.00811701 -6.07784e-06 0)
(0.00813808 -6.02074e-06 0)
(0.00815903 -5.95788e-06 0)
(0.00817984 -5.88955e-06 0)
(0.00820048 -5.81609e-06 0)
(0.00822094 -5.73785e-06 0)
(0.00824119 -5.6552e-06 0)
(0.00826121 -5.56851e-06 0)
(0.00828099 -5.47818e-06 0)
(0.0083005 -5.38458e-06 0)
(0.00831973 -5.2881e-06 0)
(0.00833867 -5.18911e-06 0)
(0.00835729 -5.08797e-06 0)
(0.00837559 -4.98504e-06 0)
(0.00839356 -4.88067e-06 0)
(0.00841117 -4.77516e-06 0)
(0.00842842 -4.66885e-06 0)
(0.00844531 -4.56201e-06 0)
(0.00846182 -4.45492e-06 0)
(0.00847795 -4.34785e-06 0)
(0.00849369 -4.24101e-06 0)
(0.00850905 -4.13465e-06 0)
(0.00852401 -4.02895e-06 0)
(0.00853858 -3.92411e-06 0)
(0.00855275 -3.82029e-06 0)
(0.00856653 -3.71765e-06 0)
(0.00857991 -3.61631e-06 0)
(0.0085929 -3.51639e-06 0)
(0.00860549 -3.418e-06 0)
(0.0086177 -3.32123e-06 0)
(0.00862953 -3.22615e-06 0)
(0.00864098 -3.13282e-06 0)
(0.00865205 -3.0413e-06 0)
(0.00866275 -2.95162e-06 0)
(0.00867309 -2.8638e-06 0)
(0.00868307 -2.77786e-06 0)
(0.00869271 -2.6938e-06 0)
(0.00870199 -2.61161e-06 0)
(0.00871094 -2.53126e-06 0)
(0.00871956 -2.45273e-06 0)
(0.00872786 -2.37597e-06 0)
(0.00873583 -2.3009e-06 0)
(0.00874351 -2.22744e-06 0)
(0.00875087 -2.15549e-06 0)
(0.00875795 -2.08491e-06 0)
(0.00876473 -2.01551e-06 0)
(0.00877123 -1.94706e-06 0)
(0.00877746 -1.87926e-06 0)
(0.00878341 -1.81168e-06 0)
(0.00878909 -1.74376e-06 0)
(0.0087945 -1.67473e-06 0)
(0.00879964 -1.6035e-06 0)
(0.00880451 -1.5286e-06 0)
(0.0088091 -1.4477e-06 0)
(0.00881338 -1.35845e-06 0)
(0.00881733 -1.25422e-06 0)
(0.00882092 -1.13571e-06 0)
(0.00882409 -9.74733e-07 0)
(0.00882668 -8.07553e-07 0)
(0.00882883 -5.03845e-07 0)
(0.00882956 -2.59665e-07 0)
(0.0088307 3.18063e-07 0)
(0.00882686 9.66498e-07 0)
(0.00882812 1.29853e-06 0)
(0.00881413 5.16438e-06 0)
(-8.33572e-05 0.000136423 0)
(-0.000582904 0.000379262 0)
(-0.00131133 0.000518324 0)
(-0.00208592 0.000562403 0)
(-0.00286557 0.000583349 0)
(-0.00363339 0.000585033 0)
(-0.00437605 0.000584936 0)
(-0.00509641 0.000578192 0)
(-0.00578728 0.000569195 0)
(-0.0064508 0.000556932 0)
(-0.00708428 0.000543189 0)
(-0.0076891 0.000528147 0)
(-0.00826488 0.000512524 0)
(-0.00881273 0.000496548 0)
(-0.00933311 0.000480495 0)
(-0.00982693 0.000464487 0)
(-0.0102949 0.00044862 0)
(-0.0107377 0.000432935 0)
(-0.0111559 0.000417448 0)
(-0.0115502 0.000402152 0)
(-0.011921 0.000387026 0)
(-0.0122686 0.000372033 0)
(-0.0125933 0.000357125 0)
(-0.0128953 0.000342247 0)
(-0.0131747 0.000327335 0)
(-0.0134314 0.000312314 0)
(-0.0136654 0.000297105 0)
(-0.0138763 0.000281622 0)
(-0.0140639 0.000265769 0)
(-0.0142277 0.000249449 0)
(-0.0143673 0.000232558 0)
(-0.0144819 0.000214988 0)
(-0.0145709 0.00019663 0)
(-0.0146335 0.000177376 0)
(-0.0146689 0.000157118 0)
(-0.014676 0.000135755 0)
(-0.014654 0.000113191 0)
(-0.0146017 8.93421e-05 0)
(-0.0145183 6.41356e-05 0)
(-0.0144025 3.75157e-05 0)
(-0.0142535 9.44499e-06 0)
(-0.0140703 -2.00926e-05 0)
(-0.0138518 -5.10895e-05 0)
(-0.0135972 -8.35123e-05 0)
(-0.0133059 -0.000117301 0)
(-0.0129771 -0.000152366 0)
(-0.0126105 -0.000188592 0)
(-0.0122055 -0.000225832 0)
(-0.0117622 -0.000263913 0)
(-0.0112805 -0.000302637 0)
(-0.0107607 -0.000341781 0)
(-0.0102033 -0.0003811 0)
(-0.00960897 -0.000420332 0)
(-0.00897861 -0.000459199 0)
(-0.0083134 -0.000497414 0)
(-0.00761474 -0.000534682 0)
(-0.00688423 -0.000570708 0)
(-0.00612373 -0.000605196 0)
(-0.00533529 -0.000637861 0)
(-0.00452116 -0.000668428 0)
(-0.00368378 -0.000696636 0)
(-0.00282576 -0.000722247 0)
(-0.00194985 -0.000745045 0)
(-0.00105892 -0.000764844 0)
(-0.000155956 -0.000781485 0)
(0.000755996 -0.000794844 0)
(0.00167383 -0.000804832 0)
(0.00259443 -0.000811395 0)
(0.00351468 -0.000814519 0)
(0.00443148 -0.000814225 0)
(0.00534182 -0.000810571 0)
(0.00624275 -0.000803652 0)
(0.00713146 -0.000793595 0)
(0.00800524 -0.00078056 0)
(0.00886156 -0.000764737 0)
(0.00969806 -0.000746337 0)
(0.0105126 -0.000725598 0)
(0.0113032 -0.000702771 0)
(0.0120681 -0.000678122 0)
(0.0128058 -0.000651926 0)
(0.0135151 -0.000624461 0)
(0.0141948 -0.000596007 0)
(0.0148443 -0.000566839 0)
(0.0154629 -0.000537223 0)
(0.0160503 -0.000507415 0)
(0.0166063 -0.000477655 0)
(0.0171311 -0.000448168 0)
(0.0176249 -0.000419156 0)
(0.0180881 -0.000390805 0)
(0.0185215 -0.000363276 0)
(0.0189256 -0.000336709 0)
(0.0193016 -0.000311219 0)
(0.0196502 -0.000286902 0)
(0.0199727 -0.000263831 0)
(0.0202702 -0.000242059 0)
(0.0205439 -0.000221619 0)
(0.0207952 -0.000202528 0)
(0.0210253 -0.000184786 0)
(0.0212355 -0.000168379 0)
(0.0214272 -0.000153281 0)
(0.0216017 -0.000139455 0)
(0.0217603 -0.000126857 0)
(0.0219041 -0.000115433 0)
(0.0220345 -0.000105125 0)
(0.0221526 -9.58725e-05 0)
(0.0222596 -8.76091e-05 0)
(0.0223564 -8.0269e-05 0)
(0.0224441 -7.3785e-05 0)
(0.0225237 -6.80907e-05 0)
(0.0225961 -6.31204e-05 0)
(0.022662 -5.88103e-05 0)
(0.0227222 -5.50988e-05 0)
(0.0227774 -5.19269e-05 0)
(0.0228284 -4.92386e-05 0)
(0.0228756 -4.69808e-05 0)
(0.0229196 -4.51039e-05 0)
(0.0229608 -4.35615e-05 0)
(0.0229998 -4.23107e-05 0)
(0.0230369 -4.13118e-05 0)
(0.0230724 -4.05284e-05 0)
(0.0231066 -3.99273e-05 0)
(0.0231397 -3.94784e-05 0)
(0.0231721 -3.91543e-05 0)
(0.0232038 -3.89307e-05 0)
(0.0232352 -3.87857e-05 0)
(0.0232661 -3.86998e-05 0)
(0.0232969 -3.8656e-05 0)
(0.0233276 -3.86394e-05 0)
(0.0233581 -3.86369e-05 0)
(0.0233887 -3.86373e-05 0)
(0.0234193 -3.86311e-05 0)
(0.02345 -3.86103e-05 0)
(0.0234807 -3.85683e-05 0)
(0.0235114 -3.84997e-05 0)
(0.0235423 -3.84002e-05 0)
(0.0235731 -3.82665e-05 0)
(0.0236039 -3.80962e-05 0)
(0.0236347 -3.78879e-05 0)
(0.0236655 -3.76405e-05 0)
(0.0236961 -3.73538e-05 0)
(0.0237267 -3.7028e-05 0)
(0.0237571 -3.66639e-05 0)
(0.0237872 -3.62623e-05 0)
(0.0238172 -3.58249e-05 0)
(0.0238468 -3.53531e-05 0)
(0.0238761 -3.48488e-05 0)
(0.0239051 -3.43142e-05 0)
(0.0239337 -3.37512e-05 0)
(0.0239618 -3.31622e-05 0)
(0.0239895 -3.25494e-05 0)
(0.0240168 -3.19152e-05 0)
(0.0240435 -3.12619e-05 0)
(0.0240696 -3.05919e-05 0)
(0.0240952 -2.99073e-05 0)
(0.0241202 -2.92104e-05 0)
(0.0241446 -2.85034e-05 0)
(0.0241684 -2.77883e-05 0)
(0.0241916 -2.70673e-05 0)
(0.0242141 -2.63421e-05 0)
(0.0242359 -2.56147e-05 0)
(0.0242571 -2.48868e-05 0)
(0.0242776 -2.41599e-05 0)
(0.0242974 -2.34356e-05 0)
(0.0243165 -2.27154e-05 0)
(0.024335 -2.20006e-05 0)
(0.0243528 -2.12923e-05 0)
(0.0243699 -2.05918e-05 0)
(0.0243863 -1.98999e-05 0)
(0.0244021 -1.92178e-05 0)
(0.0244172 -1.85461e-05 0)
(0.0244316 -1.78856e-05 0)
(0.0244454 -1.72369e-05 0)
(0.0244586 -1.66005e-05 0)
(0.0244711 -1.59769e-05 0)
(0.024483 -1.53665e-05 0)
(0.0244944 -1.47693e-05 0)
(0.0245051 -1.41855e-05 0)
(0.0245153 -1.3615e-05 0)
(0.0245248 -1.30577e-05 0)
(0.0245339 -1.25131e-05 0)
(0.0245424 -1.19806e-05 0)
(0.0245504 -1.14593e-05 0)
(0.0245578 -1.09479e-05 0)
(0.0245648 -1.04445e-05 0)
(0.0245713 -9.94669e-06 0)
(0.0245772 -9.45089e-06 0)
(0.0245827 -8.95229e-06 0)
(0.0245878 -8.444e-06 0)
(0.0245923 -7.9166e-06 0)
(0.0245963 -7.35672e-06 0)
(0.0245999 -6.74317e-06 0)
(0.0246028 -6.05856e-06 0)
(0.0246051 -5.22735e-06 0)
(0.0246067 -4.30837e-06 0)
(0.0246074 -2.91519e-06 0)
(0.0246069 -1.65432e-06 0)
(0.0246053 1.00227e-06 0)
(0.0246004 3.38263e-06 0)
(0.0245974 6.23207e-06 0)
(0.0245807 1.68301e-05 0)
(-0.000178826 0.000644966 0)
(-0.00104291 0.00125397 0)
(-0.00216755 0.00153285 0)
(-0.0033046 0.00157423 0)
(-0.00439266 0.00156932 0)
(-0.00542108 0.00152596 0)
(-0.00637417 0.00148226 0)
(-0.00726302 0.00142979 0)
(-0.00808421 0.0013764 0)
(-0.00884589 0.00132043 0)
(-0.00954941 0.0012644 0)
(-0.0101999 0.00120847 0)
(-0.0107998 0.00115347 0)
(-0.0113524 0.00109958 0)
(-0.0118601 0.00104699 0)
(-0.0123252 0.000995719 0)
(-0.0127495 0.000945729 0)
(-0.0131345 0.000896921 0)
(-0.0134817 0.000849167 0)
(-0.0137922 0.000802316 0)
(-0.0140668 0.000756204 0)
(-0.0143063 0.000710655 0)
(-0.0145112 0.000665486 0)
(-0.0146819 0.000620508 0)
(-0.0148186 0.000575525 0)
(-0.0149215 0.00053034 0)
(-0.0149904 0.000484749 0)
(-0.0150253 0.000438549 0)
(-0.0150259 0.000391534 0)
(-0.0149918 0.000343499 0)
(-0.0149225 0.000294244 0)
(-0.0148177 0.000243573 0)
(-0.0146766 0.000191299 0)
(-0.0144987 0.00013725 0)
(-0.0142833 8.12683e-05 0)
(-0.0140297 2.32161e-05 0)
(-0.0137373 -3.70185e-05 0)
(-0.0134054 -9.95194e-05 0)
(-0.0130333 -0.000164338 0)
(-0.0126204 -0.000231489 0)
(-0.0121664 -0.000300948 0)
(-0.0116707 -0.000372648 0)
(-0.0111331 -0.000446477 0)
(-0.0105533 -0.000522278 0)
(-0.00993142 -0.000599847 0)
(-0.00926745 -0.000678934 0)
(-0.00856174 -0.000759243 0)
(-0.00781474 -0.000840434 0)
(-0.00702713 -0.00092213 0)
(-0.00619977 -0.00100391 0)
(-0.00533373 -0.00108534 0)
(-0.0044303 -0.00116593 0)
(-0.00349098 -0.00124518 0)
(-0.00251748 -0.0013226 0)
(-0.0015117 -0.00139765 0)
(-0.000475766 -0.00146981 0)
(0.00058802 -0.00153857 0)
(0.00167717 -0.00160341 0)
(0.00278902 -0.00166387 0)
(0.00392076 -0.00171948 0)
(0.00506944 -0.0017698 0)
(0.00623201 -0.00181447 0)
(0.00740529 -0.00185313 0)
(0.00858605 -0.0018855 0)
(0.009771 -0.00191134 0)
(0.0109568 -0.00193047 0)
(0.0121402 -0.00194279 0)
(0.0133179 -0.00194824 0)
(0.0144866 -0.00194683 0)
(0.0156432 -0.00193864 0)
(0.0167846 -0.00192382 0)
(0.0179078 -0.00190257 0)
(0.0190101 -0.00187515 0)
(0.0200888 -0.00184188 0)
(0.0211415 -0.00180313 0)
(0.022166 -0.0017593 0)
(0.0231601 -0.00171085 0)
(0.0241222 -0.00165826 0)
(0.0250505 -0.00160203 0)
(0.0259439 -0.00154268 0)
(0.0268011 -0.00148074 0)
(0.0276213 -0.00141674 0)
(0.028404 -0.00135121 0)
(0.0291487 -0.00128466 0)
(0.0298553 -0.00121759 0)
(0.0305238 -0.00115047 0)
(0.0311545 -0.00108375 0)
(0.0317478 -0.00101783 0)
(0.0323044 -0.000953096 0)
(0.032825 -0.000889884 0)
(0.0333106 -0.000828493 0)
(0.0337621 -0.000769183 0)
(0.0341808 -0.000712174 0)
(0.0345679 -0.000657646 0)
(0.0349248 -0.00060574 0)
(0.0352528 -0.000556561 0)
(0.0355533 -0.00051018 0)
(0.0358279 -0.000466635 0)
(0.036078 -0.000425935 0)
(0.036305 -0.000388063 0)
(0.0365106 -0.000352976 0)
(0.0366961 -0.000320613 0)
(0.0368629 -0.000290895 0)
(0.0370126 -0.000263726 0)
(0.0371464 -0.000239 0)
(0.0372656 -0.0002166 0)
(0.0373716 -0.000196403 0)
(0.0374654 -0.000178279 0)
(0.0375484 -0.000162099 0)
(0.0376214 -0.000147727 0)
(0.0376857 -0.000135033 0)
(0.0377421 -0.000123885 0)
(0.0377914 -0.000114155 0)
(0.0378346 -0.00010572 0)
(0.0378724 -9.84578e-05 0)
(0.0379055 -9.22558e-05 0)
(0.0379346 -8.70047e-05 0)
(0.0379601 -8.26017e-05 0)
(0.0379827 -7.89502e-05 0)
(0.0380029 -7.59599e-05 0)
(0.038021 -7.3547e-05 0)
(0.0380374 -7.16338e-05 0)
(0.0380525 -7.0149e-05 0)
(0.0380666 -6.90273e-05 0)
(0.0380799 -6.82091e-05 0)
(0.0380926 -6.76408e-05 0)
(0.0381049 -6.72736e-05 0)
(0.0381171 -6.70641e-05 0)
(0.0381292 -6.69737e-05 0)
(0.0381413 -6.69681e-05 0)
(0.0381535 -6.70173e-05 0)
(0.0381659 -6.7095e-05 0)
(0.0381785 -6.71787e-05 0)
(0.0381914 -6.72489e-05 0)
(0.0382045 -6.72895e-05 0)
(0.038218 -6.72868e-05 0)
(0.0382317 -6.72297e-05 0)
(0.0382457 -6.71094e-05 0)
(0.0382599 -6.69191e-05 0)
(0.0382744 -6.66537e-05 0)
(0.0382891 -6.63097e-05 0)
(0.0383039 -6.58852e-05 0)
(0.0383188 -6.53794e-05 0)
(0.0383338 -6.47925e-05 0)
(0.0383488 -6.41257e-05 0)
(0.0383639 -6.3381e-05 0)
(0.0383788 -6.25611e-05 0)
(0.0383937 -6.16692e-05 0)
(0.0384085 -6.07089e-05 0)
(0.038423 -5.96843e-05 0)
(0.0384374 -5.85996e-05 0)
(0.0384514 -5.74594e-05 0)
(0.0384652 -5.62682e-05 0)
(0.0384787 -5.50309e-05 0)
(0.0384918 -5.37521e-05 0)
(0.0385045 -5.24365e-05 0)
(0.0385167 -5.10889e-05 0)
(0.0385285 -4.97139e-05 0)
(0.0385399 -4.83159e-05 0)
(0.0385508 -4.68994e-05 0)
(0.0385611 -4.54686e-05 0)
(0.0385709 -4.40275e-05 0)
(0.0385802 -4.25799e-05 0)
(0.0385889 -4.11297e-05 0)
(0.0385971 -3.96804e-05 0)
(0.0386047 -3.82351e-05 0)
(0.0386117 -3.67971e-05 0)
(0.0386181 -3.53693e-05 0)
(0.038624 -3.39543e-05 0)
(0.0386292 -3.25547e-05 0)
(0.0386339 -3.11727e-05 0)
(0.038638 -2.98104e-05 0)
(0.0386416 -2.84698e-05 0)
(0.0386445 -2.71523e-05 0)
(0.0386469 -2.58595e-05 0)
(0.0386488 -2.45925e-05 0)
(0.0386501 -2.33523e-05 0)
(0.0386509 -2.21394e-05 0)
(0.0386511 -2.09542e-05 0)
(0.0386509 -1.97967e-05 0)
(0.0386501 -1.86663e-05 0)
(0.0386489 -1.75622e-05 0)
(0.0386472 -1.64825e-05 0)
(0.0386451 -1.54247e-05 0)
(0.0386425 -1.43852e-05 0)
(0.0386394 -1.33586e-05 0)
(0.038636 -1.23374e-05 0)
(0.0386321 -1.13111e-05 0)
(0.0386278 -1.02651e-05 0)
(0.038623 -9.17754e-06 0)
(0.0386179 -8.02081e-06 0)
(0.0386122 -6.74943e-06 0)
(0.0386061 -5.30177e-06 0)
(0.0385994 -3.6204e-06 0)
(0.0385921 -1.44962e-06 0)
(0.0385841 9.63679e-07 0)
(0.0385749 4.88828e-06 0)
(0.0385643 8.91299e-06 0)
(0.0385535 1.42731e-05 0)
(0.0385332 2.88713e-05 0)
(-0.000305513 0.00126142 0)
(-0.0015161 0.00231475 0)
(-0.0028697 0.00272273 0)
(-0.00413646 0.00273253 0)
(-0.00523508 0.0026602 0)
(-0.00621468 0.00253061 0)
(-0.00706144 0.00240128 0)
(-0.00780897 0.0022658 0)
(-0.0084588 0.00213511 0)
(-0.00902769 0.00200775 0)
(-0.0095209 0.00188599 0)
(-0.00994744 0.00176941 0)
(-0.0103122 0.00165813 0)
(-0.0106205 0.00155168 0)
(-0.0108759 0.00144967 0)
(-0.011082 0.00135159 0)
(-0.0112413 0.00125696 0)
(-0.0113559 0.00116533 0)
(-0.0114277 0.00107623 0)
(-0.011458 0.000989238 0)
(-0.0114481 0.000903941 0)
(-0.0113988 0.000819949 0)
(-0.0113109 0.000736889 0)
(-0.0111848 0.000654401 0)
(-0.0110208 0.00057214 0)
(-0.0108193 0.000489774 0)
(-0.0105802 0.000406979 0)
(-0.0103035 0.000323448 0)
(-0.00998916 0.000238883 0)
(-0.00963697 0.000153004 0)
(-0.0092467 6.55468e-05 0)
(-0.00881807 -2.37336e-05 0)
(-0.00835079 -0.000115057 0)
(-0.00784454 -0.000208618 0)
(-0.00729903 -0.000304577 0)
(-0.00671398 -0.000403061 0)
(-0.00608915 -0.000504157 0)
(-0.00542435 -0.000607905 0)
(-0.00471948 -0.0007143 0)
(-0.0039745 -0.000823284 0)
(-0.00318948 -0.000934744 0)
(-0.00236461 -0.00104851 0)
(-0.00150021 -0.00116435 0)
(-0.000596709 -0.00128199 0)
(0.000345277 -0.00140107 0)
(0.00132499 -0.00152119 0)
(0.00234151 -0.0016419 0)
(0.00339374 -0.00176267 0)
(0.00448038 -0.00188296 0)
(0.0056 -0.00200216 0)
(0.00675093 -0.00211963 0)
(0.00793135 -0.00223472 0)
(0.00913925 -0.00234672 0)
(0.0103724 -0.00245494 0)
(0.0116286 -0.00255867 0)
(0.0129051 -0.0026572 0)
(0.0141994 -0.00274985 0)
(0.0155087 -0.00283595 0)
(0.01683 -0.00291486 0)
(0.0181602 -0.00298598 0)
(0.0194962 -0.00304877 0)
(0.0208349 -0.00310274 0)
(0.0221729 -0.00314746 0)
(0.023507 -0.00318259 0)
(0.0248338 -0.00320785 0)
(0.0261502 -0.00322305 0)
(0.0274528 -0.00322808 0)
(0.0287386 -0.00322294 0)
(0.0300044 -0.0032077 0)
(0.0312473 -0.00318253 0)
(0.0324646 -0.00314769 0)
(0.0336534 -0.00310352 0)
(0.0348115 -0.00305043 0)
(0.0359365 -0.00298894 0)
(0.0370265 -0.0029196 0)
(0.0380795 -0.00284305 0)
(0.039094 -0.00275997 0)
(0.0400687 -0.00267106 0)
(0.0410026 -0.00257709 0)
(0.0418947 -0.00247882 0)
(0.0427445 -0.00237703 0)
(0.0435517 -0.00227251 0)
(0.0443162 -0.00216601 0)
(0.045038 -0.00205829 0)
(0.0457176 -0.00195008 0)
(0.0463554 -0.00184205 0)
(0.0469521 -0.00173485 0)
(0.0475087 -0.00162908 0)
(0.0480261 -0.00152528 0)
(0.0485055 -0.00142393 0)
(0.0489482 -0.00132548 0)
(0.0493554 -0.0012303 0)
(0.0497287 -0.0011387 0)
(0.0500696 -0.00105095 0)
(0.0503795 -0.000967256 0)
(0.0506601 -0.000887773 0)
(0.0509129 -0.000812607 0)
(0.0511396 -0.00074182 0)
(0.0513416 -0.000675429 0)
(0.0515207 -0.000613415 0)
(0.0516783 -0.000555725 0)
(0.051816 -0.000502273 0)
(0.0519352 -0.000452951 0)
(0.0520374 -0.000407627 0)
(0.0521239 -0.000366149 0)
(0.052196 -0.000328352 0)
(0.0522551 -0.000294059 0)
(0.0523022 -0.000263085 0)
(0.0523387 -0.000235237 0)
(0.0523654 -0.000210322 0)
(0.0523835 -0.000188143 0)
(0.0523939 -0.000168506 0)
(0.0523975 -0.000151219 0)
(0.0523951 -0.000136094 0)
(0.0523875 -0.000122949 0)
(0.0523754 -0.000111608 0)
(0.0523594 -0.000101903 0)
(0.0523401 -9.36717e-05 0)
(0.052318 -8.67634e-05 0)
(0.0522937 -8.10341e-05 0)
(0.0522676 -7.6349e-05 0)
(0.0522401 -7.25826e-05 0)
(0.0522115 -6.96179e-05 0)
(0.0521822 -6.73471e-05 0)
(0.0521524 -6.56708e-05 0)
(0.0521224 -6.4498e-05 0)
(0.0520923 -6.37458e-05 0)
(0.0520624 -6.33391e-05 0)
(0.0520328 -6.32102e-05 0)
(0.0520036 -6.32981e-05 0)
(0.051975 -6.35489e-05 0)
(0.051947 -6.39144e-05 0)
(0.0519196 -6.43524e-05 0)
(0.051893 -6.48262e-05 0)
(0.0518671 -6.53038e-05 0)
(0.0518421 -6.57579e-05 0)
(0.0518178 -6.61654e-05 0)
(0.0517942 -6.6507e-05 0)
(0.0517715 -6.6767e-05 0)
(0.0517495 -6.69327e-05 0)
(0.0517282 -6.69942e-05 0)
(0.0517076 -6.69443e-05 0)
(0.0516877 -6.6778e-05 0)
(0.0516684 -6.64922e-05 0)
(0.0516497 -6.60856e-05 0)
(0.0516315 -6.55585e-05 0)
(0.0516138 -6.49124e-05 0)
(0.0515966 -6.41501e-05 0)
(0.0515797 -6.32751e-05 0)
(0.0515633 -6.2292e-05 0)
(0.0515471 -6.12058e-05 0)
(0.0515312 -6.00222e-05 0)
(0.0515156 -5.87471e-05 0)
(0.0515001 -5.73871e-05 0)
(0.0514848 -5.59487e-05 0)
(0.0514695 -5.44385e-05 0)
(0.0514544 -5.28634e-05 0)
(0.0514393 -5.12302e-05 0)
(0.0514242 -4.95456e-05 0)
(0.0514091 -4.78163e-05 0)
(0.0513939 -4.60489e-05 0)
(0.0513787 -4.42497e-05 0)
(0.0513634 -4.24248e-05 0)
(0.0513479 -4.05802e-05 0)
(0.0513323 -3.87218e-05 0)
(0.0513166 -3.68549e-05 0)
(0.0513007 -3.49848e-05 0)
(0.0512846 -3.31165e-05 0)
(0.0512683 -3.12546e-05 0)
(0.0512518 -2.94035e-05 0)
(0.0512351 -2.75674e-05 0)
(0.0512182 -2.575e-05 0)
(0.0512011 -2.39549e-05 0)
(0.0511837 -2.21853e-05 0)
(0.0511661 -2.0444e-05 0)
(0.0511483 -1.87335e-05 0)
(0.0511303 -1.70561e-05 0)
(0.051112 -1.54134e-05 0)
(0.0510935 -1.38069e-05 0)
(0.0510748 -1.22373e-05 0)
(0.0510559 -1.0705e-05 0)
(0.0510368 -9.20948e-06 0)
(0.0510175 -7.7495e-06 0)
(0.050998 -6.32271e-06 0)
(0.0509784 -4.92535e-06 0)
(0.0509586 -3.55184e-06 0)
(0.0509386 -2.19399e-06 0)
(0.0509184 -8.40279e-07 0)
(0.0508981 5.25999e-07 0)
(0.0508776 1.92773e-06 0)
(0.050857 3.39914e-06 0)
(0.0508363 4.98581e-06 0)
(0.0508154 6.75912e-06 0)
(0.0507943 8.80813e-06 0)
(0.0507731 1.1307e-05 0)
(0.0507516 1.43314e-05 0)
(0.0507298 1.85959e-05 0)
(0.0507077 2.35476e-05 0)
(0.0506853 3.05299e-05 0)
(0.050657 4.66144e-05 0)
(-0.000404955 0.00246851 0)
(-0.00171875 0.00379486 0)
(-0.00298671 0.00413951 0)
(-0.00404959 0.00388805 0)
(-0.00482662 0.00361468 0)
(-0.0054287 0.00331186 0)
(-0.00585278 0.00304758 0)
(-0.00615846 0.00280071 0)
(-0.00635501 0.00257634 0)
(-0.00646862 0.0023682 0)
(-0.00650783 0.00217512 0)
(-0.00648465 0.00199461 0)
(-0.00640498 0.00182506 0)
(-0.00627496 0.00166488 0)
(-0.00609839 0.00151273 0)
(-0.00587873 0.00136743 0)
(-0.0056184 0.00122794 0)
(-0.00531947 0.00109333 0)
(-0.00498346 0.000962784 0)
(-0.00461159 0.000835561 0)
(-0.00420481 0.000710993 0)
(-0.00376381 0.000588474 0)
(-0.00328911 0.000467446 0)
(-0.00278106 0.000347391 0)
(-0.00223989 0.000227833 0)
(-0.00166571 0.000108323 0)
(-0.00105854 -1.15523e-05 0)
(-0.000418362 -0.00013218 0)
(0.000254929 -0.000253917 0)
(0.000961456 -0.00037709 0)
(0.00170136 -0.000501994 0)
(0.0024748 -0.000628889 0)
(0.0032819 -0.000757998 0)
(0.00412278 -0.000889502 0)
(0.00499752 -0.00102354 0)
(0.00590612 -0.0011602 0)
(0.00684856 -0.00129951 0)
(0.0078247 -0.00144146 0)
(0.00883433 -0.00158596 0)
(0.00987712 -0.00173286 0)
(0.0109527 -0.00188196 0)
(0.0120604 -0.00203297 0)
(0.0131996 -0.00218555 0)
(0.0143695 -0.00233928 0)
(0.0155691 -0.00249368 0)
(0.0167972 -0.00264821 0)
(0.0180526 -0.00280224 0)
(0.0193338 -0.00295511 0)
(0.0206392 -0.00310611 0)
(0.0219669 -0.00325447 0)
(0.0233152 -0.00339937 0)
(0.0246817 -0.00354 0)
(0.0260644 -0.0036755 0)
(0.0274607 -0.00380499 0)
(0.028868 -0.00392761 0)
(0.0302838 -0.00404251 0)
(0.0317051 -0.00414885 0)
(0.033129 -0.00424582 0)
(0.0345526 -0.00433267 0)
(0.0359726 -0.00440869 0)
(0.037386 -0.00447323 0)
(0.0387896 -0.00452575 0)
(0.0401801 -0.00456576 0)
(0.0415544 -0.00459287 0)
(0.0429093 -0.00460682 0)
(0.0442417 -0.00460742 0)
(0.0455486 -0.00459461 0)
(0.0468272 -0.00456845 0)
(0.0480747 -0.00452911 0)
(0.0492884 -0.00447688 0)
(0.0504661 -0.00441217 0)
(0.0516054 -0.00433549 0)
(0.0527044 -0.00424745 0)
(0.0537614 -0.00414876 0)
(0.0547748 -0.00404022 0)
(0.0557436 -0.0039227 0)
(0.0566665 -0.00379713 0)
(0.0575431 -0.00366449 0)
(0.0583727 -0.0035258 0)
(0.0591553 -0.00338209 0)
(0.059891 -0.00323441 0)
(0.0605799 -0.00308378 0)
(0.0612226 -0.00293124 0)
(0.06182 -0.00277775 0)
(0.0623728 -0.00262427 0)
(0.0628822 -0.00247168 0)
(0.0633495 -0.00232081 0)
(0.0637759 -0.00217243 0)
(0.0641631 -0.00202723 0)
(0.0645126 -0.00188583 0)
(0.0648261 -0.00174877 0)
(0.0651052 -0.00161651 0)
(0.0653518 -0.00148946 0)
(0.0655676 -0.00136791 0)
(0.0657543 -0.00125213 0)
(0.0659138 -0.00114228 0)
(0.0660478 -0.00103847 0)
(0.066158 -0.000940778 0)
(0.0662461 -0.000849188 0)
(0.0663138 -0.000763657 0)
(0.0663627 -0.000684096 0)
(0.0663942 -0.000610377 0)
(0.0664099 -0.000542341 0)
(0.0664112 -0.000479801 0)
(0.0663994 -0.000422545 0)
(0.0663758 -0.000370347 0)
(0.0663415 -0.000322963 0)
(0.0662978 -0.00028014 0)
(0.0662457 -0.000241621 0)
(0.0661861 -0.000207141 0)
(0.0661201 -0.000176437 0)
(0.0660484 -0.000149247 0)
(0.0659719 -0.000125313 0)
(0.0658913 -0.000104383 0)
(0.0658072 -8.62109e-05 0)
(0.0657204 -7.05601e-05 0)
(0.0656313 -5.72035e-05 0)
(0.0655405 -4.5924e-05 0)
(0.0654485 -3.65155e-05 0)
(0.0653556 -2.87832e-05 0)
(0.0652623 -2.25439e-05 0)
(0.0651688 -1.7626e-05 0)
(0.0650755 -1.38696e-05 0)
(0.0649826 -1.11262e-05 0)
(0.0648904 -9.25862e-06 0)
(0.0647991 -8.14085e-06 0)
(0.0647087 -7.65737e-06 0)
(0.0646196 -7.70294e-06 0)
(0.0645317 -8.18214e-06 0)
(0.0644452 -9.00884e-06 0)
(0.0643601 -1.01058e-05 0)
(0.0642765 -1.14039e-05 0)
(0.0641945 -1.28421e-05 0)
(0.0641141 -1.43664e-05 0)
(0.0640353 -1.59298e-05 0)
(0.0639581 -1.74913e-05 0)
(0.0638825 -1.90159e-05 0)
(0.0638085 -2.04738e-05 0)
(0.063736 -2.184e-05 0)
(0.0636651 -2.3094e-05 0)
(0.0635956 -2.42193e-05 0)
(0.0635277 -2.52029e-05 0)
(0.0634611 -2.60351e-05 0)
(0.063396 -2.67091e-05 0)
(0.0633321 -2.72205e-05 0)
(0.0632696 -2.75673e-05 0)
(0.0632083 -2.77494e-05 0)
(0.0631481 -2.77684e-05 0)
(0.0630891 -2.76274e-05 0)
(0.0630312 -2.73308e-05 0)
(0.0629743 -2.68838e-05 0)
(0.0629184 -2.62928e-05 0)
(0.0628634 -2.55647e-05 0)
(0.0628093 -2.47069e-05 0)
(0.062756 -2.37275e-05 0)
(0.0627036 -2.26348e-05 0)
(0.0626519 -2.14371e-05 0)
(0.0626009 -2.0143e-05 0)
(0.0625506 -1.87613e-05 0)
(0.0625009 -1.73005e-05 0)
(0.0624518 -1.57692e-05 0)
(0.0624033 -1.41757e-05 0)
(0.0623554 -1.25282e-05 0)
(0.0623079 -1.08349e-05 0)
(0.0622609 -9.1034e-06 0)
(0.0622144 -7.34125e-06 0)
(0.0621683 -5.55565e-06 0)
(0.0621226 -3.75351e-06 0)
(0.0620773 -1.94139e-06 0)
(0.0620323 -1.25556e-07 0)
(0.0619877 1.6881e-06 0)
(0.0619435 3.49404e-06 0)
(0.0618995 5.28708e-06 0)
(0.0618558 7.06242e-06 0)
(0.0618125 8.81567e-06 0)
(0.0617694 1.05428e-05 0)
(0.0617266 1.22403e-05 0)
(0.0616841 1.39051e-05 0)
(0.0616418 1.55346e-05 0)
(0.0615998 1.71268e-05 0)
(0.061558 1.86803e-05 0)
(0.0615165 2.01946e-05 0)
(0.0614752 2.167e-05 0)
(0.0614342 2.31079e-05 0)
(0.0613934 2.45113e-05 0)
(0.0613528 2.58849e-05 0)
(0.0613125 2.72358e-05 0)
(0.0612725 2.85748e-05 0)
(0.0612327 2.99168e-05 0)
(0.0611931 3.12836e-05 0)
(0.0611538 3.27057e-05 0)
(0.0611148 3.42261e-05 0)
(0.0610761 3.59105e-05 0)
(0.0610377 3.78414e-05 0)
(0.0609997 4.01693e-05 0)
(0.0609621 4.30438e-05 0)
(0.060925 4.69061e-05 0)
(0.0608886 5.16858e-05 0)
(0.0608527 5.9029e-05 0)
(0.0608152 7.3329e-05 0)
(-0.00069344 0.00309345 0)
(-0.0020916 0.00472136 0)
(-0.00255529 0.00495026 0)
(-0.00279451 0.0045032 0)
(-0.00263129 0.00403075 0)
(-0.00238474 0.00356405 0)
(-0.00199307 0.00316008 0)
(-0.00154072 0.00280211 0)
(-0.00101897 0.00248573 0)
(-0.000453387 0.00220232 0)
(0.000154082 0.00194534 0)
(0.000794104 0.00171 0)
(0.00146406 0.00149205 0)
(0.00216003 0.00128846 0)
(0.00288026 0.0010966 0)
(0.00362299 0.000914459 0)
(0.00438724 0.000740298 0)
(0.00517224 0.000572708 0)
(0.00597755 0.000410466 0)
(0.00680291 0.000252533 0)
(0.00764822 9.79922e-05 0)
(0.0085135 -5.39594e-05 0)
(0.00939887 -0.00020404 0)
(0.0103045 -0.000352895 0)
(0.0112307 -0.000501105 0)
(0.0121776 -0.000649197 0)
(0.0131457 -0.000797648 0)
(0.0141352 -0.000946891 0)
(0.0151464 -0.00109731 0)
(0.0161796 -0.00124925 0)
(0.0172351 -0.001403 0)
(0.0183132 -0.00155882 0)
(0.0194139 -0.0017169 0)
(0.0205375 -0.0018774 0)
(0.0216839 -0.0020404 0)
(0.0228532 -0.00220594 0)
(0.0240453 -0.00237399 0)
(0.0252598 -0.00254445 0)
(0.0264966 -0.00271715 0)
(0.027755 -0.00289187 0)
(0.0290347 -0.00306829 0)
(0.0303347 -0.00324601 0)
(0.0316544 -0.00342459 0)
(0.0329927 -0.00360348 0)
(0.0343484 -0.00378207 0)
(0.0357203 -0.00395968 0)
(0.0371068 -0.00413556 0)
(0.0385065 -0.0043089 0)
(0.0399175 -0.00447884 0)
(0.0413379 -0.00464446 0)
(0.0427656 -0.00480481 0)
(0.0441983 -0.0049589 0)
(0.0456338 -0.00510574 0)
(0.0470696 -0.0052443 0)
(0.0485029 -0.00537359 0)
(0.0499311 -0.00549261 0)
(0.0513514 -0.0056004 0)
(0.0527608 -0.00569605 0)
(0.0541564 -0.00577869 0)
(0.0555352 -0.00584753 0)
(0.0568942 -0.00590188 0)
(0.0582304 -0.00594111 0)
(0.0595408 -0.00596474 0)
(0.0608225 -0.00597237 0)
(0.0620727 -0.00596375 0)
(0.0632887 -0.00593876 0)
(0.064468 -0.00589742 0)
(0.065608 -0.00583989 0)
(0.0667068 -0.00576648 0)
(0.0677622 -0.00567764 0)
(0.0687725 -0.00557395 0)
(0.0697363 -0.00545614 0)
(0.0706523 -0.00532505 0)
(0.0715196 -0.00518164 0)
(0.0723375 -0.00502696 0)
(0.0731055 -0.00486214 0)
(0.0738237 -0.00468841 0)
(0.0744921 -0.004507 0)
(0.0751111 -0.00431921 0)
(0.0756814 -0.00412635 0)
(0.0762039 -0.00392971 0)
(0.0766797 -0.00373058 0)
(0.07711 -0.0035302 0)
(0.0774962 -0.00332977 0)
(0.07784 -0.00313043 0)
(0.0781429 -0.00293324 0)
(0.0784069 -0.00273917 0)
(0.0786337 -0.00254914 0)
(0.0788252 -0.00236393 0)
(0.0789833 -0.00218425 0)
(0.0791101 -0.00201072 0)
(0.0792073 -0.00184384 0)
(0.0792771 -0.00168404 0)
(0.0793211 -0.00153164 0)
(0.0793414 -0.00138689 0)
(0.0793397 -0.00124995 0)
(0.0793176 -0.00112091 0)
(0.079277 -0.000999778 0)
(0.0792195 -0.000886518 0)
(0.0791465 -0.000781026 0)
(0.0790595 -0.000683152 0)
(0.07896 -0.000592705 0)
(0.0788492 -0.000509454 0)
(0.0787284 -0.00043314 0)
(0.0785987 -0.000363481 0)
(0.0784614 -0.000300173 0)
(0.0783173 -0.000242898 0)
(0.0781674 -0.00019133 0)
(0.0780127 -0.000145135 0)
(0.0778539 -0.000103978 0)
(0.0776918 -6.75244e-05 0)
(0.0775271 -3.54441e-05 0)
(0.0773604 -7.41234e-06 0)
(0.0771923 1.68873e-05 0)
(0.0770234 3.77611e-05 0)
(0.0768541 5.55043e-05 0)
(0.0766848 7.03997e-05 0)
(0.0765159 8.27168e-05 0)
(0.0763479 9.27114e-05 0)
(0.0761809 0.000100625 0)
(0.0760152 0.000106684 0)
(0.0758512 0.000111103 0)
(0.075689 0.000114077 0)
(0.0755287 0.000115792 0)
(0.0753706 0.000116418 0)
(0.0752147 0.00011611 0)
(0.0750612 0.000115012 0)
(0.0749101 0.000113255 0)
(0.0747616 0.000110958 0)
(0.0746155 0.000108226 0)
(0.0744721 0.000105158 0)
(0.0743312 0.00010184 0)
(0.074193 9.83466e-05 0)
(0.0740574 9.47473e-05 0)
(0.0739243 9.11009e-05 0)
(0.0737938 8.74592e-05 0)
(0.0736659 8.38668e-05 0)
(0.0735405 8.03617e-05 0)
(0.0734175 7.69759e-05 0)
(0.0732969 7.37361e-05 0)
(0.0731787 7.06638e-05 0)
(0.0730628 6.77764e-05 0)
(0.0729492 6.50869e-05 0)
(0.0728378 6.2605e-05 0)
(0.0727286 6.03372e-05 0)
(0.0726214 5.82869e-05 0)
(0.0725162 5.64554e-05 0)
(0.0724131 5.48415e-05 0)
(0.0723118 5.34424e-05 0)
(0.0722124 5.22537e-05 0)
(0.0721148 5.12693e-05 0)
(0.072019 5.04825e-05 0)
(0.0719248 4.98852e-05 0)
(0.0718323 4.94689e-05 0)
(0.0717413 4.92242e-05 0)
(0.0716519 4.91415e-05 0)
(0.071564 4.92107e-05 0)
(0.0714775 4.94216e-05 0)
(0.0713923 4.9764e-05 0)
(0.0713086 5.02274e-05 0)
(0.0712261 5.08015e-05 0)
(0.0711449 5.14762e-05 0)
(0.0710649 5.22414e-05 0)
(0.0709861 5.30874e-05 0)
(0.0709084 5.40046e-05 0)
(0.0708319 5.49837e-05 0)
(0.0707564 5.60158e-05 0)
(0.070682 5.70923e-05 0)
(0.0706086 5.8205e-05 0)
(0.0705362 5.93459e-05 0)
(0.0704647 6.05075e-05 0)
(0.0703942 6.16829e-05 0)
(0.0703246 6.28652e-05 0)
(0.0702559 6.40483e-05 0)
(0.070188 6.52263e-05 0)
(0.070121 6.63939e-05 0)
(0.0700548 6.75462e-05 0)
(0.0699894 6.86788e-05 0)
(0.0699248 6.9788e-05 0)
(0.069861 7.08704e-05 0)
(0.069798 7.19237e-05 0)
(0.0697357 7.2946e-05 0)
(0.0696741 7.39363e-05 0)
(0.0696133 7.4895e-05 0)
(0.0695531 7.58235e-05 0)
(0.0694937 7.67248e-05 0)
(0.069435 7.76043e-05 0)
(0.069377 7.84698e-05 0)
(0.0693196 7.9333e-05 0)
(0.069263 8.02104e-05 0)
(0.0692071 8.11255e-05 0)
(0.0691519 8.21117e-05 0)
(0.0690974 8.32164e-05 0)
(0.0690438 8.4506e-05 0)
(0.068991 8.60853e-05 0)
(0.0689393 8.80904e-05 0)
(0.0688888 9.07783e-05 0)
(0.0688399 9.43028e-05 0)
(0.0687927 0.000100267 0)
(0.0687484 0.000109496 0)
(-0.000179843 0.00559671 0)
(-0.00014143 0.00561475 0)
(0.000994184 0.00502255 0)
(0.00217682 0.00400051 0)
(0.00361857 0.00328967 0)
(0.00502263 0.00272377 0)
(0.00646387 0.00226354 0)
(0.00787239 0.00188006 0)
(0.00926618 0.00154589 0)
(0.0106327 0.00125106 0)
(0.0119778 0.000984688 0)
(0.0133015 0.000741391 0)
(0.0146072 0.000516013 0)
(0.015897 0.000305217 0)
(0.0171735 0.000106085 0)
(0.0184388 -8.35645e-05 0)
(0.0196949 -0.000265582 0)
(0.0209437 -0.000441461 0)
(0.0221869 -0.000612477 0)
(0.0234259 -0.000779705 0)
(0.0246622 -0.00094408 0)
(0.0258972 -0.00110642 0)
(0.027132 -0.00126743 0)
(0.0283678 -0.00142777 0)
(0.0296057 -0.001588 0)
(0.0308466 -0.00174862 0)
(0.0320915 -0.0019101 0)
(0.0333411 -0.00207282 0)
(0.0345963 -0.00223715 0)
(0.0358576 -0.00240338 0)
(0.0371258 -0.00257177 0)
(0.0384012 -0.0027425 0)
(0.0396843 -0.00291571 0)
(0.0409753 -0.00309149 0)
(0.0422745 -0.00326986 0)
(0.0435818 -0.00345076 0)
(0.0448974 -0.00363409 0)
(0.0462209 -0.00381965 0)
(0.0475521 -0.00400719 0)
(0.0488905 -0.00419635 0)
(0.0502356 -0.00438672 0)
(0.0515866 -0.0045778 0)
(0.0529427 -0.004769 0)
(0.0543027 -0.00495966 0)
(0.0556656 -0.00514904 0)
(0.0570299 -0.00533632 0)
(0.0583941 -0.00552061 0)
(0.0597567 -0.00570097 0)
(0.0611158 -0.00587639 0)
(0.0624694 -0.0060458 0)
(0.0638154 -0.00620812 0)
(0.0651517 -0.00636221 0)
(0.0664758 -0.00650694 0)
(0.0677854 -0.00664116 0)
(0.0690778 -0.00676374 0)
(0.0703506 -0.00687358 0)
(0.0716009 -0.00696961 0)
(0.0728261 -0.00705082 0)
(0.0740235 -0.00711629 0)
(0.0751903 -0.00716518 0)
(0.076324 -0.00719675 0)
(0.0774219 -0.0072104 0)
(0.0784816 -0.00720563 0)
(0.0795007 -0.00718213 0)
(0.0804771 -0.00713971 0)
(0.0814088 -0.00707836 0)
(0.082294 -0.00699825 0)
(0.0831313 -0.0068997 0)
(0.0839193 -0.00678322 0)
(0.0846571 -0.00664948 0)
(0.085344 -0.00649931 0)
(0.0859798 -0.00633369 0)
(0.0865643 -0.00615374 0)
(0.0870977 -0.00596069 0)
(0.0875807 -0.0057559 0)
(0.088014 -0.0055408 0)
(0.0883988 -0.00531686 0)
(0.0887363 -0.00508562 0)
(0.0890281 -0.00484863 0)
(0.0892759 -0.00460744 0)
(0.0894816 -0.00436358 0)
(0.0896472 -0.00411851 0)
(0.0897748 -0.00387368 0)
(0.0898666 -0.00363041 0)
(0.0899247 -0.00338998 0)
(0.0899514 -0.00315355 0)
(0.0899489 -0.00292216 0)
(0.0899194 -0.00269677 0)
(0.0898649 -0.00247821 0)
(0.0897875 -0.00226719 0)
(0.0896892 -0.00206431 0)
(0.089572 -0.00187006 0)
(0.0894375 -0.00168483 0)
(0.0892876 -0.0015089 0)
(0.0891238 -0.00134246 0)
(0.0889476 -0.0011856 0)
(0.0887604 -0.00103833 0)
(0.0885637 -0.000900614 0)
(0.0883585 -0.000772318 0)
(0.088146 -0.000653266 0)
(0.0879272 -0.00054323 0)
(0.0877032 -0.00044194 0)
(0.0874749 -0.000349087 0)
(0.087243 -0.000264338 0)
(0.0870082 -0.000187334 0)
(0.0867714 -0.000117699 0)
(0.0865331 -5.50453e-05 0)
(0.0862938 1.02145e-06 0)
(0.0860542 5.08999e-05 0)
(0.0858147 9.49878e-05 0)
(0.0855758 0.00013368 0)
(0.0853377 0.000167363 0)
(0.0851009 0.000196416 0)
(0.0848658 0.000221207 0)
(0.0846325 0.000242092 0)
(0.0844013 0.000259412 0)
(0.0841725 0.000273492 0)
(0.0839463 0.000284644 0)
(0.0837227 0.000293162 0)
(0.0835021 0.000299323 0)
(0.0832844 0.000303387 0)
(0.0830699 0.000305599 0)
(0.0828585 0.000306185 0)
(0.0826505 0.000305356 0)
(0.0824457 0.000303306 0)
(0.0822444 0.000300215 0)
(0.0820464 0.000296247 0)
(0.0818518 0.00029155 0)
(0.0816607 0.000286262 0)
(0.081473 0.000280505 0)
(0.0812886 0.000274389 0)
(0.0811077 0.000268014 0)
(0.0809301 0.000261466 0)
(0.0807559 0.000254825 0)
(0.080585 0.000248157 0)
(0.0804173 0.000241522 0)
(0.0802527 0.000234972 0)
(0.0800914 0.000228551 0)
(0.0799331 0.000222294 0)
(0.0797779 0.000216233 0)
(0.0796257 0.000210393 0)
(0.0794764 0.000204794 0)
(0.0793299 0.000199451 0)
(0.0791863 0.000194376 0)
(0.0790454 0.000189575 0)
(0.0789072 0.000185053 0)
(0.0787716 0.000180812 0)
(0.0786386 0.00017685 0)
(0.078508 0.000173165 0)
(0.07838 0.000169752 0)
(0.0782543 0.000166603 0)
(0.0781309 0.000163711 0)
(0.0780098 0.000161066 0)
(0.0778909 0.00015866 0)
(0.0777742 0.000156482 0)
(0.0776596 0.00015452 0)
(0.077547 0.000152763 0)
(0.0774364 0.000151199 0)
(0.0773278 0.000149816 0)
(0.0772211 0.000148603 0)
(0.0771163 0.000147547 0)
(0.0770133 0.000146637 0)
(0.0769121 0.000145862 0)
(0.0768125 0.000145209 0)
(0.0767147 0.000144667 0)
(0.0766185 0.000144227 0)
(0.076524 0.000143877 0)
(0.076431 0.000143608 0)
(0.0763395 0.000143409 0)
(0.0762495 0.000143272 0)
(0.076161 0.000143187 0)
(0.0760739 0.000143147 0)
(0.0759883 0.000143142 0)
(0.075904 0.000143166 0)
(0.075821 0.000143212 0)
(0.0757394 0.000143272 0)
(0.075659 0.000143342 0)
(0.0755799 0.000143415 0)
(0.075502 0.000143486 0)
(0.0754254 0.000143551 0)
(0.0753499 0.000143607 0)
(0.0752756 0.000143649 0)
(0.0752024 0.000143677 0)
(0.0751303 0.000143689 0)
(0.0750594 0.000143684 0)
(0.0749895 0.000143664 0)
(0.0749207 0.000143631 0)
(0.074853 0.00014359 0)
(0.0747863 0.000143548 0)
(0.0747207 0.000143513 0)
(0.0746561 0.000143501 0)
(0.0745926 0.000143529 0)
(0.0745302 0.000143624 0)
(0.074469 0.00014382 0)
(0.0744091 0.00014417 0)
(0.0743506 0.000144738 0)
(0.0742939 0.00014564 0)
(0.0742393 0.000146989 0)
(0.0741876 0.000149942 0)
(0.0741421 0.000151568 0)
(0.00500158 0.00204435 0)
(0.00750168 0.00308247 0)
(0.0124137 0.00263056 0)
(0.0156553 0.00201718 0)
(0.0187332 0.00139698 0)
(0.0213741 0.000899149 0)
(0.0237903 0.000486019 0)
(0.0260135 0.000147788 0)
(0.0280953 -0.000140384 0)
(0.030062 -0.00039122 0)
(0.0319356 -0.000615956 0)
(0.0337312 -0.000821296 0)
(0.0354609 -0.0010123 0)
(0.0371337 -0.00119235 0)
(0.0387572 -0.00136402 0)
(0.0403373 -0.00152921 0)
(0.0418791 -0.00168943 0)
(0.043387 -0.0018459 0)
(0.0448644 -0.00199965 0)
(0.0463146 -0.00215154 0)
(0.0477404 -0.00230233 0)
(0.0491441 -0.00245268 0)
(0.050528 -0.00260317 0)
(0.0518941 -0.00275431 0)
(0.053244 -0.00290657 0)
(0.0545794 -0.00306035 0)
(0.0559017 -0.00321601 0)
(0.057212 -0.00337385 0)
(0.0585116 -0.00353412 0)
(0.0598013 -0.00369705 0)
(0.0610821 -0.00386277 0)
(0.0623545 -0.0040314 0)
(0.0636192 -0.00420298 0)
(0.0648766 -0.0043775 0)
(0.066127 -0.00455486 0)
(0.0673704 -0.00473493 0)
(0.0686069 -0.00491748 0)
(0.0698364 -0.0051022 0)
(0.0710585 -0.00528874 0)
(0.0722729 -0.00547661 0)
(0.0734788 -0.00566529 0)
(0.0746756 -0.00585415 0)
(0.0758622 -0.00604247 0)
(0.0770378 -0.00622945 0)
(0.078201 -0.00641423 0)
(0.0793504 -0.00659584 0)
(0.0804846 -0.00677327 0)
(0.0816018 -0.00694541 0)
(0.0827003 -0.00711112 0)
(0.0837782 -0.00726921 0)
(0.0848333 -0.00741844 0)
(0.0858636 -0.00755755 0)
(0.0868667 -0.0076853 0)
(0.0878406 -0.00780041 0)
(0.0887827 -0.00790167 0)
(0.0896908 -0.00798787 0)
(0.0905624 -0.0080579 0)
(0.0913954 -0.00811071 0)
(0.0921875 -0.00814533 0)
(0.0929365 -0.00816095 0)
(0.0936406 -0.00815687 0)
(0.0942978 -0.00813253 0)
(0.0949066 -0.00808757 0)
(0.0954656 -0.00802179 0)
(0.0959738 -0.00793518 0)
(0.0964304 -0.00782793 0)
(0.0968348 -0.00770044 0)
(0.097187 -0.0075533 0)
(0.0974873 -0.00738729 0)
(0.0977361 -0.00720338 0)
(0.0979343 -0.00700273 0)
(0.0980834 -0.00678664 0)
(0.0981848 -0.00655654 0)
(0.0982404 -0.00631401 0)
(0.0982524 -0.00606068 0)
(0.0982231 -0.00579828 0)
(0.098155 -0.00552856 0)
(0.098051 -0.00525327 0)
(0.0979137 -0.00497419 0)
(0.0977461 -0.00469301 0)
(0.097551 -0.0044114 0)
(0.0973314 -0.00413094 0)
(0.0970899 -0.00385311 0)
(0.0968293 -0.00357928 0)
(0.0965523 -0.00331071 0)
(0.0962613 -0.00304853 0)
(0.0959585 -0.00279374 0)
(0.0956462 -0.0025472 0)
(0.0953262 -0.00230965 0)
(0.0950005 -0.00208171 0)
(0.0946705 -0.00186384 0)
(0.0943378 -0.00165643 0)
(0.0940036 -0.00145972 0)
(0.093669 -0.00127387 0)
(0.093335 -0.00109894 0)
(0.0930024 -0.000934915 0)
(0.0926719 -0.000781682 0)
(0.092344 -0.000639079 0)
(0.0920194 -0.000506882 0)
(0.0916983 -0.000384814 0)
(0.0913811 -0.000272558 0)
(0.0910681 -0.000169761 0)
(0.0907594 -7.60414e-05 0)
(0.0904551 9.00365e-06 0)
(0.0901555 8.57941e-05 0)
(0.0898604 0.000154761 0)
(0.08957 0.000216341 0)
(0.0892844 0.000270974 0)
(0.0890033 0.000319099 0)
(0.088727 0.00036115 0)
(0.0884553 0.000397553 0)
(0.0881882 0.000428724 0)
(0.0879256 0.00045507 0)
(0.0876675 0.000476982 0)
(0.0874139 0.000494836 0)
(0.0871647 0.000508994 0)
(0.0869198 0.0005198 0)
(0.0866791 0.00052758 0)
(0.0864427 0.000532645 0)
(0.0862105 0.000535284 0)
(0.0859824 0.000535773 0)
(0.0857584 0.000534365 0)
(0.0855383 0.000531299 0)
(0.0853222 0.000526796 0)
(0.08511 0.000521059 0)
(0.0849016 0.000514275 0)
(0.084697 0.000506618 0)
(0.0844962 0.000498242 0)
(0.084299 0.000489291 0)
(0.0841055 0.000479894 0)
(0.0839155 0.000470166 0)
(0.0837291 0.00046021 0)
(0.0835461 0.00045012 0)
(0.0833666 0.000439975 0)
(0.0831904 0.000429849 0)
(0.0830175 0.000419803 0)
(0.0828479 0.000409891 0)
(0.0826815 0.000400158 0)
(0.0825182 0.000390644 0)
(0.082358 0.000381381 0)
(0.0822009 0.000372394 0)
(0.0820468 0.000363706 0)
(0.0818956 0.00035533 0)
(0.0817473 0.000347281 0)
(0.0816018 0.000339564 0)
(0.0814591 0.000332184 0)
(0.0813192 0.000325143 0)
(0.0811819 0.000318439 0)
(0.0810473 0.000312069 0)
(0.0809152 0.000306027 0)
(0.0807857 0.000300306 0)
(0.0806587 0.000294897 0)
(0.0805341 0.000289791 0)
(0.0804119 0.000284977 0)
(0.0802921 0.000280443 0)
(0.0801745 0.000276177 0)
(0.0800592 0.000272167 0)
(0.0799461 0.0002684 0)
(0.0798352 0.000264863 0)
(0.0797264 0.000261543 0)
(0.0796197 0.000258428 0)
(0.079515 0.000255504 0)
(0.0794123 0.000252759 0)
(0.0793116 0.00025018 0)
(0.0792128 0.000247755 0)
(0.0791159 0.000245472 0)
(0.0790208 0.00024332 0)
(0.0789275 0.000241288 0)
(0.0788359 0.000239365 0)
(0.0787461 0.000237541 0)
(0.078658 0.000235805 0)
(0.0785716 0.000234149 0)
(0.0784867 0.000232564 0)
(0.0784035 0.00023104 0)
(0.0783218 0.000229571 0)
(0.0782416 0.000228148 0)
(0.078163 0.000226764 0)
(0.0780858 0.000225414 0)
(0.07801 0.000224091 0)
(0.0779357 0.000222789 0)
(0.0778627 0.000221505 0)
(0.077791 0.000220234 0)
(0.0777207 0.000218972 0)
(0.0776517 0.000217717 0)
(0.077584 0.000216467 0)
(0.0775175 0.00021522 0)
(0.0774523 0.000213977 0)
(0.0773883 0.000212738 0)
(0.0773255 0.000211505 0)
(0.0772638 0.000210279 0)
(0.0772034 0.000209064 0)
(0.0771443 0.000207863 0)
(0.0770863 0.000206678 0)
(0.0770297 0.000205507 0)
(0.0769745 0.000204345 0)
(0.0769209 0.00020317 0)
(0.0768692 0.000201959 0)
(0.0768198 0.00020062 0)
(0.0767737 0.000199704 0)
(0.0767351 0.000192638 0)
(0.0344491 -1.69147e-06 0)
(0.034603 -0.000145512 0)
(0.0349197 -0.000262816 0)
(0.0353516 -0.000325007 0)
(0.0358456 -0.000363037 0)
(0.0364832 -0.000437385 0)
(0.0371406 -0.000316255 0)
(0.037817 -0.000769329 0)
(0.0908647 -5.36458e-06 0)
(0.0906414 -0.000125856 0)
(0.0905741 -0.00028813 0)
(0.0906079 -0.000453049 0)
(0.0907513 -0.000630527 0)
(0.0909795 -0.000806762 0)
(0.0913223 -0.00100072 0)
(0.0921929 -0.00166331 0)
(0.128437 -9.13922e-06 0)
(0.128259 -8.92001e-05 0)
(0.128172 -0.000212083 0)
(0.128132 -0.000368529 0)
(0.12812 -0.00055085 0)
(0.128137 -0.000762656 0)
(0.128223 -0.001088 0)
(0.12822 -0.0015048 0)
(0.147212 -1.30656e-05 0)
(0.147034 -9.98133e-05 0)
(0.146936 -0.000213358 0)
(0.146873 -0.00035401 0)
(0.146821 -0.00052511 0)
(0.146778 -0.000744599 0)
(0.146719 -0.00101115 0)
(0.146652 -0.00136387 0)
(0.147217 -1.83635e-05 0)
(0.147038 -0.000107458 0)
(0.146928 -0.000205868 0)
(0.146841 -0.000323684 0)
(0.146751 -0.000471774 0)
(0.146638 -0.000656413 0)
(0.146491 -0.000892873 0)
(0.146286 -0.0011816 0)
(0.12845 -2.61023e-05 0)
(0.128254 -0.000123554 0)
(0.128113 -0.000208837 0)
(0.127976 -0.000301935 0)
(0.127816 -0.000417915 0)
(0.127617 -0.000567936 0)
(0.127364 -0.000755425 0)
(0.127039 -0.000979757 0)
(0.0908857 -4.00712e-05 0)
(0.0906068 -0.00010219 0)
(0.0903893 -0.000132576 0)
(0.0901721 -0.000173691 0)
(0.0899278 -0.000244074 0)
(0.0896334 -0.000347649 0)
(0.0892666 -0.000481433 0)
(0.0888049 -0.000636762 0)
(0.0344545 -4.61332e-05 0)
(0.0343728 -2.45568e-05 0)
(0.0343218 7.67722e-06 0)
(0.0342694 6.62447e-06 0)
(0.0341576 -2.60104e-05 0)
(0.0339588 -7.80359e-05 0)
(0.0336579 -0.000136598 0)
(0.03325 -0.000191126 0)
(0.0404839 -0.00349286 0)
(0.0433925 -0.00318643 0)
(0.0460311 -0.00286944 0)
(0.0485938 -0.00256126 0)
(0.0509435 -0.00241051 0)
(0.0531315 -0.00235463 0)
(0.0551791 -0.00236434 0)
(0.0571119 -0.00241165 0)
(0.0589487 -0.00248122 0)
(0.0607033 -0.00256362 0)
(0.0623864 -0.00265376 0)
(0.0640058 -0.00274873 0)
(0.0655679 -0.00284698 0)
(0.0670779 -0.00294766 0)
(0.0685399 -0.00305033 0)
(0.0699578 -0.00315481 0)
(0.0713347 -0.00326108 0)
(0.0726736 -0.00336921 0)
(0.073977 -0.00347932 0)
(0.0752471 -0.0035916 0)
(0.0764861 -0.00370624 0)
(0.0776958 -0.00382344 0)
(0.0788779 -0.00394341 0)
(0.080034 -0.00406636 0)
(0.0811654 -0.00419248 0)
(0.0822733 -0.00432193 0)
(0.083359 -0.00445486 0)
(0.0844233 -0.0045914 0)
(0.085467 -0.00473162 0)
(0.0864909 -0.00487559 0)
(0.0874956 -0.00502331 0)
(0.0884815 -0.00517474 0)
(0.0894488 -0.00532978 0)
(0.0903979 -0.0054883 0)
(0.0913287 -0.00565007 0)
(0.0922411 -0.00581482 0)
(0.0931349 -0.00598219 0)
(0.0940097 -0.00615177 0)
(0.0948651 -0.00632303 0)
(0.0957002 -0.00649538 0)
(0.0965144 -0.00666816 0)
(0.0973067 -0.0068406 0)
(0.098076 -0.00701184 0)
(0.0988211 -0.00718096 0)
(0.0995406 -0.00734693 0)
(0.100233 -0.00750867 0)
(0.100897 -0.007665 0)
(0.10153 -0.00781471 0)
(0.102131 -0.00795652 0)
(0.102698 -0.0080891 0)
(0.103229 -0.00821111 0)
(0.103722 -0.00832119 0)
(0.104175 -0.008418 0)
(0.104586 -0.00850021 0)
(0.104953 -0.00856653 0)
(0.105275 -0.00861577 0)
(0.105549 -0.0086468 0)
(0.105773 -0.00865861 0)
(0.105948 -0.00865032 0)
(0.106071 -0.00862121 0)
(0.106142 -0.00857074 0)
(0.106161 -0.00849856 0)
(0.106126 -0.00840451 0)
(0.106039 -0.00828866 0)
(0.105899 -0.00815132 0)
(0.105709 -0.00799301 0)
(0.105469 -0.00781447 0)
(0.105181 -0.00761668 0)
(0.104848 -0.00740079 0)
(0.104471 -0.00716818 0)
(0.104056 -0.00692037 0)
(0.103603 -0.00665902 0)
(0.103118 -0.00638591 0)
(0.102603 -0.00610289 0)
(0.102063 -0.00581189 0)
(0.101501 -0.00551483 0)
(0.100922 -0.00521362 0)
(0.100329 -0.00491014 0)
(0.0997263 -0.0046062 0)
(0.0991173 -0.00430352 0)
(0.0985055 -0.00400372 0)
(0.0978941 -0.00370829 0)
(0.097286 -0.00341858 0)
(0.0966839 -0.00313579 0)
(0.0960901 -0.00286101 0)
(0.0955067 -0.00259514 0)
(0.0949354 -0.00233895 0)
(0.0943777 -0.00209309 0)
(0.0938348 -0.00185804 0)
(0.0933074 -0.00163418 0)
(0.0927964 -0.00142177 0)
(0.0923021 -0.00122095 0)
(0.0918248 -0.00103177 0)
(0.0913645 -0.000854198 0)
(0.090921 -0.000688119 0)
(0.0904942 -0.000533352 0)
(0.0900837 -0.000389658 0)
(0.0896891 -0.000256748 0)
(0.0893097 -0.000134293 0)
(0.0889451 -2.19276e-05 0)
(0.0885947 8.07396e-05 0)
(0.0882577 0.000174121 0)
(0.0879335 0.000258647 0)
(0.0876215 0.000334756 0)
(0.087321 0.000402894 0)
(0.0870313 0.000463511 0)
(0.0867519 0.000517054 0)
(0.0864821 0.000563968 0)
(0.0862213 0.00060469 0)
(0.085969 0.000639649 0)
(0.0857246 0.000669264 0)
(0.0854877 0.00069394 0)
(0.0852578 0.000714071 0)
(0.0850345 0.000730033 0)
(0.0848173 0.00074219 0)
(0.0846059 0.000750887 0)
(0.0844 0.000756453 0)
(0.0841992 0.000759199 0)
(0.0840034 0.000759421 0)
(0.0838121 0.000757395 0)
(0.0836252 0.000753382 0)
(0.0834424 0.000747625 0)
(0.0832636 0.000740349 0)
(0.0830886 0.000731764 0)
(0.0829172 0.000722064 0)
(0.0827494 0.000711427 0)
(0.0825848 0.000700017 0)
(0.0824236 0.000687983 0)
(0.0822654 0.00067546 0)
(0.0821104 0.000662572 0)
(0.0819582 0.000649428 0)
(0.081809 0.000636127 0)
(0.0816626 0.000622757 0)
(0.081519 0.000609396 0)
(0.081378 0.000596112 0)
(0.0812397 0.000582965 0)
(0.081104 0.000570005 0)
(0.0809709 0.000557277 0)
(0.0808402 0.000544816 0)
(0.0807121 0.000532655 0)
(0.0805863 0.000520818 0)
(0.080463 0.000509323 0)
(0.0803421 0.000498187 0)
(0.0802234 0.00048742 0)
(0.0801071 0.000477029 0)
(0.079993 0.000467017 0)
(0.0798812 0.000457385 0)
(0.0797716 0.000448133 0)
(0.0796642 0.000439254 0)
(0.0795589 0.000430744 0)
(0.0794558 0.000422596 0)
(0.0793547 0.000414799 0)
(0.0792558 0.000407344 0)
(0.0791588 0.000400221 0)
(0.0790639 0.000393416 0)
(0.0789709 0.000386918 0)
(0.0788799 0.000380715 0)
(0.0787908 0.000374792 0)
(0.0787036 0.000369138 0)
(0.0786182 0.000363738 0)
(0.0785347 0.00035858 0)
(0.0784529 0.00035365 0)
(0.078373 0.000348935 0)
(0.0782948 0.000344423 0)
(0.0782182 0.000340101 0)
(0.0781434 0.000335957 0)
(0.0780702 0.000331978 0)
(0.0779986 0.000328155 0)
(0.0779287 0.000324474 0)
(0.0778602 0.000320927 0)
(0.0777934 0.000317502 0)
(0.077728 0.000314189 0)
(0.0776641 0.00031098 0)
(0.0776016 0.000307865 0)
(0.0775405 0.000304836 0)
(0.0774809 0.000301885 0)
(0.0774225 0.000299004 0)
(0.0773656 0.000296187 0)
(0.0773099 0.000293426 0)
(0.0772555 0.000290716 0)
(0.0772023 0.000288051 0)
(0.0771504 0.000285427 0)
(0.0770997 0.000282839 0)
(0.0770501 0.000280282 0)
(0.0770017 0.000277754 0)
(0.0769544 0.000275251 0)
(0.0769082 0.00027277 0)
(0.0768632 0.000270309 0)
(0.0768192 0.000267864 0)
(0.0767763 0.000265429 0)
(0.0767344 0.000262999 0)
(0.0766937 0.000260561 0)
(0.0766541 0.000258096 0)
(0.0766156 0.00025557 0)
(0.0765783 0.000252927 0)
(0.0765425 0.000250064 0)
(0.0765082 0.000246839 0)
(0.0764759 0.000242924 0)
(0.0764463 0.00023852 0)
(0.0764232 0.000223655 0)
(0.0928218 -0.00216756 0)
(0.0928793 -0.00264078 0)
(0.0931808 -0.00290805 0)
(0.0936419 -0.00308973 0)
(0.0942576 -0.00322834 0)
(0.0949678 -0.00334868 0)
(0.0957391 -0.00345923 0)
(0.0965465 -0.00356281 0)
(0.0973735 -0.00366053 0)
(0.0982086 -0.00375306 0)
(0.0990441 -0.00384122 0)
(0.0998741 -0.00392591 0)
(0.100694 -0.00400809 0)
(0.101501 -0.00408866 0)
(0.102293 -0.00416845 0)
(0.103067 -0.00424822 0)
(0.103823 -0.00432863 0)
(0.104559 -0.00441024 0)
(0.105275 -0.00449356 0)
(0.10597 -0.00457903 0)
(0.106643 -0.00466703 0)
(0.107296 -0.0047579 0)
(0.107926 -0.00485194 0)
(0.108535 -0.00494937 0)
(0.109123 -0.00505043 0)
(0.109688 -0.00515527 0)
(0.110232 -0.00526402 0)
(0.110753 -0.00537677 0)
(0.111253 -0.00549355 0)
(0.11173 -0.00561437 0)
(0.112185 -0.00573916 0)
(0.112617 -0.00586781 0)
(0.113025 -0.00600015 0)
(0.11341 -0.00613595 0)
(0.11377 -0.00627491 0)
(0.114106 -0.00641665 0)
(0.114415 -0.00656071 0)
(0.114698 -0.00670658 0)
(0.114953 -0.00685362 0)
(0.11518 -0.00700114 0)
(0.115376 -0.00714835 0)
(0.115541 -0.00729437 0)
(0.115673 -0.00743823 0)
(0.115771 -0.00757887 0)
(0.115833 -0.00771518 0)
(0.115857 -0.00784595 0)
(0.115843 -0.0079699 0)
(0.115788 -0.00808571 0)
(0.11569 -0.00819203 0)
(0.115548 -0.00828746 0)
(0.11536 -0.0083706 0)
(0.115124 -0.00844008 0)
(0.11484 -0.00849454 0)
(0.114505 -0.00853268 0)
(0.114119 -0.00855329 0)
(0.113682 -0.00855527 0)
(0.113191 -0.00853763 0)
(0.112648 -0.00849956 0)
(0.112053 -0.00844042 0)
(0.111405 -0.00835977 0)
(0.110707 -0.00825739 0)
(0.10996 -0.0081333 0)
(0.109165 -0.00798775 0)
(0.108326 -0.00782125 0)
(0.107445 -0.00763456 0)
(0.106526 -0.00742868 0)
(0.105573 -0.00720483 0)
(0.104591 -0.00696444 0)
(0.103583 -0.00670912 0)
(0.102555 -0.00644063 0)
(0.101512 -0.00616085 0)
(0.100459 -0.00587175 0)
(0.0994013 -0.00557533 0)
(0.0983443 -0.0052736 0)
(0.0972929 -0.00496856 0)
(0.0962518 -0.00466214 0)
(0.0952256 -0.00435617 0)
(0.0942185 -0.00405238 0)
(0.0932341 -0.00375239 0)
(0.0922759 -0.00345764 0)
(0.0913466 -0.00316943 0)
(0.0904488 -0.00288891 0)
(0.0895845 -0.00261705 0)
(0.088755 -0.00235468 0)
(0.0879616 -0.00210246 0)
(0.0872048 -0.00186093 0)
(0.0864851 -0.00163048 0)
(0.0858023 -0.00141137 0)
(0.0851561 -0.00120377 0)
(0.084546 -0.00100773 0)
(0.083971 -0.000823235 0)
(0.0834302 -0.000650174 0)
(0.0829223 -0.000488378 0)
(0.0824461 -0.000337623 0)
(0.0820002 -0.000197637 0)
(0.081583 -6.81088e-05 0)
(0.0811931 5.13038e-05 0)
(0.0808289 0.000160967 0)
(0.080489 0.000261268 0)
(0.0801716 0.000352607 0)
(0.0798755 0.000435394 0)
(0.079599 0.000510046 0)
(0.0793408 0.000576981 0)
(0.0790996 0.000636619 0)
(0.078874 0.000689377 0)
(0.0786628 0.000735667 0)
(0.0784649 0.000775894 0)
(0.0782791 0.000810455 0)
(0.0781044 0.000839738 0)
(0.0779399 0.000864121 0)
(0.0777846 0.000883969 0)
(0.0776378 0.000899634 0)
(0.0774986 0.000911458 0)
(0.0773665 0.000919765 0)
(0.0772406 0.000924869 0)
(0.0771205 0.000927065 0)
(0.0770056 0.000926636 0)
(0.0768954 0.000923851 0)
(0.0767895 0.000918962 0)
(0.0766875 0.000912207 0)
(0.0765891 0.000903809 0)
(0.0764939 0.000893977 0)
(0.0764016 0.000882904 0)
(0.076312 0.000870773 0)
(0.0762249 0.000857748 0)
(0.0761401 0.000843984 0)
(0.0760573 0.000829623 0)
(0.0759766 0.000814792 0)
(0.0758977 0.00079961 0)
(0.0758205 0.000784181 0)
(0.075745 0.000768603 0)
(0.075671 0.00075296 0)
(0.0755985 0.000737329 0)
(0.0755274 0.000721777 0)
(0.0754578 0.000706363 0)
(0.0753894 0.000691138 0)
(0.0753224 0.000676148 0)
(0.0752566 0.00066143 0)
(0.0751922 0.000647016 0)
(0.0751289 0.000632931 0)
(0.0750669 0.000619198 0)
(0.0750062 0.000605833 0)
(0.0749466 0.000592848 0)
(0.0748883 0.000580252 0)
(0.0748311 0.000568051 0)
(0.0747752 0.000556248 0)
(0.0747205 0.000544841 0)
(0.0746669 0.000533829 0)
(0.0746146 0.000523207 0)
(0.0745634 0.000512969 0)
(0.0745134 0.000503108 0)
(0.0744646 0.000493615 0)
(0.074417 0.000484479 0)
(0.0743706 0.000475691 0)
(0.0743253 0.000467239 0)
(0.0742812 0.000459111 0)
(0.0742383 0.000451295 0)
(0.0741965 0.000443778 0)
(0.0741559 0.000436548 0)
(0.0741163 0.000429591 0)
(0.0740779 0.000422896 0)
(0.0740407 0.000416449 0)
(0.0740045 0.000410238 0)
(0.0739694 0.000404251 0)
(0.0739353 0.000398475 0)
(0.0739024 0.000392899 0)
(0.0738705 0.000387512 0)
(0.0738396 0.000382301 0)
(0.0738097 0.000377257 0)
(0.0737808 0.000372369 0)
(0.073753 0.000367626 0)
(0.073726 0.00036302 0)
(0.0737001 0.000358541 0)
(0.073675 0.00035418 0)
(0.0736509 0.000349928 0)
(0.0736277 0.000345779 0)
(0.0736053 0.000341723 0)
(0.0735838 0.000337755 0)
(0.0735632 0.000333867 0)
(0.0735434 0.000330053 0)
(0.0735243 0.000326307 0)
(0.0735061 0.000322625 0)
(0.0734886 0.000319 0)
(0.0734719 0.000315428 0)
(0.0734559 0.000311905 0)
(0.0734407 0.000308425 0)
(0.0734261 0.000304984 0)
(0.0734122 0.000301575 0)
(0.0733991 0.000298191 0)
(0.0733866 0.000294822 0)
(0.0733747 0.000291453 0)
(0.0733636 0.00028806 0)
(0.0733531 0.00028461 0)
(0.0733434 0.000281044 0)
(0.0733345 0.000277279 0)
(0.0733264 0.00027315 0)
(0.0733192 0.000268452 0)
(0.0733132 0.000262673 0)
(0.0733086 0.00025635 0)
(0.0733076 0.000236663 0)
(0.128147 -0.00211734 0)
(0.128093 -0.00261479 0)
(0.128023 -0.00298442 0)
(0.127999 -0.00325603 0)
(0.128024 -0.00346635 0)
(0.128093 -0.00363808 0)
(0.128196 -0.00378426 0)
(0.128322 -0.00391214 0)
(0.128463 -0.00402596 0)
(0.128613 -0.0041285 0)
(0.128765 -0.00422186 0)
(0.128915 -0.00430779 0)
(0.129059 -0.00438779 0)
(0.129195 -0.00446323 0)
(0.12932 -0.00453531 0)
(0.129432 -0.00460511 0)
(0.129529 -0.00467358 0)
(0.12961 -0.00474158 0)
(0.129673 -0.00480983 0)
(0.129718 -0.00487899 0)
(0.129743 -0.00494962 0)
(0.129748 -0.00502221 0)
(0.129732 -0.00509717 0)
(0.129694 -0.00517484 0)
(0.129634 -0.00525551 0)
(0.12955 -0.00533939 0)
(0.129443 -0.00542665 0)
(0.129312 -0.00551739 0)
(0.129156 -0.00561164 0)
(0.128974 -0.00570939 0)
(0.128766 -0.00581055 0)
(0.128531 -0.00591498 0)
(0.128267 -0.00602246 0)
(0.127974 -0.00613269 0)
(0.127651 -0.00624533 0)
(0.127297 -0.00635991 0)
(0.12691 -0.00647593 0)
(0.126489 -0.00659276 0)
(0.126033 -0.00670972 0)
(0.125541 -0.00682602 0)
(0.12501 -0.00694078 0)
(0.124441 -0.00705305 0)
(0.12383 -0.00716178 0)
(0.123177 -0.00726586 0)
(0.12248 -0.00736409 0)
(0.121737 -0.00745522 0)
(0.120948 -0.00753795 0)
(0.120111 -0.00761095 0)
(0.119225 -0.00767287 0)
(0.118288 -0.00772236 0)
(0.117301 -0.00775811 0)
(0.116263 -0.00777884 0)
(0.115173 -0.00778338 0)
(0.114032 -0.00777062 0)
(0.112841 -0.00773963 0)
(0.111601 -0.0076896 0)
(0.110313 -0.00761993 0)
(0.108979 -0.00753023 0)
(0.107603 -0.00742031 0)
(0.106188 -0.00729025 0)
(0.104737 -0.00714039 0)
(0.103255 -0.0069713 0)
(0.101747 -0.00678382 0)
(0.100218 -0.00657905 0)
(0.098675 -0.00635828 0)
(0.0971227 -0.00612303 0)
(0.0955682 -0.00587498 0)
(0.0940177 -0.00561595 0)
(0.092478 -0.00534785 0)
(0.0909553 -0.00507265 0)
(0.089456 -0.00479234 0)
(0.0879859 -0.00450887 0)
(0.0865506 -0.00422415 0)
(0.0851552 -0.00393997 0)
(0.0838042 -0.00365803 0)
(0.0825015 -0.00337986 0)
(0.0812505 -0.00310685 0)
(0.0800538 -0.00284022 0)
(0.0789134 -0.00258102 0)
(0.0778308 -0.00233013 0)
(0.0768069 -0.00208827 0)
(0.0758419 -0.001856 0)
(0.0749356 -0.00163374 0)
(0.0740874 -0.00142178 0)
(0.0732962 -0.00122031 0)
(0.0725606 -0.00102939 0)
(0.071879 -0.000849026 0)
(0.0712493 -0.000679122 0)
(0.0706696 -0.000519536 0)
(0.0701376 -0.000370072 0)
(0.069651 -0.000230493 0)
(0.0692073 -0.000100531 0)
(0.0688042 2.01095e-05 0)
(0.0684392 0.000131741 0)
(0.0681099 0.000234692 0)
(0.0678139 0.0003293 0)
(0.067549 0.000415908 0)
(0.0673129 0.000494864 0)
(0.0671034 0.000566518 0)
(0.0669185 0.000631218 0)
(0.0667562 0.000689312 0)
(0.0666146 0.000741142 0)
(0.0664919 0.000787049 0)
(0.0663865 0.000827366 0)
(0.0662967 0.000862423 0)
(0.0662211 0.00089254 0)
(0.0661583 0.000918033 0)
(0.066107 0.000939208 0)
(0.0660659 0.000956362 0)
(0.0660341 0.000969787 0)
(0.0660104 0.000979761 0)
(0.0659939 0.000986555 0)
(0.0659838 0.00099043 0)
(0.0659793 0.000991636 0)
(0.0659796 0.000990411 0)
(0.0659841 0.000986986 0)
(0.0659922 0.000981578 0)
(0.0660033 0.000974393 0)
(0.0660171 0.000965627 0)
(0.066033 0.000955466 0)
(0.0660507 0.000944083 0)
(0.0660698 0.000931641 0)
(0.0660901 0.000918291 0)
(0.0661112 0.000904176 0)
(0.0661331 0.000889426 0)
(0.0661554 0.000874162 0)
(0.0661779 0.000858496 0)
(0.0662007 0.000842531 0)
(0.0662234 0.000826358 0)
(0.0662461 0.000810061 0)
(0.0662687 0.000793718 0)
(0.066291 0.000777396 0)
(0.0663131 0.000761156 0)
(0.0663348 0.000745052 0)
(0.0663563 0.00072913 0)
(0.0663774 0.000713432 0)
(0.0663981 0.000697992 0)
(0.0664185 0.000682842 0)
(0.0664386 0.000668006 0)
(0.0664583 0.000653505 0)
(0.0664777 0.000639356 0)
(0.0664968 0.00062557 0)
(0.0665156 0.000612158 0)
(0.0665342 0.000599126 0)
(0.0665525 0.000586478 0)
(0.0665706 0.000574214 0)
(0.0665886 0.000562334 0)
(0.0666063 0.000550835 0)
(0.066624 0.000539712 0)
(0.0666415 0.00052896 0)
(0.066659 0.000518571 0)
(0.0666764 0.000508536 0)
(0.0666938 0.000498848 0)
(0.0667112 0.000489495 0)
(0.0667286 0.000480469 0)
(0.0667461 0.000471757 0)
(0.0667636 0.000463348 0)
(0.0667811 0.000455233 0)
(0.0667988 0.000447397 0)
(0.0668165 0.000439831 0)
(0.0668344 0.000432523 0)
(0.0668524 0.000425461 0)
(0.0668706 0.000418634 0)
(0.0668889 0.00041203 0)
(0.0669074 0.000405639 0)
(0.066926 0.00039945 0)
(0.0669448 0.000393453 0)
(0.0669638 0.000387636 0)
(0.0669829 0.000381991 0)
(0.0670023 0.000376508 0)
(0.0670218 0.000371178 0)
(0.0670415 0.000365991 0)
(0.0670614 0.000360939 0)
(0.0670815 0.000356015 0)
(0.0671018 0.000351209 0)
(0.0671222 0.000346516 0)
(0.0671428 0.000341927 0)
(0.0671636 0.000337437 0)
(0.0671846 0.000333038 0)
(0.0672057 0.000328725 0)
(0.0672269 0.000324493 0)
(0.0672484 0.000320335 0)
(0.0672699 0.000316247 0)
(0.0672916 0.000312223 0)
(0.0673134 0.000308258 0)
(0.0673354 0.000304346 0)
(0.0673574 0.000300482 0)
(0.0673796 0.000296656 0)
(0.0674019 0.00029286 0)
(0.0674243 0.000289078 0)
(0.0674468 0.000285292 0)
(0.0674695 0.000281474 0)
(0.0674922 0.000277581 0)
(0.0675151 0.000273547 0)
(0.0675381 0.000269289 0)
(0.0675612 0.00026462 0)
(0.0675843 0.000259369 0)
(0.0676075 0.000252798 0)
(0.0676307 0.000246768 0)
(0.0676548 0.000226975 0)
(0.146519 -0.00175717 0)
(0.146269 -0.00215717 0)
(0.145962 -0.00251696 0)
(0.145632 -0.00282564 0)
(0.145301 -0.00308727 0)
(0.144973 -0.00330942 0)
(0.144649 -0.00349894 0)
(0.144324 -0.00366128 0)
(0.143994 -0.00380081 0)
(0.143655 -0.00392115 0)
(0.143304 -0.00402542 0)
(0.142938 -0.00411634 0)
(0.142555 -0.00419632 0)
(0.142154 -0.00426748 0)
(0.141732 -0.00433171 0)
(0.141289 -0.00439064 0)
(0.140824 -0.00444571 0)
(0.140337 -0.00449818 0)
(0.139826 -0.00454912 0)
(0.139291 -0.00459946 0)
(0.138732 -0.00464998 0)
(0.138147 -0.00470134 0)
(0.137537 -0.0047541 0)
(0.136901 -0.00480869 0)
(0.136237 -0.00486547 0)
(0.135547 -0.0049247 0)
(0.134827 -0.00498655 0)
(0.134079 -0.00505113 0)
(0.133301 -0.00511846 0)
(0.132492 -0.0051885 0)
(0.131652 -0.00526111 0)
(0.130779 -0.0053361 0)
(0.129871 -0.00541319 0)
(0.128929 -0.00549205 0)
(0.127951 -0.00557223 0)
(0.126935 -0.00565323 0)
(0.125881 -0.00573445 0)
(0.124787 -0.00581524 0)
(0.123651 -0.00589483 0)
(0.122473 -0.00597239 0)
(0.121251 -0.006047 0)
(0.119984 -0.00611769 0)
(0.118672 -0.00618341 0)
(0.117313 -0.00624305 0)
(0.115906 -0.00629546 0)
(0.114452 -0.00633946 0)
(0.112949 -0.00637387 0)
(0.111398 -0.00639749 0)
(0.109799 -0.00640919 0)
(0.108153 -0.00640785 0)
(0.106462 -0.00639246 0)
(0.104727 -0.00636212 0)
(0.102951 -0.00631604 0)
(0.101135 -0.00625362 0)
(0.0992851 -0.00617442 0)
(0.0974037 -0.00607822 0)
(0.0954959 -0.00596503 0)
(0.093567 -0.00583509 0)
(0.091623 -0.00568887 0)
(0.0896701 -0.00552711 0)
(0.087715 -0.00535076 0)
(0.085765 -0.00516101 0)
(0.0838273 -0.00495924 0)
(0.0819095 -0.00474697 0)
(0.0800188 -0.00452588 0)
(0.0781626 -0.00429773 0)
(0.0763478 -0.00406432 0)
(0.074581 -0.00382745 0)
(0.0728682 -0.00358887 0)
(0.0712149 -0.00335028 0)
(0.0696258 -0.00311323 0)
(0.0681048 -0.00287915 0)
(0.0666551 -0.0026493 0)
(0.0652791 -0.00242479 0)
(0.0639785 -0.00220653 0)
(0.0627541 -0.00199528 0)
(0.0616062 -0.00179164 0)
(0.0605343 -0.00159603 0)
(0.0595374 -0.00140877 0)
(0.0586141 -0.00123005 0)
(0.0577624 -0.00105995 0)
(0.0569802 -0.000898478 0)
(0.056265 -0.000745569 0)
(0.0556139 -0.000601106 0)
(0.0550242 -0.000464928 0)
(0.0544928 -0.000336845 0)
(0.0540168 -0.000216643 0)
(0.0535931 -0.000104093 0)
(0.0532186 1.04731e-06 0)
(0.0528903 9.90235e-05 0)
(0.0526053 0.000190086 0)
(0.0523607 0.000274486 0)
(0.0521537 0.000352476 0)
(0.0519815 0.000424303 0)
(0.0518417 0.000490217 0)
(0.0517317 0.000550461 0)
(0.0516491 0.000605279 0)
(0.0515917 0.000654909 0)
(0.0515574 0.000699587 0)
(0.0515441 0.000739548 0)
(0.0515498 0.000775021 0)
(0.0515729 0.000806234 0)
(0.0516115 0.00083341 0)
(0.0516642 0.000856771 0)
(0.0517293 0.000876533 0)
(0.0518056 0.000892909 0)
(0.0518916 0.00090611 0)
(0.0519863 0.000916339 0)
(0.0520885 0.000923798 0)
(0.0521972 0.000928682 0)
(0.0523114 0.000931181 0)
(0.0524302 0.000931481 0)
(0.0525529 0.000929761 0)
(0.0526788 0.000926193 0)
(0.0528071 0.000920944 0)
(0.0529372 0.000914175 0)
(0.0530687 0.000906038 0)
(0.053201 0.000896679 0)
(0.0533336 0.000886239 0)
(0.0534663 0.000874848 0)
(0.0535987 0.000862631 0)
(0.0537303 0.000849705 0)
(0.0538611 0.000836181 0)
(0.0539907 0.00082216 0)
(0.054119 0.000807738 0)
(0.0542458 0.000793004 0)
(0.0543709 0.00077804 0)
(0.0544943 0.000762919 0)
(0.0546158 0.00074771 0)
(0.0547353 0.000732476 0)
(0.0548529 0.000717272 0)
(0.0549684 0.000702149 0)
(0.0550819 0.000687151 0)
(0.0551933 0.000672319 0)
(0.0553027 0.000657686 0)
(0.05541 0.000643284 0)
(0.0555152 0.000629137 0)
(0.0556185 0.000615269 0)
(0.0557197 0.000601697 0)
(0.055819 0.000588436 0)
(0.0559165 0.000575498 0)
(0.056012 0.000562891 0)
(0.0561058 0.000550622 0)
(0.0561978 0.000538694 0)
(0.0562881 0.00052711 0)
(0.0563768 0.00051587 0)
(0.0564639 0.000504971 0)
(0.0565494 0.00049441 0)
(0.0566335 0.000484182 0)
(0.0567161 0.000474283 0)
(0.0567974 0.000464706 0)
(0.0568773 0.000455442 0)
(0.0569559 0.000446485 0)
(0.0570334 0.000437825 0)
(0.0571096 0.000429453 0)
(0.0571848 0.000421361 0)
(0.0572588 0.000413537 0)
(0.0573318 0.000405974 0)
(0.0574038 0.00039866 0)
(0.0574749 0.000391586 0)
(0.057545 0.000384742 0)
(0.0576143 0.000378117 0)
(0.0576827 0.000371704 0)
(0.0577502 0.000365491 0)
(0.057817 0.000359469 0)
(0.0578831 0.00035363 0)
(0.0579484 0.000347965 0)
(0.0580129 0.000342464 0)
(0.0580768 0.000337119 0)
(0.0581401 0.000331922 0)
(0.0582027 0.000326866 0)
(0.0582646 0.000321942 0)
(0.058326 0.000317144 0)
(0.0583868 0.000312465 0)
(0.058447 0.000307897 0)
(0.0585066 0.000303434 0)
(0.0585657 0.000299071 0)
(0.0586242 0.000294802 0)
(0.0586822 0.000290621 0)
(0.0587397 0.000286523 0)
(0.0587967 0.000282503 0)
(0.0588532 0.000278557 0)
(0.0589092 0.000274678 0)
(0.0589646 0.000270863 0)
(0.0590196 0.000267107 0)
(0.0590741 0.000263402 0)
(0.0591282 0.000259744 0)
(0.0591817 0.000256122 0)
(0.0592348 0.000252526 0)
(0.0592874 0.000248942 0)
(0.0593396 0.00024535 0)
(0.0593913 0.000241719 0)
(0.0594425 0.000238016 0)
(0.0594932 0.000234167 0)
(0.0595434 0.000230136 0)
(0.059593 0.000225719 0)
(0.0596418 0.000221018 0)
(0.0596894 0.00021465 0)
(0.0597362 0.000210708 0)
(0.0597832 0.000196055 0)
(0.145999 -0.00151612 0)
(0.145631 -0.00185696 0)
(0.145185 -0.00217442 0)
(0.144677 -0.00245398 0)
(0.144121 -0.00269257 0)
(0.143525 -0.00289263 0)
(0.142891 -0.00305864 0)
(0.142221 -0.00319546 0)
(0.141516 -0.00330769 0)
(0.140776 -0.00339948 0)
(0.140003 -0.00347446 0)
(0.139197 -0.00353577 0)
(0.13836 -0.00358613 0)
(0.137492 -0.00362786 0)
(0.136594 -0.00366293 0)
(0.135668 -0.00369304 0)
(0.134713 -0.00371964 0)
(0.13373 -0.00374394 0)
(0.132721 -0.00376698 0)
(0.131684 -0.00378961 0)
(0.13062 -0.00381254 0)
(0.12953 -0.00383633 0)
(0.128412 -0.00386143 0)
(0.127266 -0.00388817 0)
(0.126093 -0.00391681 0)
(0.124892 -0.0039475 0)
(0.123661 -0.0039803 0)
(0.122401 -0.00401521 0)
(0.12111 -0.00405217 0)
(0.119787 -0.00409101 0)
(0.118433 -0.00413154 0)
(0.117045 -0.00417346 0)
(0.115622 -0.00421644 0)
(0.114164 -0.00426005 0)
(0.11267 -0.00430383 0)
(0.111139 -0.00434722 0)
(0.10957 -0.00438962 0)
(0.107961 -0.00443035 0)
(0.106313 -0.00446868 0)
(0.104625 -0.00450383 0)
(0.102897 -0.00453497 0)
(0.101128 -0.00456122 0)
(0.0993193 -0.00458169 0)
(0.0974709 -0.00459545 0)
(0.0955837 -0.0046016 0)
(0.0936593 -0.00459924 0)
(0.0916994 -0.00458753 0)
(0.0897064 -0.00456568 0)
(0.0876832 -0.00453298 0)
(0.0856331 -0.00448885 0)
(0.0835603 -0.00443283 0)
(0.0814692 -0.00436462 0)
(0.0793652 -0.00428412 0)
(0.0772539 -0.00419138 0)
(0.0751416 -0.00408668 0)
(0.073035 -0.00397051 0)
(0.0709411 -0.00384354 0)
(0.0688672 -0.00370664 0)
(0.0668207 -0.00356086 0)
(0.0648089 -0.00340738 0)
(0.0628392 -0.0032475 0)
(0.0609184 -0.00308258 0)
(0.0590532 -0.00291404 0)
(0.0572495 -0.00274327 0)
(0.0555126 -0.00257161 0)
(0.0538473 -0.00240033 0)
(0.0522573 -0.00223058 0)
(0.0507456 -0.00206339 0)
(0.0493145 -0.00189965 0)
(0.0479654 -0.00174008 0)
(0.0466987 -0.00158527 0)
(0.0455146 -0.00143567 0)
(0.0444122 -0.00129161 0)
(0.0433903 -0.00115331 0)
(0.0424471 -0.00102088 0)
(0.0415805 -0.000894377 0)
(0.040788 -0.000773783 0)
(0.0400668 -0.000659039 0)
(0.0394142 -0.000550049 0)
(0.0388271 -0.000446693 0)
(0.0383024 -0.000348835 0)
(0.0378369 -0.000256327 0)
(0.0374276 -0.000169015 0)
(0.0370713 -8.6741e-05 0)
(0.036765 -9.3492e-06 0)
(0.0365056 6.33165e-05 0)
(0.0362904 0.00013141 0)
(0.0361164 0.00019508 0)
(0.035981 0.000254476 0)
(0.0358814 0.000309739 0)
(0.0358152 0.000361011 0)
(0.03578 0.000408429 0)
(0.0357734 0.000452127 0)
(0.0357932 0.000492238 0)
(0.0358373 0.000528891 0)
(0.0359037 0.000562216 0)
(0.0359904 0.000592338 0)
(0.0360957 0.000619385 0)
(0.0362178 0.000643482 0)
(0.0363551 0.000664754 0)
(0.0365061 0.000683326 0)
(0.0366692 0.000699321 0)
(0.0368431 0.000712865 0)
(0.0370266 0.000724081 0)
(0.0372184 0.000733091 0)
(0.0374174 0.00074002 0)
(0.0376225 0.000744988 0)
(0.0378328 0.000748116 0)
(0.0380474 0.000749525 0)
(0.0382653 0.000749332 0)
(0.0384859 0.000747653 0)
(0.0387084 0.000744602 0)
(0.0389321 0.00074029 0)
(0.0391564 0.000734826 0)
(0.0393809 0.000728314 0)
(0.0396049 0.000720858 0)
(0.039828 0.000712554 0)
(0.0400499 0.000703498 0)
(0.0402701 0.000693779 0)
(0.0404884 0.000683484 0)
(0.0407044 0.000672695 0)
(0.0409179 0.000661487 0)
(0.0411287 0.000649936 0)
(0.0413366 0.000638107 0)
(0.0415415 0.000626065 0)
(0.0417432 0.000613869 0)
(0.0419416 0.000601573 0)
(0.0421366 0.000589227 0)
(0.0423282 0.000576877 0)
(0.0425164 0.000564564 0)
(0.042701 0.000552327 0)
(0.0428822 0.000540197 0)
(0.0430598 0.000528206 0)
(0.0432339 0.00051638 0)
(0.0434046 0.000504741 0)
(0.0435719 0.000493309 0)
(0.0437358 0.000482101 0)
(0.0438964 0.000471131 0)
(0.0440537 0.00046041 0)
(0.0442078 0.000449948 0)
(0.0443587 0.000439752 0)
(0.0445066 0.000429826 0)
(0.0446515 0.000420173 0)
(0.0447935 0.000410796 0)
(0.0449326 0.000401693 0)
(0.045069 0.000392864 0)
(0.0452027 0.000384306 0)
(0.0453338 0.000376016 0)
(0.0454624 0.000367989 0)
(0.0455886 0.00036022 0)
(0.0457123 0.000352704 0)
(0.0458338 0.000345434 0)
(0.045953 0.000338404 0)
(0.0460701 0.000331605 0)
(0.0461851 0.000325032 0)
(0.0462981 0.000318676 0)
(0.0464092 0.00031253 0)
(0.0465184 0.000306586 0)
(0.0466258 0.000300836 0)
(0.0467314 0.000295272 0)
(0.0468353 0.000289887 0)
(0.0469375 0.000284673 0)
(0.0470382 0.000279622 0)
(0.0471373 0.000274727 0)
(0.0472349 0.000269981 0)
(0.047331 0.000265377 0)
(0.0474258 0.000260908 0)
(0.0475192 0.000256567 0)
(0.0476112 0.000252347 0)
(0.047702 0.000248244 0)
(0.0477915 0.00024425 0)
(0.0478798 0.00024036 0)
(0.0479669 0.000236568 0)
(0.0480528 0.00023287 0)
(0.0481376 0.00022926 0)
(0.0482213 0.000225733 0)
(0.0483039 0.000222285 0)
(0.0483854 0.000218912 0)
(0.0484659 0.000215609 0)
(0.0485454 0.000212373 0)
(0.0486238 0.000209199 0)
(0.0487013 0.000206084 0)
(0.0487778 0.000203025 0)
(0.0488534 0.000200016 0)
(0.048928 0.000197054 0)
(0.0490017 0.000194133 0)
(0.0490745 0.000191248 0)
(0.0491464 0.00018839 0)
(0.0492173 0.00018555 0)
(0.0492874 0.000182714 0)
(0.0493566 0.000179868 0)
(0.0494249 0.000176983 0)
(0.0494923 0.000174039 0)
(0.0495587 0.000170986 0)
(0.0496241 0.000167829 0)
(0.0496884 0.000164308 0)
(0.0497515 0.000161267 0)
(0.0498123 0.000155902 0)
(0.0498715 0.000154624 0)
(0.0499342 0.000149642 0)
(0.126622 -0.00122784 0)
(0.1261 -0.00147954 0)
(0.125475 -0.00171384 0)
(0.124756 -0.00191772 0)
(0.123956 -0.00208661 0)
(0.123083 -0.00222155 0)
(0.122144 -0.00232639 0)
(0.121146 -0.00240593 0)
(0.120096 -0.00246489 0)
(0.118999 -0.00250744 0)
(0.117859 -0.00253713 0)
(0.116683 -0.00255683 0)
(0.115473 -0.00256892 0)
(0.114233 -0.00257532 0)
(0.112966 -0.0025776 0)
(0.111676 -0.00257708 0)
(0.110362 -0.00257482 0)
(0.109028 -0.00257171 0)
(0.107675 -0.00256846 0)
(0.106302 -0.00256565 0)
(0.104911 -0.00256372 0)
(0.103502 -0.00256301 0)
(0.102074 -0.00256374 0)
(0.100628 -0.00256608 0)
(0.0991637 -0.00257009 0)
(0.0976799 -0.00257578 0)
(0.0961763 -0.00258308 0)
(0.0946521 -0.00259188 0)
(0.0931068 -0.002602 0)
(0.0915394 -0.00261321 0)
(0.0899494 -0.00262525 0)
(0.088336 -0.0026378 0)
(0.0866985 -0.0026505 0)
(0.0850365 -0.00266293 0)
(0.0833495 -0.00267466 0)
(0.0816374 -0.0026852 0)
(0.0799001 -0.00269404 0)
(0.0781378 -0.00270065 0)
(0.0763512 -0.00270446 0)
(0.0745409 -0.00270491 0)
(0.0727083 -0.00270143 0)
(0.0708547 -0.00269347 0)
(0.0689824 -0.00268048 0)
(0.0670936 -0.00266197 0)
(0.0651913 -0.00263752 0)
(0.0632788 -0.00260675 0)
(0.0613601 -0.00256938 0)
(0.0594393 -0.00252525 0)
(0.0575213 -0.0024743 0)
(0.0556111 -0.00241657 0)
(0.0537143 -0.00235228 0)
(0.0518364 -0.00228174 0)
(0.0499835 -0.00220538 0)
(0.0481613 -0.00212377 0)
(0.0463759 -0.00203755 0)
(0.0446329 -0.00194745 0)
(0.0429379 -0.00185423 0)
(0.0412958 -0.00175869 0)
(0.0397114 -0.00166162 0)
(0.0381886 -0.00156379 0)
(0.036731 -0.00146591 0)
(0.0353414 -0.00136865 0)
(0.0340217 -0.00127258 0)
(0.0327736 -0.00117819 0)
(0.0315979 -0.00108592 0)
(0.0304947 -0.000996072 0)
(0.0294637 -0.000908923 0)
(0.0285042 -0.000824658 0)
(0.0276148 -0.000743409 0)
(0.0267941 -0.00066526 0)
(0.0260402 -0.000590254 0)
(0.025351 -0.000518399 0)
(0.0247242 -0.000449682 0)
(0.0241574 -0.000384066 0)
(0.0236483 -0.0003215 0)
(0.0231943 -0.000261923 0)
(0.0227928 -0.000205262 0)
(0.0224413 -0.000151441 0)
(0.0221373 -0.000100379 0)
(0.0218783 -5.19909e-05 0)
(0.021662 -6.19431e-06 0)
(0.0214859 3.70942e-05 0)
(0.0213477 7.79558e-05 0)
(0.0212452 0.000116469 0)
(0.0211763 0.00015271 0)
(0.0211388 0.000186749 0)
(0.0211307 0.000218655 0)
(0.0211501 0.000248493 0)
(0.0211952 0.000276322 0)
(0.0212641 0.0003022 0)
(0.0213551 0.000326182 0)
(0.0214666 0.000348321 0)
(0.0215969 0.000368668 0)
(0.0217446 0.000387272 0)
(0.0219082 0.000404183 0)
(0.0220863 0.000419449 0)
(0.0222775 0.00043312 0)
(0.0224806 0.000445246 0)
(0.0226944 0.000455877 0)
(0.0229177 0.000465066 0)
(0.0231494 0.000472865 0)
(0.0233885 0.000479329 0)
(0.0236339 0.000484515 0)
(0.0238847 0.000488479 0)
(0.0241401 0.00049128 0)
(0.0243992 0.000492977 0)
(0.0246612 0.000493631 0)
(0.0249253 0.000493304 0)
(0.0251909 0.000492056 0)
(0.0254574 0.000489949 0)
(0.0257241 0.000487045 0)
(0.0259905 0.000483406 0)
(0.0262561 0.000479091 0)
(0.0265204 0.00047416 0)
(0.026783 0.000468672 0)
(0.0270436 0.000462684 0)
(0.0273016 0.000456251 0)
(0.027557 0.000449426 0)
(0.0278093 0.000442262 0)
(0.0280583 0.000434807 0)
(0.0283039 0.000427108 0)
(0.0285458 0.000419209 0)
(0.0287838 0.000411154 0)
(0.029018 0.000402979 0)
(0.029248 0.000394724 0)
(0.029474 0.000386421 0)
(0.0296957 0.000378102 0)
(0.0299132 0.000369795 0)
(0.0301264 0.000361528 0)
(0.0303354 0.000353322 0)
(0.0305401 0.000345201 0)
(0.0307405 0.000337182 0)
(0.0309367 0.000329283 0)
(0.0311288 0.000321517 0)
(0.0313167 0.000313898 0)
(0.0315006 0.000306435 0)
(0.0316805 0.000299138 0)
(0.0318565 0.000292014 0)
(0.0320286 0.000285068 0)
(0.032197 0.000278305 0)
(0.0323617 0.000271726 0)
(0.0325228 0.000265335 0)
(0.0326804 0.000259131 0)
(0.0328347 0.000253113 0)
(0.0329856 0.000247282 0)
(0.0331333 0.000241635 0)
(0.0332779 0.000236168 0)
(0.0334195 0.00023088 0)
(0.0335582 0.000225766 0)
(0.033694 0.000220821 0)
(0.033827 0.000216043 0)
(0.0339574 0.000211425 0)
(0.0340853 0.000206963 0)
(0.0342106 0.000202652 0)
(0.0343335 0.000198487 0)
(0.034454 0.000194462 0)
(0.0345723 0.000190572 0)
(0.0346884 0.000186811 0)
(0.0348024 0.000183174 0)
(0.0349144 0.000179657 0)
(0.0350243 0.000176253 0)
(0.0351324 0.000172959 0)
(0.0352385 0.000169768 0)
(0.0353429 0.000166675 0)
(0.0354455 0.000163677 0)
(0.0355464 0.000160769 0)
(0.0356456 0.000157946 0)
(0.0357433 0.000155204 0)
(0.0358393 0.000152539 0)
(0.0359339 0.000149947 0)
(0.036027 0.000147424 0)
(0.0361187 0.000144967 0)
(0.0362089 0.000142572 0)
(0.0362978 0.000140236 0)
(0.0363854 0.000137955 0)
(0.0364716 0.000135728 0)
(0.0365566 0.000133551 0)
(0.0366403 0.000131422 0)
(0.0367228 0.000129337 0)
(0.0368041 0.000127295 0)
(0.0368842 0.000125293 0)
(0.0369632 0.000123329 0)
(0.037041 0.0001214 0)
(0.0371178 0.000119504 0)
(0.0371934 0.000117636 0)
(0.037268 0.000115795 0)
(0.0373414 0.000113974 0)
(0.0374139 0.000112169 0)
(0.0374852 0.000110371 0)
(0.0375556 0.000108573 0)
(0.0376249 0.000106759 0)
(0.0376931 0.000104923 0)
(0.0377603 0.000103043 0)
(0.0378263 0.000101072 0)
(0.0378913 9.92439e-05 0)
(0.0379547 9.66924e-05 0)
(0.0380173 9.6024e-05 0)
(0.0380775 9.20389e-05 0)
(0.038134 9.24596e-05 0)
(0.0382019 9.84003e-05 0)
(0.0882294 -0.000800156 0)
(0.0875316 -0.000953678 0)
(0.0867152 -0.00108231 0)
(0.0857935 -0.00117846 0)
(0.0847838 -0.00124197 0)
(0.0837034 -0.00127752 0)
(0.0825677 -0.00129163 0)
(0.0813897 -0.00129065 0)
(0.0801801 -0.00127982 0)
(0.0789472 -0.00126299 0)
(0.0776976 -0.00124285 0)
(0.0764366 -0.00122116 0)
(0.0751678 -0.0011991 0)
(0.0738943 -0.00117745 0)
(0.0726182 -0.00115672 0)
(0.0713408 -0.00113729 0)
(0.0700632 -0.00111939 0)
(0.0687859 -0.00110319 0)
(0.0675089 -0.00108876 0)
(0.0662322 -0.00107613 0)
(0.0649554 -0.00106526 0)
(0.0636779 -0.00105607 0)
(0.0623991 -0.00104846 0)
(0.0611183 -0.0010423 0)
(0.0598346 -0.00103742 0)
(0.0585472 -0.00103364 0)
(0.0572553 -0.00103079 0)
(0.0559581 -0.00102864 0)
(0.054655 -0.001027 0)
(0.0533455 -0.00102565 0)
(0.052029 -0.00102434 0)
(0.0507053 -0.00102287 0)
(0.0493742 -0.00102098 0)
(0.048036 -0.00101846 0)
(0.0466909 -0.00101505 0)
(0.0453395 -0.00101054 0)
(0.0439826 -0.0010047 0)
(0.0426214 -0.000997335 0)
(0.0412572 -0.000988249 0)
(0.0398918 -0.000977278 0)
(0.0385271 -0.000964286 0)
(0.0371655 -0.000949168 0)
(0.0358094 -0.000931857 0)
(0.0344617 -0.000912326 0)
(0.0331255 -0.000890592 0)
(0.0318038 -0.000866717 0)
(0.0305001 -0.000840808 0)
(0.0292177 -0.000813009 0)
(0.0279601 -0.000783505 0)
(0.0267306 -0.00075251 0)
(0.0255326 -0.00072026 0)
(0.024369 -0.000687004 0)
(0.0232428 -0.000652997 0)
(0.0221567 -0.000618488 0)
(0.0211129 -0.000583712 0)
(0.0201134 -0.000548885 0)
(0.0191599 -0.000514202 0)
(0.0182535 -0.000479827 0)
(0.0173953 -0.000445903 0)
(0.0165856 -0.000412547 0)
(0.0158248 -0.000379859 0)
(0.0151126 -0.000347921 0)
(0.0144487 -0.000316808 0)
(0.0138324 -0.000286583 0)
(0.0132627 -0.000257303 0)
(0.0127387 -0.000229023 0)
(0.0122589 -0.000201785 0)
(0.0118221 -0.000175627 0)
(0.0114267 -0.000150574 0)
(0.0110713 -0.00012664 0)
(0.0107541 -0.000103823 0)
(0.0104737 -8.2111e-05 0)
(0.0102283 -6.14784e-05 0)
(0.0100164 -4.18905e-05 0)
(0.00983638 -2.33048e-05 0)
(0.00968669 -5.67478e-06 0)
(0.00956581 1.10481e-05 0)
(0.00947228 2.69117e-05 0)
(0.00940465 4.19614e-05 0)
(0.00936157 5.62387e-05 0)
(0.00934168 6.97807e-05 0)
(0.00934372 8.26192e-05 0)
(0.00936643 9.47815e-05 0)
(0.00940863 0.00010629 0)
(0.00946917 0.000117163 0)
(0.00954692 0.000127415 0)
(0.00964081 0.000137058 0)
(0.00974981 0.000146102 0)
(0.00987289 0.000154554 0)
(0.0100091 0.00016242 0)
(0.0101574 0.000169707 0)
(0.010317 0.00017642 0)
(0.010487 0.000182564 0)
(0.0106664 0.000188146 0)
(0.0108545 0.000193172 0)
(0.0110504 0.000197649 0)
(0.0112533 0.000201586 0)
(0.0114625 0.000204992 0)
(0.0116772 0.00020788 0)
(0.0118968 0.000210261 0)
(0.0121204 0.000212149 0)
(0.0123476 0.00021356 0)
(0.0125776 0.00021451 0)
(0.0128099 0.000215017 0)
(0.0130438 0.0002151 0)
(0.0132788 0.00021478 0)
(0.0135145 0.000214078 0)
(0.0137503 0.000213015 0)
(0.0139857 0.000211615 0)
(0.0142204 0.0002099 0)
(0.014454 0.000207894 0)
(0.014686 0.000205621 0)
(0.0149161 0.000203105 0)
(0.0151441 0.000200368 0)
(0.0153697 0.000197434 0)
(0.0155926 0.000194326 0)
(0.0158125 0.000191066 0)
(0.0160293 0.000187676 0)
(0.0162428 0.000184176 0)
(0.0164529 0.000180585 0)
(0.0166594 0.000176924 0)
(0.0168622 0.000173209 0)
(0.0170612 0.000169458 0)
(0.0172564 0.000165685 0)
(0.0174477 0.000161907 0)
(0.017635 0.000158134 0)
(0.0178185 0.000154381 0)
(0.017998 0.000150658 0)
(0.0181735 0.000146975 0)
(0.0183452 0.000143341 0)
(0.018513 0.000139764 0)
(0.0186769 0.00013625 0)
(0.0188371 0.000132805 0)
(0.0189935 0.000129435 0)
(0.0191463 0.000126143 0)
(0.0192955 0.000122932 0)
(0.0194412 0.000119806 0)
(0.0195835 0.000116766 0)
(0.0197224 0.000113813 0)
(0.0198581 0.000110948 0)
(0.0199906 0.000108171 0)
(0.02012 0.000105482 0)
(0.0202463 0.00010288 0)
(0.0203698 0.000100365 0)
(0.0204905 9.79335e-05 0)
(0.0206084 9.55854e-05 0)
(0.0207236 9.33185e-05 0)
(0.0208363 9.11307e-05 0)
(0.0209465 8.90197e-05 0)
(0.0210543 8.69833e-05 0)
(0.0211598 8.50189e-05 0)
(0.0212631 8.31242e-05 0)
(0.0213641 8.12965e-05 0)
(0.0214631 7.95334e-05 0)
(0.02156 7.78321e-05 0)
(0.021655 7.61902e-05 0)
(0.0217481 7.46051e-05 0)
(0.0218394 7.30744e-05 0)
(0.0219288 7.15956e-05 0)
(0.0220166 7.01662e-05 0)
(0.0221027 6.8784e-05 0)
(0.0221872 6.74468e-05 0)
(0.0222702 6.61522e-05 0)
(0.0223516 6.48983e-05 0)
(0.0224316 6.3683e-05 0)
(0.0225102 6.25044e-05 0)
(0.0225874 6.13606e-05 0)
(0.0226632 6.02498e-05 0)
(0.0227378 5.91703e-05 0)
(0.0228111 5.81206e-05 0)
(0.0228832 5.7099e-05 0)
(0.0229541 5.61043e-05 0)
(0.0230238 5.5135e-05 0)
(0.0230923 5.41897e-05 0)
(0.0231598 5.32674e-05 0)
(0.0232262 5.23669e-05 0)
(0.0232915 5.14871e-05 0)
(0.0233558 5.06269e-05 0)
(0.023419 4.97854e-05 0)
(0.0234813 4.89616e-05 0)
(0.0235426 4.81545e-05 0)
(0.023603 4.73631e-05 0)
(0.0236624 4.65863e-05 0)
(0.0237208 4.58227e-05 0)
(0.0237784 4.50707e-05 0)
(0.0238351 4.43285e-05 0)
(0.0238909 4.35935e-05 0)
(0.0239458 4.28628e-05 0)
(0.0239998 4.21321e-05 0)
(0.024053 4.13972e-05 0)
(0.0241053 4.06551e-05 0)
(0.0241567 3.98865e-05 0)
(0.0242073 3.91548e-05 0)
(0.0242568 3.82449e-05 0)
(0.0243055 3.78383e-05 0)
(0.0243531 3.63498e-05 0)
(0.0243991 3.74609e-05 0)
(0.024447 3.57777e-05 0)
(0.0244839 3.64974e-05 0)
(0.024546 5.07138e-05 0)
(0.03274 -0.000232778 0)
(0.0321444 -0.000255358 0)
(0.0314884 -0.000257323 0)
(0.0307985 -0.000242559 0)
(0.0300959 -0.000218088 0)
(0.0293938 -0.000190896 0)
(0.0286994 -0.000165903 0)
(0.0280159 -0.000145502 0)
(0.0273444 -0.000130112 0)
(0.0266853 -0.000119045 0)
(0.0260385 -0.000111224 0)
(0.0254039 -0.000105635 0)
(0.0247812 -0.000101505 0)
(0.0241699 -9.83208e-05 0)
(0.0235696 -9.57776e-05 0)
(0.0229793 -9.37022e-05 0)
(0.0223983 -9.19954e-05 0)
(0.0218257 -9.05926e-05 0)
(0.0212605 -8.94423e-05 0)
(0.0207019 -8.84974e-05 0)
(0.0201488 -8.77121e-05 0)
(0.0196004 -8.70424e-05 0)
(0.019056 -8.64463e-05 0)
(0.0185149 -8.5885e-05 0)
(0.0179765 -8.53227e-05 0)
(0.0174402 -8.4727e-05 0)
(0.0169057 -8.40686e-05 0)
(0.0163726 -8.33212e-05 0)
(0.0158407 -8.24616e-05 0)
(0.01531 -8.14699e-05 0)
(0.0147805 -8.03294e-05 0)
(0.0142523 -7.9027e-05 0)
(0.0137256 -7.75535e-05 0)
(0.0132009 -7.5904e-05 0)
(0.0126787 -7.40778e-05 0)
(0.0121594 -7.20785e-05 0)
(0.0116438 -6.99143e-05 0)
(0.0111326 -6.75971e-05 0)
(0.0106267 -6.51421e-05 0)
(0.0101271 -6.25673e-05 0)
(0.00963458 -5.9892e-05 0)
(0.00915032 -5.71355e-05 0)
(0.00867533 -5.43164e-05 0)
(0.00821068 -5.14505e-05 0)
(0.00775742 -4.85502e-05 0)
(0.00731659 -4.5624e-05 0)
(0.0068892 -4.26759e-05 0)
(0.00647616 -3.97063e-05 0)
(0.00607835 -3.67129e-05 0)
(0.00569653 -3.36927e-05 0)
(0.00533136 -3.06439e-05 0)
(0.00498341 -2.75682e-05 0)
(0.0046531 -2.44725e-05 0)
(0.00434074 -2.13705e-05 0)
(0.0040465 -1.82826e-05 0)
(0.00377046 -1.52358e-05 0)
(0.00351255 -1.22616e-05 0)
(0.00327262 -9.39362e-06 0)
(0.0030504 -6.66486e-06 0)
(0.00284557 -4.10462e-06 0)
(0.00265771 -1.7359e-06 0)
(0.00248637 4.26394e-07 0)
(0.00233104 2.37645e-06 0)
(0.00219118 4.11745e-06 0)
(0.00206624 5.66063e-06 0)
(0.00195563 7.02367e-06 0)
(0.00185877 8.22866e-06 0)
(0.00177506 9.29991e-06 0)
(0.00170393 1.0262e-05 0)
(0.00164477 1.11383e-05 0)
(0.00159703 1.19492e-05 0)
(0.00156014 1.2712e-05 0)
(0.00153357 1.34403e-05 0)
(0.00151681 1.41442e-05 0)
(0.00150936 1.48305e-05 0)
(0.00151076 1.55032e-05 0)
(0.00152056 1.61644e-05 0)
(0.00153835 1.68143e-05 0)
(0.00156372 1.74525e-05 0)
(0.0015963 1.80774e-05 0)
(0.00163573 1.86873e-05 0)
(0.00168165 1.92805e-05 0)
(0.00173374 1.98549e-05 0)
(0.00179166 2.04087e-05 0)
(0.00185511 2.09401e-05 0)
(0.00192378 2.14472e-05 0)
(0.00199736 2.19284e-05 0)
(0.00207556 2.23818e-05 0)
(0.00215807 2.28058e-05 0)
(0.00224461 2.31986e-05 0)
(0.00233488 2.35585e-05 0)
(0.0024286 2.38838e-05 0)
(0.00252548 2.41729e-05 0)
(0.00262523 2.44245e-05 0)
(0.00272757 2.46372e-05 0)
(0.00283223 2.48099e-05 0)
(0.00293891 2.49418e-05 0)
(0.00304736 2.50322e-05 0)
(0.0031573 2.5081e-05 0)
(0.00326848 2.50879e-05 0)
(0.00338063 2.50534e-05 0)
(0.00349351 2.49779e-05 0)
(0.00360687 2.48625e-05 0)
(0.0037205 2.47082e-05 0)
(0.00383415 2.45164e-05 0)
(0.00394762 2.42889e-05 0)
(0.00406071 2.40276e-05 0)
(0.00417323 2.37344e-05 0)
(0.004285 2.34117e-05 0)
(0.00439586 2.30618e-05 0)
(0.00450564 2.26871e-05 0)
(0.0046142 2.22903e-05 0)
(0.00472142 2.18738e-05 0)
(0.00482718 2.14403e-05 0)
(0.00493137 2.09922e-05 0)
(0.00503391 2.05321e-05 0)
(0.0051347 2.00624e-05 0)
(0.00523368 1.95855e-05 0)
(0.0053308 1.91036e-05 0)
(0.00542599 1.86189e-05 0)
(0.00551923 1.81333e-05 0)
(0.00561049 1.76487e-05 0)
(0.00569975 1.71669e-05 0)
(0.00578699 1.66894e-05 0)
(0.00587221 1.62175e-05 0)
(0.00595542 1.57527e-05 0)
(0.00603663 1.5296e-05 0)
(0.00611585 1.48483e-05 0)
(0.00619311 1.44106e-05 0)
(0.00626843 1.39835e-05 0)
(0.00634184 1.35676e-05 0)
(0.00641338 1.31634e-05 0)
(0.00648308 1.27711e-05 0)
(0.00655099 1.23911e-05 0)
(0.00661715 1.20234e-05 0)
(0.0066816 1.16682e-05 0)
(0.00674439 1.13254e-05 0)
(0.00680555 1.09949e-05 0)
(0.00686515 1.06766e-05 0)
(0.00692323 1.03703e-05 0)
(0.00697984 1.00757e-05 0)
(0.00703501 9.79263e-06 0)
(0.00708881 9.52065e-06 0)
(0.00714127 9.25948e-06 0)
(0.00719244 9.00874e-06 0)
(0.00724237 8.76808e-06 0)
(0.0072911 8.53709e-06 0)
(0.00733867 8.3154e-06 0)
(0.00738512 8.10261e-06 0)
(0.00743049 7.89833e-06 0)
(0.00747483 7.70217e-06 0)
(0.00751816 7.51375e-06 0)
(0.00756053 7.33269e-06 0)
(0.00760197 7.15863e-06 0)
(0.00764251 6.99122e-06 0)
(0.00768218 6.83011e-06 0)
(0.00772102 6.67498e-06 0)
(0.00775905 6.52552e-06 0)
(0.00779629 6.38142e-06 0)
(0.00783279 6.24239e-06 0)
(0.00786856 6.10817e-06 0)
(0.00790362 5.9785e-06 0)
(0.007938 5.85313e-06 0)
(0.00797173 5.73184e-06 0)
(0.00800481 5.61441e-06 0)
(0.00803727 5.50064e-06 0)
(0.00806913 5.39034e-06 0)
(0.00810041 5.28333e-06 0)
(0.00813112 5.17946e-06 0)
(0.00816128 5.07858e-06 0)
(0.0081909 4.98053e-06 0)
(0.00822001 4.88519e-06 0)
(0.0082486 4.79244e-06 0)
(0.00827669 4.70217e-06 0)
(0.00830431 4.61428e-06 0)
(0.00833145 4.52867e-06 0)
(0.00835813 4.44524e-06 0)
(0.00838436 4.36391e-06 0)
(0.00841015 4.28458e-06 0)
(0.00843551 4.20716e-06 0)
(0.00846045 4.13152e-06 0)
(0.00848497 4.05756e-06 0)
(0.00850909 3.98508e-06 0)
(0.00853282 3.91391e-06 0)
(0.00855615 3.84375e-06 0)
(0.00857909 3.77426e-06 0)
(0.00860165 3.70503e-06 0)
(0.00862383 3.63545e-06 0)
(0.00864563 3.56526e-06 0)
(0.00866705 3.49279e-06 0)
(0.00868809 3.42201e-06 0)
(0.00870874 3.3408e-06 0)
(0.00872896 3.29095e-06 0)
(0.0087489 3.17822e-06 0)
(0.00876807 3.27353e-06 0)
(0.00878809 3.08134e-06 0)
(0.00880471 3.65856e-06 0)
(0.0088294 3.98728e-06 0)
(0.00883801 4.27057e-06 0)
(0.00888045 1.3033e-05 0)
)
;

boundaryField
{
    inlet
    {
        type            fixedProfile;
        profile         table
        
21
(
(0 (0 0 0))
(0.05 (0.0285 0 0))
(0.1 (0.054 0 0))
(0.15 (0.0765 0 0))
(0.2 (0.096 0 0))
(0.25 (0.1125 0 0))
(0.3 (0.126 0 0))
(0.35 (0.1365 0 0))
(0.4 (0.144 0 0))
(0.45 (0.1485 0 0))
(0.5 (0.15 0 0))
(0.55 (0.1485 0 0))
(0.6 (0.144 0 0))
(0.65 (0.1365 0 0))
(0.7 (0.126 0 0))
(0.75 (0.1125 0 0))
(0.8 (0.096 0 0))
(0.85 (0.0765 0 0))
(0.9 (0.054 0 0))
(0.95 (0.0285 0 0))
(1 (0 0 0))
)
;
        direction       (0 1 0);
        origin          1;
        value           nonuniform List<vector> 8((0.034875 0 0) (0.091125 0 0) (0.128625 0 0) (0.147375 0 0) (0.147375 0 0) (0.128625 0 0) (0.091125 0 0) (0.034875 0 0));
    }
    outlet
    {
        type            zeroGradient;
    }
    walls
    {
        type            noSlip;
    }
    symwall
    {
        type            empty;
    }
}


// ************************************************************************* //
